   2.0190000e+03   1.0000000e+00   9.0000000e+00   9.0000000e+00   3.5000000e+01   6.0000000e+00  -5.3931881e+01  -3.8227307e+01   5.2493537e+02   6.6156908e-01   1.2959815e+00   3.6354595e-01
   2.0190000e+03   1.0000000e+00   9.0000000e+00   9.0000000e+00   3.6000000e+01   4.6000000e+01  -5.3929491e+01  -3.8221914e+01   4.4161615e+02   9.6289927e-01   2.0054667e+00   8.1340529e-01
   2.0190000e+03   1.0000000e+00   9.0000000e+00   9.0000000e+00   3.8000000e+01   3.0000000e+01  -5.3925500e+01  -3.8221333e+01   4.4508734e+02   9.0757273e-01   1.8882712e+00   5.8375295e-01
   2.0190000e+03   1.0000000e+00   9.0000000e+00   9.0000000e+00   4.0000000e+01   1.1000000e+01  -5.3921409e+01  -3.8222667e+01   4.6289946e+02   9.6919138e-01   1.8985986e+00   7.6707484e-01
   2.0190000e+03   1.0000000e+00   9.0000000e+00   9.0000000e+00   4.1000000e+01   5.0000000e+01  -5.3917281e+01  -3.8224025e+01   4.6722528e+02   1.2720811e+00   2.4919447e+00   9.6735631e-01
   2.0190000e+03   1.0000000e+00   9.0000000e+00   9.0000000e+00   4.3000000e+01   3.0000000e+01  -5.3913328e+01  -3.8225667e+01   4.5221286e+02   1.3757613e+00   2.9304345e+00   1.0470262e+00
   2.0190000e+03   1.0000000e+00   9.0000000e+00   9.0000000e+00   4.5000000e+01   1.3000000e+01  -5.3909242e+01  -3.8226987e+01   4.6220335e+02   1.4413700e+00   3.0180475e+00   1.2428823e+00
   2.0190000e+03   1.0000000e+00   9.0000000e+00   9.0000000e+00   4.8000000e+01   3.6000000e+01  -5.3901173e+01  -3.8229326e+01   9.0962054e+02   1.0014045e+00   1.9617026e+00   3.8812838e-01
   2.0190000e+03   1.0000000e+00   9.0000000e+00   9.0000000e+00   5.0000000e+01   1.7000000e+01  -5.3897161e+01  -3.8230506e+01   4.5247562e+02   8.8952806e-01   2.1033037e+00   5.3924167e-01
   2.0190000e+03   1.0000000e+00   9.0000000e+00   9.0000000e+00   5.1000000e+01   5.9000000e+01  -5.3893091e+01  -3.8231742e+01   4.5935379e+02   7.3391210e-01   2.2470732e+00   9.6634241e-01
   2.0190000e+03   1.0000000e+00   9.0000000e+00   9.0000000e+00   5.3000000e+01   4.2000000e+01  -5.3889000e+01  -3.8232833e+01   4.6021136e+02   1.2005068e+00   2.5906681e+00   1.0473335e+00
   2.0190000e+03   1.0000000e+00   9.0000000e+00   9.0000000e+00   5.5000000e+01   2.6000000e+01  -5.3884837e+01  -3.8234161e+01   4.7063721e+02   1.4139669e+00   2.9592845e+00   5.2524806e-01
   2.0190000e+03   1.0000000e+00   9.0000000e+00   9.0000000e+00   5.7000000e+01   1.2000000e+01  -5.3880833e+01  -3.8235333e+01   4.5152196e+02   1.4805554e+00   3.0351520e+00   4.3669824e-01
   2.0190000e+03   1.0000000e+00   9.0000000e+00   9.0000000e+00   5.8000000e+01   5.8000000e+01  -5.3876735e+01  -3.8236654e+01   4.6358815e+02   2.3142762e+00   4.7124569e+00   1.3999215e+00
   2.0190000e+03   1.0000000e+00   9.0000000e+00   1.0000000e+01   0.0000000e+00   4.4000000e+01  -5.3872676e+01  -3.8237990e+01   4.5938376e+02   1.7399453e+00   3.6856931e+00   1.4534330e+00
   2.0190000e+03   1.0000000e+00   9.0000000e+00   1.0000000e+01   2.0000000e+00   3.0000000e+01  -5.3868603e+01  -3.8239167e+01   4.5909011e+02   8.4814614e-01   2.3907972e+00   1.1537631e-01
   2.0190000e+03   1.0000000e+00   9.0000000e+00   1.0000000e+01   4.0000000e+00   1.8000000e+01  -5.3864417e+01  -3.8240572e+01   4.7426160e+02   1.0566334e+00   2.1525782e+00   6.6121564e-01
   2.0190000e+03   1.0000000e+00   9.0000000e+00   1.0000000e+01   6.0000000e+00   6.0000000e+00  -5.3860388e+01  -3.8241891e+01   4.5591540e+02   1.5123284e+02   2.9625776e+02   1.7508729e+02
   2.0190000e+03   1.0000000e+00   9.0000000e+00   1.0000000e+01   7.0000000e+00   5.1000000e+01  -5.3856384e+01  -3.8243116e+01   4.5214764e+02   6.8572812e+01   1.3433079e+02   7.0527320e+01
   2.0190000e+03   1.0000000e+00   9.0000000e+00   1.0000000e+01   9.0000000e+00   3.7000000e+01  -5.3852423e+01  -3.8244500e+01   4.4938242e+02   6.6250959e-01   1.4522939e+00   7.4350632e-01
   2.0190000e+03   1.0000000e+00   9.0000000e+00   1.0000000e+01   1.1000000e+01   2.3000000e+01  -5.3848406e+01  -3.8245761e+01   4.5397749e+02   8.6046461e-01   1.6856081e+00   7.5734047e-01
   2.0190000e+03   1.0000000e+00   9.0000000e+00   1.0000000e+01   1.4000000e+01   5.0000000e+01  -5.3840486e+01  -3.8248180e+01   8.9419201e+02   6.2019123e-01   1.2987096e+00   5.4997964e-01
   2.0190000e+03   1.0000000e+00   9.0000000e+00   1.0000000e+01   1.6000000e+01   3.2000000e+01  -5.3836466e+01  -3.8249488e+01   4.5484727e+02   6.2403860e-01   1.2224611e+00   6.1666683e-01
   2.0190000e+03   1.0000000e+00   9.0000000e+00   1.0000000e+01   1.8000000e+01   1.5000000e+01  -5.3832381e+01  -3.8250868e+01   4.6290592e+02   5.8590033e-01   1.1477501e+00   6.5002188e-01
   2.0190000e+03   1.0000000e+00   9.0000000e+00   1.0000000e+01   1.9000000e+01   5.7000000e+01  -5.3828429e+01  -3.8252152e+01   4.4710312e+02   4.9249554e-01   1.0380383e+00   5.1855439e-01
   2.0190000e+03   1.0000000e+00   9.0000000e+00   1.0000000e+01   2.1000000e+01   3.9000000e+01  -5.3824500e+01  -3.8253333e+01   4.4344636e+02   5.4238842e-01   1.0849382e+00   4.0361493e-01
   2.0190000e+03   1.0000000e+00   9.0000000e+00   1.0000000e+01   2.3000000e+01   2.1000000e+01  -5.3820511e+01  -3.8254695e+01   4.5213272e+02   9.7174177e-01   2.0007015e+00   7.6508093e-01
   2.0190000e+03   1.0000000e+00   9.0000000e+00   1.0000000e+01   2.5000000e+01   3.0000000e+00  -5.3816667e+01  -3.8255833e+01   4.3369296e+02   1.6197766e+00   3.1956834e+00   2.3743413e+00
   2.0190000e+03   1.0000000e+00   9.0000000e+00   1.0000000e+01   2.6000000e+01   4.6000000e+01  -5.3812833e+01  -3.8257167e+01   4.3484965e+02   2.5155194e+00   4.9758819e+00   4.6332338e+00
   2.0190000e+03   1.0000000e+00   9.0000000e+00   1.0000000e+01   2.8000000e+01   3.2000099e+01  -5.3808836e+01  -3.8258391e+01   4.5138710e+02   1.5235654e+00   5.3203335e+00   3.3598594e+00
   2.0190000e+03   1.0000000e+00   9.0000000e+00   1.0000000e+01   3.0000000e+01   1.5000000e+01  -5.3804913e+01  -3.8259761e+01   4.4510951e+02   3.0415926e+00   6.0372558e+00   4.8833097e+00
   2.0190000e+03   1.0000000e+00   9.0000000e+00   1.0000000e+01   3.1000000e+01   5.9000000e+01  -5.3800942e+01  -3.8261003e+01   4.4871907e+02   1.6582293e+00   3.6027064e+00   2.8741163e+00
   2.0190000e+03   1.0000000e+00   9.0000000e+00   1.0000000e+01   3.3000000e+01   4.6000000e+01  -5.3796878e+01  -3.8262276e+01   4.5922348e+02   1.1951418e+00   2.4912670e+00   9.2417653e-01
   2.0190000e+03   1.0000000e+00   9.0000000e+00   1.0000000e+01   3.5000000e+01   3.2000000e+01  -5.3792898e+01  -3.8263514e+01   4.4965428e+02   1.3986455e+00   2.7398781e+00   2.2046177e+00
   2.0190000e+03   1.0000000e+00   9.0000000e+00   1.0000000e+01   3.7000000e+01   1.8000000e+01  -5.3788897e+01  -3.8264833e+01   4.5295163e+02   1.5151808e+00   3.0189113e+00   2.1302279e+00
   2.0190000e+03   1.0000000e+00   9.0000000e+00   1.0000000e+01   3.9000000e+01   4.0000000e+00  -5.3784825e+01  -3.8266173e+01   4.6096477e+02   1.5153478e+00   2.9684923e+00   1.6502466e+00
   2.0190000e+03   1.0000000e+00   9.0000000e+00   1.0000000e+01   4.0000000e+01   4.7000000e+01  -5.3780805e+01  -3.8267498e+01   4.5509685e+02   1.4071581e+00   2.7565540e+00   2.3527424e+00
   2.0190000e+03   1.0000000e+00   9.0000000e+00   1.0000000e+01   4.2000000e+01   3.0000000e+01  -5.3776791e+01  -3.8268832e+01   4.5455869e+02   1.1393246e+00   2.2318813e+00   1.7643342e+00
   2.0190000e+03   1.0000000e+00   9.0000000e+00   1.0000000e+01   4.4000000e+01   1.5000099e+01  -5.3772771e+01  -3.8270037e+01   4.5365419e+02   8.2369896e-01   2.0334984e+00   1.4843716e+00
   2.0190000e+03   1.0000000e+00   9.0000000e+00   1.0000000e+01   4.6000000e+01   2.0000000e+00  -5.3768750e+01  -3.8271367e+01   4.5528383e+02   8.7135874e-01   1.9365541e+00   1.2139214e+00
   2.0190000e+03   1.0000000e+00   9.0000000e+00   1.0000000e+01   4.7000000e+01   4.8000000e+01  -5.3764726e+01  -3.8272686e+01   4.5540723e+02   1.2374134e+00   2.7436168e+00   2.4240323e+00
   2.0190000e+03   1.0000000e+00   9.0000000e+00   1.0000000e+01   4.9000000e+01   3.6000000e+01  -5.3760716e+01  -3.8273989e+01   4.5382854e+02   6.1748533e-01   1.3948610e+00   1.2576161e+00
   2.0190000e+03   1.0000000e+00   9.0000000e+00   1.0000000e+01   5.1000000e+01   3.0000000e+01  -5.3756810e+01  -3.8275171e+01   4.4085060e+02   6.0874696e-01   1.2864730e+00   1.0980727e+00
   2.0190000e+03   1.0000000e+00   9.0000000e+00   1.0000000e+01   5.3000000e+01   2.5000000e+01  -5.3753000e+01  -3.8276500e+01   4.3230785e+02   4.1497781e-01   1.1467080e+00   9.4740853e-01
   2.0190000e+03   1.0000000e+00   9.0000000e+00   1.0000000e+01   5.9000000e+01   1.1000000e+01  -5.3741048e+01  -3.8280374e+01   1.3523082e+03   7.2355114e-01   1.4174014e+00   6.3657076e-01
   2.0190000e+03   1.0000000e+00   9.0000000e+00   1.1000000e+01   0.0000000e+00   5.9000000e+01  -5.3736984e+01  -3.8281695e+01   4.5987709e+02   1.1247719e+00   2.5594451e+00   3.4047673e-01
   2.0190000e+03   1.0000000e+00   9.0000000e+00   1.1000000e+01   2.0000000e+00   4.4999901e+01  -5.3732964e+01  -3.8283000e+01   4.5486007e+02   7.6674321e-01   2.1229774e+00   1.3592845e+00
   2.0190000e+03   1.0000000e+00   9.0000000e+00   1.1000000e+01   4.0000000e+00   2.9000000e+01  -5.3728946e+01  -3.8284344e+01   4.5513906e+02   7.9503522e-01   1.7312320e+00   1.5574352e+00
   2.0190000e+03   1.0000000e+00   9.0000000e+00   1.1000000e+01   6.0000000e+00   1.5000000e+01  -5.3724987e+01  -3.8285667e+01   4.4839692e+02   1.0056291e+00   2.5017947e+00   1.7799922e+00
   2.0190000e+03   1.0000000e+00   9.0000000e+00   1.1000000e+01   8.0000000e+00   1.0000000e+00  -5.3720964e+01  -3.8287005e+01   4.5558242e+02   1.0432248e-01   9.1423386e-01   9.1423386e-01
   2.0190000e+03   1.0000000e+00   9.0000000e+00   1.1000000e+01   9.0000000e+00   4.8000099e+01  -5.3717000e+01  -3.8288333e+01   4.4908724e+02   4.5752139e-01   1.3300146e+00   1.3109837e+00
   2.0190000e+03   1.0000000e+00   9.0000000e+00   1.1000000e+01   1.1000000e+01   4.0000099e+01  -5.3712984e+01  -3.8289670e+01   4.5481551e+02   7.3922095e-01   1.7915178e+00   1.7915178e+00
   2.0190000e+03   1.0000000e+00   9.0000000e+00   1.1000000e+01   1.3000000e+01   3.0000000e+01  -5.3709000e+01  -3.8291000e+01   4.5127778e+02   1.9128441e+00   3.9392329e+00   2.3759877e-02
   2.0190000e+03   1.0000000e+00   9.0000000e+00   1.1000000e+01   1.5000000e+01   1.8000000e+01  -5.3704940e+01  -3.8292336e+01   4.5963417e+02   1.2023793e+00   2.6433420e+00   5.2116920e-01
   2.0190000e+03   1.0000000e+00   9.0000000e+00   1.1000000e+01   1.7000000e+01   6.0000000e+00  -5.3701000e+01  -3.8293500e+01   4.4444931e+02   7.4763711e-01   1.8230431e+00   1.1762539e+00
   2.0190000e+03   1.0000000e+00   9.0000000e+00   1.1000000e+01   2.0000000e+01   4.0000000e+01  -5.3692863e+01  -3.8296293e+01   9.2263707e+02   9.0163285e-01   1.7801380e+00   1.5939784e+00
   2.0190000e+03   1.0000000e+00   9.0000000e+00   1.1000000e+01   2.4000000e+01   1.7000099e+01  -5.3684833e+01  -3.8298833e+01   9.0780834e+02   5.5655927e-01   1.3068670e+00   2.9501701e-01
   2.0190000e+03   1.0000000e+00   9.0000000e+00   1.1000000e+01   2.6000000e+01   3.0000000e+00  -5.3680833e+01  -3.8300167e+01   4.5305887e+02   9.1452147e-01   3.7101841e+00   2.2933342e-01
   2.0190000e+03   1.0000000e+00   9.0000000e+00   1.1000000e+01   2.7000000e+01   5.0000000e+01  -5.3676833e+01  -3.8301500e+01   4.5306035e+02   3.4950942e-01   9.6610854e-01   5.5174533e-01
   2.0190000e+03   1.0000000e+00   9.0000000e+00   1.1000000e+01   2.9000000e+01   3.9000000e+01  -5.3672738e+01  -3.8302865e+01   4.6389874e+02   5.2265197e-02   2.7265539e-01   2.6220246e-01
   2.0190000e+03   1.0000000e+00   9.0000000e+00   1.1000000e+01   3.1000000e+01   3.0000000e+01  -5.3668774e+01  -3.8304182e+01   4.4891816e+02   1.6758697e+00   3.6521885e+00   3.5484893e+00
   2.0190000e+03   1.0000000e+00   9.0000000e+00   1.1000000e+01   3.5000000e+01   1.9000000e+01  -5.3660833e+01  -3.8306833e+01   8.9944098e+02   0.0000000e+00   2.9209855e-01   2.6760084e-01
   2.0190000e+03   1.0000000e+00   9.0000000e+00   1.1000000e+01   3.7000000e+01   1.5000099e+01  -5.3656833e+01  -3.8308000e+01   4.5107026e+02   1.9808397e+00   5.5861238e+00   2.6624002e+00
   2.0190000e+03   1.0000000e+00   9.0000000e+00   1.1000000e+01   4.1000000e+01   3.0000000e+00  -5.3648834e+01  -3.8310669e+01   9.0605908e+02   2.2734856e+00   5.9070700e+00   3.3550686e+00
   2.0190000e+03   1.0000000e+00   9.0000000e+00   1.1000000e+01   4.4000000e+01   4.5000000e+01  -5.3640740e+01  -3.8313333e+01   9.1645679e+02   5.2887159e+00   1.3958085e+01   8.0713223e+00
   2.0190000e+03   1.0000000e+00   9.0000000e+00   1.1000000e+01   4.6000000e+01   3.3000000e+01  -5.3636765e+01  -3.8314693e+01   4.5061216e+02   2.3289254e+00   4.9182932e+00   2.3219779e+00
   2.0190000e+03   1.0000000e+00   9.0000000e+00   1.1000000e+01   5.0000000e+01   1.0000000e+01  -5.3628733e+01  -3.8317323e+01   9.0918871e+02   1.1535682e+00   1.4059109e+01   1.2746149e+00
   2.0190000e+03   1.0000000e+00   9.0000000e+00   1.1000000e+01   5.1000000e+01   5.9000000e+01  -5.3624831e+01  -3.8318667e+01   4.4255264e+02   3.2541148e+00   1.2175200e+01   3.4277552e+00
   2.0190000e+03   1.0000000e+00   9.0000000e+00   1.1000000e+01   5.5000000e+01   4.4000000e+01  -5.3616724e+01  -3.8321244e+01   9.1670884e+02   5.0400493e+00   3.8885657e+01   1.2431531e+00
   2.0190000e+03   1.0000000e+00   9.0000000e+00   1.1000000e+01   5.7000000e+01   4.2000000e+01  -5.3612818e+01  -3.8322502e+01   4.4190436e+02   9.0877008e+00   4.1718562e+01   9.0897700e-01
   2.0190000e+03   1.0000000e+00   9.0000000e+00   1.1000000e+01   5.9000000e+01   3.6000000e+01  -5.3608789e+01  -3.8323848e+01   4.5641410e+02   6.3075412e+00   3.0629133e+01   1.0942975e+00
   2.0190000e+03   1.0000000e+00   9.0000000e+00   1.2000000e+01   1.0000000e+00   3.0000000e+01  -5.3604773e+01  -3.8325160e+01   4.5460885e+02   4.7092763e+00   1.4466152e+01   2.7114800e+00
   2.0190000e+03   1.0000000e+00   9.0000000e+00   1.2000000e+01   3.0000000e+00   2.4000000e+01  -5.3600752e+01  -3.8326333e+01   4.5344125e+02   1.9011913e+00   8.5508831e+00   1.8277375e-01
   2.0190000e+03   1.0000000e+00   9.0000000e+00   1.2000000e+01   5.0000000e+00   1.8000099e+01  -5.3596773e+01  -3.8327841e+01   4.5318027e+02   2.7753399e+00   9.6274888e+00   3.5321925e-01
   2.0190000e+03   1.0000000e+00   9.0000000e+00   1.2000000e+01   9.0000000e+00   4.0000000e+00  -5.3588833e+01  -3.8330333e+01   8.9742778e+02   2.6698391e+00   1.1704884e+01   6.7336513e+00
   2.0190000e+03   1.0000000e+00   9.0000000e+00   1.2000000e+01   1.0000000e+01   5.4000000e+01  -5.3584708e+01  -3.8331758e+01   4.6796164e+02   3.6639851e+00   1.4369763e+01   5.4518179e+00
   2.0190000e+03   1.0000000e+00   9.0000000e+00   1.2000000e+01   1.2000000e+01   4.6000000e+01  -5.3580808e+01  -3.8333016e+01   4.4118508e+02   2.9511110e+00   8.2839327e+00   2.8367305e+00
   2.0190000e+03   1.0000000e+00   9.0000000e+00   1.2000000e+01   1.4000000e+01   3.5000000e+01  -5.3576833e+01  -3.8334333e+01   4.5017076e+02   1.5639116e+00   5.9493990e+00   1.7036497e+00
   2.0190000e+03   1.0000000e+00   9.0000000e+00   1.2000000e+01   1.6000000e+01   2.6000000e+01  -5.3572833e+01  -3.8335667e+01   4.5310247e+02   1.3534026e+00   4.6808801e+00   8.8499022e-01
   2.0190000e+03   1.0000000e+00   9.0000000e+00   1.2000000e+01   1.8000000e+01   2.0000000e+01  -5.3568695e+01  -3.8336974e+01   4.6788566e+02   5.5047563e+00   1.9607988e+01   1.2475744e+01
   2.0190000e+03   1.0000000e+00   9.0000000e+00   1.2000000e+01   2.0000000e+01   1.2000000e+01  -5.3564669e+01  -3.8338328e+01   4.5619423e+02   1.6567628e+01   6.5665685e+01   2.9386668e+01
   2.0190000e+03   1.0000000e+00   9.0000000e+00   1.2000000e+01   2.3000000e+01   5.0000000e+01  -5.3556563e+01  -3.8341022e+01   9.1808017e+02   3.9673203e+00   2.4630806e+01   1.4653229e+01
   2.0190000e+03   1.0000000e+00   9.0000000e+00   1.2000000e+01   2.5000000e+01   3.6000000e+01  -5.3552507e+01  -3.8342327e+01   4.5891717e+02   3.7099746e+00   1.5794959e+01   6.5379178e+00
   2.0190000e+03   1.0000000e+00   9.0000000e+00   1.2000000e+01   2.7000000e+01   2.4000000e+01  -5.3548500e+01  -3.8343667e+01   4.5394083e+02   3.2969524e+00   8.0801212e+00   3.9868961e+00
   2.0190000e+03   1.0000000e+00   9.0000000e+00   1.2000000e+01   3.1000000e+01   6.0000000e+00  -5.3540500e+01  -3.8346167e+01   9.0415564e+02   2.0727842e+00   8.4279853e+00   5.9743997e+00
   2.0190000e+03   1.0000000e+00   9.0000000e+00   1.2000000e+01   3.2000000e+01   5.5000000e+01  -5.3536500e+01  -3.8347500e+01   4.5311703e+02   2.7294750e+00   9.6227671e+00   6.0637836e+00
   2.0190000e+03   1.0000000e+00   9.0000000e+00   1.2000000e+01   3.4000000e+01   4.4000099e+01  -5.3532511e+01  -3.8348864e+01   4.5230866e+02   2.4212871e+00   1.2176240e+01   2.9789645e+00
   2.0190000e+03   1.0000000e+00   9.0000000e+00   1.2000000e+01   3.6000000e+01   3.5000099e+01  -5.3528500e+01  -3.8350167e+01   4.5392719e+02   1.6169016e+00   1.1706620e+01   3.7822697e+00
   2.0190000e+03   1.0000000e+00   9.0000000e+00   1.2000000e+01   4.0000000e+01   1.2000000e+01  -5.3520562e+01  -3.8352742e+01   8.9830952e+02   1.9267533e+00   1.0645878e+01   7.2914193e+00
   2.0190000e+03   1.0000000e+00   9.0000000e+00   1.2000000e+01   4.1000000e+01   5.8000000e+01  -5.3516505e+01  -3.8354087e+01   4.5954421e+02   1.2929261e+00   7.1368121e+00   3.9732337e+00
   2.0190000e+03   1.0000000e+00   9.0000000e+00   1.2000000e+01   4.3000000e+01   4.5000000e+01  -5.3512422e+01  -3.8355387e+01   4.6169349e+02   2.0633846e+00   6.8759415e+00   4.2058331e+00
   2.0190000e+03   1.0000000e+00   9.0000000e+00   1.2000000e+01   4.5000000e+01   3.2000099e+01  -5.3508500e+01  -3.8356833e+01   4.4621193e+02   1.9887328e+00   9.1579488e+00   8.5712126e+00
   2.0190000e+03   1.0000000e+00   9.0000000e+00   1.2000000e+01   4.7000000e+01   2.0000000e+01  -5.3504503e+01  -3.8358003e+01   4.5083689e+02   2.1609371e+00   2.1154036e+01   1.5449402e+01
   2.0190000e+03   1.0000000e+00   9.0000000e+00   1.2000000e+01   4.9000000e+01   1.2000099e+01  -5.3500591e+01  -3.8359311e+01   4.4321020e+02   5.9170309e+00   1.7189643e+01   6.2997788e+00
   2.0190000e+03   1.0000000e+00   9.0000000e+00   1.2000000e+01   5.2000000e+01   5.6000099e+01  -5.3492663e+01  -3.8361837e+01   8.9661768e+02   9.9353655e+00   2.0901326e+01   1.5528859e+01
   2.0190000e+03   1.0000000e+00   9.0000000e+00   1.2000000e+01   5.4000000e+01   4.4000000e+01  -5.3488530e+01  -3.8363312e+01   4.6952060e+02   6.5276186e+00   1.3194656e+01   1.0691642e+01
   2.0190000e+03   1.0000000e+00   9.0000000e+00   1.2000000e+01   5.6000000e+01   3.6000000e+01  -5.3484512e+01  -3.8364655e+01   4.5521437e+02   4.5420419e+00   1.2267720e+01   9.0082224e+00
   2.0190000e+03   1.0000000e+00   9.0000000e+00   1.2000000e+01   5.8000000e+01   2.9000099e+01  -5.3480500e+01  -3.8366000e+01   4.5460121e+02   4.0688741e+00   1.3520977e+01   1.1526858e+01
   2.0190000e+03   1.0000000e+00   9.0000000e+00   1.3000000e+01   2.0000000e+00   1.3000000e+01  -5.3472667e+01  -3.8368500e+01   8.8600235e+02   3.0444923e+00   8.9427498e+00   2.8211313e+00
   2.0190000e+03   1.0000000e+00   9.0000000e+00   1.3000000e+01   4.0000000e+00   3.0000000e+00  -5.3468649e+01  -3.8369675e+01   4.5312416e+02   2.3853412e+00   1.0259462e+01   6.1866463e+00
   2.0190000e+03   1.0000000e+00   9.0000000e+00   1.3000000e+01   5.0000000e+00   5.3000099e+01  -5.3464667e+01  -3.8371000e+01   4.5114625e+02   2.0254712e+00   1.0812699e+01   5.2814402e+00
   2.0190000e+03   1.0000000e+00   9.0000000e+00   1.3000000e+01   7.0000000e+00   4.5000000e+01  -5.3460715e+01  -3.8372331e+01   4.4781341e+02   2.2567642e+00   7.3085785e+00   2.8308644e+00
   2.0190000e+03   1.0000000e+00   9.0000000e+00   1.3000000e+01   1.1000000e+01   2.1000000e+01  -5.3452721e+01  -3.8375026e+01   9.0610026e+02   2.6922796e+00   7.1967585e+00   2.0069869e+00
   2.0190000e+03   1.0000000e+00   9.0000000e+00   1.3000000e+01   1.3000000e+01   8.0000000e+00  -5.3448702e+01  -3.8376302e+01   4.5440342e+02   2.6015536e+00   7.3349512e+00   6.6814385e+00
   2.0190000e+03   1.0000000e+00   9.0000000e+00   1.3000000e+01   1.4000000e+01   5.7000000e+01  -5.3444667e+01  -3.8377667e+01   4.5746100e+02   2.7234664e+00   6.7916911e+00   5.9213111e+00
   2.0190000e+03   1.0000000e+00   9.0000000e+00   1.3000000e+01   1.6000000e+01   4.8000000e+01  -5.3440683e+01  -3.8378984e+01   4.5117452e+02   1.3342232e+03   2.6150692e+03   2.6139823e+03
   2.0190000e+03   1.0000000e+00   9.0000000e+00   1.3000000e+01   1.8000000e+01   3.9000099e+01  -5.3436667e+01  -3.8380167e+01   4.5310367e+02   2.3959457e+02   4.6997750e+02   4.6960059e+02
   2.0190000e+03   1.0000000e+00   9.0000000e+00   1.3000000e+01   2.0000000e+01   3.0000099e+01  -5.3432692e+01  -3.8381511e+01   4.5053644e+02   2.7000983e+00   5.2893607e+00   4.8984235e+00
   2.0190000e+03   1.0000000e+00   9.0000000e+00   1.3000000e+01   2.2000000e+01   2.2000099e+01  -5.3428722e+01  -3.8382816e+01   4.4953485e+02   1.9414356e+00   7.6144753e+00   7.4097771e+00
   2.0190000e+03   1.0000000e+00   9.0000000e+00   1.3000000e+01   2.4000000e+01   1.4000000e+01  -5.3424686e+01  -3.8384035e+01   4.5568405e+02   1.6467398e+00   6.5349781e+00   5.7040727e+00
   2.0190000e+03   1.0000000e+00   9.0000000e+00   1.3000000e+01   2.6000000e+01   3.0000992e+00  -5.3420729e+01  -3.8385447e+01   4.4953694e+02   1.4357160e+00   5.5334827e+00   2.7274087e+00
   2.0190000e+03   1.0000000e+00   9.0000000e+00   1.3000000e+01   2.7000000e+01   4.9000000e+01  -5.3416675e+01  -3.8386825e+01   4.5963293e+02   1.1953634e+00   3.2697373e+00   1.5409420e-01
   2.0190000e+03   1.0000000e+00   9.0000000e+00   1.3000000e+01   2.9000000e+01   3.4000000e+01  -5.3412667e+01  -3.8388167e+01   4.5417545e+02   3.9288735e-01   7.6964713e-01   5.5174500e-02
   2.0190000e+03   1.0000000e+00   9.0000000e+00   1.3000000e+01   3.1000000e+01   2.7999901e+01  -5.3408730e+01  -3.8389334e+01   4.4422869e+02   6.9223171e-01   1.9051447e+00   1.1762098e+00
   2.0190000e+03   1.0000000e+00   9.0000000e+00   1.3000000e+01   3.5000000e+01   4.8000000e+01  -5.3400890e+01  -3.8391836e+01   8.8679981e+02   1.8745532e+00   4.9675657e+00   3.4562527e+00
   2.0190000e+03   1.0000000e+00   9.0000000e+00   1.3000000e+01   3.8000000e+01   2.0000000e+00  -5.3396942e+01  -3.8393097e+01   4.4662952e+02   5.3828565e-01   1.7445220e+00   8.2284433e-01
   2.0190000e+03   1.0000000e+00   9.0000000e+00   1.3000000e+01   4.0000000e+01   1.2000000e+01  -5.3392980e+01  -3.8394416e+01   4.4884977e+02   1.9375964e+00   4.6662500e+00   3.1035959e+00
   2.0190000e+03   1.0000000e+00   9.0000000e+00   1.3000000e+01   4.4000000e+01   3.0000000e+00  -5.3385167e+01  -3.8397000e+01   8.8490099e+02   1.1223421e+00   2.8302026e+00   1.9238650e+00
   2.0190000e+03   1.0000000e+00   9.0000000e+00   1.3000000e+01   4.5000000e+01   5.3000000e+01  -5.3381042e+01  -3.8398246e+01   4.6567196e+02   5.6955372e+00   1.3558576e+01   3.4101760e+00
   2.0190000e+03   1.0000000e+00   9.0000000e+00   1.3000000e+01   4.7000000e+01   4.0000000e+01  -5.3377025e+01  -3.8399481e+01   4.5390529e+02   1.5613862e+00   4.6232818e+00   3.3437965e+00
   2.0190000e+03   1.0000000e+00   9.0000000e+00   1.3000000e+01   4.9000000e+01   2.6000000e+01  -5.3373065e+01  -3.8400768e+01   4.4815283e+02   7.0437229e-01   2.9312754e+00   1.4119103e+00
   2.0190000e+03   1.0000000e+00   9.0000000e+00   1.3000000e+01   5.1000000e+01   1.1999901e+01  -5.3369026e+01  -3.8402035e+01   4.5662233e+02   2.1325628e+00   4.6180645e+00   2.7686796e+00
   2.0190000e+03   1.0000000e+00   9.0000000e+00   1.3000000e+01   5.2000000e+01   5.6000000e+01  -5.3365033e+01  -3.8403300e+01   4.5158095e+02   1.6704832e+00   9.8719832e+00   4.5373917e+00
   2.0190000e+03   1.0000000e+00   9.0000000e+00   1.3000000e+01   5.6000000e+01   2.9000000e+01  -5.3356933e+01  -3.8405867e+01   9.1603914e+02   7.9219688e-01   2.8810398e+00   1.5500096e+00
   2.0190000e+03   1.0000000e+00   9.0000000e+00   1.3000000e+01   5.8000000e+01   1.4000000e+01  -5.3352834e+01  -3.8407157e+01   4.6338758e+02   3.9902022e-01   9.2488460e+00   1.5601702e-01
   2.0190000e+03   1.0000000e+00   9.0000000e+00   1.3000000e+01   5.9000000e+01   5.7000000e+01  -5.3348831e+01  -3.8408468e+01   4.5332129e+02   1.7741868e+00   3.5900592e+00   6.5246394e-02
   2.0190000e+03   1.0000000e+00   9.0000000e+00   1.4000000e+01   1.0000000e+00   4.1000000e+01  -5.3344671e+01  -3.8409830e+01   4.7093883e+02   2.0993264e+00   4.3469094e+00   2.4399202e+00
   2.0190000e+03   1.0000000e+00   9.0000000e+00   1.4000000e+01   3.0000000e+00   2.9000000e+01  -5.3340751e+01  -3.8410936e+01   4.4169118e+02   2.9235361e+00   5.8110744e+00   3.2882001e+00
   2.0190000e+03   1.0000000e+00   9.0000000e+00   1.4000000e+01   5.0000000e+00   1.7000000e+01  -5.3336686e+01  -3.8412333e+01   4.6116140e+02   2.8668500e+00   5.7623779e+00   3.5492963e+00
   2.0190000e+03   1.0000000e+00   9.0000000e+00   1.4000000e+01   8.0000000e+00   5.1000000e+01  -5.3328822e+01  -3.8414835e+01   8.8943781e+02   1.8417077e+00   8.5760987e+00   3.9242307e+00
   2.0190000e+03   1.0000000e+00   9.0000000e+00   1.4000000e+01   1.0000000e+01   3.7000000e+01  -5.3324853e+01  -3.8416039e+01   4.4827445e+02   2.9571850e+00   6.6891856e+00   1.3693826e+00
   2.0190000e+03   1.0000000e+00   9.0000000e+00   1.4000000e+01   1.2000000e+01   2.7000099e+01  -5.3320833e+01  -3.8417333e+01   4.5484091e+02   1.6811533e+00   4.8679786e+00   3.1669184e+00
   2.0190000e+03   1.0000000e+00   9.0000000e+00   1.4000000e+01   1.4000000e+01   1.9000000e+01  -5.3316833e+01  -3.8418500e+01   4.5117598e+02   2.1851528e+00   8.1972542e+00   5.6052500e+00
   2.0190000e+03   1.0000000e+00   9.0000000e+00   1.4000000e+01   1.6000000e+01   6.0000000e+00  -5.3312833e+01  -3.8419833e+01   4.5320751e+02   1.1873139e+00   3.8247435e+00   3.1633273e+00
   2.0190000e+03   1.0000000e+00   9.0000000e+00   1.4000000e+01   1.7000000e+01   5.0000099e+01  -5.3308709e+01  -3.8421169e+01   4.6685163e+02   2.3478674e+00   5.2836068e+00   3.1842773e+00
   2.0190000e+03   1.0000000e+00   9.0000000e+00   1.4000000e+01   1.9000000e+01   3.2000099e+01  -5.3304667e+01  -3.8422500e+01   4.5773915e+02   2.6362598e+00   7.1772977e+00   3.8836840e+00
   2.0190000e+03   1.0000000e+00   9.0000000e+00   1.4000000e+01   2.1000000e+01   1.3000000e+01  -5.3300484e+01  -3.8423764e+01   4.7231485e+02   4.8337115e+00   1.5914239e+01   5.8031658e+00
   2.0190000e+03   1.0000000e+00   9.0000000e+00   1.4000000e+01   2.2000000e+01   5.5000099e+01  -5.3296469e+01  -3.8425031e+01   4.5403948e+02   3.3979655e+00   9.5405930e+00   3.3967963e+00
   2.0190000e+03   1.0000000e+00   9.0000000e+00   1.4000000e+01   2.4000000e+01   3.7000000e+01  -5.3292385e+01  -3.8426373e+01   4.6244724e+02   3.7602453e+00   1.2073137e+01   7.7576186e+00
   2.0190000e+03   1.0000000e+00   9.0000000e+00   1.4000000e+01   2.6000000e+01   2.1000000e+01  -5.3288426e+01  -3.8427518e+01   4.4641624e+02   2.8004440e+00   1.3916900e+01   7.6204474e+00
   2.0190000e+03   1.0000000e+00   9.0000000e+00   1.4000000e+01   2.8000000e+01   3.0000000e+00  -5.3284353e+01  -3.8428863e+01   4.6135976e+02   4.2814741e+00   9.6361907e+00   4.5118253e+00
   2.0190000e+03   1.0000000e+00   9.0000000e+00   1.4000000e+01   2.9000000e+01   4.3000099e+01  -5.3280355e+01  -3.8430151e+01   4.5236179e+02   2.5879822e+00   5.2204756e+00   3.9789175e+00
   2.0190000e+03   1.0000000e+00   9.0000000e+00   1.4000000e+01   3.1000000e+01   2.3000000e+01  -5.3276377e+01  -3.8431380e+01   4.4955302e+02   2.9177365e+00   7.9415936e+00   5.8793598e+00
   2.0190000e+03   1.0000000e+00   9.0000000e+00   1.4000000e+01   3.3000000e+01   5.0000000e+00  -5.3272333e+01  -3.8432667e+01   4.5740754e+02   1.8567570e+00   4.8235015e+00   2.9980503e+00
   2.0190000e+03   1.0000000e+00   9.0000000e+00   1.4000000e+01   3.6000000e+01   3.2000000e+01  -5.3264184e+01  -3.8435268e+01   9.2188255e+02   2.8931454e+00   9.2614961e+00   5.9728642e+00
   2.0190000e+03   1.0000000e+00   9.0000000e+00   1.4000000e+01   3.8000000e+01   1.5000000e+01  -5.3260167e+01  -3.8436500e+01   4.5387957e+02   6.9030214e+00   1.7220397e+01   1.4826980e+01
   2.0190000e+03   1.0000000e+00   9.0000000e+00   1.4000000e+01   3.9000000e+01   5.9000000e+01  -5.3256156e+01  -3.8437833e+01   4.5444387e+02   2.3742380e+00   9.6995235e+00   8.8122052e+00
   2.0190000e+03   1.0000000e+00   9.0000000e+00   1.4000000e+01   4.1000000e+01   4.3000099e+01  -5.3252139e+01  -3.8439024e+01   4.5322491e+02   3.7483788e+00   7.5121023e+00   4.0968890e+00
   2.0190000e+03   1.0000000e+00   9.0000000e+00   1.4000000e+01   4.3000000e+01   2.6000099e+01  -5.3248071e+01  -3.8440429e+01   4.6167532e+02   6.3781952e+00   1.4121327e+01   7.8862078e+00
   2.0190000e+03   1.0000000e+00   9.0000000e+00   1.4000000e+01   4.5000000e+01   9.0000000e+00  -5.3244000e+01  -3.8441666e+01   4.5970434e+02   4.1084337e+00   8.0482209e+00   6.8434110e+00
   2.0190000e+03   1.0000000e+00   9.0000000e+00   1.4000000e+01   4.6000000e+01   5.1000000e+01  -5.3239850e+01  -3.8442994e+01   4.6956385e+02   9.5697788e-01   7.6523182e+00   6.7915855e+00
   2.0190000e+03   1.0000000e+00   9.0000000e+00   1.4000000e+01   4.8000000e+01   3.3000000e+01  -5.3235861e+01  -3.8444639e+01   4.5659820e+02   4.8954869e+00   9.5900197e+00   7.0325721e+00
   2.0190000e+03   1.0000000e+00   9.0000000e+00   1.4000000e+01   5.0000000e+01   1.8000000e+01  -5.3231833e+01  -3.8446000e+01   4.5659406e+02   2.8633722e+00   1.0695697e+01   9.4642409e+00
   2.0190000e+03   1.0000000e+00   9.0000000e+00   1.4000000e+01   5.3000000e+01   4.5000099e+01  -5.3223647e+01  -3.8449000e+01   9.3124543e+02   3.2804796e+00   1.0966729e+01   7.0831648e+00
