   2.0190000e+03   1.0000000e+00   7.0000000e+00   9.0000000e+00   7.0000000e+00   1.3000000e+01  -5.3342438e+01  -3.9605539e+01   4.8584352e+02   2.0616302e+00   4.2617634e+00   1.6418237e+00
   2.0190000e+03   1.0000000e+00   7.0000000e+00   9.0000000e+00   8.0000000e+00   4.1000000e+01  -5.3346408e+01  -3.9603592e+01   4.5973319e+02   7.5072440e-01   4.6013289e+00   4.3711921e+00
   2.0190000e+03   1.0000000e+00   7.0000000e+00   9.0000000e+00   1.0000000e+01   1.0000000e+01  -5.3350494e+01  -3.9602025e+01   4.6573863e+02   6.9486282e-01   3.5640762e+00   3.5640762e+00
   2.0190000e+03   1.0000000e+00   7.0000000e+00   9.0000000e+00   1.1000000e+01   3.9000000e+01  -5.3354500e+01  -3.9600500e+01   4.5649925e+02   4.0612531e-01   8.6406740e-01   4.5069916e-01
   2.0190000e+03   1.0000000e+00   7.0000000e+00   9.0000000e+00   1.3000000e+01   9.0000000e+00  -5.3358654e+01  -3.9599306e+01   4.6839304e+02   3.0056757e-01   1.6523717e+00   1.2514550e+00
   2.0190000e+03   1.0000000e+00   7.0000000e+00   9.0000000e+00   1.4000000e+01   4.0000000e+01  -5.3362782e+01  -3.9598033e+01   4.6634145e+02   1.5692592e+00   4.4241638e+00   3.0836045e+00
   2.0190000e+03   1.0000000e+00   7.0000000e+00   9.0000000e+00   1.6000000e+01   1.2000000e+01  -5.3366937e+01  -3.9596736e+01   4.6960432e+02   2.7503644e+00   5.3878296e+00   3.0539669e+00
   2.0190000e+03   1.0000000e+00   7.0000000e+00   9.0000000e+00   1.7000000e+01   4.6000000e+01  -5.3371003e+01  -3.9595333e+01   4.6136398e+02   2.4433016e+00   4.7863085e+00   2.6243889e+00
   2.0190000e+03   1.0000000e+00   7.0000000e+00   9.0000000e+00   1.9000000e+01   1.9000000e+01  -5.3375249e+01  -3.9594152e+01   4.7822187e+02   7.2043401e-01   1.7886346e+00   9.8984449e-01
   2.0190000e+03   1.0000000e+00   7.0000000e+00   9.0000000e+00   2.0000000e+01   5.1000000e+01  -5.3379408e+01  -3.9592925e+01   4.6925350e+02   9.5255579e-01   2.1593998e+00   7.1462478e-01
   2.0190000e+03   1.0000000e+00   7.0000000e+00   9.0000000e+00   2.2000000e+01   2.0000000e+01  -5.3383593e+01  -3.9591529e+01   4.7413029e+02   1.5945095e+00   4.9950350e+00   2.8183378e+00
   2.0190000e+03   1.0000000e+00   7.0000000e+00   9.0000000e+00   2.3000000e+01   4.8000099e+01  -5.3387667e+01  -3.9590167e+01   4.6162204e+02   3.5646733e+00   9.3489417e+00   3.7423044e+00
   2.0190000e+03   1.0000000e+00   7.0000000e+00   9.0000000e+00   2.5000000e+01   1.7000000e+01  -5.3391833e+01  -3.9589167e+01   4.6771768e+02   2.1210490e+00   5.6030897e+00   2.1226383e+00
   2.0190000e+03   1.0000000e+00   7.0000000e+00   9.0000000e+00   2.6000000e+01   4.8000000e+01  -5.3396097e+01  -3.9587903e+01   4.8109478e+02   3.3022760e+00   8.2716540e+00   3.2618729e+00
   2.0190000e+03   1.0000000e+00   7.0000000e+00   9.0000000e+00   2.8000000e+01   1.8000000e+01  -5.3400287e+01  -3.9586598e+01   4.7358854e+02   3.5490425e+00   1.0702851e+01   5.5352713e+00
   2.0190000e+03   1.0000000e+00   7.0000000e+00   9.0000000e+00   3.1000000e+01   1.7000000e+01  -5.3408503e+01  -3.9583997e+01   9.2902327e+02   2.9348454e+00   1.2990954e+01   1.0646278e+01
   2.0190000e+03   1.0000000e+00   7.0000000e+00   9.0000000e+00   3.2000000e+01   4.9000000e+01  -5.3412679e+01  -3.9582831e+01   4.7046826e+02   3.0572945e+00   7.1547574e+00   4.1714628e+00
   2.0190000e+03   1.0000000e+00   7.0000000e+00   9.0000000e+00   3.4000000e+01   2.0000000e+01  -5.3416850e+01  -3.9581667e+01   4.6986579e+02   5.6852721e+00   1.2126603e+01   6.7072155e+00
   2.0190000e+03   1.0000000e+00   7.0000000e+00   9.0000000e+00   3.5000000e+01   4.9999901e+01  -5.3420967e+01  -3.9580333e+01   4.6595481e+02   4.7448328e+00   1.0676324e+01   4.3270237e+00
   2.0190000e+03   1.0000000e+00   7.0000000e+00   9.0000000e+00   3.7000000e+01   2.1000099e+01  -5.3425101e+01  -3.9579187e+01   4.6552615e+02   5.5250300e+00   1.1266548e+01   7.5867715e+00
   2.0190000e+03   1.0000000e+00   7.0000000e+00   9.0000000e+00   3.8000000e+01   5.1000000e+01  -5.3429203e+01  -3.9578167e+01   4.6076819e+02   3.6010213e+00   7.9425979e+00   2.5159155e+00
   2.0190000e+03   1.0000000e+00   7.0000000e+00   9.0000000e+00   4.0000000e+01   2.0000000e+01  -5.3433333e+01  -3.9577000e+01   4.6546862e+02   4.7010814e+00   1.1155289e+01   2.7894526e+00
   2.0190000e+03   1.0000000e+00   7.0000000e+00   9.0000000e+00   4.1000000e+01   4.9000000e+01  -5.3437500e+01  -3.9575667e+01   4.7133819e+02   5.1349032e+00   1.5087259e+01   4.7150375e+00
   2.0190000e+03   1.0000000e+00   7.0000000e+00   9.0000000e+00   4.3000000e+01   1.9000000e+01  -5.3441663e+01  -3.9574333e+01   4.7095902e+02   8.0454566e+00   2.8466641e+01   2.1807768e+01
   2.0190000e+03   1.0000000e+00   7.0000000e+00   9.0000000e+00   4.4000000e+01   4.9000000e+01  -5.3445836e+01  -3.9573166e+01   4.7012501e+02   1.1464256e+01   2.5707243e+01   2.1433074e+01
   2.0190000e+03   1.0000000e+00   7.0000000e+00   9.0000000e+00   4.6000000e+01   1.8999901e+01  -5.3449971e+01  -3.9572096e+01   4.6485802e+02   1.7965137e+00   1.1133009e+01   8.5492091e+00
   2.0190000e+03   1.0000000e+00   7.0000000e+00   9.0000000e+00   4.7000000e+01   5.0000099e+01  -5.3454016e+01  -3.9570833e+01   4.5712178e+02   2.8624344e+00   1.1613901e+01   9.1114432e+00
   2.0190000e+03   1.0000000e+00   7.0000000e+00   9.0000000e+00   4.9000000e+01   2.3000099e+01  -5.3458264e+01  -3.9569512e+01   4.8011516e+02   2.9809786e+00   2.1399305e+01   1.3908243e+01
   2.0190000e+03   1.0000000e+00   7.0000000e+00   9.0000000e+00   5.0000000e+01   5.5000000e+01  -5.3462420e+01  -3.9568333e+01   4.6836301e+02   9.9634903e+00   2.0004066e+01   1.4000233e+01
   2.0190000e+03   1.0000000e+00   7.0000000e+00   9.0000000e+00   5.2000000e+01   2.6000099e+01  -5.3466544e+01  -3.9567305e+01   4.6324276e+02   5.4109120e+00   1.2816017e+01   1.0176451e+01
   2.0190000e+03   1.0000000e+00   7.0000000e+00   9.0000000e+00   5.3000000e+01   5.8000000e+01  -5.3470712e+01  -3.9566000e+01   4.7116623e+02   9.4382167e+00   1.8489006e+01   1.1723843e+01
   2.0190000e+03   1.0000000e+00   7.0000000e+00   9.0000000e+00   5.5000000e+01   3.2000099e+01  -5.3474998e+01  -3.9564667e+01   4.8435358e+02   8.3401726e+00   2.0805612e+01   1.2126597e+01
   2.0190000e+03   1.0000000e+00   7.0000000e+00   9.0000000e+00   5.7000000e+01   3.0000000e+00  -5.3479138e+01  -3.9563677e+01   4.6469243e+02   7.1362021e+00   1.5779487e+01   1.3020502e+01
   2.0190000e+03   1.0000000e+00   7.0000000e+00   9.0000000e+00   5.8000000e+01   3.3000000e+01  -5.3483178e+01  -3.9562333e+01   4.5755362e+02   3.7457712e+00   8.8394705e+00   5.6191147e+00
   2.0190000e+03   1.0000000e+00   7.0000000e+00   1.0000000e+01   0.0000000e+00   3.0000000e+00  -5.3487326e+01  -3.9561218e+01   4.6685450e+02   3.5578399e+00   7.2812816e+00   2.8168110e+00
   2.0190000e+03   1.0000000e+00   7.0000000e+00   1.0000000e+01   1.0000000e+00   3.3000099e+01  -5.3491431e+01  -3.9559846e+01   4.6502399e+02   3.0332765e+00   7.6857752e+00   5.9559727e+00
   2.0190000e+03   1.0000000e+00   7.0000000e+00   1.0000000e+01   3.0000000e+00   3.0000000e+00  -5.3495500e+01  -3.9558667e+01   4.5885548e+02   2.2376398e+00   7.5425708e+00   4.7351318e+00
   2.0190000e+03   1.0000000e+00   7.0000000e+00   1.0000000e+01   4.0000000e+00   3.4000000e+01  -5.3499607e+01  -3.9557384e+01   4.6415596e+02   8.9491768e+00   2.5155331e+01   1.0474047e+01
   2.0190000e+03   1.0000000e+00   7.0000000e+00   1.0000000e+01   6.0000000e+00   1.0000000e+01  -5.3503782e+01  -3.9556044e+01   4.7237373e+02   3.6870421e+00   1.8084017e+01   7.5249159e+00
   2.0190000e+03   1.0000000e+00   7.0000000e+00   1.0000000e+01   7.0000000e+00   5.4000000e+01  -5.3507833e+01  -3.9555167e+01   4.5385634e+02   3.6205044e+00   9.6767905e+00   7.6976600e+00
   2.0190000e+03   1.0000000e+00   7.0000000e+00   1.0000000e+01   9.0000000e+00   4.7000000e+01  -5.3511932e+01  -3.9553883e+01   4.6331545e+02   2.6981503e+00   7.0823738e+00   6.3016847e+00
   2.0190000e+03   1.0000000e+00   7.0000000e+00   1.0000000e+01   1.4000000e+01   1.8000000e+01  -5.3519648e+01  -3.9551572e+01   8.7079827e+02   4.5791201e+00   9.9586677e+00   6.6834002e+00
   2.0190000e+03   1.0000000e+00   7.0000000e+00   1.0000000e+01   1.6000000e+01   2.4000000e+01  -5.3523500e+01  -3.9550167e+01   4.3804204e+02   1.4576450e+02   2.8755747e+02   2.8713348e+02
   2.0190000e+03   1.0000000e+00   7.0000000e+00   1.0000000e+01   1.8000000e+01   2.9000000e+01  -5.3527391e+01  -3.9548628e+01   4.4412037e+02   2.5227188e+00   1.1921514e+01   7.8470641e+00
   2.0190000e+03   1.0000000e+00   7.0000000e+00   1.0000000e+01   2.0000000e+01   3.6000000e+01  -5.3531363e+01  -3.9547500e+01   4.4765259e+02   3.7477082e+00   1.0446188e+01   7.7627861e+00
   2.0190000e+03   1.0000000e+00   7.0000000e+00   1.0000000e+01   2.2000000e+01   4.7000000e+01  -5.3535469e+01  -3.9546290e+01   4.6323987e+02   6.2265750e+00   1.2585075e+01   8.7312370e+00
   2.0190000e+03   1.0000000e+00   7.0000000e+00   1.0000000e+01   2.6000000e+01   4.4000000e+01  -5.3543295e+01  -3.9543588e+01   8.8769783e+02   3.0957031e+00   1.9308081e+01   1.6079252e+01
   2.0190000e+03   1.0000000e+00   7.0000000e+00   1.0000000e+01   2.8000000e+01   2.0000000e+01  -5.3547347e+01  -3.9542000e+01   4.6232363e+02   9.9792866e+00   3.6635912e+01   3.5711211e+01
   2.0190000e+03   1.0000000e+00   7.0000000e+00   1.0000000e+01   2.9000000e+01   5.2000000e+01  -5.3551500e+01  -3.9540500e+01   4.7197150e+02   4.3102410e+00   1.0991641e+01   5.1903287e+00
   2.0190000e+03   1.0000000e+00   7.0000000e+00   1.0000000e+01   3.1000000e+01   2.3000000e+01  -5.3555654e+01  -3.9539364e+01   4.6768071e+02   3.0091977e+00   1.0644923e+01   5.1927495e+00
   2.0190000e+03   1.0000000e+00   7.0000000e+00   1.0000000e+01   3.2000000e+01   5.5000000e+01  -5.3559833e+01  -3.9538333e+01   4.6932712e+02   5.4086026e+00   2.0538717e+01   1.5713914e+01
   2.0190000e+03   1.0000000e+00   7.0000000e+00   1.0000000e+01   3.4000000e+01   2.7000000e+01  -5.3564000e+01  -3.9537167e+01   4.6935946e+02   2.8307390e+00   1.2341202e+01   8.7866388e+00
   2.0190000e+03   1.0000000e+00   7.0000000e+00   1.0000000e+01   3.5000000e+01   5.8000000e+01  -5.3568159e+01  -3.9536000e+01   4.6847156e+02   5.1269688e+00   1.1961624e+01   9.5607029e+00
   2.0190000e+03   1.0000000e+00   7.0000000e+00   1.0000000e+01   3.7000000e+01   3.0000000e+01  -5.3572350e+01  -3.9534749e+01   4.7304221e+02   5.0531641e+00   1.4463307e+01   1.1690613e+01
   2.0190000e+03   1.0000000e+00   7.0000000e+00   1.0000000e+01   3.8000000e+01   5.9000000e+01  -5.3576393e+01  -3.9533607e+01   4.5549671e+02   3.8804077e+00   9.0751345e+00   6.9756180e+00
   2.0190000e+03   1.0000000e+00   7.0000000e+00   1.0000000e+01   4.0000000e+01   2.9000000e+01  -5.3580510e+01  -3.9532500e+01   4.6330066e+02   2.1105573e+00   4.3735588e+00   2.0116777e+00
   2.0190000e+03   1.0000000e+00   7.0000000e+00   1.0000000e+01   4.2000000e+01   1.0000000e+00  -5.3584740e+01  -3.9531500e+01   4.7460787e+02   3.7276355e+00   7.3022559e+00   3.1716252e+00
   2.0190000e+03   1.0000000e+00   7.0000000e+00   1.0000000e+01   4.3000000e+01   3.2000000e+01  -5.3588969e+01  -3.9530333e+01   4.7618256e+02   2.7536015e+00   5.6022329e+00   4.5703265e+00
   2.0190000e+03   1.0000000e+00   7.0000000e+00   1.0000000e+01   4.5000000e+01   3.0000000e+00  -5.3593167e+01  -3.9529167e+01   4.7276565e+02   1.6864450e+00   3.8013332e+00   2.6878596e+00
   2.0190000e+03   1.0000000e+00   7.0000000e+00   1.0000000e+01   4.6000000e+01   3.2000000e+01  -5.3597259e+01  -3.9528074e+01   4.6039460e+02   1.3465756e+00   3.3901003e+00   3.2048496e+00
   2.0190000e+03   1.0000000e+00   7.0000000e+00   1.0000000e+01   4.7000000e+01   5.9000000e+01  -5.3601326e+01  -3.9526668e+01   4.6134712e+02   1.9752232e+00   4.9089133e+00   2.1232711e+00
   2.0190000e+03   1.0000000e+00   7.0000000e+00   1.0000000e+01   4.9000000e+01   2.7000000e+01  -5.3605379e+01  -3.9525500e+01   4.5688853e+02   1.7379382e+00   5.8389792e+00   2.2778872e+00
   2.0190000e+03   1.0000000e+00   7.0000000e+00   1.0000000e+01   5.0000000e+01   5.7000000e+01  -5.3609558e+01  -3.9524626e+01   4.6798327e+02   3.1919197e+00   6.2624718e+00   3.9356590e+00
   2.0190000e+03   1.0000000e+00   7.0000000e+00   1.0000000e+01   5.2000000e+01   2.5999901e+01  -5.3613724e+01  -3.9523446e+01   4.6937043e+02   5.3287167e+00   1.2625818e+01   6.5248022e+00
   2.0190000e+03   1.0000000e+00   7.0000000e+00   1.0000000e+01   5.3000000e+01   5.4000000e+01  -5.3617783e+01  -3.9521884e+01   4.6268308e+02   1.4365168e+00   6.0213357e+00   3.4321370e+00
   2.0190000e+03   1.0000000e+00   7.0000000e+00   1.0000000e+01   5.5000000e+01   2.3000000e+01  -5.3621844e+01  -3.9520333e+01   4.6267112e+02   3.7924778e+00   1.7200081e+01   1.1416998e+01
   2.0190000e+03   1.0000000e+00   7.0000000e+00   1.0000000e+01   5.6000000e+01   5.2000000e+01  -5.3626000e+01  -3.9519167e+01   4.6816697e+02   2.9127056e+00   1.2348472e+01   1.7712697e+00
   2.0190000e+03   1.0000000e+00   7.0000000e+00   1.0000000e+01   5.8000000e+01   2.0000000e+01  -5.3630025e+01  -3.9517825e+01   4.5596029e+02   7.8919116e+00   1.9050992e+01   1.3918231e+01
   2.0190000e+03   1.0000000e+00   7.0000000e+00   1.0000000e+01   5.9000000e+01   4.9000099e+01  -5.3634198e+01  -3.9516323e+01   4.7415125e+02   6.7105092e+00   1.3184247e+01   4.1494201e+00
   2.0190000e+03   1.0000000e+00   7.0000000e+00   1.1000000e+01   1.0000000e+00   1.8000000e+01  -5.3638370e+01  -3.9514838e+01   4.7377602e+02   7.9607715e-01   1.9369839e+00   1.4006205e-01
   2.0190000e+03   1.0000000e+00   7.0000000e+00   1.1000000e+01   2.0000000e+00   4.8000000e+01  -5.3642545e+01  -3.9513653e+01   4.7048145e+02   9.4933688e+00   2.7254334e+01   8.1241558e+00
   2.0190000e+03   1.0000000e+00   7.0000000e+00   1.1000000e+01   4.0000000e+00   1.8000000e+01  -5.3646716e+01  -3.9512180e+01   4.7344730e+02   4.0021696e+00   3.8276733e+01   2.8150138e+01
   2.0190000e+03   1.0000000e+00   7.0000000e+00   1.1000000e+01   5.0000000e+00   4.9000000e+01  -5.3650833e+01  -3.9510667e+01   4.6827387e+02   3.7314733e+01   1.2386787e+02   8.2711740e+01
   2.0190000e+03   1.0000000e+00   7.0000000e+00   1.1000000e+01   7.0000000e+00   1.9000000e+01  -5.3655000e+01  -3.9509167e+01   4.7347291e+02   1.9592675e+01   4.0056062e+01   2.7155163e+01
   2.0190000e+03   1.0000000e+00   7.0000000e+00   1.1000000e+01   8.0000000e+00   4.8000000e+01  -5.3659137e+01  -3.9507848e+01   4.6783237e+02   4.3103373e+00   2.8893849e+01   1.7870646e+01
   2.0190000e+03   1.0000000e+00   7.0000000e+00   1.1000000e+01   1.0000000e+01   1.7999901e+01  -5.3663234e+01  -3.9506500e+01   4.6380402e+02   1.5123710e+01   6.2150304e+01   4.3814179e+01
   2.0190000e+03   1.0000000e+00   7.0000000e+00   1.1000000e+01   1.1000000e+01   4.9000000e+01  -5.3667482e+01  -3.9505504e+01   4.7657895e+02   8.0739970e+00   5.9591382e+01   2.8988290e+01
   2.0190000e+03   1.0000000e+00   7.0000000e+00   1.1000000e+01   1.3000000e+01   2.0000000e+01  -5.3671667e+01  -3.9504333e+01   4.7131209e+02   6.7110953e+00   1.6304258e+01   8.6840173e-01
   2.0190000e+03   1.0000000e+00   7.0000000e+00   1.1000000e+01   1.4000000e+01   5.1000000e+01  -5.3675833e+01  -3.9503333e+01   4.6765512e+02   4.6958117e+00   1.0616834e+01   2.8340848e+00
   2.0190000e+03   1.0000000e+00   7.0000000e+00   1.1000000e+01   1.6000000e+01   2.2000000e+01  -5.3680000e+01  -3.9502333e+01   4.6765531e+02   2.7381199e+00   1.7814177e+01   1.7157026e+00
   2.0190000e+03   1.0000000e+00   7.0000000e+00   1.1000000e+01   1.7000000e+01   5.0999901e+01  -5.3684158e+01  -3.9501173e+01   4.6835439e+02   7.5000733e+00   3.6468735e+01   1.0192496e+00
   2.0190000e+03   1.0000000e+00   7.0000000e+00   1.1000000e+01   1.9000000e+01   2.1000099e+01  -5.3688167e+01  -3.9500167e+01   4.5028974e+02   6.5620731e+00   1.4158705e+01   2.8704314e+00
   2.0190000e+03   1.0000000e+00   7.0000000e+00   1.1000000e+01   2.0000000e+01   5.4000000e+01  -5.3692464e+01  -3.9499218e+01   4.8160701e+02   5.9021277e+00   1.3812081e+01   1.5071195e+00
   2.0190000e+03   1.0000000e+00   7.0000000e+00   1.1000000e+01   2.2000000e+01   2.8000099e+01  -5.3696623e+01  -3.9498211e+01   4.6680386e+02   8.3041455e+00   3.6447141e+01   2.0149951e+01
   2.0190000e+03   1.0000000e+00   7.0000000e+00   1.1000000e+01   2.4000000e+01   9.9990082e-01  -5.3700797e+01  -3.9497036e+01   4.7030724e+02   2.2049695e+01   5.0526221e+01   3.1961147e+01
   2.0190000e+03   1.0000000e+00   7.0000000e+00   1.1000000e+01   2.5000000e+01   3.3000099e+01  -5.3704916e+01  -3.9495917e+01   4.6352784e+02   1.4444138e+01   5.0685871e+01   3.0694050e+01
   2.0190000e+03   1.0000000e+00   7.0000000e+00   1.1000000e+01   2.7000000e+01   3.0000000e+00  -5.3709033e+01  -3.9494467e+01   4.6734899e+02   1.4936547e+01   6.7844833e+01   4.7664536e+01
   2.0190000e+03   1.0000000e+00   7.0000000e+00   1.1000000e+01   2.8000000e+01   3.3000000e+01  -5.3713213e+01  -3.9493495e+01   4.6885123e+02   1.0935247e+01   8.4870506e+01   3.7943409e+01
   2.0190000e+03   1.0000000e+00   7.0000000e+00   1.1000000e+01   3.0000000e+01   5.0000000e+00  -5.3717388e+01  -3.9492338e+01   4.7013004e+02   1.7073135e+01   4.5160139e+01   1.4392849e+01
   2.0190000e+03   1.0000000e+00   7.0000000e+00   1.1000000e+01   3.1000000e+01   3.3999901e+01  -5.3721497e+01  -3.9491171e+01   4.6298125e+02   1.6095709e+01   3.2517106e+01   1.8385682e+01
   2.0190000e+03   1.0000000e+00   7.0000000e+00   1.1000000e+01   3.3000000e+01   3.0000000e+00  -5.3725501e+01  -3.9490000e+01   4.5156469e+02   8.8543274e+00   3.2741955e+01   1.6077256e+01
   2.0190000e+03   1.0000000e+00   7.0000000e+00   1.1000000e+01   3.4000000e+01   3.5000000e+01  -5.3729677e+01  -3.9488831e+01   4.7034986e+02   9.7688916e+00   2.6439235e+01   3.5500580e+00
   2.0190000e+03   1.0000000e+00   7.0000000e+00   1.1000000e+01   3.6000000e+01   7.0000000e+00  -5.3733833e+01  -3.9487500e+01   4.7003735e+02   8.4561169e+00   2.2839101e+01   7.6533786e+00
   2.0190000e+03   1.0000000e+00   7.0000000e+00   1.1000000e+01   3.9000000e+01   1.1000000e+01  -5.3742038e+01  -3.9484825e+01   9.2853940e+02   4.7523788e+00   9.7270796e+00   6.2328153e+00
   2.0190000e+03   1.0000000e+00   7.0000000e+00   1.1000000e+01   4.0000000e+01   4.2000000e+01  -5.3746214e+01  -3.9483498e+01   4.7207179e+02   2.4779272e+00   5.8697058e+00   4.8932703e-01
   2.0190000e+03   1.0000000e+00   7.0000000e+00   1.1000000e+01   4.2000000e+01   1.2000099e+01  -5.3750322e+01  -3.9482345e+01   4.6278026e+02   4.6223888e+00   9.9546164e+00   9.2446555e-01
   2.0190000e+03   1.0000000e+00   7.0000000e+00   1.1000000e+01   4.3000000e+01   4.2000099e+01  -5.3754453e+01  -3.9481039e+01   4.6694530e+02   5.6054926e+00   3.2545918e+01   7.0155936e+00
   2.0190000e+03   1.0000000e+00   7.0000000e+00   1.1000000e+01   4.5000000e+01   1.3000000e+01  -5.3758554e+01  -3.9479762e+01   4.6335395e+02   6.6887694e+00   1.6655013e+01   4.7189682e+00
   2.0190000e+03   1.0000000e+00   7.0000000e+00   1.1000000e+01   4.6000000e+01   4.5000000e+01  -5.3762680e+01  -3.9478576e+01   4.6508448e+02   8.5079425e+00   1.6867769e+01   5.3830830e+00
   2.0190000e+03   1.0000000e+00   7.0000000e+00   1.1000000e+01   4.8000000e+01   1.7000000e+01  -5.3766738e+01  -3.9477500e+01   4.5644793e+02   2.4081629e+00   4.9412837e+00   2.9368036e+00
   2.0190000e+03   1.0000000e+00   7.0000000e+00   1.1000000e+01   4.9000000e+01   5.0000000e+01  -5.3770928e+01  -3.9476151e+01   4.7389089e+02   2.8207911e+00   5.9857452e+00   1.6941060e+00
   2.0190000e+03   1.0000000e+00   7.0000000e+00   1.1000000e+01   5.1000000e+01   2.4000000e+01  -5.3775000e+01  -3.9475000e+01   4.5880293e+02   1.0322281e+01   2.0327530e+01   7.3116042e+00
   2.0190000e+03   1.0000000e+00   7.0000000e+00   1.1000000e+01   5.2000000e+01   5.8000099e+01  -5.3779153e+01  -3.9473347e+01   4.7405591e+02   7.2338904e+00   1.9255720e+01   5.5435921e+00
   2.0190000e+03   1.0000000e+00   7.0000000e+00   1.1000000e+01   5.4000000e+01   3.1000099e+01  -5.3783331e+01  -3.9471839e+01   4.7469936e+02   7.8389112e+00   2.9336534e+01   1.0798323e+01
   2.0190000e+03   1.0000000e+00   7.0000000e+00   1.1000000e+01   5.6000000e+01   2.0000992e+00  -5.3787461e+01  -3.9470755e+01   4.6444103e+02   2.9479545e+00   1.3699708e+01   5.8517374e+00
   2.0190000e+03   1.0000000e+00   7.0000000e+00   1.1000000e+01   5.7000000e+01   3.5000000e+01  -5.3791575e+01  -3.9469497e+01   4.6453716e+02   6.2558453e+00   1.2759764e+01   7.1699137e+00
   2.0190000e+03   1.0000000e+00   7.0000000e+00   1.1000000e+01   5.9000000e+01   8.0000992e+00  -5.3795683e+01  -3.9468150e+01   4.6500948e+02   1.5562959e+00   4.0977999e+00   1.9509061e+00
   2.0190000e+03   1.0000000e+00   7.0000000e+00   1.2000000e+01   0.0000000e+00   3.9000000e+01  -5.3799795e+01  -3.9466735e+01   4.6625762e+02   7.6330590e-01   2.4644282e+00   1.0988414e+00
   2.0190000e+03   1.0000000e+00   7.0000000e+00   1.2000000e+01   2.0000000e+00   1.3000099e+01  -5.3803866e+01  -3.9465500e+01   4.5950883e+02   2.7215286e+00   5.8538818e+00   2.6629556e+00
   2.0190000e+03   1.0000000e+00   7.0000000e+00   1.2000000e+01   3.0000000e+00   4.8000000e+01  -5.3808000e+01  -3.9464167e+01   4.6765278e+02   4.7003542e+00   1.1024375e+01   1.8646004e+00
   2.0190000e+03   1.0000000e+00   7.0000000e+00   1.2000000e+01   5.0000000e+00   2.4000000e+01  -5.3812107e+01  -3.9462893e+01   4.6397143e+02   2.1313127e+02   4.1751375e+02   3.6763870e+02
   2.0190000e+03   1.0000000e+00   7.0000000e+00   1.2000000e+01   6.0000000e+00   5.8000000e+01  -5.3816237e+01  -3.9461837e+01   4.6415284e+02   7.1043237e+00   2.5770855e+01   7.6956159e+00
   2.0190000e+03   1.0000000e+00   7.0000000e+00   1.2000000e+01   8.0000000e+00   3.0000000e+01  -5.3820333e+01  -3.9460500e+01   4.6351579e+02   4.7548597e+00   1.5396248e+01   4.1106743e+00
   2.0190000e+03   1.0000000e+00   7.0000000e+00   1.2000000e+01   1.0000000e+01   2.0000000e+00  -5.3824484e+01  -3.9459460e+01   4.6619802e+02   3.6257862e+00   9.1572784e+00   3.0253003e+00
   2.0190000e+03   1.0000000e+00   7.0000000e+00   1.2000000e+01   1.1000000e+01   3.4000000e+01  -5.3828596e+01  -3.9458508e+01   4.6124622e+02   6.8100994e-01   1.3340652e+00   6.4219970e-01
   2.0190000e+03   1.0000000e+00   7.0000000e+00   1.2000000e+01   1.3000000e+01   7.0000000e+00  -5.3832702e+01  -3.9457500e+01   4.6100551e+02   3.3617038e-01   6.8593726e-01   3.1927818e-01
   2.0190000e+03   1.0000000e+00   7.0000000e+00   1.2000000e+01   1.4000000e+01   3.9000000e+01  -5.3836833e+01  -3.9456500e+01   4.6371759e+02   7.4189005e-01   1.4533264e+00   2.4910448e-01
   2.0190000e+03   1.0000000e+00   7.0000000e+00   1.2000000e+01   1.6000000e+01   1.3000099e+01  -5.3841001e+01  -3.9455394e+01   4.6872098e+02   3.7127597e-01   1.0040833e+00   2.8696593e-01
   2.0190000e+03   1.0000000e+00   7.0000000e+00   1.2000000e+01   1.7000000e+01   4.7000099e+01  -5.3845172e+01  -3.9454162e+01   4.7044582e+02   1.6962841e-01   5.2639119e-01   1.5714786e-01
   2.0190000e+03   1.0000000e+00   7.0000000e+00   1.2000000e+01   1.9000000e+01   2.1000000e+01  -5.3849333e+01  -3.9452833e+01   4.7059383e+02   4.1233161e-01   8.0773748e-01   4.3052880e-01
   2.0190000e+03   1.0000000e+00   7.0000000e+00   1.2000000e+01   2.0000000e+01   5.7000000e+01  -5.3853424e+01  -3.9451776e+01   4.5975445e+02   2.6999262e-01   2.1617435e+00   1.9463140e+00
   2.0190000e+03   1.0000000e+00   7.0000000e+00   1.2000000e+01   2.2000000e+01   3.6000000e+01  -5.3857425e+01  -3.9450909e+01   4.4824124e+02   3.6433537e-01   9.9144076e-01   7.6023667e-01
   2.0190000e+03   1.0000000e+00   7.0000000e+00   1.2000000e+01   2.4000000e+01   2.3000000e+01  -5.3861499e+01  -3.9449833e+01   4.5822622e+02   1.6901803e+00   3.5504065e+00   1.6154640e+00
   2.0190000e+03   1.0000000e+00   7.0000000e+00   1.2000000e+01   2.6000000e+01   2.1000000e+01  -5.3865585e+01  -3.9448650e+01   4.6056221e+02   2.3625592e+00   4.8899811e+00   6.6452975e-01
   2.0190000e+03   1.0000000e+00   7.0000000e+00   1.2000000e+01   2.8000000e+01   2.9000000e+01  -5.3869488e+01  -3.9447550e+01   4.3967367e+02   3.1183950e+00   6.1940635e+00   9.7220290e-01
   2.0190000e+03   1.0000000e+00   7.0000000e+00   1.2000000e+01   3.0000000e+01   4.0000000e+01  -5.3873373e+01  -3.9446150e+01   4.4127413e+02   5.7249198e+00   1.1314854e+01   3.7900241e+00
   2.0190000e+03   1.0000000e+00   7.0000000e+00   1.2000000e+01   3.2000000e+01   4.9000000e+01  -5.3877307e+01  -3.9444766e+01   4.4648109e+02   7.4772224e+00   1.7160993e+01   4.0939965e+00
   2.0190000e+03   1.0000000e+00   7.0000000e+00   1.2000000e+01   3.4000000e+01   5.4000099e+01  -5.3881188e+01  -3.9443108e+01   4.4474173e+02   3.0320672e+00   6.5514104e+00   1.1335864e+00
   2.0190000e+03   1.0000000e+00   7.0000000e+00   1.2000000e+01   3.7000000e+01   1.0000000e+00  -5.3884967e+01  -3.9441466e+01   4.3350386e+02   7.1770489e+00   1.4605798e+01   2.5816855e+00
   2.0190000e+03   1.0000000e+00   7.0000000e+00   1.2000000e+01   3.9000000e+01   1.2000099e+01  -5.3888783e+01  -3.9440381e+01   4.2989002e+02   6.7734705e+00   4.2208428e+01   2.4442313e+00
   2.0190000e+03   1.0000000e+00   7.0000000e+00   1.2000000e+01   4.1000000e+01   1.2000000e+01  -5.3892830e+01  -3.9439337e+01   4.5486711e+02   1.1781861e+01   3.1588207e+01   8.4232064e+00
   2.0190000e+03   1.0000000e+00   7.0000000e+00   1.2000000e+01   4.2000000e+01   5.4000099e+01  -5.3896873e+01  -3.9438135e+01   4.5608762e+02   1.2858764e+01   3.7230509e+01   9.9051835e+00
   2.0190000e+03   1.0000000e+00   7.0000000e+00   1.2000000e+01   4.6000000e+01   1.1000000e+01  -5.3905171e+01  -3.9435832e+01   9.3432795e+02   1.2339922e+01   2.9436231e+01   3.5111694e+00
   2.0190000e+03   1.0000000e+00   7.0000000e+00   1.2000000e+01   4.7000000e+01   5.0999901e+01  -5.3909406e+01  -3.9434833e+01   4.7509085e+02   8.7861185e+00   2.4024304e+01   2.6495590e+00
   2.0190000e+03   1.0000000e+00   7.0000000e+00   1.2000000e+01   4.9000000e+01   2.8000000e+01  -5.3913528e+01  -3.9433972e+01   4.6149359e+02   8.3844870e+00   2.3795818e+01   4.5350450e+00
   2.0190000e+03   1.0000000e+00   7.0000000e+00   1.2000000e+01   5.1000000e+01   4.0000992e+00  -5.3917606e+01  -3.9432654e+01   4.6135192e+02   4.3937651e+00   9.1239741e+00   1.1433909e+00
   2.0190000e+03   1.0000000e+00   7.0000000e+00   1.2000000e+01   5.2000000e+01   4.6000099e+01  -5.3921558e+01  -3.9431625e+01   4.4422212e+02   5.3685636e+00   2.1076938e+01   1.9771366e+00
   2.0190000e+03   1.0000000e+00   7.0000000e+00   1.2000000e+01   5.6000000e+01   9.0000992e+00  -5.3929635e+01  -3.9429333e+01   9.1002378e+02   5.9744161e+00   1.4198798e+01   3.4075393e+00
   2.0190000e+03   1.0000000e+00   7.0000000e+00   1.2000000e+01   5.7000000e+01   4.8000000e+01  -5.3933775e+01  -3.9427963e+01   4.6868292e+02   4.0766277e+00   1.7247308e+01   2.3616639e+00
   2.0190000e+03   1.0000000e+00   7.0000000e+00   1.2000000e+01   5.9000000e+01   2.7000000e+01  -5.3937830e+01  -3.9426672e+01   4.5845400e+02   6.5351892e+00   2.0150741e+01   5.0978103e+00
   2.0190000e+03   1.0000000e+00   7.0000000e+00   1.3000000e+01   1.0000000e+00   4.0000992e+00  -5.3941837e+01  -3.9425334e+01   4.5378464e+02   6.9892705e+00   1.8928237e+01   5.7264353e+00
   2.0190000e+03   1.0000000e+00   7.0000000e+00   1.3000000e+01   2.0000000e+00   4.1000000e+01  -5.3945960e+01  -3.9424085e+01   4.6534501e+02   3.6454367e+00   1.0390670e+01   2.7072616e+00
   2.0190000e+03   1.0000000e+00   7.0000000e+00   1.3000000e+01   4.0000000e+00   2.0000099e+01  -5.3950030e+01  -3.9422838e+01   4.5950059e+02   4.0704394e+00   1.2565859e+01   1.3206699e+00
   2.0190000e+03   1.0000000e+00   7.0000000e+00   1.3000000e+01   6.0000000e+00   0.0000000e+00  -5.3954151e+01  -3.9421682e+01   4.6414495e+02   3.5238176e+00   2.7434863e+01   1.8874350e+00
   2.0190000e+03   1.0000000e+00   7.0000000e+00   1.3000000e+01   7.0000000e+00   4.1000000e+01  -5.3958275e+01  -3.9420058e+01   4.7041714e+02   5.8001750e+00   1.2713029e+01   3.6111874e+00
   2.0190000e+03   1.0000000e+00   7.0000000e+00   1.3000000e+01   9.0000000e+00   2.1000000e+01  -5.3962433e+01  -3.9418711e+01   4.7036148e+02   4.4375722e+00   1.9235085e+01   7.5563472e+00
   2.0190000e+03   1.0000000e+00   7.0000000e+00   1.3000000e+01   1.1000000e+01   2.0000000e+00  -5.3966526e+01  -3.9417500e+01   4.6168573e+02   1.6809432e+01   3.4988513e+01   1.8670257e+01
   2.0190000e+03   1.0000000e+00   7.0000000e+00   1.3000000e+01   1.2000000e+01   4.1000000e+01  -5.3970608e+01  -3.9416315e+01   4.6011242e+02   2.9667158e+00   1.0209247e+01   3.6759484e+00
   2.0190000e+03   1.0000000e+00   7.0000000e+00   1.3000000e+01   1.4000000e+01   1.8000000e+01  -5.3974619e+01  -3.9415094e+01   4.5283120e+02   5.2371699e+00   1.6465399e+01   6.5820474e+00
   2.0190000e+03   1.0000000e+00   7.0000000e+00   1.3000000e+01   1.5000000e+01   5.3000000e+01  -5.3978623e+01  -3.9413768e+01   4.5327442e+02   6.6904227e+00   2.1315465e+01   5.9630461e+00
   2.0190000e+03   1.0000000e+00   7.0000000e+00   1.3000000e+01   1.7000000e+01   3.0000000e+01  -5.3982667e+01  -3.9412500e+01   4.5687259e+02   7.6296195e+00   2.7456646e+01   2.0458579e+00
   2.0190000e+03   1.0000000e+00   7.0000000e+00   1.3000000e+01   1.9000000e+01   1.0000000e+01  -5.3986833e+01  -3.9411167e+01   4.7112403e+02   8.9133685e+00   3.0129678e+01   3.1352424e+00
   2.0190000e+03   1.0000000e+00   7.0000000e+00   1.3000000e+01   2.0000000e+01   5.1000000e+01  -5.3991000e+01  -3.9409833e+01   4.7112363e+02   6.0438780e+00   2.8140974e+01   3.2766578e+00
   2.0190000e+03   1.0000000e+00   7.0000000e+00   1.3000000e+01   2.2000000e+01   3.1999901e+01  -5.3995162e+01  -3.9408667e+01   4.6877268e+02   3.6078065e+00   1.0385375e+01   4.0950021e+00
   2.0190000e+03   1.0000000e+00   7.0000000e+00   1.3000000e+01   2.4000000e+01   1.2000099e+01  -5.3999305e+01  -3.9407439e+01   4.6723204e+02   2.3104548e+00   6.6433059e+00   3.4374474e+00
   2.0190000e+03   1.0000000e+00   7.0000000e+00   1.3000000e+01   2.5000000e+01   5.4000000e+01  -5.4003412e+01  -3.9406333e+01   4.6208558e+02   4.6135346e+00   1.7476074e+01   1.6574829e+01
   2.0190000e+03   1.0000000e+00   7.0000000e+00   1.3000000e+01   2.7000000e+01   3.5000000e+01  -5.4007500e+01  -3.9405000e+01   4.6250800e+02   2.6476611e+02   5.1884576e+02   4.9847471e+02
   2.0190000e+03   1.0000000e+00   7.0000000e+00   1.3000000e+01   2.9000000e+01   1.6000099e+01  -5.4011550e+01  -3.9403617e+01   4.5901941e+02   3.0178782e+00   6.1285151e+00   3.9421470e+00
   2.0190000e+03   1.0000000e+00   7.0000000e+00   1.3000000e+01   3.0000000e+01   5.6000000e+01  -5.4015667e+01  -3.9402333e+01   4.6504834e+02   1.5580352e+00   8.7562042e+00   1.3832646e+00
   2.0190000e+03   1.0000000e+00   7.0000000e+00   1.3000000e+01   3.2000000e+01   3.5000000e+01  -5.4019689e+01  -3.9400983e+01   4.5557332e+02   2.1972238e+00   7.3815849e+00   2.2668240e+00
   2.0190000e+03   1.0000000e+00   7.0000000e+00   1.3000000e+01   3.5000000e+01   5.4000000e+01  -5.4027833e+01  -3.9398167e+01   9.2348165e+02   3.6326315e+00   9.1554751e+00   6.0283918e+00
   2.0190000e+03   1.0000000e+00   7.0000000e+00   1.3000000e+01   3.7000000e+01   3.5000000e+01  -5.4032003e+01  -3.9396998e+01   4.6956854e+02   1.0944539e+00   8.9034851e+00   4.2720921e+00
   2.0190000e+03   1.0000000e+00   7.0000000e+00   1.3000000e+01   3.9000000e+01   1.5000000e+01  -5.4036087e+01  -3.9395699e+01   4.6164352e+02   4.4892174e-01   3.9214351e+00   2.5865806e+00
   2.0190000e+03   1.0000000e+00   7.0000000e+00   1.3000000e+01   4.0000000e+01   5.5000000e+01  -5.4040143e+01  -3.9394350e+01   4.5929273e+02   1.2926775e+00   5.3685180e+00   3.5552767e+00
   2.0190000e+03   1.0000000e+00   7.0000000e+00   1.3000000e+01   4.4000000e+01   1.7000000e+01  -5.4048231e+01  -3.9392143e+01   9.1018733e+02   1.9478473e+00   3.8157377e+00   2.3819591e+00
   2.0190000e+03   1.0000000e+00   7.0000000e+00   1.3000000e+01   4.5000000e+01   5.6000099e+01  -5.4052333e+01  -3.9390833e+01   4.6374940e+02   2.7421307e+00   7.2530316e+00   2.6084867e+00
