   2.0190000e+03   1.0000000e+00   8.0000000e+00   1.3000000e+01   4.4000000e+01   2.5000000e+01  -5.3963167e+01  -3.8527000e+01   4.6567273e+02   2.7819549e+00   7.0072788e+00   1.1501689e+00
   2.0190000e+03   1.0000000e+00   8.0000000e+00   1.3000000e+01   4.7000000e+01   4.7000000e+01  -5.3954795e+01  -3.8529179e+01   9.4112075e+02   5.3313363e+01   1.0462254e+02   1.0045317e+02
   2.0190000e+03   1.0000000e+00   8.0000000e+00   1.3000000e+01   4.9000000e+01   2.6000000e+01  -5.3950669e+01  -3.8530497e+01   4.6644106e+02   1.3381357e+01   3.2771117e+01   1.0900369e+01
   2.0190000e+03   1.0000000e+00   8.0000000e+00   1.3000000e+01   5.1000000e+01   5.0000000e+00  -5.3946667e+01  -3.8531833e+01   4.5329803e+02   2.7415932e+00   5.8634460e+00   2.1931412e+00
   2.0190000e+03   1.0000000e+00   8.0000000e+00   1.3000000e+01   5.2000000e+01   4.6000000e+01  -5.3942650e+01  -3.8533164e+01   4.5475989e+02   4.1134839e+00   8.0581141e+00   5.4029012e-01
   2.0190000e+03   1.0000000e+00   8.0000000e+00   1.3000000e+01   5.4000000e+01   3.2000000e+01  -5.3938580e+01  -3.8534333e+01   4.5864505e+02   9.1225717e-01   3.5566421e+00   3.9318990e-01
   2.0190000e+03   1.0000000e+00   8.0000000e+00   1.3000000e+01   5.6000000e+01   1.6000000e+01  -5.3934564e+01  -3.8535667e+01   4.5468066e+02   5.7551710e+00   1.1783312e+01   1.0492470e+01
   2.0190000e+03   1.0000000e+00   8.0000000e+00   1.3000000e+01   5.7000000e+01   5.7000000e+01  -5.3930494e+01  -3.8537000e+01   4.6064212e+02   1.3019068e+00   2.6024671e+00   1.0712123e+00
   2.0190000e+03   1.0000000e+00   8.0000000e+00   1.3000000e+01   5.9000000e+01   3.8000000e+01  -5.3926313e+01  -3.8538328e+01   4.7266105e+02   3.3100764e+00   6.4842781e+00   1.9370105e+00
   2.0190000e+03   1.0000000e+00   8.0000000e+00   1.4000000e+01   1.0000000e+00   1.7000000e+01  -5.3922213e+01  -3.8539598e+01   4.6303957e+02   1.1623296e+02   2.2846806e+02   2.2357267e+02
   2.0190000e+03   1.0000000e+00   8.0000000e+00   1.4000000e+01   2.0000000e+00   5.7000000e+01  -5.3918179e+01  -3.8540833e+01   4.5553995e+02   2.1955195e+02   4.3013385e+02   4.1646893e+02
   2.0190000e+03   1.0000000e+00   8.0000000e+00   1.4000000e+01   4.0000000e+00   3.8000000e+01  -5.3913998e+01  -3.8542167e+01   4.7266793e+02   6.6515724e+00   1.3131997e+01   4.9646828e+00
   2.0190000e+03   1.0000000e+00   8.0000000e+00   1.4000000e+01   6.0000000e+00   2.0000000e+01  -5.3909995e+01  -3.8543482e+01   4.5310614e+02   1.2141982e+00   2.5750998e+00   1.2725877e+00
   2.0190000e+03   1.0000000e+00   8.0000000e+00   1.4000000e+01   8.0000000e+00   0.0000000e+00  -5.3905916e+01  -3.8544750e+01   4.6078123e+02   3.6548787e+00   7.4868814e+00   6.7871691e+00
   2.0190000e+03   1.0000000e+00   8.0000000e+00   1.4000000e+01   9.0000000e+00   3.9000000e+01  -5.3901787e+01  -3.8546146e+01   4.6781745e+02   5.6049323e+01   1.0979789e+02   1.0748100e+02
   2.0190000e+03   1.0000000e+00   8.0000000e+00   1.4000000e+01   1.1000000e+01   1.7000000e+01  -5.3897669e+01  -3.8547497e+01   4.6613180e+02   1.5953813e+00   6.1289905e+00   2.8699680e+00
   2.0190000e+03   1.0000000e+00   8.0000000e+00   1.4000000e+01   1.2000000e+01   5.5000000e+01  -5.3893657e+01  -3.8548672e+01   4.5233993e+02   3.7769270e+00   7.4284366e+00   5.6573978e+00
   2.0190000e+03   1.0000000e+00   8.0000000e+00   1.4000000e+01   1.4000000e+01   3.5000000e+01  -5.3889535e+01  -3.8550000e+01   4.6624521e+02   2.2054797e+00   5.8849416e+00   4.1877148e+00
   2.0190000e+03   1.0000000e+00   8.0000000e+00   1.4000000e+01   1.6000000e+01   1.4000000e+01  -5.3885462e+01  -3.8551349e+01   4.6111903e+02   1.5950835e+00   3.1246908e+00   2.2242708e+00
   2.0190000e+03   1.0000000e+00   8.0000000e+00   1.4000000e+01   1.7000000e+01   5.4000000e+01  -5.3881500e+01  -3.8552667e+01   4.4864414e+02   1.1580948e+00   2.2686512e+00   1.9321759e+00
   2.0190000e+03   1.0000000e+00   8.0000000e+00   1.4000000e+01   1.9000000e+01   3.5000000e+01  -5.3877363e+01  -3.8553898e+01   4.6668945e+02   5.8413342e-01   1.2862206e+00   7.5458381e-01
   2.0190000e+03   1.0000000e+00   8.0000000e+00   1.4000000e+01   2.1000000e+01   1.7000000e+01  -5.3873314e+01  -3.8555178e+01   4.5766145e+02   4.0149276e-01   1.8077133e+00   1.6931699e+00
   2.0190000e+03   1.0000000e+00   8.0000000e+00   1.4000000e+01   2.2000000e+01   5.7000000e+01  -5.3869236e+01  -3.8556545e+01   4.6190361e+02   5.8732993e-01   1.5124585e+00   9.8009385e-01
   2.0190000e+03   1.0000000e+00   8.0000000e+00   1.4000000e+01   2.4000000e+01   3.5000000e+01  -5.3865172e+01  -3.8557828e+01   4.5945662e+02   3.2687052e-01   1.0713448e+00   3.5374348e-01
   2.0190000e+03   1.0000000e+00   8.0000000e+00   1.4000000e+01   2.6000000e+01   1.3000000e+01  -5.3861001e+01  -3.8559165e+01   4.7161842e+02   3.0619864e-01   6.9517963e-01   4.1334100e-01
   2.0190000e+03   1.0000000e+00   8.0000000e+00   1.4000000e+01   2.7000000e+01   5.1000000e+01  -5.3857000e+01  -3.8560500e+01   4.5313809e+02   9.9295920e-01   4.1956502e+00   2.1622641e+00
   2.0190000e+03   1.0000000e+00   8.0000000e+00   1.4000000e+01   2.9000000e+01   3.0000000e+01  -5.3852867e+01  -3.8561833e+01   4.6750266e+02   2.2680163e+00   5.6812769e+00   2.1165505e+00
   2.0190000e+03   1.0000000e+00   8.0000000e+00   1.4000000e+01   3.1000000e+01   6.0000000e+00  -5.3848793e+01  -3.8563164e+01   4.6099257e+02   3.9244070e+00   7.7024471e+00   1.0403216e+00
   2.0190000e+03   1.0000000e+00   8.0000000e+00   1.4000000e+01   3.2000000e+01   4.1000000e+01  -5.3844681e+01  -3.8564333e+01   4.6339769e+02   7.4100924e+01   1.4686175e+02   1.3121971e+02
   2.0190000e+03   1.0000000e+00   8.0000000e+00   1.4000000e+01   3.4000000e+01   1.9000000e+01  -5.3840548e+01  -3.8565758e+01   4.6854929e+02   1.0081935e+02   2.0129994e+02   1.4997468e+02
   2.0190000e+03   1.0000000e+00   8.0000000e+00   1.4000000e+01   3.5000000e+01   5.8000000e+01  -5.3836379e+01  -3.8567121e+01   4.7188437e+02   1.0878448e+01   2.2129852e+01   9.4871975e-01
   2.0190000e+03   1.0000000e+00   8.0000000e+00   1.4000000e+01   3.7000000e+01   3.7000000e+01  -5.3832244e+01  -3.8568484e+01   4.6811024e+02   1.4403816e+00   2.8216373e+00   1.2460974e+00
   2.0190000e+03   1.0000000e+00   8.0000000e+00   1.4000000e+01   3.9000000e+01   1.4000000e+01  -5.3828301e+01  -3.8569667e+01   4.4495785e+02   2.0695912e-01   5.6265306e-01   1.4070089e-01
   2.0190000e+03   1.0000000e+00   8.0000000e+00   1.4000000e+01   4.0000000e+01   5.0000000e+01  -5.3824235e+01  -3.8571000e+01   4.6017286e+02   2.5679349e-01   6.3480806e-01   1.2893839e-01
   2.0190000e+03   1.0000000e+00   8.0000000e+00   1.4000000e+01   4.2000000e+01   2.5000000e+01  -5.3820114e+01  -3.8572333e+01   4.6616741e+02   5.5601151e-01   1.1848502e+00   2.7443836e-01
   2.0190000e+03   1.0000000e+00   8.0000000e+00   1.4000000e+01   4.4000000e+01   3.0000000e+00  -5.3815853e+01  -3.8573655e+01   4.8137233e+02   7.0980036e-01   1.5180216e+00   4.2870863e-01
   2.0190000e+03   1.0000000e+00   8.0000000e+00   1.4000000e+01   4.5000000e+01   4.3000000e+01  -5.3811685e+01  -3.8574979e+01   4.7126117e+02   2.2212933e-01   4.3514052e-01   2.1974356e-01
   2.0190000e+03   1.0000000e+00   8.0000000e+00   1.4000000e+01   4.7000000e+01   2.0000000e+01  -5.3807662e+01  -3.8576331e+01   4.5568772e+02   9.5888520e-01   2.1061986e+00   1.9461492e+00
   2.0190000e+03   1.0000000e+00   8.0000000e+00   1.4000000e+01   4.8000000e+01   5.6000000e+01  -5.3803511e+01  -3.8577581e+01   4.6855772e+02   4.5665684e-01   1.0751656e+00   5.7160010e-01
   2.0190000e+03   1.0000000e+00   8.0000000e+00   1.4000000e+01   5.0000000e+01   3.1000000e+01  -5.3799504e+01  -3.8578996e+01   4.5481248e+02   8.7641355e-01   1.7586551e+00   1.0925839e+00
   2.0190000e+03   1.0000000e+00   8.0000000e+00   1.4000000e+01   5.2000000e+01   7.0000000e+00  -5.3795357e+01  -3.8580214e+01   4.6774353e+02   6.8228285e-01   1.3365588e+00   1.9007337e-01
   2.0190000e+03   1.0000000e+00   8.0000000e+00   1.4000000e+01   5.3000000e+01   4.5000000e+01  -5.3791249e+01  -3.8581533e+01   4.6456114e+02   5.5914069e-01   1.3014792e+00   7.0018236e-01
   2.0190000e+03   1.0000000e+00   8.0000000e+00   1.4000000e+01   5.5000000e+01   2.1000000e+01  -5.3787181e+01  -3.8582853e+01   4.6027376e+02   1.0474587e+00   2.4202877e+00   2.0528469e+00
   2.0190000e+03   1.0000000e+00   8.0000000e+00   1.4000000e+01   5.6000000e+01   5.7000000e+01  -5.3783167e+01  -3.8584167e+01   4.5432980e+02   9.8133721e-01   3.5232036e+00   1.6744456e+00
   2.0190000e+03   1.0000000e+00   8.0000000e+00   1.4000000e+01   5.8000000e+01   3.5000000e+01  -5.3779109e+01  -3.8585329e+01   4.5732154e+02   1.9630165e+00   4.2022393e+00   2.1163100e+00
   2.0190000e+03   1.0000000e+00   8.0000000e+00   1.5000000e+01   0.0000000e+00   1.5000000e+01  -5.3775049e+01  -3.8586667e+01   4.5965022e+02   2.1116618e+00   4.2341848e+00   3.9610503e+00
   2.0190000e+03   1.0000000e+00   8.0000000e+00   1.5000000e+01   1.0000000e+00   5.9000000e+01  -5.3770973e+01  -3.8588004e+01   4.6126773e+02   3.2796597e+00   6.4458253e+00   6.2282916e+00
   2.0190000e+03   1.0000000e+00   8.0000000e+00   1.5000000e+01   3.0000000e+00   4.1000000e+01  -5.3766955e+01  -3.8589325e+01   4.5483934e+02   2.0172146e+00   3.9516249e+00   2.8423312e+00
   2.0190000e+03   1.0000000e+00   8.0000000e+00   1.5000000e+01   5.0000000e+00   1.8000099e+01  -5.3762841e+01  -3.8590505e+01   4.6368873e+02   1.4933677e+00   3.0540071e+00   6.9249937e-01
   2.0190000e+03   1.0000000e+00   8.0000000e+00   1.5000000e+01   6.0000000e+00   5.6000000e+01  -5.3758663e+01  -3.8591833e+01   4.7238078e+02   1.3092358e+00   2.7957486e+00   1.1534239e+00
   2.0190000e+03   1.0000000e+00   8.0000000e+00   1.5000000e+01   8.0000000e+00   3.6000000e+01  -5.3754585e+01  -3.8593202e+01   4.6198995e+02   9.3779003e-01   1.8370849e+00   7.5248392e-01
   2.0190000e+03   1.0000000e+00   8.0000000e+00   1.5000000e+01   1.0000000e+01   1.3000000e+01  -5.3750584e+01  -3.8594416e+01   4.5165996e+02   8.3732764e-01   1.7215262e+00   5.3843208e-01
   2.0190000e+03   1.0000000e+00   8.0000000e+00   1.5000000e+01   1.1000000e+01   4.9000000e+01  -5.3746505e+01  -3.8595814e+01   4.6255805e+02   1.3656975e+00   2.7280711e+00   1.6869549e+00
   2.0190000e+03   1.0000000e+00   8.0000000e+00   1.5000000e+01   1.3000000e+01   2.9000099e+01  -5.3742443e+01  -3.8597033e+01   4.5837664e+02   1.1570117e+00   2.4582551e+00   9.5576656e-01
   2.0190000e+03   1.0000000e+00   8.0000000e+00   1.5000000e+01   1.5000000e+01   1.2000000e+01  -5.3738333e+01  -3.8598333e+01   4.6460061e+02   1.1566923e+00   2.4608231e+00   9.9314831e-01
   2.0190000e+03   1.0000000e+00   8.0000000e+00   1.5000000e+01   1.6000000e+01   5.4000000e+01  -5.3734333e+01  -3.8599667e+01   4.5303728e+02   3.4095330e+00   7.2295534e+00   1.2843472e+00
   2.0190000e+03   1.0000000e+00   8.0000000e+00   1.5000000e+01   1.8000000e+01   3.3000099e+01  -5.3730242e+01  -3.8600833e+01   4.6103497e+02   1.4673840e+00   2.9318268e+00   5.9221529e-01
   2.0190000e+03   1.0000000e+00   8.0000000e+00   1.5000000e+01   2.0000000e+01   1.2000000e+01  -5.3726167e+01  -3.8602167e+01   4.6127227e+02   9.1790130e-01   1.9121597e+00   1.6112586e+00
   2.0190000e+03   1.0000000e+00   8.0000000e+00   1.5000000e+01   2.1000000e+01   5.0000000e+01  -5.3722052e+01  -3.8603500e+01   4.6560341e+02   1.0556398e+00   2.0679468e+00   1.4499893e+00
   2.0190000e+03   1.0000000e+00   8.0000000e+00   1.5000000e+01   2.3000000e+01   2.6000000e+01  -5.3717986e+01  -3.8604833e+01   4.6015176e+02   5.2480405e+00   1.0280655e+01   1.2956742e+00
   2.0190000e+03   1.0000000e+00   8.0000000e+00   1.5000000e+01   2.5000000e+01   2.0000992e+00  -5.3713807e+01  -3.8606164e+01   4.7259647e+02   2.2451371e+00   2.4876817e+01   7.9353657e-01
   2.0190000e+03   1.0000000e+00   8.0000000e+00   1.5000000e+01   2.6000000e+01   3.9000000e+01  -5.3709798e+01  -3.8607333e+01   4.5200586e+02   4.0894342e+00   2.2309444e+01   1.5851762e+00
   2.0190000e+03   1.0000000e+00   8.0000000e+00   1.5000000e+01   2.8000000e+01   1.6000099e+01  -5.3705781e+01  -3.8608705e+01   4.5540826e+02   6.6227268e+00   1.7947230e+01   1.2648616e+00
   2.0190000e+03   1.0000000e+00   8.0000000e+00   1.5000000e+01   2.9000000e+01   5.2000000e+01  -5.3701722e+01  -3.8610000e+01   4.5907077e+02   1.2210654e+01   3.3299899e+01   1.8041587e+00
   2.0190000e+03   1.0000000e+00   8.0000000e+00   1.5000000e+01   3.1000000e+01   2.9000000e+01  -5.3697667e+01  -3.8611333e+01   4.5905706e+02   6.6032951e+01   1.2953383e+02   3.4141283e+00
   2.0190000e+03   1.0000000e+00   8.0000000e+00   1.5000000e+01   3.3000000e+01   4.0000000e+00  -5.3693578e+01  -3.8612506e+01   4.6087208e+02   1.8947413e+00   3.8302333e+00   1.8216737e+00
   2.0190000e+03   1.0000000e+00   8.0000000e+00   1.5000000e+01   3.4000000e+01   3.7000000e+01  -5.3689633e+01  -3.8613823e+01   4.4679496e+02   3.9468273e+00   7.7687622e+00   2.8002364e+00
   2.0190000e+03   1.0000000e+00   8.0000000e+00   1.5000000e+01   3.6000000e+01   1.2000000e+01  -5.3685573e+01  -3.8615094e+01   4.5884246e+02   5.5992695e+00   1.1036212e+01   2.7273157e+00
   2.0190000e+03   1.0000000e+00   8.0000000e+00   1.5000000e+01   3.7000000e+01   5.1000000e+01  -5.3681503e+01  -3.8616340e+01   4.5968957e+02   4.9722666e+00   1.0100125e+01   1.5521484e+00
   2.0190000e+03   1.0000000e+00   8.0000000e+00   1.5000000e+01   3.9000000e+01   3.1000099e+01  -5.3677491e+01  -3.8617670e+01   4.5431707e+02   3.2663910e+00   6.4154056e+00   8.4366416e-01
   2.0190000e+03   1.0000000e+00   8.0000000e+00   1.5000000e+01   4.1000000e+01   1.2000000e+01  -5.3673478e+01  -3.8618994e+01   4.5437241e+02   6.4821046e+00   2.0293747e+01   1.8860514e+00
   2.0190000e+03   1.0000000e+00   8.0000000e+00   1.5000000e+01   4.2000000e+01   5.2000000e+01  -5.3669520e+01  -3.8620171e+01   4.4656268e+02   2.7150465e+00   5.3855772e+00   2.3444598e+00
   2.0190000e+03   1.0000000e+00   8.0000000e+00   1.5000000e+01   4.4000000e+01   3.1000000e+01  -5.3665508e+01  -3.8621489e+01   4.5413870e+02   3.0438773e+00   6.0426871e+00   3.7505903e+00
   2.0190000e+03   1.0000000e+00   8.0000000e+00   1.5000000e+01   4.6000000e+01   9.0000992e+00  -5.3661333e+01  -3.8622833e+01   4.7227440e+02   5.0401883e+00   1.7477385e+01   2.8556129e+00
   2.0190000e+03   1.0000000e+00   8.0000000e+00   1.5000000e+01   4.7000000e+01   4.8000000e+01  -5.3657330e+01  -3.8624099e+01   4.5259017e+02   2.9495208e+00   3.5131933e+01   2.0393181e+00
   2.0190000e+03   1.0000000e+00   8.0000000e+00   1.5000000e+01   4.9000000e+01   2.5000000e+01  -5.3653410e+01  -3.8625323e+01   4.4297277e+02   3.3202268e+00   1.3929560e+01   9.2491802e-01
   2.0190000e+03   1.0000000e+00   8.0000000e+00   1.5000000e+01   5.1000000e+01   5.0000992e+00  -5.3649347e+01  -3.8626519e+01   4.5829004e+02   1.9613094e+00   9.5058321e+00   1.4017686e+00
   2.0190000e+03   1.0000000e+00   8.0000000e+00   1.5000000e+01   5.2000000e+01   4.8000000e+01  -5.3645274e+01  -3.8627880e+01   4.6143944e+02   1.2581990e+00   3.0825096e+00   8.1178843e-01
   2.0190000e+03   1.0000000e+00   8.0000000e+00   1.5000000e+01   5.4000000e+01   3.0000000e+01  -5.3641167e+01  -3.8629167e+01   4.6417784e+02   2.5308119e+00   7.0320602e+00   2.2526527e+00
   2.0190000e+03   1.0000000e+00   8.0000000e+00   1.5000000e+01   5.6000000e+01   1.2000000e+01  -5.3637138e+01  -3.8630495e+01   4.5618759e+02   1.6366160e+00   1.6146853e+01   8.3993811e-01
   2.0190000e+03   1.0000000e+00   8.0000000e+00   1.5000000e+01   5.7000000e+01   5.4000000e+01  -5.3633016e+01  -3.8631667e+01   4.6448804e+02   3.7465464e+00   8.6549749e+00   2.0199742e+00
   2.0190000e+03   1.0000000e+00   8.0000000e+00   1.5000000e+01   5.9000000e+01   3.3999901e+01  -5.3629002e+01  -3.8633000e+01   4.5451651e+02   3.6161689e+00   1.4818377e+01   3.6933777e+00
   2.0190000e+03   1.0000000e+00   8.0000000e+00   1.6000000e+01   1.0000000e+00   1.3000099e+01  -5.3624873e+01  -3.8634394e+01   4.6798574e+02   7.0703234e+00   2.9107047e+01   3.6795442e+00
   2.0190000e+03   1.0000000e+00   8.0000000e+00   1.6000000e+01   2.0000000e+00   5.0000000e+01  -5.3620748e+01  -3.8635628e+01   4.6556042e+02   4.0189746e+00   9.4493882e+00   1.7063652e+00
   2.0190000e+03   1.0000000e+00   8.0000000e+00   1.6000000e+01   4.0000000e+00   2.7000000e+01  -5.3616805e+01  -3.8636865e+01   4.4564959e+02   4.8332803e+00   9.7628398e+00   6.5360342e-01
   2.0190000e+03   1.0000000e+00   8.0000000e+00   1.6000000e+01   6.0000000e+00   5.0000000e+00  -5.3612791e+01  -3.8638167e+01   4.5421199e+02   2.5814006e+00   6.8323066e+00   2.8995083e-01
   2.0190000e+03   1.0000000e+00   8.0000000e+00   1.6000000e+01   7.0000000e+00   4.7000000e+01  -5.3608669e+01  -3.8639437e+01   4.6557395e+02   2.0767216e+00   4.5670386e+00   3.9565057e-01
   2.0190000e+03   1.0000000e+00   8.0000000e+00   1.6000000e+01   9.0000000e+00   3.4000000e+01  -5.3604667e+01  -3.8640833e+01   4.5419400e+02   1.0123680e+00   2.1832088e+00   1.2650270e+00
   2.0190000e+03   1.0000000e+00   8.0000000e+00   1.6000000e+01   1.1000000e+01   1.9000000e+01  -5.3600675e+01  -3.8642002e+01   4.5022002e+02   1.2365464e+00   3.4791495e+00   1.8617756e+00
   2.0190000e+03   1.0000000e+00   8.0000000e+00   1.6000000e+01   1.3000000e+01   1.0000000e+00  -5.3596715e+01  -3.8643208e+01   4.4718217e+02   1.1366364e+00   3.2082435e+00   1.0162541e+00
   2.0190000e+03   1.0000000e+00   8.0000000e+00   1.6000000e+01   1.4000000e+01   4.2000000e+01  -5.3592667e+01  -3.8644500e+01   4.5780859e+02   1.0426337e+00   2.2586185e+00   2.7365933e-01
   2.0190000e+03   1.0000000e+00   8.0000000e+00   1.6000000e+01   1.6000000e+01   2.1000099e+01  -5.3588643e+01  -3.8645834e+01   4.5564607e+02   9.9634768e-01   1.9517964e+00   3.5936378e-01
   2.0190000e+03   1.0000000e+00   8.0000000e+00   1.6000000e+01   1.7000000e+01   5.8000000e+01  -5.3584581e+01  -3.8647086e+01   4.5891090e+02   6.7549267e-01   1.3354831e+00   4.6076574e-01
   2.0190000e+03   1.0000000e+00   8.0000000e+00   1.6000000e+01   1.9000000e+01   3.8000000e+01  -5.3580623e+01  -3.8648333e+01   4.4739305e+02   1.1416795e+00   3.9956741e+00   1.0678746e+00
   2.0190000e+03   1.0000000e+00   8.0000000e+00   1.6000000e+01   2.1000000e+01   2.1000000e+01  -5.3576553e+01  -3.8649614e+01   4.6015319e+02   1.5529831e+00   3.0422180e+00   1.9481647e+00
   2.0190000e+03   1.0000000e+00   8.0000000e+00   1.6000000e+01   2.3000000e+01   5.0000000e+00  -5.3572500e+01  -3.8651000e+01   4.5953160e+02   3.1189811e+00   6.7443341e+00   5.7569909e+00
   2.0190000e+03   1.0000000e+00   8.0000000e+00   1.6000000e+01   2.4000000e+01   4.5000000e+01  -5.3568333e+01  -3.8652333e+01   4.7128572e+02   2.3223396e+00   6.7478865e+00   4.8754789e+00
   2.0190000e+03   1.0000000e+00   8.0000000e+00   1.6000000e+01   2.6000000e+01   2.4000000e+01  -5.3564167e+01  -3.8653500e+01   4.6935718e+02   1.7556197e+00   3.8566073e+00   1.6988410e+00
   2.0190000e+03   1.0000000e+00   8.0000000e+00   1.6000000e+01   2.8000000e+01   5.0000000e+00  -5.3559998e+01  -3.8655000e+01   4.7364122e+02   3.0155759e+00   1.0601275e+01   4.8782471e+00
   2.0190000e+03   1.0000000e+00   8.0000000e+00   1.6000000e+01   2.9000000e+01   4.7000000e+01  -5.3555833e+01  -3.8656167e+01   4.6918428e+02   6.0896420e-01   4.2156797e+00   1.6411374e+00
   2.0190000e+03   1.0000000e+00   8.0000000e+00   1.6000000e+01   3.1000000e+01   2.7999901e+01  -5.3551857e+01  -3.8657487e+01   4.5033521e+02   1.5233626e+00   3.9196405e+00   2.7672671e+00
   2.0190000e+03   1.0000000e+00   8.0000000e+00   1.6000000e+01   3.3000000e+01   8.0000000e+00  -5.3547721e+01  -3.8658785e+01   4.6759874e+02   3.5727918e+00   8.5454585e+00   5.7417000e+00
   2.0190000e+03   1.0000000e+00   8.0000000e+00   1.6000000e+01   3.4000000e+01   4.6000000e+01  -5.3543669e+01  -3.8660000e+01   4.5732829e+02   2.2610047e+00   4.8208020e+00   3.7941109e+00
   2.0190000e+03   1.0000000e+00   8.0000000e+00   1.6000000e+01   3.6000000e+01   2.9000000e+01  -5.3539667e+01  -3.8661333e+01   4.5333375e+02   2.0932190e+00   4.1922830e+00   2.6606936e+00
   2.0190000e+03   1.0000000e+00   8.0000000e+00   1.6000000e+01   3.8000000e+01   1.3000000e+01  -5.3535635e+01  -3.8662519e+01   4.5474749e+02   1.7170294e+00   5.7441716e+00   4.3481276e+00
   2.0190000e+03   1.0000000e+00   8.0000000e+00   1.6000000e+01   3.9000000e+01   5.5000000e+01  -5.3531664e+01  -3.8663832e+01   4.4976351e+02   1.8997836e+00   6.6342878e+00   4.0676204e+00
   2.0190000e+03   1.0000000e+00   8.0000000e+00   1.6000000e+01   4.1000000e+01   3.7000099e+01  -5.3527600e+01  -3.8665168e+01   4.6005327e+02   2.1320035e+00   5.3303492e+00   2.9485120e+00
   2.0190000e+03   1.0000000e+00   8.0000000e+00   1.6000000e+01   4.3000000e+01   1.8000000e+01  -5.3523539e+01  -3.8666330e+01   4.5783427e+02   1.6013455e+00   6.5589984e+00   1.6777328e+00
   2.0190000e+03   1.0000000e+00   8.0000000e+00   1.6000000e+01   4.4000000e+01   5.6000000e+01  -5.3519500e+01  -3.8667667e+01   4.5737848e+02   1.8689939e+00   3.9181380e+00   1.5596032e+00
   2.0190000e+03   1.0000000e+00   8.0000000e+00   1.6000000e+01   4.6000000e+01   3.6000000e+01  -5.3515454e+01  -3.8668995e+01   4.5806373e+02   2.3004516e+00   6.3412262e+00   2.3655208e+00
   2.0190000e+03   1.0000000e+00   8.0000000e+00   1.6000000e+01   4.8000000e+01   1.5999901e+01  -5.3511337e+01  -3.8670167e+01   4.6403338e+02   3.3159734e+00   6.5502128e+00   3.8840587e+00
   2.0190000e+03   1.0000000e+00   8.0000000e+00   1.6000000e+01   4.9000000e+01   5.4000000e+01  -5.3507167e+01  -3.8671500e+01   4.7167408e+02   6.2266275e-01   3.0060116e+00   1.9142938e+00
   2.0190000e+03   1.0000000e+00   8.0000000e+00   1.6000000e+01   5.1000000e+01   3.4000000e+01  -5.3503091e+01  -3.8672667e+01   4.5945756e+02   1.7979842e+00   5.6837073e+00   4.5505455e+00
   2.0190000e+03   1.0000000e+00   8.0000000e+00   1.6000000e+01   5.3000000e+01   2.2000000e+01  -5.3499183e+01  -3.8674008e+01   4.4318159e+02   1.5881804e+00   5.4146096e+00   4.0204126e+00
   2.0190000e+03   1.0000000e+00   8.0000000e+00   1.6000000e+01   5.5000000e+01   1.0000000e+01  -5.3495197e+01  -3.8675314e+01   4.5122455e+02   2.7623614e+00   6.2058858e+00   5.1513248e+00
   2.0190000e+03   1.0000000e+00   8.0000000e+00   1.6000000e+01   5.6000000e+01   5.2000000e+01  -5.3491119e+01  -3.8676592e+01   4.6099700e+02   2.4147872e+00   1.0758558e+01   9.8825464e+00
   2.0190000e+03   1.0000000e+00   8.0000000e+00   1.6000000e+01   5.8000000e+01   2.9000000e+01  -5.3487076e+01  -3.8677854e+01   4.5687372e+02   3.3259038e+00   1.3002379e+01   9.1744153e+00
   2.0190000e+03   1.0000000e+00   8.0000000e+00   1.7000000e+01   0.0000000e+00   7.9999008e+00  -5.3483000e+01  -3.8679167e+01   4.6120666e+02   4.6128815e+00   1.1253775e+01   7.4468835e+00
   2.0190000e+03   1.0000000e+00   8.0000000e+00   1.7000000e+01   1.0000000e+00   4.6000000e+01  -5.3478879e+01  -3.8680510e+01   4.6647807e+02   9.1247287e+00   2.6125178e+01   8.7714628e+00
   2.0190000e+03   1.0000000e+00   8.0000000e+00   1.7000000e+01   3.0000000e+00   2.4000000e+01  -5.3474833e+01  -3.8681667e+01   4.5600037e+02   5.2248304e+00   4.2837933e+01   1.6483108e+01
   2.0190000e+03   1.0000000e+00   8.0000000e+00   1.7000000e+01   5.0000000e+00   5.0000000e+00  -5.3470833e+01  -3.8683000e+01   4.5314357e+02   3.9939430e+00   8.6986192e+00   8.0843396e+00
   2.0190000e+03   1.0000000e+00   8.0000000e+00   1.7000000e+01   6.0000000e+00   4.7000000e+01  -5.3467000e+01  -3.8684333e+01   4.3499387e+02   1.7222785e+01   3.4268047e+01   2.9656717e+01
   2.0190000e+03   1.0000000e+00   8.0000000e+00   1.7000000e+01   8.0000000e+00   2.9000000e+01  -5.3462840e+01  -3.8685500e+01   4.6864981e+02   4.3775801e+01   8.8244536e+01   8.6279240e+01
   2.0190000e+03   1.0000000e+00   8.0000000e+00   1.7000000e+01   1.0000000e+01   1.0000000e+01  -5.3458689e+01  -3.8686861e+01   4.6996037e+02   3.1539276e+00   9.6739219e+00   6.9961481e+00
   2.0190000e+03   1.0000000e+00   8.0000000e+00   1.7000000e+01   1.1000000e+01   5.0000099e+01  -5.3454592e+01  -3.8688241e+01   4.6436106e+02   2.2564259e+00   4.6641216e+00   2.4094095e+00
   2.0190000e+03   1.0000000e+00   8.0000000e+00   1.7000000e+01   1.3000000e+01   3.1000099e+01  -5.3450460e+01  -3.8689493e+01   4.6652283e+02   9.0608140e-01   2.2727496e+00   1.3596855e+00
   2.0190000e+03   1.0000000e+00   8.0000000e+00   1.7000000e+01   1.5000000e+01   1.2000000e+01  -5.3446333e+01  -3.8690820e+01   4.6690224e+02   1.2205258e+00   2.4191216e+00   1.4183216e+00
   2.0190000e+03   1.0000000e+00   8.0000000e+00   1.7000000e+01   1.6000000e+01   5.5000099e+01  -5.3442263e+01  -3.8691989e+01   4.5890330e+02   1.3339146e+00   2.6130735e+00   1.5330723e+00
   2.0190000e+03   1.0000000e+00   8.0000000e+00   1.7000000e+01   1.8000000e+01   3.6000099e+01  -5.3438167e+01  -3.8693333e+01   4.6376390e+02   9.6667711e-01   2.9513604e+00   1.3635733e+00
   2.0190000e+03   1.0000000e+00   8.0000000e+00   1.7000000e+01   2.0000000e+01   1.6000000e+01  -5.3434000e+01  -3.8694667e+01   4.7133805e+02   7.1330279e-01   1.3973253e+00   1.0918255e+00
   2.0190000e+03   1.0000000e+00   8.0000000e+00   1.7000000e+01   2.1000000e+01   5.5000000e+01  -5.3430000e+01  -3.8696000e+01   4.5316009e+02   6.6869605e-01   1.6283268e+00   8.8072168e-01
   2.0190000e+03   1.0000000e+00   8.0000000e+00   1.7000000e+01   2.3000000e+01   3.4000000e+01  -5.3425832e+01  -3.8697168e+01   4.6958760e+02   1.1557350e+00   3.3296670e+00   5.2409895e-01
   2.0190000e+03   1.0000000e+00   8.0000000e+00   1.7000000e+01   2.5000000e+01   1.4000099e+01  -5.3421819e+01  -3.8698500e+01   4.5449927e+02   1.0420893e+00   2.1303668e+00   3.7480117e-01
   2.0190000e+03   1.0000000e+00   8.0000000e+00   1.7000000e+01   2.6000000e+01   5.1000000e+01  -5.3417697e+01  -3.8699833e+01   4.6646389e+02   5.8781680e-01   6.5612823e+00   4.1769459e-01
   2.0190000e+03   1.0000000e+00   8.0000000e+00   1.7000000e+01   2.8000000e+01   2.8000099e+01  -5.3413627e+01  -3.8701005e+01   4.5894439e+02   1.2625655e+03   2.4757742e+03   2.9961396e+02
   2.0190000e+03   1.0000000e+00   8.0000000e+00   1.7000000e+01   3.0000000e+01   5.0000000e+00  -5.3409673e+01  -3.8702328e+01   4.4801233e+02   2.1837908e+00   9.2784148e+00   1.5435525e+00
   2.0190000e+03   1.0000000e+00   8.0000000e+00   1.7000000e+01   3.1000000e+01   3.9000000e+01  -5.3405667e+01  -3.8703500e+01   4.5187512e+02   5.7597385e-01   3.7684080e+00   9.4575047e-01
   2.0190000e+03   1.0000000e+00   8.0000000e+00   1.7000000e+01   3.3000000e+01   1.5999901e+01  -5.3401654e+01  -3.8704835e+01   4.5453514e+02   1.3118786e+00   2.7343602e+00   1.6634814e+00
   2.0190000e+03   1.0000000e+00   8.0000000e+00   1.7000000e+01   3.4000000e+01   5.7000099e+01  -5.3397525e+01  -3.8706149e+01   4.6707765e+02   4.4318977e-01   2.0084270e+00   1.5114446e+00
   2.0190000e+03   1.0000000e+00   8.0000000e+00   1.7000000e+01   3.8000000e+01   1.9000000e+01  -5.3389506e+01  -3.8708603e+01   9.0576087e+02   9.1992003e-01   3.4722342e+00   3.0445262e+00
   2.0190000e+03   1.0000000e+00   8.0000000e+00   1.7000000e+01   4.0000000e+01   1.0000000e+00  -5.3385488e+01  -3.8710000e+01   4.5591490e+02   1.4872445e+00   3.1226623e+00   2.7522426e+00
   2.0190000e+03   1.0000000e+00   8.0000000e+00   1.7000000e+01   4.1000000e+01   4.3000099e+01  -5.3381476e+01  -3.8711191e+01   4.5279739e+02   1.2414425e+00   2.5434194e+00   2.1614741e+00
   2.0190000e+03   1.0000000e+00   8.0000000e+00   1.7000000e+01   4.3000000e+01   2.6000099e+01  -5.3377356e+01  -3.8712445e+01   4.6525644e+02   1.3265492e+00   2.6656040e+00   1.9490411e+00
   2.0190000e+03   1.0000000e+00   8.0000000e+00   1.7000000e+01   4.5000000e+01   6.0000000e+00  -5.3373287e+01  -3.8713719e+01   4.5996906e+02   1.0831573e+00   4.4605419e+00   1.9639480e+00
   2.0190000e+03   1.0000000e+00   8.0000000e+00   1.7000000e+01   4.6000000e+01   4.4000000e+01  -5.3369261e+01  -3.8715019e+01   4.5559764e+02   1.5933511e+00   6.6565926e+00   2.3093224e+00
   2.0190000e+03   1.0000000e+00   8.0000000e+00   1.7000000e+01   4.8000000e+01   2.3000000e+01  -5.3365313e+01  -3.8716333e+01   4.4726961e+02   1.0999884e+00   3.8578504e+00   2.2632478e+00
   2.0190000e+03   1.0000000e+00   8.0000000e+00   1.7000000e+01   5.0000000e+01   3.0000992e+00  -5.3361134e+01  -3.8717500e+01   4.7084383e+02   3.9253682e-01   2.3731935e+00   1.7213262e+00
   2.0190000e+03   1.0000000e+00   8.0000000e+00   1.7000000e+01   5.1000000e+01   4.1000000e+01  -5.3357052e+01  -3.8718884e+01   4.6279661e+02   6.5701148e-01   2.7079885e+00   1.7092933e+00
   2.0190000e+03   1.0000000e+00   8.0000000e+00   1.7000000e+01   5.3000000e+01   1.7999901e+01  -5.3353056e+01  -3.8720167e+01   4.5211116e+02   8.8086939e-01   2.1844755e+00   1.8183935e+00
   2.0190000e+03   1.0000000e+00   8.0000000e+00   1.7000000e+01   5.4000000e+01   5.7000099e+01  -5.3348997e+01  -3.8721425e+01   4.5870329e+02   1.5120060e+00   3.0459311e+00   2.3363170e+00
   2.0190000e+03   1.0000000e+00   8.0000000e+00   1.7000000e+01   5.6000000e+01   3.3000000e+01  -5.3344923e+01  -3.8722667e+01   4.6012175e+02   1.8356605e+00   4.2717040e+00   4.0497353e+00
   2.0190000e+03   1.0000000e+00   8.0000000e+00   1.7000000e+01   5.8000000e+01   8.0000000e+00  -5.3340689e+01  -3.8723990e+01   4.7861143e+02   1.8747934e+00   4.7271255e+00   3.4168285e+00
   2.0190000e+03   1.0000000e+00   8.0000000e+00   1.7000000e+01   5.9000000e+01   4.3000000e+01  -5.3336671e+01  -3.8725261e+01   4.5429502e+02   2.7583152e+00   5.8738518e+00   2.9019251e+00
   2.0190000e+03   1.0000000e+00   8.0000000e+00   1.8000000e+01   1.0000000e+00   1.8000099e+01  -5.3332665e+01  -3.8726658e+01   4.5470929e+02   2.0574172e+00   4.0303799e+00   2.4249486e+00
   2.0190000e+03   1.0000000e+00   8.0000000e+00   1.8000000e+01   2.0000000e+00   5.3000000e+01  -5.3328552e+01  -3.8727833e+01   4.6368920e+02   1.6943281e+00   4.2926056e+00   2.5807639e+00
   2.0190000e+03   1.0000000e+00   8.0000000e+00   1.8000000e+01   4.0000000e+00   2.9000000e+01  -5.3324417e+01  -3.8729169e+01   4.6788471e+02   1.1629878e+00   2.4259113e+00   1.1617633e+00
   2.0190000e+03   1.0000000e+00   8.0000000e+00   1.8000000e+01   6.0000000e+00   1.0000000e+01  -5.3320333e+01  -3.8730333e+01   4.6035334e+02   9.4691404e-01   3.8934645e+00   1.4568368e+00
   2.0190000e+03   1.0000000e+00   8.0000000e+00   1.8000000e+01   7.0000000e+00   5.0000000e+01  -5.3316333e+01  -3.8731667e+01   4.5320623e+02   1.9709822e+00   9.7007331e+00   8.8349675e+00
   2.0190000e+03   1.0000000e+00   8.0000000e+00   1.8000000e+01   9.0000000e+00   2.6000000e+01  -5.3312283e+01  -3.8733000e+01   4.5870272e+02   1.6081924e+00   3.2529185e+00   6.2926251e-01
   2.0190000e+03   1.0000000e+00   8.0000000e+00   1.8000000e+01   1.1000000e+01   3.0000000e+00  -5.3308034e+01  -3.8734210e+01   4.7890709e+02   8.7364746e-01   2.3965102e+00   1.1650363e+00
   2.0190000e+03   1.0000000e+00   8.0000000e+00   1.8000000e+01   1.2000000e+01   4.1000000e+01  -5.3304000e+01  -3.8735500e+01   4.5638681e+02   1.1894375e+00   4.6458338e+00   1.4090486e+00
   2.0190000e+03   1.0000000e+00   8.0000000e+00   1.8000000e+01   1.4000000e+01   2.2000000e+01  -5.3300025e+01  -3.8736808e+01   4.5014938e+02   6.7798184e-01   6.9087770e+00   2.9899487e+00
   2.0190000e+03   1.0000000e+00   8.0000000e+00   1.8000000e+01   1.5000000e+01   5.9000000e+01  -5.3296000e+01  -3.8738000e+01   4.5422151e+02   9.0060389e+01   1.8198136e+02   1.2748570e+00
   2.0190000e+03   1.0000000e+00   8.0000000e+00   1.8000000e+01   1.7000000e+01   3.2000000e+01  -5.3291950e+01  -3.8739333e+01   4.5861927e+02   1.2820013e+00   2.5741141e+00   1.3083054e+00
   2.0190000e+03   1.0000000e+00   8.0000000e+00   1.8000000e+01   1.9000000e+01   7.0000000e+00  -5.3287829e+01  -3.8740668e+01   4.6646988e+02   3.1752429e+00   1.0134141e+01   6.0003531e+00
   2.0190000e+03   1.0000000e+00   8.0000000e+00   1.8000000e+01   2.0000000e+01   4.3999901e+01  -5.3283649e+01  -3.8742166e+01   4.7498127e+02   8.5425747e-01   2.0366474e+00   2.8295352e-01
   2.0190000e+03   1.0000000e+00   8.0000000e+00   1.8000000e+01   2.2000000e+01   2.1000000e+01  -5.3279531e+01  -3.8743333e+01   4.6419652e+02   4.5233362e-01   9.9903869e-01   4.1676341e-01
   2.0190000e+03   1.0000000e+00   8.0000000e+00   1.8000000e+01   2.4000000e+01   1.0000000e+00  -5.3275344e+01  -3.8744501e+01   4.7163335e+02   2.3727614e+00   6.0705341e+00   1.4188109e+00
   2.0190000e+03   1.0000000e+00   8.0000000e+00   1.8000000e+01   2.5000000e+01   4.1000000e+01  -5.3271333e+01  -3.8746000e+01   4.5668089e+02   6.8643140e-01   1.3627973e+00   1.6476042e-01
   2.0190000e+03   1.0000000e+00   8.0000000e+00   1.8000000e+01   2.7000000e+01   1.9000099e+01  -5.3267167e+01  -3.8747333e+01   4.7140177e+02   1.5043061e+00   3.7949318e+00   1.6568661e+00
   2.0190000e+03   1.0000000e+00   8.0000000e+00   1.8000000e+01   2.8000000e+01   5.3999901e+01  -5.3262982e+01  -3.8748512e+01   4.7150653e+02   1.7752198e+00   3.4775688e+00   7.0890017e-01
   2.0190000e+03   1.0000000e+00   8.0000000e+00   1.8000000e+01   3.0000000e+01   2.7000000e+01  -5.3258906e+01  -3.8749877e+01   4.6195925e+02   5.8413274e-01   1.7626469e+00   8.7463329e-01
