   2.0190000e+03   1.0000000e+00   1.0000000e+01   8.0000000e+00   5.5000000e+01   2.4000000e+01  -5.3164654e+01  -3.7964354e+01   5.0508760e+02   1.1878281e-01   5.3937223e-01   2.3268973e-01
   2.0190000e+03   1.0000000e+00   1.0000000e+01   8.0000000e+00   5.7000000e+01   8.0000000e+00  -5.3168667e+01  -3.7963000e+01   4.5495793e+02   6.3906195e-01   2.2893046e+00   9.0850360e-01
   2.0190000e+03   1.0000000e+00   1.0000000e+01   8.0000000e+00   5.8000000e+01   5.3000000e+01  -5.3172676e+01  -3.7961826e+01   4.5235934e+02   9.3995529e-01   4.8997649e+00   3.1107423e+00
   2.0190000e+03   1.0000000e+00   1.0000000e+01   9.0000000e+00   0.0000000e+00   3.7000000e+01  -5.3176684e+01  -3.7960463e+01   4.5449163e+02   1.5563465e+00   4.0513701e+00   2.1248345e+00
   2.0190000e+03   1.0000000e+00   1.0000000e+01   9.0000000e+00   2.0000000e+00   1.9000000e+01  -5.3180651e+01  -3.7959149e+01   4.4939830e+02   1.6546100e+00   6.3160454e+00   4.6339790e+00
   2.0190000e+03   1.0000000e+00   1.0000000e+01   9.0000000e+00   4.0000000e+00   3.0000000e+00  -5.3184666e+01  -3.7957999e+01   4.5266916e+02   1.3832131e+00   5.1416173e+00   3.9204388e+00
   2.0190000e+03   1.0000000e+00   1.0000000e+01   9.0000000e+00   5.0000000e+00   4.6999901e+01  -5.3188667e+01  -3.7956667e+01   4.5334076e+02   5.6390704e-01   2.1536659e+00   1.5591633e+00
   2.0190000e+03   1.0000000e+00   1.0000000e+01   9.0000000e+00   7.0000000e+00   3.2000000e+01  -5.3192697e+01  -3.7955333e+01   4.5660594e+02   9.0460364e-01   1.8317041e+00   6.3801088e-01
   2.0190000e+03   1.0000000e+00   1.0000000e+01   9.0000000e+00   9.0000000e+00   1.9000099e+01  -5.3196793e+01  -3.7953991e+01   4.6383575e+02   5.2231585e-01   1.5555197e+00   3.5989963e-01
   2.0190000e+03   1.0000000e+00   1.0000000e+01   9.0000000e+00   1.1000000e+01   8.0000992e+00  -5.3200805e+01  -3.7952606e+01   4.5522225e+02   6.0264089e-01   1.4369711e+00   1.9836861e-01
   2.0190000e+03   1.0000000e+00   1.0000000e+01   9.0000000e+00   1.2000000e+01   5.4000000e+01  -5.3204762e+01  -3.7951181e+01   4.4982706e+02   9.2590943e-01   4.8160886e+00   3.7348114e+00
   2.0190000e+03   1.0000000e+00   1.0000000e+01   9.0000000e+00   1.4000000e+01   3.6000000e+01  -5.3208667e+01  -3.7949167e+01   4.5409787e+02   6.5508907e-01   1.6008385e+00   5.6604956e-01
   2.0190000e+03   1.0000000e+00   1.0000000e+01   9.0000000e+00   1.6000000e+01   2.0000000e+01  -5.3212739e+01  -3.7947334e+01   4.6863507e+02   7.9048848e-01   1.5775909e+00   6.2176390e-01
   2.0190000e+03   1.0000000e+00   1.0000000e+01   9.0000000e+00   1.8000000e+01   4.0000992e+00  -5.3216751e+01  -3.7946118e+01   4.5317844e+02   7.4947337e-01   1.5377541e+00   2.5181065e-01
   2.0190000e+03   1.0000000e+00   1.0000000e+01   9.0000000e+00   1.9000000e+01   4.8000099e+01  -5.3220706e+01  -3.7944650e+01   4.5012370e+02   5.0494358e-01   1.0772462e+00   1.7245769e-01
   2.0190000e+03   1.0000000e+00   1.0000000e+01   9.0000000e+00   2.1000000e+01   3.4000000e+01  -5.3224724e+01  -3.7943296e+01   4.5544915e+02   1.2358645e+00   2.4209983e+00   2.1096217e+00
   2.0190000e+03   1.0000000e+00   1.0000000e+01   9.0000000e+00   2.3000000e+01   1.8000000e+01  -5.3228679e+01  -3.7941829e+01   4.5028093e+02   1.7026181e-01   6.5812444e-01   2.8565271e-01
   2.0190000e+03   1.0000000e+00   1.0000000e+01   9.0000000e+00   2.5000000e+01   1.0000000e+00  -5.3232667e+01  -3.7940500e+01   4.5179749e+02   2.0269016e-01   5.6893213e-01   2.2365200e-01
   2.0190000e+03   1.0000000e+00   1.0000000e+01   9.0000000e+00   2.6000000e+01   4.4000099e+01  -5.3236607e+01  -3.7939143e+01   4.4700460e+02   9.7992729e-02   1.2716775e+00   1.1493055e+00
   2.0190000e+03   1.0000000e+00   1.0000000e+01   9.0000000e+00   2.8000000e+01   3.1000000e+01  -5.3240675e+01  -3.7937572e+01   4.6395649e+02   2.4978353e-01   1.7860520e+00   1.7372483e+00
   2.0190000e+03   1.0000000e+00   1.0000000e+01   9.0000000e+00   3.2000000e+01   0.0000000e+00  -5.3248644e+01  -3.7934748e+01   9.0528474e+02   1.6475132e-01   2.4017820e+00   1.9190696e+00
   2.0190000e+03   1.0000000e+00   1.0000000e+01   9.0000000e+00   3.3000000e+01   4.6000000e+01  -5.3252663e+01  -3.7933495e+01   4.5424395e+02   9.0143223e-01   3.3921099e+00   2.7168235e+00
   2.0190000e+03   1.0000000e+00   1.0000000e+01   9.0000000e+00   3.5000000e+01   3.0000099e+01  -5.3256626e+01  -3.7932037e+01   4.5092863e+02   1.6954971e+00   4.1379652e+00   3.5496584e+00
   2.0190000e+03   1.0000000e+00   1.0000000e+01   9.0000000e+00   3.7000000e+01   1.6000000e+01  -5.3260640e+01  -3.7930667e+01   4.5526199e+02   8.9836258e-01   4.1835024e+00   4.1402947e+00
   2.0190000e+03   1.0000000e+00   1.0000000e+01   9.0000000e+00   3.9000000e+01   1.0000000e+00  -5.3264716e+01  -3.7929297e+01   4.6200050e+02   4.9772452e-01   2.7736953e+00   1.9209751e+00
   2.0190000e+03   1.0000000e+00   1.0000000e+01   9.0000000e+00   4.0000000e+01   4.4000000e+01  -5.3268799e+01  -3.7927789e+01   4.6463603e+02   1.0945230e+00   4.4707862e+00   3.9861078e+00
   2.0190000e+03   1.0000000e+00   1.0000000e+01   9.0000000e+00   4.2000000e+01   2.7000099e+01  -5.3272724e+01  -3.7926408e+01   4.4569329e+02   3.9168279e-01   3.7570903e+00   2.9255106e+00
   2.0190000e+03   1.0000000e+00   1.0000000e+01   9.0000000e+00   4.4000000e+01   1.1000000e+01  -5.3276669e+01  -3.7925009e+01   4.4808249e+02   1.6042608e+00   3.3775665e+00   2.6305454e+00
   2.0190000e+03   1.0000000e+00   1.0000000e+01   9.0000000e+00   4.5000000e+01   5.5000000e+01  -5.3280614e+01  -3.7923630e+01   4.4789102e+02   1.2771060e-01   3.8575694e+00   3.2238865e+00
   2.0190000e+03   1.0000000e+00   1.0000000e+01   9.0000000e+00   4.9000000e+01   1.8000000e+01  -5.3288412e+01  -3.7920921e+01   8.8494302e+02   3.7479723e+00   7.3738674e+00   5.6497782e+00
   2.0190000e+03   1.0000000e+00   1.0000000e+01   9.0000000e+00   5.2000000e+01   4.9000000e+01  -5.3296389e+01  -3.7918111e+01   9.0589151e+02   1.3069547e+00   2.9228486e+00   2.7340981e+00
   2.0190000e+03   1.0000000e+00   1.0000000e+01   9.0000000e+00   5.4000000e+01   3.5000000e+01  -5.3300416e+01  -3.7916683e+01   4.5736310e+02   1.2114208e+00   4.3236694e+00   1.4802565e+00
   2.0190000e+03   1.0000000e+00   1.0000000e+01   9.0000000e+00   5.6000000e+01   2.2000000e+01  -5.3304424e+01  -3.7915242e+01   4.5559015e+02   9.9171547e-01   2.1357266e+00   4.1215103e-01
   2.0190000e+03   1.0000000e+00   1.0000000e+01   9.0000000e+00   5.8000000e+01   1.0000099e+01  -5.3308333e+01  -3.7914000e+01   4.4212510e+02   1.8483892e+00   6.0557070e+00   3.6572308e+00
   2.0190000e+03   1.0000000e+00   1.0000000e+01   9.0000000e+00   5.9000000e+01   5.7000000e+01  -5.3312349e+01  -3.7912500e+01   4.5719928e+02   3.4063553e+00   8.8644642e+00   5.6547059e+00
   2.0190000e+03   1.0000000e+00   1.0000000e+01   1.0000000e+01   3.0000000e+00   3.0000000e+01  -5.3320461e+01  -3.7909641e+01   9.2112600e+02   5.1488485e+00   1.0086343e+01   9.6262407e+00
   2.0190000e+03   1.0000000e+00   1.0000000e+01   1.0000000e+01   5.0000000e+00   1.5999901e+01  -5.3324573e+01  -3.7908272e+01   4.6586853e+02   5.3772624e+00   1.1582297e+01   1.1446776e+01
   2.0190000e+03   1.0000000e+00   1.0000000e+01   1.0000000e+01   7.0000000e+00   2.0000000e+00  -5.3328645e+01  -3.7906814e+01   4.6272568e+02   7.4582460e+00   1.5260559e+01   2.2510192e+00
   2.0190000e+03   1.0000000e+00   1.0000000e+01   1.0000000e+01   8.0000000e+00   5.3000000e+01  -5.3332667e+01  -3.7905333e+01   4.5759509e+02   8.2652087e+00   1.7639663e+01   1.0711291e+01
   2.0190000e+03   1.0000000e+00   1.0000000e+01   1.0000000e+01   1.0000000e+01   4.8999901e+01  -5.3336667e+01  -3.7904000e+01   4.5319948e+02   1.1677533e+01   2.3021759e+01   1.2679102e+00
   2.0190000e+03   1.0000000e+00   1.0000000e+01   1.0000000e+01   1.2000000e+01   4.8999901e+01  -5.3340667e+01  -3.7902667e+01   4.5319786e+02   5.8551491e+00   1.1469951e+01   7.7006738e-01
   2.0190000e+03   1.0000000e+00   1.0000000e+01   1.0000000e+01   1.4000000e+01   4.6000000e+01  -5.3344680e+01  -3.7901330e+01   4.5473079e+02   5.7312238e+00   1.2747412e+01   4.9761822e+00
   2.0190000e+03   1.0000000e+00   1.0000000e+01   1.0000000e+01   1.6000000e+01   3.6000000e+01  -5.3348701e+01  -3.7900135e+01   4.5379784e+02   5.3956470e+00   1.1419313e+01   4.2711825e+00
   2.0190000e+03   1.0000000e+00   1.0000000e+01   1.0000000e+01   1.8000000e+01   2.4000000e+01  -5.3352784e+01  -3.7898718e+01   4.6331819e+02   4.3432849e+00   1.0787045e+01   9.4385263e+00
   2.0190000e+03   1.0000000e+00   1.0000000e+01   1.0000000e+01   2.0000000e+01   1.0000000e+01  -5.3356680e+01  -3.7897496e+01   4.4036882e+02   3.5726550e+00   8.4873409e+00   3.7004332e+00
   2.0190000e+03   1.0000000e+00   1.0000000e+01   1.0000000e+01   2.1000000e+01   5.6000000e+01  -5.3360667e+01  -3.7896167e+01   4.5173363e+02   5.0323876e+00   1.1089310e+01   5.1974419e+00
   2.0190000e+03   1.0000000e+00   1.0000000e+01   1.0000000e+01   2.3000000e+01   4.3000099e+01  -5.3364660e+01  -3.7894839e+01   4.5242830e+02   5.5891907e+00   1.2312839e+01   5.9663536e+00
   2.0190000e+03   1.0000000e+00   1.0000000e+01   1.0000000e+01   2.5000000e+01   2.9000000e+01  -5.3368667e+01  -3.7893500e+01   4.5394663e+02   6.7184470e+00   1.4862057e+01   7.5090692e+00
   2.0190000e+03   1.0000000e+00   1.0000000e+01   1.0000000e+01   2.7000000e+01   1.3000000e+01  -5.3372667e+01  -3.7892333e+01   4.5115984e+02   5.3482380e+00   2.1035122e+01   9.5562361e+00
   2.0190000e+03   1.0000000e+00   1.0000000e+01   1.0000000e+01   2.8000000e+01   5.6000000e+01  -5.3376768e+01  -3.7890920e+01   4.6528891e+02   7.8773349e+00   2.5870907e+01   1.5934952e+01
   2.0190000e+03   1.0000000e+00   1.0000000e+01   1.0000000e+01   3.0000000e+01   3.9000000e+01  -5.3380826e+01  -3.7889551e+01   4.5993505e+02   8.1203805e+00   2.8070550e+01   1.7247880e+01
   2.0190000e+03   1.0000000e+00   1.0000000e+01   1.0000000e+01   3.2000000e+01   2.0000000e+01  -5.3384748e+01  -3.7888313e+01   4.4346292e+02   9.5324752e+00   3.2599536e+01   1.4709171e+01
   2.0190000e+03   1.0000000e+00   1.0000000e+01   1.0000000e+01   3.4000000e+01   4.0000992e+00  -5.3388754e+01  -3.7886924e+01   4.5457171e+02   1.5051582e+01   2.9485314e+01   2.0784360e+01
   2.0190000e+03   1.0000000e+00   1.0000000e+01   1.0000000e+01   3.5000000e+01   5.2000000e+01  -5.3392824e+01  -3.7885678e+01   4.5971938e+02   1.0077188e+03   1.9741453e+03   1.9740719e+03
   2.0190000e+03   1.0000000e+00   1.0000000e+01   1.0000000e+01   3.7000000e+01   3.9000000e+01  -5.3396833e+01  -3.7884333e+01   4.5436523e+02   1.3956264e+01   2.9123972e+01   2.2414762e+01
   2.0190000e+03   1.0000000e+00   1.0000000e+01   1.0000000e+01   3.9000000e+01   2.6000000e+01  -5.3400864e+01  -3.7883003e+01   4.5648189e+02   8.6168470e+00   1.6879983e+01   6.3898180e+00
   2.0190000e+03   1.0000000e+00   1.0000000e+01   1.0000000e+01   4.1000000e+01   1.3000000e+01  -5.3404943e+01  -3.7881695e+01   4.6144983e+02   7.4380140e+00   1.4609613e+01   7.5970978e-01
   2.0190000e+03   1.0000000e+00   1.0000000e+01   1.0000000e+01   4.3000000e+01   1.0000992e+00  -5.3409004e+01  -3.7880333e+01   4.6022452e+02   4.5798435e+00   8.9716898e+00   3.6534868e+00
   2.0190000e+03   1.0000000e+00   1.0000000e+01   1.0000000e+01   4.6000000e+01   3.1000000e+01  -5.3417043e+01  -3.7877799e+01   9.0886095e+02   5.4368983e+00   1.0650618e+01   1.0394157e+01
   2.0190000e+03   1.0000000e+00   1.0000000e+01   1.0000000e+01   4.8000000e+01   1.8000000e+01  -5.3421062e+01  -3.7876336e+01   4.5703872e+02   3.1486064e+00   6.2276650e+00   1.6646445e+00
   2.0190000e+03   1.0000000e+00   1.0000000e+01   1.0000000e+01   5.1000000e+01   5.0000000e+01  -5.3429155e+01  -3.7873825e+01   9.1456375e+02   8.3443378e+00   1.6346150e+01   1.0526648e+00
   2.0190000e+03   1.0000000e+00   1.0000000e+01   1.0000000e+01   5.3000000e+01   3.6000000e+01  -5.3433168e+01  -3.7872341e+01   4.5659040e+02   7.7115724e+00   1.6233620e+01   1.1124364e+00
   2.0190000e+03   1.0000000e+00   1.0000000e+01   1.0000000e+01   5.5000000e+01   2.0999901e+01  -5.3437290e+01  -3.7871043e+01   4.6599663e+02   3.0645390e+00   1.6439991e+01   1.6688300e+00
   2.0190000e+03   1.0000000e+00   1.0000000e+01   1.0000000e+01   5.7000000e+01   7.0000000e+00  -5.3441316e+01  -3.7869759e+01   4.5532230e+02   3.2128021e+00   6.9850068e+00   2.0605362e+00
   2.0190000e+03   1.0000000e+00   1.0000000e+01   1.1000000e+01   0.0000000e+00   4.1000000e+01  -5.3449239e+01  -3.7867180e+01   8.9684538e+02   1.1590543e+00   2.2705308e+00   1.5806957e+00
   2.0190000e+03   1.0000000e+00   1.0000000e+01   1.1000000e+01   2.0000000e+00   2.6000099e+01  -5.3453255e+01  -3.7865873e+01   4.5453731e+02   2.0646689e+00   4.1342904e+00   2.8407509e+00
   2.0190000e+03   1.0000000e+00   1.0000000e+01   1.1000000e+01   4.0000000e+00   9.0000000e+00  -5.3457167e+01  -3.7864500e+01   4.4408982e+02   4.3866654e+00   9.9009126e+00   9.8111728e+00
   2.0190000e+03   1.0000000e+00   1.0000000e+01   1.1000000e+01   5.0000000e+00   5.1000000e+01  -5.3461166e+01  -3.7863332e+01   4.5104174e+02   5.3301267e+00   1.3266724e+01   1.2887205e+01
   2.0190000e+03   1.0000000e+00   1.0000000e+01   1.1000000e+01   7.0000000e+00   3.5000000e+01  -5.3465167e+01  -3.7862000e+01   4.5323499e+02   5.6933718e+00   1.1452290e+01   1.0300567e+01
   2.0190000e+03   1.0000000e+00   1.0000000e+01   1.1000000e+01   9.0000000e+00   2.1000000e+01  -5.3469198e+01  -3.7860667e+01   4.5658734e+02   3.7979396e+00   1.1448724e+01   1.0131892e+01
   2.0190000e+03   1.0000000e+00   1.0000000e+01   1.1000000e+01   1.1000000e+01   7.0000000e+00  -5.3473270e+01  -3.7859333e+01   4.6099464e+02   2.4361251e+00   5.9660396e+00   2.8274503e+00
   2.0190000e+03   1.0000000e+00   1.0000000e+01   1.1000000e+01   1.2000000e+01   5.0000000e+01  -5.3477345e+01  -3.7857900e+01   4.6256334e+02   3.7130800e+00   8.2409280e+00   4.3171189e+00
   2.0190000e+03   1.0000000e+00   1.0000000e+01   1.1000000e+01   1.4000000e+01   3.3000000e+01  -5.3481312e+01  -3.7856656e+01   4.4847756e+02   2.9564939e+00   1.7880003e+01   1.5682422e+01
   2.0190000e+03   1.0000000e+00   1.0000000e+01   1.1000000e+01   1.6000000e+01   1.8999901e+01  -5.3485333e+01  -3.7855333e+01   4.5531476e+02   4.4817109e+00   1.3110063e+01   1.1166473e+01
   2.0190000e+03   1.0000000e+00   1.0000000e+01   1.1000000e+01   1.8000000e+01   6.0000000e+00  -5.3489390e+01  -3.7854000e+01   4.5935872e+02   5.1420172e+00   2.2646030e+01   2.1127682e+01
   2.0190000e+03   1.0000000e+00   1.0000000e+01   1.1000000e+01   1.9000000e+01   5.1000099e+01  -5.3493500e+01  -3.7852667e+01   4.6508928e+02   5.6077818e+00   1.5888759e+01   1.4639175e+01
   2.0190000e+03   1.0000000e+00   1.0000000e+01   1.1000000e+01   2.1000000e+01   3.6000000e+01  -5.3497601e+01  -3.7851301e+01   4.6451627e+02   6.7466267e+00   2.2163538e+01   1.6188630e+01
   2.0190000e+03   1.0000000e+00   1.0000000e+01   1.1000000e+01   2.3000000e+01   2.2000000e+01  -5.3501664e+01  -3.7849996e+01   4.5974005e+02   7.0530414e+00   2.5763552e+01   2.2731714e+01
   2.0190000e+03   1.0000000e+00   1.0000000e+01   1.1000000e+01   2.5000000e+01   7.0000000e+00  -5.3505747e+01  -3.7848663e+01   4.6216575e+02   6.4316125e+00   1.6174329e+01   1.4423549e+01
   2.0190000e+03   1.0000000e+00   1.0000000e+01   1.1000000e+01   2.6000000e+01   5.2000000e+01  -5.3509833e+01  -3.7847333e+01   4.6245769e+02   6.0512543e+00   1.2541077e+01   6.1610971e+00
   2.0190000e+03   1.0000000e+00   1.0000000e+01   1.1000000e+01   2.8000000e+01   3.6000099e+01  -5.3513945e+01  -3.7845931e+01   4.6614162e+02   4.2041489e+00   1.2245055e+01   5.3913556e+00
   2.0190000e+03   1.0000000e+00   1.0000000e+01   1.1000000e+01   3.1000000e+01   5.8000000e+01  -5.3521850e+01  -3.7843330e+01   8.9514175e+02   5.7215349e+00   1.3079296e+01   4.1388615e-01
   2.0190000e+03   1.0000000e+00   1.0000000e+01   1.1000000e+01   3.3000000e+01   4.1000099e+01  -5.3525833e+01  -3.7842000e+01   4.5122588e+02   2.0945275e+00   5.3215836e+00   1.0968090e+00
   2.0190000e+03   1.0000000e+00   1.0000000e+01   1.1000000e+01   3.5000000e+01   2.5000099e+01  -5.3529886e+01  -3.7840663e+01   4.5887889e+02   1.9984365e+00   4.5244399e+00   6.8789762e-01
   2.0190000e+03   1.0000000e+00   1.0000000e+01   1.1000000e+01   3.7000000e+01   9.0000000e+00  -5.3534000e+01  -3.7839333e+01   4.6553825e+02   2.7707019e+00   7.7454687e+00   2.4110347e+00
   2.0190000e+03   1.0000000e+00   1.0000000e+01   1.1000000e+01   3.8000000e+01   5.4000000e+01  -5.3538022e+01  -3.7838000e+01   4.5556320e+02   5.5212951e+00   1.4076785e+01   6.3121194e+00
   2.0190000e+03   1.0000000e+00   1.0000000e+01   1.1000000e+01   4.0000000e+01   3.9000099e+01  -5.3542111e+01  -3.7836628e+01   4.6325153e+02   2.3135780e+00   7.2844362e+00   1.6887532e+00
   2.0190000e+03   1.0000000e+00   1.0000000e+01   1.1000000e+01   4.2000000e+01   2.7000000e+01  -5.3546167e+01  -3.7835333e+01   4.5871750e+02   4.6416196e+00   1.2537961e+01   1.4244671e+00
   2.0190000e+03   1.0000000e+00   1.0000000e+01   1.1000000e+01   4.4000000e+01   1.2000099e+01  -5.3550187e+01  -3.7833998e+01   4.5538788e+02   3.4658627e+00   1.1896518e+01   2.0743900e+00
   2.0190000e+03   1.0000000e+00   1.0000000e+01   1.1000000e+01   4.7000000e+01   3.7000000e+01  -5.3558158e+01  -3.7831342e+01   9.0284678e+02   2.7446855e+00   6.2259801e+00   1.5586810e+00
   2.0190000e+03   1.0000000e+00   1.0000000e+01   1.1000000e+01   4.9000000e+01   2.1000000e+01  -5.3562173e+01  -3.7830000e+01   4.5494309e+02   3.1841889e+00   6.8286234e+00   5.2154015e+00
   2.0190000e+03   1.0000000e+00   1.0000000e+01   1.1000000e+01   5.1000000e+01   4.0000000e+00  -5.3566258e+01  -3.7828826e+01   4.6040690e+02   2.3085824e+00   4.5224001e+00   3.2152787e+00
   2.0190000e+03   1.0000000e+00   1.0000000e+01   1.1000000e+01   5.2000000e+01   4.4000000e+01  -5.3570317e+01  -3.7827359e+01   4.6133369e+02   8.1416201e-01   2.5704442e+00   2.0482980e+00
   2.0190000e+03   1.0000000e+00   1.0000000e+01   1.1000000e+01   5.6000000e+01   7.0000000e+00  -5.3578305e+01  -3.7824808e+01   9.0345009e+02   1.1535618e+00   2.8340503e+00   1.7175825e+00
   2.0190000e+03   1.0000000e+00   1.0000000e+01   1.1000000e+01   5.7000000e+01   5.1000000e+01  -5.3582263e+01  -3.7823476e+01   4.4852026e+02   1.8986748e+00   3.7753262e+00   9.3077950e-01
   2.0190000e+03   1.0000000e+00   1.0000000e+01   1.1000000e+01   5.9000000e+01   3.5000000e+01  -5.3586274e+01  -3.7822106e+01   4.5481090e+02   3.4532352e+00   7.1918674e+00   3.3637775e+00
   2.0190000e+03   1.0000000e+00   1.0000000e+01   1.2000000e+01   1.0000000e+00   1.8999901e+01  -5.3590229e+01  -3.7820822e+01   4.4749534e+02   2.7726267e+00   6.0122216e+00   3.8328910e-01
   2.0190000e+03   1.0000000e+00   1.0000000e+01   1.2000000e+01   3.0000000e+00   1.0000000e+00  -5.3594248e+01  -3.7819527e+01   4.5468483e+02   4.9725075e+00   1.5488424e+01   5.0893427e+00
   2.0190000e+03   1.0000000e+00   1.0000000e+01   1.2000000e+01   4.0000000e+00   4.2000099e+01  -5.3598315e+01  -3.7818179e+01   4.6059739e+02   5.9319995e+00   1.1982793e+01   6.7758023e+00
   2.0190000e+03   1.0000000e+00   1.0000000e+01   1.2000000e+01   6.0000000e+00   2.3000099e+01  -5.3602276e+01  -3.7816939e+01   4.4772509e+02   4.1921913e+00   8.2845460e+00   2.1276104e+00
   2.0190000e+03   1.0000000e+00   1.0000000e+01   1.2000000e+01   9.0000000e+00   4.9000000e+01  -5.3610296e+01  -3.7814285e+01   9.0812982e+02   2.6269558e+00   7.3368330e+01   8.1464941e-01
   2.0190000e+03   1.0000000e+00   1.0000000e+01   1.2000000e+01   1.1000000e+01   3.4000000e+01  -5.3614252e+01  -3.7813000e+01   4.4775653e+02   5.4446795e+00   1.0775219e+01   1.5598845e+00
   2.0190000e+03   1.0000000e+00   1.0000000e+01   1.2000000e+01   1.3000000e+01   2.1000000e+01  -5.3618333e+01  -3.7811667e+01   4.6190994e+02   2.2745721e+00   4.4793240e+00   1.0593511e+00
   2.0190000e+03   1.0000000e+00   1.0000000e+01   1.2000000e+01   1.5000000e+01   4.0000000e+00  -5.3622402e+01  -3.7810180e+01   4.6263226e+02   1.5944476e+00   4.8940885e+00   4.7257668e+00
   2.0190000e+03   1.0000000e+00   1.0000000e+01   1.2000000e+01   1.8000000e+01   3.2000099e+01  -5.3630500e+01  -3.7807667e+01   9.1494043e+02   1.7360887e+00   3.4770914e+00   1.8627849e+00
   2.0190000e+03   1.0000000e+00   1.0000000e+01   1.2000000e+01   2.0000000e+01   1.8000099e+01  -5.3634622e+01  -3.7806226e+01   4.6776096e+02   2.0487771e+00   5.6324127e+00   3.8759435e+00
   2.0190000e+03   1.0000000e+00   1.0000000e+01   1.2000000e+01   2.2000000e+01   5.0000000e+00  -5.3638667e+01  -3.7804833e+01   4.5872256e+02   2.7695441e+00   7.3251640e+00   6.3040112e+00
   2.0190000e+03   1.0000000e+00   1.0000000e+01   1.2000000e+01   2.3000000e+01   5.3000000e+01  -5.3642709e+01  -3.7803504e+01   4.5761386e+02   2.8132222e+00   5.9076736e+00   5.3829388e+00
   2.0190000e+03   1.0000000e+00   1.0000000e+01   1.2000000e+01   2.5000000e+01   4.0000000e+01  -5.3646828e+01  -3.7802216e+01   4.6550256e+02   4.0096486e+00   7.9338170e+00   7.6077551e+00
   2.0190000e+03   1.0000000e+00   1.0000000e+01   1.2000000e+01   2.7000000e+01   2.5000000e+01  -5.3650833e+01  -3.7801000e+01   4.5224535e+02   1.2077819e+01   1.4504633e+02   1.3092281e+02
   2.0190000e+03   1.0000000e+00   1.0000000e+01   1.2000000e+01   3.0000000e+01   5.3000000e+01  -5.3658829e+01  -3.7798324e+01   9.0575464e+02   1.1024961e+00   2.5406441e+00   8.4421430e-01
   2.0190000e+03   1.0000000e+00   1.0000000e+01   1.2000000e+01   3.2000000e+01   3.9000000e+01  -5.3662972e+01  -3.7796857e+01   4.7046857e+02   1.8077877e+00   5.7025658e+00   5.3035792e+00
   2.0190000e+03   1.0000000e+00   1.0000000e+01   1.2000000e+01   3.4000000e+01   2.4000000e+01  -5.3667021e+01  -3.7795646e+01   4.5691929e+02   2.3196101e-01   4.5440030e-01   3.3916219e-01
   2.0190000e+03   1.0000000e+00   1.0000000e+01   1.2000000e+01   3.6000000e+01   1.1000000e+01  -5.3671075e+01  -3.7794241e+01   4.5983991e+02   6.8200880e-01   1.3460573e+00   1.3286731e+00
   2.0190000e+03   1.0000000e+00   1.0000000e+01   1.2000000e+01   3.7000000e+01   5.7000000e+01  -5.3675067e+01  -3.7792851e+01   4.5291163e+02   6.1292367e-02   1.2006875e-01   0.0000000e+00
   2.0190000e+03   1.0000000e+00   1.0000000e+01   1.2000000e+01   3.9000000e+01   4.3000000e+01  -5.3679143e+01  -3.7791577e+01   4.6066339e+02   1.5454845e+02   3.0278935e+02   2.9271435e+02
   2.0190000e+03   1.0000000e+00   1.0000000e+01   1.2000000e+01   4.1000000e+01   3.0000000e+01  -5.3683167e+01  -3.7790167e+01   4.5663362e+02   6.4972493e-01   1.2966519e+00   9.0609376e-01
   2.0190000e+03   1.0000000e+00   1.0000000e+01   1.2000000e+01   4.3000000e+01   1.8000000e+01  -5.3687328e+01  -3.7788903e+01   4.6981510e+02   7.8792538e-01   1.7638549e+00   9.1251635e-01
   2.0190000e+03   1.0000000e+00   1.0000000e+01   1.2000000e+01   4.5000000e+01   1.5000000e+01  -5.3691333e+01  -3.7787500e+01   4.5455541e+02   2.7413981e-01   5.3702651e-01   4.3578301e-01
   2.0190000e+03   1.0000000e+00   1.0000000e+01   1.2000000e+01   4.7000000e+01   2.7000000e+01  -5.3695167e+01  -3.7786167e+01   4.3490056e+02   6.7686037e-01   1.3259364e+00   1.1720791e+00
   2.0190000e+03   1.0000000e+00   1.0000000e+01   1.2000000e+01   4.9000000e+01   4.3000000e+01  -5.3699040e+01  -3.7784965e+01   4.3760040e+02   9.7141769e-01   3.5824460e+00   1.1374015e+00
   2.0190000e+03   1.0000000e+00   1.0000000e+01   1.2000000e+01   5.3000000e+01   4.5000000e+01  -5.3707116e+01  -3.7782174e+01   9.1602037e+02   1.1358592e+00   3.1577066e+00   2.3738224e+00
   2.0190000e+03   1.0000000e+00   1.0000000e+01   1.2000000e+01   5.5000000e+01   3.7000000e+01  -5.3711098e+01  -3.7780882e+01   4.5057744e+02   1.0178293e+00   1.9938779e+00   1.6066376e+00
   2.0190000e+03   1.0000000e+00   1.0000000e+01   1.2000000e+01   5.7000000e+01   2.8000000e+01  -5.3715025e+01  -3.7779667e+01   4.4364487e+02   4.0747572e-01   1.0211096e+00   4.1862943e-01
   2.0190000e+03   1.0000000e+00   1.0000000e+01   1.2000000e+01   5.9000000e+01   1.8000000e+01  -5.3719051e+01  -3.7778187e+01   4.5779567e+02   3.2967783e-01   9.0935339e-01   2.9126737e-01
   2.0190000e+03   1.0000000e+00   1.0000000e+01   1.3000000e+01   1.0000000e+00   4.0000000e+00  -5.3723000e+01  -3.7777000e+01   4.4567792e+02   4.1073293e-01   8.0460575e-01   2.1134334e-01
   2.0190000e+03   1.0000000e+00   1.0000000e+01   1.3000000e+01   2.0000000e+00   5.0000000e+01  -5.3727026e+01  -3.7775660e+01   4.5593030e+02   3.7043110e-01   1.8875400e+00   1.6345510e+00
   2.0190000e+03   1.0000000e+00   1.0000000e+01   1.3000000e+01   6.0000000e+00   1.8000000e+01  -5.3735000e+01  -3.7773000e+01   9.0319019e+02   6.9395690e-01   1.3955108e+00   7.0198592e-01
   2.0190000e+03   1.0000000e+00   1.0000000e+01   1.3000000e+01   8.0000000e+00   1.0000000e+00  -5.3739084e+01  -3.7771562e+01   4.6355605e+02   8.9653632e-01   1.7562709e+00   1.4811837e+00
   2.0190000e+03   1.0000000e+00   1.0000000e+01   1.3000000e+01   9.0000000e+00   4.3000000e+01  -5.3743000e+01  -3.7770167e+01   4.4469922e+02   5.4371678e-01   1.2562208e+00   9.5508221e-01
   2.0190000e+03   1.0000000e+00   1.0000000e+01   1.3000000e+01   1.1000000e+01   2.9000000e+01  -5.3747000e+01  -3.7768833e+01   4.5303379e+02   1.0049246e+00   3.7052907e+00   1.6364340e+00
   2.0190000e+03   1.0000000e+00   1.0000000e+01   1.3000000e+01   1.3000000e+01   1.3000000e+01  -5.3751000e+01  -3.7767500e+01   4.5303205e+02   5.8420312e-01   1.1444254e+00   4.1148894e-01
   2.0190000e+03   1.0000000e+00   1.0000000e+01   1.3000000e+01   1.4000000e+01   5.7000000e+01  -5.3755000e+01  -3.7766167e+01   4.5303043e+02   4.4249990e-01   1.1253752e+00   5.4423642e-01
   2.0190000e+03   1.0000000e+00   1.0000000e+01   1.3000000e+01   1.6000000e+01   4.4000000e+01  -5.3759094e+01  -3.7764833e+01   4.6324877e+02   8.4476614e-01   2.5183726e+00   2.0448065e+00
   2.0190000e+03   1.0000000e+00   1.0000000e+01   1.3000000e+01   1.8000000e+01   2.9000000e+01  -5.3763167e+01  -3.7763500e+01   4.6098527e+02   5.2936498e-01   1.0666378e+00   3.8576172e-01
   2.0190000e+03   1.0000000e+00   1.0000000e+01   1.3000000e+01   2.0000000e+01   1.3000000e+01  -5.3767167e+01  -3.7762167e+01   4.5302553e+02   4.3358211e-01   8.4936619e-01   2.1813269e-01
   2.0190000e+03   1.0000000e+00   1.0000000e+01   1.3000000e+01   2.1000000e+01   5.6000000e+01  -5.3771198e+01  -3.7760806e+01   4.5683233e+02   7.8271080e+00   1.5374390e+01   2.1474715e-01
   2.0190000e+03   1.0000000e+00   1.0000000e+01   1.3000000e+01   2.3000000e+01   3.9000000e+01  -5.3775241e+01  -3.7759392e+01   4.5873550e+02   2.5208208e-01   5.0736760e-01   5.0676398e-02
   2.0190000e+03   1.0000000e+00   1.0000000e+01   1.3000000e+01   2.5000000e+01   2.0000000e+01  -5.3779169e+01  -3.7758164e+01   4.4386094e+02   5.2464001e-01   1.4244751e+00   1.2465406e+00
   2.0190000e+03   1.0000000e+00   1.0000000e+01   1.3000000e+01   2.7000000e+01   1.0000000e+00  -5.3783247e+01  -3.7756776e+01   4.6221118e+02   9.8501822e-02   3.5404313e-01   1.5081198e-01
   2.0190000e+03   1.0000000e+00   1.0000000e+01   1.3000000e+01   2.8000000e+01   4.3000000e+01  -5.3787333e+01  -3.7755333e+01   4.6383377e+02   7.1341998e-01   1.8277535e+00   1.5680386e+00
   2.0190000e+03   1.0000000e+00   1.0000000e+01   1.3000000e+01   3.0000000e+01   2.6000000e+01  -5.3791386e+01  -3.7753985e+01   4.5894481e+02   6.9131561e-01   1.7480331e+00   1.5634428e+00
   2.0190000e+03   1.0000000e+00   1.0000000e+01   1.3000000e+01   3.2000000e+01   8.0000000e+00  -5.3795448e+01  -3.7752667e+01   4.5963553e+02   2.7523380e-01   1.2216044e+00   3.3541886e-01
   2.0190000e+03   1.0000000e+00   1.0000000e+01   1.3000000e+01   3.3000000e+01   5.1000000e+01  -5.3799518e+01  -3.7751307e+01   4.6088630e+02   3.0680643e-01   6.6588217e-01   1.9683912e-01
   2.0190000e+03   1.0000000e+00   1.0000000e+01   1.3000000e+01   3.5000000e+01   3.3000000e+01  -5.3803568e+01  -3.7749907e+01   4.5940269e+02   4.2050756e+00   1.2331174e+01   1.4433203e+00
   2.0190000e+03   1.0000000e+00   1.0000000e+01   1.3000000e+01   3.7000000e+01   1.3000000e+01  -5.3807546e+01  -3.7748621e+01   4.4996113e+02   1.4643122e+01   2.8870526e+01   2.2533815e+01
   2.0190000e+03   1.0000000e+00   1.0000000e+01   1.3000000e+01   3.8000000e+01   5.0000000e+01  -5.3811501e+01  -3.7747166e+01   4.4977339e+02   5.4314443e-01   1.0639934e+00   3.3357743e-01
   2.0190000e+03   1.0000000e+00   1.0000000e+01   1.3000000e+01   4.2000000e+01   4.0000000e+00  -5.3819634e+01  -3.7744366e+01   9.2222223e+02   1.0019045e+00   2.3947259e+00   1.5355054e+00
   2.0190000e+03   1.0000000e+00   1.0000000e+01   1.3000000e+01   4.3000000e+01   3.9000000e+01  -5.3823645e+01  -3.7743092e+01   4.5348416e+02   1.5959137e+01   3.1265949e+01   2.8972150e+00
   2.0190000e+03   1.0000000e+00   1.0000000e+01   1.3000000e+01   4.5000000e+01   1.4000000e+01  -5.3827548e+01  -3.7741824e+01   4.4159513e+02   1.0532449e+02   2.0776568e+02   1.5651486e+02
   2.0190000e+03   1.0000000e+00   1.0000000e+01   1.3000000e+01   4.8000000e+01   2.6000000e+01  -5.3835674e+01  -3.7739002e+01   9.2169091e+02   5.7887171e+01   1.6286947e+02   5.1974004e-01
   2.0190000e+03   1.0000000e+00   1.0000000e+01   1.3000000e+01   5.0000000e+01   2.0000000e+00  -5.3839794e+01  -3.7737667e+01   4.6616911e+02   2.6788613e+01   6.4678977e+01   1.7804031e+00
   2.0190000e+03   1.0000000e+00   1.0000000e+01   1.3000000e+01   5.1000000e+01   3.9000000e+01  -5.3843972e+01  -3.7736333e+01   4.7238279e+02   2.6113459e+01   5.1241919e+01   2.9282134e+01
   2.0190000e+03   1.0000000e+00   1.0000000e+01   1.3000000e+01   5.3000000e+01   1.6000000e+01  -5.3848109e+01  -3.7734943e+01   4.6866403e+02   2.4612202e+01   5.7661396e+01   2.6398400e+01
   2.0190000e+03   1.0000000e+00   1.0000000e+01   1.3000000e+01   5.4000000e+01   5.2000000e+01  -5.3852164e+01  -3.7733564e+01   4.5959539e+02   1.4682538e+02   3.0209299e+02   2.4474627e+02
   2.0190000e+03   1.0000000e+00   1.0000000e+01   1.3000000e+01   5.6000000e+01   2.9000000e+01  -5.3856226e+01  -3.7732108e+01   4.6127715e+02   1.1947409e+00   3.1307300e+00   2.0128553e+00
   2.0190000e+03   1.0000000e+00   1.0000000e+01   1.3000000e+01   5.8000000e+01   6.0000000e+00  -5.3860394e+01  -3.7730744e+01   4.7168381e+02   2.1931949e+01   4.2963617e+01   3.5909894e+00
   2.0190000e+03   1.0000000e+00   1.0000000e+01   1.3000000e+01   5.9000000e+01   4.2000000e+01  -5.3864414e+01  -3.7729500e+01   4.5407548e+02   1.1847447e+00   6.2772289e+00   1.9817091e+00
