   2.0190000e+03   1.0000000e+00   1.0000000e+01   1.4000000e+01   3.9000000e+01   2.3000000e+01  -5.3851787e+01  -3.7594523e+01   4.5654685e+02   3.7503906e-01   1.0710861e+00   7.4406144e-01
   2.0190000e+03   1.0000000e+00   1.0000000e+01   1.4000000e+01   4.1000000e+01   1.0000000e+00  -5.3847746e+01  -3.7595939e+01   4.5852548e+02   4.3954099e-01   9.1293161e-01   5.4846909e-01
   2.0190000e+03   1.0000000e+00   1.0000000e+01   1.4000000e+01   4.2000000e+01   3.8000000e+01  -5.3843707e+01  -3.7597041e+01   4.5460169e+02   8.5822382e+00   2.0222197e+01   1.9697912e+01
   2.0190000e+03   1.0000000e+00   1.0000000e+01   1.4000000e+01   4.4000000e+01   1.7000000e+01  -5.3839675e+01  -3.7598485e+01   4.5796293e+02   8.1528975e-01   1.5971128e+00   1.9365889e-01
   2.0190000e+03   1.0000000e+00   1.0000000e+01   1.4000000e+01   4.6000000e+01   1.0000000e+00  -5.3835681e+01  -3.7599846e+01   4.5270751e+02   3.4178995e+01   6.6954982e+01   0.0000000e+00
   2.0190000e+03   1.0000000e+00   1.0000000e+01   1.4000000e+01   4.7000000e+01   4.7000000e+01  -5.3831667e+01  -3.7601167e+01   4.5439410e+02   1.3318631e+00   2.6090548e+00   1.0773794e+00
   2.0190000e+03   1.0000000e+00   1.0000000e+01   1.4000000e+01   4.9000000e+01   2.9000000e+01  -5.3827535e+01  -3.7602535e+01   4.6781517e+02   6.2422310e-01   1.3762427e+00   1.2666940e-01
   2.0190000e+03   1.0000000e+00   1.0000000e+01   1.4000000e+01   5.1000000e+01   1.5000000e+01  -5.3823500e+01  -3.7604000e+01   4.5853374e+02   9.8088205e-01   2.0439716e+00   6.6340057e-01
   2.0190000e+03   1.0000000e+00   1.0000000e+01   1.4000000e+01   5.3000000e+01   7.0000000e+00  -5.3819500e+01  -3.7605167e+01   4.5101980e+02   1.4559490e+01   3.6124322e+01   1.9890126e+01
   2.0190000e+03   1.0000000e+00   1.0000000e+01   1.4000000e+01   5.4000000e+01   5.3000000e+01  -5.3815421e+01  -3.7606688e+01   4.6411398e+02   1.0145611e+00   1.2635831e+01   1.1854146e+01
   2.0190000e+03   1.0000000e+00   1.0000000e+01   1.4000000e+01   5.6000000e+01   3.6000000e+01  -5.3811407e+01  -3.7608010e+01   4.5437428e+02   8.4492860e-01   1.7550248e+00   0.0000000e+00
   2.0190000e+03   1.0000000e+00   1.0000000e+01   1.4000000e+01   5.8000000e+01   2.1000000e+01  -5.3807500e+01  -3.7609333e+01   4.4276155e+02   7.2529007e-01   1.4442006e+00   3.2098108e-01
   2.0190000e+03   1.0000000e+00   1.0000000e+01   1.5000000e+01   0.0000000e+00   6.0000000e+00  -5.3803599e+01  -3.7610699e+01   4.4268218e+02   1.2816883e+01   2.8781795e+01   5.7724332e-01
   2.0190000e+03   1.0000000e+00   1.0000000e+01   1.5000000e+01   1.0000000e+00   4.9000000e+01  -5.3799667e+01  -3.7612000e+01   4.4518641e+02   6.6868112e-01   7.0555955e+00   0.0000000e+00
   2.0190000e+03   1.0000000e+00   1.0000000e+01   1.5000000e+01   3.0000000e+00   3.1000000e+01  -5.3795733e+01  -3.7613364e+01   4.4621796e+02   1.1414385e+01   2.2521360e+01   0.0000000e+00
   2.0190000e+03   1.0000000e+00   1.0000000e+01   1.5000000e+01   5.0000000e+00   1.1000000e+01  -5.3791781e+01  -3.7614697e+01   4.4774671e+02   4.4283517e-01   1.0114669e+00   3.2663594e-01
   2.0190000e+03   1.0000000e+00   1.0000000e+01   1.5000000e+01   6.0000000e+00   4.9000099e+01  -5.3787775e+01  -3.7616059e+01   4.5405137e+02   6.3407887e-01   1.5460607e+00   2.9348519e-01
   2.0190000e+03   1.0000000e+00   1.0000000e+01   1.5000000e+01   8.0000000e+00   2.8000000e+01  -5.3783876e+01  -3.7617550e+01   4.4420175e+02   8.3156871e-01   1.8050165e+00   3.9089899e-01
   2.0190000e+03   1.0000000e+00   1.0000000e+01   1.5000000e+01   1.0000000e+01   7.0000000e+00  -5.3780000e+01  -3.7618833e+01   4.3882142e+02   2.2926034e+00   4.4910981e+00   1.6982181e+00
   2.0190000e+03   1.0000000e+00   1.0000000e+01   1.5000000e+01   1.1000000e+01   4.9000000e+01  -5.3776028e+01  -3.7620117e+01   4.4932476e+02   1.3569781e+00   3.1699173e+00   2.3979487e+00
   2.0190000e+03   1.0000000e+00   1.0000000e+01   1.5000000e+01   1.3000000e+01   3.5000000e+01  -5.3772070e+01  -3.7621603e+01   4.5047345e+02   1.7747914e+00   3.4767297e+00   2.6995235e+00
   2.0190000e+03   1.0000000e+00   1.0000000e+01   1.5000000e+01   1.5000000e+01   2.1000000e+01  -5.3768167e+01  -3.7622833e+01   4.4125598e+02   1.9484207e+00   4.9501404e+00   2.7988734e+00
   2.0190000e+03   1.0000000e+00   1.0000000e+01   1.5000000e+01   1.7000000e+01   7.0000000e+00  -5.3764181e+01  -3.7624174e+01   4.5159816e+02   1.1317695e+00   6.7291363e+00   9.8360595e-01
   2.0190000e+03   1.0000000e+00   1.0000000e+01   1.5000000e+01   1.8000000e+01   4.9000000e+01  -5.3760170e+01  -3.7625663e+01   4.5631377e+02   1.0921906e+00   2.9982981e+00   1.6308868e+00
   2.0190000e+03   1.0000000e+00   1.0000000e+01   1.5000000e+01   2.0000000e+01   2.8000000e+01  -5.3756159e+01  -3.7626838e+01   4.5232269e+02   5.5029874e+00   1.9080972e+01   8.0047607e-02
   2.0190000e+03   1.0000000e+00   1.0000000e+01   1.5000000e+01   2.2000000e+01   1.0000000e+01  -5.3752013e+01  -3.7628476e+01   4.7304616e+02   1.3843537e+00   4.8579303e+00   7.5917958e-01
   2.0190000e+03   1.0000000e+00   1.0000000e+01   1.5000000e+01   2.3000000e+01   5.3000000e+01  -5.3747999e+01  -3.7629798e+01   4.5443841e+02   5.8492040e+00   1.1793418e+01   4.5017892e-02
   2.0190000e+03   1.0000000e+00   1.0000000e+01   1.5000000e+01   2.5000000e+01   3.5000000e+01  -5.3744061e+01  -3.7631106e+01   4.4595645e+02   7.4907146e-01   1.4673944e+00   9.0079105e-01
   2.0190000e+03   1.0000000e+00   1.0000000e+01   1.5000000e+01   2.7000000e+01   1.9000000e+01  -5.3740092e+01  -3.7632508e+01   4.5055896e+02   2.0606948e-01   2.6731235e+00   2.9348253e-01
   2.0190000e+03   1.0000000e+00   1.0000000e+01   1.5000000e+01   2.9000000e+01   2.0000000e+00  -5.3736086e+01  -3.7633748e+01   4.5256559e+02   5.2365517e+01   1.2030783e+02   4.2693103e+01
   2.0190000e+03   1.0000000e+00   1.0000000e+01   1.5000000e+01   3.0000000e+01   4.6000000e+01  -5.3732167e+01  -3.7635167e+01   4.4536593e+02   9.7693242e-01   2.1150001e+00   3.2756114e-01
   2.0190000e+03   1.0000000e+00   1.0000000e+01   1.5000000e+01   3.2000000e+01   2.9000000e+01  -5.3728000e+01  -3.7636500e+01   4.7122375e+02   4.4596599e+00   9.2714561e+00   9.1623342e-01
   2.0190000e+03   1.0000000e+00   1.0000000e+01   1.5000000e+01   3.4000000e+01   1.0000000e+01  -5.3723983e+01  -3.7637998e+01   4.5711819e+02   5.2935362e-01   1.0369779e+00   1.0016602e+00
   2.0190000e+03   1.0000000e+00   1.0000000e+01   1.5000000e+01   3.5000000e+01   5.0000000e+01  -5.3719852e+01  -3.7639382e+01   4.6797197e+02   5.0368836e+00   1.4599757e+01   2.8385846e-01
   2.0190000e+03   1.0000000e+00   1.0000000e+01   1.5000000e+01   3.7000000e+01   3.5000000e+01  -5.3715839e+01  -3.7640670e+01   4.5392053e+02   9.8241055e+00   2.9120500e+01   7.4374518e-01
   2.0190000e+03   1.0000000e+00   1.0000000e+01   1.5000000e+01   3.9000000e+01   2.5000000e+01  -5.3711833e+01  -3.7642167e+01   4.5582174e+02   1.0236112e+00   1.3801965e+01   0.0000000e+00
   2.0190000e+03   1.0000000e+00   1.0000000e+01   1.5000000e+01   4.1000000e+01   1.4000000e+01  -5.3707858e+01  -3.7643468e+01   4.4999888e+02   1.5064895e+01   4.6572733e+01   9.1760943e-01
   2.0190000e+03   1.0000000e+00   1.0000000e+01   1.5000000e+01   4.2000000e+01   5.9000000e+01  -5.3703952e+01  -3.7644838e+01   4.4319711e+02   4.0040674e-01   1.2362744e+00   1.0564998e+00
   2.0190000e+03   1.0000000e+00   1.0000000e+01   1.5000000e+01   4.4000000e+01   4.2000000e+01  -5.3699832e+01  -3.7646169e+01   4.6614698e+02   5.2835884e-01   1.3708480e+00   1.2680783e+00
   2.0190000e+03   1.0000000e+00   1.0000000e+01   1.5000000e+01   4.6000000e+01   2.8000000e+01  -5.3695915e+01  -3.7647505e+01   4.4400384e+02   9.0609005e-01   1.8235484e+00   8.7263307e-01
   2.0190000e+03   1.0000000e+00   1.0000000e+01   1.5000000e+01   4.8000000e+01   1.6000000e+01  -5.3691963e+01  -3.7649000e+01   4.5004266e+02   1.2120854e+00   2.4290982e+00   8.5669171e-01
   2.0190000e+03   1.0000000e+00   1.0000000e+01   1.5000000e+01   5.0000000e+01   6.0000000e+00  -5.3688000e+01  -3.7650167e+01   4.4704690e+02   1.1869154e+00   2.3801048e+00   1.9299062e+00
   2.0190000e+03   1.0000000e+00   1.0000000e+01   1.5000000e+01   5.2000000e+01   5.0000000e+00  -5.3684015e+01  -3.7651660e+01   4.5354330e+02   8.0065967e-01   1.8961020e+00   1.1702861e+00
   2.0190000e+03   1.0000000e+00   1.0000000e+01   1.5000000e+01   5.4000000e+01   4.0000000e+00  -5.3680112e+01  -3.7653007e+01   4.4275367e+02   3.1872292e+00   6.3923733e+00   9.0425864e-01
   2.0190000e+03   1.0000000e+00   1.0000000e+01   1.5000000e+01   5.5000000e+01   5.8000000e+01  -5.3676167e+01  -3.7654333e+01   4.4697018e+02   1.6351600e+00   3.2031986e+00   2.1161672e+00
   2.0190000e+03   1.0000000e+00   1.0000000e+01   1.5000000e+01   5.7000000e+01   5.3000000e+01  -5.3672500e+01  -3.7655667e+01   4.1678607e+02   8.7428899e-01   1.8242510e+00   1.6021800e+00
   2.0190000e+03   1.0000000e+00   1.0000000e+01   1.5000000e+01   5.9000000e+01   4.2000000e+01  -5.3668493e+01  -3.7656999e+01   4.5385817e+02   1.7292969e+00   3.4163126e+00   9.4344528e-01
   2.0190000e+03   1.0000000e+00   1.0000000e+01   1.6000000e+01   1.0000000e+00   2.4000000e+01  -5.3664368e+01  -3.7658298e+01   4.6621946e+02   9.4513231e+01   1.8521022e+02   1.5109542e+02
   2.0190000e+03   1.0000000e+00   1.0000000e+01   1.6000000e+01   3.0000000e+00   3.0000000e+00  -5.3660296e+01  -3.7659670e+01   4.6146686e+02   1.3287970e+00   2.6030485e+00   1.9615112e+00
   2.0190000e+03   1.0000000e+00   1.0000000e+01   1.6000000e+01   4.0000000e+00   3.9000000e+01  -5.3656180e+01  -3.7661154e+01   4.6769586e+02   7.2969051e+01   1.4310668e+02   7.1779513e+01
   2.0190000e+03   1.0000000e+00   1.0000000e+01   1.6000000e+01   6.0000000e+00   1.6000000e+01  -5.3652034e+01  -3.7662476e+01   4.6883286e+02   1.2148385e+01   1.9510837e+02   1.1372696e+02
   2.0190000e+03   1.0000000e+00   1.0000000e+01   1.6000000e+01   7.0000000e+00   5.5000000e+01  -5.3648032e+01  -3.7663786e+01   4.5300511e+02   7.4641835e+01   1.8700802e+02   1.7046803e+02
   2.0190000e+03   1.0000000e+00   1.0000000e+01   1.6000000e+01   9.0000000e+00   3.6000000e+01  -5.3644000e+01  -3.7665333e+01   4.5945384e+02   3.2277288e+00   6.4035132e+00   6.0480901e+00
   2.0190000e+03   1.0000000e+00   1.0000000e+01   1.6000000e+01   1.1000000e+01   2.0000000e+01  -5.3639886e+01  -3.7666643e+01   4.6525631e+02   2.5090062e+00   5.0143606e+00   3.9154743e+00
   2.0190000e+03   1.0000000e+00   1.0000000e+01   1.6000000e+01   1.3000000e+01   5.0000992e+00  -5.3635889e+01  -3.7667945e+01   4.5233864e+02   2.3483615e+00   4.6003256e+00   3.9618692e+00
   2.0190000e+03   1.0000000e+00   1.0000000e+01   1.6000000e+01   1.4000000e+01   4.7000099e+01  -5.3631833e+01  -3.7669333e+01   4.5983277e+02   1.4727274e+00   3.0382471e+00   2.3872559e+00
   2.0190000e+03   1.0000000e+00   1.0000000e+01   1.6000000e+01   1.6000000e+01   2.4000000e+01  -5.3627735e+01  -3.7670686e+01   4.6407507e+02   9.4672868e-01   1.9725654e+00   1.0377264e+00
   2.0190000e+03   1.0000000e+00   1.0000000e+01   1.6000000e+01   1.8000000e+01   2.0000992e+00  -5.3623792e+01  -3.7672030e+01   4.4697237e+02   3.0030721e+00   5.9161559e+00   9.6394520e-01
   2.0190000e+03   1.0000000e+00   1.0000000e+01   1.6000000e+01   1.9000000e+01   3.8000000e+01  -5.3619741e+01  -3.7673431e+01   4.5949442e+02   1.4697169e+00   3.3531060e+00   1.0558819e+00
   2.0190000e+03   1.0000000e+00   1.0000000e+01   1.6000000e+01   2.1000000e+01   1.5000000e+01  -5.3615664e+01  -3.7674833e+01   4.6235337e+02   2.0462455e+00   4.4148041e+00   1.8030020e+00
   2.0190000e+03   1.0000000e+00   1.0000000e+01   1.6000000e+01   2.2000000e+01   5.1000000e+01  -5.3611701e+01  -3.7676176e+01   4.4923547e+02   2.2322163e+00   4.3973310e+00   1.3521536e+00
   2.0190000e+03   1.0000000e+00   1.0000000e+01   1.6000000e+01   2.4000000e+01   2.7000000e+01  -5.3607737e+01  -3.7677495e+01   4.4900182e+02   1.7053318e+00   3.8082816e+00   2.4358287e+00
   2.0190000e+03   1.0000000e+00   1.0000000e+01   1.6000000e+01   2.6000000e+01   8.0000000e+00  -5.3603667e+01  -3.7678833e+01   4.6078987e+02   3.1001966e+00   6.8933608e+00   1.6173101e+00
   2.0190000e+03   1.0000000e+00   1.0000000e+01   1.6000000e+01   2.7000000e+01   4.7000000e+01  -5.3599500e+01  -3.7680333e+01   4.7344694e+02   5.9808042e-01   1.3360448e+00   8.1878541e-01
   2.0190000e+03   1.0000000e+00   1.0000000e+01   1.6000000e+01   2.9000000e+01   2.4000000e+01  -5.3595529e+01  -3.7681642e+01   4.4957841e+02   1.0804151e+00   3.0187502e+00   9.1261302e-01
   2.0190000e+03   1.0000000e+00   1.0000000e+01   1.6000000e+01   3.1000000e+01   3.0000000e+00  -5.3591483e+01  -3.7683006e+01   4.5859557e+02   7.0023917e-01   1.4354250e+00   9.5534133e-01
   2.0190000e+03   1.0000000e+00   1.0000000e+01   1.6000000e+01   3.2000000e+01   4.4000000e+01  -5.3587343e+01  -3.7684358e+01   4.6854698e+02   2.1787165e+00   4.4539456e+00   4.4594294e-01
   2.0190000e+03   1.0000000e+00   1.0000000e+01   1.6000000e+01   3.4000000e+01   2.5000000e+01  -5.3583333e+01  -3.7685667e+01   4.5383928e+02   3.4109072e-01   9.5159468e-01   1.1135626e-01
   2.0190000e+03   1.0000000e+00   1.0000000e+01   1.6000000e+01   3.6000000e+01   9.0000000e+00  -5.3579442e+01  -3.7687167e+01   4.4360344e+02   6.1402661e+00   1.2028481e+01   8.1177548e-01
   2.0190000e+03   1.0000000e+00   1.0000000e+01   1.6000000e+01   3.7000000e+01   5.2000000e+01  -5.3575333e+01  -3.7688500e+01   4.6493214e+02   3.0288080e+00   6.1151461e+00   1.2810272e+00
   2.0190000e+03   1.0000000e+00   1.0000000e+01   1.6000000e+01   3.9000000e+01   3.4000000e+01  -5.3571191e+01  -3.7689667e+01   4.6671904e+02   2.1416346e+00   4.6764050e+00   1.2917714e+00
   2.0190000e+03   1.0000000e+00   1.0000000e+01   1.6000000e+01   4.1000000e+01   1.3000000e+01  -5.3567167e+01  -3.7691167e+01   4.5797705e+02   3.6579799e+00   7.2430730e+00   1.0766472e+00
   2.0190000e+03   1.0000000e+00   1.0000000e+01   1.6000000e+01   4.2000000e+01   5.1000099e+01  -5.3563000e+01  -3.7692667e+01   4.7346480e+02   5.1586505e+00   1.0187031e+01   2.8920332e+00
   2.0190000e+03   1.0000000e+00   1.0000000e+01   1.6000000e+01   4.4000000e+01   3.0000000e+01  -5.3558861e+01  -3.7693976e+01   4.6798230e+02   5.5292430e+00   1.7424815e+01   1.7276926e+00
   2.0190000e+03   1.0000000e+00   1.0000000e+01   1.6000000e+01   4.6000000e+01   1.0000000e+01  -5.3554833e+01  -3.7695333e+01   4.5642595e+02   5.3223772e+00   1.9472807e+01   1.7367307e+00
   2.0190000e+03   1.0000000e+00   1.0000000e+01   1.6000000e+01   4.7000000e+01   5.1000000e+01  -5.3550667e+01  -3.7696667e+01   4.7129161e+02   4.7651260e+00   1.4640467e+01   9.4582057e-01
   2.0190000e+03   1.0000000e+00   1.0000000e+01   1.6000000e+01   4.9000000e+01   3.4000000e+01  -5.3546833e+01  -3.7698167e+01   4.3732104e+02   4.9488483e+00   1.7857837e+01   9.8064534e+00
   2.0190000e+03   1.0000000e+00   1.0000000e+01   1.6000000e+01   5.1000000e+01   1.5000000e+01  -5.3542766e+01  -3.7699400e+01   4.5920958e+02   3.9088173e+02   7.9609024e+02   7.7403740e+02
   2.0190000e+03   1.0000000e+00   1.0000000e+01   1.6000000e+01   5.2000000e+01   5.6000000e+01  -5.3538804e+01  -3.7700830e+01   4.5030131e+02   3.0984835e+02   6.1068711e+02   6.0251011e+02
   2.0190000e+03   1.0000000e+00   1.0000000e+01   1.6000000e+01   5.4000000e+01   3.7000000e+01  -5.3534833e+01  -3.7702167e+01   4.4996168e+02   8.4236199e+02   1.6502096e+03   1.6367519e+03
   2.0190000e+03   1.0000000e+00   1.0000000e+01   1.6000000e+01   5.6000000e+01   1.8000000e+01  -5.3530776e+01  -3.7703502e+01   4.5940368e+02   9.0237866e+02   1.7679977e+03   1.7669199e+03
   2.0190000e+03   1.0000000e+00   1.0000000e+01   1.6000000e+01   5.8000000e+01   2.0000000e+00  -5.3526833e+01  -3.7704667e+01   4.4480376e+02   2.4006340e+00   5.4462710e+00   1.2120089e+00
   2.0190000e+03   1.0000000e+00   1.0000000e+01   1.6000000e+01   5.9000000e+01   5.1000000e+01  -5.3523000e+01  -3.7706167e+01   4.3733259e+02   1.7592098e+00   4.9468601e+00   1.3295116e+00
   2.0190000e+03   1.0000000e+00   1.0000000e+01   1.7000000e+01   1.0000000e+00   3.8000099e+01  -5.3518831e+01  -3.7707654e+01   4.7359918e+02   3.2101794e+00   7.7830322e+00   1.7738709e+00
   2.0190000e+03   1.0000000e+00   1.0000000e+01   1.7000000e+01   3.0000000e+00   1.9000000e+01  -5.3514833e+01  -3.7708833e+01   4.5096869e+02   2.1669702e+00   1.0052041e+01   1.6691432e+00
   2.0190000e+03   1.0000000e+00   1.0000000e+01   1.7000000e+01   4.0000000e+00   5.8000000e+01  -5.3510814e+01  -3.7710186e+01   4.5545555e+02   2.0867736e+00   8.6929464e+00   6.8658141e-01
   2.0190000e+03   1.0000000e+00   1.0000000e+01   1.7000000e+01   6.0000000e+00   3.8000000e+01  -5.3506685e+01  -3.7711675e+01   4.6924364e+02   1.5744758e+00   3.3519758e+00   2.2615585e-01
   2.0190000e+03   1.0000000e+00   1.0000000e+01   1.7000000e+01   8.0000000e+00   1.6000000e+01  -5.3502675e+01  -3.7712934e+01   4.5336458e+02   3.4774523e-01   1.1353112e+00   2.3823329e-01
   2.0190000e+03   1.0000000e+00   1.0000000e+01   1.7000000e+01   9.0000000e+00   5.4000000e+01  -5.3498534e+01  -3.7714350e+01   4.6947864e+02   1.4268573e+00   2.8405586e+00   5.9798741e-01
   2.0190000e+03   1.0000000e+00   1.0000000e+01   1.7000000e+01   1.1000000e+01   3.0000000e+01  -5.3494484e+01  -3.7715751e+01   4.5956941e+02   1.5247108e+00   2.9868339e+00   2.7555458e-01
   2.0190000e+03   1.0000000e+00   1.0000000e+01   1.7000000e+01   1.3000000e+01   7.0000000e+00  -5.3490417e+01  -3.7717057e+01   4.6003392e+02   1.1526845e+00   2.4807729e+00   1.0190048e+00
   2.0190000e+03   1.0000000e+00   1.0000000e+01   1.7000000e+01   1.4000000e+01   4.5000099e+01  -5.3486355e+01  -3.7718480e+01   4.6110716e+02   9.3141212e-01   2.8938959e+00   1.4737103e+00
   2.0190000e+03   1.0000000e+00   1.0000000e+01   1.7000000e+01   1.6000000e+01   2.3000000e+01  -5.3482381e+01  -3.7719856e+01   4.5086133e+02   1.4401536e+00   1.0141861e+01   1.6677885e+00
   2.0190000e+03   1.0000000e+00   1.0000000e+01   1.7000000e+01   1.8000000e+01   2.0000000e+00  -5.3478167e+01  -3.7721167e+01   4.7621291e+02   1.4188688e-01   2.0994780e+00   1.9121949e+00
   2.0190000e+03   1.0000000e+00   1.0000000e+01   1.7000000e+01   1.9000000e+01   4.0000000e+01  -5.3474200e+01  -3.7722583e+01   4.5066405e+02   8.1653128e-01   2.7832755e+00   1.7822552e+00
   2.0190000e+03   1.0000000e+00   1.0000000e+01   1.7000000e+01   2.1000000e+01   1.9000000e+01  -5.3470193e+01  -3.7723932e+01   4.5411582e+02   3.3627162e-01   6.9236981e-01   2.4600364e-01
   2.0190000e+03   1.0000000e+00   1.0000000e+01   1.7000000e+01   2.2000000e+01   5.8000000e+01  -5.3466126e+01  -3.7725333e+01   4.6126468e+02   8.2530967e-01   1.7105085e+00   1.5691850e+00
   2.0190000e+03   1.0000000e+00   1.0000000e+01   1.7000000e+01   2.4000000e+01   3.9000000e+01  -5.3462118e+01  -3.7726667e+01   4.5409635e+02   8.2142092e-01   1.6091235e+00   9.9626940e-01
   2.0190000e+03   1.0000000e+00   1.0000000e+01   1.7000000e+01   2.6000000e+01   1.9000099e+01  -5.3458000e+01  -3.7728000e+01   4.6597232e+02   7.2223466e-01   1.7532159e+00   5.6961549e-01
   2.0190000e+03   1.0000000e+00   1.0000000e+01   1.7000000e+01   2.7000000e+01   5.6000000e+01  -5.3453854e+01  -3.7729461e+01   4.7069045e+02   1.2012223e+00   3.8147029e+00   4.7258007e-01
   2.0190000e+03   1.0000000e+00   1.0000000e+01   1.7000000e+01   2.9000000e+01   3.1000000e+01  -5.3449831e+01  -3.7730778e+01   4.5544634e+02   1.1429020e+00   3.7445302e+00   3.1038048e+00
   2.0190000e+03   1.0000000e+00   1.0000000e+01   1.7000000e+01   3.1000000e+01   7.0000000e+00  -5.3445839e+01  -3.7732169e+01   4.5303780e+02   9.8886780e-01   3.7038439e+00   2.6339758e+00
   2.0190000e+03   1.0000000e+00   1.0000000e+01   1.7000000e+01   3.2000000e+01   4.7000099e+01  -5.3441869e+01  -3.7733490e+01   4.4973858e+02   1.7394113e+00   6.1212886e+00   4.8531790e+00
   2.0190000e+03   1.0000000e+00   1.0000000e+01   1.7000000e+01   3.4000000e+01   2.5000000e+01  -5.3437867e+01  -3.7734827e+01   4.5341404e+02   1.0417762e+00   3.9565047e+00   2.1800960e+00
   2.0190000e+03   1.0000000e+00   1.0000000e+01   1.7000000e+01   3.6000000e+01   2.0000992e+00  -5.3433867e+01  -3.7736142e+01   4.5293357e+02   7.2130889e-01   6.8545190e+00   4.6980942e+00
   2.0190000e+03   1.0000000e+00   1.0000000e+01   1.7000000e+01   3.7000000e+01   4.2000000e+01  -5.3429850e+01  -3.7737524e+01   4.5574081e+02   1.9835680e+00   4.3043568e+00   2.8878820e+00
   2.0190000e+03   1.0000000e+00   1.0000000e+01   1.7000000e+01   3.9000000e+01   2.2000000e+01  -5.3425841e+01  -3.7738835e+01   4.5376419e+02   1.3541995e+00   5.0555956e+00   2.6669757e+00
   2.0190000e+03   1.0000000e+00   1.0000000e+01   1.7000000e+01   4.1000000e+01   3.0000000e+00  -5.3421773e+01  -3.7740208e+01   4.6116687e+02   1.6312009e+00   9.0107961e+00   8.5371270e+00
   2.0190000e+03   1.0000000e+00   1.0000000e+01   1.7000000e+01   4.2000000e+01   4.3000000e+01  -5.3417820e+01  -3.7741513e+01   4.4762906e+02   2.1276978e+00   8.9482073e+00   8.3763697e+00
   2.0190000e+03   1.0000000e+00   1.0000000e+01   1.7000000e+01   4.4000000e+01   2.4000000e+01  -5.3413581e+01  -3.7742912e+01   4.8003005e+02   1.2607265e+00   5.2929788e+00   4.8260864e+00
   2.0190000e+03   1.0000000e+00   1.0000000e+01   1.7000000e+01   4.6000000e+01   5.0000000e+00  -5.3409460e+01  -3.7744373e+01   4.6808579e+02   1.7043235e+00   4.8996693e+00   3.4733411e+00
   2.0190000e+03   1.0000000e+00   1.0000000e+01   1.7000000e+01   4.7000000e+01   4.8000000e+01  -5.3405383e+01  -3.7745748e+01   4.6214155e+02   2.8543922e+00   5.5916149e+00   4.8095395e+00
   2.0190000e+03   1.0000000e+00   1.0000000e+01   1.7000000e+01   4.9000000e+01   3.2000000e+01  -5.3401429e+01  -3.7747167e+01   4.4925037e+02   7.7392547e+00   1.5160822e+01   8.3626701e+00
   2.0190000e+03   1.0000000e+00   1.0000000e+01   1.7000000e+01   5.1000000e+01   1.3000000e+01  -5.3397400e+01  -3.7748493e+01   4.5621440e+02   4.2247422e+00   1.3340369e+01   1.1985946e+01
   2.0190000e+03   1.0000000e+00   1.0000000e+01   1.7000000e+01   5.2000000e+01   5.1000000e+01  -5.3393405e+01  -3.7749833e+01   4.5282081e+02   5.0672427e+00   1.0121808e+01   6.0192152e+00
   2.0190000e+03   1.0000000e+00   1.0000000e+01   1.7000000e+01   5.4000000e+01   2.9000000e+01  -5.3389500e+01  -3.7751167e+01   4.4277315e+02   2.6392621e+00   8.7422760e+00   6.1848856e+00
   2.0190000e+03   1.0000000e+00   1.0000000e+01   1.7000000e+01   5.6000000e+01   8.0000000e+00  -5.3385325e+01  -3.7752503e+01   4.7235917e+02   3.8347558e+00   7.5917994e+00   7.0554400e+00
   2.0190000e+03   1.0000000e+00   1.0000000e+01   1.7000000e+01   5.7000000e+01   4.9000000e+01  -5.3381243e+01  -3.7753866e+01   4.6240952e+02   3.8241064e+00   8.4961753e+00   7.6398753e+00
   2.0190000e+03   1.0000000e+00   1.0000000e+01   1.7000000e+01   5.9000000e+01   2.7000099e+01  -5.3377236e+01  -3.7755316e+01   4.5554378e+02   3.8042376e+00   1.1155535e+01   9.3857570e+00
   2.0190000e+03   1.0000000e+00   1.0000000e+01   1.8000000e+01   1.0000000e+00   5.0000000e+00  -5.3373114e+01  -3.7756657e+01   4.6655445e+02   5.1710090e+00   1.0671118e+01   8.4195169e+00
   2.0190000e+03   1.0000000e+00   1.0000000e+01   1.8000000e+01   2.0000000e+00   4.3000000e+01  -5.3369105e+01  -3.7758015e+01   4.5447511e+02   4.7327251e+00   1.1442513e+01   9.5698759e+00
   2.0190000e+03   1.0000000e+00   1.0000000e+01   1.8000000e+01   4.0000000e+00   2.0000000e+01  -5.3365099e+01  -3.7759401e+01   4.5452390e+02   4.0781551e+00   1.1442755e+01   9.7383989e+00
   2.0190000e+03   1.0000000e+00   1.0000000e+01   1.8000000e+01   6.0000000e+00   1.0000000e+00  -5.3360824e+01  -3.7760666e+01   4.8249254e+02   4.0070362e+00   1.2099925e+01   8.4253555e+00
   2.0190000e+03   1.0000000e+00   1.0000000e+01   1.8000000e+01   7.0000000e+00   4.4000000e+01  -5.3356756e+01  -3.7762184e+01   4.6307413e+02   4.6387553e+00   1.4005574e+01   9.7800884e+00
   2.0190000e+03   1.0000000e+00   1.0000000e+01   1.8000000e+01   9.0000000e+00   2.7000000e+01  -5.3352599e+01  -3.7763499e+01   4.7002666e+02   3.7833987e+00   1.2478287e+01   9.2498114e+00
   2.0190000e+03   1.0000000e+00   1.0000000e+01   1.8000000e+01   1.1000000e+01   7.0000000e+00  -5.3348599e+01  -3.7764833e+01   4.5320608e+02   2.8764964e+00   6.8220546e+00   5.3257418e+00
   2.0190000e+03   1.0000000e+00   1.0000000e+01   1.8000000e+01   1.2000000e+01   4.7000000e+01  -5.3344614e+01  -3.7766270e+01   4.5299066e+02   2.0275993e+00   1.1249190e+01   5.7433544e+00
   2.0190000e+03   1.0000000e+00   1.0000000e+01   1.8000000e+01   1.4000000e+01   2.4000099e+01  -5.3340628e+01  -3.7767534e+01   4.5078274e+02   2.5842763e+00   6.2676051e+00   5.7537973e+00
   2.0190000e+03   1.0000000e+00   1.0000000e+01   1.8000000e+01   1.6000000e+01   3.0000000e+00  -5.3336548e+01  -3.7768977e+01   4.6342085e+02   3.1533809e+00   6.6639580e+00   5.7814484e+00
   2.0190000e+03   1.0000000e+00   1.0000000e+01   1.8000000e+01   1.7000000e+01   4.7999901e+01  -5.3332492e+01  -3.7770175e+01   4.5765098e+02   2.5365782e+00   7.1845289e+00   5.7175936e+00
   2.0190000e+03   1.0000000e+00   1.0000000e+01   1.8000000e+01   1.9000000e+01   3.9000099e+01  -5.3328472e+01  -3.7771667e+01   4.5753433e+02   2.6147330e+00   6.5505998e+00   5.8130902e+00
   2.0190000e+03   1.0000000e+00   1.0000000e+01   1.8000000e+01   2.1000000e+01   3.8000099e+01  -5.3324667e+01  -3.7773000e+01   4.3198518e+02   3.2474808e+00   1.0675045e+01   6.3021611e+00
   2.0190000e+03   1.0000000e+00   1.0000000e+01   1.8000000e+01   2.3000000e+01   4.2000000e+01  -5.3320667e+01  -3.7774167e+01   4.5117478e+02   3.8007720e+00   8.0153047e+00   2.5622340e+00
   2.0190000e+03   1.0000000e+00   1.0000000e+01   1.8000000e+01   2.5000000e+01   4.2000000e+01  -5.3316833e+01  -3.7775500e+01   4.3505827e+02   2.9111939e+00   7.1292368e+00   6.4353873e+00
   2.0190000e+03   1.0000000e+00   1.0000000e+01   1.8000000e+01   2.7000000e+01   3.9999901e+01  -5.3312811e+01  -3.7776865e+01   4.5607385e+02   3.6163042e+00   1.0693159e+01   1.0468154e+01
   2.0190000e+03   1.0000000e+00   1.0000000e+01   1.8000000e+01   2.9000000e+01   3.4000000e+01  -5.3308833e+01  -3.7778167e+01   4.5034832e+02   3.8752308e+00   8.1113990e+00   5.5441260e+00
   2.0190000e+03   1.0000000e+00   1.0000000e+01   1.8000000e+01   3.1000000e+01   2.0000000e+01  -5.3304783e+01  -3.7779585e+01   4.5981281e+02   3.3013013e+00   8.8398074e+00   8.4146002e+00
   2.0190000e+03   1.0000000e+00   1.0000000e+01   1.8000000e+01   3.2000000e+01   5.7000000e+01  -5.3300814e+01  -3.7780853e+01   4.4898459e+02   2.6719111e+00   5.5334023e+00   5.0581802e+00
   2.0190000e+03   1.0000000e+00   1.0000000e+01   1.8000000e+01   3.4000000e+01   3.5000000e+01  -5.3296799e+01  -3.7782321e+01   4.5664238e+02   2.0004576e+00   3.9187987e+00   2.1484127e+00
   2.0190000e+03   1.0000000e+00   1.0000000e+01   1.8000000e+01   3.6000000e+01   1.3000000e+01  -5.3292717e+01  -3.7783644e+01   4.6211957e+02   1.2944356e+00   2.6426853e+00   2.1125338e+00
   2.0190000e+03   1.0000000e+00   1.0000000e+01   1.8000000e+01   3.7000000e+01   5.1000000e+01  -5.3288833e+01  -3.7785000e+01   4.4081190e+02   7.7305618e-01   1.6062296e+00   1.5143793e+00
   2.0190000e+03   1.0000000e+00   1.0000000e+01   1.8000000e+01   3.9000000e+01   2.9000000e+01  -5.3284768e+01  -3.7786333e+01   4.6031438e+02   6.7249017e-01   1.5930625e+00   1.5358981e+00
   2.0190000e+03   1.0000000e+00   1.0000000e+01   1.8000000e+01   4.1000000e+01   4.0000992e+00  -5.3280747e+01  -3.7787712e+01   4.5608717e+02   5.0611032e-01   1.2523790e+01   1.1780486e+01
   2.0190000e+03   1.0000000e+00   1.0000000e+01   1.8000000e+01   4.2000000e+01   3.8000000e+01  -5.3276737e+01  -3.7789021e+01   4.5403510e+02   9.4553718e-02   1.8301278e+00   1.4410127e+00
   2.0190000e+03   1.0000000e+00   1.0000000e+01   1.8000000e+01   4.4000000e+01   1.2000000e+01  -5.3272729e+01  -3.7790351e+01   4.5404227e+02   5.6627326e-01   1.4575514e+00   1.1093017e+00
   2.0190000e+03   1.0000000e+00   1.0000000e+01   1.8000000e+01   4.5000000e+01   5.0000000e+01  -5.3268675e+01  -3.7791667e+01   4.5895867e+02   6.7905480e-01   1.8268253e+00   1.7422630e+00
   2.0190000e+03   1.0000000e+00   1.0000000e+01   1.8000000e+01   4.7000000e+01   3.1000000e+01  -5.3264667e+01  -3.7793167e+01   4.5637238e+02   1.3433052e+00   2.6314692e+00   1.9973219e+00
   2.0190000e+03   1.0000000e+00   1.0000000e+01   1.8000000e+01   4.9000000e+01   9.0000000e+00  -5.3260667e+01  -3.7794500e+01   4.5322865e+02   1.1055503e+00   2.9745561e+00   2.1526091e+00
   2.0190000e+03   1.0000000e+00   1.0000000e+01   1.8000000e+01   5.0000000e+01   4.6000099e+01  -5.3256583e+01  -3.7795833e+01   4.6231796e+02   1.5445342e+00   3.1394152e+00   1.6430393e+00
   2.0190000e+03   1.0000000e+00   1.0000000e+01   1.8000000e+01   5.2000000e+01   2.2000000e+01  -5.3252457e+01  -3.7797199e+01   4.6738514e+02   1.4286318e+00   1.1497640e+01   2.0263377e+00
   2.0190000e+03   1.0000000e+00   1.0000000e+01   1.8000000e+01   5.3000000e+01   5.9000000e+01  -5.3248336e+01  -3.7798662e+01   4.6816283e+02   2.3441965e+00   6.3831648e+00   2.1249920e+00
   2.0190000e+03   1.0000000e+00   1.0000000e+01   1.8000000e+01   5.5000000e+01   3.7000000e+01  -5.3244195e+01  -3.7799924e+01   4.6771198e+02   1.4838796e+00   3.5896413e+00   2.2786364e+00
   2.0190000e+03   1.0000000e+00   1.0000000e+01   1.8000000e+01   5.7000000e+01   1.5000099e+01  -5.3240261e+01  -3.7801333e+01   4.4711163e+02   1.7993439e+00   3.5248268e+00   2.6403598e+00
   2.0190000e+03   1.0000000e+00   1.0000000e+01   1.8000000e+01   5.8000000e+01   5.4000000e+01  -5.3236135e+01  -3.7802678e+01   4.6708659e+02   1.4056274e+00   2.8303096e+00   2.3219487e+00
   2.0190000e+03   1.0000000e+00   1.0000000e+01   1.9000000e+01   0.0000000e+00   3.1000000e+01  -5.3232167e+01  -3.7804000e+01   4.4967912e+02   9.9422363e-01   2.8467825e+00   2.5148687e+00
   2.0190000e+03   1.0000000e+00   1.0000000e+01   1.9000000e+01   2.0000000e+00   7.0000000e+00  -5.3228038e+01  -3.7805463e+01   4.6893966e+02   1.1484334e+00   3.4202370e+00   2.9018487e+00
   2.0190000e+03   1.0000000e+00   1.0000000e+01   1.9000000e+01   3.0000000e+00   4.1000099e+01  -5.3223997e+01  -3.7806833e+01   4.5822698e+02   1.3248318e+00   2.6875464e+00   1.9749025e+00
   2.0190000e+03   1.0000000e+00   1.0000000e+01   1.9000000e+01   5.0000000e+00   1.4000000e+01  -5.3219989e+01  -3.7808167e+01   4.5413886e+02   6.5072294e-01   2.0741176e+00   1.6726922e+00
   2.0190000e+03   1.0000000e+00   1.0000000e+01   1.9000000e+01   6.0000000e+00   5.0000000e+01  -5.3215850e+01  -3.7809509e+01   4.6852988e+02   1.5854181e+00   3.9964817e+00   3.5923339e+00
   2.0190000e+03   1.0000000e+00   1.0000000e+01   1.9000000e+01   8.0000000e+00   2.8000000e+01  -5.3211803e+01  -3.7810864e+01   4.5867984e+02   5.0785501e-01   2.0124059e+00   1.2742232e+00
   2.0190000e+03   1.0000000e+00   1.0000000e+01   1.9000000e+01   1.0000000e+01   7.0000000e+00  -5.3207733e+01  -3.7812333e+01   4.6263303e+02   1.1080249e+00   3.4039877e+00   2.4810400e+00
   2.0190000e+03   1.0000000e+00   1.0000000e+01   1.9000000e+01   1.1000000e+01   4.7000000e+01  -5.3203609e+01  -3.7813667e+01   4.6679807e+02   1.2335277e+00   3.3406176e+00   2.7840353e+00
   2.0190000e+03   1.0000000e+00   1.0000000e+01   1.9000000e+01   1.3000000e+01   2.5000000e+01  -5.3199420e+01  -3.7815026e+01   4.7422439e+02   1.4288110e+00   3.9162686e+00   2.6533894e+00
   2.0190000e+03   1.0000000e+00   1.0000000e+01   1.9000000e+01   1.5000000e+01   2.0000000e+00  -5.3195365e+01  -3.7816468e+01   4.6069097e+02   2.7856498e+00   6.0246943e+00   5.0214462e+00
   2.0190000e+03   1.0000000e+00   1.0000000e+01   1.9000000e+01   1.6000000e+01   4.0000099e+01  -5.3191500e+01  -3.7817833e+01   4.3897518e+02   1.0162747e+00   3.0825700e+00   2.7518313e+00
   2.0190000e+03   1.0000000e+00   1.0000000e+01   1.9000000e+01   1.8000000e+01   1.8000000e+01  -5.3187397e+01  -3.7819000e+01   4.6246979e+02   1.7714891e+00   4.8236573e+00   2.4632366e+00
   2.0190000e+03   1.0000000e+00   1.0000000e+01   1.9000000e+01   1.9000000e+01   5.6000000e+01  -5.3183261e+01  -3.7820499e+01   4.7036042e+02   2.0715226e+00   5.9815262e+00   2.8605259e+00
   2.0190000e+03   1.0000000e+00   1.0000000e+01   1.9000000e+01   2.1000000e+01   3.5000099e+01  -5.3179197e+01  -3.7821857e+01   4.6048560e+02   2.5153665e+00   6.5465844e+00   1.5307695e+00
   2.0190000e+03   1.0000000e+00   1.0000000e+01   1.9000000e+01   2.3000000e+01   1.7999901e+01  -5.3175176e+01  -3.7823687e+01   4.6321645e+02   2.5969548e+00   5.4756731e+00   3.5992524e+00
   2.0190000e+03   1.0000000e+00   1.0000000e+01   1.9000000e+01   2.5000000e+01   2.0000000e+00  -5.3171287e+01  -3.7825379e+01   4.4651259e+02   2.9558338e+02   5.7903340e+02   5.7753202e+02
   2.0190000e+03   1.0000000e+00   1.0000000e+01   1.9000000e+01   2.6000000e+01   4.3000000e+01  -5.3167260e+01  -3.7827153e+01   4.6283030e+02   4.1498468e+02   9.2814337e+02   9.0935972e+02
   2.0190000e+03   1.0000000e+00   1.0000000e+01   1.9000000e+01   2.8000000e+01   2.2000000e+01  -5.3163167e+01  -3.7828500e+01   4.6365622e+02   1.6880123e+00   3.5795724e+00   2.4249197e+00
   2.0190000e+03   1.0000000e+00   1.0000000e+01   1.9000000e+01   3.0000000e+01   6.0000000e+00  -5.3159128e+01  -3.7829666e+01   4.5548234e+02   1.6762066e+00   3.4815311e+00   2.6026508e+00
   2.0190000e+03   1.0000000e+00   1.0000000e+01   1.9000000e+01   3.1000000e+01   5.4000000e+01  -5.3155042e+01  -3.7830629e+01   4.5850394e+02   1.0353652e+00   2.6528027e+00   2.2194866e+00
   2.0190000e+03   1.0000000e+00   1.0000000e+01   1.9000000e+01   3.3000000e+01   4.3000000e+01  -5.3151022e+01  -3.7831478e+01   4.5025723e+02   1.4964020e+00   4.0777970e+00   2.1681325e+00
