   2.0190000e+03   1.0000000e+00   7.0000000e+00   1.5000000e+01   1.3000000e+01   4.5000000e+01  -5.4022333e+01  -3.9089500e+01   4.7719929e+02   2.5905811e+00   6.1409105e+00   2.9055555e+00
   2.0190000e+03   1.0000000e+00   7.0000000e+00   1.5000000e+01   1.5000000e+01   4.4000000e+01  -5.4018459e+01  -3.9091152e+01   4.4383036e+02   2.5096727e+00   6.0200906e+00   2.9746668e+00
   2.0190000e+03   1.0000000e+00   7.0000000e+00   1.5000000e+01   1.7000000e+01   4.1000000e+01  -5.4014438e+01  -3.9092184e+01   4.5189531e+02   2.4264896e+00   5.0964190e+00   2.0389407e+00
   2.0190000e+03   1.0000000e+00   7.0000000e+00   1.5000000e+01   1.9000000e+01   3.8000000e+01  -5.4010531e+01  -3.9093234e+01   4.3945762e+02   1.3092564e+00   3.1897282e+00   2.0022486e+00
   2.0190000e+03   1.0000000e+00   7.0000000e+00   1.5000000e+01   2.1000000e+01   3.8000000e+01  -5.4006667e+01  -3.9094000e+01   4.3233225e+02   2.3432518e+00   5.5914796e+00   2.9663758e+00
   2.0190000e+03   1.0000000e+00   7.0000000e+00   1.5000000e+01   2.3000000e+01   4.5000000e+01  -5.4003000e+01  -3.9094833e+01   4.1105894e+02   2.8096174e+00   9.2735908e+00   2.3220490e+00
   2.0190000e+03   1.0000000e+00   7.0000000e+00   1.5000000e+01   2.5000000e+01   5.0000000e+01  -5.3998998e+01  -3.9096335e+01   4.5542911e+02   2.8743949e+00   9.9105958e+00   3.1385794e+00
   2.0190000e+03   1.0000000e+00   7.0000000e+00   1.5000000e+01   2.7000000e+01   4.7000000e+01  -5.3995000e+01  -3.9097833e+01   4.5487074e+02   2.8940567e+00   8.7839781e+00   4.2283694e+00
   2.0190000e+03   1.0000000e+00   7.0000000e+00   1.5000000e+01   2.9000000e+01   4.1000000e+01  -5.3991001e+01  -3.9099164e+01   4.5276474e+02   3.0768500e+00   1.3364157e+01   9.9742549e-01
   2.0190000e+03   1.0000000e+00   7.0000000e+00   1.5000000e+01   3.1000000e+01   3.8000099e+01  -5.3987153e+01  -3.9100193e+01   4.3285275e+02   2.3566829e+00   5.5123449e+00   8.8319430e-01
   2.0190000e+03   1.0000000e+00   7.0000000e+00   1.5000000e+01   3.3000000e+01   3.7000000e+01  -5.3983168e+01  -3.9101649e+01   4.5295231e+02   2.7856830e+00   6.1414497e+00   2.0994983e+00
   2.0190000e+03   1.0000000e+00   7.0000000e+00   1.5000000e+01   3.5000000e+01   3.0000099e+01  -5.3979333e+01  -3.9103000e+01   4.3513903e+02   3.3069128e+00   1.1107919e+01   2.6742570e+00
   2.0190000e+03   1.0000000e+00   7.0000000e+00   1.5000000e+01   3.7000000e+01   2.7000000e+01  -5.3975295e+01  -3.9104009e+01   4.5358011e+02   2.2139208e+00   6.2097052e+00   1.8728508e+00
   2.0190000e+03   1.0000000e+00   7.0000000e+00   1.5000000e+01   3.9000000e+01   2.4000000e+01  -5.3971441e+01  -3.9105000e+01   4.3311626e+02   2.3890280e+00   7.0967893e+00   3.4195882e+00
   2.0190000e+03   1.0000000e+00   7.0000000e+00   1.5000000e+01   4.1000000e+01   2.1000000e+01  -5.3967333e+01  -3.9106000e+01   4.6108840e+02   4.0807895e+00   1.0890962e+01   2.3428835e+00
   2.0190000e+03   1.0000000e+00   7.0000000e+00   1.5000000e+01   4.3000000e+01   1.5999901e+01  -5.3963393e+01  -3.9106940e+01   4.4209793e+02   3.8339545e+00   8.3701501e+00   1.7879044e+00
   2.0190000e+03   1.0000000e+00   7.0000000e+00   1.5000000e+01   4.5000000e+01   6.9999008e+00  -5.3959484e+01  -3.9108000e+01   4.3991639e+02   4.2034673e+00   1.3451841e+01   7.3966725e+00
   2.0190000e+03   1.0000000e+00   7.0000000e+00   1.5000000e+01   4.7000000e+01   1.0000000e+00  -5.3955462e+01  -3.9109372e+01   4.5583949e+02   8.8887999e+00   1.7412725e+01   9.1527666e-01
   2.0190000e+03   1.0000000e+00   7.0000000e+00   1.5000000e+01   4.9000000e+01   2.0000000e+00  -5.3951500e+01  -3.9110667e+01   4.4830780e+02   4.0678993e+00   1.0677468e+01   4.4006982e-01
   2.0190000e+03   1.0000000e+00   7.0000000e+00   1.5000000e+01   5.1000000e+01   9.0000000e+00  -5.3947500e+01  -3.9112000e+01   4.5295127e+02   4.6848143e+00   9.2265259e+00   7.0220318e-01
   2.0190000e+03   1.0000000e+00   7.0000000e+00   1.5000000e+01   5.3000000e+01   1.3000000e+01  -5.3943648e+01  -3.9113166e+01   4.3478275e+02   4.0451829e+00   1.3983366e+01   7.2177823e-01
   2.0190000e+03   1.0000000e+00   7.0000000e+00   1.5000000e+01   5.5000000e+01   1.8000000e+01  -5.3939667e+01  -3.9114333e+01   4.4893637e+02   3.9426502e+00   8.3348745e+00   2.8936813e-01
   2.0190000e+03   1.0000000e+00   7.0000000e+00   1.5000000e+01   5.7000000e+01   2.2000099e+01  -5.3935811e+01  -3.9115665e+01   4.3716288e+02   6.1246738e+00   1.5069246e+01   2.9266796e-01
   2.0190000e+03   1.0000000e+00   7.0000000e+00   1.5000000e+01   5.9000000e+01   2.5000000e+01  -5.3931719e+01  -3.9117204e+01   4.6574339e+02   4.7514505e+00   2.2479997e+01   1.0116071e+00
   2.0190000e+03   1.0000000e+00   7.0000000e+00   1.6000000e+01   1.0000000e+00   3.1000000e+01  -5.3927697e+01  -3.9118315e+01   4.5277373e+02   4.5494402e+00   8.9121312e+00   4.3146762e-01
   2.0190000e+03   1.0000000e+00   7.0000000e+00   1.6000000e+01   3.0000000e+00   3.9000000e+01  -5.3923833e+01  -3.9119333e+01   4.3450975e+02   3.1378585e+00   6.1629319e+00   2.8738485e-01
   2.0190000e+03   1.0000000e+00   7.0000000e+00   1.6000000e+01   5.0000000e+00   3.9000000e+01  -5.3919833e+01  -3.9120833e+01   4.5518903e+02   3.4502992e+00   6.7953547e+00   1.7181320e-01
   2.0190000e+03   1.0000000e+00   7.0000000e+00   1.6000000e+01   7.0000000e+00   3.5000000e+01  -5.3915909e+01  -3.9122254e+01   4.4583590e+02   3.4136344e+00   6.7640394e+00   7.8462508e-01
   2.0190000e+03   1.0000000e+00   7.0000000e+00   1.6000000e+01   9.0000000e+00   2.9000000e+01  -5.3912035e+01  -3.9123689e+01   4.4065423e+02   3.0199226e+00   6.5974635e+00   3.0418755e+00
   2.0190000e+03   1.0000000e+00   7.0000000e+00   1.6000000e+01   1.1000000e+01   2.7000000e+01  -5.3908125e+01  -3.9125041e+01   4.4334924e+02   3.1368070e+00   6.5047395e+00   2.9454833e+00
   2.0190000e+03   1.0000000e+00   7.0000000e+00   1.6000000e+01   1.3000000e+01   2.7000000e+01  -5.3904099e+01  -3.9126000e+01   4.5184446e+02   2.7883752e+00   6.2818622e+00   2.3732955e+00
   2.0190000e+03   1.0000000e+00   7.0000000e+00   1.6000000e+01   1.5000000e+01   2.8000000e+01  -5.3900029e+01  -3.9127241e+01   4.5949138e+02   3.2895077e+00   9.4257449e+00   9.0993675e-01
   2.0190000e+03   1.0000000e+00   7.0000000e+00   1.6000000e+01   1.7000000e+01   2.6000099e+01  -5.3896333e+01  -3.9128333e+01   4.1679936e+02   5.6105871e+00   1.8548541e+01   6.1650321e+00
   2.0190000e+03   1.0000000e+00   7.0000000e+00   1.6000000e+01   1.9000000e+01   2.3000000e+01  -5.3892422e+01  -3.9129757e+01   4.4448048e+02   6.4251006e+00   2.4327596e+01   9.3407072e+00
   2.0190000e+03   1.0000000e+00   7.0000000e+00   1.6000000e+01   2.1000000e+01   2.1000000e+01  -5.3888372e+01  -3.9131266e+01   4.6075184e+02   3.3901408e+00   1.0885106e+01   2.0253756e+00
   2.0190000e+03   1.0000000e+00   7.0000000e+00   1.6000000e+01   2.3000000e+01   1.9000000e+01  -5.3884500e+01  -3.9132333e+01   4.3593690e+02   2.6392636e+00   7.1580632e+00   1.9581064e+00
   2.0190000e+03   1.0000000e+00   7.0000000e+00   1.6000000e+01   2.5000000e+01   1.5000000e+01  -5.3880610e+01  -3.9133493e+01   4.3886973e+02   1.5689997e+00   3.2653149e+00   3.2016751e-01
   2.0190000e+03   1.0000000e+00   7.0000000e+00   1.6000000e+01   2.7000000e+01   1.4000000e+01  -5.3876500e+01  -3.9134500e+01   4.6145332e+02   2.2576153e+00   4.5628747e+00   3.7641072e-01
   2.0190000e+03   1.0000000e+00   7.0000000e+00   1.6000000e+01   2.9000000e+01   1.3000000e+01  -5.3872504e+01  -3.9135344e+01   4.4746213e+02   1.4707227e+00   3.2923444e+00   1.0518841e+00
   2.0190000e+03   1.0000000e+00   7.0000000e+00   1.6000000e+01   3.1000000e+01   7.0000992e+00  -5.3868542e+01  -3.9136138e+01   4.4329682e+02   1.1729928e+00   2.3297954e+00   1.5452062e+00
   2.0190000e+03   1.0000000e+00   7.0000000e+00   1.6000000e+01   3.3000000e+01   3.0000000e+00  -5.3864461e+01  -3.9137033e+01   4.5723336e+02   1.8203658e+00   6.2935526e+00   4.4005836e+00
   2.0190000e+03   1.0000000e+00   7.0000000e+00   1.6000000e+01   3.5000000e+01   5.0000000e+00  -5.3860667e+01  -3.9137667e+01   4.2371559e+02   1.7399319e+00   3.7926615e+00   7.3058839e-01
   2.0190000e+03   1.0000000e+00   7.0000000e+00   1.6000000e+01   3.7000000e+01   1.1000000e+01  -5.3856667e+01  -3.9138333e+01   4.4662212e+02   1.5385555e+00   3.0139551e+00   7.4962825e-02
   2.0190000e+03   1.0000000e+00   7.0000000e+00   1.6000000e+01   3.9000000e+01   1.6000000e+01  -5.3852505e+01  -3.9139496e+01   4.6868136e+02   1.1123741e+00   2.5549048e+00   3.2497656e-01
   2.0190000e+03   1.0000000e+00   7.0000000e+00   1.6000000e+01   4.1000000e+01   2.3000000e+01  -5.3848672e+01  -3.9140346e+01   4.2959633e+02   1.3576212e+00   2.7498537e+00   6.8836504e-01
   2.0190000e+03   1.0000000e+00   7.0000000e+00   1.6000000e+01   4.3000000e+01   2.7000000e+01  -5.3844973e+01  -3.9141677e+01   4.2011413e+02   7.9333072e-01   1.6944303e+00   5.4039742e-01
   2.0190000e+03   1.0000000e+00   7.0000000e+00   1.6000000e+01   4.5000000e+01   2.8000099e+01  -5.3841044e+01  -3.9143534e+01   4.5328098e+02   1.4348951e+00   2.9211862e+00   1.1136845e+00
   2.0190000e+03   1.0000000e+00   7.0000000e+00   1.6000000e+01   4.7000000e+01   2.9000099e+01  -5.3837167e+01  -3.9145333e+01   4.4670850e+02   3.0255873e+01   6.0331003e+01   5.5194586e+01
   2.0190000e+03   1.0000000e+00   7.0000000e+00   1.6000000e+01   4.9000000e+01   3.7000000e+01  -5.3833275e+01  -3.9147204e+01   4.4947759e+02   2.0566492e+00   4.0523289e+00   2.0392476e+00
   2.0190000e+03   1.0000000e+00   7.0000000e+00   1.6000000e+01   5.1000000e+01   4.2000000e+01  -5.3829500e+01  -3.9148833e+01   4.3289758e+02   2.7898260e+00   5.5888130e+00   1.6314276e+00
   2.0190000e+03   1.0000000e+00   7.0000000e+00   1.6000000e+01   5.3000000e+01   4.2000000e+01  -5.3825667e+01  -3.9150670e+01   4.4259160e+02   4.6005464e+00   1.1105116e+01   1.0861667e+00
   2.0190000e+03   1.0000000e+00   7.0000000e+00   1.6000000e+01   5.5000000e+01   4.0000000e+01  -5.3821667e+01  -3.9152333e+01   4.5774592e+02   3.4043298e+00   8.1094991e+00   1.3085596e+00
   2.0190000e+03   1.0000000e+00   7.0000000e+00   1.6000000e+01   5.7000000e+01   3.9000099e+01  -5.3817833e+01  -3.9153333e+01   4.3098207e+02   7.4420639e+00   2.1493427e+01   5.9532775e-01
   2.0190000e+03   1.0000000e+00   7.0000000e+00   1.6000000e+01   5.9000000e+01   3.3000000e+01  -5.3813837e+01  -3.9154681e+01   4.5279741e+02   9.1067961e+00   2.3233806e+01   9.5924046e-01
   2.0190000e+03   1.0000000e+00   7.0000000e+00   1.7000000e+01   1.0000000e+00   3.0999901e+01  -5.3809888e+01  -3.9155850e+01   4.4542385e+02   5.6962340e+00   1.1436813e+01   2.3079508e+00
   2.0190000e+03   1.0000000e+00   7.0000000e+00   1.7000000e+01   3.0000000e+00   3.0000099e+01  -5.3806000e+01  -3.9156833e+01   4.3685775e+02   3.9157592e+00   1.2051657e+01   9.7323275e-01
   2.0190000e+03   1.0000000e+00   7.0000000e+00   1.7000000e+01   5.0000000e+00   2.9000099e+01  -5.3802013e+01  -3.9157972e+01   4.4931448e+02   5.7223036e+00   1.1387181e+01   1.6830312e+00
   2.0190000e+03   1.0000000e+00   7.0000000e+00   1.7000000e+01   7.0000000e+00   2.9000099e+01  -5.3797993e+01  -3.9158678e+01   4.4910851e+02   3.4329720e+00   6.7996239e+00   3.3201439e-01
   2.0190000e+03   1.0000000e+00   7.0000000e+00   1.7000000e+01   9.0000000e+00   3.3000000e+01  -5.3794013e+01  -3.9159853e+01   4.4892126e+02   5.0177668e+00   9.8295602e+00   1.2829161e+00
   2.0190000e+03   1.0000000e+00   7.0000000e+00   1.7000000e+01   1.1000000e+01   3.5000000e+01  -5.3789988e+01  -3.9161002e+01   4.5352568e+02   5.0998756e+00   1.0130321e+01   7.8576921e-01
   2.0190000e+03   1.0000000e+00   7.0000000e+00   1.7000000e+01   1.3000000e+01   3.6000000e+01  -5.3786177e+01  -3.9161993e+01   4.2844371e+02   3.4389387e+00   1.1590637e+01   8.8100140e-01
   2.0190000e+03   1.0000000e+00   7.0000000e+00   1.7000000e+01   1.5000000e+01   3.4000000e+01  -5.3782333e+01  -3.9163333e+01   4.3610810e+02   4.4122708e+00   8.6882200e+00   4.1540667e-02
   2.0190000e+03   1.0000000e+00   7.0000000e+00   1.7000000e+01   1.7000000e+01   3.5000000e+01  -5.3778333e+01  -3.9164704e+01   4.5355749e+02   1.7383471e+00   3.7977795e+00   1.4379923e+00
   2.0190000e+03   1.0000000e+00   7.0000000e+00   1.7000000e+01   1.9000000e+01   3.4000000e+01  -5.3774500e+01  -3.9166167e+01   4.3659657e+02   8.6224712e-01   4.4536267e+00   1.1678022e+00
   2.0190000e+03   1.0000000e+00   7.0000000e+00   1.7000000e+01   2.1000000e+01   2.9000000e+01  -5.3770568e+01  -3.9167687e+01   4.4822768e+02   8.4524776e-01   1.7212046e+00   3.2501509e-01
   2.0190000e+03   1.0000000e+00   7.0000000e+00   1.7000000e+01   2.3000000e+01   2.5000000e+01  -5.3766667e+01  -3.9169000e+01   4.4196775e+02   7.9836875e-01   3.5278353e+00   4.7125389e-01
   2.0190000e+03   1.0000000e+00   7.0000000e+00   1.7000000e+01   2.5000000e+01   2.2000000e+01  -5.3762683e+01  -3.9170384e+01   4.5186845e+02   1.2213443e+00   3.3084963e+00   4.6813811e-01
   2.0190000e+03   1.0000000e+00   7.0000000e+00   1.7000000e+01   2.7000000e+01   2.3000099e+01  -5.3758833e+01  -3.9171667e+01   4.3602899e+02   2.1255062e+00   4.8686689e+00   2.1564564e+00
   2.0190000e+03   1.0000000e+00   7.0000000e+00   1.7000000e+01   2.9000000e+01   2.2000000e+01  -5.3754832e+01  -3.9172936e+01   4.5239577e+02   1.7859402e+00   6.0726171e+00   3.4239770e+00
   2.0190000e+03   1.0000000e+00   7.0000000e+00   1.7000000e+01   3.1000000e+01   1.8000000e+01  -5.3750958e+01  -3.9174351e+01   4.4042929e+02   3.7042920e+00   7.3707234e+00   1.8984029e+00
   2.0190000e+03   1.0000000e+00   7.0000000e+00   1.7000000e+01   3.3000000e+01   1.3000000e+01  -5.3746989e+01  -3.9175502e+01   4.4739332e+02   7.5430032e+00   1.7184276e+01   9.1286965e+00
   2.0190000e+03   1.0000000e+00   7.0000000e+00   1.7000000e+01   3.5000000e+01   1.8000000e+01  -5.3743167e+01  -3.9177167e+01   4.3863627e+02   4.5362757e+00   1.0771368e+01   2.8002052e+00
   2.0190000e+03   1.0000000e+00   7.0000000e+00   1.7000000e+01   3.7000000e+01   2.7000000e+01  -5.3739833e+01  -3.9180333e+01   4.2486137e+02   4.0783084e+00   1.0684925e+01   1.0122137e+00
   2.0190000e+03   1.0000000e+00   7.0000000e+00   1.7000000e+01   3.9000000e+01   4.1000000e+01  -5.3736897e+01  -3.9184264e+01   4.1619106e+02   2.7046460e+00   8.3769381e+00   5.6975601e-01
   2.0190000e+03   1.0000000e+00   7.0000000e+00   1.7000000e+01   4.2000000e+01   7.0000000e+00  -5.3733682e+01  -3.9188490e+01   4.5246642e+02   5.8642570e+00   1.4642659e+01   7.0076638e-01
   2.0190000e+03   1.0000000e+00   7.0000000e+00   1.7000000e+01   4.4000000e+01   3.5000000e+01  -5.3730833e+01  -3.9192167e+01   3.9830969e+02   2.1584808e+00   5.6600282e+00   2.3712876e+00
   2.0190000e+03   1.0000000e+00   7.0000000e+00   1.7000000e+01   4.6000000e+01   5.7000000e+01  -5.3727667e+01  -3.9196667e+01   4.5970768e+02   2.0236220e+00   8.3570837e+00   1.6205471e+00
   2.0190000e+03   1.0000000e+00   7.0000000e+00   1.7000000e+01   4.9000000e+01   2.1000000e+01  -5.3724876e+01  -3.9200912e+01   4.1717000e+02   2.5716624e+00   7.3377806e+00   4.3999850e+00
   2.0190000e+03   1.0000000e+00   7.0000000e+00   1.7000000e+01   5.1000000e+01   1.3000000e+01  -5.3722700e+01  -3.9204169e+01   3.2301563e+02   3.2921111e+00   1.1072342e+01   3.8123485e+00
   2.0190000e+03   1.0000000e+00   7.0000000e+00   1.8000000e+01   9.0000000e+00   3.3000000e+01  -5.3691942e+01  -3.9230618e+01   3.8350466e+03   1.5628889e+00   3.4978874e+00   3.4911947e-01
   2.0190000e+03   1.0000000e+00   7.0000000e+00   1.8000000e+01   1.2000000e+01   4.9000000e+01  -5.3685752e+01  -3.9230349e+01   6.8812328e+02   1.4852414e+00   5.4742466e+00   1.4298814e+00
   2.0190000e+03   1.0000000e+00   7.0000000e+00   1.8000000e+01   1.4000000e+01   4.7000000e+01  -5.3681833e+01  -3.9230000e+01   4.3602735e+02   3.0695934e+00   6.1550151e+00   3.3342196e-01
   2.0190000e+03   1.0000000e+00   7.0000000e+00   1.8000000e+01   1.6000000e+01   3.7000000e+01  -5.3677767e+01  -3.9229333e+01   4.5395829e+02   2.1738613e+00   4.2584881e+00   1.4724523e+00
   2.0190000e+03   1.0000000e+00   7.0000000e+00   1.8000000e+01   1.8000000e+01   2.7000000e+01  -5.3673692e+01  -3.9228500e+01   4.5608885e+02   3.0936865e+00   8.1464177e+00   2.5149558e+00
   2.0190000e+03   1.0000000e+00   7.0000000e+00   1.8000000e+01   2.0000000e+01   1.5000099e+01  -5.3669628e+01  -3.9227092e+01   4.6111264e+02   2.0294161e+00   3.9755270e+00   1.6672938e+00
   2.0190000e+03   1.0000000e+00   7.0000000e+00   1.8000000e+01   2.2000000e+01   4.0000000e+00  -5.3665820e+01  -3.9225489e+01   4.3606504e+02   1.6117405e+00   6.1357443e+00   7.3682328e-01
   2.0190000e+03   1.0000000e+00   7.0000000e+00   1.8000000e+01   2.3000000e+01   5.5000000e+01  -5.3661892e+01  -3.9223685e+01   4.5233786e+02   1.0673008e+00   2.1265895e+00   0.0000000e+00
   2.0190000e+03   1.0000000e+00   7.0000000e+00   1.8000000e+01   2.5000000e+01   4.1000000e+01  -5.3657998e+01  -3.9222010e+01   4.4651546e+02   1.1132479e+00   2.3694953e+00   1.6865456e-01
   2.0190000e+03   1.0000000e+00   7.0000000e+00   1.8000000e+01   2.7000000e+01   2.8000099e+01  -5.3654086e+01  -3.9220484e+01   4.4619557e+02   6.3060526e-01   1.2966566e+00   1.1399223e+00
   2.0190000e+03   1.0000000e+00   7.0000000e+00   1.8000000e+01   2.9000000e+01   1.8000000e+01  -5.3650023e+01  -3.9218853e+01   4.6406357e+02   1.9565214e+00   4.5228765e+00   1.9967270e+00
   2.0190000e+03   1.0000000e+00   7.0000000e+00   1.8000000e+01   3.1000000e+01   5.0000000e+00  -5.3646167e+01  -3.9217167e+01   4.4268781e+02   1.8524085e+00   3.6287778e+00   1.6156587e+00
   2.0190000e+03   1.0000000e+00   7.0000000e+00   1.8000000e+01   3.2000000e+01   5.3000000e+01  -5.3642333e+01  -3.9215333e+01   4.4274909e+02   1.4528741e+00   2.9529676e+00   1.0588684e+00
   2.0190000e+03   1.0000000e+00   7.0000000e+00   1.8000000e+01   3.4000000e+01   4.4000099e+01  -5.3638298e+01  -3.9213496e+01   4.6445433e+02   1.4392210e+00   3.1596816e+00   1.1444569e+00
   2.0190000e+03   1.0000000e+00   7.0000000e+00   1.8000000e+01   3.6000000e+01   3.7000000e+01  -5.3634333e+01  -3.9213000e+01   4.4176780e+02   1.5562676e+00   3.1694206e+00   2.1897972e+00
   2.0190000e+03   1.0000000e+00   7.0000000e+00   1.8000000e+01   3.8000000e+01   3.5000099e+01  -5.3630333e+01  -3.9212333e+01   4.4664533e+02   1.2241233e+00   2.4951369e+00   1.0075681e+00
   2.0190000e+03   1.0000000e+00   7.0000000e+00   1.8000000e+01   4.0000000e+01   3.7000000e+01  -5.3626205e+01  -3.9211958e+01   4.5942757e+02   1.7929224e+00   3.9256731e+00   7.4279273e-01
   2.0190000e+03   1.0000000e+00   7.0000000e+00   1.8000000e+01   4.2000000e+01   4.0000000e+01  -5.3622333e+01  -3.9213167e+01   4.3751660e+02   1.9020685e+00   5.3900534e+00   2.4860636e+00
   2.0190000e+03   1.0000000e+00   7.0000000e+00   1.8000000e+01   4.4000000e+01   3.7000099e+01  -5.3618275e+01  -3.9214157e+01   4.5565532e+02   2.3545616e+00   5.1417279e+00   1.8690928e+00
   2.0190000e+03   1.0000000e+00   7.0000000e+00   1.8000000e+01   4.6000000e+01   3.6999901e+01  -5.3614477e+01  -3.9214829e+01   4.2439245e+02   1.1447280e+00   4.4049591e+00   1.5007481e+00
   2.0190000e+03   1.0000000e+00   7.0000000e+00   1.8000000e+01   4.8000000e+01   4.1000000e+01  -5.3610349e+01  -3.9215579e+01   4.6134746e+02   1.6545563e+00   9.4010954e+00   9.0840949e+00
   2.0190000e+03   1.0000000e+00   7.0000000e+00   1.8000000e+01   5.0000000e+01   4.5000000e+01  -5.3606333e+01  -3.9216333e+01   4.4896072e+02   2.5434143e+00   5.5852355e+00   2.3387036e+00
   2.0190000e+03   1.0000000e+00   7.0000000e+00   1.8000000e+01   5.2000000e+01   5.0000000e+01  -5.3602500e+01  -3.9217000e+01   4.2822161e+02   1.2273417e+00   5.0773476e+00   2.3503392e+00
   2.0190000e+03   1.0000000e+00   7.0000000e+00   1.8000000e+01   5.4000000e+01   5.1000000e+01  -5.3598500e+01  -3.9218167e+01   4.5108837e+02   3.5638710e+00   7.3098515e+00   2.2144892e+00
   2.0190000e+03   1.0000000e+00   7.0000000e+00   1.8000000e+01   5.6000000e+01   4.5000099e+01  -5.3594446e+01  -3.9219661e+01   4.6118929e+02   9.3623511e-01   5.5485018e+00   1.5064066e+00
   2.0190000e+03   1.0000000e+00   7.0000000e+00   1.8000000e+01   5.8000000e+01   4.6000000e+01  -5.3590694e+01  -3.9220838e+01   4.2399946e+02   1.4345907e+00   2.8195846e+00   2.3964963e+00
   2.0190000e+03   1.0000000e+00   7.0000000e+00   1.9000000e+01   0.0000000e+00   4.9000000e+01  -5.3586671e+01  -3.9222335e+01   4.5782438e+02   1.2947069e+00   4.2574779e+00   2.1403563e+00
   2.0190000e+03   1.0000000e+00   7.0000000e+00   1.9000000e+01   2.0000000e+00   4.6000000e+01  -5.3582500e+01  -3.9223833e+01   4.7392160e+02   8.9466512e-01   3.2633183e+00   1.1692320e+00
   2.0190000e+03   1.0000000e+00   7.0000000e+00   1.9000000e+01   7.0000000e+00   6.0000000e+00  -5.3574833e+01  -3.9225667e+01   8.6046377e+02   8.9291636e-01   2.4932005e+00   2.2333447e+00
   2.0190000e+03   1.0000000e+00   7.0000000e+00   1.9000000e+01   9.0000000e+00   1.3000000e+01  -5.3570941e+01  -3.9226852e+01   4.3957132e+02   3.0889739e+00   6.5761048e+00   2.1637866e+00
   2.0190000e+03   1.0000000e+00   7.0000000e+00   1.9000000e+01   1.1000000e+01   2.9000000e+01  -5.3566847e+01  -3.9228337e+01   4.6530322e+02   4.1707184e-01   3.2767379e+00   2.2702292e+00
   2.0190000e+03   1.0000000e+00   7.0000000e+00   1.9000000e+01   1.5000000e+01   5.2000000e+01  -5.3559202e+01  -3.9231045e+01   8.6812871e+02   3.0520190e+00   8.0292724e+00   6.5692038e+00
   2.0190000e+03   1.0000000e+00   7.0000000e+00   1.9000000e+01   1.7000000e+01   5.3000099e+01  -5.3555167e+01  -3.9232167e+01   4.5447342e+02   2.2534958e+00   4.7100165e+00   3.7407716e+00
   2.0190000e+03   1.0000000e+00   7.0000000e+00   1.9000000e+01   2.2000000e+01   5.0000000e+00  -5.3547464e+01  -3.9234663e+01   8.7167318e+02   1.1801281e+00   3.8086564e+00   3.2183366e+00
   2.0190000e+03   1.0000000e+00   7.0000000e+00   1.9000000e+01   2.4000000e+01   1.0000000e+01  -5.3543264e+01  -3.9235713e+01   4.7178178e+02   8.3279362e-01   2.2975211e+00   1.9973602e+00
   2.0190000e+03   1.0000000e+00   7.0000000e+00   1.9000000e+01   2.8000000e+01   2.9000000e+01  -5.3535647e+01  -3.9238163e+01   8.6173668e+02   1.4334899e+00   5.1012590e+00   4.2476193e+00
   2.0190000e+03   1.0000000e+00   7.0000000e+00   1.9000000e+01   3.0000000e+01   2.9000000e+01  -5.3531558e+01  -3.9239414e+01   4.6184028e+02   1.6484943e+00   7.9635619e+00   2.5134496e+00
   2.0190000e+03   1.0000000e+00   7.0000000e+00   1.9000000e+01   3.2000000e+01   3.4000000e+01  -5.3527500e+01  -3.9240500e+01   4.5657307e+02   1.4183940e+00   4.2062484e+00   1.4806216e+00
   2.0190000e+03   1.0000000e+00   7.0000000e+00   1.9000000e+01   3.4000000e+01   5.0000099e+01  -5.3523717e+01  -3.9241686e+01   4.2764994e+02   1.7247052e+00   6.5552591e+00   1.9969216e+00
   2.0190000e+03   1.0000000e+00   7.0000000e+00   1.9000000e+01   3.7000000e+01   2.0000000e+00  -5.3519795e+01  -3.9242860e+01   4.4256975e+02   2.3019477e+00   8.1579340e+00   2.2717905e+00
   2.0190000e+03   1.0000000e+00   7.0000000e+00   1.9000000e+01   3.9000000e+01   8.0000992e+00  -5.3515823e+01  -3.9244164e+01   4.4976400e+02   2.4744216e+00   5.4494064e+00   1.4857516e+00
   2.0190000e+03   1.0000000e+00   7.0000000e+00   1.9000000e+01   4.1000000e+01   1.0999901e+01  -5.3511852e+01  -3.9245315e+01   4.4778355e+02   3.3309454e+00   6.9285062e+00   1.8968887e+00
   2.0190000e+03   1.0000000e+00   7.0000000e+00   1.9000000e+01   4.3000000e+01   9.0000000e+00  -5.3508000e+01  -3.9246500e+01   4.3509732e+02   9.1570483e-01   1.2552637e+01   1.0738367e+00
   2.0190000e+03   1.0000000e+00   7.0000000e+00   1.9000000e+01   4.5000000e+01   3.0000000e+00  -5.3503915e+01  -3.9247833e+01   4.6237254e+02   2.9240179e+00   1.2259020e+01   3.0169615e+00
   2.0190000e+03   1.0000000e+00   7.0000000e+00   1.9000000e+01   4.6000000e+01   5.6000000e+01  -5.3499949e+01  -3.9248833e+01   4.4568437e+02   4.1252499e+00   8.8884248e+00   2.0035419e+00
   2.0190000e+03   1.0000000e+00   7.0000000e+00   1.9000000e+01   4.8000000e+01   5.5000000e+01  -5.3496000e+01  -3.9250167e+01   4.4754876e+02   3.9181837e+00   7.9182434e+00   1.3627218e+00
   2.0190000e+03   1.0000000e+00   7.0000000e+00   1.9000000e+01   5.0000000e+01   5.5000000e+01  -5.3491948e+01  -3.9251345e+01   4.5695107e+02   3.6280841e+00   2.3639225e+01   2.2769079e+00
   2.0190000e+03   1.0000000e+00   7.0000000e+00   1.9000000e+01   5.2000000e+01   5.0000000e+01  -5.3488000e+01  -3.9252500e+01   4.4529314e+02   6.7132158e+00   1.3915906e+01   2.4268890e+00
   2.0190000e+03   1.0000000e+00   7.0000000e+00   1.9000000e+01   5.4000000e+01   4.5000000e+01  -5.3484000e+01  -3.9253667e+01   4.5112395e+02   6.0876616e+00   1.8875663e+01   6.3513735e+00
   2.0190000e+03   1.0000000e+00   7.0000000e+00   1.9000000e+01   5.6000000e+01   4.9000000e+01  -5.3480167e+01  -3.9254833e+01   4.3288908e+02   3.3117109e+00   1.2673568e+01   1.2538140e+00
   2.0190000e+03   1.0000000e+00   7.0000000e+00   1.9000000e+01   5.8000000e+01   5.6000000e+01  -5.3476179e+01  -3.9256010e+01   4.4992642e+02   2.7095542e+00   1.5362588e+01   2.6042660e+00
   2.0190000e+03   1.0000000e+00   7.0000000e+00   2.0000000e+01   0.0000000e+00   5.7000000e+01  -5.3472317e+01  -3.9257180e+01   4.3605495e+02   2.5971398e+00   1.7805615e+01   4.6511395e+00
   2.0190000e+03   1.0000000e+00   7.0000000e+00   2.0000000e+01   3.0000000e+00   2.0000992e+00  -5.3468333e+01  -3.9258500e+01   4.5116908e+02   2.1035750e+00   4.4820262e+00   2.7916698e+00
   2.0190000e+03   1.0000000e+00   7.0000000e+00   2.0000000e+01   5.0000000e+00   1.0000000e+00  -5.3464428e+01  -3.9259667e+01   4.4072968e+02   1.1866207e+00   3.4977634e+00   3.3282252e+00
   2.0190000e+03   1.0000000e+00   7.0000000e+00   2.0000000e+01   6.0000000e+00   5.4000099e+01  -5.3460341e+01  -3.9260818e+01   4.6055489e+02   1.5991397e+00   3.9792766e+00   1.6718188e+00
   2.0190000e+03   1.0000000e+00   7.0000000e+00   2.0000000e+01   8.0000000e+00   5.0000000e+01  -5.3456333e+01  -3.9262000e+01   4.5212160e+02   1.5923064e+00   6.5308055e+00   2.2730649e+00
   2.0190000e+03   1.0000000e+00   7.0000000e+00   2.0000000e+01   1.0000000e+01   5.0000000e+01  -5.3452500e+01  -3.9263167e+01   4.3289816e+02   2.9275070e+00   1.2237440e+01   3.7789772e+00
   2.0190000e+03   1.0000000e+00   7.0000000e+00   2.0000000e+01   1.2000000e+01   4.9000000e+01  -5.3448384e+01  -3.9264373e+01   4.6431165e+02   3.2066044e+00   6.6100037e+00   5.3058851e+00
   2.0190000e+03   1.0000000e+00   7.0000000e+00   2.0000000e+01   1.4000000e+01   4.7000000e+01  -5.3444475e+01  -3.9265523e+01   4.4095928e+02   1.4427194e+00   1.0822710e+01   9.7362292e+00
   2.0190000e+03   1.0000000e+00   7.0000000e+00   2.0000000e+01   1.6000000e+01   4.0000000e+01  -5.3440390e+01  -3.9266845e+01   4.6231176e+02   1.5693573e+00   3.6462613e+00   2.4725032e+00
   2.0190000e+03   1.0000000e+00   7.0000000e+00   2.0000000e+01   1.8000000e+01   3.4000000e+01  -5.3436418e+01  -3.9268024e+01   4.4823708e+02   2.6206961e+00   8.4675377e+00   7.3283715e+00
   2.0190000e+03   1.0000000e+00   7.0000000e+00   2.0000000e+01   2.0000000e+01   3.1000000e+01  -5.3432333e+01  -3.9269167e+01   4.6009373e+02   3.2606669e+00   9.6189939e+00   3.3623978e+00
   2.0190000e+03   1.0000000e+00   7.0000000e+00   2.0000000e+01   2.2000000e+01   2.7000000e+01  -5.3428500e+01  -3.9270500e+01   4.3501009e+02   3.1409727e+00   6.9046632e+00   5.1497906e+00
   2.0190000e+03   1.0000000e+00   7.0000000e+00   2.0000000e+01   2.4000000e+01   3.3000000e+01  -5.3424519e+01  -3.9271497e+01   4.4729020e+02   3.6746965e+00   7.5354831e+00   3.2134080e+00
   2.0190000e+03   1.0000000e+00   7.0000000e+00   2.0000000e+01   2.6000000e+01   4.4000000e+01  -5.3420500e+01  -3.9272667e+01   4.5323504e+02   2.5002068e+00   5.4096500e+00   2.7933880e+00
   2.0190000e+03   1.0000000e+00   7.0000000e+00   2.0000000e+01   2.8000000e+01   4.7999901e+01  -5.3416785e+01  -3.9273826e+01   4.1987038e+02   4.5303600e+00   9.0530855e+00   6.7498697e+00
   2.0190000e+03   1.0000000e+00   7.0000000e+00   2.0000000e+01   3.0000000e+01   5.5000000e+01  -5.3412588e+01  -3.9275067e+01   4.7360006e+02   2.6093534e+00   6.4990364e+00   5.2846224e+00
   2.0190000e+03   1.0000000e+00   7.0000000e+00   2.0000000e+01   3.3000000e+01   6.0000992e+00  -5.3409000e+01  -3.9276000e+01   4.0343662e+02   1.3382919e+00   8.4306373e+00   3.0927436e+00
   2.0190000e+03   1.0000000e+00   7.0000000e+00   2.0000000e+01   3.5000000e+01   1.1000000e+01  -5.3405013e+01  -3.9277486e+01   4.5387828e+02   3.1324704e+00   9.8548562e+00   2.8356721e+00
   2.0190000e+03   1.0000000e+00   7.0000000e+00   2.0000000e+01   3.7000000e+01   5.0000000e+00  -5.3401000e+01  -3.9278667e+01   4.5265641e+02   4.6163791e+00   9.0432611e+00   4.7679078e+00
   2.0190000e+03   1.0000000e+00   7.0000000e+00   2.0000000e+01   3.9000000e+01   9.0000000e+00  -5.3397000e+01  -3.9279833e+01   4.5118755e+02   2.2540710e+00   5.5056792e+00   3.5049587e+00
   2.0190000e+03   1.0000000e+00   7.0000000e+00   2.0000000e+01   4.1000000e+01   1.4000099e+01  -5.3393167e+01  -3.9281000e+01   4.3291740e+02   2.5968859e+00   7.0136987e+00   5.8882401e+00
   2.0190000e+03   1.0000000e+00   7.0000000e+00   2.0000000e+01   4.3000000e+01   1.6000099e+01  -5.3389298e+01  -3.9282188e+01   4.3705065e+02   3.4386748e+00   7.8818765e+00   3.1141843e+00
   2.0190000e+03   1.0000000e+00   7.0000000e+00   2.0000000e+01   4.5000000e+01   1.2000000e+01  -5.3385167e+01  -3.9283500e+01   4.6721986e+02   1.2641645e+00   4.9500689e+00   3.8242748e+00
   2.0190000e+03   1.0000000e+00   7.0000000e+00   2.0000000e+01   4.7000000e+01   3.0000000e+00  -5.3381038e+01  -3.9284638e+01   4.6493799e+02   2.2195536e+00   4.3479970e+00   3.5645098e+00
   2.0190000e+03   1.0000000e+00   7.0000000e+00   2.0000000e+01   4.8000000e+01   5.2000000e+01  -5.3377010e+01  -3.9285848e+01   4.5470552e+02   3.2594213e+00   1.0383946e+01   4.6732334e+00
   2.0190000e+03   1.0000000e+00   7.0000000e+00   2.0000000e+01   5.0000000e+01   3.9000000e+01  -5.3373000e+01  -3.9287000e+01   4.5214576e+02   2.9211094e+00   7.1081120e+00   2.9303346e+00
   2.0190000e+03   1.0000000e+00   7.0000000e+00   2.0000000e+01   5.2000000e+01   3.1999901e+01  -5.3369145e+01  -3.9288022e+01   4.3364406e+02   2.0211607e+00   4.5797921e+00   1.8398768e+00
   2.0190000e+03   1.0000000e+00   7.0000000e+00   2.0000000e+01   5.4000000e+01   2.9000000e+01  -5.3365110e+01  -3.9289346e+01   4.5687641e+02   1.3662057e+00   4.1611554e+00   1.9398290e+00
   2.0190000e+03   1.0000000e+00   7.0000000e+00   2.0000000e+01   5.6000000e+01   2.7000000e+01  -5.3361040e+01  -3.9290500e+01   4.5871289e+02   1.8595126e+00   9.5327765e+00   8.5076096e+00
   2.0190000e+03   1.0000000e+00   7.0000000e+00   2.0000000e+01   5.8000000e+01   2.0000000e+01  -5.3357048e+01  -3.9291767e+01   4.5150950e+02   2.4772659e+00   4.8528428e+00   4.2783781e+00
   2.0190000e+03   1.0000000e+00   7.0000000e+00   2.1000000e+01   0.0000000e+00   1.1000000e+01  -5.3352997e+01  -3.9292999e+01   4.5748914e+02   1.6104104e+00   4.2074755e+00   3.7228532e+00
   2.0190000e+03   1.0000000e+00   7.0000000e+00   2.1000000e+01   2.0000000e+00   3.0000000e+00  -5.3349021e+01  -3.9294215e+01   4.4909104e+02   1.1947641e+00   2.5586053e+00   2.1400344e+00
   2.0190000e+03   1.0000000e+00   7.0000000e+00   2.1000000e+01   3.0000000e+00   5.5000099e+01  -5.3345048e+01  -3.9295305e+01   4.4733137e+02   1.1441629e+00   2.4952352e+00   1.8911452e+00
   2.0190000e+03   1.0000000e+00   7.0000000e+00   2.1000000e+01   5.0000000e+00   5.5000000e+01  -5.3341000e+01  -3.9296500e+01   4.5676966e+02   1.3378876e+00   3.9348803e+00   3.1385359e+00
   2.0190000e+03   1.0000000e+00   7.0000000e+00   2.1000000e+01   7.0000000e+00   5.6000099e+01  -5.3337171e+01  -3.9297656e+01   4.3232781e+02   5.1841879e-01   2.0619707e+00   1.2452553e+00
   2.0190000e+03   1.0000000e+00   7.0000000e+00   2.1000000e+01   9.0000000e+00   5.2000000e+01  -5.3333153e+01  -3.9299004e+01   4.5534597e+02   2.6652172e-01   7.4606964e-01   1.0744982e-01
   2.0190000e+03   1.0000000e+00   7.0000000e+00   2.1000000e+01   1.1000000e+01   4.4000000e+01  -5.3329068e+01  -3.9300201e+01   4.6088238e+02   1.0385940e+00   3.6186325e+00   2.3960454e+00
   2.0190000e+03   1.0000000e+00   7.0000000e+00   2.1000000e+01   1.3000000e+01   3.6000099e+01  -5.3325209e+01  -3.9301741e+01   4.4075261e+02   2.2449860e-01   5.8710194e-01   1.7236832e-01
   2.0190000e+03   1.0000000e+00   7.0000000e+00   2.1000000e+01   1.5000000e+01   2.9000099e+01  -5.3321312e+01  -3.9303515e+01   4.4880589e+02   7.7816272e-01   1.6314851e+00   3.8416945e-01
