   2.0190000e+03   1.0000000e+00   8.0000000e+00   7.0000000e+00   3.9000000e+01   3.9000000e+01  -5.3288264e+01  -3.9037191e+01   4.5885388e+02   3.0011850e+00   6.5527805e+00   2.3154955e+00
   2.0190000e+03   1.0000000e+00   8.0000000e+00   7.0000000e+00   4.1000000e+01   2.4000000e+01  -5.3292284e+01  -3.9036340e+01   4.5024712e+02   3.9458583e+00   7.7297437e+00   5.0475329e+00
   2.0190000e+03   1.0000000e+00   8.0000000e+00   7.0000000e+00   4.3000000e+01   7.0000000e+00  -5.3296333e+01  -3.9035167e+01   4.5670875e+02   3.6607706e+00   7.5195929e+00   2.4719258e+00
   2.0190000e+03   1.0000000e+00   8.0000000e+00   7.0000000e+00   4.4000000e+01   5.1000099e+01  -5.3300333e+01  -3.9034167e+01   4.4941390e+02   2.3973422e+00   6.5238185e+00   4.5690498e+00
   2.0190000e+03   1.0000000e+00   8.0000000e+00   7.0000000e+00   4.6000000e+01   3.7000000e+01  -5.3304375e+01  -3.9032963e+01   4.5614126e+02   2.0407326e+00   4.2789914e+00   2.8806990e+00
   2.0190000e+03   1.0000000e+00   8.0000000e+00   7.0000000e+00   4.8000000e+01   2.2000000e+01  -5.3308333e+01  -3.9031667e+01   4.4816833e+02   2.4003220e+00   5.5014548e+00   2.2646743e+00
   2.0190000e+03   1.0000000e+00   8.0000000e+00   7.0000000e+00   5.0000000e+01   6.9999008e+00  -5.3312274e+01  -3.9030395e+01   4.4603909e+02   2.2821929e+00   8.6606673e+00   4.6156989e+00
   2.0190000e+03   1.0000000e+00   8.0000000e+00   7.0000000e+00   5.1000000e+01   5.1000000e+01  -5.3316315e+01  -3.9029153e+01   4.5645095e+02   1.5637146e+00   3.4505616e+00   1.6281009e+00
   2.0190000e+03   1.0000000e+00   8.0000000e+00   7.0000000e+00   5.3000000e+01   3.6000000e+01  -5.3320391e+01  -3.9027829e+01   4.6147890e+02   1.1847939e+00   3.4569144e+00   2.1909739e+00
   2.0190000e+03   1.0000000e+00   8.0000000e+00   7.0000000e+00   5.5000000e+01   2.0000099e+01  -5.3324498e+01  -3.9026553e+01   4.6416619e+02   1.6999740e+00   6.6718533e+00   3.8290496e+00
   2.0190000e+03   1.0000000e+00   8.0000000e+00   7.0000000e+00   5.7000000e+01   4.0000000e+00  -5.3328525e+01  -3.9025322e+01   4.5482673e+02   1.2317660e+00   2.6977003e+00   3.9738702e-01
   2.0190000e+03   1.0000000e+00   8.0000000e+00   7.0000000e+00   5.8000000e+01   4.8000000e+01  -5.3332545e+01  -3.9023984e+01   4.5543446e+02   1.0503050e+00   2.2658789e+00   2.9897361e-01
   2.0190000e+03   1.0000000e+00   8.0000000e+00   8.0000000e+00   0.0000000e+00   2.9000000e+01  -5.3336608e+01  -3.9022667e+01   4.5985227e+02   1.7944190e+00   5.4405577e+00   2.1700500e+00
   2.0190000e+03   1.0000000e+00   8.0000000e+00   8.0000000e+00   2.0000000e+00   9.0000000e+00  -5.3340667e+01  -3.9021500e+01   4.5760815e+02   1.4896014e+00   4.2176411e+00   2.2442000e+00
   2.0190000e+03   1.0000000e+00   8.0000000e+00   8.0000000e+00   3.0000000e+00   4.9000099e+01  -5.3344667e+01  -3.9020167e+01   4.5319624e+02   2.3090245e+00   5.4238087e+00   1.3671236e+00
   2.0190000e+03   1.0000000e+00   8.0000000e+00   8.0000000e+00   5.0000000e+00   3.0000099e+01  -5.3348702e+01  -3.9018964e+01   4.5549560e+02   4.1992531e+00   1.0263084e+01   7.9633347e+00
   2.0190000e+03   1.0000000e+00   8.0000000e+00   8.0000000e+00   7.0000000e+00   9.0000000e+00  -5.3352828e+01  -3.9017672e+01   4.6641247e+02   1.8117234e+00   5.6602109e+00   4.1706555e+00
   2.0190000e+03   1.0000000e+00   8.0000000e+00   8.0000000e+00   8.0000000e+00   5.0000000e+01  -5.3356895e+01  -3.9016438e+01   4.5925622e+02   5.7591110e-01   3.1067169e+00   1.4686970e+00
   2.0190000e+03   1.0000000e+00   8.0000000e+00   8.0000000e+00   1.0000000e+01   3.3000000e+01  -5.3360971e+01  -3.9015204e+01   4.6019148e+02   1.7158322e-01   2.2622980e+00   5.2849639e-01
   2.0190000e+03   1.0000000e+00   8.0000000e+00   8.0000000e+00   1.2000000e+01   1.6000099e+01  -5.3364980e+01  -3.9013853e+01   4.5447560e+02   3.5028696e-01   6.8619505e-01   2.0200796e-01
   2.0190000e+03   1.0000000e+00   8.0000000e+00   8.0000000e+00   1.3000000e+01   5.8000000e+01  -5.3369000e+01  -3.9012667e+01   4.5354613e+02   9.9967510e-01   3.3340535e+00   1.5708275e-01
   2.0190000e+03   1.0000000e+00   8.0000000e+00   8.0000000e+00   1.5000000e+01   4.0000000e+01  -5.3373120e+01  -3.9011333e+01   4.6628786e+02   4.6793491e-01   3.2021737e+00   1.8948403e-01
   2.0190000e+03   1.0000000e+00   8.0000000e+00   8.0000000e+00   1.7000000e+01   2.1000099e+01  -5.3377167e+01  -3.9010000e+01   4.5825314e+02   3.8912698e-01   2.1903194e+00   7.4414515e-01
   2.0190000e+03   1.0000000e+00   8.0000000e+00   8.0000000e+00   1.9000000e+01   3.0000000e+00  -5.3381208e+01  -3.9008807e+01   4.5595445e+02   9.3133513e-01   4.3422950e+00   3.4003496e+00
   2.0190000e+03   1.0000000e+00   8.0000000e+00   8.0000000e+00   2.0000000e+01   4.4000000e+01  -5.3385333e+01  -3.9007500e+01   4.6654756e+02   2.3149806e+00   5.7039123e+00   5.2434063e+00
   2.0190000e+03   1.0000000e+00   8.0000000e+00   8.0000000e+00   2.2000000e+01   2.6000099e+01  -5.3389344e+01  -3.9006333e+01   4.5237909e+02   1.5139486e+00   2.9657513e+00   1.1821104e+00
   2.0190000e+03   1.0000000e+00   8.0000000e+00   8.0000000e+00   2.4000000e+01   9.0000992e+00  -5.3393360e+01  -3.9005004e+01   4.5478679e+02   8.1934215e-01   1.7651375e+00   5.5156660e-01
   2.0190000e+03   1.0000000e+00   8.0000000e+00   8.0000000e+00   2.5000000e+01   5.3000000e+01  -5.3397434e+01  -3.9003751e+01   4.6025005e+02   4.7917584e-01   9.3868208e-01   1.4538735e-01
   2.0190000e+03   1.0000000e+00   8.0000000e+00   8.0000000e+00   2.7000000e+01   3.5000000e+01  -5.3401499e+01  -3.9002502e+01   4.5919814e+02   6.8214752e-01   1.9875550e+00   4.3381334e-01
   2.0190000e+03   1.0000000e+00   8.0000000e+00   8.0000000e+00   2.9000000e+01   1.6000000e+01  -5.3405582e+01  -3.9001183e+01   4.6209132e+02   1.0784147e+00   3.2470983e+00   6.8900819e-01
   2.0190000e+03   1.0000000e+00   8.0000000e+00   8.0000000e+00   3.0000000e+01   5.7000099e+01  -5.3409667e+01  -3.9000000e+01   4.6060356e+02   1.2086816e+00   3.3624201e+00   1.1601767e+00
   2.0190000e+03   1.0000000e+00   8.0000000e+00   8.0000000e+00   3.2000000e+01   3.8999901e+01  -5.3413706e+01  -3.8998627e+01   4.5795483e+02   1.4655438e+00   4.0972853e+00   2.5454097e+00
   2.0190000e+03   1.0000000e+00   8.0000000e+00   8.0000000e+00   3.4000000e+01   1.9000000e+01  -5.3417747e+01  -3.8997388e+01   4.5649975e+02   4.4325421e+00   8.8486631e+00   6.1974517e+00
   2.0190000e+03   1.0000000e+00   8.0000000e+00   8.0000000e+00   3.5000000e+01   5.9000000e+01  -5.3421747e+01  -3.8996170e+01   4.5175354e+02   3.9102173e+00   1.1322180e+01   7.4611694e+00
   2.0190000e+03   1.0000000e+00   8.0000000e+00   8.0000000e+00   3.7000000e+01   4.1000000e+01  -5.3425858e+01  -3.8994833e+01   4.6523487e+02   4.2978177e+00   1.1248694e+01   8.3681811e+00
   2.0190000e+03   1.0000000e+00   8.0000000e+00   8.0000000e+00   3.9000000e+01   2.5000099e+01  -5.3430000e+01  -3.8993667e+01   4.6674288e+02   1.7616308e+00   1.1501321e+01   9.1441724e+00
   2.0190000e+03   1.0000000e+00   8.0000000e+00   8.0000000e+00   4.1000000e+01   6.0000992e+00  -5.3434123e+01  -3.8992273e+01   4.6739968e+02   4.7291925e+00   1.3981767e+01   1.0946026e+01
   2.0190000e+03   1.0000000e+00   8.0000000e+00   8.0000000e+00   4.2000000e+01   4.6000000e+01  -5.3438066e+01  -3.8991101e+01   4.4491588e+02   4.7907993e+00   1.1838994e+01   8.0587476e+00
   2.0190000e+03   1.0000000e+00   8.0000000e+00   8.0000000e+00   4.4000000e+01   2.8000000e+01  -5.3442195e+01  -3.8989820e+01   4.6659852e+02   4.7546833e+00   1.4714657e+01   9.7601399e+00
   2.0190000e+03   1.0000000e+00   8.0000000e+00   8.0000000e+00   4.6000000e+01   9.0000000e+00  -5.3446260e+01  -3.8988500e+01   4.6007570e+02   9.4682582e+00   1.8547855e+01   1.1729420e+01
   2.0190000e+03   1.0000000e+00   8.0000000e+00   8.0000000e+00   4.7000000e+01   5.0000000e+01  -5.3450329e+01  -3.8987167e+01   4.6068844e+02   5.3617295e+00   1.1233502e+01   5.8394111e+00
   2.0190000e+03   1.0000000e+00   8.0000000e+00   8.0000000e+00   4.9000000e+01   4.1000000e+01  -5.3454333e+01  -3.8986000e+01   4.5157126e+02   6.2097355e+00   1.2879676e+01   8.5154979e+00
   2.0190000e+03   1.0000000e+00   8.0000000e+00   8.0000000e+00   5.1000000e+01   4.0000000e+01  -5.3458167e+01  -3.8984833e+01   4.3289866e+02   6.5096497e+00   1.4203606e+01   9.8157692e+00
   2.0190000e+03   1.0000000e+00   8.0000000e+00   8.0000000e+00   5.3000000e+01   4.2000000e+01  -5.3462000e+01  -3.8983667e+01   4.3289621e+02   4.6829767e+00   1.0375680e+01   7.3153270e+00
   2.0190000e+03   1.0000000e+00   8.0000000e+00   8.0000000e+00   5.5000000e+01   5.0000000e+01  -5.3465833e+01  -3.8982333e+01   4.3499611e+02   4.4565601e+00   8.9992169e+00   4.2877819e+00
   2.0190000e+03   1.0000000e+00   8.0000000e+00   8.0000000e+00   5.7000000e+01   5.9000000e+01  -5.3469692e+01  -3.8981171e+01   4.3564918e+02   4.5322570e+00   1.4673498e+01   8.3575155e+00
   2.0190000e+03   1.0000000e+00   8.0000000e+00   9.0000000e+00   0.0000000e+00   1.3000099e+01  -5.3473654e+01  -3.8980080e+01   4.4609177e+02   3.8914809e+00   1.0498398e+01   7.5609984e+00
   2.0190000e+03   1.0000000e+00   8.0000000e+00   9.0000000e+00   2.0000000e+00   2.6000000e+01  -5.3477500e+01  -3.8978833e+01   4.3525414e+02   3.0378289e+00   1.4361778e+01   1.2719183e+01
   2.0190000e+03   1.0000000e+00   8.0000000e+00   9.0000000e+00   4.0000000e+00   2.5000000e+01  -5.3481500e+01  -3.8977500e+01   4.5314088e+02   9.4003610e+00   1.8961069e+01   1.4582376e+01
   2.0190000e+03   1.0000000e+00   8.0000000e+00   9.0000000e+00   6.0000000e+00   1.1000000e+01  -5.3485583e+01  -3.8976250e+01   4.6118064e+02   4.2660090e+00   1.2983761e+01   7.5873488e+00
   2.0190000e+03   1.0000000e+00   8.0000000e+00   9.0000000e+00   7.0000000e+00   5.2000000e+01  -5.3489667e+01  -3.8975000e+01   4.6123144e+02   4.1826321e+00   1.5262371e+01   8.9251355e+00
   2.0190000e+03   1.0000000e+00   8.0000000e+00   9.0000000e+00   9.0000000e+00   3.1000000e+01  -5.3493795e+01  -3.8973860e+01   4.6487963e+02   1.8101285e+00   5.7092153e+00   6.8393637e-01
   2.0190000e+03   1.0000000e+00   8.0000000e+00   9.0000000e+00   1.1000000e+01   1.0999901e+01  -5.3497845e+01  -3.8972502e+01   4.5887833e+02   2.1957065e+00   4.3012819e+00   1.1698925e+00
   2.0190000e+03   1.0000000e+00   8.0000000e+00   9.0000000e+00   1.2000000e+01   5.1999901e+01  -5.3501919e+01  -3.8971304e+01   4.5965234e+02   3.0490991e+00   1.0410873e+01   1.7438616e+00
   2.0190000e+03   1.0000000e+00   8.0000000e+00   9.0000000e+00   1.4000000e+01   3.3999901e+01  -5.3505933e+01  -3.8970072e+01   4.5335208e+02   3.6475336e+00   8.6814872e+00   2.2867675e+00
   2.0190000e+03   1.0000000e+00   8.0000000e+00   9.0000000e+00   1.6000000e+01   1.5999901e+01  -5.3509999e+01  -3.8968837e+01   4.5910918e+02   2.8489772e+00   5.6295341e+00   1.5629355e+00
   2.0190000e+03   1.0000000e+00   8.0000000e+00   9.0000000e+00   1.7000000e+01   5.8000000e+01  -5.3514122e+01  -3.8967500e+01   4.6664643e+02   1.7298255e+00   3.6491548e+00   9.8634534e-01
   2.0190000e+03   1.0000000e+00   8.0000000e+00   9.0000000e+00   1.9000000e+01   3.7000000e+01  -5.3518092e+01  -3.8966454e+01   4.4647921e+02   2.0081813e+00   3.9654909e+00   2.1643002e+00
   2.0190000e+03   1.0000000e+00   8.0000000e+00   9.0000000e+00   2.1000000e+01   1.7000000e+01  -5.3522147e+01  -3.8965167e+01   4.5854477e+02   3.4684646e+00   8.6553364e+00   2.4050400e+00
   2.0190000e+03   1.0000000e+00   8.0000000e+00   9.0000000e+00   2.2000000e+01   5.8000000e+01  -5.3526329e+01  -3.8963834e+01   4.7300416e+02   3.3634823e+00   9.7563478e+00   2.8305063e+00
   2.0190000e+03   1.0000000e+00   8.0000000e+00   9.0000000e+00   2.4000000e+01   3.8000000e+01  -5.3530341e+01  -3.8962501e+01   4.5443745e+02   7.3473696e-01   8.7311942e+00   5.7133340e+00
   2.0190000e+03   1.0000000e+00   8.0000000e+00   9.0000000e+00   2.6000000e+01   1.5000000e+01  -5.3534354e+01  -3.8961329e+01   4.5261411e+02   1.8217043e+00   8.4161437e+00   5.9592689e+00
   2.0190000e+03   1.0000000e+00   8.0000000e+00   9.0000000e+00   2.7000000e+01   5.1000000e+01  -5.3538436e+01  -3.8960008e+01   4.6183229e+02   2.1697592e+00   5.6718864e+00   1.8640539e+00
   2.0190000e+03   1.0000000e+00   8.0000000e+00   9.0000000e+00   2.9000000e+01   2.9000000e+01  -5.3542492e+01  -3.8958906e+01   4.5657354e+02   1.6032497e+00   9.5416674e+00   5.4712092e+00
   2.0190000e+03   1.0000000e+00   8.0000000e+00   9.0000000e+00   3.1000000e+01   5.0000000e+00  -5.3546500e+01  -3.8957667e+01   4.5281652e+02   9.4236357e-01   5.4347364e+00   3.8588959e+00
   2.0190000e+03   1.0000000e+00   8.0000000e+00   9.0000000e+00   3.2000000e+01   4.1000000e+01  -5.3550504e+01  -3.8956333e+01   4.5356439e+02   2.4771940e+00   4.8527020e+00   3.0153889e+00
   2.0190000e+03   1.0000000e+00   8.0000000e+00   9.0000000e+00   3.4000000e+01   2.1000000e+01  -5.3554686e+01  -3.8955154e+01   4.7117614e+02   3.1473283e+00   6.5494690e+00   3.9809702e+00
   2.0190000e+03   1.0000000e+00   8.0000000e+00   9.0000000e+00   3.6000000e+01   3.0000000e+00  -5.3558824e+01  -3.8953837e+01   4.6797253e+02   2.1392597e+00   4.1907053e+00   2.3377675e+00
   2.0190000e+03   1.0000000e+00   8.0000000e+00   9.0000000e+00   3.7000000e+01   4.2000000e+01  -5.3562835e+01  -3.8952583e+01   4.5333686e+02   4.5472829e+00   9.9158380e+00   3.7672051e+00
   2.0190000e+03   1.0000000e+00   8.0000000e+00   9.0000000e+00   3.9000000e+01   2.1000000e+01  -5.3566833e+01  -3.8951333e+01   4.5183169e+02   2.3613962e+00   6.5622029e+00   3.2274973e+00
   2.0190000e+03   1.0000000e+00   8.0000000e+00   9.0000000e+00   4.1000000e+01   1.0000000e+00  -5.3570803e+01  -3.8950149e+01   4.4797153e+02   3.4364950e+00   1.1524802e+01   7.2176461e+00
   2.0190000e+03   1.0000000e+00   8.0000000e+00   9.0000000e+00   4.2000000e+01   4.0000000e+01  -5.3574747e+01  -3.8948919e+01   4.4578255e+02   1.8058186e+00   8.5218288e+00   5.7578250e+00
   2.0190000e+03   1.0000000e+00   8.0000000e+00   9.0000000e+00   4.4000000e+01   1.9000000e+01  -5.3578819e+01  -3.8947664e+01   4.5998466e+02   2.9381988e+00   9.4899143e+00   6.4069350e+00
   2.0190000e+03   1.0000000e+00   8.0000000e+00   9.0000000e+00   4.5000000e+01   5.9000099e+01  -5.3582883e+01  -3.8946450e+01   4.5862193e+02   2.5795177e+00   1.1131114e+01   5.2481555e+00
   2.0190000e+03   1.0000000e+00   8.0000000e+00   9.0000000e+00   4.7000000e+01   3.7000000e+01  -5.3586958e+01  -3.8945235e+01   4.5981211e+02   3.2068595e+00   6.3208621e+00   4.0279561e+00
   2.0190000e+03   1.0000000e+00   8.0000000e+00   9.0000000e+00   4.9000000e+01   1.4000099e+01  -5.3590953e+01  -3.8943892e+01   4.5268626e+02   4.3356978e+00   8.5393412e+00   6.7881890e+00
   2.0190000e+03   1.0000000e+00   8.0000000e+00   9.0000000e+00   5.0000000e+01   5.6000099e+01  -5.3595086e+01  -3.8942667e+01   4.6635003e+02   1.1891934e+00   8.0168441e+00   2.4116137e+00
   2.0190000e+03   1.0000000e+00   8.0000000e+00   9.0000000e+00   5.2000000e+01   3.7000099e+01  -5.3599322e+01  -3.8941333e+01   4.7882879e+02   2.4646535e+00   6.7029779e+00   4.4057179e+00
   2.0190000e+03   1.0000000e+00   8.0000000e+00   9.0000000e+00   5.4000000e+01   1.6000000e+01  -5.3603399e+01  -3.8940150e+01   4.5969553e+02   2.5154357e+00   7.4439664e+00   2.8640321e+00
   2.0190000e+03   1.0000000e+00   8.0000000e+00   9.0000000e+00   5.5000000e+01   5.6000000e+01  -5.3607469e+01  -3.8938824e+01   4.6057699e+02   1.1939310e+00   1.0303785e+01   5.7795382e+00
   2.0190000e+03   1.0000000e+00   8.0000000e+00   9.0000000e+00   5.7000000e+01   3.8000000e+01  -5.3611500e+01  -3.8937667e+01   4.5442744e+02   2.4749317e+00   5.3319485e+00   9.3197911e-01
   2.0190000e+03   1.0000000e+00   8.0000000e+00   9.0000000e+00   5.9000000e+01   2.1000000e+01  -5.3615599e+01  -3.8936401e+01   4.6301434e+02   1.0301317e+00   6.5947650e+00   1.0911966e+00
   2.0190000e+03   1.0000000e+00   8.0000000e+00   1.0000000e+01   1.0000000e+00   1.0000000e+00  -5.3619667e+01  -3.8935167e+01   4.5930807e+02   1.9514142e+00   6.6741232e+00   5.5068924e-01
   2.0190000e+03   1.0000000e+00   8.0000000e+00   1.0000000e+01   2.0000000e+00   3.8999901e+01  -5.3623677e+01  -3.8933816e+01   4.5444109e+02   1.6250256e+00   3.5280273e+00   6.3747470e-01
   2.0190000e+03   1.0000000e+00   8.0000000e+00   1.0000000e+01   4.0000000e+00   1.8000099e+01  -5.3627667e+01  -3.8932667e+01   4.4974678e+02   3.2801637e+00   8.1503829e+00   2.0536392e-01
   2.0190000e+03   1.0000000e+00   8.0000000e+00   1.0000000e+01   5.0000000e+00   5.9000000e+01  -5.3631776e+01  -3.8931315e+01   4.6525688e+02   4.0761615e+00   8.6863520e+00   4.0605600e-01
   2.0190000e+03   1.0000000e+00   8.0000000e+00   1.0000000e+01   7.0000000e+00   3.8000000e+01  -5.3635835e+01  -3.8930009e+01   4.5915045e+02   1.7161873e+00   4.8024252e+00   1.2107358e+00
   2.0190000e+03   1.0000000e+00   8.0000000e+00   1.0000000e+01   9.0000000e+00   1.5000000e+01  -5.3639839e+01  -3.8928833e+01   4.5163932e+02   1.2485140e-01   2.4457780e-01   1.2692653e-01
   2.0190000e+03   1.0000000e+00   8.0000000e+00   1.0000000e+01   1.0000000e+01   5.3000000e+01  -5.3643906e+01  -3.8927500e+01   4.6032500e+02   4.4568737e+00   1.8290152e+01   0.0000000e+00
   2.0190000e+03   1.0000000e+00   8.0000000e+00   1.0000000e+01   1.2000000e+01   3.4000000e+01  -5.3648000e+01  -3.8926333e+01   4.6140095e+02   6.6428852e+00   2.2489331e+01   6.1233679e+00
   2.0190000e+03   1.0000000e+00   8.0000000e+00   1.0000000e+01   1.4000000e+01   1.2000099e+01  -5.3652159e+01  -3.8925023e+01   4.7010727e+02   5.0978948e+00   1.3761791e+01   5.4810267e-01
   2.0190000e+03   1.0000000e+00   8.0000000e+00   1.0000000e+01   1.5000000e+01   4.8000000e+01  -5.3656274e+01  -3.8923833e+01   4.6394795e+02   3.2543753e+00   6.5439710e+00   4.4298927e-01
   2.0190000e+03   1.0000000e+00   8.0000000e+00   1.0000000e+01   1.7000000e+01   2.3000000e+01  -5.3660340e+01  -3.8922502e+01   4.6025292e+02   2.4699417e+00   4.9437812e+00   2.0044824e-01
   2.0190000e+03   1.0000000e+00   8.0000000e+00   1.0000000e+01   1.8000000e+01   5.8999901e+01  -5.3664464e+01  -3.8921242e+01   4.6566500e+02   3.2813377e+00   6.7210324e+00   2.9368342e+00
   2.0190000e+03   1.0000000e+00   8.0000000e+00   1.0000000e+01   2.0000000e+01   3.4000000e+01  -5.3668475e+01  -3.8920026e+01   4.5282304e+02   5.7067500e+00   1.1179245e+01   6.3266857e+00
   2.0190000e+03   1.0000000e+00   8.0000000e+00   1.0000000e+01   2.2000000e+01   1.3000099e+01  -5.3672650e+01  -3.8918836e+01   4.7055879e+02   2.0030863e+00   8.7268363e+00   3.0285380e+00
   2.0190000e+03   1.0000000e+00   8.0000000e+00   1.0000000e+01   2.3000000e+01   5.2000099e+01  -5.3676792e+01  -3.8917526e+01   4.6829058e+02   1.6479687e+00   3.6459002e+00   2.2683897e+00
   2.0190000e+03   1.0000000e+00   8.0000000e+00   1.0000000e+01   2.5000000e+01   2.8000000e+01  -5.3680904e+01  -3.8916163e+01   4.6562796e+02   4.4502282e+00   2.1783022e+01   1.8574031e+00
   2.0190000e+03   1.0000000e+00   8.0000000e+00   1.0000000e+01   2.7000000e+01   3.0000000e+00  -5.3685016e+01  -3.8914995e+01   4.6335141e+02   4.7694870e+00   1.4370961e+01   2.1702215e+00
   2.0190000e+03   1.0000000e+00   8.0000000e+00   1.0000000e+01   2.8000000e+01   3.7000000e+01  -5.3689147e+01  -3.8913682e+01   4.6704470e+02   4.7341751e+00   1.3082043e+01   2.8129843e+00
   2.0190000e+03   1.0000000e+00   8.0000000e+00   1.0000000e+01   3.0000000e+01   1.3999901e+01  -5.3693167e+01  -3.8912333e+01   4.5542081e+02   6.0096500e+00   2.3851044e+01   1.1418395e+00
   2.0190000e+03   1.0000000e+00   8.0000000e+00   1.0000000e+01   3.1000000e+01   5.0000000e+01  -5.3697265e+01  -3.8911167e+01   4.6188116e+02   7.5919398e+00   3.5247567e+01   1.3624187e+01
   2.0190000e+03   1.0000000e+00   8.0000000e+00   1.0000000e+01   3.3000000e+01   2.5000000e+01  -5.3701333e+01  -3.8910000e+01   4.5849013e+02   3.6644970e+00   1.6325405e+01   3.6127564e-01
   2.0190000e+03   1.0000000e+00   8.0000000e+00   1.0000000e+01   3.5000000e+01   9.9182129e-05  -5.3705396e+01  -3.8908604e+01   4.6065927e+02   8.3303855e+00   1.7677755e+01   1.4771809e+00
   2.0190000e+03   1.0000000e+00   8.0000000e+00   1.0000000e+01   3.6000000e+01   3.7000000e+01  -5.3709573e+01  -3.8907333e+01   4.7167337e+02   6.7850087e+00   1.3915245e+01   9.0074587e-01
   2.0190000e+03   1.0000000e+00   8.0000000e+00   1.0000000e+01   3.8000000e+01   1.4999901e+01  -5.3713695e+01  -3.8906138e+01   4.6474298e+02   4.9336626e+00   1.3929487e+01   1.4322411e+00
   2.0190000e+03   1.0000000e+00   8.0000000e+00   1.0000000e+01   3.9000000e+01   5.1000000e+01  -5.3717833e+01  -3.8904833e+01   4.6774529e+02   4.8096216e+00   1.1602186e+01   1.0180194e+00
   2.0190000e+03   1.0000000e+00   8.0000000e+00   1.0000000e+01   4.1000000e+01   2.8000099e+01  -5.3721994e+01  -3.8903500e+01   4.7060320e+02   1.5969636e+00   9.9987745e+00   2.1555774e-01
   2.0190000e+03   1.0000000e+00   8.0000000e+00   1.0000000e+01   4.3000000e+01   4.0000000e+00  -5.3726167e+01  -3.8902167e+01   4.7185060e+02   2.2864376e+00   4.6147102e+00   8.1779476e-01
   2.0190000e+03   1.0000000e+00   8.0000000e+00   1.0000000e+01   4.4000000e+01   4.1000000e+01  -5.3730308e+01  -3.8900965e+01   4.6693056e+02   5.6245488e-01   1.3554006e+00   2.3440824e-01
   2.0190000e+03   1.0000000e+00   8.0000000e+00   1.0000000e+01   4.6000000e+01   1.7000000e+01  -5.3734365e+01  -3.8899665e+01   4.5887492e+02   1.3861133e+00   2.7153283e+00   5.3856397e-01
   2.0190000e+03   1.0000000e+00   8.0000000e+00   1.0000000e+01   4.7000000e+01   5.2000000e+01  -5.3738490e+01  -3.8898488e+01   4.6481578e+02   1.3985983e-01   1.9995614e+00   1.6407706e-01
   2.0190000e+03   1.0000000e+00   8.0000000e+00   1.0000000e+01   4.9000000e+01   2.7000000e+01  -5.3742657e+01  -3.8897168e+01   4.7107324e+02   9.5165359e-01   2.2749073e+00   1.2701065e+00
   2.0190000e+03   1.0000000e+00   8.0000000e+00   1.0000000e+01   5.1000000e+01   1.0000992e+00  -5.3746630e+01  -3.8895962e+01   4.4856621e+02   4.2913385e+00   9.3638346e+00   3.4458569e+00
   2.0190000e+03   1.0000000e+00   8.0000000e+00   1.0000000e+01   5.2000000e+01   3.7000000e+01  -5.3750667e+01  -3.8894667e+01   4.5653812e+02   6.3355444e+02   1.3972439e+03   4.6585472e+02
   2.0190000e+03   1.0000000e+00   8.0000000e+00   1.0000000e+01   5.4000000e+01   1.4000099e+01  -5.3754689e+01  -3.8893489e+01   4.5359586e+02   1.4226499e+01   3.3928624e+01   1.3256208e+00
   2.0190000e+03   1.0000000e+00   8.0000000e+00   1.0000000e+01   5.5000000e+01   5.1000000e+01  -5.3758825e+01  -3.8892157e+01   4.6781547e+02   1.3921677e+01   3.3112404e+01   2.3286942e+00
   2.0190000e+03   1.0000000e+00   8.0000000e+00   1.0000000e+01   5.7000000e+01   3.0000099e+01  -5.3762930e+01  -3.8890903e+01   4.6359703e+02   1.1352044e+01   4.3478400e+01   4.1529734e+00
   2.0190000e+03   1.0000000e+00   8.0000000e+00   1.0000000e+01   5.9000000e+01   8.0000000e+00  -5.3767000e+01  -3.8889667e+01   4.5946718e+02   9.9764429e+00   3.2716770e+01   4.7938712e+00
   2.0190000e+03   1.0000000e+00   8.0000000e+00   1.1000000e+01   0.0000000e+00   4.4999901e+01  -5.3771000e+01  -3.8888418e+01   4.5198011e+02   7.4106639e+00   5.3387053e+01   2.3796586e-01
   2.0190000e+03   1.0000000e+00   8.0000000e+00   1.1000000e+01   2.0000000e+00   2.4000099e+01  -5.3775024e+01  -3.8887167e+01   4.5464749e+02   1.1348189e+01   4.8746372e+01   7.5324514e+00
   2.0190000e+03   1.0000000e+00   8.0000000e+00   1.1000000e+01   4.0000000e+00   3.0000000e+00  -5.3779099e+01  -3.8885946e+01   4.5984716e+02   4.6796998e+00   9.3358314e+00   3.9293899e+00
   2.0190000e+03   1.0000000e+00   8.0000000e+00   1.1000000e+01   5.0000000e+00   3.9000000e+01  -5.3783157e+01  -3.8884662e+01   4.5874645e+02   1.8770523e+01   3.7186726e+01   1.8199678e+01
   2.0190000e+03   1.0000000e+00   8.0000000e+00   1.1000000e+01   7.0000000e+00   1.7000000e+01  -5.3787233e+01  -3.8883351e+01   4.6101351e+02   1.5532045e+01   3.4976326e+01   1.0096945e+01
   2.0190000e+03   1.0000000e+00   8.0000000e+00   1.1000000e+01   8.0000000e+00   5.7000000e+01  -5.3791333e+01  -3.8882167e+01   4.6221860e+02   1.0780866e+01   4.8613910e+01   8.5342438e+00
   2.0190000e+03   1.0000000e+00   8.0000000e+00   1.1000000e+01   1.0000000e+01   3.6000099e+01  -5.3795357e+01  -3.8880833e+01   4.5562904e+02   5.6660323e+00   1.7142619e+01   2.9740033e+00
   2.0190000e+03   1.0000000e+00   8.0000000e+00   1.1000000e+01   1.2000000e+01   2.1000000e+01  -5.3799609e+01  -3.8879608e+01   4.7928719e+02   7.7527343e+00   3.0893295e+01   1.1569523e+00
   2.0190000e+03   1.0000000e+00   8.0000000e+00   1.1000000e+01   1.4000000e+01   1.4000000e+01  -5.3803662e+01  -3.8878327e+01   4.5810994e+02   7.7583708e+00   2.4171847e+01   8.4503751e+00
   2.0190000e+03   1.0000000e+00   8.0000000e+00   1.1000000e+01   1.6000000e+01   1.7000000e+01  -5.3807500e+01  -3.8877167e+01   4.3321742e+02   8.2902629e+00   1.8549928e+01   4.0743865e+00
   2.0190000e+03   1.0000000e+00   8.0000000e+00   1.1000000e+01   1.8000000e+01   2.6000000e+01  -5.3811500e+01  -3.8875833e+01   4.5300778e+02   4.0473633e+00   1.2934530e+01   4.0556536e+00
   2.0190000e+03   1.0000000e+00   8.0000000e+00   1.1000000e+01   2.0000000e+01   4.0000000e+01  -5.3815388e+01  -3.8874639e+01   4.3906050e+02   4.3354004e+00   1.0822592e+01   4.4301797e+00
   2.0190000e+03   1.0000000e+00   8.0000000e+00   1.1000000e+01   2.2000000e+01   5.2000000e+01  -5.3819333e+01  -3.8873500e+01   4.4474902e+02   4.4912906e+00   8.8207675e+00   5.3796639e+00
   2.0190000e+03   1.0000000e+00   8.0000000e+00   1.1000000e+01   2.4000000e+01   5.1000000e+01  -5.3823167e+01  -3.8872333e+01   4.3278056e+02   5.8441685e+00   1.1656089e+01   1.8526332e+00
   2.0190000e+03   1.0000000e+00   8.0000000e+00   1.1000000e+01   2.6000000e+01   3.7000000e+01  -5.3827250e+01  -3.8871001e+01   4.6203904e+02   4.4692096e+00   8.8346047e+00   7.4590028e+00
   2.0190000e+03   1.0000000e+00   8.0000000e+00   1.1000000e+01   2.8000000e+01   2.6000000e+01  -5.3831333e+01  -3.8869833e+01   4.6019540e+02   2.5721659e+00   5.1454065e+00   4.7642661e+00
   2.0190000e+03   1.0000000e+00   8.0000000e+00   1.1000000e+01   3.0000000e+01   2.4000000e+01  -5.3835167e+01  -3.8868500e+01   4.3484175e+02   4.7416316e+01   9.3388132e+01   9.2886248e+01
   2.0190000e+03   1.0000000e+00   8.0000000e+00   1.1000000e+01   3.2000000e+01   2.0000099e+01  -5.3839196e+01  -3.8867312e+01   4.5443863e+02   2.6376363e+00   5.1670007e+00   4.4707713e+00
   2.0190000e+03   1.0000000e+00   8.0000000e+00   1.1000000e+01   3.4000000e+01   6.0000000e+00  -5.3843322e+01  -3.8866000e+01   4.6645428e+02   2.0191240e+00   4.5040948e+00   4.0605471e+00
   2.0190000e+03   1.0000000e+00   8.0000000e+00   1.1000000e+01   3.5000000e+01   4.8000000e+01  -5.3847500e+01  -3.8864667e+01   4.7246866e+02   2.7739990e+01   5.4341285e+01   3.9221552e+01
   2.0190000e+03   1.0000000e+00   8.0000000e+00   1.1000000e+01   3.7000000e+01   2.7000000e+01  -5.3851571e+01  -3.8863333e+01   4.6068853e+02   1.3219265e+01   2.5965967e+01   2.5484991e+01
   2.0190000e+03   1.0000000e+00   8.0000000e+00   1.1000000e+01   3.9000000e+01   8.0000000e+00  -5.3855667e+01  -3.8862167e+01   4.6153732e+02   1.7355484e+00   3.4196323e+00   1.2465266e+00
   2.0190000e+03   1.0000000e+00   8.0000000e+00   1.1000000e+01   4.0000000e+01   5.0000000e+01  -5.3859716e+01  -3.8860972e+01   4.5669602e+02   2.4827273e+00   4.8635416e+00   3.8993958e-01
   2.0190000e+03   1.0000000e+00   8.0000000e+00   1.1000000e+01   4.2000000e+01   2.8000099e+01  -5.3863797e+01  -3.8859608e+01   4.6222144e+02   1.3878778e+00   2.7187849e+00   1.2272615e+00
   2.0190000e+03   1.0000000e+00   8.0000000e+00   1.1000000e+01   4.4000000e+01   6.0000000e+00  -5.3867820e+01  -3.8858376e+01   4.5429635e+02   5.1669094e+00   1.0313738e+01   1.3808408e+00
   2.0190000e+03   1.0000000e+00   8.0000000e+00   1.1000000e+01   4.5000000e+01   4.5000000e+01  -5.3871920e+01  -3.8857108e+01   4.6308443e+02   2.2968376e+00   4.5371043e+00   2.8914359e+00
   2.0190000e+03   1.0000000e+00   8.0000000e+00   1.1000000e+01   4.7000000e+01   2.3000000e+01  -5.3875867e+01  -3.8855833e+01   4.4644059e+02   2.1432180e+00   4.7327977e+00   3.4822659e+00
   2.0190000e+03   1.0000000e+00   8.0000000e+00   1.1000000e+01   4.9000000e+01   3.0000000e+00  -5.3880102e+01  -3.8854500e+01   4.7866142e+02   1.6594118e+00   3.7490984e+00   3.0346357e+00
   2.0190000e+03   1.0000000e+00   8.0000000e+00   1.1000000e+01   5.0000000e+01   4.5000000e+01  -5.3884337e+01  -3.8853332e+01   4.7677350e+02   1.4192536e+00   3.3872596e+00   2.6422198e+00
   2.0190000e+03   1.0000000e+00   8.0000000e+00   1.1000000e+01   5.2000000e+01   2.7000000e+01  -5.3888333e+01  -3.8852000e+01   4.5255558e+02   2.9723800e+00   6.2188363e+00   3.8685429e+00
   2.0190000e+03   1.0000000e+00   8.0000000e+00   1.1000000e+01   5.4000000e+01   7.0000000e+00  -5.3892441e+01  -3.8850697e+01   4.6436627e+02   1.2061178e+00   5.6197904e+00   4.1497354e+00
   2.0190000e+03   1.0000000e+00   8.0000000e+00   1.1000000e+01   5.5000000e+01   4.3000000e+01  -5.3896500e+01  -3.8849500e+01   4.5778131e+02   1.9486922e+00   4.6416895e+00   2.3159743e+00
   2.0190000e+03   1.0000000e+00   8.0000000e+00   1.1000000e+01   5.7000000e+01   2.0000000e+01  -5.3900664e+01  -3.8848167e+01   4.7090622e+02   1.7379806e+00   3.4704572e+00   1.4410935e+00
   2.0190000e+03   1.0000000e+00   8.0000000e+00   1.1000000e+01   5.9000000e+01   0.0000000e+00  -5.3904833e+01  -3.8846833e+01   4.7140813e+02   2.2446065e+00   6.6937876e+00   9.8626196e-01
   2.0190000e+03   1.0000000e+00   8.0000000e+00   1.2000000e+01   0.0000000e+00   4.1000000e+01  -5.3909000e+01  -3.8845500e+01   4.7115524e+02   2.0620120e+00   6.1582341e+00   1.1727192e+00
   2.0190000e+03   1.0000000e+00   8.0000000e+00   1.2000000e+01   2.0000000e+00   1.7000000e+01  -5.3913100e+01  -3.8844187e+01   4.6358610e+02   2.8668597e+00   7.0379104e+00   8.2075142e-01
   2.0190000e+03   1.0000000e+00   8.0000000e+00   1.2000000e+01   3.0000000e+00   5.2000000e+01  -5.3917119e+01  -3.8842967e+01   4.5369075e+02   3.6607451e+00   8.4419968e+00   2.3423293e+00
   2.0190000e+03   1.0000000e+00   8.0000000e+00   1.2000000e+01   5.0000000e+00   2.7000000e+01  -5.3921164e+01  -3.8841669e+01   4.5748578e+02   3.2322935e+00   1.0420062e+01   2.8099436e+00
   2.0190000e+03   1.0000000e+00   8.0000000e+00   1.2000000e+01   7.0000000e+00   2.0000000e+00  -5.3925174e+01  -3.8840500e+01   4.5205542e+02   3.6705436e+00   7.3722313e+00   2.3614709e+00
   2.0190000e+03   1.0000000e+00   8.0000000e+00   1.2000000e+01   8.0000000e+00   3.8000000e+01  -5.3929333e+01  -3.8839167e+01   4.7037317e+02   5.7202622e+00   1.1205714e+01   3.3754227e+00
   2.0190000e+03   1.0000000e+00   8.0000000e+00   1.2000000e+01   1.0000000e+01   1.4000000e+01  -5.3933416e+01  -3.8837917e+01   4.6095100e+02   4.2609803e+00   1.3932061e+01   4.6569429e+00
   2.0190000e+03   1.0000000e+00   8.0000000e+00   1.2000000e+01   1.1000000e+01   4.8000000e+01  -5.3937503e+01  -3.8836662e+01   4.6148979e+02   2.2789123e+00   1.8242097e+01   9.4282312e+00
   2.0190000e+03   1.0000000e+00   8.0000000e+00   1.2000000e+01   1.3000000e+01   2.3000000e+01  -5.3941552e+01  -3.8835469e+01   4.5666078e+02   2.0307441e+00   1.0239351e+01   7.1978783e+00
   2.0190000e+03   1.0000000e+00   8.0000000e+00   1.2000000e+01   1.5000000e+01   0.0000000e+00  -5.3945667e+01  -3.8834168e+01   4.6513013e+02   4.0339020e+00   1.1254918e+01   2.9840972e+00
   2.0190000e+03   1.0000000e+00   8.0000000e+00   1.2000000e+01   1.6000000e+01   3.7000000e+01  -5.3949734e+01  -3.8832833e+01   4.6028377e+02   5.5425668e+00   1.3077000e+01   1.7618613e+00
   2.0190000e+03   1.0000000e+00   8.0000000e+00   1.2000000e+01   1.8000000e+01   1.4000000e+01  -5.3953833e+01  -3.8831500e+01   4.6377981e+02   1.2595073e+01   2.9152704e+01   1.9813596e+01
   2.0190000e+03   1.0000000e+00   8.0000000e+00   1.2000000e+01   1.9000000e+01   5.1000000e+01  -5.3957977e+01  -3.8830189e+01   4.6839474e+02   3.4198775e+00   1.1833924e+01   1.9195686e+00
   2.0190000e+03   1.0000000e+00   8.0000000e+00   1.2000000e+01   2.1000000e+01   2.8000000e+01  -5.3962155e+01  -3.8829000e+01   4.7068455e+02   4.6188947e+00   1.3230541e+01   4.6619695e+00
   2.0190000e+03   1.0000000e+00   8.0000000e+00   1.2000000e+01   2.3000000e+01   3.0000000e+00  -5.3966230e+01  -3.8827648e+01   4.6132891e+02   4.9153503e+00   1.5142943e+01   3.6266331e+00
   2.0190000e+03   1.0000000e+00   8.0000000e+00   1.2000000e+01   2.4000000e+01   3.8000000e+01  -5.3970230e+01  -3.8826437e+01   4.5146184e+02   2.4355376e+00   7.2333854e+00   6.2176456e-01
   2.0190000e+03   1.0000000e+00   8.0000000e+00   1.2000000e+01   2.6000000e+01   1.4000099e+01  -5.3974349e+01  -3.8825070e+01   4.6637357e+02   2.3825197e+00   1.0630371e+01   7.2667199e-01
   2.0190000e+03   1.0000000e+00   8.0000000e+00   1.2000000e+01   2.7000000e+01   5.2000000e+01  -5.3978478e+01  -3.8823857e+01   4.6564321e+02   4.1008393e+00   1.0772226e+01   8.1356475e-01
   2.0190000e+03   1.0000000e+00   8.0000000e+00   1.2000000e+01   2.9000000e+01   3.2000000e+01  -5.3982653e+01  -3.8823333e+01   4.6513667e+02   2.0401162e+00   1.0951658e+01   1.0871437e+00
   2.0190000e+03   1.0000000e+00   8.0000000e+00   1.2000000e+01   3.1000000e+01   1.3000000e+01  -5.3986833e+01  -3.8822167e+01   4.7074188e+02   3.5086450e+00   1.1205179e+01   3.0721304e+00
   2.0190000e+03   1.0000000e+00   8.0000000e+00   1.2000000e+01   3.2000000e+01   5.2000000e+01  -5.3990930e+01  -3.8820558e+01   4.6719577e+02   4.3884275e+00   1.1209325e+01   2.0994950e+00
