   2.0050000e+03   1.0000000e+00   1.0000000e+01   6.0000000e+00   4.5000000e+01   1.6000000e+01  -5.3179542e+01  -3.8147302e+01   4.9840891e+02   3.5279377e+00   1.2409264e+01   0.0000000e+00
   2.0050000e+03   1.0000000e+00   1.0000000e+01   6.0000000e+00   4.6000000e+01   5.9000000e+01  -5.3182764e+01  -3.8142539e+01   4.7834528e+02   5.7355110e-01   1.2897332e+00   0.0000000e+00
   2.0050000e+03   1.0000000e+00   1.0000000e+01   6.0000000e+00   4.8000000e+01   4.1000000e+01  -5.3186989e+01  -3.8140363e+01   4.9134353e+02   1.2040077e+00   4.1913775e+00   0.0000000e+00
   2.0050000e+03   1.0000000e+00   1.0000000e+01   6.0000000e+00   5.0000000e+01   2.1000000e+01  -5.3191380e+01  -3.8138946e+01   4.9697320e+02   3.0376570e+00   7.8097987e+00   0.0000000e+00
   2.0050000e+03   1.0000000e+00   1.0000000e+01   6.0000000e+00   5.1000000e+01   5.7000000e+01  -5.3195764e+01  -3.8137522e+01   4.9627230e+02   2.9890514e+00   8.0089914e+00   0.0000000e+00
   2.0050000e+03   1.0000000e+00   1.0000000e+01   6.0000000e+00   5.3000000e+01   3.4000000e+01  -5.3200171e+01  -3.8136116e+01   4.9860195e+02   2.3750087e+00   9.6791086e+00   0.0000000e+00
   2.0050000e+03   1.0000000e+00   1.0000000e+01   6.0000000e+00   5.5000000e+01   1.0000000e+01  -5.3204580e+01  -3.8134733e+01   4.9849365e+02   1.9778058e+00   4.9398410e+00   0.0000000e+00
   2.0050000e+03   1.0000000e+00   1.0000000e+01   6.0000000e+00   5.6000000e+01   4.7000099e+01  -5.3209008e+01  -3.8133237e+01   5.0196515e+02   1.0046283e+00   3.2661407e+00   0.0000000e+00
   2.0050000e+03   1.0000000e+00   1.0000000e+01   6.0000000e+00   5.8000000e+01   2.3000000e+01  -5.3213418e+01  -3.8131735e+01   5.0014658e+02   1.8780302e+00   3.5114923e+00   0.0000000e+00
   2.0050000e+03   1.0000000e+00   1.0000000e+01   7.0000000e+00   0.0000000e+00   0.0000000e+00  -5.3217877e+01  -3.8130237e+01   5.0544009e+02   2.0862122e+00   3.3128024e+00   0.0000000e+00
   2.0050000e+03   1.0000000e+00   1.0000000e+01   7.0000000e+00   1.0000000e+00   3.3000099e+01  -5.3222241e+01  -3.8128700e+01   4.9555305e+02   2.1508174e+00   5.6479904e+00   0.0000000e+00
   2.0050000e+03   1.0000000e+00   1.0000000e+01   7.0000000e+00   3.0000000e+00   6.0000992e+00  -5.3226610e+01  -3.8127239e+01   4.9516201e+02   3.2452399e+00   9.9757561e+00   0.0000000e+00
   2.0050000e+03   1.0000000e+00   1.0000000e+01   7.0000000e+00   4.0000000e+00   4.3000000e+01  -5.3231069e+01  -3.8125708e+01   5.0585350e+02   1.7928472e+00   2.7705578e+00   0.0000000e+00
   2.0050000e+03   1.0000000e+00   1.0000000e+01   7.0000000e+00   6.0000000e+00   1.9000000e+01  -5.3235510e+01  -3.8124228e+01   5.0312621e+02   9.7431548e-01   2.1404120e+00   0.0000000e+00
   2.0050000e+03   1.0000000e+00   1.0000000e+01   7.0000000e+00   7.0000000e+00   5.6000000e+01  -5.3239899e+01  -3.8122684e+01   4.9843203e+02   2.7666066e-01   7.7199784e-01   0.0000000e+00
   2.0050000e+03   1.0000000e+00   1.0000000e+01   7.0000000e+00   9.0000000e+00   3.4999901e+01  -5.3244334e+01  -3.8121142e+01   5.0334372e+02   1.0248108e+00   3.6179888e+00   0.0000000e+00
   2.0050000e+03   1.0000000e+00   1.0000000e+01   7.0000000e+00   1.1000000e+01   1.5000000e+01  -5.3248729e+01  -3.8119592e+01   4.9915139e+02   1.3916260e+00   1.6540037e+00   0.0000000e+00
   2.0050000e+03   1.0000000e+00   1.0000000e+01   7.0000000e+00   1.2000000e+01   5.1000000e+01  -5.3253061e+01  -3.8118099e+01   4.9146615e+02   2.0997572e+00   6.6022365e+00   0.0000000e+00
   2.0050000e+03   1.0000000e+00   1.0000000e+01   7.0000000e+00   1.4000000e+01   2.8000000e+01  -5.3257481e+01  -3.8116581e+01   5.0148419e+02   2.2469920e+00   6.7397383e+00   0.0000000e+00
   2.0050000e+03   1.0000000e+00   1.0000000e+01   7.0000000e+00   1.6000000e+01   4.0000000e+00  -5.3261931e+01  -3.8115014e+01   5.0526989e+02   2.9149754e+00   7.5128484e+00   0.0000000e+00
   2.0050000e+03   1.0000000e+00   1.0000000e+01   7.0000000e+00   1.7000000e+01   3.8000000e+01  -5.3266258e+01  -3.8113591e+01   4.9005939e+02   1.9553693e+00   8.0226934e+00   0.0000000e+00
   2.0050000e+03   1.0000000e+00   1.0000000e+01   7.0000000e+00   1.9000000e+01   1.1000000e+01  -5.3270622e+01  -3.8112117e+01   4.9468511e+02   2.2618990e+00   8.4244770e+00   0.0000000e+00
   2.0050000e+03   1.0000000e+00   1.0000000e+01   7.0000000e+00   2.0000000e+01   4.8000000e+01  -5.3275129e+01  -3.8110610e+01   5.1076286e+02   3.7002057e+00   1.1101148e+01   0.0000000e+00
   2.0050000e+03   1.0000000e+00   1.0000000e+01   7.0000000e+00   2.2000000e+01   2.1000000e+01  -5.3279490e+01  -3.8109151e+01   4.9419096e+02   3.7410089e+00   8.7892535e+00   0.0000000e+00
   2.0050000e+03   1.0000000e+00   1.0000000e+01   7.0000000e+00   2.3000000e+01   5.4000099e+01  -5.3283820e+01  -3.8107673e+01   4.9101279e+02   3.6710126e+00   1.4467810e+01   0.0000000e+00
   2.0050000e+03   1.0000000e+00   1.0000000e+01   7.0000000e+00   2.5000000e+01   3.1000000e+01  -5.3288254e+01  -3.8106204e+01   5.0236428e+02   4.6058415e+00   1.4516483e+01   0.0000000e+00
   2.0050000e+03   1.0000000e+00   1.0000000e+01   7.0000000e+00   2.7000000e+01   7.0000000e+00  -5.3292702e+01  -3.8104673e+01   5.0461063e+02   2.2196398e+00   9.0459183e+00   0.0000000e+00
   2.0050000e+03   1.0000000e+00   1.0000000e+01   7.0000000e+00   2.8000000e+01   4.4000000e+01  -5.3297059e+01  -3.8103172e+01   4.9423089e+02   2.5606887e+00   7.4520934e+00   0.0000000e+00
   2.0050000e+03   1.0000000e+00   1.0000000e+01   7.0000000e+00   3.0000000e+01   2.0000000e+01  -5.3301451e+01  -3.8101652e+01   4.9846676e+02   1.8151008e+00   4.2618151e+00   0.0000000e+00
   2.0050000e+03   1.0000000e+00   1.0000000e+01   7.0000000e+00   3.1000000e+01   5.7000000e+01  -5.3305861e+01  -3.8100171e+01   4.9976760e+02   1.2373325e+00   5.1600953e+00   0.0000000e+00
   2.0050000e+03   1.0000000e+00   1.0000000e+01   7.0000000e+00   3.3000000e+01   3.3000000e+01  -5.3310272e+01  -3.8098674e+01   5.0010081e+02   1.3204545e+00   2.5216002e+00   0.0000000e+00
   2.0050000e+03   1.0000000e+00   1.0000000e+01   7.0000000e+00   3.5000000e+01   9.9999008e+00  -5.3314634e+01  -3.8097237e+01   4.9406435e+02   1.7832668e+00   5.2668289e+00   0.0000000e+00
   2.0050000e+03   1.0000000e+00   1.0000000e+01   7.0000000e+00   3.6000000e+01   4.6000000e+01  -5.3319098e+01  -3.8095821e+01   5.0480531e+02   1.7481097e+00   6.3714901e+00   0.0000000e+00
   2.0050000e+03   1.0000000e+00   1.0000000e+01   7.0000000e+00   3.8000000e+01   2.0000000e+01  -5.3323440e+01  -3.8094441e+01   4.9109644e+02   1.9816950e+00   6.6667530e+00   0.0000000e+00
   2.0050000e+03   1.0000000e+00   1.0000000e+01   7.0000000e+00   3.9000000e+01   5.3000000e+01  -5.3327739e+01  -3.8093073e+01   4.8631382e+02   1.3958362e+00   5.6885897e+00   0.0000000e+00
   2.0050000e+03   1.0000000e+00   1.0000000e+01   7.0000000e+00   4.1000000e+01   2.8999901e+01  -5.3332162e+01  -3.8091625e+01   5.0072950e+02   1.2090100e+00   1.5649570e+00   0.0000000e+00
   2.0050000e+03   1.0000000e+00   1.0000000e+01   7.0000000e+00   4.3000000e+01   6.0000000e+00  -5.3336583e+01  -3.8090189e+01   5.0049843e+02   1.8826038e+00   6.2494909e+00   0.0000000e+00
   2.0050000e+03   1.0000000e+00   1.0000000e+01   7.0000000e+00   4.4000000e+01   4.2000099e+01  -5.3341028e+01  -3.8088707e+01   5.0352902e+02   2.1979058e+00   4.6023676e+00   0.0000000e+00
   2.0050000e+03   1.0000000e+00   1.0000000e+01   7.0000000e+00   4.6000000e+01   1.9000000e+01  -5.3345539e+01  -3.8087302e+01   5.0988830e+02   1.4708177e+00   5.6413335e+00   0.0000000e+00
   2.0050000e+03   1.0000000e+00   1.0000000e+01   7.0000000e+00   4.7000000e+01   5.2000000e+01  -5.3349869e+01  -3.8085902e+01   4.9005545e+02   2.0103443e+00   7.3263197e+00   0.0000000e+00
   2.0050000e+03   1.0000000e+00   1.0000000e+01   7.0000000e+00   4.9000000e+01   2.6000000e+01  -5.3354161e+01  -3.8084522e+01   4.8563193e+02   1.4964347e+00   6.0985691e+00   0.0000000e+00
   2.0050000e+03   1.0000000e+00   1.0000000e+01   7.0000000e+00   5.1000000e+01   2.0000992e+00  -5.3358584e+01  -3.8083099e+01   5.0048018e+02   2.2100301e+00   5.1262884e+00   0.0000000e+00
   2.0050000e+03   1.0000000e+00   1.0000000e+01   7.0000000e+00   5.2000000e+01   3.9000000e+01  -5.3362972e+01  -3.8081618e+01   4.9736151e+02   2.2380594e+00   7.5529509e+00   0.0000000e+00
   2.0050000e+03   1.0000000e+00   1.0000000e+01   7.0000000e+00   5.4000000e+01   1.8000000e+01  -5.3367440e+01  -3.8080097e+01   5.0660726e+02   3.0071051e+00   8.5836207e+00   0.0000000e+00
   2.0050000e+03   1.0000000e+00   1.0000000e+01   7.0000000e+00   5.5000000e+01   5.8000099e+01  -5.3371958e+01  -3.8078597e+01   5.1177612e+02   8.8324398e-01   3.5995719e+00   0.0000000e+00
   2.0050000e+03   1.0000000e+00   1.0000000e+01   7.0000000e+00   5.7000000e+01   3.0999901e+01  -5.3376266e+01  -3.8077271e+01   4.8677552e+02   1.3190516e+00   5.3756620e+00   0.0000000e+00
   2.0050000e+03   1.0000000e+00   1.0000000e+01   7.0000000e+00   5.9000000e+01   4.0000000e+00  -5.3380600e+01  -3.8075959e+01   4.8934132e+02   1.8806221e+00   3.3897797e+00   0.0000000e+00
   2.0050000e+03   1.0000000e+00   1.0000000e+01   8.0000000e+00   0.0000000e+00   4.1000000e+01  -5.3385091e+01  -3.8074503e+01   5.0833168e+02   1.2498291e+00   4.7825566e+00   0.0000000e+00
   2.0050000e+03   1.0000000e+00   1.0000000e+01   8.0000000e+00   2.0000000e+00   1.7000099e+01  -5.3389457e+01  -3.8073105e+01   4.9392141e+02   1.9765217e+00   8.0551152e+00   0.0000000e+00
   2.0050000e+03   1.0000000e+00   1.0000000e+01   8.0000000e+00   3.0000000e+00   5.4000000e+01  -5.3393860e+01  -3.8071644e+01   4.9869052e+02   1.8699586e+00   6.1174321e+00   0.0000000e+00
   2.0050000e+03   1.0000000e+00   1.0000000e+01   8.0000000e+00   5.0000000e+00   3.0000099e+01  -5.3398338e+01  -3.8070167e+01   5.0714743e+02   1.4681264e+00   4.1735883e+00   0.0000000e+00
   2.0050000e+03   1.0000000e+00   1.0000000e+01   8.0000000e+00   7.0000000e+00   3.9999008e+00  -5.3402678e+01  -3.8068696e+01   4.9196703e+02   1.6415332e+00   6.1497086e+00   0.0000000e+00
   2.0050000e+03   1.0000000e+00   1.0000000e+01   8.0000000e+00   8.0000000e+00   3.7000000e+01  -5.3407036e+01  -3.8067218e+01   4.9404268e+02   1.8744768e+00   5.9053775e+00   0.0000000e+00
   2.0050000e+03   1.0000000e+00   1.0000000e+01   8.0000000e+00   1.0000000e+01   1.4000000e+01  -5.3411519e+01  -3.8065645e+01   5.0892307e+02   7.2354875e-01   2.2937421e+00   0.0000000e+00
   2.0050000e+03   1.0000000e+00   1.0000000e+01   8.0000000e+00   1.1000000e+01   4.7000000e+01  -5.3415860e+01  -3.8064147e+01   4.9249391e+02   9.5969328e-01   3.3507492e+00   0.0000000e+00
   2.0050000e+03   1.0000000e+00   1.0000000e+01   8.0000000e+00   1.3000000e+01   2.1000000e+01  -5.3420208e+01  -3.8062620e+01   4.9367300e+02   1.3135148e+00   5.1508914e+00   0.0000000e+00
   2.0050000e+03   1.0000000e+00   1.0000000e+01   8.0000000e+00   1.4000000e+01   5.7000000e+01  -5.3424668e+01  -3.8061079e+01   5.0591193e+02   1.7752288e+00   6.6890715e+00   0.0000000e+00
   2.0050000e+03   1.0000000e+00   1.0000000e+01   8.0000000e+00   1.6000000e+01   3.3000000e+01  -5.3429073e+01  -3.8059561e+01   4.9972761e+02   1.7562440e+00   8.3395214e+00   0.0000000e+00
   2.0050000e+03   1.0000000e+00   1.0000000e+01   8.0000000e+00   1.8000000e+01   1.0000000e+01  -5.3433488e+01  -3.8058163e+01   4.9922529e+02   1.3097570e+00   8.5650800e+00   0.0000000e+00
   2.0050000e+03   1.0000000e+00   1.0000000e+01   8.0000000e+00   1.9000000e+01   4.6000000e+01  -5.3437933e+01  -3.8056678e+01   5.0367495e+02   2.2301573e+00   1.1185089e+01   0.0000000e+00
   2.0050000e+03   1.0000000e+00   1.0000000e+01   8.0000000e+00   2.1000000e+01   2.0000000e+01  -5.3442233e+01  -3.8055232e+01   4.8734373e+02   2.1037017e+00   1.0938911e+01   0.0000000e+00
   2.0050000e+03   1.0000000e+00   1.0000000e+01   8.0000000e+00   2.2000000e+01   5.3000000e+01  -5.3446544e+01  -3.8053794e+01   4.8829923e+02   9.9619132e-01   9.0392223e+00   0.0000000e+00
   2.0050000e+03   1.0000000e+00   1.0000000e+01   8.0000000e+00   2.4000000e+01   3.0000000e+01  -5.3451019e+01  -3.8052347e+01   5.0647402e+02   1.3425911e+00   5.5207631e+00   0.0000000e+00
   2.0050000e+03   1.0000000e+00   1.0000000e+01   8.0000000e+00   2.6000000e+01   6.0000000e+00  -5.3455450e+01  -3.8050929e+01   5.0125537e+02   2.3564254e+00   9.6033745e+00   0.0000000e+00
   2.0050000e+03   1.0000000e+00   1.0000000e+01   8.0000000e+00   2.7000000e+01   4.2999901e+01  -5.3459872e+01  -3.8049530e+01   4.9995098e+02   3.5442131e+00   1.0924426e+01   0.0000000e+00
   2.0050000e+03   1.0000000e+00   1.0000000e+01   8.0000000e+00   2.9000000e+01   1.9000000e+01  -5.3464297e+01  -3.8048129e+01   5.0034031e+02   1.8180131e+00   6.9840518e+00   0.0000000e+00
   2.0050000e+03   1.0000000e+00   1.0000000e+01   8.0000000e+00   3.0000000e+01   5.6000099e+01  -5.3468750e+01  -3.8046674e+01   5.0410522e+02   1.8024930e+00   7.1302294e+00   0.0000000e+00
   2.0050000e+03   1.0000000e+00   1.0000000e+01   8.0000000e+00   3.2000000e+01   2.9000099e+01  -5.3473099e+01  -3.8045240e+01   4.9247826e+02   2.2198510e+00   7.8704235e+00   0.0000000e+00
   2.0050000e+03   1.0000000e+00   1.0000000e+01   8.0000000e+00   3.4000000e+01   1.9999008e+00  -5.3477464e+01  -3.8043883e+01   4.9331186e+02   2.3320348e+00   8.7636580e+00   0.0000000e+00
   2.0050000e+03   1.0000000e+00   1.0000000e+01   8.0000000e+00   3.5000000e+01   3.9000000e+01  -5.3481929e+01  -3.8042415e+01   5.0554845e+02   2.3292480e+00   7.4339207e+00   0.0000000e+00
   2.0050000e+03   1.0000000e+00   1.0000000e+01   8.0000000e+00   3.7000000e+01   1.2000000e+01  -5.3486266e+01  -3.8040980e+01   4.9113725e+02   2.5441631e+00   1.3150794e+01   0.0000000e+00
   2.0050000e+03   1.0000000e+00   1.0000000e+01   8.0000000e+00   3.8000000e+01   4.6000000e+01  -5.3490622e+01  -3.8039468e+01   4.9426115e+02   3.4574440e+00   1.1292876e+01   0.0000000e+00
   2.0050000e+03   1.0000000e+00   1.0000000e+01   8.0000000e+00   4.0000000e+01   2.2000000e+01  -5.3495063e+01  -3.8037945e+01   5.0369836e+02   2.6616926e+00   7.5986292e+00   0.0000000e+00
   2.0050000e+03   1.0000000e+00   1.0000000e+01   8.0000000e+00   4.1000000e+01   5.9000000e+01  -5.3499530e+01  -3.8036546e+01   5.0486894e+02   3.9230261e+00   8.3547271e+00   0.0000000e+00
   2.0050000e+03   1.0000000e+00   1.0000000e+01   8.0000000e+00   4.3000000e+01   3.2000000e+01  -5.3503861e+01  -3.8035113e+01   4.9054746e+02   2.5754899e+00   6.3805891e+00   0.0000000e+00
   2.0050000e+03   1.0000000e+00   1.0000000e+01   8.0000000e+00   4.5000000e+01   6.0000000e+00  -5.3508208e+01  -3.8033667e+01   4.9237340e+02   1.7754454e+00   2.0913447e+00   0.0000000e+00
   2.0050000e+03   1.0000000e+00   1.0000000e+01   8.0000000e+00   4.6000000e+01   4.2000000e+01  -5.3512630e+01  -3.8032141e+01   5.0164227e+02   2.6205368e+00   6.2562957e+00   0.0000000e+00
   2.0050000e+03   1.0000000e+00   1.0000000e+01   8.0000000e+00   4.8000000e+01   1.9000000e+01  -5.3517069e+01  -3.8030661e+01   5.0284610e+02   3.2543614e+00   1.1812252e+01   0.0000000e+00
   2.0050000e+03   1.0000000e+00   1.0000000e+01   8.0000000e+00   4.9000000e+01   5.2000099e+01  -5.3521434e+01  -3.8029139e+01   4.9535218e+02   3.0912306e+00   8.9884234e+00   0.0000000e+00
   2.0050000e+03   1.0000000e+00   1.0000000e+01   8.0000000e+00   5.1000000e+01   2.5000000e+01  -5.3525844e+01  -3.8027564e+01   5.0091146e+02   4.0750118e+00   1.4085741e+01   0.0000000e+00
   2.0050000e+03   1.0000000e+00   1.0000000e+01   8.0000000e+00   5.2000000e+01   5.9000099e+01  -5.3530226e+01  -3.8025995e+01   4.9789883e+02   4.5495004e+00   7.5781126e+00   0.0000000e+00
   2.0050000e+03   1.0000000e+00   1.0000000e+01   8.0000000e+00   5.4000000e+01   3.1999901e+01  -5.3534551e+01  -3.8024529e+01   4.9021829e+02   2.0701838e+00   6.0628149e+00   0.0000000e+00
   2.0050000e+03   1.0000000e+00   1.0000000e+01   8.0000000e+00   5.6000000e+01   9.0000000e+00  -5.3539011e+01  -3.8023008e+01   5.0572895e+02   1.5314078e+00   3.2560843e+00   0.0000000e+00
   2.0050000e+03   1.0000000e+00   1.0000000e+01   8.0000000e+00   5.7000000e+01   4.2000000e+01  -5.3543397e+01  -3.8021569e+01   4.9652563e+02   2.0696670e+00   5.7359580e+00   0.0000000e+00
   2.0050000e+03   1.0000000e+00   1.0000000e+01   8.0000000e+00   5.9000000e+01   1.6000000e+01  -5.3547823e+01  -3.8020144e+01   5.0072799e+02   2.1153449e+00   2.8698796e+00   0.0000000e+00
   2.0050000e+03   1.0000000e+00   1.0000000e+01   9.0000000e+00   0.0000000e+00   4.9000000e+01  -5.3552264e+01  -3.8018750e+01   5.0197459e+02   1.6772669e+00   5.2785843e+00   0.0000000e+00
   2.0050000e+03   1.0000000e+00   1.0000000e+01   9.0000000e+00   2.0000000e+00   2.3000099e+01  -5.3556661e+01  -3.8017351e+01   4.9724049e+02   1.1183036e+01   4.0012733e+01   0.0000000e+00
   2.0050000e+03   1.0000000e+00   1.0000000e+01   9.0000000e+00   3.0000000e+00   5.9000000e+01  -5.3561108e+01  -3.8015973e+01   5.0246636e+02   1.7709642e+01   5.9929520e+01   0.0000000e+00
   2.0050000e+03   1.0000000e+00   1.0000000e+01   9.0000000e+00   5.0000000e+00   3.2000000e+01  -5.3565438e+01  -3.8014551e+01   4.9023437e+02   6.5437984e+00   1.0684645e+01   0.0000000e+00
   2.0050000e+03   1.0000000e+00   1.0000000e+01   9.0000000e+00   7.0000000e+00   6.0000000e+00  -5.3569811e+01  -3.8013163e+01   4.9449682e+02   7.0709046e+00   1.5174472e+01   0.0000000e+00
   2.0050000e+03   1.0000000e+00   1.0000000e+01   9.0000000e+00   8.0000000e+00   4.2000099e+01  -5.3574236e+01  -3.8011725e+01   5.0072829e+02   1.1321530e+01   4.3513838e+01   0.0000000e+00
   2.0050000e+03   1.0000000e+00   1.0000000e+01   9.0000000e+00   1.0000000e+01   1.9000000e+01  -5.3578687e+01  -3.8010306e+01   5.0334083e+02   5.2383923e+00   1.7279520e+01   0.0000000e+00
   2.0050000e+03   1.0000000e+00   1.0000000e+01   9.0000000e+00   1.1000000e+01   5.5000000e+01  -5.3583073e+01  -3.8008864e+01   4.9663587e+02   2.4642795e+01   9.6498844e+01   0.0000000e+00
   2.0050000e+03   1.0000000e+00   1.0000000e+01   9.0000000e+00   1.3000000e+01   3.2000000e+01  -5.3587559e+01  -3.8007468e+01   5.0691035e+02   3.9657841e+01   1.6192011e+02   1.4879701e+01
   2.0050000e+03   1.0000000e+00   1.0000000e+01   9.0000000e+00   1.5000000e+01   8.0000000e+00  -5.3592020e+01  -3.8006051e+01   5.0440786e+02   6.9704353e+00   1.1589281e+01   0.0000000e+00
   2.0050000e+03   1.0000000e+00   1.0000000e+01   9.0000000e+00   1.6000000e+01   4.7000000e+01  -5.3596550e+01  -3.8004664e+01   5.1168532e+02   1.2096882e+01   2.0901041e+01   0.0000000e+00
   2.0050000e+03   1.0000000e+00   1.0000000e+01   9.0000000e+00   1.8000000e+01   2.0000000e+01  -5.3600867e+01  -3.8003304e+01   4.8799229e+02   1.0305415e+01   2.4572656e+01   1.0210140e+00
   2.0050000e+03   1.0000000e+00   1.0000000e+01   9.0000000e+00   1.9000000e+01   5.0000000e+01  -5.3605048e+01  -3.8001952e+01   4.7304242e+02   1.1853929e+01   3.6927930e+01   1.3069986e+01
   2.0050000e+03   1.0000000e+00   1.0000000e+01   9.0000000e+00   2.1000000e+01   2.5000000e+01  -5.3609488e+01  -3.8000683e+01   5.0038363e+02   7.9319693e+01   3.3607826e+02   8.0863253e+01
   2.0050000e+03   1.0000000e+00   1.0000000e+01   9.0000000e+00   2.2000000e+01   3.4999901e+01  -5.3612751e+01  -3.7999642e+01   3.6905448e+02   7.9470090e+00   3.1221617e+01   0.0000000e+00
   2.0050000e+03   1.0000000e+00   1.0000000e+01   9.0000000e+00   2.4000000e+01   3.9000000e+01  -5.3618424e+01  -3.7997760e+01   6.4247539e+02   0.0000000e+00   0.0000000e+00   0.0000000e+00
   2.0050000e+03   1.0000000e+00   1.0000000e+01   9.0000000e+00   2.6000000e+01   2.3000000e+01  -5.3623151e+01  -3.7996224e+01   5.3491303e+02   2.0240176e+00   8.5385057e+00   0.0000000e+00
   2.0050000e+03   1.0000000e+00   1.0000000e+01   9.0000000e+00   2.7000000e+01   5.1000000e+01  -5.3627188e+01  -3.7994851e+01   4.5768136e+02   8.5724988e+00   2.3931719e+01   0.0000000e+00
   2.0050000e+03   1.0000000e+00   1.0000000e+01   9.0000000e+00   2.9000000e+01   2.8000000e+01  -5.3631676e+01  -3.7993381e+01   5.0802227e+02   5.1407979e+00   1.3678888e+01   0.0000000e+00
   2.0050000e+03   1.0000000e+00   1.0000000e+01   9.0000000e+00   3.1000000e+01   3.0000000e+00  -5.3636054e+01  -3.7991930e+01   4.9577801e+02   2.5134143e+00   9.1849955e+00   0.0000000e+00
   2.0050000e+03   1.0000000e+00   1.0000000e+01   9.0000000e+00   3.2000000e+01   4.0000000e+01  -5.3640440e+01  -3.7990419e+01   4.9735289e+02   1.6381671e+00   6.4575079e+00   0.0000000e+00
   2.0050000e+03   1.0000000e+00   1.0000000e+01   9.0000000e+00   3.4000000e+01   1.7000000e+01  -5.3644574e+01  -3.7987498e+01   4.9815084e+02   2.5975530e+00   8.8299283e+00   0.0000000e+00
   2.0050000e+03   1.0000000e+00   1.0000000e+01   9.0000000e+00   3.5000000e+01   5.5000000e+01  -5.3648543e+01  -3.7983990e+01   4.9786634e+02   2.9496175e+00   1.0008739e+01   1.2395288e-01
   2.0050000e+03   1.0000000e+00   1.0000000e+01   9.0000000e+00   3.7000000e+01   3.3000000e+01  -5.3652456e+01  -3.7980300e+01   4.9807880e+02   2.0797547e+00   6.6107989e+00   0.0000000e+00
   2.0050000e+03   1.0000000e+00   1.0000000e+01   9.0000000e+00   3.9000000e+01   9.0000000e+00  -5.3656315e+01  -3.7976516e+01   4.9601317e+02   1.8914009e+02   7.5661354e+02   9.3451645e+01
   2.0050000e+03   1.0000000e+00   1.0000000e+01   9.0000000e+00   4.0000000e+01   4.6000000e+01  -5.3660191e+01  -3.7972738e+01   4.9736133e+02   4.5196170e+00   1.2728893e+01   0.0000000e+00
   2.0050000e+03   1.0000000e+00   1.0000000e+01   9.0000000e+00   4.2000000e+01   2.3000000e+01  -5.3664065e+01  -3.7968903e+01   4.9908636e+02   3.0355304e+00   1.0685697e+01   0.0000000e+00
   2.0050000e+03   1.0000000e+00   1.0000000e+01   9.0000000e+00   4.3000000e+01   5.9000000e+01  -5.3667935e+01  -3.7965071e+01   4.9858347e+02   5.3268518e+00   1.8734024e+01   0.0000000e+00
   2.0050000e+03   1.0000000e+00   1.0000000e+01   9.0000000e+00   4.5000000e+01   3.5000000e+01  -5.3671771e+01  -3.7961198e+01   4.9671095e+02   3.0790274e+00   1.2548266e+01   0.0000000e+00
   2.0050000e+03   1.0000000e+00   1.0000000e+01   9.0000000e+00   4.7000000e+01   1.3000000e+01  -5.3675682e+01  -3.7957358e+01   5.0272734e+02   2.3339395e+00   9.5117353e+00   0.0000000e+00
   2.0050000e+03   1.0000000e+00   1.0000000e+01   9.0000000e+00   4.8000000e+01   5.1000000e+01  -5.3679909e+01  -3.7954670e+01   5.0194591e+02   1.4483259e+00   5.9025062e+00   0.0000000e+00
   2.0050000e+03   1.0000000e+00   1.0000000e+01   9.0000000e+00   5.0000000e+01   2.9000000e+01  -5.3684334e+01  -3.7954087e+01   4.9314224e+02   2.7039978e+00   1.0103815e+01   0.0000000e+00
   2.0050000e+03   1.0000000e+00   1.0000000e+01   9.0000000e+00   5.2000000e+01   7.0000000e+00  -5.3688829e+01  -3.7953976e+01   4.9959986e+02   1.3130354e+00   3.4337231e+00   0.0000000e+00
   2.0050000e+03   1.0000000e+00   1.0000000e+01   9.0000000e+00   5.3000000e+01   4.3000000e+01  -5.3693281e+01  -3.7954560e+01   4.9618860e+02   1.7885768e+00   7.2891647e+00   0.0000000e+00
   2.0050000e+03   1.0000000e+00   1.0000000e+01   9.0000000e+00   5.5000000e+01   1.9000000e+01  -5.3697764e+01  -3.7955172e+01   4.9976087e+02   1.0147593e+01   3.5414431e+01   0.0000000e+00
   2.0050000e+03   1.0000000e+00   1.0000000e+01   9.0000000e+00   5.6000000e+01   5.5000000e+01  -5.3702215e+01  -3.7955700e+01   4.9580038e+02   1.6802190e+01   6.8475633e+01   0.0000000e+00
   2.0050000e+03   1.0000000e+00   1.0000000e+01   9.0000000e+00   5.8000000e+01   3.1000000e+01  -5.3706692e+01  -3.7956243e+01   4.9875464e+02   3.9993509e+00   1.3492421e+01   0.0000000e+00
   2.0050000e+03   1.0000000e+00   1.0000000e+01   1.0000000e+01   0.0000000e+00   7.0000000e+00  -5.3711202e+01  -3.7956796e+01   5.0254216e+02   2.6570840e+00   8.3463437e+00   5.8533685e-01
   2.0050000e+03   1.0000000e+00   1.0000000e+01   1.0000000e+01   1.0000000e+00   4.2000000e+01  -5.3715668e+01  -3.7957283e+01   4.9725553e+02   2.8472793e+00   1.1168817e+01   0.0000000e+00
   2.0050000e+03   1.0000000e+00   1.0000000e+01   1.0000000e+01   3.0000000e+00   1.7000000e+01  -5.3720139e+01  -3.7957749e+01   4.9778842e+02   3.3229241e+00   1.3161316e+01   5.2904602e-01
   2.0050000e+03   1.0000000e+00   1.0000000e+01   1.0000000e+01   4.0000000e+00   5.2000000e+01  -5.3724633e+01  -3.7958154e+01   5.0008349e+02   2.4446974e+00   5.3928572e+00   0.0000000e+00
   2.0050000e+03   1.0000000e+00   1.0000000e+01   1.0000000e+01   6.0000000e+00   2.8000000e+01  -5.3729126e+01  -3.7958437e+01   4.9954311e+02   3.6176408e+00   5.4849484e+00   0.0000000e+00
   2.0050000e+03   1.0000000e+00   1.0000000e+01   1.0000000e+01   8.0000000e+00   5.0000000e+00  -5.3733620e+01  -3.7957823e+01   5.0103739e+02   4.7343072e+00   8.8482280e+00   0.0000000e+00
   2.0050000e+03   1.0000000e+00   1.0000000e+01   1.0000000e+01   9.0000000e+00   4.1000000e+01  -5.3737975e+01  -3.7956213e+01   4.9540709e+02   3.6654534e+02   1.4852777e+03   9.0635670e+02
   2.0050000e+03   1.0000000e+00   1.0000000e+01   1.0000000e+01   1.1000000e+01   1.7000000e+01  -5.3742354e+01  -3.7954670e+01   4.9695337e+02   2.3549472e+02   9.8853398e+02   5.8492103e+02
   2.0050000e+03   1.0000000e+00   1.0000000e+01   1.0000000e+01   1.2000000e+01   5.3000000e+01  -5.3746751e+01  -3.7953049e+01   5.0009231e+02   2.9372189e+01   1.1990580e+02   0.0000000e+00
   2.0050000e+03   1.0000000e+00   1.0000000e+01   1.0000000e+01   1.4000000e+01   2.8000000e+01  -5.3750938e+01  -3.7950470e+01   4.9515918e+02   2.9514038e+01   1.1418070e+02   3.5987240e+00
   2.0050000e+03   1.0000000e+00   1.0000000e+01   1.0000000e+01   1.6000000e+01   3.0000000e+00  -5.3754936e+01  -3.7946930e+01   5.0151576e+02   1.7885726e+01   5.7830789e+01   1.2894278e+00
   2.0050000e+03   1.0000000e+00   1.0000000e+01   1.0000000e+01   1.7000000e+01   3.7000000e+01  -5.3758802e+01  -3.7943166e+01   4.9567270e+02   5.7848729e+02   3.2200668e+03   0.0000000e+00
   2.0050000e+03   1.0000000e+00   1.0000000e+01   1.0000000e+01   1.9000000e+01   1.1000000e+01  -5.3762656e+01  -3.7939385e+01   4.9505490e+02   4.9134859e+02   1.9973804e+03   9.6599170e+02
   2.0050000e+03   1.0000000e+00   1.0000000e+01   1.0000000e+01   2.0000000e+01   4.4000000e+01  -5.3766560e+01  -3.7935532e+01   5.0220096e+02   1.0650118e+01   3.1748674e+01   0.0000000e+00
   2.0050000e+03   1.0000000e+00   1.0000000e+01   1.0000000e+01   2.2000000e+01   1.6000000e+01  -5.3770421e+01  -3.7931632e+01   4.9969287e+02   6.1459267e+00   2.4481207e+01   0.0000000e+00
   2.0050000e+03   1.0000000e+00   1.0000000e+01   1.0000000e+01   2.3000000e+01   4.7000000e+01  -5.3774139e+01  -3.7927818e+01   4.8316381e+02   7.2623131e+00   2.0539229e+01   4.4619521e-01
   2.0050000e+03   1.0000000e+00   1.0000000e+01   1.0000000e+01   2.5000000e+01   1.0000000e+00  -5.3777178e+01  -3.7924752e+01   3.9315590e+02   0.0000000e+00   0.0000000e+00   0.0000000e+00
   2.0050000e+03   1.0000000e+00   1.0000000e+01   1.0000000e+01   2.7000000e+01   1.9000000e+01  -5.3783179e+01  -3.7919994e+01   7.3637332e+02   1.5032609e+01   5.7805324e+01   0.0000000e+00
   2.0050000e+03   1.0000000e+00   1.0000000e+01   1.0000000e+01   2.8000000e+01   3.1000000e+01  -5.3786372e+01  -3.7917796e+01   3.8305840e+02   3.3151379e+01   1.3587179e+02   8.6336240e+01
   2.0050000e+03   1.0000000e+00   1.0000000e+01   1.0000000e+01   3.0000000e+01   4.9999008e+00  -5.3790675e+01  -3.7915526e+01   5.0076114e+02   5.4097243e+02   2.2068971e+03   1.0699602e+02
   2.0050000e+03   1.0000000e+00   1.0000000e+01   1.0000000e+01   3.1000000e+01   3.9000000e+01  -5.3795057e+01  -3.7913888e+01   4.9866223e+02   1.0536994e+03   4.2942459e+03   2.9128776e+03
   2.0050000e+03   1.0000000e+00   1.0000000e+01   1.0000000e+01   3.3000000e+01   1.2000000e+01  -5.3799469e+01  -3.7912711e+01   4.9635408e+02   2.6520568e+01   1.1186459e+02   0.0000000e+00
   2.0050000e+03   1.0000000e+00   1.0000000e+01   1.0000000e+01   3.4000000e+01   4.5000000e+01  -5.3803926e+01  -3.7912989e+01   4.9554119e+02   6.7444394e+00   3.0528364e+01   0.0000000e+00
   2.0050000e+03   1.0000000e+00   1.0000000e+01   1.0000000e+01   3.6000000e+01   1.8000000e+01  -5.3808392e+01  -3.7913778e+01   4.9898258e+02   1.3164458e+02   5.4614515e+02   3.6870587e+02
   2.0050000e+03   1.0000000e+00   1.0000000e+01   1.0000000e+01   3.7000000e+01   5.3000000e+01  -5.3812842e+01  -3.7914807e+01   4.9903144e+02   3.8029662e+01   1.5571873e+02   1.1403223e+02
   2.0050000e+03   1.0000000e+00   1.0000000e+01   1.0000000e+01   3.9000000e+01   2.8000099e+01  -5.3817288e+01  -3.7915819e+01   4.9854268e+02   1.2129998e+01   3.9726774e+01   3.4639730e-01
   2.0050000e+03   1.0000000e+00   1.0000000e+01   1.0000000e+01   4.1000000e+01   4.0000000e+00  -5.3821758e+01  -3.7916846e+01   5.0122069e+02   5.6266890e+03   2.2923676e+04   2.0943555e+04
   2.0050000e+03   1.0000000e+00   1.0000000e+01   1.0000000e+01   4.2000000e+01   4.0000000e+01  -5.3826235e+01  -3.7917882e+01   5.0207848e+02   3.7062317e+03   1.5076349e+04   1.5000347e+04
   2.0050000e+03   1.0000000e+00   1.0000000e+01   1.0000000e+01   4.4000000e+01   1.5000099e+01  -5.3830695e+01  -3.7918945e+01   5.0051514e+02   3.8785390e+03   1.5804103e+04   1.4954547e+04
   2.0050000e+03   1.0000000e+00   1.0000000e+01   1.0000000e+01   4.5000000e+01   4.9999901e+01  -5.3835156e+01  -3.7919409e+01   4.9665504e+02   1.0310568e+03   4.1999772e+03   3.3248024e+03
   2.0050000e+03   1.0000000e+00   1.0000000e+01   1.0000000e+01   4.7000000e+01   2.5000000e+01  -5.3839594e+01  -3.7919978e+01   4.9457716e+02   1.0599683e+01   3.3172364e+01   0.0000000e+00
   2.0050000e+03   1.0000000e+00   1.0000000e+01   1.0000000e+01   4.9000000e+01   1.0000000e+00  -5.3844062e+01  -3.7920382e+01   4.9710993e+02   2.7325886e+00   1.1136390e+01   0.0000000e+00
   2.0050000e+03   1.0000000e+00   1.0000000e+01   1.0000000e+01   5.0000000e+01   3.8000000e+01  -5.3848547e+01  -3.7920437e+01   4.9839268e+02   5.0963655e+00   1.8108952e+01   1.8720418e+00
   2.0050000e+03   1.0000000e+00   1.0000000e+01   1.0000000e+01   5.2000000e+01   1.5000000e+01  -5.3852948e+01  -3.7919017e+01   4.9787830e+02   8.1907696e+02   2.9026549e+03   2.8253202e+03
   2.0050000e+03   1.0000000e+00   1.0000000e+01   1.0000000e+01   5.3000000e+01   5.1000000e+01  -5.3857390e+01  -3.7917559e+01   5.0268370e+02   3.0859393e+02   9.3185641e+02   2.4943922e+02
   2.0050000e+03   1.0000000e+00   1.0000000e+01   1.0000000e+01   5.5000000e+01   2.5000000e+01  -5.3861787e+01  -3.7916017e+01   4.9904868e+02   4.4492938e+01   1.1491328e+02   0.0000000e+00
   2.0050000e+03   1.0000000e+00   1.0000000e+01   1.0000000e+01   5.6000000e+01   5.9000000e+01  -5.3866143e+01  -3.7914495e+01   4.9412143e+02   1.5529716e+01   5.0794741e+01   0.0000000e+00
   2.0050000e+03   1.0000000e+00   1.0000000e+01   1.0000000e+01   5.8000000e+01   3.4000000e+01  -5.3870535e+01  -3.7912912e+01   4.9895946e+02   1.8398255e+01   5.0921694e+01   0.0000000e+00
   2.0050000e+03   1.0000000e+00   1.0000000e+01   1.1000000e+01   0.0000000e+00   7.0000000e+00  -5.3874921e+01  -3.7911340e+01   4.9809741e+02   7.1152947e+00   2.7497932e+01   0.0000000e+00
   2.0050000e+03   1.0000000e+00   1.0000000e+01   1.1000000e+01   1.0000000e+00   4.1000000e+01  -5.3879325e+01  -3.7909809e+01   4.9953509e+02   7.7457284e+00   9.8784251e+00   0.0000000e+00
   2.0050000e+03   1.0000000e+00   1.0000000e+01   1.1000000e+01   3.0000000e+00   1.8000000e+01  -5.3883708e+01  -3.7908299e+01   4.9698675e+02   2.2873824e+00   8.1470742e+00   0.0000000e+00
   2.0050000e+03   1.0000000e+00   1.0000000e+01   1.1000000e+01   4.0000000e+00   5.8000000e+01  -5.3888117e+01  -3.7906674e+01   5.0137167e+02   1.3984151e+00   5.2897009e+00   0.0000000e+00
