   2.0050000e+03   1.0000000e+00   7.0000000e+00   8.0000000e+00   3.1000000e+01   3.5000000e+01  -5.3288555e+01  -3.9038191e+01   4.9887315e+02   2.3038000e+00   9.3889051e+00   0.0000000e+00
   2.0050000e+03   1.0000000e+00   7.0000000e+00   8.0000000e+00   3.3000000e+01   1.2000000e+01  -5.3292963e+01  -3.9036689e+01   4.9985415e+02   2.5829959e+00   8.5941831e+00   0.0000000e+00
   2.0050000e+03   1.0000000e+00   7.0000000e+00   8.0000000e+00   3.4000000e+01   4.7000000e+01  -5.3297349e+01  -3.9035256e+01   4.9657280e+02   1.8727592e+00   7.6322414e+00   0.0000000e+00
   2.0050000e+03   1.0000000e+00   7.0000000e+00   8.0000000e+00   3.6000000e+01   2.4000000e+01  -5.3301743e+01  -3.9033793e+01   4.9783735e+02   2.2904105e+00   7.2106876e+00   0.0000000e+00
   2.0050000e+03   1.0000000e+00   7.0000000e+00   8.0000000e+00   3.8000000e+01   2.0000992e+00  -5.3306178e+01  -3.9032419e+01   5.0118951e+02   2.0597312e+00   5.6058555e+00   0.0000000e+00
   2.0050000e+03   1.0000000e+00   7.0000000e+00   8.0000000e+00   3.9000000e+01   3.9000000e+01  -5.3310598e+01  -3.9031129e+01   4.9854898e+02   3.8557001e+00   1.5790313e+01   0.0000000e+00
   2.0050000e+03   1.0000000e+00   7.0000000e+00   8.0000000e+00   4.1000000e+01   1.5000000e+01  -5.3315020e+01  -3.9029783e+01   4.9947963e+02   3.8061882e+00   7.1623796e+00   0.0000000e+00
   2.0050000e+03   1.0000000e+00   7.0000000e+00   8.0000000e+00   4.2000000e+01   5.2000000e+01  -5.3319431e+01  -3.9028475e+01   4.9767975e+02   1.2407710e+01   2.9050810e+01   1.9213833e+00
   2.0050000e+03   1.0000000e+00   7.0000000e+00   8.0000000e+00   4.4000000e+01   2.9000000e+01  -5.3323824e+01  -3.9027180e+01   4.9570348e+02   2.8633467e+00   1.2566753e+01   0.0000000e+00
   2.0050000e+03   1.0000000e+00   7.0000000e+00   8.0000000e+00   4.6000000e+01   7.0000000e+00  -5.3328291e+01  -3.9025856e+01   5.0404522e+02   2.8666603e+00   1.1763416e+01   0.0000000e+00
   2.0050000e+03   1.0000000e+00   7.0000000e+00   8.0000000e+00   4.7000000e+01   4.4000099e+01  -5.3332660e+01  -3.9024488e+01   4.9395643e+02   1.5504880e+00   6.0185922e+00   0.0000000e+00
   2.0050000e+03   1.0000000e+00   7.0000000e+00   8.0000000e+00   4.9000000e+01   2.0000000e+01  -5.3337062e+01  -3.9023130e+01   4.9736317e+02   2.3823834e+00   9.7091638e+00   0.0000000e+00
   2.0050000e+03   1.0000000e+00   7.0000000e+00   8.0000000e+00   5.0000000e+01   5.7000000e+01  -5.3341512e+01  -3.9021748e+01   5.0292309e+02   2.6120556e+00   1.0918613e+01   0.0000000e+00
   2.0050000e+03   1.0000000e+00   7.0000000e+00   8.0000000e+00   5.2000000e+01   3.1999901e+01  -5.3345872e+01  -3.9020390e+01   4.9282373e+02   5.0530555e+00   1.7274165e+01   0.0000000e+00
   2.0050000e+03   1.0000000e+00   7.0000000e+00   8.0000000e+00   5.4000000e+01   7.0000000e+00  -5.3350277e+01  -3.9018984e+01   4.9820765e+02   3.6538147e+00   1.4990869e+01   1.7192828e+00
   2.0050000e+03   1.0000000e+00   7.0000000e+00   8.0000000e+00   5.5000000e+01   4.4000000e+01  -5.3354736e+01  -3.9017508e+01   5.0511989e+02   1.8269982e+00   6.9969964e+00   0.0000000e+00
   2.0050000e+03   1.0000000e+00   7.0000000e+00   8.0000000e+00   5.7000000e+01   2.1000000e+01  -5.3359147e+01  -3.9016062e+01   4.9938579e+02   2.5548365e+00   1.0411979e+01   0.0000000e+00
   2.0050000e+03   1.0000000e+00   7.0000000e+00   8.0000000e+00   5.8000000e+01   5.7000000e+01  -5.3363504e+01  -3.9014625e+01   4.9342839e+02   4.2492964e+00   1.8267683e+01   0.0000000e+00
   2.0050000e+03   1.0000000e+00   7.0000000e+00   9.0000000e+00   0.0000000e+00   3.6000000e+01  -5.3367902e+01  -3.9013220e+01   4.9759334e+02   4.5317250e+00   1.7067389e+01   0.0000000e+00
   2.0050000e+03   1.0000000e+00   7.0000000e+00   9.0000000e+00   2.0000000e+00   1.4000099e+01  -5.3372354e+01  -3.9011781e+01   5.0382167e+02   1.6845209e+00   7.1102749e+00   0.0000000e+00
   2.0050000e+03   1.0000000e+00   7.0000000e+00   9.0000000e+00   3.0000000e+00   5.0000000e+01  -5.3376815e+01  -3.9010367e+01   5.0447636e+02   1.5365690e+00   6.2621320e+00   0.0000000e+00
   2.0050000e+03   1.0000000e+00   7.0000000e+00   9.0000000e+00   5.0000000e+00   2.6000099e+01  -5.3381215e+01  -3.9009023e+01   4.9698442e+02   3.2677207e+02   1.3301588e+03   1.2671231e+03
   2.0050000e+03   1.0000000e+00   7.0000000e+00   9.0000000e+00   7.0000000e+00   9.9990082e-01  -5.3385581e+01  -3.9007792e+01   4.9191642e+02   6.9078499e-01   2.2198549e+00   0.0000000e+00
   2.0050000e+03   1.0000000e+00   7.0000000e+00   9.0000000e+00   8.0000000e+00   3.8000000e+01  -5.3390021e+01  -3.9006527e+01   5.0049097e+02   1.8527874e+00   5.0952153e+00   0.0000000e+00
   2.0050000e+03   1.0000000e+00   7.0000000e+00   9.0000000e+00   1.0000000e+01   1.4000099e+01  -5.3394456e+01  -3.9005271e+01   4.9981373e+02   2.1172539e+00   7.3216021e+00   0.0000000e+00
   2.0050000e+03   1.0000000e+00   7.0000000e+00   9.0000000e+00   1.1000000e+01   5.1000000e+01  -5.3398882e+01  -3.9003988e+01   4.9909369e+02   3.0650573e+00   1.2051389e+01   0.0000000e+00
   2.0050000e+03   1.0000000e+00   7.0000000e+00   9.0000000e+00   1.3000000e+01   2.9000099e+01  -5.3403326e+01  -3.9002686e+01   5.0123966e+02   1.8246968e+00   6.0139039e+00   0.0000000e+00
   2.0050000e+03   1.0000000e+00   7.0000000e+00   9.0000000e+00   1.5000000e+01   6.0000000e+00  -5.3407706e+01  -3.9001398e+01   4.9413255e+02   2.1914526e+00   7.8141705e+00   0.0000000e+00
   2.0050000e+03   1.0000000e+00   7.0000000e+00   9.0000000e+00   1.6000000e+01   4.2000099e+01  -5.3412147e+01  -3.9000082e+01   5.0119772e+02   1.6464733e+00   4.8580640e+00   0.0000000e+00
   2.0050000e+03   1.0000000e+00   7.0000000e+00   9.0000000e+00   1.8000000e+01   1.9000000e+01  -5.3416566e+01  -3.8998768e+01   4.9868801e+02   5.2933184e+00   2.2636764e+01   9.6418384e+00
   2.0050000e+03   1.0000000e+00   7.0000000e+00   9.0000000e+00   1.9000000e+01   5.6000000e+01  -5.3420970e+01  -3.8997489e+01   4.9665114e+02   2.2560364e+01   9.1942494e+01   3.4094110e+01
   2.0050000e+03   1.0000000e+00   7.0000000e+00   9.0000000e+00   2.1000000e+01   3.4000000e+01  -5.3425471e+01  -3.8996155e+01   5.0789630e+02   2.4052412e+00   9.3014520e+00   0.0000000e+00
   2.0050000e+03   1.0000000e+00   7.0000000e+00   9.0000000e+00   2.3000000e+01   1.2000000e+01  -5.3429911e+01  -3.8994844e+01   5.0089949e+02   5.0576705e+02   2.0593416e+03   1.2303975e+03
   2.0050000e+03   1.0000000e+00   7.0000000e+00   9.0000000e+00   2.4000000e+01   5.0000000e+01  -5.3434290e+01  -3.8993567e+01   4.9391093e+02   7.1682576e+02   2.9310524e+03   2.7729378e+03
   2.0050000e+03   1.0000000e+00   7.0000000e+00   9.0000000e+00   2.6000000e+01   2.7000000e+01  -5.3438744e+01  -3.8992273e+01   5.0226252e+02   5.2534151e+00   1.9962183e+01   0.0000000e+00
   2.0050000e+03   1.0000000e+00   7.0000000e+00   9.0000000e+00   2.8000000e+01   3.0000000e+00  -5.3443164e+01  -3.8990895e+01   4.9949351e+02   5.6522926e+00   9.4874077e+00   0.0000000e+00
   2.0050000e+03   1.0000000e+00   7.0000000e+00   9.0000000e+00   2.9000000e+01   4.1000000e+01  -5.3447573e+01  -3.8989506e+01   4.9853572e+02   3.2974624e+00   1.4003107e+01   0.0000000e+00
   2.0050000e+03   1.0000000e+00   7.0000000e+00   9.0000000e+00   3.1000000e+01   1.9000000e+01  -5.3451979e+01  -3.8988105e+01   4.9830835e+02   6.8640080e+00   1.6904659e+01   0.0000000e+00
   2.0050000e+03   1.0000000e+00   7.0000000e+00   9.0000000e+00   3.2000000e+01   5.6000000e+01  -5.3456368e+01  -3.8986735e+01   4.9604603e+02   4.6975155e+00   1.0133985e+01   0.0000000e+00
   2.0050000e+03   1.0000000e+00   7.0000000e+00   9.0000000e+00   3.4000000e+01   3.3000000e+01  -5.3460721e+01  -3.8985363e+01   4.9218616e+02   1.9217172e+00   8.0148799e+00   0.0000000e+00
   2.0050000e+03   1.0000000e+00   7.0000000e+00   9.0000000e+00   3.6000000e+01   1.1000000e+01  -5.3465146e+01  -3.8983963e+01   5.0028083e+02   3.1111831e+00   5.2958779e+00   0.0000000e+00
   2.0050000e+03   1.0000000e+00   7.0000000e+00   9.0000000e+00   3.7000000e+01   4.9000099e+01  -5.3469569e+01  -3.8982538e+01   5.0046750e+02   2.9138709e+00   5.6243252e+00   7.1595383e-01
   2.0050000e+03   1.0000000e+00   7.0000000e+00   9.0000000e+00   3.9000000e+01   2.7000000e+01  -5.3473990e+01  -3.8981097e+01   5.0047042e+02   3.0940634e+00   1.0685256e+01   0.0000000e+00
   2.0050000e+03   1.0000000e+00   7.0000000e+00   9.0000000e+00   4.1000000e+01   5.0000000e+00  -5.3478405e+01  -3.8979697e+01   4.9918763e+02   1.9268917e+00   6.1948464e+00   8.2178218e-01
   2.0050000e+03   1.0000000e+00   7.0000000e+00   9.0000000e+00   4.2000000e+01   4.2000000e+01  -5.3482816e+01  -3.8978318e+01   4.9856678e+02   4.3582712e+00   1.7330381e+01   0.0000000e+00
   2.0050000e+03   1.0000000e+00   7.0000000e+00   9.0000000e+00   4.4000000e+01   2.0000000e+01  -5.3487227e+01  -3.8976935e+01   4.9857416e+02   6.2041863e+00   5.7247697e+00   0.0000000e+00
   2.0050000e+03   1.0000000e+00   7.0000000e+00   9.0000000e+00   4.5000000e+01   5.9000099e+01  -5.3491642e+01  -3.8975517e+01   4.9949495e+02   2.4660621e+00   1.0840205e+01   0.0000000e+00
   2.0050000e+03   1.0000000e+00   7.0000000e+00   9.0000000e+00   4.7000000e+01   3.7000000e+01  -5.3496081e+01  -3.8974168e+01   5.0131466e+02   6.5701676e-01   2.4809996e+00   0.0000000e+00
   2.0050000e+03   1.0000000e+00   7.0000000e+00   9.0000000e+00   4.9000000e+01   1.5000000e+01  -5.3500507e+01  -3.8972839e+01   4.9960923e+02   1.2768010e+00   5.2629071e+00   0.0000000e+00
   2.0050000e+03   1.0000000e+00   7.0000000e+00   9.0000000e+00   5.0000000e+01   5.4000000e+01  -5.3504895e+01  -3.8971522e+01   4.9530583e+02   1.3358311e+00   4.6445266e+00   0.0000000e+00
   2.0050000e+03   1.0000000e+00   7.0000000e+00   9.0000000e+00   5.2000000e+01   3.3000000e+01  -5.3509279e+01  -3.8970158e+01   4.9541883e+02   1.5521113e+00   5.4481185e+00   0.0000000e+00
   2.0050000e+03   1.0000000e+00   7.0000000e+00   9.0000000e+00   5.4000000e+01   1.3000000e+01  -5.3513692e+01  -3.8968781e+01   4.9868048e+02   1.9586032e+00   7.5719760e+00   0.0000000e+00
   2.0050000e+03   1.0000000e+00   7.0000000e+00   9.0000000e+00   5.5000000e+01   5.2000099e+01  -5.3518090e+01  -3.8967455e+01   4.9653451e+02   3.2529984e+00   9.7645266e+00   0.0000000e+00
   2.0050000e+03   1.0000000e+00   7.0000000e+00   9.0000000e+00   5.7000000e+01   3.1000000e+01  -5.3522513e+01  -3.8966002e+01   5.0077903e+02   1.0490618e+01   4.2998255e+01   0.0000000e+00
   2.0050000e+03   1.0000000e+00   7.0000000e+00   9.0000000e+00   5.9000000e+01   1.1000000e+01  -5.3526901e+01  -3.8964583e+01   4.9650642e+02   9.1727566e+00   7.3665406e+00   0.0000000e+00
   2.0050000e+03   1.0000000e+00   7.0000000e+00   1.0000000e+01   0.0000000e+00   5.0000000e+01  -5.3531326e+01  -3.8963170e+01   5.0047538e+02   1.1667804e+01   5.3110354e+01   0.0000000e+00
   2.0050000e+03   1.0000000e+00   7.0000000e+00   1.0000000e+01   2.0000000e+00   2.9000099e+01  -5.3535725e+01  -3.8961755e+01   4.9762892e+02   1.2664561e+01   1.9453929e+01   0.0000000e+00
   2.0050000e+03   1.0000000e+00   7.0000000e+00   1.0000000e+01   4.0000000e+00   8.0000000e+00  -5.3540185e+01  -3.8960274e+01   5.0523764e+02   3.8649056e+00   1.1704724e+01   0.0000000e+00
   2.0050000e+03   1.0000000e+00   7.0000000e+00   1.0000000e+01   5.0000000e+00   4.6000000e+01  -5.3544595e+01  -3.8958828e+01   4.9923694e+02   6.5438415e+00   1.3774880e+01   0.0000000e+00
   2.0050000e+03   1.0000000e+00   7.0000000e+00   1.0000000e+01   7.0000000e+00   2.3000099e+01  -5.3548933e+01  -3.8957396e+01   4.9121846e+02   3.8131467e+00   9.1897632e+00   0.0000000e+00
   2.0050000e+03   1.0000000e+00   7.0000000e+00   1.0000000e+01   9.0000000e+00   2.0000000e+00  -5.3553356e+01  -3.8955927e+01   5.0088382e+02   5.8270415e+00   1.2447293e+01   0.0000000e+00
   2.0050000e+03   1.0000000e+00   7.0000000e+00   1.0000000e+01   1.0000000e+01   4.3000000e+01  -5.3557798e+01  -3.8954487e+01   5.0275575e+02   2.6710894e+01   1.0519648e+02   0.0000000e+00
   2.0050000e+03   1.0000000e+00   7.0000000e+00   1.0000000e+01   1.2000000e+01   2.4000000e+01  -5.3562226e+01  -3.8953024e+01   5.0141118e+02   2.5396111e+00   1.0181263e+01   0.0000000e+00
   2.0050000e+03   1.0000000e+00   7.0000000e+00   1.0000000e+01   1.4000000e+01   2.9999008e+00  -5.3566597e+01  -3.8951555e+01   4.9522250e+02   2.4126855e+00   8.5314528e+00   0.0000000e+00
   2.0050000e+03   1.0000000e+00   7.0000000e+00   1.0000000e+01   1.5000000e+01   4.3000000e+01  -5.3570999e+01  -3.8950161e+01   4.9771602e+02   1.5674123e+01   6.3910078e+01   5.6234774e+01
   2.0050000e+03   1.0000000e+00   7.0000000e+00   1.0000000e+01   1.7000000e+01   2.4000099e+01  -5.3575435e+01  -3.8948829e+01   5.0079241e+02   2.1014260e+01   8.5641500e+01   5.1600297e+01
   2.0050000e+03   1.0000000e+00   7.0000000e+00   1.0000000e+01   1.9000000e+01   5.0000000e+00  -5.3579850e+01  -3.8947535e+01   4.9788091e+02   2.7778910e+00   1.1250057e+01   0.0000000e+00
   2.0050000e+03   1.0000000e+00   7.0000000e+00   1.0000000e+01   2.0000000e+01   4.6000000e+01  -5.3584264e+01  -3.8946297e+01   4.9731492e+02   3.6307549e+00   1.1422100e+01   2.6138061e+00
   2.0050000e+03   1.0000000e+00   7.0000000e+00   1.0000000e+01   2.2000000e+01   2.7000000e+01  -5.3588727e+01  -3.8945061e+01   5.0256857e+02   3.9510891e+00   9.6761755e+00   0.0000000e+00
   2.0050000e+03   1.0000000e+00   7.0000000e+00   1.0000000e+01   2.4000000e+01   6.0000000e+00  -5.3593146e+01  -3.8943740e+01   4.9866400e+02   2.2238979e+00   9.1806759e+00   1.9671840e+00
   2.0050000e+03   1.0000000e+00   7.0000000e+00   1.0000000e+01   2.5000000e+01   4.5000099e+01  -5.3597489e+01  -3.8942435e+01   4.9028066e+02   3.6101927e+00   1.6314499e+01   1.1716252e+00
   2.0050000e+03   1.0000000e+00   7.0000000e+00   1.0000000e+01   2.7000000e+01   2.6000000e+01  -5.3601918e+01  -3.8941137e+01   4.9944940e+02   2.5269389e+00   1.0558286e+01   0.0000000e+00
   2.0050000e+03   1.0000000e+00   7.0000000e+00   1.0000000e+01   2.9000000e+01   7.0000000e+00  -5.3606342e+01  -3.8939851e+01   4.9892308e+02   3.2945167e+00   1.1873828e+01   0.0000000e+00
   2.0050000e+03   1.0000000e+00   7.0000000e+00   1.0000000e+01   3.0000000e+01   5.0000000e+01  -5.3610789e+01  -3.8938485e+01   5.0226634e+02   2.6394791e+00   1.0756931e+01   4.3128563e+00
   2.0050000e+03   1.0000000e+00   7.0000000e+00   1.0000000e+01   3.2000000e+01   3.2000099e+01  -5.3615209e+01  -3.8937188e+01   4.9853661e+02   3.6251126e+00   1.2747183e+01   0.0000000e+00
   2.0050000e+03   1.0000000e+00   7.0000000e+00   1.0000000e+01   3.4000000e+01   1.4000099e+01  -5.3619651e+01  -3.8935779e+01   5.0225230e+02   3.2376393e+00   4.6640825e+00   0.0000000e+00
   2.0050000e+03   1.0000000e+00   7.0000000e+00   1.0000000e+01   3.5000000e+01   5.5000000e+01  -5.3624074e+01  -3.8934392e+01   4.9995901e+02   1.5541017e+00   6.4376510e+00   0.0000000e+00
   2.0050000e+03   1.0000000e+00   7.0000000e+00   1.0000000e+01   3.7000000e+01   3.5000000e+01  -5.3628474e+01  -3.8933024e+01   4.9710938e+02   2.6976280e+00   1.0611786e+01   0.0000000e+00
   2.0050000e+03   1.0000000e+00   7.0000000e+00   1.0000000e+01   3.9000000e+01   1.5000000e+01  -5.3632890e+01  -3.8931617e+01   4.9944175e+02   1.3140365e+00   6.2058497e+00   0.0000000e+00
   2.0050000e+03   1.0000000e+00   7.0000000e+00   1.0000000e+01   4.0000000e+01   5.6000000e+01  -5.3637258e+01  -3.8930231e+01   4.9382187e+02   1.0270573e+00   4.3810140e+00   1.3488341e+00
   2.0050000e+03   1.0000000e+00   7.0000000e+00   1.0000000e+01   4.2000000e+01   3.6000000e+01  -5.3641681e+01  -3.8928842e+01   4.9998730e+02   4.3243240e+00   1.7623347e+01   0.0000000e+00
   2.0050000e+03   1.0000000e+00   7.0000000e+00   1.0000000e+01   4.4000000e+01   1.5000099e+01  -5.3646118e+01  -3.8927512e+01   5.0073967e+02   1.9887919e+00   7.4997814e+00   0.0000000e+00
   2.0050000e+03   1.0000000e+00   7.0000000e+00   1.0000000e+01   4.5000000e+01   5.5000000e+01  -5.3650604e+01  -3.8926471e+01   5.0312596e+02   6.7598042e+00   2.7777818e+01   1.2887381e+00
   2.0050000e+03   1.0000000e+00   7.0000000e+00   1.0000000e+01   4.7000000e+01   3.4000000e+01  -5.3655092e+01  -3.8926517e+01   4.9880925e+02   5.2921474e+00   2.1008430e+01   3.4784415e+00
   2.0050000e+03   1.0000000e+00   7.0000000e+00   1.0000000e+01   4.9000000e+01   1.4000000e+01  -5.3659488e+01  -3.8927771e+01   4.9539082e+02   1.4006655e+01   4.7836484e+01   1.7312975e+00
   2.0050000e+03   1.0000000e+00   7.0000000e+00   1.0000000e+01   5.0000000e+01   5.3000099e+01  -5.3663821e+01  -3.8929844e+01   5.0043384e+02   8.5019861e+00   3.4648988e+01   2.6801005e+00
   2.0050000e+03   1.0000000e+00   7.0000000e+00   1.0000000e+01   5.2000000e+01   3.3000000e+01  -5.3668117e+01  -3.8931990e+01   4.9780930e+02   5.0557482e+00   1.2877871e+01   3.2098414e+00
   2.0050000e+03   1.0000000e+00   7.0000000e+00   1.0000000e+01   5.4000000e+01   1.2000000e+01  -5.3672424e+01  -3.8934050e+01   4.9748276e+02   6.7248496e+00   2.7809920e+01   1.8871498e+00
   2.0050000e+03   1.0000000e+00   7.0000000e+00   1.0000000e+01   5.5000000e+01   5.3000000e+01  -5.3676760e+01  -3.8936065e+01   4.9967533e+02   1.3024078e+01   1.9011584e+01   8.9270223e+00
   2.0050000e+03   1.0000000e+00   7.0000000e+00   1.0000000e+01   5.7000000e+01   3.5000000e+01  -5.3681109e+01  -3.8938175e+01   5.0288641e+02   4.2770793e+00   1.7430806e+01   6.7361024e+00
   2.0050000e+03   1.0000000e+00   7.0000000e+00   1.0000000e+01   5.9000000e+01   1.6000000e+01  -5.3685418e+01  -3.8940257e+01   4.9800085e+02   4.2626436e+00   1.5689101e+01   6.0700684e+00
   2.0050000e+03   1.0000000e+00   7.0000000e+00   1.1000000e+01   0.0000000e+00   5.6000000e+01  -5.3689735e+01  -3.8942126e+01   4.9522033e+02   4.3183668e+00   1.3465148e+01   4.2738981e+00
   2.0050000e+03   1.0000000e+00   7.0000000e+00   1.1000000e+01   2.0000000e+00   3.7000000e+01  -5.3694190e+01  -3.8942867e+01   4.9744572e+02   3.3114383e+00   1.3975850e+01   5.3551709e+00
   2.0050000e+03   1.0000000e+00   7.0000000e+00   1.1000000e+01   4.0000000e+00   7.9999008e+00  -5.3698299e+01  -3.8942209e+01   4.5867781e+02   1.2081249e+00   7.6900476e+00   5.2861035e+00
   2.0050000e+03   1.0000000e+00   7.0000000e+00   1.1000000e+01   5.0000000e+00   5.7000000e+01  -5.3703040e+01  -3.8939744e+01   5.5114010e+02   3.2306669e+00   1.3506093e+01   6.6311578e+00
   2.0050000e+03   1.0000000e+00   7.0000000e+00   1.1000000e+01   7.0000000e+00   5.4000000e+01  -5.3707737e+01  -3.8935465e+01   5.9301849e+02   2.8729349e+00   1.4327466e+01   1.0497444e+01
   2.0050000e+03   1.0000000e+00   7.0000000e+00   1.1000000e+01   9.0000000e+00   1.8000000e+01  -5.3710963e+01  -3.8931980e+01   4.2550810e+02   2.5765729e+00   1.0619535e+01   6.8097930e+00
   2.0050000e+03   1.0000000e+00   7.0000000e+00   1.1000000e+01   1.0000000e+01   4.5999901e+01  -5.3714408e+01  -3.8928298e+01   4.5295648e+02   2.4378960e+00   9.8020560e+00   4.1530471e+00
   2.0050000e+03   1.0000000e+00   7.0000000e+00   1.1000000e+01   1.2000000e+01   3.4000000e+01  -5.3718663e+01  -3.8923721e+01   5.6048823e+02   3.1618051e+02   1.2913729e+03   2.8160330e+02
   2.0050000e+03   1.0000000e+00   7.0000000e+00   1.1000000e+01   1.3000000e+01   5.9999901e+01  -5.3722044e+01  -3.8920116e+01   4.4423437e+02   5.2784334e-01   3.8973525e+00   9.4552146e-01
   2.0050000e+03   1.0000000e+00   7.0000000e+00   1.1000000e+01   1.5000000e+01   3.8000000e+01  -5.3725862e+01  -3.8915950e+01   5.0492273e+02   1.1643277e+00   4.4167518e+00   2.3541396e+00
   2.0050000e+03   1.0000000e+00   7.0000000e+00   1.1000000e+01   1.7000000e+01   1.5000000e+01  -5.3729658e+01  -3.8911850e+01   5.0067746e+02   1.6847828e+00   6.9487262e+00   0.0000000e+00
   2.0050000e+03   1.0000000e+00   7.0000000e+00   1.1000000e+01   1.8000000e+01   5.2000000e+01  -5.3733479e+01  -3.8907778e+01   5.0189578e+02   4.3280955e+00   9.0450177e+00   4.2899309e+00
   2.0050000e+03   1.0000000e+00   7.0000000e+00   1.1000000e+01   2.0000000e+01   3.0000000e+01  -5.3737538e+01  -3.8904802e+01   4.9157358e+02   2.1141016e+00   8.6158080e+00   0.0000000e+00
   2.0050000e+03   1.0000000e+00   7.0000000e+00   1.1000000e+01   2.2000000e+01   9.0000000e+00  -5.3741870e+01  -3.8902695e+01   5.0092856e+02   2.3745345e+00   1.0257117e+01   0.0000000e+00
   2.0050000e+03   1.0000000e+00   7.0000000e+00   1.1000000e+01   2.3000000e+01   4.8000000e+01  -5.3746185e+01  -3.8900600e+01   4.9879648e+02   3.5857553e+00   1.0412031e+01   0.0000000e+00
   2.0050000e+03   1.0000000e+00   7.0000000e+00   1.1000000e+01   2.5000000e+01   2.7000000e+01  -5.3750483e+01  -3.8898511e+01   4.9698426e+02   2.1968521e+01   8.5390740e+01   7.1393279e+01
   2.0050000e+03   1.0000000e+00   7.0000000e+00   1.1000000e+01   2.7000000e+01   5.0000000e+00  -5.3754753e+01  -3.8896469e+01   4.9304383e+02   3.9296057e+00   1.6014712e+01   1.4224654e+00
   2.0050000e+03   1.0000000e+00   7.0000000e+00   1.1000000e+01   2.8000000e+01   4.4000000e+01  -5.3759089e+01  -3.8894353e+01   5.0153541e+02   4.3891783e+00   1.4824503e+01   6.1802959e+00
   2.0050000e+03   1.0000000e+00   7.0000000e+00   1.1000000e+01   3.0000000e+01   2.5000000e+01  -5.3763425e+01  -3.8892231e+01   5.0152473e+02   3.9972127e+00   1.1115301e+01   0.0000000e+00
   2.0050000e+03   1.0000000e+00   7.0000000e+00   1.1000000e+01   3.2000000e+01   6.0000000e+00  -5.3767771e+01  -3.8890121e+01   5.0246730e+02   2.9433760e+00   1.2279183e+01   1.0929286e+00
   2.0050000e+03   1.0000000e+00   7.0000000e+00   1.1000000e+01   3.3000000e+01   4.7000000e+01  -5.3772099e+01  -3.8888223e+01   4.9678287e+02   3.0545472e+00   8.2026395e+00   0.0000000e+00
   2.0050000e+03   1.0000000e+00   7.0000000e+00   1.1000000e+01   3.5000000e+01   2.9000000e+01  -5.3776527e+01  -3.8886673e+01   5.0246285e+02   5.6591087e+00   1.4598763e+01   0.0000000e+00
   2.0050000e+03   1.0000000e+00   7.0000000e+00   1.1000000e+01   3.7000000e+01   8.0000000e+00  -5.3780875e+01  -3.8885204e+01   4.9268578e+02   5.1460827e+00   9.4205871e+00   0.0000000e+00
   2.0050000e+03   1.0000000e+00   7.0000000e+00   1.1000000e+01   3.8000000e+01   5.2000000e+01  -5.3785327e+01  -3.8883716e+01   5.0426299e+02   4.6877498e+00   1.8574689e+01   0.0000000e+00
   2.0050000e+03   1.0000000e+00   7.0000000e+00   1.1000000e+01   4.0000000e+01   3.2000000e+01  -5.3789658e+01  -3.8882238e+01   4.9091486e+02   3.6674843e+00   1.1231691e+01   0.0000000e+00
   2.0050000e+03   1.0000000e+00   7.0000000e+00   1.1000000e+01   4.2000000e+01   1.5000000e+01  -5.3794212e+01  -3.8880807e+01   5.1474413e+02   4.4879303e+00   1.3047790e+01   0.0000000e+00
   2.0050000e+03   1.0000000e+00   7.0000000e+00   1.1000000e+01   4.3000000e+01   5.2000000e+01  -5.3798448e+01  -3.8879463e+01   4.7891200e+02   1.0129200e+01   3.4517270e+01   0.0000000e+00
   2.0050000e+03   1.0000000e+00   7.0000000e+00   1.1000000e+01   4.5000000e+01   3.6000000e+01  -5.3803007e+01  -3.8878077e+01   5.1464077e+02   8.7759381e+00   2.8109400e+01   0.0000000e+00
   2.0050000e+03   1.0000000e+00   7.0000000e+00   1.1000000e+01   4.7000000e+01   1.2000000e+01  -5.3807291e+01  -3.8876861e+01   4.8272982e+02   4.2701093e+00   1.5765453e+01   0.0000000e+00
   2.0050000e+03   1.0000000e+00   7.0000000e+00   1.1000000e+01   4.8000000e+01   5.5000000e+01  -5.3811839e+01  -3.8875575e+01   5.1234775e+02   5.1924150e+00   2.0204233e+01   3.4466924e+00
   2.0050000e+03   1.0000000e+00   7.0000000e+00   1.1000000e+01   5.0000000e+01   3.3000000e+01  -5.3816191e+01  -3.8874376e+01   4.8993998e+02   4.4887967e+00   1.3628212e+01   0.0000000e+00
   2.0050000e+03   1.0000000e+00   7.0000000e+00   1.1000000e+01   5.2000000e+01   1.5000000e+01  -5.3820734e+01  -3.8873192e+01   5.1080031e+02   5.7784553e+00   2.3701793e+01   1.1348242e+01
   2.0050000e+03   1.0000000e+00   7.0000000e+00   1.1000000e+01   5.3000000e+01   5.8000000e+01  -5.3825251e+01  -3.8872034e+01   5.0764511e+02   7.9557980e+00   3.2423054e+01   1.9741699e+01
   2.0050000e+03   1.0000000e+00   7.0000000e+00   1.1000000e+01   5.5000000e+01   3.5000000e+01  -5.3829519e+01  -3.8870883e+01   4.8020376e+02   1.4999023e+01   5.7557786e+01   3.0469939e+01
   2.0050000e+03   1.0000000e+00   7.0000000e+00   1.1000000e+01   5.7000000e+01   2.0000000e+01  -5.3834060e+01  -3.8869655e+01   5.1091994e+02   9.3323593e+00   4.0746532e+01   0.0000000e+00
   2.0050000e+03   1.0000000e+00   7.0000000e+00   1.1000000e+01   5.9000000e+01   0.0000000e+00  -5.3838405e+01  -3.8868469e+01   4.8912898e+02   1.8202720e+01   6.6867699e+01   2.1855145e+01
   2.0050000e+03   1.0000000e+00   7.0000000e+00   1.2000000e+01   0.0000000e+00   4.5000000e+01  -5.3842959e+01  -3.8867149e+01   5.1338525e+02   2.3453412e+01   9.0565388e+01   9.8693690e+00
   2.0050000e+03   1.0000000e+00   7.0000000e+00   1.2000000e+01   2.0000000e+00   2.3000099e+01  -5.3847195e+01  -3.8865920e+01   4.7750076e+02   3.2119515e+01   9.6740980e+01   3.9797060e+01
   2.0050000e+03   1.0000000e+00   7.0000000e+00   1.2000000e+01   4.0000000e+00   7.0000000e+00  -5.3851701e+01  -3.8864583e+01   5.0830108e+02   2.5911046e+01   9.7312937e+01   4.8217593e+01
   2.0050000e+03   1.0000000e+00   7.0000000e+00   1.2000000e+01   5.0000000e+00   4.8999901e+01  -5.3856094e+01  -3.8863336e+01   4.9493457e+02   5.2989173e+01   2.0526384e+02   1.6107932e+02
   2.0050000e+03   1.0000000e+00   7.0000000e+00   1.2000000e+01   7.0000000e+00   3.3000000e+01  -5.3860578e+01  -3.8861974e+01   5.0626669e+02   3.8055668e+01   1.5294484e+02   1.0415594e+02
   2.0050000e+03   1.0000000e+00   7.0000000e+00   1.2000000e+01   9.0000000e+00   1.7000099e+01  -5.3865077e+01  -3.8860689e+01   5.0690426e+02   4.9963104e+01   1.9314153e+02   1.7337477e+02
   2.0050000e+03   1.0000000e+00   7.0000000e+00   1.2000000e+01   1.0000000e+01   5.8000000e+01  -5.3869389e+01  -3.8859407e+01   4.8644500e+02   1.1679348e+02   4.6898800e+02   3.4674840e+02
   2.0050000e+03   1.0000000e+00   7.0000000e+00   1.2000000e+01   1.2000000e+01   4.5000000e+01  -5.3873916e+01  -3.8858050e+01   5.1082051e+02   4.9228894e+02   2.0048288e+03   1.9398889e+03
   2.0050000e+03   1.0000000e+00   7.0000000e+00   1.2000000e+01   1.4000000e+01   2.4000000e+01  -5.3878178e+01  -3.8856728e+01   4.8153991e+02   2.6862743e+02   1.0896262e+03   1.0696122e+03
   2.0050000e+03   1.0000000e+00   7.0000000e+00   1.2000000e+01   1.6000000e+01   9.0000000e+00  -5.3882716e+01  -3.8855126e+01   5.1502237e+02   7.1857726e+01   2.9306321e+02   2.6140341e+02
   2.0050000e+03   1.0000000e+00   7.0000000e+00   1.2000000e+01   1.7000000e+01   4.7000000e+01  -5.3886957e+01  -3.8853627e+01   4.8139633e+02   3.9641409e+01   1.5863748e+02   1.4023495e+02
   2.0050000e+03   1.0000000e+00   7.0000000e+00   1.2000000e+01   1.9000000e+01   3.2000000e+01  -5.3891527e+01  -3.8852034e+01   5.1842259e+02   1.3140844e+02   5.3218359e+02   5.0962491e+02
   2.0050000e+03   1.0000000e+00   7.0000000e+00   1.2000000e+01   2.1000000e+01   1.1000099e+01  -5.3895863e+01  -3.8850535e+01   4.9168631e+02   9.8266101e+01   3.9775454e+02   3.8644006e+02
   2.0050000e+03   1.0000000e+00   7.0000000e+00   1.2000000e+01   2.2000000e+01   5.0000000e+01  -5.3900240e+01  -3.8849046e+01   4.9606240e+02   5.0974625e+01   2.0645655e+02   1.8377810e+02
   2.0050000e+03   1.0000000e+00   7.0000000e+00   1.2000000e+01   2.4000000e+01   3.2000000e+01  -5.3904682e+01  -3.8847473e+01   5.0423403e+02   8.1242652e+01   3.3159652e+02   3.1667369e+02
   2.0050000e+03   1.0000000e+00   7.0000000e+00   1.2000000e+01   2.6000000e+01   1.1000000e+01  -5.3908978e+01  -3.8846042e+01   4.8650756e+02   8.4940279e+01   3.4444937e+02   3.2476302e+02
   2.0050000e+03   1.0000000e+00   7.0000000e+00   1.2000000e+01   2.7000000e+01   5.6000099e+01  -5.3913571e+01  -3.8844519e+01   5.1993435e+02   1.2164463e+02   4.9234375e+02   4.6953670e+02
   2.0050000e+03   1.0000000e+00   7.0000000e+00   1.2000000e+01   2.9000000e+01   3.4000000e+01  -5.3917848e+01  -3.8843130e+01   4.8388786e+02   4.7920661e+01   1.9294042e+02   1.7645310e+02
   2.0050000e+03   1.0000000e+00   7.0000000e+00   1.2000000e+01   3.1000000e+01   1.5000000e+01  -5.3922283e+01  -3.8841669e+01   5.0207954e+02   3.0300170e+01   1.2073785e+02   1.0278354e+02
   2.0050000e+03   1.0000000e+00   7.0000000e+00   1.2000000e+01   3.2000000e+01   5.4000000e+01  -5.3926615e+01  -3.8840231e+01   4.9043861e+02   6.0587687e+01   2.4388348e+02   2.2762435e+02
   2.0050000e+03   1.0000000e+00   7.0000000e+00   1.2000000e+01   3.4000000e+01   3.7000000e+01  -5.3931116e+01  -3.8838818e+01   5.0863715e+02   5.9444879e+01   2.3822735e+02   2.2644397e+02
   2.0050000e+03   1.0000000e+00   7.0000000e+00   1.2000000e+01   3.6000000e+01   1.9000000e+01  -5.3935595e+01  -3.8837423e+01   5.0603403e+02   2.4813630e+01   9.7105206e+01   8.9530381e+01
   2.0050000e+03   1.0000000e+00   7.0000000e+00   1.2000000e+01   3.7000000e+01   5.5000000e+01  -5.3939891e+01  -3.8836137e+01   4.8471745e+02   2.5258996e+01   1.0294050e+02   8.7464460e+01
   2.0050000e+03   1.0000000e+00   7.0000000e+00   1.2000000e+01   3.9000000e+01   3.7000000e+01  -5.3944452e+01  -3.8834732e+01   5.1502860e+02   8.1580490e+00   3.1297743e+01   2.0850779e+01
   2.0050000e+03   1.0000000e+00   7.0000000e+00   1.2000000e+01   4.1000000e+01   1.2000000e+01  -5.3948699e+01  -3.8833385e+01   4.8008262e+02   7.7820411e+00   2.9578569e+01   1.6178068e+01
   2.0050000e+03   1.0000000e+00   7.0000000e+00   1.2000000e+01   4.2000000e+01   5.4000000e+01  -5.3953239e+01  -3.8831974e+01   5.1289943e+02   4.7297767e+02   1.9254581e+03   5.1276344e+02
   2.0050000e+03   1.0000000e+00   7.0000000e+00   1.2000000e+01   4.4000000e+01   3.2000000e+01  -5.3957594e+01  -3.8830654e+01   4.9154906e+02   3.5122423e+00   1.0704297e+01   0.0000000e+00
   2.0050000e+03   1.0000000e+00   7.0000000e+00   1.2000000e+01   4.6000000e+01   1.0000000e+01  -5.3961973e+01  -3.8829256e+01   4.9504405e+02   5.3340186e+00   2.0553141e+01   3.2316005e+00
   2.0050000e+03   1.0000000e+00   7.0000000e+00   1.2000000e+01   4.7000000e+01   5.0000000e+01  -5.3966426e+01  -3.8827893e+01   5.0281584e+02   3.7145293e+00   1.6054014e+01   2.1946762e+00
   2.0050000e+03   1.0000000e+00   7.0000000e+00   1.2000000e+01   4.9000000e+01   2.9000000e+01  -5.3970792e+01  -3.8826577e+01   4.9273587e+02   5.0388278e+00   1.9293343e+01   9.5088321e+00
   2.0050000e+03   1.0000000e+00   7.0000000e+00   1.2000000e+01   5.1000000e+01   1.1000000e+01  -5.3975389e+01  -3.8825174e+01   5.1893022e+02   7.0221121e+00   2.8284280e+01   7.6753375e+00
   2.0050000e+03   1.0000000e+00   7.0000000e+00   1.2000000e+01   5.2000000e+01   4.6000000e+01  -5.3979580e+01  -3.8823967e+01   4.7238037e+02   2.0539946e+01   8.0069371e+01   4.8878362e+01
   2.0050000e+03   1.0000000e+00   7.0000000e+00   1.2000000e+01   5.4000000e+01   2.7000000e+01  -5.3984115e+01  -3.8822594e+01   5.1179704e+02   8.7169516e+01   3.5371329e+02   3.3815200e+02
   2.0050000e+03   1.0000000e+00   7.0000000e+00   1.2000000e+01   5.6000000e+01   4.0000000e+00  -5.3988432e+01  -3.8821244e+01   4.8782280e+02   3.2225150e+01   1.3275887e+02   1.0374692e+02
   2.0050000e+03   1.0000000e+00   7.0000000e+00   1.2000000e+01   5.7000000e+01   4.4000000e+01  -5.3992914e+01  -3.8819822e+01   5.0661840e+02   1.0265163e+01   4.1456933e+01   6.3646814e+00
   2.0050000e+03   1.0000000e+00   7.0000000e+00   1.2000000e+01   5.9000000e+01   2.7000000e+01  -5.3997305e+01  -3.8817766e+01   5.0608790e+02   1.2483939e+01   4.4755847e+01   9.0266196e+00
