   2.0050000e+03   1.0000000e+00   1.0000000e+01   1.7000000e+01   9.0000000e+00   2.0000000e+01  -5.3148222e+01  -3.7832643e+01   4.9524677e+02   8.2244917e-01   3.3518088e+00   0.0000000e+00
   2.0050000e+03   1.0000000e+00   1.0000000e+01   1.7000000e+01   1.1000000e+01   7.0000000e+00  -5.3152886e+01  -3.7830849e+01   5.3178808e+02   1.1735069e+00   5.7900789e+00   2.1826544e-01
   2.0050000e+03   1.0000000e+00   1.0000000e+01   1.7000000e+01   1.2000000e+01   4.2000000e+01  -5.3157120e+01  -3.7829375e+01   4.8070218e+02   8.4158945e-01   2.8266819e+00   0.0000000e+00
   2.0050000e+03   1.0000000e+00   1.0000000e+01   1.7000000e+01   1.4000000e+01   2.3000000e+01  -5.3161512e+01  -3.7827848e+01   4.9854530e+02   1.0661465e+00   3.8325338e+00   0.0000000e+00
   2.0050000e+03   1.0000000e+00   1.0000000e+01   1.7000000e+01   1.6000000e+01   5.0000000e+00  -5.3166063e+01  -3.7826436e+01   5.1429113e+02   1.3733182e+00   4.1761288e+00   0.0000000e+00
   2.0050000e+03   1.0000000e+00   1.0000000e+01   1.7000000e+01   1.7000000e+01   4.5000000e+01  -5.3170479e+01  -3.7825077e+01   4.9907412e+02   1.1745401e+00   2.1798971e+00   0.0000000e+00
   2.0050000e+03   1.0000000e+00   1.0000000e+01   1.7000000e+01   1.9000000e+01   1.8000000e+01  -5.3174665e+01  -3.7823778e+01   4.7312063e+02   1.3484703e+00   4.9065466e+00   0.0000000e+00
   2.0050000e+03   1.0000000e+00   1.0000000e+01   1.7000000e+01   2.0000000e+01   5.3000000e+01  -5.3178935e+01  -3.7822484e+01   4.8218674e+02   3.9155657e-01   1.5957494e+00   0.0000000e+00
   2.0050000e+03   1.0000000e+00   1.0000000e+01   1.7000000e+01   2.2000000e+01   3.3000000e+01  -5.3183483e+01  -3.7820853e+01   5.1693251e+02   5.3396818e-01   2.1910729e+00   0.0000000e+00
   2.0050000e+03   1.0000000e+00   1.0000000e+01   1.7000000e+01   2.4000000e+01   1.5000000e+01  -5.3188027e+01  -3.7819297e+01   5.1548912e+02   8.9330718e-01   3.9332896e+00   0.0000000e+00
   2.0050000e+03   1.0000000e+00   1.0000000e+01   1.7000000e+01   2.5000000e+01   4.9000000e+01  -5.3192256e+01  -3.7817814e+01   4.8018501e+02   1.0707835e+00   4.3638702e+00   9.7815942e-01
   2.0050000e+03   1.0000000e+00   1.0000000e+01   1.7000000e+01   2.7000000e+01   2.1000000e+01  -5.3196348e+01  -3.7816388e+01   4.6445245e+02   9.4017363e-01   3.8315830e+00   0.0000000e+00
   2.0050000e+03   1.0000000e+00   1.0000000e+01   1.7000000e+01   2.9000000e+01   2.0000000e+00  -5.3200914e+01  -3.7814817e+01   5.1801948e+02   1.3657575e+00   5.5660070e+00   0.0000000e+00
   2.0050000e+03   1.0000000e+00   1.0000000e+01   1.7000000e+01   3.0000000e+01   4.3000000e+01  -5.3205393e+01  -3.7813219e+01   5.0896854e+02   1.3158940e+00   5.3627936e+00   0.0000000e+00
   2.0050000e+03   1.0000000e+00   1.0000000e+01   1.7000000e+01   3.2000000e+01   2.5000000e+01  -5.3209829e+01  -3.7811627e+01   5.0423651e+02   4.1214541e-01   1.7519371e+00   0.0000000e+00
   2.0050000e+03   1.0000000e+00   1.0000000e+01   1.7000000e+01   3.4000000e+01   5.0000000e+00  -5.3214305e+01  -3.7810222e+01   5.0601488e+02   8.2881946e-01   3.3777703e+00   0.0000000e+00
   2.0050000e+03   1.0000000e+00   1.0000000e+01   1.7000000e+01   3.5000000e+01   3.9000000e+01  -5.3218536e+01  -3.7808865e+01   4.7878454e+02   9.2617656e-01   1.8872006e+00   0.0000000e+00
   2.0050000e+03   1.0000000e+00   1.0000000e+01   1.7000000e+01   3.7000000e+01   1.4000000e+01  -5.3222772e+01  -3.7807511e+01   4.7924012e+02   4.4802313e-01   2.4896018e+00   0.0000000e+00
   2.0050000e+03   1.0000000e+00   1.0000000e+01   1.7000000e+01   3.8000000e+01   5.5000000e+01  -5.3227294e+01  -3.7806011e+01   5.1230643e+02   1.0375066e+00   2.8736568e+00   0.0000000e+00
   2.0050000e+03   1.0000000e+00   1.0000000e+01   1.7000000e+01   4.0000000e+01   3.6000000e+01  -5.3231818e+01  -3.7804586e+01   5.1157291e+02   9.0117045e-01   3.6726294e+00   0.0000000e+00
   2.0050000e+03   1.0000000e+00   1.0000000e+01   1.7000000e+01   4.2000000e+01   1.1000099e+01  -5.3236061e+01  -3.7803126e+01   4.8131397e+02   6.3019712e-01   2.5911118e+00   0.0000000e+00
   2.0050000e+03   1.0000000e+00   1.0000000e+01   1.7000000e+01   4.3000000e+01   4.6000000e+01  -5.3240256e+01  -3.7801739e+01   4.7520858e+02   8.8148126e-01   2.8850280e+00   0.0000000e+00
   2.0050000e+03   1.0000000e+00   1.0000000e+01   1.7000000e+01   4.5000000e+01   2.7000000e+01  -5.3244729e+01  -3.7800261e+01   5.0665224e+02   9.8519859e-01   4.0150776e+00   0.0000000e+00
   2.0050000e+03   1.0000000e+00   1.0000000e+01   1.7000000e+01   4.7000000e+01   9.0000000e+00  -5.3249170e+01  -3.7798830e+01   5.0261839e+02   5.1785045e-01   2.1104474e+00   0.0000000e+00
   2.0050000e+03   1.0000000e+00   1.0000000e+01   1.7000000e+01   4.8000000e+01   5.2000000e+01  -5.3253703e+01  -3.7797368e+01   5.1304624e+02   0.0000000e+00   0.0000000e+00   0.0000000e+00
   2.0050000e+03   1.0000000e+00   1.0000000e+01   1.7000000e+01   5.1000000e+01   1.0000000e+00  -5.3259360e+01  -3.7795519e+01   6.4041134e+02   5.8899913e-01   1.8180394e+00   0.0000000e+00
   2.0050000e+03   1.0000000e+00   1.0000000e+01   1.7000000e+01   5.2000000e+01   1.1000000e+01  -5.3262417e+01  -3.7794496e+01   3.4648874e+02   5.3234513e-01   2.1695190e+00   0.0000000e+00
   2.0050000e+03   1.0000000e+00   1.0000000e+01   1.7000000e+01   5.3000000e+01   5.3000000e+01  -5.3266785e+01  -3.7793090e+01   4.9427109e+02   1.2304314e-01   7.9943829e-01   0.0000000e+00
   2.0050000e+03   1.0000000e+00   1.0000000e+01   1.7000000e+01   5.5000000e+01   4.1000000e+01  -5.3271312e+01  -3.7791585e+01   5.1295161e+02   3.6333167e-01   2.5335973e+00   0.0000000e+00
   2.0050000e+03   1.0000000e+00   1.0000000e+01   1.7000000e+01   5.7000000e+01   2.9000000e+01  -5.3275854e+01  -3.7790067e+01   5.1462476e+02   6.7452872e-01   2.7489739e+00   0.0000000e+00
   2.0050000e+03   1.0000000e+00   1.0000000e+01   1.7000000e+01   5.9000000e+01   1.0000000e+01  -5.3280109e+01  -3.7788715e+01   4.8128361e+02   4.1898918e-01   1.7075482e+00   0.0000000e+00
   2.0050000e+03   1.0000000e+00   1.0000000e+01   1.8000000e+01   0.0000000e+00   5.0000000e+01  -5.3284300e+01  -3.7787330e+01   4.7468115e+02   2.1658861e-01   8.8268506e-01   0.0000000e+00
   2.0050000e+03   1.0000000e+00   1.0000000e+01   1.8000000e+01   2.0000000e+00   3.5000000e+01  -5.3288602e+01  -3.7785862e+01   4.8791780e+02   3.6555381e-01   1.1850862e+00   0.0000000e+00
   2.0050000e+03   1.0000000e+00   1.0000000e+01   1.8000000e+01   4.0000000e+00   1.9000000e+01  -5.3292978e+01  -3.7784451e+01   4.9517903e+02   6.3782821e-01   3.2443986e+00   0.0000000e+00
   2.0050000e+03   1.0000000e+00   1.0000000e+01   1.8000000e+01   6.0000000e+00   1.0000000e+00  -5.3297396e+01  -3.7783046e+01   4.9972792e+02   8.6378346e-01   3.5202625e+00   0.0000000e+00
   2.0050000e+03   1.0000000e+00   1.0000000e+01   1.8000000e+01   7.0000000e+00   4.6999901e+01  -5.3301842e+01  -3.7781649e+01   5.0263989e+02   5.5187532e-01   2.2491123e+00   0.0000000e+00
   2.0050000e+03   1.0000000e+00   1.0000000e+01   1.8000000e+01   9.0000000e+00   3.3000000e+01  -5.3306333e+01  -3.7780222e+01   5.0803484e+02   4.9243654e-01   2.2732868e+00   0.0000000e+00
   2.0050000e+03   1.0000000e+00   1.0000000e+01   1.8000000e+01   1.1000000e+01   1.4000000e+01  -5.3310548e+01  -3.7778905e+01   4.7640584e+02   2.2141177e+00   5.2409195e+00   0.0000000e+00
   2.0050000e+03   1.0000000e+00   1.0000000e+01   1.8000000e+01   1.2000000e+01   5.5000000e+01  -5.3314742e+01  -3.7777714e+01   4.7268450e+02   7.5326295e-01   3.2227189e+00   0.0000000e+00
   2.0050000e+03   1.0000000e+00   1.0000000e+01   1.8000000e+01   1.4000000e+01   4.3000099e+01  -5.3319234e+01  -3.7776362e+01   5.0719252e+02   6.8828114e-01   2.8050205e+00   0.0000000e+00
   2.0050000e+03   1.0000000e+00   1.0000000e+01   1.8000000e+01   1.6000000e+01   2.9000000e+01  -5.3323643e+01  -3.7774959e+01   4.9866806e+02   3.1211539e-01   1.6504284e+00   0.0000000e+00
   2.0050000e+03   1.0000000e+00   1.0000000e+01   1.8000000e+01   1.8000000e+01   1.3000000e+01  -5.3327993e+01  -3.7773626e+01   4.9147347e+02   9.0808262e-01   3.7007993e+00   0.0000000e+00
   2.0050000e+03   1.0000000e+00   1.0000000e+01   1.8000000e+01   1.9000000e+01   5.5000099e+01  -5.3332269e+01  -3.7772241e+01   4.8391644e+02   5.6674169e-01   2.3351392e+00   0.0000000e+00
   2.0050000e+03   1.0000000e+00   1.0000000e+01   1.8000000e+01   2.1000000e+01   4.0000000e+01  -5.3336728e+01  -3.7770744e+01   5.0535427e+02   5.1393703e-01   2.2580030e+00   1.6117815e-01
   2.0050000e+03   1.0000000e+00   1.0000000e+01   1.8000000e+01   2.3000000e+01   2.4000000e+01  -5.3341113e+01  -3.7769294e+01   4.9666016e+02   1.1746790e+00   4.7872858e+00   0.0000000e+00
   2.0050000e+03   1.0000000e+00   1.0000000e+01   1.8000000e+01   2.5000000e+01   1.6000000e+01  -5.3345702e+01  -3.7767769e+01   5.1987055e+02   4.2535357e-01   1.7868023e+00   0.0000000e+00
   2.0050000e+03   1.0000000e+00   1.0000000e+01   1.8000000e+01   2.6000000e+01   5.8000000e+01  -5.3349829e+01  -3.7766341e+01   4.6828533e+02   7.3496974e-01   3.3920681e+00   0.0000000e+00
   2.0050000e+03   1.0000000e+00   1.0000000e+01   1.8000000e+01   2.8000000e+01   4.4999901e+01  -5.3354184e+01  -3.7764943e+01   4.9266187e+02   1.4249438e+00   5.9333754e+00   0.0000000e+00
   2.0050000e+03   1.0000000e+00   1.0000000e+01   1.8000000e+01   3.0000000e+01   3.1000000e+01  -5.3358563e+01  -3.7763424e+01   4.9693536e+02   4.5113708e-01   2.0842338e+00   0.0000000e+00
   2.0050000e+03   1.0000000e+00   1.0000000e+01   1.8000000e+01   3.2000000e+01   1.6000000e+01  -5.3362927e+01  -3.7761947e+01   4.9478407e+02   8.9842962e-01   3.6614595e+00   0.0000000e+00
   2.0050000e+03   1.0000000e+00   1.0000000e+01   1.8000000e+01   3.4000000e+01   0.0000000e+00  -5.3367208e+01  -3.7760464e+01   4.8572715e+02   1.0828492e+00   1.9462800e+00   0.0000000e+00
   2.0050000e+03   1.0000000e+00   1.0000000e+01   1.8000000e+01   3.5000000e+01   4.9999901e+01  -5.3371662e+01  -3.7758877e+01   5.0593595e+02   6.8716832e-01   2.8004853e+00   0.0000000e+00
   2.0050000e+03   1.0000000e+00   1.0000000e+01   1.8000000e+01   3.7000000e+01   3.9000000e+01  -5.3376092e+01  -3.7757236e+01   5.0416561e+02   7.1584687e-01   2.3443398e+00   0.0000000e+00
   2.0050000e+03   1.0000000e+00   1.0000000e+01   1.8000000e+01   3.9000000e+01   2.2000099e+01  -5.3380300e+01  -3.7755668e+01   4.7908819e+02   7.8528621e-01   2.7949875e+00   0.0000000e+00
   2.0050000e+03   1.0000000e+00   1.0000000e+01   1.8000000e+01   4.1000000e+01   5.0000000e+00  -5.3384563e+01  -3.7754142e+01   4.8435201e+02   1.8116534e+00   7.7240004e+00   5.0041120e-01
   2.0050000e+03   1.0000000e+00   1.0000000e+01   1.8000000e+01   4.2000000e+01   5.0000000e+01  -5.3389055e+01  -3.7752577e+01   5.0974356e+02   1.9874529e+00   8.1885650e+00   0.0000000e+00
   2.0050000e+03   1.0000000e+00   1.0000000e+01   1.8000000e+01   4.4000000e+01   3.1000000e+01  -5.3393464e+01  -3.7750999e+01   5.0095904e+02   1.2693615e+00   6.5188080e+00   0.0000000e+00
   2.0050000e+03   1.0000000e+00   1.0000000e+01   1.8000000e+01   4.6000000e+01   1.1000000e+01  -5.3397859e+01  -3.7749535e+01   4.9796587e+02   2.0890350e+00   8.5136520e+00   0.0000000e+00
   2.0050000e+03   1.0000000e+00   1.0000000e+01   1.8000000e+01   4.7000000e+01   4.8000000e+01  -5.3402148e+01  -3.7748044e+01   4.8669193e+02   1.6535926e+00   6.7390499e+00   0.0000000e+00
   2.0050000e+03   1.0000000e+00   1.0000000e+01   1.8000000e+01   4.9000000e+01   2.9000000e+01  -5.3406553e+01  -3.7746511e+01   4.9994971e+02   9.8813997e-01   4.0270649e+00   0.0000000e+00
   2.0050000e+03   1.0000000e+00   1.0000000e+01   1.8000000e+01   5.1000000e+01   8.0000000e+00  -5.3410841e+01  -3.7745004e+01   4.8686216e+02   7.5553669e-01   3.0379048e+00   0.0000000e+00
   2.0050000e+03   1.0000000e+00   1.0000000e+01   1.8000000e+01   5.2000000e+01   4.6000099e+01  -5.3414926e+01  -3.7743479e+01   4.6492444e+02   4.6678677e-01   1.6405407e+00   0.0000000e+00
   2.0050000e+03   1.0000000e+00   1.0000000e+01   1.8000000e+01   5.4000000e+01   3.4000000e+01  -5.3419399e+01  -3.7741808e+01   5.0921506e+02   8.2152187e-01   1.4544059e+00   0.0000000e+00
   2.0050000e+03   1.0000000e+00   1.0000000e+01   1.8000000e+01   5.6000000e+01   2.2000000e+01  -5.3423761e+01  -3.7740051e+01   4.9853485e+02   2.6859205e-01   1.2155894e-01   0.0000000e+00
   2.0050000e+03   1.0000000e+00   1.0000000e+01   1.8000000e+01   5.8000000e+01   7.0000000e+00  -5.3428163e+01  -3.7738396e+01   5.0126378e+02   1.8569570e+00   4.3581719e+00   0.0000000e+00
   2.0050000e+03   1.0000000e+00   1.0000000e+01   1.8000000e+01   5.9000000e+01   5.1000000e+01  -5.3432552e+01  -3.7736763e+01   4.9956720e+02   1.0883114e-02   4.4353035e-02   0.0000000e+00
   2.0050000e+03   1.0000000e+00   1.0000000e+01   1.9000000e+01   1.0000000e+00   3.3000099e+01  -5.3436859e+01  -3.7735365e+01   4.8741153e+02   5.3261279e-01   2.1706098e+00   0.0000000e+00
   2.0050000e+03   1.0000000e+00   1.0000000e+01   1.9000000e+01   3.0000000e+00   1.8000000e+01  -5.3441293e+01  -3.7733934e+01   5.0178130e+02   1.2747259e+00   5.1168637e+00   0.0000000e+00
   2.0050000e+03   1.0000000e+00   1.0000000e+01   1.9000000e+01   4.0000000e+00   5.7000099e+01  -5.3445564e+01  -3.7732623e+01   4.8238516e+02   4.7624893e+00   1.9409046e+01   0.0000000e+00
   2.0050000e+03   1.0000000e+00   1.0000000e+01   1.9000000e+01   6.0000000e+00   3.7000000e+01  -5.3449847e+01  -3.7731313e+01   4.8381648e+02   2.8364328e+00   1.1559596e+01   0.0000000e+00
   2.0050000e+03   1.0000000e+00   1.0000000e+01   1.9000000e+01   8.0000000e+00   2.0000000e+01  -5.3454337e+01  -3.7729948e+01   5.0699902e+02   0.0000000e+00   0.0000000e+00   0.0000000e+00
   2.0050000e+03   1.0000000e+00   1.0000000e+01   1.9000000e+01   1.0000000e+01   2.9999008e+00  -5.3458731e+01  -3.7728620e+01   4.9617576e+02   8.7431962e+00   3.4030761e+01   0.0000000e+00
   2.0050000e+03   1.0000000e+00   1.0000000e+01   1.9000000e+01   1.1000000e+01   4.5000000e+01  -5.3463061e+01  -3.7727353e+01   4.8830042e+02   9.8503000e+00   4.0143906e+01   0.0000000e+00
   2.0050000e+03   1.0000000e+00   1.0000000e+01   1.9000000e+01   1.3000000e+01   3.2000000e+01  -5.3467552e+01  -3.7725937e+01   5.0774944e+02   8.2033202e-01   2.0259418e+00   0.0000000e+00
   2.0050000e+03   1.0000000e+00   1.0000000e+01   1.9000000e+01   1.5000000e+01   1.6999901e+01  -5.3472010e+01  -3.7724550e+01   5.0387787e+02   1.1906997e+00   1.7101434e+00   0.0000000e+00
   2.0050000e+03   1.0000000e+00   1.0000000e+01   1.9000000e+01   1.6000000e+01   5.8999901e+01  -5.3476274e+01  -3.7723284e+01   4.8107392e+02   8.0507044e+00   3.2809835e+01   0.0000000e+00
   2.0050000e+03   1.0000000e+00   1.0000000e+01   1.9000000e+01   1.8000000e+01   4.3000000e+01  -5.3480718e+01  -3.7721864e+01   5.0269465e+02   1.1491784e+00   3.2949663e+00   0.0000000e+00
   2.0050000e+03   1.0000000e+00   1.0000000e+01   1.9000000e+01   2.0000000e+01   2.5000000e+01  -5.3485122e+01  -3.7720530e+01   4.9727681e+02   7.7060166e+00   1.9774332e+00   0.0000000e+00
   2.0050000e+03   1.0000000e+00   1.0000000e+01   1.9000000e+01   2.2000000e+01   5.0000000e+00  -5.3489417e+01  -3.7719216e+01   4.8511545e+02   8.1194765e-01   2.1997402e+00   0.0000000e+00
   2.0050000e+03   1.0000000e+00   1.0000000e+01   1.9000000e+01   2.3000000e+01   4.7000000e+01  -5.3493695e+01  -3.7717856e+01   4.8381684e+02   2.7561802e+00   1.0771452e+01   0.0000000e+00
   2.0050000e+03   1.0000000e+00   1.0000000e+01   1.9000000e+01   2.5000000e+01   3.0000000e+01  -5.3498105e+01  -3.7716370e+01   4.9971402e+02   5.7990063e-01   2.3633266e+00   0.0000000e+00
   2.0050000e+03   1.0000000e+00   1.0000000e+01   1.9000000e+01   2.7000000e+01   1.5000000e+01  -5.3502497e+01  -3.7714860e+01   4.9819183e+02   1.8067988e+00   7.4510579e+00   0.0000000e+00
   2.0050000e+03   1.0000000e+00   1.0000000e+01   1.9000000e+01   2.8000000e+01   5.7000000e+01  -5.3506772e+01  -3.7713341e+01   4.8549045e+02   3.8003056e+00   1.5539257e+01   0.0000000e+00
   2.0050000e+03   1.0000000e+00   1.0000000e+01   1.9000000e+01   3.0000000e+01   3.9000000e+01  -5.3511214e+01  -3.7711728e+01   5.0498411e+02   5.1783159e-01   2.1103705e+00   0.0000000e+00
   2.0050000e+03   1.0000000e+00   1.0000000e+01   1.9000000e+01   3.2000000e+01   2.0000000e+01  -5.3515563e+01  -3.7710152e+01   4.9435897e+02   3.5339472e-01   1.4402246e+00   0.0000000e+00
   2.0050000e+03   1.0000000e+00   1.0000000e+01   1.9000000e+01   3.4000000e+01   4.0000992e+00  -5.3519951e+01  -3.7708539e+01   4.9912319e+02   7.1830918e-01   4.3161014e-01   0.0000000e+00
   2.0050000e+03   1.0000000e+00   1.0000000e+01   1.9000000e+01   3.5000000e+01   4.6999901e+01  -5.3524277e+01  -3.7707086e+01   4.9021588e+02   2.3158909e+00   9.6526476e+00   5.0891504e-01
   2.0050000e+03   1.0000000e+00   1.0000000e+01   1.9000000e+01   3.7000000e+01   2.8999901e+01  -5.3528650e+01  -3.7705559e+01   4.9626112e+02   2.0922835e+00   7.6744017e+00   0.0000000e+00
   2.0050000e+03   1.0000000e+00   1.0000000e+01   1.9000000e+01   3.9000000e+01   1.0000099e+01  -5.3532892e+01  -3.7704017e+01   4.8230905e+02   5.1662001e-01   2.0174920e+00   0.0000000e+00
   2.0050000e+03   1.0000000e+00   1.0000000e+01   1.9000000e+01   4.0000000e+01   5.0000000e+01  -5.3537091e+01  -3.7702506e+01   4.7707809e+02   5.2842691e-02   2.1535507e-01   0.0000000e+00
   2.0050000e+03   1.0000000e+00   1.0000000e+01   1.9000000e+01   4.2000000e+01   3.6000000e+01  -5.3541594e+01  -3.7700908e+01   5.1143557e+02   1.2588448e+00   3.4414266e+00   0.0000000e+00
   2.0050000e+03   1.0000000e+00   1.0000000e+01   1.9000000e+01   4.4000000e+01   2.1000000e+01  -5.3545993e+01  -3.7699395e+01   4.9890140e+02   3.4076555e+00   1.1812986e+01   0.0000000e+00
   2.0050000e+03   1.0000000e+00   1.0000000e+01   1.9000000e+01   4.6000000e+01   4.0000992e+00  -5.3550299e+01  -3.7697800e+01   4.8991955e+02   6.8496696e-01   2.7915139e+00   0.0000000e+00
   2.0050000e+03   1.0000000e+00   1.0000000e+01   1.9000000e+01   4.7000000e+01   5.0000000e+01  -5.3554692e+01  -3.7696328e+01   4.9774238e+02   5.3394357e-01   1.5780318e+00   0.0000000e+00
   2.0050000e+03   1.0000000e+00   1.0000000e+01   1.9000000e+01   4.9000000e+01   3.4000000e+01  -5.3558967e+01  -3.7694636e+01   4.8795017e+02   2.1400453e-01   8.7215393e-01   0.0000000e+00
   2.0050000e+03   1.0000000e+00   1.0000000e+01   1.9000000e+01   5.1000000e+01   1.6000000e+01  -5.3563262e+01  -3.7693259e+01   4.8581839e+02   3.9603560e+00   1.6140032e+01   0.0000000e+00
   2.0050000e+03   1.0000000e+00   1.0000000e+01   1.9000000e+01   5.3000000e+01   0.0000000e+00  -5.3567743e+01  -3.7691818e+01   5.0701745e+02   2.1276590e+00   8.6710601e+00   0.0000000e+00
   2.0050000e+03   1.0000000e+00   1.0000000e+01   1.9000000e+01   5.4000000e+01   4.3000099e+01  -5.3572145e+01  -3.7690433e+01   4.9750982e+02   2.7912856e-01   1.1375603e+00   0.0000000e+00
   2.0050000e+03   1.0000000e+00   1.0000000e+01   1.9000000e+01   5.6000000e+01   2.2000000e+01  -5.3576357e+01  -3.7689090e+01   4.7638772e+02   1.3841455e+01   5.2573670e+01   0.0000000e+00
   2.0050000e+03   1.0000000e+00   1.0000000e+01   1.9000000e+01   5.8000000e+01   4.0000000e+00  -5.3580790e+01  -3.7687663e+01   5.0156590e+02   2.6161550e+01   8.1470104e+00   0.0000000e+00
   2.0050000e+03   1.0000000e+00   1.0000000e+01   1.9000000e+01   5.9000000e+01   4.7000099e+01  -5.3585227e+01  -3.7686247e+01   5.0174697e+02   1.2129617e+01   5.0002173e+01   0.0000000e+00
   2.0050000e+03   1.0000000e+00   1.0000000e+01   2.0000000e+01   1.0000000e+00   3.0999901e+01  -5.3589632e+01  -3.7684844e+01   4.9812779e+02   2.0745453e+00   8.5463173e+00   0.0000000e+00
   2.0050000e+03   1.0000000e+00   1.0000000e+01   2.0000000e+01   3.0000000e+00   1.5000000e+01  -5.3593977e+01  -3.7683449e+01   4.9158324e+02   5.7795128e+00   2.3553823e+01   0.0000000e+00
   2.0050000e+03   1.0000000e+00   1.0000000e+01   2.0000000e+01   5.0000000e+00   0.0000000e+00  -5.3598376e+01  -3.7681978e+01   4.9836308e+02   3.7222062e+00   1.2104570e+01   0.0000000e+00
   2.0050000e+03   1.0000000e+00   1.0000000e+01   2.0000000e+01   6.0000000e+00   4.2000000e+01  -5.3602749e+01  -3.7680512e+01   4.9541937e+02   4.0887843e+01   1.6735774e+02   0.0000000e+00
   2.0050000e+03   1.0000000e+00   1.0000000e+01   2.0000000e+01   8.0000000e+00   2.4000000e+01  -5.3607167e+01  -3.7679112e+01   4.9952596e+02   1.8621205e+00   4.3462406e+00   0.0000000e+00
   2.0050000e+03   1.0000000e+00   1.0000000e+01   2.0000000e+01   1.0000000e+01   8.0000992e+00  -5.3611570e+01  -3.7677748e+01   4.9747928e+02   2.2877296e+01   9.3594078e+01   0.0000000e+00
   2.0050000e+03   1.0000000e+00   1.0000000e+01   2.0000000e+01   1.1000000e+01   5.2000000e+01  -5.3615821e+01  -3.7676315e+01   4.8169465e+02   1.1807042e+01   4.7267419e+01   0.0000000e+00
   2.0050000e+03   1.0000000e+00   1.0000000e+01   2.0000000e+01   1.3000000e+01   4.1999901e+01  -5.3620262e+01  -3.7674751e+01   5.0418065e+02   2.4508961e+00   9.8652226e+00   0.0000000e+00
   2.0050000e+03   1.0000000e+00   1.0000000e+01   2.0000000e+01   1.5000000e+01   2.9000000e+01  -5.3624587e+01  -3.7673292e+01   4.9010062e+02   1.3693853e+00   5.2982861e+00   0.0000000e+00
   2.0050000e+03   1.0000000e+00   1.0000000e+01   2.0000000e+01   1.7000000e+01   1.5000000e+01  -5.3628940e+01  -3.7671748e+01   4.9421997e+02   3.0335700e+00   1.1160190e+01   0.0000000e+00
   2.0050000e+03   1.0000000e+00   1.0000000e+01   2.0000000e+01   1.8000000e+01   5.9000000e+01  -5.3633236e+01  -3.7670128e+01   4.8920318e+02   7.0984799e+00   2.8929140e+01   0.0000000e+00
   2.0050000e+03   1.0000000e+00   1.0000000e+01   2.0000000e+01   2.0000000e+01   4.3000000e+01  -5.3637585e+01  -3.7668628e+01   4.9325530e+02   7.2509603e+00   2.9550559e+01   0.0000000e+00
   2.0050000e+03   1.0000000e+00   1.0000000e+01   2.0000000e+01   2.2000000e+01   2.9000000e+01  -5.3641926e+01  -3.7667024e+01   4.9384425e+02   1.3536229e+01   5.5165539e+01   0.0000000e+00
   2.0050000e+03   1.0000000e+00   1.0000000e+01   2.0000000e+01   2.4000000e+01   1.6000000e+01  -5.3646258e+01  -3.7665408e+01   4.9294333e+02   1.2098729e+00   4.8029975e+00   0.0000000e+00
   2.0050000e+03   1.0000000e+00   1.0000000e+01   2.0000000e+01   2.6000000e+01   1.0000000e+00  -5.3650639e+01  -3.7663836e+01   4.9768749e+02   1.5621253e+01   5.3470028e+01   0.0000000e+00
   2.0050000e+03   1.0000000e+00   1.0000000e+01   2.0000000e+01   2.7000000e+01   4.7000000e+01  -5.3654998e+01  -3.7662190e+01   4.9641830e+02   1.2635147e+01   5.7770991e+00   0.0000000e+00
   2.0050000e+03   1.0000000e+00   1.0000000e+01   2.0000000e+01   2.9000000e+01   3.2000000e+01  -5.3659375e+01  -3.7660545e+01   4.9825140e+02   1.5956350e+01   6.2868868e+01   0.0000000e+00
   2.0050000e+03   1.0000000e+00   1.0000000e+01   2.0000000e+01   3.1000000e+01   1.9000000e+01  -5.3663653e+01  -3.7658867e+01   4.8807911e+02   1.8594771e+01   7.0314652e+01   0.0000000e+00
   2.0050000e+03   1.0000000e+00   1.0000000e+01   2.0000000e+01   3.3000000e+01   6.0000000e+00  -5.3668041e+01  -3.7657268e+01   4.9884421e+02   2.6434821e+01   1.0542525e+01   0.0000000e+00
   2.0050000e+03   1.0000000e+00   1.0000000e+01   2.0000000e+01   3.4000000e+01   5.2000000e+01  -5.3672433e+01  -3.7655731e+01   4.9843024e+02   4.3360248e+00   1.7721950e+01   0.0000000e+00
   2.0050000e+03   1.0000000e+00   1.0000000e+01   2.0000000e+01   3.6000000e+01   3.7000000e+01  -5.3676810e+01  -3.7654101e+01   4.9800137e+02   1.3321903e+00   1.8236459e+00   0.0000000e+00
   2.0050000e+03   1.0000000e+00   1.0000000e+01   2.0000000e+01   3.8000000e+01   2.3000000e+01  -5.3681171e+01  -3.7652448e+01   4.9668066e+02   1.2918139e+00   5.2646576e+00   0.0000000e+00
   2.0050000e+03   1.0000000e+00   1.0000000e+01   2.0000000e+01   4.0000000e+01   7.0000000e+00  -5.3685484e+01  -3.7650674e+01   4.9328154e+02   1.6926838e+00   5.4184371e+00   0.0000000e+00
   2.0050000e+03   1.0000000e+00   1.0000000e+01   2.0000000e+01   4.1000000e+01   5.0000000e+01  -5.3689811e+01  -3.7649040e+01   4.9271237e+02   1.6396800e+00   6.5582950e+00   0.0000000e+00
   2.0050000e+03   1.0000000e+00   1.0000000e+01   2.0000000e+01   4.3000000e+01   3.3000000e+01  -5.3694157e+01  -3.7647532e+01   4.9300703e+02   1.1421199e+00   4.0741746e+00   0.0000000e+00
   2.0050000e+03   1.0000000e+00   1.0000000e+01   2.0000000e+01   4.5000000e+01   1.6000000e+01  -5.3698574e+01  -3.7646003e+01   5.0099134e+02   3.4912070e+00   1.3840134e+01   0.0000000e+00
   2.0050000e+03   1.0000000e+00   1.0000000e+01   2.0000000e+01   4.6000000e+01   5.8000000e+01  -5.3702962e+01  -3.7644501e+01   4.9750086e+02   1.6147911e+02   6.5053067e+02   0.0000000e+00
   2.0050000e+03   1.0000000e+00   1.0000000e+01   2.0000000e+01   4.8000000e+01   3.7000000e+01  -5.3707236e+01  -3.7642909e+01   4.8636373e+02   6.0732702e+02   1.9049123e+03   0.0000000e+00
   2.0050000e+03   1.0000000e+00   1.0000000e+01   2.0000000e+01   5.0000000e+01   1.6000000e+01  -5.3711546e+01  -3.7641336e+01   4.8993056e+02   7.6706469e+02   1.4534622e+03   0.0000000e+00
   2.0050000e+03   1.0000000e+00   1.0000000e+01   2.0000000e+01   5.1000000e+01   5.6000000e+01  -5.3715936e+01  -3.7639871e+01   4.9725762e+02   1.8106740e+01   6.5751729e+01   0.0000000e+00
   2.0050000e+03   1.0000000e+00   1.0000000e+01   2.0000000e+01   5.3000000e+01   3.7000000e+01  -5.3720373e+01  -3.7638360e+01   5.0293543e+02   7.7555053e+00   2.9919268e+01   0.0000000e+00
   2.0050000e+03   1.0000000e+00   1.0000000e+01   2.0000000e+01   5.5000000e+01   1.6000000e+01  -5.3724711e+01  -3.7636814e+01   4.9267472e+02   2.2311731e+00   9.1622954e+00   0.0000000e+00
   2.0050000e+03   1.0000000e+00   1.0000000e+01   2.0000000e+01   5.6000000e+01   5.5000000e+01  -5.3729112e+01  -3.7635371e+01   4.9815208e+02   2.1311348e+00   2.2005686e+00   0.0000000e+00
   2.0050000e+03   1.0000000e+00   1.0000000e+01   2.0000000e+01   5.8000000e+01   3.4000000e+01  -5.3733523e+01  -3.7633954e+01   4.9889055e+02   8.0849142e+00   3.0260176e+01   0.0000000e+00
   2.0050000e+03   1.0000000e+00   1.0000000e+01   2.1000000e+01   0.0000000e+00   1.3000000e+01  -5.3737858e+01  -3.7632441e+01   4.9190236e+02   3.8380494e+00   1.4710137e+01   0.0000000e+00
   2.0050000e+03   1.0000000e+00   1.0000000e+01   2.1000000e+01   1.0000000e+00   5.4000000e+01  -5.3742268e+01  -3.7630999e+01   4.9912033e+02   1.6224783e+01   6.6101540e+01   0.0000000e+00
   2.0050000e+03   1.0000000e+00   1.0000000e+01   2.1000000e+01   3.0000000e+00   3.3000000e+01  -5.3746702e+01  -3.7629628e+01   5.0088219e+02   5.0946408e+00   1.7290299e+00   0.0000000e+00
   2.0050000e+03   1.0000000e+00   1.0000000e+01   2.1000000e+01   5.0000000e+00   9.0000992e+00  -5.3751043e+01  -3.7628224e+01   4.9112093e+02   7.7882770e-01   2.8833048e+00   0.0000000e+00
