   2.0050000e+03   1.0000000e+00   7.0000000e+00   1.4000000e+01   9.0000000e+00   3.0000000e+01  -5.3960417e+01  -3.8528491e+01   4.9890194e+02   6.2022053e-01   2.5276463e+00   0.0000000e+00
   2.0050000e+03   1.0000000e+00   7.0000000e+00   1.4000000e+01   1.1000000e+01   1.3000000e+01  -5.3955932e+01  -3.8529403e+01   5.0202024e+02   6.3815467e-01   2.6007351e+00   0.0000000e+00
   2.0050000e+03   1.0000000e+00   7.0000000e+00   1.4000000e+01   1.2000000e+01   5.8000000e+01  -5.3951400e+01  -3.8530527e+01   5.0883465e+02   1.4336385e+00   5.7171242e+00   0.0000000e+00
   2.0050000e+03   1.0000000e+00   7.0000000e+00   1.4000000e+01   1.4000000e+01   3.8000000e+01  -5.3947077e+01  -3.8531712e+01   4.8663579e+02   2.0489146e+00   5.9860936e+00   0.0000000e+00
   2.0050000e+03   1.0000000e+00   7.0000000e+00   1.4000000e+01   1.6000000e+01   2.6000000e+01  -5.3942389e+01  -3.8532948e+01   5.2717508e+02   8.6415786e-01   3.5217884e+00   0.0000000e+00
   2.0050000e+03   1.0000000e+00   7.0000000e+00   1.4000000e+01   1.8000000e+01   7.0000000e+00  -5.3938193e+01  -3.8533882e+01   4.7018887e+02   1.8546657e+00   6.3688806e+00   0.0000000e+00
   2.0050000e+03   1.0000000e+00   7.0000000e+00   1.4000000e+01   1.9000000e+01   5.3000000e+01  -5.3933629e+01  -3.8535080e+01   5.1319077e+02   1.3248029e+00   5.5653395e+00   0.0000000e+00
   2.0050000e+03   1.0000000e+00   7.0000000e+00   1.4000000e+01   2.1000000e+01   3.6000000e+01  -5.3929233e+01  -3.8536213e+01   4.9405242e+02   1.2480576e+00   4.3115565e+00   0.0000000e+00
   2.0050000e+03   1.0000000e+00   7.0000000e+00   1.4000000e+01   2.3000000e+01   2.4000000e+01  -5.3924824e+01  -3.8537679e+01   4.9926594e+02   2.1113519e+00   8.6564952e+00   0.0000000e+00
   2.0050000e+03   1.0000000e+00   7.0000000e+00   1.4000000e+01   2.5000000e+01   1.0000000e+01  -5.3920452e+01  -3.8539102e+01   4.9471389e+02   3.4522919e+00   1.4751822e+01   0.0000000e+00
   2.0050000e+03   1.0000000e+00   7.0000000e+00   1.4000000e+01   2.6000000e+01   5.6000000e+01  -5.3916003e+01  -3.8540568e+01   5.0355730e+02   2.0165674e+00   7.6059829e+00   0.0000000e+00
   2.0050000e+03   1.0000000e+00   7.0000000e+00   1.4000000e+01   2.8000000e+01   4.2000000e+01  -5.3911515e+01  -3.8541933e+01   5.0661060e+02   2.1909890e+00   4.5082015e+00   0.0000000e+00
   2.0050000e+03   1.0000000e+00   7.0000000e+00   1.4000000e+01   3.0000000e+01   2.3000000e+01  -5.3907267e+01  -3.8543399e+01   4.8168325e+02   1.0537977e+00   4.3443996e+00   0.0000000e+00
   2.0050000e+03   1.0000000e+00   7.0000000e+00   1.4000000e+01   3.2000000e+01   1.1000000e+01  -5.3902697e+01  -3.8544982e+01   5.1836337e+02   1.2934546e+00   5.2713439e+00   0.0000000e+00
   2.0050000e+03   1.0000000e+00   7.0000000e+00   1.4000000e+01   3.3000000e+01   5.2000000e+01  -5.3898449e+01  -3.8546486e+01   4.8219815e+02   2.2533307e+00   6.1441015e+00   0.0000000e+00
   2.0050000e+03   1.0000000e+00   7.0000000e+00   1.4000000e+01   3.5000000e+01   4.2000000e+01  -5.3893879e+01  -3.8548161e+01   5.1949410e+02   2.7840385e+00   6.6468558e+00   0.0000000e+00
   2.0050000e+03   1.0000000e+00   7.0000000e+00   1.4000000e+01   3.7000000e+01   2.2000000e+01  -5.3889619e+01  -3.8549467e+01   4.8106036e+02   2.6162545e+00   6.7505338e+00   0.0000000e+00
   2.0050000e+03   1.0000000e+00   7.0000000e+00   1.4000000e+01   3.9000000e+01   8.0000000e+00  -5.3885183e+01  -3.8550903e+01   5.0177335e+02   3.2795198e+00   1.2006400e+01   0.0000000e+00
   2.0050000e+03   1.0000000e+00   7.0000000e+00   1.4000000e+01   4.0000000e+01   5.2000000e+01  -5.3880800e+01  -3.8552126e+01   4.9360817e+02   2.0350217e+00   8.2935259e+00   0.0000000e+00
   2.0050000e+03   1.0000000e+00   7.0000000e+00   1.4000000e+01   4.2000000e+01   4.0000000e+01  -5.3876288e+01  -3.8553528e+01   5.0966811e+02   1.3685496e+00   5.6047386e+00   0.0000000e+00
   2.0050000e+03   1.0000000e+00   7.0000000e+00   1.4000000e+01   4.4000000e+01   2.6000000e+01  -5.3871920e+01  -3.8554794e+01   4.9240857e+02   2.3033895e+00   6.3665811e+00   0.0000000e+00
   2.0050000e+03   1.0000000e+00   7.0000000e+00   1.4000000e+01   4.6000000e+01   1.3000000e+01  -5.3867460e+01  -3.8556077e+01   5.0274741e+02   1.5809983e+00   6.5244809e+00   0.0000000e+00
   2.0050000e+03   1.0000000e+00   7.0000000e+00   1.4000000e+01   4.8000000e+01   0.0000000e+00  -5.3862932e+01  -3.8557473e+01   5.1140102e+02   1.7781725e+00   6.5249107e+00   0.0000000e+00
   2.0050000e+03   1.0000000e+00   7.0000000e+00   1.4000000e+01   4.9000000e+01   4.0000000e+01  -5.3858658e+01  -3.8558748e+01   4.8220102e+02   5.2828179e+00   2.0392090e+01   0.0000000e+00
   2.0050000e+03   1.0000000e+00   7.0000000e+00   1.4000000e+01   5.1000000e+01   2.4000000e+01  -5.3854118e+01  -3.8560130e+01   5.1258706e+02   6.1419269e+00   2.2879976e+01   0.0000000e+00
   2.0050000e+03   1.0000000e+00   7.0000000e+00   1.4000000e+01   5.3000000e+01   1.0000000e+00  -5.3849819e+01  -3.8561398e+01   4.8486275e+02   3.1227435e+01   1.2784827e+02   0.0000000e+00
   2.0050000e+03   1.0000000e+00   7.0000000e+00   1.4000000e+01   5.4000000e+01   4.3000000e+01  -5.3845270e+01  -3.8562818e+01   5.1396789e+02   7.5516357e+00   3.0967005e+01   0.0000000e+00
   2.0050000e+03   1.0000000e+00   7.0000000e+00   1.4000000e+01   5.6000000e+01   2.0000000e+01  -5.3840889e+01  -3.8564248e+01   4.9573601e+02   1.2424804e+01   4.3782597e+01   0.0000000e+00
   2.0050000e+03   1.0000000e+00   7.0000000e+00   1.4000000e+01   5.7000000e+01   5.8000000e+01  -5.3836500e+01  -3.8565669e+01   4.9648765e+02   2.1670733e+01   8.0498845e+01   0.0000000e+00
   2.0050000e+03   1.0000000e+00   7.0000000e+00   1.4000000e+01   5.9000000e+01   4.2000000e+01  -5.3831931e+01  -3.8567034e+01   5.1562463e+02   9.9300821e+00   3.8431668e+01   1.1170337e+01
   2.0050000e+03   1.0000000e+00   7.0000000e+00   1.5000000e+01   1.0000000e+00   1.9000000e+01  -5.3828079e+01  -3.8568205e+01   4.3479494e+02   1.4941599e+01   5.5065872e+01   0.0000000e+00
   2.0050000e+03   1.0000000e+00   7.0000000e+00   1.5000000e+01   3.0000000e+00   5.0000000e+00  -5.3823771e+01  -3.8569563e+01   4.8693323e+02   5.9638620e+00   2.1353066e+01   0.0000000e+00
   2.0050000e+03   1.0000000e+00   7.0000000e+00   1.5000000e+01   4.0000000e+00   4.4000000e+01  -5.3818910e+01  -3.8571069e+01   5.4910482e+02   1.3885283e+01   5.2121407e+01   0.0000000e+00
   2.0050000e+03   1.0000000e+00   7.0000000e+00   1.5000000e+01   6.0000000e+00   4.1000000e+01  -5.3813940e+01  -3.8572747e+01   5.6312005e+02   2.2198512e+01   7.7024645e+01   0.0000000e+00
   2.0050000e+03   1.0000000e+00   7.0000000e+00   1.5000000e+01   8.0000000e+00   2.0000000e+01  -5.3809641e+01  -3.8574223e+01   4.8747674e+02   1.6486617e+03   6.7195074e+03   1.1927892e+03
   2.0050000e+03   1.0000000e+00   7.0000000e+00   1.5000000e+01   9.0000000e+00   4.9000000e+01  -5.3806029e+01  -3.8575432e+01   4.0907383e+02   2.5319559e+03   1.5429973e+04   9.4454407e+03
   2.0050000e+03   1.0000000e+00   7.0000000e+00   1.5000000e+01   1.1000000e+01   2.8000000e+01  -5.3801224e+01  -3.8577185e+01   5.4623801e+02   3.9501119e+02   1.6635275e+03   0.0000000e+00
   2.0050000e+03   1.0000000e+00   7.0000000e+00   1.5000000e+01   1.3000000e+01   5.0000000e+00  -5.3796831e+01  -3.8578727e+01   4.9849844e+02   9.5988926e+02   4.4664352e+03   1.6627905e+03
   2.0050000e+03   1.0000000e+00   7.0000000e+00   1.5000000e+01   1.4000000e+01   4.6000000e+01  -5.3792317e+01  -3.8580335e+01   5.1257767e+02   4.7387943e+01   1.6628176e+02   1.0932999e+02
   2.0050000e+03   1.0000000e+00   7.0000000e+00   1.5000000e+01   1.6000000e+01   2.1000000e+01  -5.3788127e+01  -3.8581858e+01   4.7625872e+02   6.1583926e+01   2.4395085e+02   1.3942590e+02
   2.0050000e+03   1.0000000e+00   7.0000000e+00   1.5000000e+01   1.8000000e+01   5.0000000e+00  -5.3783575e+01  -3.8583478e+01   5.1683641e+02   3.6233747e+01   1.3579397e+02   1.1204688e+02
   2.0050000e+03   1.0000000e+00   7.0000000e+00   1.5000000e+01   1.9000000e+01   4.2000000e+01  -5.3779312e+01  -3.8584954e+01   4.8353236e+02   3.0992962e+01   1.2630870e+02   9.2460154e+01
   2.0050000e+03   1.0000000e+00   7.0000000e+00   1.5000000e+01   2.1000000e+01   2.5000000e+01  -5.3774799e+01  -3.8586515e+01   5.1186512e+02   1.1346957e+01   5.0202705e+01   1.4700853e+01
   2.0050000e+03   1.0000000e+00   7.0000000e+00   1.5000000e+01   2.3000000e+01   1.0000000e+01  -5.3770422e+01  -3.8588018e+01   4.9630879e+02   4.6178038e+00   1.6788781e+01   0.0000000e+00
   2.0050000e+03   1.0000000e+00   7.0000000e+00   1.5000000e+01   2.5000000e+01   2.2000000e+01  -5.3766658e+01  -3.8589327e+01   4.2697221e+02   5.6457480e+00   2.3166145e+01   0.0000000e+00
   2.0050000e+03   1.0000000e+00   7.0000000e+00   1.5000000e+01   2.7000000e+01   1.0000000e+01  -5.3761656e+01  -3.8591131e+01   5.6827922e+02   1.2263177e+01   4.2336104e+01   0.0000000e+00
   2.0050000e+03   1.0000000e+00   7.0000000e+00   1.5000000e+01   2.8000000e+01   2.0000000e+01  -5.3756902e+01  -3.8592808e+01   5.3961921e+02   3.0393435e+00   1.4926807e+01   0.0000000e+00
   2.0050000e+03   1.0000000e+00   7.0000000e+00   1.5000000e+01   2.9000000e+01   4.8000099e+01  -5.3752728e+01  -3.8594281e+01   4.7384850e+02   3.6056510e+00   1.0949676e+01   0.0000000e+00
   2.0050000e+03   1.0000000e+00   7.0000000e+00   1.5000000e+01   3.1000000e+01   2.1000099e+01  -5.3748430e+01  -3.8595728e+01   4.8699074e+02   2.2291090e+00   1.1303338e+01   4.8442338e-01
   2.0050000e+03   1.0000000e+00   7.0000000e+00   1.5000000e+01   3.3000000e+01   0.0000000e+00  -5.3743919e+01  -3.8597240e+01   5.1093655e+02   2.3674901e+00   1.1354285e+01   0.0000000e+00
   2.0050000e+03   1.0000000e+00   7.0000000e+00   1.5000000e+01   3.4000000e+01   3.3000000e+01  -5.3739593e+01  -3.8598672e+01   4.8990545e+02   3.8965038e+00   1.6082841e+01   0.0000000e+00
   2.0050000e+03   1.0000000e+00   7.0000000e+00   1.5000000e+01   3.6000000e+01   1.1000000e+01  -5.3735142e+01  -3.8600113e+01   5.0349934e+02   2.0391842e+00   6.7100791e+00   0.0000000e+00
   2.0050000e+03   1.0000000e+00   7.0000000e+00   1.5000000e+01   3.7000000e+01   5.1000000e+01  -5.3730691e+01  -3.8601572e+01   5.0380470e+02   2.1881195e+00   7.2245361e+00   0.0000000e+00
   2.0050000e+03   1.0000000e+00   7.0000000e+00   1.5000000e+01   3.9000000e+01   2.8000000e+01  -5.3726343e+01  -3.8602549e+01   4.8747387e+02   2.7323128e+00   1.1284617e+01   3.1801672e+00
   2.0050000e+03   1.0000000e+00   7.0000000e+00   1.5000000e+01   4.1000000e+01   1.0000000e+01  -5.3721777e+01  -3.8602278e+01   5.0770289e+02   3.8553483e+00   1.4171263e+01   0.0000000e+00
   2.0050000e+03   1.0000000e+00   7.0000000e+00   1.5000000e+01   4.2000000e+01   4.8000000e+01  -5.3717402e+01  -3.8600971e+01   4.9363060e+02   2.0471862e+00   1.2708319e+01   0.0000000e+00
   2.0050000e+03   1.0000000e+00   7.0000000e+00   1.5000000e+01   4.4000000e+01   2.3000000e+01  -5.3713047e+01  -3.8599385e+01   4.9507418e+02   4.5383752e+00   1.6430507e+01   3.8295667e+00
   2.0050000e+03   1.0000000e+00   7.0000000e+00   1.5000000e+01   4.5000000e+01   5.6000000e+01  -5.3708634e+01  -3.8597870e+01   5.0038754e+02   2.3461706e+00   1.1055188e+01   2.9749004e+00
   2.0050000e+03   1.0000000e+00   7.0000000e+00   1.5000000e+01   4.7000000e+01   2.9000000e+01  -5.3704288e+01  -3.8595990e+01   4.9844406e+02   3.2250128e+00   6.2671081e+00   0.0000000e+00
   2.0050000e+03   1.0000000e+00   7.0000000e+00   1.5000000e+01   4.9000000e+01   3.0000000e+00  -5.3699892e+01  -3.8593766e+01   5.0991646e+02   2.4155970e+00   1.2138940e+01   0.0000000e+00
   2.0050000e+03   1.0000000e+00   7.0000000e+00   1.5000000e+01   5.0000000e+01   3.7000099e+01  -5.3695659e+01  -3.8591219e+01   4.9935148e+02   3.1245714e+00   1.0581881e+01   0.0000000e+00
   2.0050000e+03   1.0000000e+00   7.0000000e+00   1.5000000e+01   5.2000000e+01   3.0000000e+00  -5.3691866e+01  -3.8588971e+01   4.4664337e+02   2.4761595e+00   1.2484522e+01   0.0000000e+00
   2.0050000e+03   1.0000000e+00   7.0000000e+00   1.5000000e+01   5.3000000e+01   5.9000000e+01  -5.3686719e+01  -3.8585934e+01   6.0590153e+02   4.9122349e+00   2.0213102e+01   0.0000000e+00
   2.0050000e+03   1.0000000e+00   7.0000000e+00   1.5000000e+01   5.4000000e+01   4.7000099e+01  -5.3684664e+01  -3.8584705e+01   2.4224251e+02   2.8551738e+00   1.1635973e+01   0.0000000e+00
   2.0050000e+03   1.0000000e+00   7.0000000e+00   1.5000000e+01   5.7000000e+01   2.8000000e+01  -5.3677663e+01  -3.8580726e+01   8.2088329e+02   2.2975482e+00   8.0646630e+00   0.0000000e+00
   2.0050000e+03   1.0000000e+00   7.0000000e+00   1.5000000e+01   5.8000000e+01   4.5000000e+01  -5.3674255e+01  -3.8580532e+01   3.7890258e+02   3.3079403e+00   1.3784668e+01   0.0000000e+00
   2.0050000e+03   1.0000000e+00   7.0000000e+00   1.6000000e+01   0.0000000e+00   2.7000000e+01  -5.3669747e+01  -3.8580850e+01   5.0136208e+02   4.4762510e+00   2.2398795e+01   0.0000000e+00
   2.0050000e+03   1.0000000e+00   7.0000000e+00   1.6000000e+01   2.0000000e+00   1.1000099e+01  -5.3665390e+01  -3.8582396e+01   4.9468352e+02   3.8645838e+00   8.1868087e+00   0.0000000e+00
   2.0050000e+03   1.0000000e+00   7.0000000e+00   1.6000000e+01   3.0000000e+00   5.5000000e+01  -5.3660997e+01  -3.8584101e+01   5.0088564e+02   1.4783120e+00   6.3697487e+00   0.0000000e+00
   2.0050000e+03   1.0000000e+00   7.0000000e+00   1.6000000e+01   5.0000000e+00   3.6000000e+01  -5.3656630e+01  -3.8586105e+01   5.0289594e+02   1.6602294e+00   1.2550043e+01   5.6449889e+00
   2.0050000e+03   1.0000000e+00   7.0000000e+00   1.6000000e+01   7.0000000e+00   1.7000000e+01  -5.3652315e+01  -3.8588118e+01   4.9747598e+02   2.7534311e+00   1.0703321e+01   0.0000000e+00
   2.0050000e+03   1.0000000e+00   7.0000000e+00   1.6000000e+01   8.0000000e+00   5.6000000e+01  -5.3648107e+01  -3.8590495e+01   4.9312761e+02   7.2375361e+00   1.3327936e+01   0.0000000e+00
   2.0050000e+03   1.0000000e+00   7.0000000e+00   1.6000000e+01   1.0000000e+01   3.6000000e+01  -5.3643845e+01  -3.8592971e+01   5.0085970e+02   2.9854797e+00   8.2164034e+00   0.0000000e+00
   2.0050000e+03   1.0000000e+00   7.0000000e+00   1.6000000e+01   1.2000000e+01   1.6000000e+01  -5.3639599e+01  -3.8595477e+01   4.9992582e+02   2.1793032e+00   8.9422742e+00   4.1719700e-01
   2.0050000e+03   1.0000000e+00   7.0000000e+00   1.6000000e+01   1.3000000e+01   5.6000000e+01  -5.3635352e+01  -3.8597903e+01   4.9821996e+02   1.8023125e+00   4.1064505e+00   0.0000000e+00
   2.0050000e+03   1.0000000e+00   7.0000000e+00   1.6000000e+01   1.5000000e+01   3.5000099e+01  -5.3631083e+01  -3.8600408e+01   5.0223001e+02   1.2691896e+00   4.1569792e+00   0.0000000e+00
   2.0050000e+03   1.0000000e+00   7.0000000e+00   1.6000000e+01   1.7000000e+01   1.5000000e+01  -5.3626829e+01  -3.8602883e+01   5.0006935e+02   2.2469559e+00   7.5649766e+00   0.0000000e+00
   2.0050000e+03   1.0000000e+00   7.0000000e+00   1.6000000e+01   1.8000000e+01   5.3000000e+01  -5.3622630e+01  -3.8605281e+01   4.9258269e+02   3.5944112e+00   1.3846958e+01   0.0000000e+00
   2.0050000e+03   1.0000000e+00   7.0000000e+00   1.6000000e+01   2.0000000e+01   3.1000099e+01  -5.3618407e+01  -3.8607631e+01   4.9417824e+02   5.5259984e+00   2.2554311e+01   0.0000000e+00
   2.0050000e+03   1.0000000e+00   7.0000000e+00   1.6000000e+01   2.2000000e+01   1.1000000e+01  -5.3614180e+01  -3.8610018e+01   4.9543945e+02   6.5892904e+00   1.0402883e+01   0.0000000e+00
   2.0050000e+03   1.0000000e+00   7.0000000e+00   1.6000000e+01   2.3000000e+01   5.1000000e+01  -5.3609986e+01  -3.8612381e+01   4.9136722e+02   6.9042596e+00   1.2521414e+01   0.0000000e+00
   2.0050000e+03   1.0000000e+00   7.0000000e+00   1.6000000e+01   2.5000000e+01   3.4000000e+01  -5.3605736e+01  -3.8614775e+01   4.9791447e+02   3.1756934e+00   1.0885176e+01   0.0000000e+00
   2.0050000e+03   1.0000000e+00   7.0000000e+00   1.6000000e+01   2.7000000e+01   1.6000099e+01  -5.3601505e+01  -3.8617110e+01   4.9471011e+02   2.6292506e+00   9.7615641e+00   0.0000000e+00
   2.0050000e+03   1.0000000e+00   7.0000000e+00   1.6000000e+01   2.8000000e+01   5.4000000e+01  -5.3597184e+01  -3.8619513e+01   5.0556450e+02   4.0067645e+00   8.9804783e+00   0.0000000e+00
   2.0050000e+03   1.0000000e+00   7.0000000e+00   1.6000000e+01   3.0000000e+01   2.8000000e+01  -5.3592996e+01  -3.8621917e+01   4.9165187e+02   2.3592682e+00   9.8590521e+00   0.0000000e+00
   2.0050000e+03   1.0000000e+00   7.0000000e+00   1.6000000e+01   3.2000000e+01   3.0000000e+00  -5.3588735e+01  -3.8624501e+01   5.0330661e+02   2.7460900e+00   1.1191413e+01   0.0000000e+00
   2.0050000e+03   1.0000000e+00   7.0000000e+00   1.6000000e+01   3.3000000e+01   4.0000000e+01  -5.3584562e+01  -3.8627195e+01   4.9656961e+02   5.3651211e+00   1.1022614e+01   0.0000000e+00
   2.0050000e+03   1.0000000e+00   7.0000000e+00   1.6000000e+01   3.5000000e+01   1.8000099e+01  -5.3580438e+01  -3.8629829e+01   4.9009584e+02   3.4455277e+00   1.6737646e+01   2.5155255e+00
   2.0050000e+03   1.0000000e+00   7.0000000e+00   1.6000000e+01   3.6000000e+01   5.7000000e+01  -5.3576201e+01  -3.8632540e+01   5.0363521e+02   5.3131406e+00   1.2584240e+01   3.0739455e+00
   2.0050000e+03   1.0000000e+00   7.0000000e+00   1.6000000e+01   3.8000000e+01   3.6000000e+01  -5.3571983e+01  -3.8635216e+01   5.0087766e+02   4.6564469e+00   1.3322739e+01   0.0000000e+00
   2.0050000e+03   1.0000000e+00   7.0000000e+00   1.6000000e+01   4.0000000e+01   1.2000000e+01  -5.3567821e+01  -3.8637852e+01   4.9401733e+02   2.9620434e+00   1.0290918e+01   0.0000000e+00
   2.0050000e+03   1.0000000e+00   7.0000000e+00   1.6000000e+01   4.1000000e+01   4.9000000e+01  -5.3563648e+01  -3.8640473e+01   4.9495720e+02   5.8118100e+00   2.6301075e+01   0.0000000e+00
   2.0050000e+03   1.0000000e+00   7.0000000e+00   1.6000000e+01   4.3000000e+01   2.7000000e+01  -5.3559356e+01  -3.8643133e+01   5.0824308e+02   3.9420393e+00   2.1265244e+01   0.0000000e+00
   2.0050000e+03   1.0000000e+00   7.0000000e+00   1.6000000e+01   4.5000000e+01   4.0000000e+00  -5.3555187e+01  -3.8645778e+01   4.9500813e+02   2.5916692e+00   9.2080199e+00   1.3748262e+00
   2.0050000e+03   1.0000000e+00   7.0000000e+00   1.6000000e+01   4.6000000e+01   3.9000000e+01  -5.3551032e+01  -3.8648380e+01   4.9265139e+02   3.9502241e+00   1.1057357e+01   1.3144463e+00
   2.0050000e+03   1.0000000e+00   7.0000000e+00   1.6000000e+01   4.8000000e+01   1.5999901e+01  -5.3546814e+01  -3.8651087e+01   5.0163956e+02   3.8194540e+00   1.6782940e+01   1.5238810e+00
   2.0050000e+03   1.0000000e+00   7.0000000e+00   1.6000000e+01   4.9000000e+01   5.4000000e+01  -5.3542703e+01  -3.8653656e+01   4.8732315e+02   1.5448020e+00   7.3158979e+00   0.0000000e+00
   2.0050000e+03   1.0000000e+00   7.0000000e+00   1.6000000e+01   5.1000000e+01   3.3000000e+01  -5.3538506e+01  -3.8656303e+01   4.9802864e+02   1.3663268e+00   1.3172918e+01   0.0000000e+00
   2.0050000e+03   1.0000000e+00   7.0000000e+00   1.6000000e+01   5.3000000e+01   1.4000000e+01  -5.3534276e+01  -3.8658988e+01   5.0239945e+02   4.3546784e+00   2.0627016e+01   0.0000000e+00
   2.0050000e+03   1.0000000e+00   7.0000000e+00   1.6000000e+01   5.4000000e+01   5.6000000e+01  -5.3530174e+01  -3.8661563e+01   4.8640638e+02   4.7461410e+00   1.8866663e+01   0.0000000e+00
   2.0050000e+03   1.0000000e+00   7.0000000e+00   1.6000000e+01   5.6000000e+01   4.1000000e+01  -5.3526001e+01  -3.8664148e+01   4.9423787e+02   7.0648881e+00   2.7843703e+01   0.0000000e+00
   2.0050000e+03   1.0000000e+00   7.0000000e+00   1.6000000e+01   5.8000000e+01   2.6000099e+01  -5.3521671e+01  -3.8665861e+01   4.9422260e+02   7.5658276e+00   3.0420089e+01   0.0000000e+00
   2.0050000e+03   1.0000000e+00   7.0000000e+00   1.7000000e+01   0.0000000e+00   9.0000000e+00  -5.3517285e+01  -3.8667430e+01   4.9832789e+02   8.1936221e+00   2.4285163e+01   0.0000000e+00
   2.0050000e+03   1.0000000e+00   7.0000000e+00   1.7000000e+01   1.0000000e+00   5.1000000e+01  -5.3512870e+01  -3.8668967e+01   5.0097417e+02   5.3403309e+00   2.1763981e+01   0.0000000e+00
   2.0050000e+03   1.0000000e+00   7.0000000e+00   1.7000000e+01   3.0000000e+00   3.5000000e+01  -5.3508449e+01  -3.8670522e+01   5.0183266e+02   9.0086348e-01   9.1492108e+00   0.0000000e+00
   2.0050000e+03   1.0000000e+00   7.0000000e+00   1.7000000e+01   5.0000000e+00   1.8000000e+01  -5.3503989e+01  -3.8672118e+01   5.0676206e+02   2.4359057e+00   1.0791720e+01   0.0000000e+00
   2.0050000e+03   1.0000000e+00   7.0000000e+00   1.7000000e+01   7.0000000e+00   2.0000000e+00  -5.3499631e+01  -3.8673734e+01   4.9587209e+02   2.4557992e+00   1.1003635e+01   0.0000000e+00
   2.0050000e+03   1.0000000e+00   7.0000000e+00   1.7000000e+01   8.0000000e+00   4.7000000e+01  -5.3495290e+01  -3.8675271e+01   4.9298010e+02   2.6124324e+00   1.1694834e+01   0.0000000e+00
   2.0050000e+03   1.0000000e+00   7.0000000e+00   1.7000000e+01   1.0000000e+01   3.1000000e+01  -5.3490850e+01  -3.8676693e+01   5.0221014e+02   3.1724086e+01   1.2848570e+02   1.1910622e+02
   2.0050000e+03   1.0000000e+00   7.0000000e+00   1.7000000e+01   1.2000000e+01   1.2000000e+01  -5.3486463e+01  -3.8678069e+01   4.9588330e+02   5.6075746e+00   2.2853106e+01   0.0000000e+00
   2.0050000e+03   1.0000000e+00   7.0000000e+00   1.7000000e+01   1.3000000e+01   5.4000000e+01  -5.3482010e+01  -3.8679367e+01   5.0226327e+02   2.8328118e+00   1.4144713e+01   0.0000000e+00
   2.0050000e+03   1.0000000e+00   7.0000000e+00   1.7000000e+01   1.5000000e+01   3.6000000e+01  -5.3477592e+01  -3.8680626e+01   4.9793638e+02   1.1121483e+00   4.6325171e+00   0.0000000e+00
   2.0050000e+03   1.0000000e+00   7.0000000e+00   1.7000000e+01   1.7000000e+01   1.7000000e+01  -5.3473181e+01  -3.8681847e+01   4.9670205e+02   2.4856397e+00   1.0204025e+01   0.0000000e+00
   2.0050000e+03   1.0000000e+00   7.0000000e+00   1.7000000e+01   1.8000000e+01   5.9000000e+01  -5.3468714e+01  -3.8683109e+01   5.0341479e+02   2.7054091e+00   1.7738869e+01   0.0000000e+00
   2.0050000e+03   1.0000000e+00   7.0000000e+00   1.7000000e+01   2.0000000e+01   4.2000000e+01  -5.3464296e+01  -3.8684323e+01   4.9744984e+02   1.0392824e+00   4.2354909e+00   0.0000000e+00
   2.0050000e+03   1.0000000e+00   7.0000000e+00   1.7000000e+01   2.2000000e+01   2.4000000e+01  -5.3459881e+01  -3.8685552e+01   4.9722995e+02   9.9318187e-01   1.4686778e+01   0.0000000e+00
   2.0050000e+03   1.0000000e+00   7.0000000e+00   1.7000000e+01   2.4000000e+01   8.0000992e+00  -5.3455451e+01  -3.8686897e+01   5.0027287e+02   1.6688854e+00   7.3817046e+00   0.0000000e+00
   2.0050000e+03   1.0000000e+00   7.0000000e+00   1.7000000e+01   2.5000000e+01   5.0000000e+01  -5.3450974e+01  -3.8688187e+01   5.0469707e+02   1.4430749e+00   5.2713803e+00   0.0000000e+00
   2.0050000e+03   1.0000000e+00   7.0000000e+00   1.7000000e+01   2.7000000e+01   3.1000000e+01  -5.3446567e+01  -3.8689511e+01   4.9746714e+02   1.9468094e+00   9.2853379e+00   0.0000000e+00
   2.0050000e+03   1.0000000e+00   7.0000000e+00   1.7000000e+01   2.9000000e+01   1.2000000e+01  -5.3442155e+01  -3.8690931e+01   4.9921888e+02   2.1565714e+00   9.6203919e+00   0.0000000e+00
   2.0050000e+03   1.0000000e+00   7.0000000e+00   1.7000000e+01   3.0000000e+01   5.1000000e+01  -5.3437734e+01  -3.8692311e+01   4.9970842e+02   1.7885413e+00   7.2890201e+00   0.0000000e+00
   2.0050000e+03   1.0000000e+00   7.0000000e+00   1.7000000e+01   3.2000000e+01   2.9000099e+01  -5.3433347e+01  -3.8693732e+01   4.9649367e+02   1.4717481e+00   4.6092544e+00   0.0000000e+00
   2.0050000e+03   1.0000000e+00   7.0000000e+00   1.7000000e+01   3.4000000e+01   9.0000992e+00  -5.3428860e+01  -3.8695169e+01   5.0759156e+02   1.7828495e+00   7.2658238e+00   2.4566551e-01
   2.0050000e+03   1.0000000e+00   7.0000000e+00   1.7000000e+01   3.5000000e+01   5.0000000e+01  -5.3424415e+01  -3.8696644e+01   5.0349496e+02   1.3790896e+00   8.1952545e+00   0.0000000e+00
   2.0050000e+03   1.0000000e+00   7.0000000e+00   1.7000000e+01   3.7000000e+01   3.2000000e+01  -5.3420642e+01  -3.8697851e+01   4.2678361e+02   1.3396451e+00   1.7022803e+01   9.7807866e+00
   2.0050000e+03   1.0000000e+00   7.0000000e+00   1.7000000e+01   3.9000000e+01   2.3000000e+01  -5.3415310e+01  -3.8699516e+01   6.0270824e+02   1.7053135e+00   1.3828365e+01   0.0000000e+00
   2.0050000e+03   1.0000000e+00   7.0000000e+00   1.7000000e+01   4.1000000e+01   5.0000992e+00  -5.3410930e+01  -3.8700988e+01   4.9636166e+02   2.6778852e+00   7.9072314e+00   0.0000000e+00
   2.0050000e+03   1.0000000e+00   7.0000000e+00   1.7000000e+01   4.2000000e+01   3.9999901e+01  -5.3406857e+01  -3.8702294e+01   4.6080166e+02   3.6450664e+00   1.4855101e+01   0.0000000e+00
   2.0050000e+03   1.0000000e+00   7.0000000e+00   1.7000000e+01   4.4000000e+01   2.4000000e+01  -5.3402406e+01  -3.8703713e+01   5.0341352e+02   3.6864194e+00   7.4364416e+00   0.0000000e+00
   2.0050000e+03   1.0000000e+00   7.0000000e+00   1.7000000e+01   4.6000000e+01   8.0000000e+00  -5.3397983e+01  -3.8705161e+01   5.0077718e+02   5.6074196e-01   3.8261829e+00   0.0000000e+00
   2.0050000e+03   1.0000000e+00   7.0000000e+00   1.7000000e+01   4.7000000e+01   5.1000000e+01  -5.3393588e+01  -3.8706575e+01   4.9719529e+02   1.9849900e+00   1.2984045e+01   0.0000000e+00
   2.0050000e+03   1.0000000e+00   7.0000000e+00   1.7000000e+01   4.9000000e+01   4.2000000e+01  -5.3388969e+01  -3.8708122e+01   5.2341907e+02   2.2767236e+00   1.0400558e+01   0.0000000e+00
   2.0050000e+03   1.0000000e+00   7.0000000e+00   1.7000000e+01   5.1000000e+01   2.6999901e+01  -5.3384570e+01  -3.8709533e+01   4.9769856e+02   4.2580204e+00   1.9131354e+01   0.0000000e+00
   2.0050000e+03   1.0000000e+00   7.0000000e+00   1.7000000e+01   5.3000000e+01   4.0000000e+00  -5.3380381e+01  -3.8710928e+01   4.7463095e+02   1.2131906e+00   6.0603578e+00   0.0000000e+00
   2.0050000e+03   1.0000000e+00   7.0000000e+00   1.7000000e+01   5.4000000e+01   4.7000000e+01  -5.3375973e+01  -3.8712465e+01   5.0026496e+02   2.3558842e+00   2.3103116e+01   0.0000000e+00
   2.0050000e+03   1.0000000e+00   7.0000000e+00   1.7000000e+01   5.6000000e+01   3.1000099e+01  -5.3371608e+01  -3.8713973e+01   4.9524877e+02   1.0582993e+00   5.6724261e+00   0.0000000e+00
   2.0050000e+03   1.0000000e+00   7.0000000e+00   1.7000000e+01   5.8000000e+01   1.5000000e+01  -5.3367226e+01  -3.8715418e+01   4.9628485e+02   3.9790973e+00   1.2952476e+01   0.0000000e+00
   2.0050000e+03   1.0000000e+00   7.0000000e+00   1.8000000e+01   0.0000000e+00   0.0000000e+00  -5.3362810e+01  -3.8716955e+01   5.0115369e+02   3.6243915e+00   1.1476716e+01   0.0000000e+00
   2.0050000e+03   1.0000000e+00   7.0000000e+00   1.8000000e+01   1.0000000e+00   4.4000000e+01  -5.3358360e+01  -3.8718410e+01   5.0375773e+02   2.3537229e+00   9.5923608e+00   0.0000000e+00
   2.0050000e+03   1.0000000e+00   7.0000000e+00   1.8000000e+01   3.0000000e+00   2.6000000e+01  -5.3354008e+01  -3.8719939e+01   4.9415139e+02   2.3633798e+00   9.6317163e+00   0.0000000e+00
   2.0050000e+03   1.0000000e+00   7.0000000e+00   1.8000000e+01   5.0000000e+00   8.0000000e+00  -5.3349597e+01  -3.8721473e+01   5.0061067e+02   1.7976557e+00   7.4624650e+00   0.0000000e+00
   2.0050000e+03   1.0000000e+00   7.0000000e+00   1.8000000e+01   6.0000000e+00   5.2000000e+01  -5.3345188e+01  -3.8722904e+01   4.9897366e+02   1.6878132e+00   6.8906425e+00   0.0000000e+00
   2.0050000e+03   1.0000000e+00   7.0000000e+00   1.8000000e+01   8.0000000e+00   3.6000000e+01  -5.3340787e+01  -3.8724295e+01   4.9771225e+02   1.5888573e+00   6.4752280e+00   0.0000000e+00
   2.0050000e+03   1.0000000e+00   7.0000000e+00   1.8000000e+01   1.0000000e+01   2.1000000e+01  -5.3336332e+01  -3.8725606e+01   5.0263801e+02   1.9387156e+00   7.2898316e+00   0.0000000e+00
   2.0050000e+03   1.0000000e+00   7.0000000e+00   1.8000000e+01   1.2000000e+01   6.0000992e+00  -5.3331888e+01  -3.8726964e+01   5.0191986e+02   1.8054616e+00   7.3579769e+00   0.0000000e+00
   2.0050000e+03   1.0000000e+00   7.0000000e+00   1.8000000e+01   1.3000000e+01   4.7999901e+01  -5.3327505e+01  -3.8728280e+01   4.9483296e+02   1.6424399e+00   5.9401027e+00   0.0000000e+00
   2.0050000e+03   1.0000000e+00   7.0000000e+00   1.8000000e+01   1.5000000e+01   3.1000000e+01  -5.3322890e+01  -3.8729673e+01   5.2112633e+02   1.5499006e+00   5.7154525e+00   0.0000000e+00
   2.0050000e+03   1.0000000e+00   7.0000000e+00   1.8000000e+01   1.7000000e+01   1.7000000e+01  -5.3318668e+01  -3.8730965e+01   4.7693933e+02   2.1677419e+00   7.8424999e+00   0.0000000e+00
   2.0050000e+03   1.0000000e+00   7.0000000e+00   1.8000000e+01   1.8000000e+01   5.9000000e+01  -5.3314235e+01  -3.8732318e+01   5.0064240e+02   2.1721856e+00   8.8525236e+00   0.0000000e+00
   2.0050000e+03   1.0000000e+00   7.0000000e+00   1.8000000e+01   2.0000000e+01   4.3999901e+01  -5.3309813e+01  -3.8733639e+01   4.9917935e+02   2.0406951e+00   7.2553565e+00   0.0000000e+00
   2.0050000e+03   1.0000000e+00   7.0000000e+00   1.8000000e+01   2.2000000e+01   3.1000000e+01  -5.3305419e+01  -3.8734896e+01   4.9532734e+02   2.1166478e+00   7.6040162e+00   0.0000000e+00
   2.0050000e+03   1.0000000e+00   7.0000000e+00   1.8000000e+01   2.4000000e+01   1.6000099e+01  -5.3300965e+01  -3.8736225e+01   5.0277591e+02   2.0889339e+00   8.6465652e+00   0.0000000e+00
   2.0050000e+03   1.0000000e+00   7.0000000e+00   1.8000000e+01   2.6000000e+01   4.0000000e+00  -5.3296412e+01  -3.8737591e+01   5.1398337e+02   1.2011073e+00   3.4931548e+00   0.0000000e+00
   2.0050000e+03   1.0000000e+00   7.0000000e+00   1.8000000e+01   2.7000000e+01   5.0000000e+01  -5.3292062e+01  -3.8738788e+01   4.8984329e+02   1.6636441e+00   5.9733997e+00   0.0000000e+00
   2.0050000e+03   1.0000000e+00   7.0000000e+00   1.8000000e+01   2.9000000e+01   3.8000000e+01  -5.3287749e+01  -3.8740120e+01   4.8731945e+02   1.0265163e+00   4.1834637e+00   0.0000000e+00
   2.0050000e+03   1.0000000e+00   7.0000000e+00   1.8000000e+01   3.1000000e+01   2.3000000e+01  -5.3283282e+01  -3.8741509e+01   5.0492670e+02   1.7044456e+00   6.0991389e+00   0.0000000e+00
   2.0050000e+03   1.0000000e+00   7.0000000e+00   1.8000000e+01   3.3000000e+01   5.0000000e+00  -5.3278832e+01  -3.8742850e+01   5.0240168e+02   1.3443797e+00   3.9009363e+00   0.0000000e+00
   2.0050000e+03   1.0000000e+00   7.0000000e+00   1.8000000e+01   3.4000000e+01   4.9000000e+01  -5.3274410e+01  -3.8744246e+01   5.0011696e+02   1.4234257e+00   3.0288918e+00   0.0000000e+00
   2.0050000e+03   1.0000000e+00   7.0000000e+00   1.8000000e+01   3.6000000e+01   3.4000000e+01  -5.3269941e+01  -3.8745599e+01   5.0464096e+02   7.8159091e-01   3.1852950e+00   0.0000000e+00
   2.0050000e+03   1.0000000e+00   7.0000000e+00   1.8000000e+01   3.8000000e+01   2.1000000e+01  -5.3265629e+01  -3.8746955e+01   4.8750645e+02   6.1531813e-01   1.9605942e+00   0.0000000e+00
   2.0050000e+03   1.0000000e+00   7.0000000e+00   1.8000000e+01   4.0000000e+01   8.0000992e+00  -5.3261179e+01  -3.8748309e+01   5.0267685e+02   5.4985261e-01   2.2408690e+00   0.0000000e+00
   2.0050000e+03   1.0000000e+00   7.0000000e+00   1.8000000e+01   4.1000000e+01   5.4000000e+01  -5.3256751e+01  -3.8749631e+01   4.9977226e+02   1.4400187e+00   5.8686511e+00   0.0000000e+00
