   2.0050000e+03   1.0000000e+00   8.0000000e+00   1.9000000e+01   2.0000000e+00   5.7000000e+01  -5.3920321e+01  -3.8223790e+01   4.9639722e+02   3.2083269e+00   5.5919001e+00   0.0000000e+00
   2.0050000e+03   1.0000000e+00   8.0000000e+00   1.9000000e+01   4.0000000e+00   3.7000000e+01  -5.3915995e+01  -3.8225683e+01   4.9635096e+02   1.2938931e+00   4.2190133e+00   0.0000000e+00
   2.0050000e+03   1.0000000e+00   8.0000000e+00   1.9000000e+01   6.0000000e+00   1.9000000e+01  -5.3911630e+01  -3.8227510e+01   4.9958521e+02   2.8041047e+00   5.1409034e+00   0.0000000e+00
   2.0050000e+03   1.0000000e+00   8.0000000e+00   1.9000000e+01   7.0000000e+00   5.8000000e+01  -5.3907242e+01  -3.8229101e+01   4.9863824e+02   2.8480376e+00   1.0057872e+01   0.0000000e+00
   2.0050000e+03   1.0000000e+00   8.0000000e+00   1.9000000e+01   9.0000000e+00   3.6000000e+01  -5.3902899e+01  -3.8230525e+01   4.9144211e+02   2.1916896e+00   4.2664845e+00   0.0000000e+00
   2.0050000e+03   1.0000000e+00   8.0000000e+00   1.9000000e+01   1.1000000e+01   1.4000000e+01  -5.3898568e+01  -3.8231836e+01   4.8891679e+02   3.8689578e-01   1.7042777e+00   0.0000000e+00
   2.0050000e+03   1.0000000e+00   8.0000000e+00   1.9000000e+01   1.2000000e+01   5.0000000e+01  -5.3894132e+01  -3.8233253e+01   5.0159219e+02   1.0420714e+00   4.6065329e-01   0.0000000e+00
   2.0050000e+03   1.0000000e+00   8.0000000e+00   1.9000000e+01   1.4000000e+01   2.4000000e+01  -5.3889700e+01  -3.8234603e+01   5.0030198e+02   5.1131381e-01   1.3438652e+00   0.0000000e+00
   2.0050000e+03   1.0000000e+00   8.0000000e+00   1.9000000e+01   1.5000000e+01   5.7000000e+01  -5.3885365e+01  -3.8235932e+01   4.8949169e+02   3.4503351e-01   1.4898363e+00   0.0000000e+00
   2.0050000e+03   1.0000000e+00   8.0000000e+00   1.9000000e+01   1.7000000e+01   3.2000000e+01  -5.3880959e+01  -3.8237191e+01   4.9652130e+02   6.8445609e-01   1.2670650e+00   0.0000000e+00
   2.0050000e+03   1.0000000e+00   8.0000000e+00   1.9000000e+01   1.9000000e+01   9.0000000e+00  -5.3876532e+01  -3.8238514e+01   4.9951154e+02   6.7235804e-01   1.1365672e+00   0.0000000e+00
   2.0050000e+03   1.0000000e+00   8.0000000e+00   1.9000000e+01   2.0000000e+01   4.5000000e+01  -5.3872154e+01  -3.8239768e+01   4.9331446e+02   1.5250177e+00   4.7721270e+00   0.0000000e+00
   2.0050000e+03   1.0000000e+00   8.0000000e+00   1.9000000e+01   2.2000000e+01   2.1000000e+01  -5.3867740e+01  -3.8240988e+01   4.9695277e+02   2.6079221e+00   6.4979541e+00   0.0000000e+00
   2.0050000e+03   1.0000000e+00   8.0000000e+00   1.9000000e+01   2.3000000e+01   5.5000000e+01  -5.3863339e+01  -3.8242158e+01   4.9503078e+02   3.7268691e+00   6.5719377e+00   0.0000000e+00
   2.0050000e+03   1.0000000e+00   8.0000000e+00   1.9000000e+01   2.5000000e+01   2.9000000e+01  -5.3858939e+01  -3.8243299e+01   4.9460179e+02   3.0609352e+00   1.1575322e+01   0.0000000e+00
   2.0050000e+03   1.0000000e+00   8.0000000e+00   1.9000000e+01   2.7000000e+01   1.0000000e+00  -5.3854478e+01  -3.8244453e+01   5.0148535e+02   2.8400217e+00   1.1715582e+01   0.0000000e+00
   2.0050000e+03   1.0000000e+00   8.0000000e+00   1.9000000e+01   2.8000000e+01   3.4000000e+01  -5.3850077e+01  -3.8245825e+01   4.9718805e+02   1.6738326e+00   6.8215361e+00   0.0000000e+00
   2.0050000e+03   1.0000000e+00   8.0000000e+00   1.9000000e+01   3.0000000e+01   8.0000000e+00  -5.3845656e+01  -3.8247159e+01   4.9906004e+02   1.4785423e+00   4.6494056e+00   0.0000000e+00
   2.0050000e+03   1.0000000e+00   8.0000000e+00   1.9000000e+01   3.1000000e+01   4.3000000e+01  -5.3841245e+01  -3.8248422e+01   4.9708834e+02   2.2839196e+00   4.5459068e+00   0.0000000e+00
   2.0050000e+03   1.0000000e+00   8.0000000e+00   1.9000000e+01   3.3000000e+01   2.0000000e+01  -5.3836738e+01  -3.8249738e+01   5.0821763e+02   1.3757222e+00   3.4261075e+00   0.0000000e+00
   2.0050000e+03   1.0000000e+00   8.0000000e+00   1.9000000e+01   3.4000000e+01   5.6000000e+01  -5.3832532e+01  -3.8251049e+01   4.7521706e+02   1.7710844e+00   7.2178759e+00   0.0000000e+00
   2.0050000e+03   1.0000000e+00   8.0000000e+00   1.9000000e+01   3.6000000e+01   3.3000000e+01  -5.3828168e+01  -3.8252437e+01   4.9338992e+02   1.0185724e+00   4.4905824e+00   0.0000000e+00
   2.0050000e+03   1.0000000e+00   8.0000000e+00   1.9000000e+01   3.8000000e+01   1.2000000e+01  -5.3823738e+01  -3.8253992e+01   5.0270781e+02   4.2909424e+01   1.7440830e+02   1.0259122e+02
   2.0050000e+03   1.0000000e+00   8.0000000e+00   1.9000000e+01   3.9000000e+01   5.0000000e+01  -5.3819498e+01  -3.8255326e+01   4.7920608e+02   3.3654654e+00   1.2721819e+01   0.0000000e+00
   2.0050000e+03   1.0000000e+00   8.0000000e+00   1.9000000e+01   4.1000000e+01   2.5000000e+01  -5.3815155e+01  -3.8256841e+01   4.9272140e+02   5.3673762e-01   1.6018456e+00   0.0000000e+00
   2.0050000e+03   1.0000000e+00   8.0000000e+00   1.9000000e+01   4.3000000e+01   2.0000000e+00  -5.3810849e+01  -3.8258319e+01   4.8816724e+02   7.1837075e+01   2.9059737e+02   1.8596781e+02
   2.0050000e+03   1.0000000e+00   8.0000000e+00   1.9000000e+01   4.4000000e+01   4.0000000e+01  -5.3806398e+01  -3.8259914e+01   5.0554114e+02   2.2412327e+02   9.1228923e+02   5.2494831e+02
   2.0050000e+03   1.0000000e+00   8.0000000e+00   1.9000000e+01   4.6000000e+01   1.4000000e+01  -5.3802241e+01  -3.8261270e+01   4.7045836e+02   3.3193576e+00   1.1622281e+01   0.0000000e+00
   2.0050000e+03   1.0000000e+00   8.0000000e+00   1.9000000e+01   4.7000000e+01   4.5000000e+01  -5.3797946e+01  -3.8262802e+01   4.8768595e+02   2.1621099e+00   7.1122729e+00   0.0000000e+00
   2.0050000e+03   1.0000000e+00   8.0000000e+00   1.9000000e+01   4.9000000e+01   1.8000099e+01  -5.3793499e+01  -3.8264338e+01   5.0439907e+02   3.5354996e+00   1.2018916e+01   0.0000000e+00
   2.0050000e+03   1.0000000e+00   8.0000000e+00   1.9000000e+01   5.0000000e+01   4.9000000e+01  -5.3789100e+01  -3.8265887e+01   4.9927644e+02   3.2104574e+00   9.3489714e+00   0.0000000e+00
   2.0050000e+03   1.0000000e+00   8.0000000e+00   1.9000000e+01   5.2000000e+01   2.2000000e+01  -5.3784795e+01  -3.8267311e+01   4.8738294e+02   4.3330667e+00   1.0389695e+01   0.0000000e+00
   2.0050000e+03   1.0000000e+00   8.0000000e+00   1.9000000e+01   5.3000000e+01   5.6000000e+01  -5.3780407e+01  -3.8268890e+01   4.9847522e+02   2.9551127e+00   1.1316071e+01   0.0000000e+00
   2.0050000e+03   1.0000000e+00   8.0000000e+00   1.9000000e+01   5.5000000e+01   3.0000099e+01  -5.3776026e+01  -3.8270361e+01   4.9635646e+02   4.0887146e+00   1.5687857e+01   0.0000000e+00
   2.0050000e+03   1.0000000e+00   8.0000000e+00   1.9000000e+01   5.7000000e+01   4.9999008e+00  -5.3771598e+01  -3.8271917e+01   5.0250827e+02   9.6169873e-01   1.5046917e+00   0.0000000e+00
   2.0050000e+03   1.0000000e+00   8.0000000e+00   1.9000000e+01   5.8000000e+01   4.0000000e+01  -5.3767267e+01  -3.8273404e+01   4.9103818e+02   2.9544583e+02   1.0107949e+03   3.6503001e+02
   2.0050000e+03   1.0000000e+00   8.0000000e+00   2.0000000e+01   0.0000000e+00   1.7000000e+01  -5.3762873e+01  -3.8274889e+01   4.9789007e+02   5.0664215e+00   7.5035657e+00   0.0000000e+00
   2.0050000e+03   1.0000000e+00   8.0000000e+00   2.0000000e+01   1.0000000e+00   5.3000000e+01  -5.3758448e+01  -3.8276340e+01   5.0086901e+02   6.4586251e+00   2.0125706e+01   0.0000000e+00
   2.0050000e+03   1.0000000e+00   8.0000000e+00   2.0000000e+01   3.0000000e+00   2.7000000e+01  -5.3754013e+01  -3.8277882e+01   5.0318751e+02   1.5168963e+01   4.4532728e+01   1.8256577e+01
   2.0050000e+03   1.0000000e+00   8.0000000e+00   2.0000000e+01   5.0000000e+00   0.0000000e+00  -5.3749632e+01  -3.8279366e+01   4.9644976e+02   8.3689656e+00   3.1805445e+01   8.2654271e-01
   2.0050000e+03   1.0000000e+00   8.0000000e+00   2.0000000e+01   6.0000000e+00   3.3000000e+01  -5.3745368e+01  -3.8280894e+01   4.8431652e+02   5.7097290e+00   1.7859706e+01   0.0000000e+00
   2.0050000e+03   1.0000000e+00   8.0000000e+00   2.0000000e+01   8.0000000e+00   8.0000992e+00  -5.3741078e+01  -3.8282225e+01   4.8470662e+02   7.0852328e+00   1.6533902e+01   0.0000000e+00
   2.0050000e+03   1.0000000e+00   8.0000000e+00   2.0000000e+01   9.0000000e+00   4.6000000e+01  -5.3736639e+01  -3.8283769e+01   5.0355716e+02   4.4968992e+00   1.7263459e+01   0.0000000e+00
   2.0050000e+03   1.0000000e+00   8.0000000e+00   2.0000000e+01   1.1000000e+01   2.2000099e+01  -5.3732322e+01  -3.8285196e+01   4.8883706e+02   7.6840054e+00   1.5422058e+01   0.0000000e+00
   2.0050000e+03   1.0000000e+00   8.0000000e+00   2.0000000e+01   1.2000000e+01   5.9000000e+01  -5.3727898e+01  -3.8286905e+01   5.0423205e+02   1.0741731e+01   2.6288656e+01   0.0000000e+00
   2.0050000e+03   1.0000000e+00   8.0000000e+00   2.0000000e+01   1.4000000e+01   3.4000000e+01  -5.3723570e+01  -3.8287691e+01   4.8370110e+02   5.3682242e+00   1.9717122e+01   0.0000000e+00
   2.0050000e+03   1.0000000e+00   8.0000000e+00   2.0000000e+01   1.6000000e+01   7.0000992e+00  -5.3719156e+01  -3.8287330e+01   4.9108178e+02   6.1015353e+00   9.5431020e+00   0.0000000e+00
   2.0050000e+03   1.0000000e+00   8.0000000e+00   2.0000000e+01   1.7000000e+01   4.0000000e+01  -5.3714718e+01  -3.8286784e+01   4.9437260e+02   2.7320058e+00   7.8240491e+00   0.0000000e+00
   2.0050000e+03   1.0000000e+00   8.0000000e+00   2.0000000e+01   1.9000000e+01   1.1000000e+01  -5.3710249e+01  -3.8285923e+01   4.9986011e+02   4.8926558e+00   8.2545417e+00   0.0000000e+00
   2.0050000e+03   1.0000000e+00   8.0000000e+00   2.0000000e+01   2.0000000e+01   4.1000000e+01  -5.3705887e+01  -3.8285007e+01   4.8839215e+02   4.1826890e+00   1.5881059e+01   0.0000000e+00
   2.0050000e+03   1.0000000e+00   8.0000000e+00   2.0000000e+01   2.2000000e+01   1.1000000e+01  -5.3701399e+01  -3.8284088e+01   5.0241266e+02   6.9741927e+00   4.6685526e+00   0.0000000e+00
   2.0050000e+03   1.0000000e+00   8.0000000e+00   2.0000000e+01   2.3000000e+01   4.2999901e+01  -5.3696930e+01  -3.8283136e+01   5.0054307e+02   2.6865366e+00   6.2868894e+00   3.2394967e+00
   2.0050000e+03   1.0000000e+00   8.0000000e+00   2.0000000e+01   2.5000000e+01   1.8000000e+01  -5.3692464e+01  -3.8282194e+01   5.0009099e+02   4.4402837e+00   1.0827028e+01   2.0400925e+00
   2.0050000e+03   1.0000000e+00   8.0000000e+00   2.0000000e+01   2.6000000e+01   5.7000000e+01  -5.3688064e+01  -3.8281142e+01   4.9379453e+02   5.0667376e+00   1.4209366e+01   4.6687193e+00
   2.0050000e+03   1.0000000e+00   8.0000000e+00   2.0000000e+01   2.8000000e+01   4.1000000e+01  -5.3683612e+01  -3.8281079e+01   4.9473102e+02   3.1250191e+00   9.7617784e+00   0.0000000e+00
   2.0050000e+03   1.0000000e+00   8.0000000e+00   2.0000000e+01   3.0000000e+01   3.1000000e+01  -5.3679224e+01  -3.8282940e+01   5.0271488e+02   4.4586204e+00   1.5431252e+01   0.0000000e+00
   2.0050000e+03   1.0000000e+00   8.0000000e+00   2.0000000e+01   3.2000000e+01   2.3000000e+01  -5.3675267e+01  -3.8286207e+01   4.8946770e+02   6.5582387e+00   1.6218201e+01   2.0489955e+00
   2.0050000e+03   1.0000000e+00   8.0000000e+00   2.0000000e+01   3.4000000e+01   1.3000000e+01  -5.3671348e+01  -3.8289774e+01   4.9477212e+02   4.1416436e+00   1.5282155e+01   0.0000000e+00
   2.0050000e+03   1.0000000e+00   8.0000000e+00   2.0000000e+01   3.6000000e+01   0.0000000e+00  -5.3667444e+01  -3.8293465e+01   4.9727100e+02   4.5394976e+00   1.6636025e+01   1.8929458e-01
   2.0050000e+03   1.0000000e+00   8.0000000e+00   2.0000000e+01   3.7000000e+01   4.5000000e+01  -5.3663579e+01  -3.8297022e+01   4.8916993e+02   4.2219664e+00   8.8094672e+00   0.0000000e+00
   2.0050000e+03   1.0000000e+00   8.0000000e+00   2.0000000e+01   3.9000000e+01   2.5000099e+01  -5.3659315e+01  -3.8299672e+01   5.0485951e+02   5.9665675e+00   2.2931365e+01   2.0838112e+00
   2.0050000e+03   1.0000000e+00   8.0000000e+00   2.0000000e+01   4.1000000e+01   3.0000000e+00  -5.3655070e+01  -3.8302254e+01   5.0146895e+02   2.4837270e+00   1.0206099e+01   0.0000000e+00
   2.0050000e+03   1.0000000e+00   8.0000000e+00   2.0000000e+01   4.2000000e+01   4.2000000e+01  -5.3650796e+01  -3.8304848e+01   5.0466769e+02   2.4408636e+00   5.5999742e+00   0.0000000e+00
   2.0050000e+03   1.0000000e+00   8.0000000e+00   2.0000000e+01   4.4000000e+01   2.1000099e+01  -5.3646643e+01  -3.8307417e+01   4.9158298e+02   1.9250600e+00   7.5623840e+00   0.0000000e+00
   2.0050000e+03   1.0000000e+00   8.0000000e+00   2.0000000e+01   4.5000000e+01   5.9000000e+01  -5.3642371e+01  -3.8310005e+01   5.0438985e+02   5.0487034e+00   2.0709592e+01   2.0199667e+00
   2.0050000e+03   1.0000000e+00   8.0000000e+00   2.0000000e+01   4.7000000e+01   3.9000000e+01  -5.3638225e+01  -3.8312459e+01   4.8825725e+02   4.0006315e+00   1.3590282e+01   1.1563192e+00
   2.0050000e+03   1.0000000e+00   8.0000000e+00   2.0000000e+01   4.9000000e+01   2.1000000e+01  -5.3634035e+01  -3.8314876e+01   4.9203133e+02   3.5057248e+00   1.4094897e+01   1.1283434e+00
   2.0050000e+03   1.0000000e+00   8.0000000e+00   2.0000000e+01   5.1000000e+01   0.0000000e+00  -5.3629680e+01  -3.8316581e+01   4.9683028e+02   5.6969470e+00   2.2105988e+01   1.8602512e+00
   2.0050000e+03   1.0000000e+00   8.0000000e+00   2.0000000e+01   5.2000000e+01   4.5000000e+01  -5.3625042e+01  -3.8318246e+01   5.2686364e+02   6.3924463e+00   2.2829478e+01   9.5983939e+00
   2.0050000e+03   1.0000000e+00   8.0000000e+00   2.0000000e+01   5.4000000e+01   1.4000000e+01  -5.3620936e+01  -3.8319793e+01   4.6747115e+02   4.4676021e+00   1.1727775e+01   3.5052900e+00
   2.0050000e+03   1.0000000e+00   8.0000000e+00   2.0000000e+01   5.5000000e+01   4.9000000e+01  -5.3616569e+01  -3.8321439e+01   4.9729090e+02   3.2257206e+00   1.1408842e+01   1.0170955e+00
   2.0050000e+03   1.0000000e+00   8.0000000e+00   2.0000000e+01   5.7000000e+01   2.7999901e+01  -5.3612240e+01  -3.8322934e+01   4.9108441e+02   4.1292293e+00   1.6967479e+01   3.0173857e+00
   2.0050000e+03   1.0000000e+00   8.0000000e+00   2.0000000e+01   5.9000000e+01   6.0000000e+00  -5.3607955e+01  -3.8324490e+01   4.8706964e+02   4.6608677e+00   1.6178904e+01   0.0000000e+00
   2.0050000e+03   1.0000000e+00   8.0000000e+00   2.1000000e+01   0.0000000e+00   4.5000000e+01  -5.3603618e+01  -3.8326037e+01   4.9251185e+02   4.6675827e+00   1.9550948e+01   3.4089384e+00
   2.0050000e+03   1.0000000e+00   8.0000000e+00   2.1000000e+01   2.0000000e+00   2.3000099e+01  -5.3599209e+01  -3.8327491e+01   4.9921886e+02   4.6697835e+00   1.4761682e+01   0.0000000e+00
   2.0050000e+03   1.0000000e+00   8.0000000e+00   2.1000000e+01   4.0000000e+00   2.0000000e+00  -5.3594742e+01  -3.8328964e+01   5.0588213e+02   4.4269028e+00   1.7629884e+01   7.6056801e-01
   2.0050000e+03   1.0000000e+00   8.0000000e+00   2.1000000e+01   5.0000000e+00   3.9000000e+01  -5.3590386e+01  -3.8330383e+01   4.9297440e+02   3.5168382e+00   1.4332520e+01   0.0000000e+00
   2.0050000e+03   1.0000000e+00   8.0000000e+00   2.1000000e+01   7.0000000e+00   1.1000000e+01  -5.3586179e+01  -3.8331722e+01   4.7570152e+02   4.1606666e+00   1.3279515e+01   0.0000000e+00
   2.0050000e+03   1.0000000e+00   8.0000000e+00   2.1000000e+01   8.0000000e+00   5.4000000e+01  -5.3581527e+01  -3.8333225e+01   5.2642931e+02   5.2464055e+00   1.7863811e+01   4.3651401e+00
   2.0050000e+03   1.0000000e+00   8.0000000e+00   2.1000000e+01   1.0000000e+01   2.8000000e+01  -5.3577225e+01  -3.8334675e+01   4.8741566e+02   3.2402359e+00   1.3205255e+01   0.0000000e+00
   2.0050000e+03   1.0000000e+00   8.0000000e+00   2.1000000e+01   1.2000000e+01   3.0000000e+00  -5.3572844e+01  -3.8336077e+01   4.9560020e+02   2.6151596e+00   7.7234951e+00   0.0000000e+00
   2.0050000e+03   1.0000000e+00   8.0000000e+00   2.1000000e+01   1.3000000e+01   4.2000000e+01  -5.3568415e+01  -3.8337570e+01   5.0186582e+02   1.7180186e+00   4.9547940e+00   0.0000000e+00
   2.0050000e+03   1.0000000e+00   8.0000000e+00   2.1000000e+01   1.5000000e+01   1.9999901e+01  -5.3563952e+01  -3.8339027e+01   5.0517380e+02   1.1032508e+00   4.5160658e+00   0.0000000e+00
   2.0050000e+03   1.0000000e+00   8.0000000e+00   2.1000000e+01   1.6000000e+01   5.9000000e+01  -5.3559459e+01  -3.8340424e+01   5.0769166e+02   7.5998847e-01   2.6729376e+00   7.4334609e-02
   2.0050000e+03   1.0000000e+00   8.0000000e+00   2.1000000e+01   1.8000000e+01   3.4000099e+01  -5.3555195e+01  -3.8341715e+01   4.8148668e+02   2.2771813e-01   9.2804230e-01   0.0000000e+00
   2.0050000e+03   1.0000000e+00   8.0000000e+00   2.1000000e+01   2.0000000e+01   1.0000000e+01  -5.3550823e+01  -3.8343059e+01   4.9377404e+02   6.8715585e-01   2.8004345e+00   0.0000000e+00
   2.0050000e+03   1.0000000e+00   8.0000000e+00   2.1000000e+01   2.1000000e+01   4.8000099e+01  -5.3546449e+01  -3.8344348e+01   4.9347353e+02   6.0022485e-01   1.7371996e+00   5.0524142e-02
   2.0050000e+03   1.0000000e+00   8.0000000e+00   2.1000000e+01   2.3000000e+01   2.7000000e+01  -5.3541878e+01  -3.8345689e+01   5.1558438e+02   1.6043534e+00   2.6347739e+00   4.1125187e-01
   2.0050000e+03   1.0000000e+00   8.0000000e+00   2.1000000e+01   2.5000000e+01   5.0000000e+00  -5.3537532e+01  -3.8346768e+01   4.8817806e+02   1.5237002e+00   3.9147529e+00   0.0000000e+00
   2.0050000e+03   1.0000000e+00   8.0000000e+00   2.1000000e+01   2.6000000e+01   4.4000099e+01  -5.3533185e+01  -3.8348055e+01   4.9039869e+02   8.9373000e-01   2.2854011e+00   0.0000000e+00
   2.0050000e+03   1.0000000e+00   8.0000000e+00   2.1000000e+01   2.8000000e+01   2.2000000e+01  -5.3528787e+01  -3.8349443e+01   4.9729162e+02   1.2721514e+00   2.5130222e+00   0.0000000e+00
   2.0050000e+03   1.0000000e+00   8.0000000e+00   2.1000000e+01   3.0000000e+01   4.0000000e+00  -5.3524394e+01  -3.8350720e+01   4.9533819e+02   9.8586574e-01   4.0403365e+00   0.0000000e+00
   2.0050000e+03   1.0000000e+00   8.0000000e+00   2.1000000e+01   3.1000000e+01   4.2000000e+01  -5.3520056e+01  -3.8352253e+01   4.9257174e+02   7.9997712e-01   2.9468628e+00   9.8272132e-01
   2.0050000e+03   1.0000000e+00   8.0000000e+00   2.1000000e+01   3.3000000e+01   1.8000000e+01  -5.3515740e+01  -3.8353743e+01   4.8961132e+02   1.2826343e+00   3.5781925e+00   0.0000000e+00
   2.0050000e+03   1.0000000e+00   8.0000000e+00   2.1000000e+01   3.4000000e+01   5.6000000e+01  -5.3511319e+01  -3.8355334e+01   5.0239522e+02   2.7514036e+00   2.8121404e+00   0.0000000e+00
   2.0050000e+03   1.0000000e+00   8.0000000e+00   2.1000000e+01   3.6000000e+01   3.2000000e+01  -5.3506926e+01  -3.8356907e+01   4.9905833e+02   1.6526280e+00   4.5024270e+00   0.0000000e+00
   2.0050000e+03   1.0000000e+00   8.0000000e+00   2.1000000e+01   3.8000000e+01   7.0000000e+00  -5.3502497e+01  -3.8358460e+01   5.0272840e+02   1.7931103e+00   3.9854256e+00   0.0000000e+00
   2.0050000e+03   1.0000000e+00   8.0000000e+00   2.1000000e+01   3.9000000e+01   4.6000000e+01  -5.3498048e+01  -3.8360066e+01   5.0567464e+02   1.6741319e+00   5.8261000e+00   0.0000000e+00
   2.0050000e+03   1.0000000e+00   8.0000000e+00   2.1000000e+01   4.1000000e+01   2.1000000e+01  -5.3493746e+01  -3.8361660e+01   4.8954015e+02   2.1240638e+00   5.7033083e+00   1.1876788e+00
   2.0050000e+03   1.0000000e+00   8.0000000e+00   2.1000000e+01   4.2000000e+01   5.8000000e+01  -5.3489282e+01  -3.8363097e+01   5.0505764e+02   1.9196298e+00   4.5762511e+00   0.0000000e+00
   2.0050000e+03   1.0000000e+00   8.0000000e+00   2.1000000e+01   4.4000000e+01   3.6000000e+01  -5.3484904e+01  -3.8364577e+01   4.9618724e+02   2.9997252e+00   8.1995807e+00   0.0000000e+00
   2.0050000e+03   1.0000000e+00   8.0000000e+00   2.1000000e+01   4.6000000e+01   1.1000000e+01  -5.3480614e+01  -3.8366096e+01   4.8714372e+02   1.6010522e+00   4.6954799e+00   0.0000000e+00
   2.0050000e+03   1.0000000e+00   8.0000000e+00   2.1000000e+01   4.7000000e+01   5.2000000e+01  -5.3476186e+01  -3.8367518e+01   5.0103070e+02   7.9985455e-01   2.5464859e+00   0.0000000e+00
   2.0050000e+03   1.0000000e+00   8.0000000e+00   2.1000000e+01   4.9000000e+01   3.4000000e+01  -5.3471844e+01  -3.8368963e+01   4.9178023e+02   3.5217607e+00   5.9332256e+00   0.0000000e+00
   2.0050000e+03   1.0000000e+00   8.0000000e+00   2.1000000e+01   5.1000000e+01   1.4999901e+01  -5.3467370e+01  -3.8370444e+01   5.0672584e+02   2.3309249e+00   4.1668383e+00   0.0000000e+00
   2.0050000e+03   1.0000000e+00   8.0000000e+00   2.1000000e+01   5.2000000e+01   5.6000099e+01  -5.3462861e+01  -3.8371994e+01   5.1145631e+02   2.3469234e+00   6.3484435e+00   0.0000000e+00
   2.0050000e+03   1.0000000e+00   8.0000000e+00   2.1000000e+01   5.4000000e+01   3.5000000e+01  -5.3458571e+01  -3.8373462e+01   4.8647208e+02   2.8316333e+00   1.0111828e+01   0.0000000e+00
   2.0050000e+03   1.0000000e+00   8.0000000e+00   2.1000000e+01   5.6000000e+01   1.3000000e+01  -5.3454190e+01  -3.8375030e+01   4.9775134e+02   1.6362334e+00   6.6683043e+00   0.0000000e+00
   2.0050000e+03   1.0000000e+00   8.0000000e+00   2.1000000e+01   5.7000000e+01   5.1999901e+01  -5.3449912e+01  -3.8376533e+01   4.8561667e+02   5.4274741e-01   1.3922884e+00   0.0000000e+00
   2.0050000e+03   1.0000000e+00   8.0000000e+00   2.1000000e+01   5.9000000e+01   3.3000099e+01  -5.3445571e+01  -3.8377999e+01   4.9202997e+02   1.2830700e+00   2.7243598e+00   0.0000000e+00
   2.0050000e+03   1.0000000e+00   8.0000000e+00   2.2000000e+01   1.0000000e+00   1.7000000e+01  -5.3441096e+01  -3.8379579e+01   5.0822032e+02   2.1732535e+00   6.1636086e+00   0.0000000e+00
   2.0050000e+03   1.0000000e+00   8.0000000e+00   2.2000000e+01   3.0000000e+00   1.0000000e+00  -5.3436603e+01  -3.8381148e+01   5.0996713e+02   1.9474782e+00   7.6689053e+00   0.0000000e+00
   2.0050000e+03   1.0000000e+00   8.0000000e+00   2.2000000e+01   4.0000000e+00   4.5000000e+01  -5.3432188e+01  -3.8382691e+01   5.0107075e+02   3.7497934e+00   1.3804644e+01   0.0000000e+00
   2.0050000e+03   1.0000000e+00   8.0000000e+00   2.2000000e+01   6.0000000e+00   2.7000000e+01  -5.3427927e+01  -3.8384188e+01   4.8370311e+02   1.2923900e+00   5.5458435e+00   0.0000000e+00
   2.0050000e+03   1.0000000e+00   8.0000000e+00   2.2000000e+01   8.0000000e+00   8.0000000e+00  -5.3423491e+01  -3.8385572e+01   5.0144657e+02   1.1208775e+00   3.5230179e+00   0.0000000e+00
   2.0050000e+03   1.0000000e+00   8.0000000e+00   2.2000000e+01   9.0000000e+00   4.9000000e+01  -5.3419161e+01  -3.8387086e+01   4.9143661e+02   1.2565486e+00   3.5558252e+00   6.5479436e-01
   2.0050000e+03   1.0000000e+00   8.0000000e+00   2.2000000e+01   1.1000000e+01   2.8000000e+01  -5.3414869e+01  -3.8388572e+01   4.8698715e+02   1.2441718e+00   5.0944130e+00   0.0000000e+00
   2.0050000e+03   1.0000000e+00   8.0000000e+00   2.2000000e+01   1.3000000e+01   6.0000000e+00  -5.3410394e+01  -3.8390043e+01   5.0671731e+02   1.5675535e+00   6.3884066e+00   0.0000000e+00
   2.0050000e+03   1.0000000e+00   8.0000000e+00   2.2000000e+01   1.4000000e+01   4.2000000e+01  -5.3406045e+01  -3.8391364e+01   4.9110207e+02   1.4134028e+00   5.2246881e+00   6.8492051e-01
   2.0050000e+03   1.0000000e+00   8.0000000e+00   2.2000000e+01   1.6000000e+01   1.7000000e+01  -5.3401701e+01  -3.8392699e+01   4.9072818e+02   7.6781244e-01   3.2239615e+00   0.0000000e+00
   2.0050000e+03   1.0000000e+00   8.0000000e+00   2.2000000e+01   1.7000000e+01   5.8000000e+01  -5.3397141e+01  -3.8394092e+01   5.1510502e+02   1.8463518e+00   5.6574470e+00   8.0769270e-01
   2.0050000e+03   1.0000000e+00   8.0000000e+00   2.2000000e+01   1.9000000e+01   4.0000000e+01  -5.3392695e+01  -3.8395383e+01   5.0135624e+02   8.3740182e-01   3.4127468e+00   0.0000000e+00
   2.0050000e+03   1.0000000e+00   8.0000000e+00   2.2000000e+01   2.1000000e+01   1.7999901e+01  -5.3388345e+01  -3.8396659e+01   4.9069900e+02   1.5334368e+00   2.9695688e+00   0.0000000e+00
   2.0050000e+03   1.0000000e+00   8.0000000e+00   2.2000000e+01   2.2000000e+01   5.7000000e+01  -5.3383887e+01  -3.8397971e+01   5.0301957e+02   9.1401907e-01   2.8676895e+00   0.0000000e+00
   2.0050000e+03   1.0000000e+00   8.0000000e+00   2.2000000e+01   2.4000000e+01   3.5000000e+01  -5.3379449e+01  -3.8399366e+01   5.0167779e+02   1.0304970e+00   2.3596426e+00   0.0000000e+00
   2.0050000e+03   1.0000000e+00   8.0000000e+00   2.2000000e+01   2.6000000e+01   1.3000099e+01  -5.3375035e+01  -3.8400707e+01   4.9850484e+02   7.7583343e-01   3.1618310e+00   0.0000000e+00
   2.0050000e+03   1.0000000e+00   8.0000000e+00   2.2000000e+01   2.7000000e+01   5.2000000e+01  -5.3370652e+01  -3.8402027e+01   4.9480632e+02   3.2555396e+00   1.3267624e+01   0.0000000e+00
   2.0050000e+03   1.0000000e+00   8.0000000e+00   2.2000000e+01   2.9000000e+01   3.0000000e+01  -5.3366191e+01  -3.8403335e+01   5.0323035e+02   3.0940615e+00   1.2147532e+01   0.0000000e+00
   2.0050000e+03   1.0000000e+00   8.0000000e+00   2.2000000e+01   3.1000000e+01   6.0000000e+00  -5.3361836e+01  -3.8404673e+01   4.9206593e+02   5.9428217e-01   2.4219371e+00   0.0000000e+00
   2.0050000e+03   1.0000000e+00   8.0000000e+00   2.2000000e+01   3.2000000e+01   4.4000000e+01  -5.3357475e+01  -3.8405881e+01   4.9113736e+02   1.8844825e+00   4.5073308e+00   0.0000000e+00
   2.0050000e+03   1.0000000e+00   8.0000000e+00   2.2000000e+01   3.4000000e+01   2.5000000e+01  -5.3353009e+01  -3.8407301e+01   5.0513526e+02   1.2252177e+00   4.5700435e+00   0.0000000e+00
   2.0050000e+03   1.0000000e+00   8.0000000e+00   2.2000000e+01   3.6000000e+01   1.0000000e+00  -5.3348652e+01  -3.8408657e+01   4.9243160e+02   1.8195358e+00   5.4132572e+00   6.7987669e-02
   2.0050000e+03   1.0000000e+00   8.0000000e+00   2.2000000e+01   3.7000000e+01   3.7000099e+01  -5.3344294e+01  -3.8410028e+01   4.9267786e+02   1.7879344e+00   4.4685374e+00   0.0000000e+00
   2.0050000e+03   1.0000000e+00   8.0000000e+00   2.2000000e+01   3.9000000e+01   1.6000000e+01  -5.3339843e+01  -3.8411427e+01   5.0327500e+02   1.6775082e+00   5.1924161e+00   0.0000000e+00
   2.0050000e+03   1.0000000e+00   8.0000000e+00   2.2000000e+01   4.0000000e+01   5.6000000e+01  -5.3335379e+01  -3.8412714e+01   5.0330731e+02   2.1104035e+00   6.8501839e+00   0.0000000e+00
   2.0050000e+03   1.0000000e+00   8.0000000e+00   2.2000000e+01   4.2000000e+01   4.0000000e+01  -5.3330701e+01  -3.8414178e+01   5.2877487e+02   1.6070864e+00   4.4219037e+00   0.0000000e+00
   2.0050000e+03   1.0000000e+00   8.0000000e+00   2.2000000e+01   4.4000000e+01   1.4000099e+01  -5.3326342e+01  -3.8415549e+01   4.9288341e+02   2.0468896e+00   5.6360461e+00   5.4314201e-01
   2.0050000e+03   1.0000000e+00   8.0000000e+00   2.2000000e+01   4.5000000e+01   4.3000000e+01  -5.3322328e+01  -3.8416791e+01   4.5363895e+02   1.6918159e+00   3.7652117e+00   0.0000000e+00
   2.0050000e+03   1.0000000e+00   8.0000000e+00   2.2000000e+01   4.7000000e+01   2.3000000e+01  -5.3317944e+01  -3.8418180e+01   4.9574648e+02   1.7894896e+00   5.8545414e+00   0.0000000e+00
   2.0050000e+03   1.0000000e+00   8.0000000e+00   2.2000000e+01   4.9000000e+01   1.9999008e+00  -5.3313469e+01  -3.8419555e+01   5.0557605e+02   2.3070203e+00   7.3207249e+00   0.0000000e+00
   2.0050000e+03   1.0000000e+00   8.0000000e+00   2.2000000e+01   5.0000000e+01   3.8000000e+01  -5.3309057e+01  -3.8421061e+01   5.0034087e+02   1.8934730e+00   3.3734578e+00   0.0000000e+00
   2.0050000e+03   1.0000000e+00   8.0000000e+00   2.2000000e+01   5.2000000e+01   1.5000000e+01  -5.3304589e+01  -3.8422477e+01   5.0531745e+02   2.2399621e+00   4.3944978e+00   0.0000000e+00
   2.0050000e+03   1.0000000e+00   8.0000000e+00   2.2000000e+01   5.3000000e+01   5.1000000e+01  -5.3300289e+01  -3.8423940e+01   4.8761352e+02   1.3349573e+00   4.2375071e+00   0.0000000e+00
   2.0050000e+03   1.0000000e+00   8.0000000e+00   2.2000000e+01   5.5000000e+01   2.7000000e+01  -5.3295956e+01  -3.8425405e+01   4.9121530e+02   3.1889578e+00   1.1744119e+01   0.0000000e+00
   2.0050000e+03   1.0000000e+00   8.0000000e+00   2.2000000e+01   5.7000000e+01   7.0000000e+00  -5.3291466e+01  -3.8426884e+01   5.0849268e+02   3.9002795e+00   1.4191507e+01   8.2657123e+00
   2.0050000e+03   1.0000000e+00   8.0000000e+00   2.2000000e+01   5.8000000e+01   4.7000000e+01  -5.3287116e+01  -3.8428314e+01   4.9255400e+02   2.8673207e+00   4.5453584e+00   0.0000000e+00
   2.0050000e+03   1.0000000e+00   8.0000000e+00   2.3000000e+01   0.0000000e+00   2.6000099e+01  -5.3282638e+01  -3.8429804e+01   5.0739376e+02   1.7235444e+00   6.0858303e+00   4.7510615e-01
   2.0050000e+03   1.0000000e+00   8.0000000e+00   2.3000000e+01   2.0000000e+00   6.0000000e+00  -5.3278262e+01  -3.8431254e+01   4.9569677e+02   3.3446037e+00   1.1935436e+01   0.0000000e+00
   2.0050000e+03   1.0000000e+00   8.0000000e+00   2.3000000e+01   3.0000000e+00   4.6000000e+01  -5.3273847e+01  -3.8432762e+01   5.0070381e+02   2.8458090e+00   3.9209188e+00   0.0000000e+00
   2.0050000e+03   1.0000000e+00   8.0000000e+00   2.3000000e+01   5.0000000e+00   2.6000000e+01  -5.3269410e+01  -3.8434253e+01   5.0294224e+02   4.2657729e+00   1.5260502e+01   3.9638098e+00
   2.0050000e+03   1.0000000e+00   8.0000000e+00   2.3000000e+01   7.0000000e+00   6.0000000e+00  -5.3265011e+01  -3.8435754e+01   4.9887490e+02   2.8719901e+00   6.8031465e+00   0.0000000e+00
   2.0050000e+03   1.0000000e+00   8.0000000e+00   2.3000000e+01   8.0000000e+00   4.2000000e+01  -5.3260661e+01  -3.8437266e+01   4.9370468e+02   3.3466542e+00   1.3400141e+01   0.0000000e+00
   2.0050000e+03   1.0000000e+00   8.0000000e+00   2.3000000e+01   1.0000000e+01   1.7999901e+01  -5.3256287e+01  -3.8438490e+01   4.9276919e+02   3.1688531e+00   1.0782000e+01   0.0000000e+00
   2.0050000e+03   1.0000000e+00   8.0000000e+00   2.3000000e+01   1.1000000e+01   5.4000000e+01  -5.3251931e+01  -3.8439842e+01   4.9241348e+02   3.3508535e+00   6.5251914e+00   0.0000000e+00
   2.0050000e+03   1.0000000e+00   8.0000000e+00   2.3000000e+01   1.3000000e+01   3.0000000e+01  -5.3247601e+01  -3.8441163e+01   4.8901834e+02   2.4917168e+00   3.8364724e+00   0.0000000e+00
   2.0050000e+03   1.0000000e+00   8.0000000e+00   2.3000000e+01   1.5000000e+01   1.0000000e+01  -5.3243165e+01  -3.8442501e+01   5.0093259e+02   5.1199021e+00   1.1886222e+01   0.0000000e+00
   2.0050000e+03   1.0000000e+00   8.0000000e+00   2.3000000e+01   1.6000000e+01   5.0000000e+01  -5.3238738e+01  -3.8443783e+01   4.9920977e+02   3.3823285e+00   5.0383410e+00   0.0000000e+00
   2.0050000e+03   1.0000000e+00   8.0000000e+00   2.3000000e+01   1.8000000e+01   3.0000000e+01  -5.3234409e+01  -3.8445109e+01   4.8906486e+02   2.5237743e+00   5.6438134e+00   0.0000000e+00
   2.0050000e+03   1.0000000e+00   8.0000000e+00   2.3000000e+01   2.0000000e+01   1.3000000e+01  -5.3229914e+01  -3.8446520e+01   5.0820977e+02   1.7802343e+00   4.4124328e+00   0.0000000e+00
   2.0050000e+03   1.0000000e+00   8.0000000e+00   2.3000000e+01   2.1000000e+01   5.6000000e+01  -5.3225549e+01  -3.8447790e+01   4.9239796e+02   2.9925229e+00   4.6170705e+00   0.0000000e+00
   2.0050000e+03   1.0000000e+00   8.0000000e+00   2.3000000e+01   2.3000000e+01   3.6000000e+01  -5.3221226e+01  -3.8449188e+01   4.8932705e+02   2.6869643e+00   4.8249103e+00   0.0000000e+00
