   2.0050000e+03   1.0000000e+00   6.0000000e+00   1.7000000e+01   2.0000000e+00   5.1000000e+01  -5.3315172e+01  -3.9304307e+01   4.9864013e+02   1.5734184e+00   7.4845015e+00   0.0000000e+00
   2.0050000e+03   1.0000000e+00   6.0000000e+00   1.7000000e+01   4.0000000e+00   3.5000000e+01  -5.3319663e+01  -3.9302868e+01   5.0806978e+02   2.4065407e+00   1.0037430e+01   0.0000000e+00
   2.0050000e+03   1.0000000e+00   6.0000000e+00   1.7000000e+01   6.0000000e+00   1.2000000e+01  -5.3323987e+01  -3.9301617e+01   4.8760161e+02   1.7368126e+00   5.4748829e+00   0.0000000e+00
   2.0050000e+03   1.0000000e+00   6.0000000e+00   1.7000000e+01   7.0000000e+00   5.3000000e+01  -5.3328464e+01  -3.9300323e+01   5.0490109e+02   1.9739488e+00   7.7973419e+00   1.1035170e+00
   2.0050000e+03   1.0000000e+00   6.0000000e+00   1.7000000e+01   9.0000000e+00   3.4000000e+01  -5.3332884e+01  -3.9299052e+01   4.9829812e+02   2.7338905e+00   1.2648539e+01   0.0000000e+00
   2.0050000e+03   1.0000000e+00   6.0000000e+00   1.7000000e+01   1.1000000e+01   1.3999901e+01  -5.3337274e+01  -3.9297789e+01   4.9493863e+02   1.5393697e+00   6.7333594e+00   0.0000000e+00
   2.0050000e+03   1.0000000e+00   6.0000000e+00   1.7000000e+01   1.2000000e+01   5.3000099e+01  -5.3341768e+01  -3.9296575e+01   5.0584138e+02   2.1353528e+00   8.7024151e+00   0.0000000e+00
   2.0050000e+03   1.0000000e+00   6.0000000e+00   1.7000000e+01   1.4000000e+01   2.9000000e+01  -5.3346077e+01  -3.9295415e+01   4.8504148e+02   1.9850966e+00   6.7479458e+00   0.0000000e+00
   2.0050000e+03   1.0000000e+00   6.0000000e+00   1.7000000e+01   1.6000000e+01   1.1000000e+01  -5.3350520e+01  -3.9294068e+01   5.0173346e+02   2.6232031e+00   8.7840696e+00   0.0000000e+00
   2.0050000e+03   1.0000000e+00   6.0000000e+00   1.7000000e+01   1.7000000e+01   5.0999901e+01  -5.3354928e+01  -3.9292823e+01   4.9663693e+02   2.3370434e+00   8.3738285e+00   0.0000000e+00
   2.0050000e+03   1.0000000e+00   6.0000000e+00   1.7000000e+01   1.9000000e+01   3.2999901e+01  -5.3359387e+01  -3.9291521e+01   5.0303864e+02   2.9908190e+00   7.6650747e+00   0.0000000e+00
   2.0050000e+03   1.0000000e+00   6.0000000e+00   1.7000000e+01   2.1000000e+01   1.4999901e+01  -5.3363803e+01  -3.9290227e+01   4.9805812e+02   2.2646422e+00   8.4470384e+00   0.0000000e+00
   2.0050000e+03   1.0000000e+00   6.0000000e+00   1.7000000e+01   2.2000000e+01   5.6000099e+01  -5.3368239e+01  -3.9288860e+01   5.0118357e+02   3.3687265e+00   1.0446931e+01   0.0000000e+00
   2.0050000e+03   1.0000000e+00   6.0000000e+00   1.7000000e+01   2.4000000e+01   4.0000000e+01  -5.3372783e+01  -3.9287543e+01   5.1242935e+02   3.1802001e+00   1.0817254e+01   3.1011418e+00
   2.0050000e+03   1.0000000e+00   6.0000000e+00   1.7000000e+01   2.6000000e+01   1.8000000e+01  -5.3377134e+01  -3.9286289e+01   4.9063515e+02   2.7181385e+00   1.2036733e+01   9.7430039e+00
   2.0050000e+03   1.0000000e+00   6.0000000e+00   1.7000000e+01   2.7000000e+01   5.6000000e+01  -5.3381552e+01  -3.9284996e+01   4.9829540e+02   3.4125926e+00   1.3283890e+01   1.0954339e+01
   2.0050000e+03   1.0000000e+00   6.0000000e+00   1.7000000e+01   2.9000000e+01   3.2000000e+01  -5.3385876e+01  -3.9283799e+01   4.8700861e+02   3.0311670e+00   8.7481377e+00   3.9139024e+00
   2.0050000e+03   1.0000000e+00   6.0000000e+00   1.7000000e+01   3.1000000e+01   1.2000000e+01  -5.3390423e+01  -3.9282581e+01   5.1175332e+02   2.0448460e+00   7.5777349e+00   4.0956915e+00
   2.0050000e+03   1.0000000e+00   6.0000000e+00   1.7000000e+01   3.2000000e+01   5.2000000e+01  -5.3394875e+01  -3.9281281e+01   5.0210884e+02   3.2883708e+01   1.3401424e+02   1.2484197e+02
   2.0050000e+03   1.0000000e+00   6.0000000e+00   1.7000000e+01   3.4000000e+01   3.1000000e+01  -5.3399273e+01  -3.9280034e+01   4.9559306e+02   1.9292586e+00   7.8624993e+00   4.4366581e+00
   2.0050000e+03   1.0000000e+00   6.0000000e+00   1.7000000e+01   3.6000000e+01   1.0000000e+01  -5.3403708e+01  -3.9278686e+01   5.0090571e+02   1.5788810e+00   6.6287365e+00   0.0000000e+00
   2.0050000e+03   1.0000000e+00   6.0000000e+00   1.7000000e+01   3.7000000e+01   4.8000000e+01  -5.3408003e+01  -3.9277362e+01   4.8524355e+02   1.4666876e+00   5.9773377e+00   0.0000000e+00
   2.0050000e+03   1.0000000e+00   6.0000000e+00   1.7000000e+01   3.9000000e+01   2.9000000e+01  -5.3412508e+01  -3.9275971e+01   5.0903360e+02   5.0507034e+00   1.8025817e+01   0.0000000e+00
   2.0050000e+03   1.0000000e+00   6.0000000e+00   1.7000000e+01   4.1000000e+01   6.0000000e+00  -5.3416849e+01  -3.9274711e+01   4.8951788e+02   8.2499168e+00   2.5729063e+01   0.0000000e+00
   2.0050000e+03   1.0000000e+00   6.0000000e+00   1.7000000e+01   4.2000000e+01   4.3000000e+01  -5.3421223e+01  -3.9273360e+01   4.9418709e+02   4.0889641e+00   1.4451695e+01   2.4565360e+00
   2.0050000e+03   1.0000000e+00   6.0000000e+00   1.7000000e+01   4.4000000e+01   2.4000000e+01  -5.3425747e+01  -3.9271987e+01   5.1081844e+02   2.5883596e+00   8.0180612e+00   1.0179082e+00
   2.0050000e+03   1.0000000e+00   6.0000000e+00   1.7000000e+01   4.5000000e+01   5.9000000e+01  -5.3430075e+01  -3.9270671e+01   4.8875600e+02   2.2474051e+00   8.2045301e+00   0.0000000e+00
   2.0050000e+03   1.0000000e+00   6.0000000e+00   1.7000000e+01   4.7000000e+01   3.7000000e+01  -5.3434529e+01  -3.9269305e+01   5.0318833e+02   1.8219772e+00   6.5997338e+00   9.5119437e-03
   2.0050000e+03   1.0000000e+00   6.0000000e+00   1.7000000e+01   4.9000000e+01   1.3000000e+01  -5.3438907e+01  -3.9267971e+01   4.9439878e+02   1.8004881e+00   7.3377078e+00   0.0000000e+00
   2.0050000e+03   1.0000000e+00   6.0000000e+00   1.7000000e+01   5.0000000e+01   5.3000000e+01  -5.3443410e+01  -3.9266566e+01   5.0897425e+02   1.5013584e+00   5.9082534e+00   0.0000000e+00
   2.0050000e+03   1.0000000e+00   6.0000000e+00   1.7000000e+01   5.2000000e+01   3.1000099e+01  -5.3447817e+01  -3.9265170e+01   4.9832219e+02   9.1643615e-01   4.0845534e+00   0.0000000e+00
   2.0050000e+03   1.0000000e+00   6.0000000e+00   1.7000000e+01   5.4000000e+01   7.0000000e+00  -5.3452172e+01  -3.9263794e+01   4.9243019e+02   1.0573355e+00   4.3521987e+00   0.0000000e+00
   2.0050000e+03   1.0000000e+00   6.0000000e+00   1.7000000e+01   5.5000000e+01   4.5999901e+01  -5.3456656e+01  -3.9262341e+01   5.0747955e+02   1.6185464e+00   6.6664678e+00   0.0000000e+00
   2.0050000e+03   1.0000000e+00   6.0000000e+00   1.7000000e+01   5.7000000e+01   2.3000000e+01  -5.3461012e+01  -3.9260966e+01   4.9245394e+02   3.0459982e+00   1.2413659e+01   0.0000000e+00
   2.0050000e+03   1.0000000e+00   6.0000000e+00   1.7000000e+01   5.9000000e+01   1.0000000e+00  -5.3465453e+01  -3.9259583e+01   5.0188353e+02   3.6964203e+00   1.1501660e+01   0.0000000e+00
   2.0050000e+03   1.0000000e+00   6.0000000e+00   1.8000000e+01   0.0000000e+00   3.8000000e+01  -5.3469817e+01  -3.9258202e+01   4.9348910e+02   2.8760718e+00   1.0958027e+01   0.0000000e+00
   2.0050000e+03   1.0000000e+00   6.0000000e+00   1.8000000e+01   2.0000000e+00   1.7000000e+01  -5.3474321e+01  -3.9256727e+01   5.0985036e+02   4.0631540e+00   1.0562488e+01   0.0000000e+00
   2.0050000e+03   1.0000000e+00   6.0000000e+00   1.8000000e+01   3.0000000e+00   5.7000000e+01  -5.3478769e+01  -3.9255252e+01   5.0381934e+02   3.8386531e+00   1.5644044e+01   0.0000000e+00
   2.0050000e+03   1.0000000e+00   6.0000000e+00   1.8000000e+01   5.0000000e+00   3.6000000e+01  -5.3483106e+01  -3.9253842e+01   4.9089333e+02   2.7754533e+00   7.4549380e+00   0.0000000e+00
   2.0050000e+03   1.0000000e+00   6.0000000e+00   1.8000000e+01   7.0000000e+00   1.9000099e+01  -5.3487539e+01  -3.9252378e+01   5.0199275e+02   3.3102618e+00   1.1063271e+01   0.0000000e+00
   2.0050000e+03   1.0000000e+00   6.0000000e+00   1.8000000e+01   8.0000000e+00   5.9000000e+01  -5.3491865e+01  -3.9250959e+01   4.8979880e+02   2.6146532e+00   1.0259049e+01   0.0000000e+00
   2.0050000e+03   1.0000000e+00   6.0000000e+00   1.8000000e+01   1.0000000e+01   4.1000000e+01  -5.3496291e+01  -3.9249539e+01   5.0063967e+02   3.2636066e+00   8.6621766e+00   1.4344813e+00
   2.0050000e+03   1.0000000e+00   6.0000000e+00   1.8000000e+01   1.2000000e+01   2.1000000e+01  -5.3500615e+01  -3.9248139e+01   4.8937693e+02   1.0733682e+01   4.0819470e+01   1.4441157e+00
   2.0050000e+03   1.0000000e+00   6.0000000e+00   1.8000000e+01   1.4000000e+01   4.0000000e+00  -5.3505036e+01  -3.9246694e+01   5.0046121e+02   8.9567539e+02   3.6175333e+03   1.7687283e+03
   2.0050000e+03   1.0000000e+00   6.0000000e+00   1.8000000e+01   1.5000000e+01   4.7000099e+01  -5.3509503e+01  -3.9245251e+01   5.0541726e+02   3.8592242e+00   1.0279809e+01   0.0000000e+00
   2.0050000e+03   1.0000000e+00   6.0000000e+00   1.8000000e+01   1.7000000e+01   2.5000000e+01  -5.3513858e+01  -3.9243849e+01   4.9276581e+02   4.8487952e+00   1.3329088e+01   1.5416610e+00
   2.0050000e+03   1.0000000e+00   6.0000000e+00   1.8000000e+01   1.9000000e+01   1.9999008e+00  -5.3518248e+01  -3.9242548e+01   4.9527538e+02   4.9413416e+00   1.0585259e+01   3.1314405e+00
   2.0050000e+03   1.0000000e+00   6.0000000e+00   1.8000000e+01   2.0000000e+01   3.7000000e+01  -5.3522551e+01  -3.9241182e+01   4.8663176e+02   6.3192752e+00   1.6633693e+01   5.8796016e+00
   2.0050000e+03   1.0000000e+00   6.0000000e+00   1.8000000e+01   2.2000000e+01   1.6000099e+01  -5.3526975e+01  -3.9239831e+01   4.9961598e+02   4.2855895e+00   1.5347963e+01   3.6822365e+00
   2.0050000e+03   1.0000000e+00   6.0000000e+00   1.8000000e+01   2.3000000e+01   5.3000000e+01  -5.3531354e+01  -3.9238492e+01   4.9451597e+02   3.4941186e+00   1.0987590e+01   0.0000000e+00
   2.0050000e+03   1.0000000e+00   6.0000000e+00   1.8000000e+01   2.5000000e+01   3.3000000e+01  -5.3535811e+01  -3.9237200e+01   5.0259525e+02   2.7114561e+00   8.1533612e+00   8.5945614e-01
   2.0050000e+03   1.0000000e+00   6.0000000e+00   1.8000000e+01   2.7000000e+01   1.3000000e+01  -5.3540267e+01  -3.9235912e+01   5.0241414e+02   3.6503380e+00   1.3220585e+01   1.0130383e+00
   2.0050000e+03   1.0000000e+00   6.0000000e+00   1.8000000e+01   2.8000000e+01   5.3000099e+01  -5.3544714e+01  -3.9234559e+01   5.0217386e+02   2.2299941e+00   9.0881164e+00   7.1032976e-01
   2.0050000e+03   1.0000000e+00   6.0000000e+00   1.8000000e+01   3.0000000e+01   3.2000000e+01  -5.3549115e+01  -3.9233280e+01   4.9627606e+02   4.8521268e+00   1.3380312e+01   0.0000000e+00
   2.0050000e+03   1.0000000e+00   6.0000000e+00   1.8000000e+01   3.2000000e+01   6.0000000e+00  -5.3553328e+01  -3.9231995e+01   4.7578396e+02   1.6375515e+00   6.4206505e+00   8.9967188e-01
   2.0050000e+03   1.0000000e+00   6.0000000e+00   1.8000000e+01   3.3000000e+01   4.6000000e+01  -5.3557819e+01  -3.9230589e+01   5.0759508e+02   3.9831665e+00   1.5480955e+01   0.0000000e+00
   2.0050000e+03   1.0000000e+00   6.0000000e+00   1.8000000e+01   3.5000000e+01   2.5000000e+01  -5.3562304e+01  -3.9229202e+01   5.0672002e+02   2.3191103e+00   1.0420166e+01   0.0000000e+00
   2.0050000e+03   1.0000000e+00   6.0000000e+00   1.8000000e+01   3.7000000e+01   1.0000000e+00  -5.3566653e+01  -3.9227879e+01   4.9108631e+02   3.9328242e+01   1.6033590e+02   7.1685430e+01
   2.0050000e+03   1.0000000e+00   6.0000000e+00   1.8000000e+01   3.8000000e+01   4.1000000e+01  -5.3571168e+01  -3.9226499e+01   5.0983747e+02   2.4736890e+00   1.2922865e+01   1.3085669e+00
   2.0050000e+03   1.0000000e+00   6.0000000e+00   1.8000000e+01   4.0000000e+01   1.5000000e+01  -5.3575438e+01  -3.9225205e+01   4.8214113e+02   3.0986710e+00   1.2648544e+01   0.0000000e+00
   2.0050000e+03   1.0000000e+00   6.0000000e+00   1.8000000e+01   4.1000000e+01   5.4000000e+01  -5.3579915e+01  -3.9223839e+01   5.0559882e+02   1.8604614e+00   7.0876640e+00   0.0000000e+00
   2.0050000e+03   1.0000000e+00   6.0000000e+00   1.8000000e+01   4.3000000e+01   3.4000000e+01  -5.3584378e+01  -3.9222486e+01   5.0389168e+02   2.5847196e+00   1.1052748e+01   1.5013202e+00
   2.0050000e+03   1.0000000e+00   6.0000000e+00   1.8000000e+01   4.5000000e+01   1.3999901e+01  -5.3588803e+01  -3.9221073e+01   5.0042550e+02   1.7314530e+00   4.6222804e+00   1.5661891e+00
   2.0050000e+03   1.0000000e+00   6.0000000e+00   1.8000000e+01   4.6000000e+01   5.4000000e+01  -5.3593304e+01  -3.9219682e+01   5.0848648e+02   2.0648618e+00   5.2708919e+00   0.0000000e+00
   2.0050000e+03   1.0000000e+00   6.0000000e+00   1.8000000e+01   4.8000000e+01   3.1000000e+01  -5.3597591e+01  -3.9218291e+01   4.8516258e+02   1.6861585e+00   6.2481051e+00   2.6082334e+00
   2.0050000e+03   1.0000000e+00   6.0000000e+00   1.8000000e+01   5.0000000e+01   1.2000000e+01  -5.3602063e+01  -3.9216983e+01   5.0431123e+02   2.1326445e+00   1.1688533e+01   5.4845544e+00
   2.0050000e+03   1.0000000e+00   6.0000000e+00   1.8000000e+01   5.1000000e+01   4.9000000e+01  -5.3606399e+01  -3.9215758e+01   4.8859415e+02   3.0751927e+00   1.2532638e+01   4.0578645e+00
   2.0050000e+03   1.0000000e+00   6.0000000e+00   1.8000000e+01   5.3000000e+01   3.0000000e+01  -5.3610963e+01  -3.9214534e+01   5.1353901e+02   3.9731351e+00   1.6192112e+01   2.0015028e+00
   2.0050000e+03   1.0000000e+00   6.0000000e+00   1.8000000e+01   5.5000000e+01   7.0000000e+00  -5.3615388e+01  -3.9213363e+01   4.9767519e+02   3.1982279e+00   1.3034056e+01   9.0372608e+00
   2.0050000e+03   1.0000000e+00   6.0000000e+00   1.8000000e+01   5.6000000e+01   4.5000000e+01  -5.3619752e+01  -3.9212103e+01   4.9196433e+02   1.8328413e+00   7.2744683e+00   4.1841494e+00
   2.0050000e+03   1.0000000e+00   6.0000000e+00   1.8000000e+01   5.8000000e+01   2.6000000e+01  -5.3624209e+01  -3.9210908e+01   5.0156291e+02   2.2106948e+00   9.0094641e+00   3.5435383e+00
   2.0050000e+03   1.0000000e+00   6.0000000e+00   1.9000000e+01   0.0000000e+00   4.0000000e+00  -5.3628624e+01  -3.9209723e+01   4.9676331e+02   1.6795765e+00   9.5276033e+00   3.8260266e+00
   2.0050000e+03   1.0000000e+00   6.0000000e+00   1.9000000e+01   1.0000000e+00   4.4000000e+01  -5.3633122e+01  -3.9208489e+01   5.0635935e+02   1.9129314e+00   1.1019915e+01   3.1868209e+00
   2.0050000e+03   1.0000000e+00   6.0000000e+00   1.9000000e+01   3.0000000e+00   2.1000000e+01  -5.3637505e+01  -3.9207256e+01   4.9382727e+02   4.4665062e+00   1.3271863e+01   1.8890104e+00
   2.0050000e+03   1.0000000e+00   6.0000000e+00   1.9000000e+01   5.0000000e+00   1.0000000e+00  -5.3641963e+01  -3.9205918e+01   5.0308699e+02   2.1923110e+00   4.8416236e+00   1.2124166e+00
   2.0050000e+03   1.0000000e+00   6.0000000e+00   1.9000000e+01   6.0000000e+00   4.1000000e+01  -5.3646401e+01  -3.9204616e+01   5.0055730e+02   1.6939842e+00   6.2116633e+00   0.0000000e+00
   2.0050000e+03   1.0000000e+00   6.0000000e+00   1.9000000e+01   8.0000000e+00   1.8000000e+01  -5.3650806e+01  -3.9203320e+01   4.9688302e+02   7.2472027e+00   1.1429385e+01   4.5208094e+00
   2.0050000e+03   1.0000000e+00   6.0000000e+00   1.9000000e+01   9.0000000e+00   5.6000000e+01  -5.3655222e+01  -3.9201913e+01   4.9942258e+02   2.4373351e+00   9.9331139e+00   0.0000000e+00
   2.0050000e+03   1.0000000e+00   6.0000000e+00   1.9000000e+01   1.1000000e+01   3.4000099e+01  -5.3659548e+01  -3.9200601e+01   4.8833233e+02   1.8909784e+00   6.0390455e+00   0.0000000e+00
   2.0050000e+03   1.0000000e+00   6.0000000e+00   1.9000000e+01   1.3000000e+01   1.5000000e+01  -5.3664046e+01  -3.9199232e+01   5.0789765e+02   1.9662005e+01   5.5469500e+01   0.0000000e+00
   2.0050000e+03   1.0000000e+00   6.0000000e+00   1.9000000e+01   1.4000000e+01   5.1000000e+01  -5.3668336e+01  -3.9197923e+01   4.8439558e+02   7.2039830e+00   2.9009630e+01   0.0000000e+00
   2.0050000e+03   1.0000000e+00   6.0000000e+00   1.9000000e+01   1.6000000e+01   2.9000000e+01  -5.3672822e+01  -3.9196465e+01   5.0769001e+02   1.1821397e+00   3.1910832e+00   0.0000000e+00
   2.0050000e+03   1.0000000e+00   6.0000000e+00   1.9000000e+01   1.8000000e+01   9.0000000e+00  -5.3677357e+01  -3.9194969e+01   5.1350562e+02   2.0924320e+00   3.7065132e+00   0.0000000e+00
   2.0050000e+03   1.0000000e+00   6.0000000e+00   1.9000000e+01   1.9000000e+01   4.4000099e+01  -5.3681640e+01  -3.9193521e+01   4.8531108e+02   3.5742567e+00   6.0566328e+00   0.0000000e+00
   2.0050000e+03   1.0000000e+00   6.0000000e+00   1.9000000e+01   2.1000000e+01   2.1000000e+01  -5.3686072e+01  -3.9192067e+01   5.0170801e+02   2.8454295e+00   1.1991567e+01   0.0000000e+00
   2.0050000e+03   1.0000000e+00   6.0000000e+00   1.9000000e+01   2.2000000e+01   5.5000000e+01  -5.3690388e+01  -3.9190697e+01   4.8802109e+02   1.8296695e+00   6.6323750e+00   0.0000000e+00
   2.0050000e+03   1.0000000e+00   6.0000000e+00   1.9000000e+01   2.4000000e+01   3.3000000e+01  -5.3694864e+01  -3.9189342e+01   5.0523293e+02   2.5307275e+00   1.0313725e+01   0.0000000e+00
   2.0050000e+03   1.0000000e+00   6.0000000e+00   1.9000000e+01   2.6000000e+01   1.0000000e+01  -5.3699292e+01  -3.9187939e+01   5.0061037e+02   3.0515941e+00   6.3154064e+00   0.0000000e+00
   2.0050000e+03   1.0000000e+00   6.0000000e+00   1.9000000e+01   2.7000000e+01   4.5000099e+01  -5.3703657e+01  -3.9186572e+01   4.9334692e+02   2.9546872e+00   1.2241033e+01   0.0000000e+00
   2.0050000e+03   1.0000000e+00   6.0000000e+00   1.9000000e+01   2.9000000e+01   2.3000000e+01  -5.3708174e+01  -3.9185213e+01   5.0983170e+02   3.4655515e+00   1.0781196e+01   0.0000000e+00
   2.0050000e+03   1.0000000e+00   6.0000000e+00   1.9000000e+01   3.0000000e+01   5.8000000e+01  -5.3712569e+01  -3.9183857e+01   4.9646640e+02   2.2838939e+00   5.6470878e+00   0.0000000e+00
   2.0050000e+03   1.0000000e+00   6.0000000e+00   1.9000000e+01   3.2000000e+01   3.5000000e+01  -5.3717035e+01  -3.9182499e+01   5.0416670e+02   2.7691185e+00   1.1140062e+01   0.0000000e+00
   2.0050000e+03   1.0000000e+00   6.0000000e+00   1.9000000e+01   3.4000000e+01   9.0000000e+00  -5.3721360e+01  -3.9181235e+01   4.8780173e+02   2.9426700e+00   1.2103252e+01   0.0000000e+00
   2.0050000e+03   1.0000000e+00   6.0000000e+00   1.9000000e+01   3.5000000e+01   4.6999901e+01  -5.3725873e+01  -3.9179819e+01   5.0999771e+02   2.0052022e+00   9.8883831e+00   0.0000000e+00
   2.0050000e+03   1.0000000e+00   6.0000000e+00   1.9000000e+01   3.7000000e+01   2.2000000e+01  -5.3730274e+01  -3.9178493e+01   4.9674686e+02   3.9522308e+00   1.5029648e+01   0.0000000e+00
   2.0050000e+03   1.0000000e+00   6.0000000e+00   1.9000000e+01   3.8000000e+01   5.6000000e+01  -5.3734706e+01  -3.9177211e+01   4.9971133e+02   2.7583985e+00   9.3806663e+00   0.0000000e+00
