   2.0050000e+03   1.2000000e+01   2.9000000e+01   1.4000000e+01   5.0000000e+01   3.0000099e+01  -5.3316839e+01  -3.9303702e+01   4.9821937e+02   1.3197370e+00   2.5822215e+00   0.0000000e+00
   2.0050000e+03   1.2000000e+01   2.9000000e+01   1.4000000e+01   5.2000000e+01   2.0000000e+00  -5.3321236e+01  -3.9301809e+01   5.0451535e+02   2.8084608e+00   7.1179621e+00   0.0000000e+00
   2.0050000e+03   1.2000000e+01   2.9000000e+01   1.4000000e+01   5.3000000e+01   3.8000000e+01  -5.3325571e+01  -3.9299888e+01   4.9821976e+02   8.0464692e-01   2.0393542e+00   0.0000000e+00
   2.0050000e+03   1.2000000e+01   2.9000000e+01   1.4000000e+01   5.5000000e+01   2.0000000e+01  -5.3329999e+01  -3.9298647e+01   4.9889071e+02   3.4349561e-01   8.7057965e-01   0.0000000e+00
   2.0050000e+03   1.2000000e+01   2.9000000e+01   1.4000000e+01   5.7000000e+01   6.0000000e+00  -5.3334310e+01  -3.9297894e+01   4.8167031e+02   2.5589599e-01   6.5595330e-01   0.0000000e+00
   2.0050000e+03   1.2000000e+01   2.9000000e+01   1.4000000e+01   5.8000000e+01   5.0999901e+01  -5.3338774e+01  -3.9297010e+01   4.9946111e+02   5.1135832e-01   2.1616015e-01   0.0000000e+00
   2.0050000e+03   1.2000000e+01   2.9000000e+01   1.5000000e+01   0.0000000e+00   3.2000099e+01  -5.3343215e+01  -3.9295918e+01   4.9881996e+02   5.9037763e-01   1.0377596e+00   0.0000000e+00
   2.0050000e+03   1.2000000e+01   2.9000000e+01   1.5000000e+01   2.0000000e+00   1.1000000e+01  -5.3347652e+01  -3.9294613e+01   5.0056530e+02   1.2220386e-01   1.7911624e-01   0.0000000e+00
   2.0050000e+03   1.2000000e+01   2.9000000e+01   1.5000000e+01   3.0000000e+00   4.8000000e+01  -5.3352042e+01  -3.9293309e+01   4.9544554e+02   4.6204956e-01   6.0690346e-01   0.0000000e+00
   2.0050000e+03   1.2000000e+01   2.9000000e+01   1.5000000e+01   5.0000000e+00   2.3000000e+01  -5.3356542e+01  -3.9292098e+01   5.0642099e+02   6.5651821e-01   1.1810630e+00   0.0000000e+00
   2.0050000e+03   1.2000000e+01   2.9000000e+01   1.5000000e+01   6.0000000e+00   5.8000000e+01  -5.3360909e+01  -3.9290812e+01   4.9267477e+02   1.9981484e-01   5.0642491e-01   0.0000000e+00
   2.0050000e+03   1.2000000e+01   2.9000000e+01   1.5000000e+01   8.0000000e+00   3.3000099e+01  -5.3365339e+01  -3.9289607e+01   4.9873943e+02   1.0328857e-01   2.6178188e-01   0.0000000e+00
   2.0050000e+03   1.2000000e+01   2.9000000e+01   1.5000000e+01   1.0000000e+01   7.0000000e+00  -5.3369832e+01  -3.9288421e+01   5.0537200e+02   8.8771260e-01   1.5336201e+00   3.9756431e-01
   2.0050000e+03   1.2000000e+01   2.9000000e+01   1.5000000e+01   1.1000000e+01   4.1000000e+01  -5.3374195e+01  -3.9287139e+01   4.9227531e+02   1.2549024e-01   3.4667760e-01   0.0000000e+00
   2.0050000e+03   1.2000000e+01   2.9000000e+01   1.5000000e+01   1.3000000e+01   1.7000000e+01  -5.3378653e+01  -3.9285705e+01   5.0439904e+02   2.0538598e-01   1.5446598e-01   0.0000000e+00
   2.0050000e+03   1.2000000e+01   2.9000000e+01   1.5000000e+01   1.4000000e+01   5.5000000e+01  -5.3382932e+01  -3.9284341e+01   4.8394682e+02   2.0548885e-01   3.6471896e-01   0.0000000e+00
   2.0050000e+03   1.2000000e+01   2.9000000e+01   1.5000000e+01   1.6000000e+01   3.0000000e+01  -5.3387370e+01  -3.9282922e+01   5.0209511e+02   1.2547420e-01   4.8196790e-02   0.0000000e+00
   2.0050000e+03   1.2000000e+01   2.9000000e+01   1.5000000e+01   1.8000000e+01   3.0000000e+00  -5.3391905e+01  -3.9281648e+01   5.1095160e+02   1.5013660e-01   1.7452489e-01   0.0000000e+00
   2.0050000e+03   1.2000000e+01   2.9000000e+01   1.5000000e+01   1.9000000e+01   3.8000000e+01  -5.3396218e+01  -3.9280286e+01   4.8763995e+02   9.0728218e-02   2.3692329e-01   0.0000000e+00
   2.0050000e+03   1.2000000e+01   2.9000000e+01   1.5000000e+01   2.1000000e+01   1.4000000e+01  -5.3400664e+01  -3.9278758e+01   5.0437924e+02   1.0866785e-01   2.7541550e-01   0.0000000e+00
   2.0050000e+03   1.2000000e+01   2.9000000e+01   1.5000000e+01   2.2000000e+01   4.8000000e+01  -5.3405031e+01  -3.9277372e+01   4.9385725e+02   3.4380159e-01   8.8913451e-01   0.0000000e+00
   2.0050000e+03   1.2000000e+01   2.9000000e+01   1.5000000e+01   2.4000000e+01   2.1000000e+01  -5.3409484e+01  -3.9276130e+01   5.0162868e+02   6.2153108e-01   3.2218244e-02   0.0000000e+00
   2.0050000e+03   1.2000000e+01   2.9000000e+01   1.5000000e+01   2.5000000e+01   5.6000000e+01  -5.3413840e+01  -3.9274624e+01   4.9414521e+02   1.7289283e-01   4.3819185e-01   2.2676934e-01
   2.0050000e+03   1.2000000e+01   2.9000000e+01   1.5000000e+01   2.7000000e+01   3.2000000e+01  -5.3418199e+01  -3.9273367e+01   4.9153049e+02   8.0579806e-01   1.8153259e+00   0.0000000e+00
   2.0050000e+03   1.2000000e+01   2.9000000e+01   1.5000000e+01   2.9000000e+01   9.0000000e+00  -5.3422659e+01  -3.9272145e+01   5.0211249e+02   4.7321680e-01   7.5725597e-01   0.0000000e+00
   2.0050000e+03   1.2000000e+01   2.9000000e+01   1.5000000e+01   3.0000000e+01   4.4999901e+01  -5.3427074e+01  -3.9270886e+01   4.9765236e+02   1.7907861e+02   4.5386953e+02   4.3958500e+02
   2.0050000e+03   1.2000000e+01   2.9000000e+01   1.5000000e+01   3.2000000e+01   1.9000000e+01  -5.3431446e+01  -3.9269704e+01   4.9201640e+02   2.6755246e-01   4.0385336e-01   3.2838892e-01
   2.0050000e+03   1.2000000e+01   2.9000000e+01   1.5000000e+01   3.3000000e+01   5.4000000e+01  -5.3435912e+01  -3.9268458e+01   5.0316943e+02   1.5441683e-02   3.9136496e-02   0.0000000e+00
   2.0050000e+03   1.2000000e+01   2.9000000e+01   1.5000000e+01   3.5000000e+01   3.1000099e+01  -5.3440262e+01  -3.9267049e+01   4.9224516e+02   7.0046820e-01   1.4375539e+00   0.0000000e+00
   2.0050000e+03   1.2000000e+01   2.9000000e+01   1.5000000e+01   3.7000000e+01   8.0000000e+00  -5.3444717e+01  -3.9265772e+01   5.0223056e+02   1.1076620e-01   2.9496845e-01   0.0000000e+00
   2.0050000e+03   1.2000000e+01   2.9000000e+01   1.5000000e+01   3.8000000e+01   4.3000099e+01  -5.3449126e+01  -3.9264439e+01   4.9773148e+02   1.1485954e-01   5.5859936e-02   0.0000000e+00
   2.0050000e+03   1.2000000e+01   2.9000000e+01   1.5000000e+01   4.0000000e+01   1.7999901e+01  -5.3453547e+01  -3.9263085e+01   4.9943182e+02   4.2961529e-01   1.1093775e+00   0.0000000e+00
   2.0050000e+03   1.2000000e+01   2.9000000e+01   1.5000000e+01   4.1000000e+01   5.5000000e+01  -5.3457914e+01  -3.9261809e+01   4.9253269e+02   1.7982089e+00   4.5575081e+00   0.0000000e+00
   2.0050000e+03   1.2000000e+01   2.9000000e+01   1.5000000e+01   4.3000000e+01   3.0000000e+01  -5.3462397e+01  -3.9260540e+01   5.0520722e+02   3.8248974e-01   1.0717639e+00   0.0000000e+00
   2.0050000e+03   1.2000000e+01   2.9000000e+01   1.5000000e+01   4.5000000e+01   4.0000992e+00  -5.3466799e+01  -3.9259302e+01   4.9594301e+02   2.0102677e+00   2.0256829e+00   0.0000000e+00
   2.0050000e+03   1.2000000e+01   2.9000000e+01   1.5000000e+01   4.6000000e+01   4.2000000e+01  -5.3471218e+01  -3.9257917e+01   4.9948991e+02   2.9988419e-01   7.6004775e-01   0.0000000e+00
   2.0050000e+03   1.2000000e+01   2.9000000e+01   1.5000000e+01   4.8000000e+01   2.2000000e+01  -5.3475645e+01  -3.9256426e+01   5.0173297e+02   9.7326679e-01   9.6951308e-01   0.0000000e+00
   2.0050000e+03   1.2000000e+01   2.9000000e+01   1.5000000e+01   5.0000000e+01   9.9182129e-05  -5.3480023e+01  -3.9255010e+01   4.9541961e+02   9.8066106e-01   1.8659263e+00   0.0000000e+00
   2.0050000e+03   1.2000000e+01   2.9000000e+01   1.5000000e+01   5.1000000e+01   3.6000000e+01  -5.3484443e+01  -3.9253603e+01   4.9987639e+02   1.6721998e-01   1.0162754e-01   0.0000000e+00
   2.0050000e+03   1.2000000e+01   2.9000000e+01   1.5000000e+01   5.3000000e+01   1.2000000e+01  -5.3488795e+01  -3.9252274e+01   4.9146133e+02   1.9247829e-01   4.8783064e-01   0.0000000e+00
   2.0050000e+03   1.2000000e+01   2.9000000e+01   1.5000000e+01   5.4000000e+01   4.7000099e+01  -5.3493203e+01  -3.9250913e+01   4.9808130e+02   4.6844915e-01   1.1872707e+00   1.9930132e-01
   2.0050000e+03   1.2000000e+01   2.9000000e+01   1.5000000e+01   5.6000000e+01   2.2000000e+01  -5.3497616e+01  -3.9249589e+01   4.9813765e+02   1.0946240e-01   2.8718919e-01   0.0000000e+00
   2.0050000e+03   1.2000000e+01   2.9000000e+01   1.5000000e+01   5.7000000e+01   5.8000000e+01  -5.3502048e+01  -3.9248295e+01   4.9980384e+02   1.2575520e-01   1.5415956e-01   0.0000000e+00
   2.0050000e+03   1.2000000e+01   2.9000000e+01   1.5000000e+01   5.9000000e+01   3.3999901e+01  -5.3506450e+01  -3.9246969e+01   4.9692543e+02   3.1333006e-01   8.2830428e-01   0.0000000e+00
   2.0050000e+03   1.2000000e+01   2.9000000e+01   1.6000000e+01   1.0000000e+00   9.0000000e+00  -5.3510841e+01  -3.9245620e+01   4.9601238e+02   3.3426084e-01   5.1022819e-01   0.0000000e+00
   2.0050000e+03   1.2000000e+01   2.9000000e+01   1.6000000e+01   2.0000000e+00   4.6000000e+01  -5.3515262e+01  -3.9244299e+01   4.9901445e+02   2.3563241e-01   5.9720349e-01   0.0000000e+00
   2.0050000e+03   1.2000000e+01   2.9000000e+01   1.6000000e+01   4.0000000e+00   2.5000000e+01  -5.3519661e+01  -3.9242953e+01   4.9679309e+02   6.2515834e-01   1.6435065e+00   0.0000000e+00
   2.0050000e+03   1.2000000e+01   2.9000000e+01   1.6000000e+01   6.0000000e+00   3.0000000e+00  -5.3524122e+01  -3.9241634e+01   5.0333827e+02   4.3207007e-01   8.3844440e-01   0.0000000e+00
   2.0050000e+03   1.2000000e+01   2.9000000e+01   1.6000000e+01   7.0000000e+00   4.0000000e+01  -5.3528571e+01  -3.9240371e+01   5.0132595e+02   1.0120662e+00   2.5650525e+00   2.3982406e-01
   2.0050000e+03   1.2000000e+01   2.9000000e+01   1.6000000e+01   9.0000000e+00   1.6000099e+01  -5.3532966e+01  -3.9239137e+01   4.9510897e+02   1.0279868e+03   1.5865151e+03   1.5861549e+03
   2.0050000e+03   1.2000000e+01   2.9000000e+01   1.6000000e+01   1.0000000e+01   5.2000000e+01  -5.3537386e+01  -3.9237789e+01   4.9913281e+02   1.2548275e+00   3.1803237e+00   1.8686783e-01
   2.0050000e+03   1.2000000e+01   2.9000000e+01   1.6000000e+01   1.2000000e+01   2.7000000e+01  -5.3541759e+01  -3.9236523e+01   4.9313975e+02   2.3601834e+00   5.4952347e+00   0.0000000e+00
   2.0050000e+03   1.2000000e+01   2.9000000e+01   1.6000000e+01   1.4000000e+01   1.0000000e+00  -5.3546174e+01  -3.9235270e+01   4.9747500e+02   9.2016936e-01   1.8757781e+00   0.0000000e+00
   2.0050000e+03   1.2000000e+01   2.9000000e+01   1.6000000e+01   1.5000000e+01   4.1000000e+01  -5.3550602e+01  -3.9233752e+01   5.0212086e+02   2.8658535e-01   4.2430337e-01   0.0000000e+00
   2.0050000e+03   1.2000000e+01   2.9000000e+01   1.6000000e+01   1.7000000e+01   2.2000000e+01  -5.3554947e+01  -3.9232419e+01   4.9082776e+02   4.2841911e+00   1.0730313e+01   7.8142722e+00
   2.0050000e+03   1.2000000e+01   2.9000000e+01   1.6000000e+01   1.8000000e+01   5.8999901e+01  -5.3559390e+01  -3.9231001e+01   5.0249361e+02   4.5045395e-01   8.6527694e-01   0.0000000e+00
   2.0050000e+03   1.2000000e+01   2.9000000e+01   1.6000000e+01   2.0000000e+01   3.8000000e+01  -5.3563713e+01  -3.9229609e+01   4.8908737e+02   3.6680294e-01   8.6054977e-01   0.0000000e+00
   2.0050000e+03   1.2000000e+01   2.9000000e+01   1.6000000e+01   2.2000000e+01   1.7000000e+01  -5.3568165e+01  -3.9228243e+01   5.0285352e+02   1.1884651e+00   1.9072003e+00   0.0000000e+00
   2.0050000e+03   1.2000000e+01   2.9000000e+01   1.6000000e+01   2.3000000e+01   5.3000000e+01  -5.3572630e+01  -3.9226926e+01   5.0368981e+02   3.6931428e-01   4.9494507e-01   0.0000000e+00
   2.0050000e+03   1.2000000e+01   2.9000000e+01   1.6000000e+01   2.5000000e+01   2.8000000e+01  -5.3577040e+01  -3.9225711e+01   4.9656559e+02   1.5663835e+00   3.4331870e+00   0.0000000e+00
   2.0050000e+03   1.2000000e+01   2.9000000e+01   1.6000000e+01   2.7000000e+01   2.0000000e+00  -5.3581467e+01  -3.9224413e+01   4.9927326e+02   1.0498257e+00   2.2512320e+00   0.0000000e+00
   2.0050000e+03   1.2000000e+01   2.9000000e+01   1.6000000e+01   2.8000000e+01   3.6000000e+01  -5.3585880e+01  -3.9223224e+01   4.9659119e+02   1.2288499e+00   2.6030781e+00   0.0000000e+00
   2.0050000e+03   1.2000000e+01   2.9000000e+01   1.6000000e+01   3.0000000e+01   1.2000000e+01  -5.3590263e+01  -3.9222055e+01   4.9316430e+02   4.5352002e-01   5.3042836e-01   1.6857076e-01
   2.0050000e+03   1.2000000e+01   2.9000000e+01   1.6000000e+01   3.1000000e+01   4.9000000e+01  -5.3594737e+01  -3.9220688e+01   5.0519222e+02   1.5842830e-01   4.2267106e-01   1.7698090e-01
   2.0050000e+03   1.2000000e+01   2.9000000e+01   1.6000000e+01   3.3000000e+01   2.6000000e+01  -5.3599111e+01  -3.9219136e+01   4.9680023e+02   4.9455081e-01   1.3161999e+00   1.6478132e-01
   2.0050000e+03   1.2000000e+01   2.9000000e+01   1.6000000e+01   3.5000000e+01   9.9990082e-01  -5.3603516e+01  -3.9217726e+01   4.9821189e+02   9.7036264e-01   1.7228962e+00   1.7509624e-01
   2.0050000e+03   1.2000000e+01   2.9000000e+01   1.6000000e+01   3.6000000e+01   3.6000000e+01  -5.3607905e+01  -3.9216431e+01   4.9507349e+02   5.9215131e-01   7.8156794e-01   1.6938315e-01
   2.0050000e+03   1.2000000e+01   2.9000000e+01   1.6000000e+01   3.8000000e+01   1.0000000e+01  -5.3612351e+01  -3.9215073e+01   5.0212647e+02   2.4243391e-01   5.1757988e-01   2.0112268e-01
   2.0050000e+03   1.2000000e+01   2.9000000e+01   1.6000000e+01   3.9000000e+01   4.5000000e+01  -5.3616660e+01  -3.9213696e+01   4.8728365e+02   1.6901550e-01   1.0120039e-01   0.0000000e+00
   2.0050000e+03   1.2000000e+01   2.9000000e+01   1.6000000e+01   4.1000000e+01   1.9999901e+01  -5.3621074e+01  -3.9212330e+01   4.9876487e+02   2.0043360e+00   4.9236624e+00   0.0000000e+00
   2.0050000e+03   1.2000000e+01   2.9000000e+01   1.6000000e+01   4.2000000e+01   5.4000000e+01  -5.3625543e+01  -3.9211041e+01   5.0375677e+02   8.2962754e-01   2.1026669e+00   0.0000000e+00
   2.0050000e+03   1.2000000e+01   2.9000000e+01   1.6000000e+01   4.4000000e+01   3.0000000e+01  -5.3629949e+01  -3.9209683e+01   4.9772766e+02   1.4286687e-01   3.5677328e-01   0.0000000e+00
   2.0050000e+03   1.2000000e+01   2.9000000e+01   1.6000000e+01   4.6000000e+01   5.0000000e+00  -5.3634343e+01  -3.9208495e+01   4.9445211e+02   1.0455466e-01   5.5414089e-01   0.0000000e+00
   2.0050000e+03   1.2000000e+01   2.9000000e+01   1.6000000e+01   4.7000000e+01   3.8999901e+01  -5.3638804e+01  -3.9207266e+01   5.0231376e+02   1.6674183e-01   2.4203066e-01   0.0000000e+00
   2.0050000e+03   1.2000000e+01   2.9000000e+01   1.6000000e+01   4.9000000e+01   1.5000000e+01  -5.3643211e+01  -3.9205963e+01   4.9715002e+02   1.0181374e+00   1.9945398e+00   0.0000000e+00
   2.0050000e+03   1.2000000e+01   2.9000000e+01   1.6000000e+01   5.0000000e+01   5.1000000e+01  -5.3647667e+01  -3.9204636e+01   5.0283762e+02   4.6907219e-01   1.1888498e+00   0.0000000e+00
   2.0050000e+03   1.2000000e+01   2.9000000e+01   1.6000000e+01   5.2000000e+01   2.8000000e+01  -5.3651987e+01  -3.9203257e+01   4.8855891e+02   1.2133389e-01   3.1537989e-01   0.0000000e+00
   2.0050000e+03   1.2000000e+01   2.9000000e+01   1.6000000e+01   5.4000000e+01   6.0000992e+00  -5.3656492e+01  -3.9201871e+01   5.0883900e+02   2.7099928e-01   6.8683979e-01   0.0000000e+00
   2.0050000e+03   1.2000000e+01   2.9000000e+01   1.6000000e+01   5.5000000e+01   4.2000000e+01  -5.3660864e+01  -3.9200600e+01   4.9295695e+02   1.7265896e-01   4.3759912e-01   0.0000000e+00
   2.0050000e+03   1.2000000e+01   2.9000000e+01   1.6000000e+01   5.7000000e+01   1.8000000e+01  -5.3665282e+01  -3.9199288e+01   4.9845853e+02   3.0303974e-01   6.0643900e-01   0.0000000e+00
   2.0050000e+03   1.2000000e+01   2.9000000e+01   1.6000000e+01   5.8000000e+01   5.3000099e+01  -5.3669699e+01  -3.9197977e+01   4.9833982e+02   5.5838860e-01   4.0961634e-01   0.0000000e+00
   2.0050000e+03   1.2000000e+01   2.9000000e+01   1.7000000e+01   0.0000000e+00   2.7000000e+01  -5.3674123e+01  -3.9196692e+01   4.9889736e+02   4.0888315e-01   8.6451150e-01   2.2318320e-01
   2.0050000e+03   1.2000000e+01   2.9000000e+01   1.7000000e+01   2.0000000e+00   1.0000000e+00  -5.3678532e+01  -3.9195426e+01   4.9690892e+02   1.0881472e+00   2.4572340e+00   0.0000000e+00
   2.0050000e+03   1.2000000e+01   2.9000000e+01   1.7000000e+01   3.0000000e+00   3.7000000e+01  -5.3682962e+01  -3.9193990e+01   5.0121541e+02   1.0745313e+00   2.3697615e+00   0.0000000e+00
   2.0050000e+03   1.2000000e+01   2.9000000e+01   1.7000000e+01   5.0000000e+00   1.4000000e+01  -5.3687333e+01  -3.9192712e+01   4.9301477e+02   1.2583950e+00   3.1966607e+00   0.0000000e+00
   2.0050000e+03   1.2000000e+01   2.9000000e+01   1.7000000e+01   6.0000000e+00   5.0000000e+01  -5.3691750e+01  -3.9191347e+01   4.9894294e+02   4.0894650e-01   1.0364630e+00   1.7274209e-01
   2.0050000e+03   1.2000000e+01   2.9000000e+01   1.7000000e+01   8.0000000e+00   2.6000099e+01  -5.3696185e+01  -3.9190020e+01   5.0049532e+02   5.3473329e-01   1.1384100e+00   0.0000000e+00
   2.0050000e+03   1.2000000e+01   2.9000000e+01   1.7000000e+01   1.0000000e+01   2.0000000e+00  -5.3700698e+01  -3.9188642e+01   5.0961453e+02   4.4130435e-01   1.0011663e+00   1.6763221e-01
   2.0050000e+03   1.2000000e+01   2.9000000e+01   1.7000000e+01   1.1000000e+01   3.9000099e+01  -5.3705098e+01  -3.9187370e+01   4.9602949e+02   1.1521861e-01   3.3531513e-01   1.5064594e-01
   2.0050000e+03   1.2000000e+01   2.9000000e+01   1.7000000e+01   1.3000000e+01   1.6000000e+01  -5.3709447e+01  -3.9186010e+01   4.9140202e+02   7.0132017e+01   1.7746849e+02   1.7714193e+02
   2.0050000e+03   1.2000000e+01   2.9000000e+01   1.7000000e+01   1.4000000e+01   5.4000000e+01  -5.3713873e+01  -3.9184453e+01   5.0242838e+02   3.2201705e-01   8.1614285e-01   0.0000000e+00
   2.0050000e+03   1.2000000e+01   2.9000000e+01   1.7000000e+01   1.6000000e+01   3.4000000e+01  -5.3718225e+01  -3.9182980e+01   4.9314827e+02   9.8915570e-01   8.3731721e-01   0.0000000e+00
   2.0050000e+03   1.2000000e+01   2.9000000e+01   1.7000000e+01   1.8000000e+01   1.2000000e+01  -5.3722628e+01  -3.9181620e+01   4.9739487e+02   1.3419228e+00   3.3059103e+00   0.0000000e+00
   2.0050000e+03   1.2000000e+01   2.9000000e+01   1.7000000e+01   1.9000000e+01   4.7000000e+01  -5.3727056e+01  -3.9180323e+01   4.9936910e+02   1.2675385e+00   3.1421254e+00   0.0000000e+00
   2.0050000e+03   1.2000000e+01   2.9000000e+01   1.7000000e+01   2.1000000e+01   2.2000000e+01  -5.3731546e+01  -3.9178962e+01   5.0691664e+02   6.4081735e-01   1.3864044e+00   1.5407907e-01
   2.0050000e+03   1.2000000e+01   2.9000000e+01   1.7000000e+01   2.3000000e+01   0.0000000e+00  -5.3735983e+01  -3.9177545e+01   5.0171734e+02   3.2076385e+01   5.6955863e+01   2.1587301e-01
   2.0050000e+03   1.2000000e+01   2.9000000e+01   1.7000000e+01   2.4000000e+01   4.0000000e+01  -5.3740304e+01  -3.9176079e+01   4.8978155e+02   2.7662019e-01   7.1426715e-01   0.0000000e+00
   2.0050000e+03   1.2000000e+01   2.9000000e+01   1.7000000e+01   2.6000000e+01   1.9000099e+01  -5.3744732e+01  -3.9174715e+01   5.0015551e+02   4.4255738e-01   1.1959399e+00   2.1056988e-01
   2.0050000e+03   1.2000000e+01   2.9000000e+01   1.7000000e+01   2.7000000e+01   5.6000000e+01  -5.3749164e+01  -3.9173467e+01   4.9923265e+02   2.7581456e-01   5.4992388e-01   1.9943504e-01
   2.0050000e+03   1.2000000e+01   2.9000000e+01   1.7000000e+01   2.9000000e+01   3.2000000e+01  -5.3753541e+01  -3.9172139e+01   4.9406442e+02   4.6380373e-01   7.6148556e-01   0.0000000e+00
   2.0050000e+03   1.2000000e+01   2.9000000e+01   1.7000000e+01   3.1000000e+01   7.0000000e+00  -5.3757994e+01  -3.9170669e+01   5.0420782e+02   1.7556121e+02   2.2233698e+02   2.2068880e+02
   2.0050000e+03   1.2000000e+01   2.9000000e+01   1.7000000e+01   3.2000000e+01   4.2000000e+01  -5.3762376e+01  -3.9169374e+01   4.9428029e+02   1.4744398e-01   3.7369248e-01   1.6359963e-01
   2.0050000e+03   1.2000000e+01   2.9000000e+01   1.7000000e+01   3.4000000e+01   1.8000000e+01  -5.3766837e+01  -3.9168082e+01   5.0295327e+02   3.1724080e-01   5.7939939e-01   0.0000000e+00
   2.0050000e+03   1.2000000e+01   2.9000000e+01   1.7000000e+01   3.5000000e+01   5.4000000e+01  -5.3771226e+01  -3.9166812e+01   4.9472196e+02   8.7594689e+02   4.6288174e+02   4.1577208e+02
   2.0050000e+03   1.2000000e+01   2.9000000e+01   1.7000000e+01   3.7000000e+01   3.2000000e+01  -5.3775589e+01  -3.9165405e+01   4.9356626e+02   7.2987707e-01   1.6600040e+00   0.0000000e+00
   2.0050000e+03   1.2000000e+01   2.9000000e+01   1.7000000e+01   3.9000000e+01   1.1000000e+01  -5.3780032e+01  -3.9164010e+01   5.0215664e+02   2.6982424e+01   6.3514164e+01   4.2957193e+01
   2.0050000e+03   1.2000000e+01   2.9000000e+01   1.7000000e+01   4.0000000e+01   4.8000099e+01  -5.3784430e+01  -3.9162600e+01   4.9743328e+02   3.6216447e-01   9.1789531e-01   0.0000000e+00
   2.0050000e+03   1.2000000e+01   2.9000000e+01   1.7000000e+01   4.2000000e+01   2.5000000e+01  -5.3788847e+01  -3.9161187e+01   4.9947731e+02   8.5749230e-01   2.2195897e+00   0.0000000e+00
   2.0050000e+03   1.2000000e+01   2.9000000e+01   1.7000000e+01   4.4000000e+01   2.0000992e+00  -5.3793302e+01  -3.9159801e+01   5.0329988e+02   1.2074641e+00   2.8958299e+00   0.0000000e+00
   2.0050000e+03   1.2000000e+01   2.9000000e+01   1.7000000e+01   4.5000000e+01   3.9000000e+01  -5.3797653e+01  -3.9158469e+01   4.9138767e+02   1.5938844e+00   3.8309714e+00   2.6674924e-01
   2.0050000e+03   1.2000000e+01   2.9000000e+01   1.7000000e+01   4.7000000e+01   1.6000000e+01  -5.3802092e+01  -3.9157227e+01   4.9988452e+02   1.0741196e+00   2.6090327e+00   2.6646042e-01
   2.0050000e+03   1.2000000e+01   2.9000000e+01   1.7000000e+01   4.8000000e+01   5.2000000e+01  -5.3806500e+01  -3.9155880e+01   4.9776263e+02   1.9206760e+00   4.4711486e+00   2.1046551e-01
   2.0050000e+03   1.2000000e+01   2.9000000e+01   1.7000000e+01   5.0000000e+01   2.9000000e+01  -5.3810941e+01  -3.9154523e+01   5.0149807e+02   3.6987398e-01   8.3579766e-01   3.6559548e-01
   2.0050000e+03   1.2000000e+01   2.9000000e+01   1.7000000e+01   5.2000000e+01   7.0000000e+00  -5.3815328e+01  -3.9153154e+01   4.9563874e+02   1.9470714e-01   4.1071502e-01   2.2787977e-01
   2.0050000e+03   1.2000000e+01   2.9000000e+01   1.7000000e+01   5.3000000e+01   4.5999901e+01  -5.3819778e+01  -3.9151797e+01   5.0241072e+02   2.0969366e-01   4.2512833e-01   0.0000000e+00
   2.0050000e+03   1.2000000e+01   2.9000000e+01   1.7000000e+01   5.5000000e+01   2.5000099e+01  -5.3824211e+01  -3.9150437e+01   5.0063652e+02   2.5770557e-01   6.5314726e-01   2.2013488e-01
   2.0050000e+03   1.2000000e+01   2.9000000e+01   1.7000000e+01   5.7000000e+01   2.0000000e+00  -5.3828563e+01  -3.9149206e+01   4.9024867e+02   2.7698588e-01   5.1591487e-01   2.3033620e-01
   2.0050000e+03   1.2000000e+01   2.9000000e+01   1.7000000e+01   5.8000000e+01   3.9000099e+01  -5.3833028e+01  -3.9147962e+01   5.0282541e+02   1.3692575e-01   6.0524726e-01   2.4146308e-01
   2.0050000e+03   1.2000000e+01   2.9000000e+01   1.8000000e+01   0.0000000e+00   1.9000000e+01  -5.3837464e+01  -3.9146637e+01   5.0058593e+02   2.2046743e-01   2.7976837e+00   0.0000000e+00
   2.0050000e+03   1.2000000e+01   2.9000000e+01   1.8000000e+01   2.0000000e+00   1.0000000e+00  -5.3841873e+01  -3.9145321e+01   4.9741609e+02   1.6892222e-01   4.5348838e-01   0.0000000e+00
   2.0050000e+03   1.2000000e+01   2.9000000e+01   1.8000000e+01   3.0000000e+00   4.2000000e+01  -5.3846296e+01  -3.9144054e+01   4.9847118e+02   6.7841258e+02   1.7192790e+03   1.7191144e+03
   2.0050000e+03   1.2000000e+01   2.9000000e+01   1.8000000e+01   5.0000000e+00   2.2000000e+01  -5.3850746e+01  -3.9142741e+01   5.0189546e+02   2.8695947e-01   2.1423232e-01   0.0000000e+00
   2.0050000e+03   1.2000000e+01   2.9000000e+01   1.8000000e+01   7.0000000e+00   9.9182129e-05  -5.3855101e+01  -3.9141395e+01   4.9187360e+02   1.4556031e-01   2.6316142e-01   0.0000000e+00
   2.0050000e+03   1.2000000e+01   2.9000000e+01   1.8000000e+01   8.0000000e+00   3.6000000e+01  -5.3859517e+01  -3.9140142e+01   4.9762690e+02   1.6652880e-01   5.8834776e-01   2.9682712e-01
   2.0050000e+03   1.2000000e+01   2.9000000e+01   1.8000000e+01   1.0000000e+01   1.3000000e+01  -5.3863917e+01  -3.9138738e+01   4.9750733e+02   1.6788073e-01   0.0000000e+00   0.0000000e+00
   2.0050000e+03   1.2000000e+01   2.9000000e+01   1.8000000e+01   1.1000000e+01   5.1000000e+01  -5.3868326e+01  -3.9137399e+01   4.9764307e+02   4.3261256e-01   3.4881964e-01   0.0000000e+00
   2.0050000e+03   1.2000000e+01   2.9000000e+01   1.8000000e+01   1.3000000e+01   3.0000000e+01  -5.3872692e+01  -3.9136002e+01   4.9378386e+02   1.6223715e-01   2.9512900e-01   0.0000000e+00
   2.0050000e+03   1.2000000e+01   2.9000000e+01   1.8000000e+01   1.5000000e+01   9.0000000e+00  -5.3877191e+01  -3.9134559e+01   5.0876651e+02   5.7334932e-01   1.4531372e+00   0.0000000e+00
   2.0050000e+03   1.2000000e+01   2.9000000e+01   1.8000000e+01   1.6000000e+01   4.7000000e+01  -5.3881559e+01  -3.9133233e+01   4.9303978e+02   4.6161540e-01   9.3115836e-01   0.0000000e+00
   2.0050000e+03   1.2000000e+01   2.9000000e+01   1.8000000e+01   1.8000000e+01   2.6000000e+01  -5.3885979e+01  -3.9131934e+01   4.9847549e+02   1.0310383e-01   2.7735549e-01   2.3683107e-01
   2.0050000e+03   1.2000000e+01   2.9000000e+01   1.8000000e+01   2.0000000e+01   4.0000992e+00  -5.3890335e+01  -3.9130497e+01   4.9313444e+02   9.7587605e-02   2.5884213e-01   2.4733295e-01
   2.0050000e+03   1.2000000e+01   2.9000000e+01   1.8000000e+01   2.1000000e+01   4.1000000e+01  -5.3894836e+01  -3.9129113e+01   5.0825049e+02   1.0692990e+00   2.7101073e+00   1.9429409e+00
   2.0050000e+03   1.2000000e+01   2.9000000e+01   1.8000000e+01   2.3000000e+01   1.9000000e+01  -5.3899223e+01  -3.9127811e+01   4.9491964e+02   2.8731953e-01   1.1903715e+00   7.2820300e-01
   2.0050000e+03   1.2000000e+01   2.9000000e+01   1.8000000e+01   2.4000000e+01   5.6000000e+01  -5.3903637e+01  -3.9126556e+01   4.9724912e+02   2.5032970e+00   6.3539698e+00   6.3445335e+00
   2.0050000e+03   1.2000000e+01   2.9000000e+01   1.8000000e+01   2.6000000e+01   3.2000000e+01  -5.3908027e+01  -3.9125238e+01   4.9541208e+02   1.2446060e+00   3.1544176e+00   2.5312120e+00
   2.0050000e+03   1.2000000e+01   2.9000000e+01   1.8000000e+01   2.8000000e+01   9.0000000e+00  -5.3912457e+01  -3.9123892e+01   5.0008840e+02   5.8237712e+00   1.4760179e+01   1.3814603e+01
   2.0050000e+03   1.2000000e+01   2.9000000e+01   1.8000000e+01   2.9000000e+01   4.7000099e+01  -5.3916852e+01  -3.9122501e+01   4.9676810e+02   3.6207877e+00   9.1767813e+00   8.9986686e+00
   2.0050000e+03   1.2000000e+01   2.9000000e+01   1.8000000e+01   3.1000000e+01   2.3000000e+01  -5.3921268e+01  -3.9121008e+01   5.0038425e+02   7.8490052e-02   1.9893076e-01   1.8494502e-01
   2.0050000e+03   1.2000000e+01   2.9000000e+01   1.8000000e+01   3.2000000e+01   5.9000000e+01  -5.3925680e+01  -3.9119545e+01   4.9947561e+02   6.0402727e-02   1.7295235e+00   1.5308895e-01
   2.0050000e+03   1.2000000e+01   2.9000000e+01   1.8000000e+01   3.4000000e+01   3.7000000e+01  -5.3930214e+01  -3.9117946e+01   5.1464643e+02   8.4599046e-02   2.1441382e-01   0.0000000e+00
   2.0050000e+03   1.2000000e+01   2.9000000e+01   1.8000000e+01   3.6000000e+01   1.9000000e+01  -5.3934461e+01  -3.9116231e+01   4.8509632e+02   9.4867039e-02   2.4043775e-01   2.2462269e-01
   2.0050000e+03   1.2000000e+01   2.9000000e+01   1.8000000e+01   3.8000000e+01   1.0000000e+00  -5.3938823e+01  -3.9114906e+01   4.9230557e+02   1.6578949e-01   4.5447766e-01   0.0000000e+00
   2.0050000e+03   1.2000000e+01   2.9000000e+01   1.8000000e+01   3.9000000e+01   3.9000000e+01  -5.3943396e+01  -3.9114065e+01   5.1116901e+02   1.1572703e-01   2.9330679e-01   2.1653323e-01
   2.0050000e+03   1.2000000e+01   2.9000000e+01   1.8000000e+01   4.1000000e+01   1.8000000e+01  -5.3947766e+01  -3.9113172e+01   4.8906312e+02   0.0000000e+00   0.0000000e+00   0.0000000e+00
   2.0050000e+03   1.2000000e+01   2.9000000e+01   1.8000000e+01   4.2000000e+01   5.6000000e+01  -5.3952189e+01  -3.9111727e+01   5.0051150e+02   7.9950151e-02   2.3120769e-01   0.0000000e+00
   2.0050000e+03   1.2000000e+01   2.9000000e+01   1.8000000e+01   4.4000000e+01   3.2000000e+01  -5.3956591e+01  -3.9110155e+01   4.9979339e+02   2.7949198e+00   7.0836429e+00   6.9932743e+00
   2.0050000e+03   1.2000000e+01   2.9000000e+01   1.8000000e+01   4.6000000e+01   7.0000992e+00  -5.3960962e+01  -3.9108622e+01   4.9601150e+02   6.5730282e+00   1.6473039e+01   1.4144046e+01
   2.0050000e+03   1.2000000e+01   2.9000000e+01   1.8000000e+01   4.7000000e+01   4.1999901e+01  -5.3965323e+01  -3.9107250e+01   4.9272730e+02   3.4161154e+01   8.6600942e+01   8.5367637e+01
   2.0050000e+03   1.2000000e+01   2.9000000e+01   1.8000000e+01   4.9000000e+01   1.8000000e+01  -5.3969730e+01  -3.9105806e+01   4.9881584e+02   4.4315551e+00   1.1231647e+01   6.7226086e+00
   2.0050000e+03   1.2000000e+01   2.9000000e+01   1.8000000e+01   5.0000000e+01   5.4000000e+01  -5.3974175e+01  -3.9104421e+01   5.0214254e+02   7.4029872e-02   2.0522149e-01   1.8762656e-01
   2.0050000e+03   1.2000000e+01   2.9000000e+01   1.8000000e+01   5.2000000e+01   2.8999901e+01  -5.3978592e+01  -3.9102939e+01   5.0027395e+02   3.0536868e+00   7.7742017e+00   7.2228400e+00
   2.0050000e+03   1.2000000e+01   2.9000000e+01   1.8000000e+01   5.4000000e+01   3.0000000e+00  -5.3983030e+01  -3.9101474e+01   5.0233714e+02   8.3899926e-01   2.1515930e+00   2.7366078e-01
   2.0050000e+03   1.2000000e+01   2.9000000e+01   1.8000000e+01   5.5000000e+01   3.7000000e+01  -5.3987427e+01  -3.9100131e+01   4.9639169e+02   2.0204116e+00   5.1206745e+00   2.2199439e-01
   2.0050000e+03   1.2000000e+01   2.9000000e+01   1.8000000e+01   5.7000000e+01   1.2000000e+01  -5.3991838e+01  -3.9098610e+01   5.0018552e+02   3.7638592e+01   9.3852316e+01   9.0535701e+01
   2.0050000e+03   1.2000000e+01   2.9000000e+01   1.8000000e+01   5.8000000e+01   5.1000000e+01  -5.3996231e+01  -3.9097241e+01   4.9617957e+02   1.9791767e+01   4.8682306e+01   4.4022342e+01
   2.0050000e+03   1.2000000e+01   2.9000000e+01   1.9000000e+01   0.0000000e+00   2.9000099e+01  -5.4000665e+01  -3.9096029e+01   4.9907332e+02   2.1156618e+01   5.1620449e+01   4.7254252e+01
   2.0050000e+03   1.2000000e+01   2.9000000e+01   1.9000000e+01   2.0000000e+00   3.9999008e+00  -5.4005062e+01  -3.9094605e+01   4.9731846e+02   7.6622656e+01   1.9232071e+02   1.6938251e+02
   2.0050000e+03   1.2000000e+01   2.9000000e+01   1.9000000e+01   3.0000000e+00   4.1000099e+01  -5.4009491e+01  -3.9093274e+01   4.9978042e+02   2.6017740e+01   5.9909141e+01   5.2834051e+01
   2.0050000e+03   1.2000000e+01   2.9000000e+01   1.9000000e+01   5.0000000e+00   1.9000000e+01  -5.4013915e+01  -3.9091992e+01   4.9870310e+02   5.8559911e+00   1.4939261e+01   1.2921050e+01
   2.0050000e+03   1.2000000e+01   2.9000000e+01   1.9000000e+01   6.0000000e+00   5.6000000e+01  -5.4018382e+01  -3.9090788e+01   5.0251120e+02   4.5000871e-01   4.8211508e+00   3.5785986e+00
   2.0050000e+03   1.2000000e+01   2.9000000e+01   1.9000000e+01   8.0000000e+00   3.3000000e+01  -5.4022782e+01  -3.9089470e+01   4.9647873e+02   5.2086599e-01   1.4006798e+00   9.5335386e-01
