   2.0060000e+03   1.0000000e+00   1.0000000e+00   1.4000000e+01   2.8000000e+01   1.9000000e+01  -5.3151597e+01  -3.7831257e+01   4.9983160e+02   8.9277068e-01   1.2275944e+00   0.0000000e+00
   2.0060000e+03   1.0000000e+00   1.0000000e+00   1.4000000e+01   2.9000000e+01   5.3000000e+01  -5.3156000e+01  -3.7829905e+01   4.9749855e+02   1.3487018e+00   2.5219107e+00   0.0000000e+00
   2.0060000e+03   1.0000000e+00   1.0000000e+00   1.4000000e+01   3.1000000e+01   2.7000000e+01  -5.3160381e+01  -3.7828366e+01   4.9754884e+02   1.4108418e+00   2.4742701e+00   8.0807603e-01
   2.0060000e+03   1.0000000e+00   1.0000000e+00   1.4000000e+01   3.3000000e+01   0.0000000e+00  -5.3164816e+01  -3.7826817e+01   5.0348545e+02   4.1291280e+00   4.8708558e+00   1.1312176e+00
   2.0060000e+03   1.0000000e+00   1.0000000e+00   1.4000000e+01   3.4000000e+01   3.2000000e+01  -5.3169176e+01  -3.7825263e+01   4.9544237e+02   2.8085650e+00   6.6515259e+00   0.0000000e+00
   2.0060000e+03   1.0000000e+00   1.0000000e+00   1.4000000e+01   3.6000000e+01   4.0000000e+00  -5.3173566e+01  -3.7823676e+01   4.9913162e+02   2.6921980e+00   5.9534817e+00   7.5854790e-01
   2.0060000e+03   1.0000000e+00   1.0000000e+00   1.4000000e+01   3.7000000e+01   3.6000000e+01  -5.3178001e+01  -3.7822107e+01   5.0376972e+02   3.0178256e+00   7.3728434e+00   8.3806378e-01
   2.0060000e+03   1.0000000e+00   1.0000000e+00   1.4000000e+01   3.9000000e+01   8.0000000e+00  -5.3182399e+01  -3.7820551e+01   4.9954521e+02   3.6036544e+00   6.3530673e+00   4.6615074e-01
   2.0060000e+03   1.0000000e+00   1.0000000e+00   1.4000000e+01   4.0000000e+01   4.0000000e+01  -5.3186828e+01  -3.7819022e+01   5.0257466e+02   1.8048863e+00   4.5349027e+00   0.0000000e+00
   2.0060000e+03   1.0000000e+00   1.0000000e+00   1.4000000e+01   4.2000000e+01   1.1000099e+01  -5.3191233e+01  -3.7817505e+01   4.9973821e+02   3.9616409e+00   9.4897450e+00   4.2772016e-01
   2.0060000e+03   1.0000000e+00   1.0000000e+00   1.4000000e+01   4.3000000e+01   4.2000099e+01  -5.3195584e+01  -3.7815916e+01   4.9495606e+02   2.9822229e+00   7.5583572e+00   1.3718804e+00
   2.0060000e+03   1.0000000e+00   1.0000000e+00   1.4000000e+01   4.5000000e+01   1.4000000e+01  -5.3200004e+01  -3.7814373e+01   5.0180525e+02   1.6533186e+00   4.1902879e+00   7.1577957e-01
   2.0060000e+03   1.0000000e+00   1.0000000e+00   1.4000000e+01   4.6000000e+01   4.6000000e+01  -5.3204434e+01  -3.7812832e+01   5.0283208e+02   1.8069822e+00   3.1914137e+00   6.1132462e-01
   2.0060000e+03   1.0000000e+00   1.0000000e+00   1.4000000e+01   4.8000000e+01   1.8000000e+01  -5.3208830e+01  -3.7811270e+01   4.9943690e+02   2.7596498e+00   4.2813469e+00   5.4758272e-01
   2.0060000e+03   1.0000000e+00   1.0000000e+00   1.4000000e+01   4.9000000e+01   5.0000000e+01  -5.3213224e+01  -3.7810002e+01   4.9549252e+02   2.5522800e+00   6.4686793e+00   0.0000000e+00
   2.0060000e+03   1.0000000e+00   1.0000000e+00   1.4000000e+01   5.1000000e+01   2.3000000e+01  -5.3217669e+01  -3.7808684e+01   5.0160452e+02   2.9518364e+00   2.9289423e+00   5.2901025e-01
   2.0060000e+03   1.0000000e+00   1.0000000e+00   1.4000000e+01   5.2000000e+01   5.6000000e+01  -5.3222102e+01  -3.7807351e+01   5.0056467e+02   5.8661050e+00   4.7872633e+00   5.4159003e-01
   2.0060000e+03   1.0000000e+00   1.0000000e+00   1.4000000e+01   5.4000000e+01   2.8000000e+01  -5.3226549e+01  -3.7806011e+01   5.0207886e+02   2.6614443e+00   4.4845827e+00   6.5461232e-01
   2.0060000e+03   1.0000000e+00   1.0000000e+00   1.4000000e+01   5.6000000e+01   1.0000000e+00  -5.3230968e+01  -3.7804719e+01   4.9856387e+02   2.2218265e+00   3.9366818e+00   0.0000000e+00
   2.0060000e+03   1.0000000e+00   1.0000000e+00   1.4000000e+01   5.7000000e+01   3.5000000e+01  -5.3235412e+01  -3.7803371e+01   5.0180105e+02   3.6439389e+00   3.7242092e+00   0.0000000e+00
   2.0060000e+03   1.0000000e+00   1.0000000e+00   1.4000000e+01   5.9000000e+01   8.0000992e+00  -5.3239818e+01  -3.7802032e+01   4.9761587e+02   1.9829730e+00   5.0870218e+00   0.0000000e+00
   2.0060000e+03   1.0000000e+00   1.0000000e+00   1.5000000e+01   0.0000000e+00   4.1000099e+01  -5.3244261e+01  -3.7800787e+01   5.0061785e+02   1.5268787e+00   3.8698295e+00   0.0000000e+00
   2.0060000e+03   1.0000000e+00   1.0000000e+00   1.5000000e+01   2.0000000e+00   1.4000099e+01  -5.3248737e+01  -3.7799568e+01   5.0394706e+02   1.9847689e+00   4.2475068e+00   0.0000000e+00
   2.0060000e+03   1.0000000e+00   1.0000000e+00   1.5000000e+01   3.0000000e+00   4.6999901e+01  -5.3253141e+01  -3.7798244e+01   4.9728926e+02   1.4876384e+00   3.4523187e+00   0.0000000e+00
   2.0060000e+03   1.0000000e+00   1.0000000e+00   1.5000000e+01   5.0000000e+00   2.0000000e+01  -5.3257540e+01  -3.7796838e+01   4.9767166e+02   1.0641196e+00   3.3222498e+00   0.0000000e+00
   2.0060000e+03   1.0000000e+00   1.0000000e+00   1.5000000e+01   6.0000000e+00   5.3000000e+01  -5.3261947e+01  -3.7795457e+01   4.9820527e+02   2.6806535e+00   5.5930267e+00   2.8558609e+00
   2.0060000e+03   1.0000000e+00   1.0000000e+00   1.5000000e+01   8.0000000e+00   2.7000000e+01  -5.3266395e+01  -3.7794027e+01   5.0330476e+02   5.7099724e+00   1.3756833e+01   4.2329686e+00
   2.0060000e+03   1.0000000e+00   1.0000000e+00   1.5000000e+01   1.0000000e+01   0.0000000e+00  -5.3270800e+01  -3.7792577e+01   4.9885508e+02   1.2642359e+00   3.1984301e+00   5.1785445e-01
   2.0060000e+03   1.0000000e+00   1.0000000e+00   1.5000000e+01   1.1000000e+01   3.3000000e+01  -5.3275216e+01  -3.7791077e+01   5.0080259e+02   8.3948204e-01   2.9163780e+00   0.0000000e+00
   2.0060000e+03   1.0000000e+00   1.0000000e+00   1.5000000e+01   1.3000000e+01   8.0000000e+00  -5.3279623e+01  -3.7789574e+01   4.9971615e+02   1.6043548e+00   4.1296945e+00   3.5309828e-01
   2.0060000e+03   1.0000000e+00   1.0000000e+00   1.5000000e+01   1.4000000e+01   4.3000099e+01  -5.3284016e+01  -3.7788089e+01   4.9805767e+02   4.5970808e-01   1.4376315e+00   6.6808203e-01
   2.0060000e+03   1.0000000e+00   1.0000000e+00   1.5000000e+01   1.6000000e+01   1.8000000e+01  -5.3288441e+01  -3.7786591e+01   5.0168550e+02   3.0034438e+00   3.9097835e+00   3.5764896e-01
   2.0060000e+03   1.0000000e+00   1.0000000e+00   1.5000000e+01   1.7000000e+01   5.4000000e+01  -5.3292851e+01  -3.7785062e+01   5.0037302e+02   9.8684697e-01   1.1859478e+00   0.0000000e+00
   2.0060000e+03   1.0000000e+00   1.0000000e+00   1.5000000e+01   1.9000000e+01   2.9999901e+01  -5.3297244e+01  -3.7783643e+01   4.9721987e+02   7.3797989e-02   2.8932536e-01   1.9552948e-02
   2.0060000e+03   1.0000000e+00   1.0000000e+00   1.5000000e+01   2.1000000e+01   7.0000000e+00  -5.3301673e+01  -3.7782293e+01   5.0021478e+02   1.7682631e+00   3.7106255e+00   2.2963867e-02
   2.0060000e+03   1.0000000e+00   1.0000000e+00   1.5000000e+01   2.2000000e+01   4.5000000e+01  -5.3306124e+01  -3.7780950e+01   5.0259822e+02   1.9058983e-01   4.8304437e-01   0.0000000e+00
   2.0060000e+03   1.0000000e+00   1.0000000e+00   1.5000000e+01   2.4000000e+01   2.3000000e+01  -5.3310549e+01  -3.7779531e+01   5.0064918e+02   1.7147716e+00   1.8753953e+00   1.2789363e+00
   2.0060000e+03   1.0000000e+00   1.0000000e+00   1.5000000e+01   2.6000000e+01   0.0000000e+00  -5.3314950e+01  -3.7778017e+01   4.9928835e+02   5.8272336e-01   1.1411217e+00   6.1574787e-01
   2.0060000e+03   1.0000000e+00   1.0000000e+00   1.5000000e+01   2.7000000e+01   3.7000000e+01  -5.3319306e+01  -3.7776508e+01   4.9432457e+02   4.6353579e-01   1.2079999e+00   0.0000000e+00
   2.0060000e+03   1.0000000e+00   1.0000000e+00   1.5000000e+01   2.9000000e+01   1.5000000e+01  -5.3323718e+01  -3.7775006e+01   5.0029905e+02   1.9877924e+00   1.4618663e+00   5.5287537e-01
   2.0060000e+03   1.0000000e+00   1.0000000e+00   1.5000000e+01   3.0000000e+01   5.4000099e+01  -5.3328138e+01  -3.7773402e+01   5.0252554e+02   2.4825350e+00   6.2919126e+00   2.8074659e+00
   2.0060000e+03   1.0000000e+00   1.0000000e+00   1.5000000e+01   3.2000000e+01   3.3000000e+01  -5.3332558e+01  -3.7771792e+01   5.0266391e+02   4.4170715e+00   9.6522174e+00   3.3730920e+00
   2.0060000e+03   1.0000000e+00   1.0000000e+00   1.5000000e+01   3.4000000e+01   1.1000000e+01  -5.3336907e+01  -3.7770057e+01   4.9671441e+02   3.1388319e+00   6.8939385e+00   3.0115363e+00
   2.0060000e+03   1.0000000e+00   1.0000000e+00   1.5000000e+01   3.5000000e+01   4.8000000e+01  -5.3341268e+01  -3.7768401e+01   4.9691609e+02   1.1469289e+01   2.8811433e+01   2.6374987e+01
   2.0060000e+03   1.0000000e+00   1.0000000e+00   1.5000000e+01   3.7000000e+01   2.4000000e+01  -5.3345655e+01  -3.7766727e+01   4.9994135e+02   2.2461803e+00   5.9191600e+00   2.2628141e-01
   2.0060000e+03   1.0000000e+00   1.0000000e+00   1.5000000e+01   3.9000000e+01   0.0000000e+00  -5.3350077e+01  -3.7765000e+01   5.0455043e+02   4.1961276e-01   1.3729795e+00   4.5043670e-01
   2.0060000e+03   1.0000000e+00   1.0000000e+00   1.5000000e+01   4.0000000e+01   3.7000000e+01  -5.3354426e+01  -3.7763303e+01   4.9626845e+02   4.0458903e-01   1.0254191e+00   0.0000000e+00
   2.0060000e+03   1.0000000e+00   1.0000000e+00   1.5000000e+01   4.2000000e+01   1.5000000e+01  -5.3358800e+01  -3.7761669e+01   4.9791012e+02   2.1300785e+00   4.0831644e+00   1.1913222e+00
   2.0060000e+03   1.0000000e+00   1.0000000e+00   1.5000000e+01   4.3000000e+01   5.4000000e+01  -5.3363253e+01  -3.7760069e+01   5.0606323e+02   9.0534773e-01   2.2945775e+00   1.1528254e-01
   2.0060000e+03   1.0000000e+00   1.0000000e+00   1.5000000e+01   4.5000000e+01   3.3000000e+01  -5.3367683e+01  -3.7758538e+01   5.0262764e+02   3.0627064e+00   2.0592454e+00   0.0000000e+00
   2.0060000e+03   1.0000000e+00   1.0000000e+00   1.5000000e+01   4.7000000e+01   1.0000000e+01  -5.3372067e+01  -3.7757021e+01   4.9738110e+02   1.4571528e+00   3.6931115e+00   3.3352185e-01
   2.0060000e+03   1.0000000e+00   1.0000000e+00   1.5000000e+01   4.8000000e+01   4.6000099e+01  -5.3376408e+01  -3.7755506e+01   4.9277699e+02   2.5143412e+00   6.3725247e+00   1.9890422e+00
   2.0060000e+03   1.0000000e+00   1.0000000e+00   1.5000000e+01   5.0000000e+01   2.3000000e+01  -5.3380835e+01  -3.7753899e+01   5.0327118e+02   2.7157418e+02   6.8890132e+02   6.8037665e+02
   2.0060000e+03   1.0000000e+00   1.0000000e+00   1.5000000e+01   5.2000000e+01   9.9990082e-01  -5.3385251e+01  -3.7752363e+01   5.0123083e+02   3.8756724e+00   9.9400073e+00   5.5220777e+00
   2.0060000e+03   1.0000000e+00   1.0000000e+00   1.5000000e+01   5.3000000e+01   3.9000000e+01  -5.3389679e+01  -3.7750911e+01   5.0132607e+02   1.3453991e+00   3.5550722e+00   1.4597473e+00
   2.0060000e+03   1.0000000e+00   1.0000000e+00   1.5000000e+01   5.5000000e+01   1.7000000e+01  -5.3394092e+01  -3.7749330e+01   5.0149739e+02   1.9019227e+00   5.3176284e+00   7.3645384e-01
   2.0060000e+03   1.0000000e+00   1.0000000e+00   1.5000000e+01   5.6000000e+01   5.4000000e+01  -5.3398476e+01  -3.7747783e+01   4.9773519e+02   3.4134172e+00   8.7770208e+00   0.0000000e+00
   2.0060000e+03   1.0000000e+00   1.0000000e+00   1.5000000e+01   5.8000000e+01   3.1000000e+01  -5.3402868e+01  -3.7746363e+01   4.9700724e+02   2.4387201e+00   5.7490424e+00   5.2412296e-01
   2.0060000e+03   1.0000000e+00   1.0000000e+00   1.6000000e+01   0.0000000e+00   9.0000000e+00  -5.3407272e+01  -3.7744975e+01   4.9802621e+02   1.3612225e+00   2.8978550e+00   7.0360514e-01
   2.0060000e+03   1.0000000e+00   1.0000000e+00   1.6000000e+01   1.0000000e+00   4.7000000e+01  -5.3411737e+01  -3.7743625e+01   5.0416192e+02   4.1786566e+02   1.0603448e+03   1.0570394e+03
   2.0060000e+03   1.0000000e+00   1.0000000e+00   1.6000000e+01   3.0000000e+00   2.5000099e+01  -5.3416175e+01  -3.7742246e+01   5.0151670e+02   2.4422086e+00   5.5585381e+00   2.5602943e+00
   2.0060000e+03   1.0000000e+00   1.0000000e+00   1.6000000e+01   5.0000000e+00   3.0000000e+00  -5.3420589e+01  -3.7740880e+01   4.9870668e+02   1.7951433e+00   3.2982409e+00   3.3458407e-01
   2.0060000e+03   1.0000000e+00   1.0000000e+00   1.6000000e+01   6.0000000e+00   4.1000000e+01  -5.3425014e+01  -3.7739510e+01   4.9999731e+02   1.4519489e+00   3.8285808e+00   0.0000000e+00
   2.0060000e+03   1.0000000e+00   1.0000000e+00   1.6000000e+01   8.0000000e+00   1.8000000e+01  -5.3429429e+01  -3.7738123e+01   4.9909218e+02   3.5859682e+00   7.9299580e+00   5.8833644e-01
   2.0060000e+03   1.0000000e+00   1.0000000e+00   1.6000000e+01   9.0000000e+00   5.5000000e+01  -5.3433852e+01  -3.7736785e+01   4.9944565e+02   2.3635275e+00   5.9451303e+00   7.2733445e-01
   2.0060000e+03   1.0000000e+00   1.0000000e+00   1.6000000e+01   1.1000000e+01   3.3000000e+01  -5.3438312e+01  -3.7735451e+01   5.0337732e+02   4.4187479e+00   5.7773488e+00   1.4409862e+00
   2.0060000e+03   1.0000000e+00   1.0000000e+00   1.6000000e+01   1.3000000e+01   1.0000000e+01  -5.3442710e+01  -3.7734132e+01   4.9647526e+02   1.4928101e+00   3.6047826e+00   7.9081142e-01
   2.0060000e+03   1.0000000e+00   1.0000000e+00   1.6000000e+01   1.4000000e+01   4.7000099e+01  -5.3447132e+01  -3.7732655e+01   5.0095086e+02   1.6076902e+00   3.3529929e+00   7.2225516e-01
   2.0060000e+03   1.0000000e+00   1.0000000e+00   1.6000000e+01   1.6000000e+01   2.4000000e+01  -5.3451552e+01  -3.7731156e+01   5.0108440e+02   1.2775915e+00   2.2805247e+00   5.3233691e-01
   2.0060000e+03   1.0000000e+00   1.0000000e+00   1.6000000e+01   1.8000000e+01   1.0000000e+00  -5.3455935e+01  -3.7729719e+01   4.9623665e+02   1.9166307e+00   4.8918432e+00   0.0000000e+00
   2.0060000e+03   1.0000000e+00   1.0000000e+00   1.6000000e+01   1.9000000e+01   4.0000000e+01  -5.3460358e+01  -3.7728060e+01   5.0359217e+02   3.0364326e+00   7.6957502e+00   6.1895130e-01
   2.0060000e+03   1.0000000e+00   1.0000000e+00   1.6000000e+01   2.1000000e+01   1.9000000e+01  -5.3464721e+01  -3.7726183e+01   5.0053269e+02   2.8727519e+00   5.4536401e+00   5.8605481e-01
   2.0060000e+03   1.0000000e+00   1.0000000e+00   1.6000000e+01   2.2000000e+01   5.7000000e+01  -5.3469082e+01  -3.7724316e+01   4.9997880e+02   1.1358743e+00   3.0087449e+00   4.1255232e-01
   2.0060000e+03   1.0000000e+00   1.0000000e+00   1.6000000e+01   2.4000000e+01   3.4000000e+01  -5.3473452e+01  -3.7722470e+01   5.0073801e+02   1.0609987e+00   2.7754010e+00   0.0000000e+00
   2.0060000e+03   1.0000000e+00   1.0000000e+00   1.6000000e+01   2.6000000e+01   1.1000099e+01  -5.3477806e+01  -3.7720715e+01   4.9761214e+02   1.0613404e+00   2.6899365e+00   0.0000000e+00
   2.0060000e+03   1.0000000e+00   1.0000000e+00   1.6000000e+01   2.7000000e+01   4.9000000e+01  -5.3482181e+01  -3.7718903e+01   5.0065005e+02   4.3138269e-01   1.1792048e+00   0.0000000e+00
   2.0060000e+03   1.0000000e+00   1.0000000e+00   1.6000000e+01   2.9000000e+01   2.7000099e+01  -5.3486571e+01  -3.7717192e+01   5.0079769e+02   5.4680573e-01   1.4604805e+00   0.0000000e+00
   2.0060000e+03   1.0000000e+00   1.0000000e+00   1.6000000e+01   3.1000000e+01   5.0000000e+00  -5.3490936e+01  -3.7715471e+01   4.9817734e+02   4.3090702e-01   1.1080768e+00   0.0000000e+00
   2.0060000e+03   1.0000000e+00   1.0000000e+00   1.6000000e+01   3.2000000e+01   4.3000000e+01  -5.3495291e+01  -3.7713766e+01   4.9686314e+02   1.5385016e+00   2.5052820e+00   0.0000000e+00
   2.0060000e+03   1.0000000e+00   1.0000000e+00   1.6000000e+01   3.4000000e+01   2.2000000e+01  -5.3499671e+01  -3.7712055e+01   4.9968117e+02   2.4050958e+00   2.2928077e+00   0.0000000e+00
   2.0060000e+03   1.0000000e+00   1.0000000e+00   1.6000000e+01   3.6000000e+01   2.0000000e+00  -5.3504097e+01  -3.7710372e+01   5.0428718e+02   2.1715835e+01   5.5353139e+01   0.0000000e+00
   2.0060000e+03   1.0000000e+00   1.0000000e+00   1.6000000e+01   3.7000000e+01   4.1000000e+01  -5.3508471e+01  -3.7708714e+01   4.9816468e+02   3.1822349e+00   4.9020743e+00   0.0000000e+00
   2.0060000e+03   1.0000000e+00   1.0000000e+00   1.6000000e+01   3.9000000e+01   2.0000000e+01  -5.3512836e+01  -3.7707055e+01   4.9725876e+02   8.1951534e-01   2.4880882e+00   0.0000000e+00
   2.0060000e+03   1.0000000e+00   1.0000000e+00   1.6000000e+01   4.1000000e+01   0.0000000e+00  -5.3517252e+01  -3.7705365e+01   5.0335057e+02   4.5680789e-01   1.1577663e+00   0.0000000e+00
   2.0060000e+03   1.0000000e+00   1.0000000e+00   1.6000000e+01   4.2000000e+01   3.8000000e+01  -5.3521624e+01  -3.7703785e+01   4.9684989e+02   7.0415979e-01   1.8173636e+00   0.0000000e+00
   2.0060000e+03   1.0000000e+00   1.0000000e+00   1.6000000e+01   4.4000000e+01   1.7000000e+01  -5.3526044e+01  -3.7702170e+01   5.0258804e+02   4.7960349e-01   1.2155411e+00   0.0000000e+00
   2.0060000e+03   1.0000000e+00   1.0000000e+00   1.6000000e+01   4.5000000e+01   5.8000000e+01  -5.3530513e+01  -3.7701041e+01   5.0223320e+02   9.8007309e-01   2.5183769e+00   0.0000000e+00
   2.0060000e+03   1.0000000e+00   1.0000000e+00   1.6000000e+01   4.7000000e+01   3.6000000e+01  -5.3534937e+01  -3.7699999e+01   4.9635681e+02   1.7896415e+00   5.3509269e+00   1.3493064e-01
   2.0060000e+03   1.0000000e+00   1.0000000e+00   1.6000000e+01   4.9000000e+01   1.4000000e+01  -5.3539349e+01  -3.7698892e+01   4.9562600e+02   1.9298331e+00   4.9120233e+00   0.0000000e+00
   2.0060000e+03   1.0000000e+00   1.0000000e+00   1.6000000e+01   5.0000000e+01   5.4000000e+01  -5.3543787e+01  -3.7697626e+01   5.0019811e+02   8.0112717e-01   1.6369462e+00   0.0000000e+00
   2.0060000e+03   1.0000000e+00   1.0000000e+00   1.6000000e+01   5.2000000e+01   3.3000000e+01  -5.3548230e+01  -3.7696425e+01   5.0007776e+02   5.1653894e+00   9.0946903e+00   0.0000000e+00
   2.0060000e+03   1.0000000e+00   1.0000000e+00   1.6000000e+01   5.4000000e+01   1.2000000e+01  -5.3552664e+01  -3.7695006e+01   5.0148891e+02   1.0549503e+00   2.6737408e+00   1.3839463e+00
   2.0060000e+03   1.0000000e+00   1.0000000e+00   1.6000000e+01   5.5000000e+01   5.1000000e+01  -5.3557112e+01  -3.7693579e+01   5.0315066e+02   1.4505288e+00   3.6763231e+00   4.6810499e-01
   2.0060000e+03   1.0000000e+00   1.0000000e+00   1.6000000e+01   5.7000000e+01   2.9000000e+01  -5.3561496e+01  -3.7692129e+01   4.9654854e+02   1.0333033e+00   2.2210770e+00   0.0000000e+00
   2.0060000e+03   1.0000000e+00   1.0000000e+00   1.6000000e+01   5.9000000e+01   7.0000000e+00  -5.3565923e+01  -3.7690746e+01   5.0029256e+02   3.4157436e+00   3.2879645e+00   3.8529556e-01
   2.0060000e+03   1.0000000e+00   1.0000000e+00   1.7000000e+01   0.0000000e+00   4.6000000e+01  -5.3570343e+01  -3.7689289e+01   5.0043965e+02   3.5913031e-01   9.4313116e-01   0.0000000e+00
   2.0060000e+03   1.0000000e+00   1.0000000e+00   1.7000000e+01   2.0000000e+00   2.5000000e+01  -5.3574763e+01  -3.7687794e+01   5.0095798e+02   2.1075402e+00   4.3572984e+00   3.7623946e-01
   2.0060000e+03   1.0000000e+00   1.0000000e+00   1.7000000e+01   4.0000000e+00   4.0000000e+00  -5.3579138e+01  -3.7686326e+01   4.9573476e+02   9.3266173e-01   2.4267704e+00   0.0000000e+00
   2.0060000e+03   1.0000000e+00   1.0000000e+00   1.7000000e+01   5.0000000e+00   4.2000000e+01  -5.3583585e+01  -3.7684946e+01   5.0246697e+02   7.2176731e-01   2.0200431e+00   0.0000000e+00
   2.0060000e+03   1.0000000e+00   1.0000000e+00   1.7000000e+01   7.0000000e+00   1.9000000e+01  -5.3587971e+01  -3.7683519e+01   4.9637331e+02   6.4904736e-01   1.6831649e+00   3.3851688e-01
   2.0060000e+03   1.0000000e+00   1.0000000e+00   1.7000000e+01   8.0000000e+00   5.8000000e+01  -5.3592389e+01  -3.7682081e+01   5.0002874e+02   1.2000022e+00   3.1112016e+00   1.2760150e+00
   2.0060000e+03   1.0000000e+00   1.0000000e+00   1.7000000e+01   1.0000000e+01   3.8000000e+01  -5.3596865e+01  -3.7680752e+01   5.0495460e+02   1.1145066e+03   2.7856238e+03   2.7823878e+03
   2.0060000e+03   1.0000000e+00   1.0000000e+00   1.7000000e+01   1.2000000e+01   1.6000099e+01  -5.3601261e+01  -3.7679392e+01   4.9671159e+02   1.3242286e+02   3.3534658e+02   3.3345452e+02
   2.0060000e+03   1.0000000e+00   1.0000000e+00   1.7000000e+01   1.3000000e+01   5.3000000e+01  -5.3605683e+01  -3.7678119e+01   4.9847417e+02   5.1360230e+00   1.3017101e+01   0.0000000e+00
   2.0060000e+03   1.0000000e+00   1.0000000e+00   1.7000000e+01   1.5000000e+01   3.1000099e+01  -5.3610131e+01  -3.7676859e+01   5.0115385e+02   7.6108923e+02   1.9277902e+03   1.9246983e+03
   2.0060000e+03   1.0000000e+00   1.0000000e+00   1.7000000e+01   1.7000000e+01   1.0000000e+01  -5.3614601e+01  -3.7675516e+01   5.0456742e+02   8.3708914e+02   1.9787470e+03   1.9131514e+03
   2.0060000e+03   1.0000000e+00   1.0000000e+00   1.7000000e+01   1.8000000e+01   4.9000000e+01  -5.3619024e+01  -3.7674214e+01   4.9890146e+02   1.4269978e+02   1.2033330e+02   1.1790359e+02
   2.0060000e+03   1.0000000e+00   1.0000000e+00   1.7000000e+01   2.0000000e+01   2.8000099e+01  -5.3623397e+01  -3.7672870e+01   4.9400742e+02   8.3102059e+02   2.1062766e+03   9.5849267e+02
   2.0060000e+03   1.0000000e+00   1.0000000e+00   1.7000000e+01   2.2000000e+01   8.0000000e+00  -5.3627816e+01  -3.7671359e+01   5.0095749e+02   2.4075082e+00   7.6361523e+00   3.3717221e+00
   2.0060000e+03   1.0000000e+00   1.0000000e+00   1.7000000e+01   2.3000000e+01   4.7000000e+01  -5.3632219e+01  -3.7669799e+01   4.9997653e+02   1.3303965e+01   3.5674358e+01   3.0427719e+00
   2.0060000e+03   1.0000000e+00   1.0000000e+00   1.7000000e+01   2.5000000e+01   2.6000000e+01  -5.3636607e+01  -3.7668286e+01   4.9768621e+02   9.0073986e-01   3.1123686e+00   7.3107904e-01
   2.0060000e+03   1.0000000e+00   1.0000000e+00   1.7000000e+01   2.7000000e+01   6.0000992e+00  -5.3641015e+01  -3.7666719e+01   5.0058549e+02   1.2952217e+00   4.0882043e+00   4.1965501e-01
   2.0060000e+03   1.0000000e+00   1.0000000e+00   1.7000000e+01   2.8000000e+01   4.7000000e+01  -5.3645489e+01  -3.7665226e+01   5.0673941e+02   1.3627582e+00   5.4930843e+00   3.5880780e+00
   2.0060000e+03   1.0000000e+00   1.0000000e+00   1.7000000e+01   3.0000000e+01   2.8000000e+01  -5.3649887e+01  -3.7663709e+01   4.9882891e+02   4.0360662e+00   2.0916447e+01   2.0697599e+00
   2.0060000e+03   1.0000000e+00   1.0000000e+00   1.7000000e+01   3.2000000e+01   8.0000000e+00  -5.3654230e+01  -3.7662266e+01   4.9188844e+02   3.0060818e+00   4.2146481e+00   2.4044479e+00
   2.0060000e+03   1.0000000e+00   1.0000000e+00   1.7000000e+01   3.3000000e+01   4.8000000e+01  -5.3658657e+01  -3.7660794e+01   5.0132287e+02   9.4042053e-02   3.8942245e-01   2.6974684e-01
   2.0060000e+03   1.0000000e+00   1.0000000e+00   1.7000000e+01   3.5000000e+01   2.9000000e+01  -5.3663070e+01  -3.7659236e+01   5.0105301e+02   4.3084268e-01   1.0919583e+00   7.8410737e-01
   2.0060000e+03   1.0000000e+00   1.0000000e+00   1.7000000e+01   3.7000000e+01   1.0000000e+01  -5.3667538e+01  -3.7657730e+01   5.0631817e+02   4.8758640e-01   5.6359480e-01   1.2559955e-01
   2.0060000e+03   1.0000000e+00   1.0000000e+00   1.7000000e+01   3.8000000e+01   4.9000000e+01  -5.3671911e+01  -3.7656238e+01   4.9576897e+02   2.1777928e+02   5.5195525e+02   5.2755644e+02
   2.0060000e+03   1.0000000e+00   1.0000000e+00   1.7000000e+01   4.0000000e+01   2.8000000e+01  -5.3676328e+01  -3.7654876e+01   4.9889040e+02   3.7531478e-01   6.7738504e-01   0.0000000e+00
   2.0060000e+03   1.0000000e+00   1.0000000e+00   1.7000000e+01   4.2000000e+01   7.0000000e+00  -5.3680771e+01  -3.7653466e+01   5.0238584e+02   3.0111918e-01   7.6317781e-01   0.0000000e+00
   2.0060000e+03   1.0000000e+00   1.0000000e+00   1.7000000e+01   4.3000000e+01   4.6000000e+01  -5.3685181e+01  -3.7651951e+01   5.0006293e+02   4.2163586e-01   1.0686238e+00   0.0000000e+00
   2.0060000e+03   1.0000000e+00   1.0000000e+00   1.7000000e+01   4.5000000e+01   2.5000000e+01  -5.3689593e+01  -3.7650453e+01   5.0008080e+02   1.5462617e+00   3.9189553e+00   0.0000000e+00
   2.0060000e+03   1.0000000e+00   1.0000000e+00   1.7000000e+01   4.7000000e+01   2.0000000e+00  -5.3693979e+01  -3.7648958e+01   4.9722262e+02   2.9312718e-01   7.4292231e-01   0.0000000e+00
   2.0060000e+03   1.0000000e+00   1.0000000e+00   1.7000000e+01   4.8000000e+01   4.0000000e+01  -5.3698346e+01  -3.7647421e+01   4.9564008e+02   2.6288769e-01   8.1026292e-01   2.4698460e-02
   2.0060000e+03   1.0000000e+00   1.0000000e+00   1.7000000e+01   5.0000000e+01   1.9000000e+01  -5.3702798e+01  -3.7645828e+01   5.0563740e+02   5.3998356e-01   1.3932820e+00   1.1406048e+00
   2.0060000e+03   1.0000000e+00   1.0000000e+00   1.7000000e+01   5.1000000e+01   5.7000000e+01  -5.3707173e+01  -3.7644256e+01   4.9701193e+02   6.5154596e-01   1.8075098e+00   5.0207459e-01
   2.0060000e+03   1.0000000e+00   1.0000000e+00   1.7000000e+01   5.3000000e+01   3.5000000e+01  -5.3711543e+01  -3.7642731e+01   4.9584822e+02   6.5912233e-01   1.7336743e+00   5.1516159e-01
   2.0060000e+03   1.0000000e+00   1.0000000e+00   1.7000000e+01   5.5000000e+01   1.3000000e+01  -5.3715948e+01  -3.7641146e+01   5.0045146e+02   1.2032776e+00   1.7873683e+00   8.0162810e-01
   2.0060000e+03   1.0000000e+00   1.0000000e+00   1.7000000e+01   5.6000000e+01   5.1000000e+01  -5.3720396e+01  -3.7639536e+01   5.0550277e+02   4.3955263e+00   1.1140334e+01   0.0000000e+00
   2.0060000e+03   1.0000000e+00   1.0000000e+00   1.7000000e+01   5.8000000e+01   2.8000000e+01  -5.3724792e+01  -3.7638081e+01   4.9783454e+02   2.1152703e+02   5.3602492e+02   1.2972559e+02
   2.0060000e+03   1.0000000e+00   1.0000000e+00   1.8000000e+01   0.0000000e+00   5.0000000e+00  -5.3729206e+01  -3.7636636e+01   4.9953136e+02   1.0750053e+00   1.5421602e+00   8.2282384e-01
   2.0060000e+03   1.0000000e+00   1.0000000e+00   1.8000000e+01   1.0000000e+00   4.3000000e+01  -5.3733624e+01  -3.7635118e+01   5.0100029e+02   6.0168115e-01   1.5249434e+00   8.5254835e-01
   2.0060000e+03   1.0000000e+00   1.0000000e+00   1.8000000e+01   3.0000000e+00   2.1000000e+01  -5.3738024e+01  -3.7633610e+01   4.9887690e+02   3.4204496e+00   8.6690300e+00   2.9303784e+00
   2.0060000e+03   1.0000000e+00   1.0000000e+00   1.8000000e+01   4.0000000e+00   5.9000000e+01  -5.3742437e+01  -3.7632080e+01   5.0059823e+02   8.0188120e-01   2.4085526e+00   0.0000000e+00
   2.0060000e+03   1.0000000e+00   1.0000000e+00   1.8000000e+01   6.0000000e+00   3.7000000e+01  -5.3746832e+01  -3.7630620e+01   4.9770641e+02   9.5835189e-01   1.4795132e+00   0.0000000e+00
   2.0060000e+03   1.0000000e+00   1.0000000e+00   1.8000000e+01   8.0000000e+00   1.4999901e+01  -5.3751248e+01  -3.7629142e+01   5.0024655e+02   1.0706237e+02   2.7134647e+02   1.5908486e+02
   2.0060000e+03   1.0000000e+00   1.0000000e+00   1.8000000e+01   9.0000000e+00   5.3000000e+01  -5.3755671e+01  -3.7627685e+01   5.0061693e+02   5.2078730e+00   1.2686024e+01   0.0000000e+00
   2.0060000e+03   1.0000000e+00   1.0000000e+00   1.8000000e+01   1.1000000e+01   3.1000000e+01  -5.3760118e+01  -3.7626243e+01   5.0323518e+02   5.2035807e-01   8.7735034e-01   4.7209187e-02
   2.0060000e+03   1.0000000e+00   1.0000000e+00   1.8000000e+01   1.3000000e+01   9.0000000e+00  -5.3764542e+01  -3.7624855e+01   4.9990442e+02   7.2505038e-01   1.8376191e+00   5.7350563e-02
   2.0060000e+03   1.0000000e+00   1.0000000e+00   1.8000000e+01   1.4000000e+01   4.7000000e+01  -5.3768970e+01  -3.7623440e+01   5.0081646e+02   1.1480372e+00   2.9096668e+00   0.0000000e+00
   2.0060000e+03   1.0000000e+00   1.0000000e+00   1.8000000e+01   1.6000000e+01   2.4999901e+01  -5.3773370e+01  -3.7622025e+01   4.9763088e+02   1.0605710e+00   2.6666025e+00   0.0000000e+00
   2.0060000e+03   1.0000000e+00   1.0000000e+00   1.8000000e+01   1.8000000e+01   2.0000000e+00  -5.3777790e+01  -3.7620678e+01   4.9904771e+02   1.4288827e+00   3.2712926e+00   4.0651436e-02
   2.0060000e+03   1.0000000e+00   1.0000000e+00   1.8000000e+01   1.9000000e+01   3.9000099e+01  -5.3782233e+01  -3.7619270e+01   5.0233747e+02   1.3493908e+02   3.4199919e+02   3.4014005e+02
   2.0060000e+03   1.0000000e+00   1.0000000e+00   1.8000000e+01   2.1000000e+01   1.6000000e+01  -5.3786640e+01  -3.7617802e+01   4.9906692e+02   5.4317632e-01   1.3207707e+00   0.0000000e+00
   2.0060000e+03   1.0000000e+00   1.0000000e+00   1.8000000e+01   2.2000000e+01   5.2000099e+01  -5.3791025e+01  -3.7616310e+01   4.9696318e+02   1.8226323e-01   4.6194085e-01   3.2609345e-02
   2.0060000e+03   1.0000000e+00   1.0000000e+00   1.8000000e+01   2.4000000e+01   2.9000000e+01  -5.3795430e+01  -3.7614773e+01   4.9976572e+02   5.1151412e-02   1.4465031e-01   2.2259215e-02
   2.0060000e+03   1.0000000e+00   1.0000000e+00   1.8000000e+01   2.6000000e+01   6.0000000e+00  -5.3799827e+01  -3.7613105e+01   5.0075985e+02   6.2885622e-02   9.4973377e-02   1.9073399e-02
   2.0060000e+03   1.0000000e+00   1.0000000e+00   1.8000000e+01   2.7000000e+01   4.3000000e+01  -5.3804217e+01  -3.7611475e+01   4.9941449e+02   3.6061191e-02   1.0224207e-01   0.0000000e+00
   2.0060000e+03   1.0000000e+00   1.0000000e+00   1.8000000e+01   2.9000000e+01   2.1000099e+01  -5.3808642e+01  -3.7609779e+01   5.0414669e+02   1.9497884e+00   4.9416819e+00   0.0000000e+00
   2.0060000e+03   1.0000000e+00   1.0000000e+00   1.8000000e+01   3.0000000e+01   5.8000000e+01  -5.3813007e+01  -3.7608170e+01   4.9638241e+02   9.4310058e+00   2.3658749e+01   2.3629502e+01
   2.0060000e+03   1.0000000e+00   1.0000000e+00   1.8000000e+01   3.2000000e+01   3.5000000e+01  -5.3817370e+01  -3.7606552e+01   4.9634108e+02   1.4869725e+00   3.7686887e+00   3.4908583e-02
   2.0060000e+03   1.0000000e+00   1.0000000e+00   1.8000000e+01   3.4000000e+01   1.3000000e+01  -5.3821805e+01  -3.7604865e+01   5.0507915e+02   2.0744450e+00   5.2576206e+00   2.5909490e-02
   2.0060000e+03   1.0000000e+00   1.0000000e+00   1.8000000e+01   3.5000000e+01   5.1000000e+01  -5.3826230e+01  -3.7603302e+01   5.0228232e+02   2.0996441e-02   5.3214870e-02   2.6707201e-02
   2.0060000e+03   1.0000000e+00   1.0000000e+00   1.8000000e+01   3.7000000e+01   2.8000000e+01  -5.3830605e+01  -3.7601674e+01   4.9769498e+02   1.4774748e-01   3.6375316e-01   0.0000000e+00
   2.0060000e+03   1.0000000e+00   1.0000000e+00   1.8000000e+01   3.9000000e+01   5.0000000e+00  -5.3834973e+01  -3.7600142e+01   4.9569893e+02   7.0835749e-01   1.7953115e+00   0.0000000e+00
   2.0060000e+03   1.0000000e+00   1.0000000e+00   1.8000000e+01   4.0000000e+01   4.3000000e+01  -5.3839388e+01  -3.7598589e+01   5.0104954e+02   1.0367368e+00   7.2550386e-01   4.3322072e-02
   2.0060000e+03   1.0000000e+00   1.0000000e+00   1.8000000e+01   4.2000000e+01   2.1000000e+01  -5.3843807e+01  -3.7597132e+01   5.0016395e+02   1.1964960e+00   3.0324843e+00   4.8986118e-02
   2.0060000e+03   1.0000000e+00   1.0000000e+00   1.8000000e+01   4.3000000e+01   5.8000000e+01  -5.3848222e+01  -3.7595697e+01   4.9952197e+02   2.1089806e-01   5.3451501e-01   3.7705813e-02
   2.0060000e+03   1.0000000e+00   1.0000000e+00   1.8000000e+01   4.5000000e+01   3.5000000e+01  -5.3852618e+01  -3.7594097e+01   4.9969933e+02   1.4194581e+02   3.5919244e+02   2.4134005e+02
