   2.0050000e+03   1.2000000e+01   3.0000000e+01   9.0000000e+00   1.0000000e+01   1.1000000e+01  -5.3285010e+01  -3.9038090e+01   4.9930054e+02   1.5362557e+00   4.0706785e+00   0.0000000e+00
   2.0050000e+03   1.2000000e+01   3.0000000e+01   9.0000000e+00   1.2000000e+01   5.1999901e+01  -5.3289405e+01  -3.9036866e+01   4.9511163e+02   6.3099228e-01   1.1120893e+00   0.0000000e+00
   2.0050000e+03   1.2000000e+01   3.0000000e+01   9.0000000e+00   1.5000000e+01   3.6000000e+01  -5.3293750e+01  -3.9035560e+01   4.9052730e+02   8.0228178e-01   1.8798148e+00   0.0000000e+00
   2.0050000e+03   1.2000000e+01   3.0000000e+01   9.0000000e+00   1.8000000e+01   4.0000000e+00  -5.3298105e+01  -3.9034406e+01   4.8999806e+02   7.5671474e-01   1.9251494e+00   0.0000000e+00
   2.0050000e+03   1.2000000e+01   3.0000000e+01   9.0000000e+00   2.0000000e+01   6.0000992e+00  -5.3302585e+01  -3.9033196e+01   5.0426385e+02   6.4603206e-01   1.4098650e+00   0.0000000e+00
   2.0050000e+03   1.2000000e+01   3.0000000e+01   9.0000000e+00   2.1000000e+01   5.2000000e+01  -5.3307071e+01  -3.9032041e+01   5.0425502e+02   1.9345177e+00   4.9429206e+00   0.0000000e+00
   2.0050000e+03   1.2000000e+01   3.0000000e+01   9.0000000e+00   2.3000000e+01   3.0000099e+01  -5.3311549e+01  -3.9030700e+01   5.0555022e+02   2.9887121e+00   2.9397648e+00   0.0000000e+00
   2.0050000e+03   1.2000000e+01   3.0000000e+01   9.0000000e+00   2.5000000e+01   6.0000000e+00  -5.3315937e+01  -3.9029431e+01   4.9485388e+02   3.7384615e+00   7.6856608e+00   3.0551182e-01
   2.0050000e+03   1.2000000e+01   3.0000000e+01   9.0000000e+00   2.6000000e+01   4.4000099e+01  -5.3320366e+01  -3.9028059e+01   5.0042737e+02   1.6515386e+00   4.3591106e+00   0.0000000e+00
   2.0050000e+03   1.2000000e+01   3.0000000e+01   9.0000000e+00   2.8000000e+01   2.3000000e+01  -5.3324814e+01  -3.9026801e+01   5.0130701e+02   1.7246626e+00   4.5632946e+00   0.0000000e+00
   2.0050000e+03   1.2000000e+01   3.0000000e+01   9.0000000e+00   3.0000000e+01   1.0000000e+00  -5.3329222e+01  -3.9025519e+01   4.9717148e+02   8.2427257e-01   2.0081810e+00   0.0000000e+00
   2.0050000e+03   1.2000000e+01   3.0000000e+01   9.0000000e+00   3.1000000e+01   3.9000099e+01  -5.3333650e+01  -3.9023978e+01   5.0258801e+02   5.1721301e+01   1.3113756e+02   2.9172772e-01
   2.0050000e+03   1.2000000e+01   3.0000000e+01   9.0000000e+00   3.3000000e+01   1.7000000e+01  -5.3337980e+01  -3.9022553e+01   4.9034748e+02   2.3552920e+00   5.9694192e+00   2.1990642e-01
   2.0050000e+03   1.2000000e+01   3.0000000e+01   9.0000000e+00   3.4000000e+01   5.3000000e+01  -5.3342414e+01  -3.9021115e+01   5.0176328e+02   2.1819520e+00   5.7472676e+00   0.0000000e+00
   2.0050000e+03   1.2000000e+01   3.0000000e+01   9.0000000e+00   3.6000000e+01   2.8000000e+01  -5.3346843e+01  -3.9019631e+01   5.0199451e+02   7.1646444e-01   1.8624857e+00   0.0000000e+00
   2.0050000e+03   1.2000000e+01   3.0000000e+01   9.0000000e+00   3.8000000e+01   6.0000000e+00  -5.3351313e+01  -3.9018218e+01   5.0546951e+02   9.0087664e-01   2.1195152e+00   4.9933060e-02
   2.0050000e+03   1.2000000e+01   3.0000000e+01   9.0000000e+00   3.9000000e+01   4.5000000e+01  -5.3355723e+01  -3.9017006e+01   4.9658437e+02   2.5634350e+00   6.4969514e+00   1.5007584e-01
   2.0050000e+03   1.2000000e+01   3.0000000e+01   9.0000000e+00   4.1000000e+01   2.2000099e+01  -5.3360147e+01  -3.9015744e+01   4.9859129e+02   9.2808736e+00   1.1209441e+00   0.0000000e+00
   2.0050000e+03   1.2000000e+01   3.0000000e+01   9.0000000e+00   4.2000000e+01   5.9000000e+01  -5.3364585e+01  -3.9014539e+01   4.9962048e+02   1.5290288e+00   3.3406495e+00   0.0000000e+00
   2.0050000e+03   1.2000000e+01   3.0000000e+01   9.0000000e+00   4.4000000e+01   3.7000099e+01  -5.3368968e+01  -3.9013240e+01   4.9463176e+02   1.5462432e+00   3.4728416e+00   0.0000000e+00
   2.0050000e+03   1.2000000e+01   3.0000000e+01   9.0000000e+00   4.6000000e+01   1.6000000e+01  -5.3373397e+01  -3.9011913e+01   4.9986973e+02   1.7738366e+00   3.5856048e+00   0.0000000e+00
   2.0050000e+03   1.2000000e+01   3.0000000e+01   9.0000000e+00   4.7000000e+01   5.4000000e+01  -5.3377822e+01  -3.9010608e+01   4.9925806e+02   3.6038679e+00   2.3602833e+00   0.0000000e+00
   2.0050000e+03   1.2000000e+01   3.0000000e+01   9.0000000e+00   4.9000000e+01   3.1000000e+01  -5.3382277e+01  -3.9009248e+01   5.0317044e+02   2.2933384e+00   4.5490544e+00   0.0000000e+00
   2.0050000e+03   1.2000000e+01   3.0000000e+01   9.0000000e+00   5.1000000e+01   1.0000000e+01  -5.3386701e+01  -3.9007853e+01   5.0031537e+02   2.1955178e+00   2.9045561e+00   0.0000000e+00
   2.0050000e+03   1.2000000e+01   3.0000000e+01   9.0000000e+00   5.2000000e+01   4.9000000e+01  -5.3391104e+01  -3.9006391e+01   4.9873171e+02   1.5733402e+00   3.9875849e+00   0.0000000e+00
   2.0050000e+03   1.2000000e+01   3.0000000e+01   9.0000000e+00   5.4000000e+01   2.7000000e+01  -5.3395500e+01  -3.9004985e+01   4.9723574e+02   1.3496282e+00   3.3891511e+00   0.0000000e+00
   2.0050000e+03   1.2000000e+01   3.0000000e+01   9.0000000e+00   5.6000000e+01   4.0000000e+00  -5.3399916e+01  -3.9003616e+01   4.9903536e+02   1.4839761e+00   3.7910439e+00   1.6328189e-01
   2.0050000e+03   1.2000000e+01   3.0000000e+01   9.0000000e+00   5.7000000e+01   4.2000099e+01  -5.3404379e+01  -3.9002241e+01   5.0424859e+02   6.3820975e-01   2.1951071e+00   1.0307122e-01
   2.0050000e+03   1.2000000e+01   3.0000000e+01   9.0000000e+00   5.9000000e+01   2.1000000e+01  -5.3408771e+01  -3.9000855e+01   4.9661787e+02   1.5913521e+00   3.8667833e+00   2.2485240e-01
   2.0050000e+03   1.2000000e+01   3.0000000e+01   1.0000000e+01   0.0000000e+00   5.9000000e+01  -5.3413161e+01  -3.8999493e+01   4.9603355e+02   1.3610551e+00   3.5469278e+00   2.2014117e-01
   2.0050000e+03   1.2000000e+01   3.0000000e+01   1.0000000e+01   2.0000000e+00   3.6000000e+01  -5.3417622e+01  -3.8998078e+01   5.0447478e+02   6.3061452e-01   1.7422760e+00   0.0000000e+00
   2.0050000e+03   1.2000000e+01   3.0000000e+01   1.0000000e+01   4.0000000e+00   1.4000000e+01  -5.3421934e+01  -3.8996697e+01   4.8784830e+02   2.2994856e+00   1.0235948e+00   0.0000000e+00
   2.0050000e+03   1.2000000e+01   3.0000000e+01   1.0000000e+01   5.0000000e+00   5.4000000e+01  -5.3426412e+01  -3.8995315e+01   5.0595509e+02   1.4825630e+00   3.5512429e+00   0.0000000e+00
   2.0050000e+03   1.2000000e+01   3.0000000e+01   1.0000000e+01   7.0000000e+00   3.4000099e+01  -5.3430849e+01  -3.8993972e+01   5.0093941e+02   1.7834700e+00   4.0073600e+00   0.0000000e+00
   2.0050000e+03   1.2000000e+01   3.0000000e+01   1.0000000e+01   9.0000000e+00   1.3000000e+01  -5.3435301e+01  -3.8992645e+01   5.0244688e+02   6.7455475e-01   1.8854441e+00   0.0000000e+00
   2.0050000e+03   1.2000000e+01   3.0000000e+01   1.0000000e+01   1.0000000e+01   5.0000000e+01  -5.3439702e+01  -3.8991317e+01   4.9690322e+02   1.2744579e+00   2.5350073e+00   1.1282024e-01
   2.0050000e+03   1.2000000e+01   3.0000000e+01   1.0000000e+01   1.2000000e+01   2.8000099e+01  -5.3444132e+01  -3.8990058e+01   4.9930407e+02   7.9481788e-01   2.0790440e+00   4.1740901e-02
   2.0050000e+03   1.2000000e+01   3.0000000e+01   1.0000000e+01   1.4000000e+01   7.0000000e+00  -5.3448557e+01  -3.8988705e+01   4.9978029e+02   7.8660127e-01   2.0719313e+00   0.0000000e+00
   2.0050000e+03   1.2000000e+01   3.0000000e+01   1.0000000e+01   1.5000000e+01   4.6000000e+01  -5.3452965e+01  -3.8987342e+01   4.9803571e+02   8.0934527e-01   2.1604152e+00   4.0931452e-02
   2.0050000e+03   1.2000000e+01   3.0000000e+01   1.0000000e+01   1.7000000e+01   2.5000000e+01  -5.3457410e+01  -3.8986055e+01   5.0124642e+02   6.8983055e-01   1.7483555e+00   0.0000000e+00
   2.0050000e+03   1.2000000e+01   3.0000000e+01   1.0000000e+01   1.9000000e+01   3.0000000e+00  -5.3461819e+01  -3.8984713e+01   4.9782940e+02   4.3276291e-01   1.1332074e+00   0.0000000e+00
   2.0050000e+03   1.2000000e+01   3.0000000e+01   1.0000000e+01   2.0000000e+01   4.2000000e+01  -5.3466244e+01  -3.8983248e+01   5.0115187e+02   7.3373224e-01   1.8596230e+00   0.0000000e+00
   2.0050000e+03   1.2000000e+01   3.0000000e+01   1.0000000e+01   2.2000000e+01   2.1000000e+01  -5.3470665e+01  -3.8981840e+01   5.0003309e+02   5.1559604e-01   1.3535092e+00   0.0000000e+00
   2.0050000e+03   1.2000000e+01   3.0000000e+01   1.0000000e+01   2.3000000e+01   5.9000000e+01  -5.3475058e+01  -3.8980465e+01   4.9663125e+02   6.5200907e-01   1.2993750e+00   5.9339602e-01
   2.0050000e+03   1.2000000e+01   3.0000000e+01   1.0000000e+01   2.5000000e+01   3.7000000e+01  -5.3479470e+01  -3.8979052e+01   4.9899815e+02   4.2589360e-01   1.2056818e+00   0.0000000e+00
   2.0050000e+03   1.2000000e+01   3.0000000e+01   1.0000000e+01   2.7000000e+01   1.5000000e+01  -5.3483918e+01  -3.8977645e+01   5.0301941e+02   6.5836119e-01   1.3934115e+00   0.0000000e+00
   2.0050000e+03   1.2000000e+01   3.0000000e+01   1.0000000e+01   2.8000000e+01   5.3000000e+01  -5.3488285e+01  -3.8976198e+01   4.9451006e+02   4.5189205e-01   1.0863336e+00   4.2324828e-02
   2.0050000e+03   1.2000000e+01   3.0000000e+01   1.0000000e+01   3.0000000e+01   3.2000099e+01  -5.3492678e+01  -3.8974725e+01   4.9780030e+02   3.7895179e-01   1.0743160e+00   3.1749426e-01
   2.0050000e+03   1.2000000e+01   3.0000000e+01   1.0000000e+01   3.2000000e+01   1.1000000e+01  -5.3497126e+01  -3.8973255e+01   5.0373802e+02   2.1765739e-01   6.9554629e-01   0.0000000e+00
   2.0050000e+03   1.2000000e+01   3.0000000e+01   1.0000000e+01   3.3000000e+01   4.8000000e+01  -5.3501521e+01  -3.8971860e+01   4.9701312e+02   1.5111622e-01   3.8299968e-01   0.0000000e+00
   2.0050000e+03   1.2000000e+01   3.0000000e+01   1.0000000e+01   3.5000000e+01   2.5000000e+01  -5.3505883e+01  -3.8970472e+01   4.9327429e+02   2.5928475e-01   6.7161745e-01   0.0000000e+00
   2.0050000e+03   1.2000000e+01   3.0000000e+01   1.0000000e+01   3.7000000e+01   3.0000000e+00  -5.3510326e+01  -3.8969162e+01   5.0127055e+02   2.2962563e-01   5.8197948e-01   0.0000000e+00
   2.0050000e+03   1.2000000e+01   3.0000000e+01   1.0000000e+01   3.8000000e+01   4.1000000e+01  -5.3514771e+01  -3.8967873e+01   5.0120367e+02   2.6486729e-01   6.7129845e-01   0.0000000e+00
   2.0050000e+03   1.2000000e+01   3.0000000e+01   1.0000000e+01   4.0000000e+01   1.9000000e+01  -5.3519236e+01  -3.8966553e+01   5.0375853e+02   5.7170382e-01   1.4489667e+00   0.0000000e+00
   2.0050000e+03   1.2000000e+01   3.0000000e+01   1.0000000e+01   4.1000000e+01   5.8000000e+01  -5.3523637e+01  -3.8965177e+01   4.9748269e+02   1.0314843e+00   2.6448123e+00   0.0000000e+00
   2.0050000e+03   1.2000000e+01   3.0000000e+01   1.0000000e+01   4.3000000e+01   3.7000000e+01  -5.3528066e+01  -3.8963797e+01   5.0043707e+02   1.8686753e+00   4.7361033e+00   0.0000000e+00
   2.0050000e+03   1.2000000e+01   3.0000000e+01   1.0000000e+01   4.5000000e+01   1.3000000e+01  -5.3532452e+01  -3.8962432e+01   4.9572264e+02   5.9209444e+00   9.1663414e+00   0.0000000e+00
   2.0050000e+03   1.2000000e+01   3.0000000e+01   1.0000000e+01   4.6000000e+01   5.0000000e+01  -5.3536937e+01  -3.8961119e+01   5.0586862e+02   1.7278435e+00   4.7158985e+00   0.0000000e+00
   2.0050000e+03   1.2000000e+01   3.0000000e+01   1.0000000e+01   4.8000000e+01   2.9000000e+01  -5.3541289e+01  -3.8959827e+01   4.9100846e+02   5.8002231e-01   1.6798474e+00   0.0000000e+00
   2.0050000e+03   1.2000000e+01   3.0000000e+01   1.0000000e+01   5.0000000e+01   8.0000000e+00  -5.3545736e+01  -3.8958510e+01   5.0169498e+02   3.6977474e-01   1.2915580e+00   0.0000000e+00
   2.0050000e+03   1.2000000e+01   3.0000000e+01   1.0000000e+01   5.1000000e+01   4.5000000e+01  -5.3550169e+01  -3.8957220e+01   4.9991985e+02   1.0371744e+00   2.9048009e+00   0.0000000e+00
   2.0050000e+03   1.2000000e+01   3.0000000e+01   1.0000000e+01   5.3000000e+01   2.1000099e+01  -5.3554580e+01  -3.8955877e+01   4.9815909e+02   8.9363552e-01   1.6429942e+00   0.0000000e+00
   2.0050000e+03   1.2000000e+01   3.0000000e+01   1.0000000e+01   5.5000000e+01   0.0000000e+00  -5.3559059e+01  -3.8954572e+01   5.0502338e+02   1.9893476e+00   4.9611280e+00   1.0163463e+00
   2.0050000e+03   1.2000000e+01   3.0000000e+01   1.0000000e+01   5.6000000e+01   4.0000000e+01  -5.3563472e+01  -3.8953192e+01   4.9878094e+02   4.5853621e+00   1.1621467e+01   0.0000000e+00
   2.0050000e+03   1.2000000e+01   3.0000000e+01   1.0000000e+01   5.8000000e+01   2.0000000e+01  -5.3567784e+01  -3.8951806e+01   4.8779545e+02   4.0436669e+00   1.0257065e+01   0.0000000e+00
   2.0050000e+03   1.2000000e+01   3.0000000e+01   1.0000000e+01   5.9000000e+01   5.8999901e+01  -5.3572337e+01  -3.8950439e+01   5.1393631e+02   6.8256014e+00   1.2347221e+01   0.0000000e+00
   2.0050000e+03   1.2000000e+01   3.0000000e+01   1.1000000e+01   1.0000000e+00   3.8000099e+01  -5.3576720e+01  -3.8949102e+01   4.9498751e+02   6.5496668e+00   8.5701297e+00   0.0000000e+00
   2.0050000e+03   1.2000000e+01   3.0000000e+01   1.1000000e+01   3.0000000e+00   1.9000000e+01  -5.3581123e+01  -3.8947786e+01   4.9691488e+02   5.0208824e+00   1.1373173e+01   0.0000000e+00
   2.0050000e+03   1.2000000e+01   3.0000000e+01   1.1000000e+01   4.0000000e+00   5.9000000e+01  -5.3585537e+01  -3.8946469e+01   4.9806801e+02   3.9694215e+00   8.3832598e+00   3.2010747e-02
   2.0050000e+03   1.2000000e+01   3.0000000e+01   1.1000000e+01   6.0000000e+00   3.8000000e+01  -5.3589935e+01  -3.8945146e+01   4.9647378e+02   3.7630063e+00   6.8510922e+00   3.2591739e-02
   2.0050000e+03   1.2000000e+01   3.0000000e+01   1.1000000e+01   8.0000000e+00   1.7000099e+01  -5.3594404e+01  -3.8943864e+01   5.0377787e+02   5.6048003e+00   1.4249147e+01   0.0000000e+00
   2.0050000e+03   1.2000000e+01   3.0000000e+01   1.1000000e+01   9.0000000e+00   5.5000000e+01  -5.3598833e+01  -3.8942502e+01   5.0020417e+02   3.1552136e+00   7.9967972e+00   3.4618506e-02
   2.0050000e+03   1.2000000e+01   3.0000000e+01   1.1000000e+01   1.1000000e+01   3.4000000e+01  -5.3603210e+01  -3.8941191e+01   4.9399301e+02   2.5913538e+00   6.8183214e+00   0.0000000e+00
   2.0050000e+03   1.2000000e+01   3.0000000e+01   1.1000000e+01   1.3000000e+01   1.5000000e+01  -5.3607659e+01  -3.8939850e+01   5.0230283e+02   3.2147376e+00   8.2009175e+00   9.0279412e-01
   2.0050000e+03   1.2000000e+01   3.0000000e+01   1.1000000e+01   1.4000000e+01   5.7000000e+01  -5.3612083e+01  -3.8938511e+01   4.9935414e+02   5.8530886e+00   1.5061567e+01   0.0000000e+00
   2.0050000e+03   1.2000000e+01   3.0000000e+01   1.1000000e+01   1.6000000e+01   3.8000000e+01  -5.3616530e+01  -3.8937301e+01   5.0054605e+02   4.0308700e+00   1.0804804e+01   0.0000000e+00
   2.0050000e+03   1.2000000e+01   3.0000000e+01   1.1000000e+01   1.8000000e+01   1.8000099e+01  -5.3620971e+01  -3.8936002e+01   5.0089498e+02   3.1592828e+00   8.0581707e+00   2.5456768e-02
   2.0050000e+03   1.2000000e+01   3.0000000e+01   1.1000000e+01   1.9000000e+01   5.8000099e+01  -5.3625362e+01  -3.8934448e+01   4.9862251e+02   2.1143819e+00   4.4371182e+00   0.0000000e+00
   2.0050000e+03   1.2000000e+01   3.0000000e+01   1.1000000e+01   2.1000000e+01   3.7000000e+01  -5.3629771e+01  -3.8932986e+01   4.9922611e+02   5.8429171e+00   8.7756606e+00   2.8262802e-02
   2.0050000e+03   1.2000000e+01   3.0000000e+01   1.1000000e+01   2.3000000e+01   1.4999901e+01  -5.3634145e+01  -3.8931484e+01   4.9609942e+02   6.5056925e+00   1.5289986e+01   0.0000000e+00
   2.0050000e+03   1.2000000e+01   3.0000000e+01   1.1000000e+01   2.4000000e+01   5.4000099e+01  -5.3638536e+01  -3.8929986e+01   4.9776152e+02   3.0007096e+00   7.2189810e+00   0.0000000e+00
   2.0050000e+03   1.2000000e+01   3.0000000e+01   1.1000000e+01   2.6000000e+01   3.3000000e+01  -5.3642938e+01  -3.8928521e+01   4.9853522e+02   7.4272498e+00   7.6289570e+00   0.0000000e+00
   2.0050000e+03   1.2000000e+01   3.0000000e+01   1.1000000e+01   2.8000000e+01   1.1000000e+01  -5.3647360e+01  -3.8927109e+01   5.0017028e+02   1.3078047e+00   3.3206527e+00   0.0000000e+00
   2.0050000e+03   1.2000000e+01   3.0000000e+01   1.1000000e+01   2.9000000e+01   5.0000099e+01  -5.3651752e+01  -3.8925579e+01   4.9834001e+02   6.7803465e-01   1.7889415e+00   0.0000000e+00
   2.0050000e+03   1.2000000e+01   3.0000000e+01   1.1000000e+01   3.1000000e+01   3.0000000e+01  -5.3656196e+01  -3.8924132e+01   5.0284223e+02   1.6031999e+02   4.0646143e+02   3.6242879e+02
   2.0050000e+03   1.2000000e+01   3.0000000e+01   1.1000000e+01   3.3000000e+01   9.0000000e+00  -5.3660599e+01  -3.8922646e+01   4.9895838e+02   1.8491896e-01   5.4940451e-01   0.0000000e+00
   2.0050000e+03   1.2000000e+01   3.0000000e+01   1.1000000e+01   3.4000000e+01   4.7000000e+01  -5.3665012e+01  -3.8921145e+01   5.0027814e+02   1.9002501e-01   4.8161285e-01   2.3823618e-02
   2.0050000e+03   1.2000000e+01   3.0000000e+01   1.1000000e+01   3.6000000e+01   2.5000000e+01  -5.3669420e+01  -3.8919619e+01   5.0003275e+02   8.7225967e-01   2.2739598e+00   0.0000000e+00
   2.0050000e+03   1.2000000e+01   3.0000000e+01   1.1000000e+01   3.8000000e+01   4.0000000e+00  -5.3673844e+01  -3.8918130e+01   5.0121023e+02   1.4059154e-02   1.1760567e-01   0.0000000e+00
   2.0050000e+03   1.2000000e+01   3.0000000e+01   1.1000000e+01   3.9000000e+01   4.3000099e+01  -5.3678257e+01  -3.8916586e+01   5.0081325e+02   6.0131183e-01   2.3382014e+00   2.2412218e-02
   2.0050000e+03   1.2000000e+01   3.0000000e+01   1.1000000e+01   4.1000000e+01   2.2000000e+01  -5.3682658e+01  -3.8915278e+01   4.9660629e+02   6.4052626e-01   1.6233952e+00   2.4903442e-02
   2.0050000e+03   1.2000000e+01   3.0000000e+01   1.1000000e+01   4.3000000e+01   2.0000000e+00  -5.3687106e+01  -3.8913868e+01   5.0291159e+02   1.6184467e-02   6.5229170e-02   0.0000000e+00
   2.0050000e+03   1.2000000e+01   3.0000000e+01   1.1000000e+01   4.4000000e+01   4.3000000e+01  -5.3691495e+01  -3.8912550e+01   4.9533301e+02   1.4490502e-02   4.3013593e-01   0.0000000e+00
   2.0050000e+03   1.2000000e+01   3.0000000e+01   1.1000000e+01   4.6000000e+01   2.5000000e+01  -5.3695910e+01  -3.8911300e+01   4.9742115e+02   8.4590590e+00   2.1942678e+01   0.0000000e+00
   2.0050000e+03   1.2000000e+01   3.0000000e+01   1.1000000e+01   4.8000000e+01   7.0000000e+00  -5.3700378e+01  -3.8910049e+01   5.0328116e+02   6.0952174e+00   1.5376030e+01   3.2567552e+00
   2.0050000e+03   1.2000000e+01   3.0000000e+01   1.1000000e+01   4.9000000e+01   4.9000000e+01  -5.3704810e+01  -3.8908804e+01   4.9918672e+02   4.0317873e+00   1.1396757e+01   2.8829085e+00
   2.0050000e+03   1.2000000e+01   3.0000000e+01   1.1000000e+01   5.1000000e+01   3.2000000e+01  -5.3709225e+01  -3.8907517e+01   4.9786484e+02   1.5774581e+00   3.9980218e+00   1.9331684e+00
   2.0050000e+03   1.2000000e+01   3.0000000e+01   1.1000000e+01   5.3000000e+01   1.5000000e+01  -5.3713651e+01  -3.8906258e+01   4.9874853e+02   1.5432652e-01   3.9113609e-01   0.0000000e+00
   2.0050000e+03   1.2000000e+01   3.0000000e+01   1.1000000e+01   5.4000000e+01   5.8000000e+01  -5.3718093e+01  -3.8904936e+01   5.0117712e+02   1.2098739e-01   3.0663901e-01   0.0000000e+00
   2.0050000e+03   1.2000000e+01   3.0000000e+01   1.1000000e+01   5.6000000e+01   4.1000099e+01  -5.3722528e+01  -3.8903628e+01   5.0027676e+02   1.6622017e-01   3.1964385e-01   1.0636728e-01
   2.0050000e+03   1.2000000e+01   3.0000000e+01   1.1000000e+01   5.8000000e+01   2.4000000e+01  -5.3726948e+01  -3.8902333e+01   4.9847948e+02   3.1026448e-01   5.0848102e-01   0.0000000e+00
   2.0050000e+03   1.2000000e+01   3.0000000e+01   1.2000000e+01   0.0000000e+00   7.0000000e+00  -5.3731381e+01  -3.8901058e+01   4.9968203e+02   1.1919293e+00   3.0229541e+00   1.5180096e+00
   2.0050000e+03   1.2000000e+01   3.0000000e+01   1.2000000e+01   1.0000000e+00   5.0000000e+01  -5.3735796e+01  -3.8899726e+01   4.9836523e+02   1.8615842e-01   4.7181311e-01   0.0000000e+00
   2.0050000e+03   1.2000000e+01   3.0000000e+01   1.2000000e+01   3.0000000e+00   3.4000000e+01  -5.3740214e+01  -3.8898405e+01   4.9856741e+02   2.3957243e-01   2.6214196e-01   0.0000000e+00
   2.0050000e+03   1.2000000e+01   3.0000000e+01   1.2000000e+01   5.0000000e+00   1.8000099e+01  -5.3744642e+01  -3.8897078e+01   4.9968467e+02   1.6872738e-01   2.8551831e-01   5.5078153e-02
   2.0050000e+03   1.2000000e+01   3.0000000e+01   1.2000000e+01   7.0000000e+00   9.9990082e-01  -5.3749106e+01  -3.8895774e+01   5.0335528e+02   2.6113799e-01   2.5694531e-01   0.0000000e+00
   2.0050000e+03   1.2000000e+01   3.0000000e+01   1.2000000e+01   8.0000000e+00   4.4000000e+01  -5.3753499e+01  -3.8894529e+01   4.9498083e+02   1.8513507e+03   4.6922967e+03   4.6595654e+03
   2.0050000e+03   1.2000000e+01   3.0000000e+01   1.2000000e+01   1.0000000e+01   2.8000000e+01  -5.3757926e+01  -3.8893236e+01   4.9916876e+02   2.3222339e+02   5.8770805e+02   5.8738335e+02
   2.0050000e+03   1.2000000e+01   3.0000000e+01   1.2000000e+01   1.2000000e+01   1.1000000e+01  -5.3762332e+01  -3.8892008e+01   4.9624535e+02   1.4997082e+00   3.7718569e+00   0.0000000e+00
   2.0050000e+03   1.2000000e+01   3.0000000e+01   1.2000000e+01   1.3000000e+01   5.3000000e+01  -5.3766769e+01  -3.8890803e+01   4.9930679e+02   9.0329437e-01   1.2675579e+00   0.0000000e+00
   2.0050000e+03   1.2000000e+01   3.0000000e+01   1.2000000e+01   1.5000000e+01   3.5000000e+01  -5.3771207e+01  -3.8889442e+01   5.0119668e+02   6.8591269e-01   9.8278577e-01   0.0000000e+00
   2.0050000e+03   1.2000000e+01   3.0000000e+01   1.2000000e+01   1.7000000e+01   1.6000000e+01  -5.3775624e+01  -3.8888169e+01   4.9786219e+02   1.3336266e-01   2.3432266e-01   3.6585328e-02
   2.0050000e+03   1.2000000e+01   3.0000000e+01   1.2000000e+01   1.8000000e+01   5.7000000e+01  -5.3780022e+01  -3.8886799e+01   4.9694873e+02   6.8305915e-02   1.8839996e-01   0.0000000e+00
   2.0050000e+03   1.2000000e+01   3.0000000e+01   1.2000000e+01   2.0000000e+01   3.9000000e+01  -5.3784450e+01  -3.8885412e+01   5.0038964e+02   1.6353335e-01   4.2949457e-01   2.1186517e-02
   2.0050000e+03   1.2000000e+01   3.0000000e+01   1.2000000e+01   2.2000000e+01   2.2000000e+01  -5.3788875e+01  -3.8883854e+01   5.0226641e+02   4.3765758e-01   4.1463861e-01   0.0000000e+00
   2.0050000e+03   1.2000000e+01   3.0000000e+01   1.2000000e+01   2.4000000e+01   6.0000992e+00  -5.3793279e+01  -3.8882241e+01   5.0062478e+02   1.0118033e+02   2.5641918e+02   2.5112972e+02
   2.0050000e+03   1.2000000e+01   3.0000000e+01   1.2000000e+01   2.5000000e+01   4.8999901e+01  -5.3797660e+01  -3.8880599e+01   4.9862933e+02   4.2589905e-01   1.1395275e+00   2.4227001e-01
   2.0050000e+03   1.2000000e+01   3.0000000e+01   1.2000000e+01   2.7000000e+01   3.2000000e+01  -5.3802075e+01  -3.8879027e+01   5.0135147e+02   4.0979679e-03   2.8149622e-02   1.0386180e-02
   2.0050000e+03   1.2000000e+01   3.0000000e+01   1.2000000e+01   2.9000000e+01   1.6000000e+01  -5.3806512e+01  -3.8877629e+01   5.0145339e+02   4.2501238e-01   1.0771815e+00   4.2813431e-01
   2.0050000e+03   1.2000000e+01   3.0000000e+01   1.2000000e+01   3.1000000e+01   0.0000000e+00  -5.3810847e+01  -3.8876094e+01   4.9213341e+02   2.1562846e+00   5.9351029e+00   3.5984051e+00
   2.0050000e+03   1.2000000e+01   3.0000000e+01   1.2000000e+01   3.2000000e+01   4.4999901e+01  -5.3815257e+01  -3.8874567e+01   5.0017204e+02   1.0129628e+00   2.2155081e+00   1.3595572e+00
   2.0050000e+03   1.2000000e+01   3.0000000e+01   1.2000000e+01   3.4000000e+01   3.0000000e+01  -5.3819682e+01  -3.8873119e+01   5.0079436e+02   5.3918619e-01   1.3955812e+00   2.7267612e-01
   2.0050000e+03   1.2000000e+01   3.0000000e+01   1.2000000e+01   3.6000000e+01   1.5000000e+01  -5.3824083e+01  -3.8871641e+01   4.9854661e+02   8.2954785e+01   2.1034997e+02   1.7774964e+02
   2.0050000e+03   1.2000000e+01   3.0000000e+01   1.2000000e+01   3.8000000e+01   0.0000000e+00  -5.3828485e+01  -3.8870246e+01   4.9762755e+02   1.5587878e+00   4.3048591e+00   1.6162946e-01
   2.0050000e+03   1.2000000e+01   3.0000000e+01   1.2000000e+01   3.9000000e+01   4.5000000e+01  -5.3832942e+01  -3.8868922e+01   5.0281440e+02   1.5743434e+00   3.1473040e+00   3.2189069e-01
   2.0050000e+03   1.2000000e+01   3.0000000e+01   1.2000000e+01   4.1000000e+01   3.1000000e+01  -5.3837378e+01  -3.8867552e+01   5.0107124e+02   8.1252794e-01   2.0263154e+00   1.3381451e+00
   2.0050000e+03   1.2000000e+01   3.0000000e+01   1.2000000e+01   4.3000000e+01   1.5999901e+01  -5.3841809e+01  -3.8866192e+01   5.0042148e+02   2.0957084e+00   4.1973952e+00   1.8922722e+00
   2.0050000e+03   1.2000000e+01   3.0000000e+01   1.2000000e+01   4.5000000e+01   0.0000000e+00  -5.3846199e+01  -3.8864833e+01   4.9591828e+02   4.0122518e+00   1.0268040e+01   8.3569705e-01
   2.0050000e+03   1.2000000e+01   3.0000000e+01   1.2000000e+01   4.6000000e+01   4.4000099e+01  -5.3850587e+01  -3.8863477e+01   4.9562037e+02   1.0963213e+00   1.8558223e+00   1.8013042e+00
   2.0050000e+03   1.2000000e+01   3.0000000e+01   1.2000000e+01   4.8000000e+01   2.8000099e+01  -5.3855054e+01  -3.8862032e+01   5.0534430e+02   1.9587446e+00   4.6411090e+00   3.7611106e+00
   2.0050000e+03   1.2000000e+01   3.0000000e+01   1.2000000e+01   5.0000000e+01   1.2000000e+01  -5.3859466e+01  -3.8860634e+01   4.9870591e+02   1.2772349e+01   3.2024396e+01   3.1664960e+01
   2.0050000e+03   1.2000000e+01   3.0000000e+01   1.2000000e+01   5.1000000e+01   5.6000000e+01  -5.3863869e+01  -3.8859192e+01   4.9833638e+02   8.3155147e+00   2.0553663e+01   1.9901629e+01
   2.0050000e+03   1.2000000e+01   3.0000000e+01   1.2000000e+01   5.3000000e+01   4.0000099e+01  -5.3868285e+01  -3.8857789e+01   4.9923366e+02   5.9120070e+00   1.4053370e+01   1.2978579e+01
   2.0050000e+03   1.2000000e+01   3.0000000e+01   1.2000000e+01   5.5000000e+01   2.4000000e+01  -5.3872716e+01  -3.8856369e+01   5.0100275e+02   3.1942020e+00   8.2647370e+00   7.0622246e+00
   2.0050000e+03   1.2000000e+01   3.0000000e+01   1.2000000e+01   5.7000000e+01   8.0000000e+00  -5.3877129e+01  -3.8854947e+01   4.9918145e+02   4.9743880e+00   1.1139061e+01   8.4151557e+00
   2.0050000e+03   1.2000000e+01   3.0000000e+01   1.2000000e+01   5.8000000e+01   5.2000000e+01  -5.3881519e+01  -3.8853501e+01   4.9693650e+02   1.7993024e+02   4.5682400e+02   2.3754164e+02
   2.0050000e+03   1.2000000e+01   3.0000000e+01   1.3000000e+01   0.0000000e+00   3.7000000e+01  -5.3885948e+01  -3.8852224e+01   4.9923051e+02   5.4018795e+00   1.1255704e+01   9.9352051e+00
   2.0050000e+03   1.2000000e+01   3.0000000e+01   1.3000000e+01   2.0000000e+00   2.2000000e+01  -5.3890337e+01  -3.8850903e+01   4.9529239e+02   5.3491163e+00   1.3836134e+01   1.0787517e+01
   2.0050000e+03   1.2000000e+01   3.0000000e+01   1.3000000e+01   4.0000000e+00   6.0000000e+00  -5.3894776e+01  -3.8849611e+01   5.0051839e+02   1.3013885e+01   3.1983316e+01   3.0615975e+01
   2.0050000e+03   1.2000000e+01   3.0000000e+01   1.3000000e+01   5.0000000e+00   5.0000000e+01  -5.3899252e+01  -3.8848281e+01   5.0486447e+02   4.2947853e+00   9.1748723e+00   7.0337753e+00
   2.0050000e+03   1.2000000e+01   3.0000000e+01   1.3000000e+01   7.0000000e+00   3.4000000e+01  -5.3903647e+01  -3.8846915e+01   4.9652186e+02   3.5101694e+00   7.4949226e+00   6.3864123e+00
   2.0050000e+03   1.2000000e+01   3.0000000e+01   1.3000000e+01   9.0000000e+00   1.8000000e+01  -5.3908094e+01  -3.8845555e+01   5.0213071e+02   8.3961061e+02   2.1267192e+03   2.0914441e+03
   2.0050000e+03   1.2000000e+01   3.0000000e+01   1.3000000e+01   1.1000000e+01   3.0000000e+00  -5.3912493e+01  -3.8844261e+01   4.9604455e+02   6.9831356e+00   1.7698554e+01   1.5538506e+01
   2.0050000e+03   1.2000000e+01   3.0000000e+01   1.3000000e+01   1.2000000e+01   4.9000000e+01  -5.3916945e+01  -3.8842902e+01   5.0268771e+02   8.2344610e+00   1.6242974e+01   1.4914879e+01
   2.0050000e+03   1.2000000e+01   3.0000000e+01   1.3000000e+01   1.4000000e+01   3.5000000e+01  -5.3921377e+01  -3.8841482e+01   5.0114973e+02   6.7895506e-01   1.8289453e+00   8.5453655e-02
   2.0050000e+03   1.2000000e+01   3.0000000e+01   1.3000000e+01   1.6000000e+01   2.0000000e+01  -5.3925778e+01  -3.8840210e+01   4.9607809e+02   9.5321143e+00   1.0860222e+01   0.0000000e+00
   2.0050000e+03   1.2000000e+01   3.0000000e+01   1.3000000e+01   1.8000000e+01   4.0000000e+00  -5.3930179e+01  -3.8838897e+01   4.9657158e+02   3.9025920e+00   8.7253670e+00   2.6910184e+00
   2.0050000e+03   1.2000000e+01   3.0000000e+01   1.3000000e+01   1.9000000e+01   4.9000000e+01  -5.3934628e+01  -3.8837566e+01   5.0190183e+02   6.7597192e+00   1.5681052e+01   6.9070766e+00
   2.0050000e+03   1.2000000e+01   3.0000000e+01   1.3000000e+01   2.1000000e+01   3.5000000e+01  -5.3939026e+01  -3.8836229e+01   4.9653319e+02   1.1083657e+01   2.8091205e+01   2.5210237e+01
   2.0050000e+03   1.2000000e+01   3.0000000e+01   1.3000000e+01   2.3000000e+01   1.8000000e+01  -5.3943466e+01  -3.8835026e+01   4.9958947e+02   3.1211067e+01   7.9103542e+01   7.5227956e+01
   2.0050000e+03   1.2000000e+01   3.0000000e+01   1.3000000e+01   2.4000000e+01   5.7000099e+01  -5.3947909e+01  -3.8833804e+01   5.0012314e+02   6.1949754e+01   1.5700985e+02   1.5238195e+02
   2.0050000e+03   1.2000000e+01   3.0000000e+01   1.3000000e+01   2.6000000e+01   3.6000000e+01  -5.3952370e+01  -3.8832548e+01   5.0249513e+02   2.2724440e+01   5.7594431e+01   5.3720347e+01
   2.0050000e+03   1.2000000e+01   3.0000000e+01   1.3000000e+01   2.8000000e+01   1.5000000e+01  -5.3956847e+01  -3.8831370e+01   5.0343119e+02   3.1790345e+00   7.2031815e+00   7.0230269e+00
   2.0050000e+03   1.2000000e+01   3.0000000e+01   1.3000000e+01   2.9000000e+01   5.4000000e+01  -5.3961269e+01  -3.8830180e+01   4.9743973e+02   4.2693525e-01   3.9095625e-01   0.0000000e+00
   2.0050000e+03   1.2000000e+01   3.0000000e+01   1.3000000e+01   3.1000000e+01   3.5000000e+01  -5.3965676e+01  -3.8828760e+01   4.9845045e+02   1.9253718e-01   4.8797987e-01   0.0000000e+00
   2.0050000e+03   1.2000000e+01   3.0000000e+01   1.3000000e+01   3.3000000e+01   1.5000000e+01  -5.3970094e+01  -3.8827443e+01   4.9842619e+02   4.0769530e+02   1.0342922e+03   1.0329618e+03
   2.0050000e+03   1.2000000e+01   3.0000000e+01   1.3000000e+01   3.4000000e+01   5.4000000e+01  -5.3974471e+01  -3.8826000e+01   4.9535352e+02   4.0162304e+02   1.0179311e+03   9.9978161e+02
   2.0050000e+03   1.2000000e+01   3.0000000e+01   1.3000000e+01   3.6000000e+01   3.4000000e+01  -5.3978953e+01  -3.8824645e+01   5.0586620e+02   1.2310769e+01   3.1201287e+01   2.9849235e+01
   2.0050000e+03   1.2000000e+01   3.0000000e+01   1.3000000e+01   3.8000000e+01   1.3000000e+01  -5.3983379e+01  -3.8823189e+01   5.0096208e+02   4.6015816e+00   1.2138353e+01   2.1083682e+00
   2.0050000e+03   1.2000000e+01   3.0000000e+01   1.3000000e+01   3.9000000e+01   5.1000000e+01  -5.3987769e+01  -3.8821766e+01   4.9659512e+02   3.7870838e+00   9.7912506e+00   5.2145232e-01
   2.0050000e+03   1.2000000e+01   3.0000000e+01   1.3000000e+01   4.1000000e+01   3.0000000e+01  -5.3992209e+01  -3.8820375e+01   5.0162734e+02   7.7222787e-01   1.9571891e+00   0.0000000e+00
