   2.0050000e+03   1.2000000e+01   3.1000000e+01   9.0000000e+00   0.0000000e+00   2.3000000e+01  -5.3914138e+01  -3.8223888e+01   4.9985608e+02   2.6255256e+01   6.6543183e+01   6.4930744e+01
   2.0050000e+03   1.2000000e+01   3.1000000e+01   9.0000000e+00   1.0000000e+00   5.9000000e+01  -5.3909669e+01  -3.8225327e+01   5.0552703e+02   2.1334885e+00   5.0580451e+00   1.9509453e+00
   2.0050000e+03   1.2000000e+01   3.1000000e+01   9.0000000e+00   3.0000000e+00   3.6000000e+01  -5.3905338e+01  -3.8226830e+01   4.9113184e+02   1.7493641e+00   3.7791537e+00   1.5679284e+00
   2.0050000e+03   1.2000000e+01   3.1000000e+01   9.0000000e+00   5.0000000e+00   1.4000000e+01  -5.3900902e+01  -3.8228325e+01   5.0259282e+02   5.3599756e-01   1.3356191e+00   7.0870916e-01
   2.0050000e+03   1.2000000e+01   3.1000000e+01   9.0000000e+00   6.0000000e+00   5.2000000e+01  -5.3896442e+01  -3.8229868e+01   5.0580325e+02   3.0965385e-01   8.5604017e-01   3.7422653e-01
   2.0050000e+03   1.2000000e+01   3.1000000e+01   9.0000000e+00   8.0000000e+00   3.0000000e+01  -5.3892105e+01  -3.8231348e+01   4.9150404e+02   3.1464626e-01   7.4592997e-01   0.0000000e+00
   2.0050000e+03   1.2000000e+01   3.1000000e+01   9.0000000e+00   1.0000000e+01   9.0000000e+00  -5.3887674e+01  -3.8232930e+01   5.0319972e+02   3.6035135e+02   3.7254939e+02   3.7254939e+02
   2.0050000e+03   1.2000000e+01   3.1000000e+01   9.0000000e+00   1.1000000e+01   4.9000000e+01  -5.3883254e+01  -3.8234492e+01   5.0172800e+02   4.1756204e-02   1.7701653e-01   6.9012327e-02
   2.0050000e+03   1.2000000e+01   3.1000000e+01   9.0000000e+00   1.3000000e+01   2.8000000e+01  -5.3878833e+01  -3.8236025e+01   5.0141789e+02   3.3075200e-01   7.4628167e-01   5.9918414e-01
   2.0050000e+03   1.2000000e+01   3.1000000e+01   9.0000000e+00   1.5000000e+01   5.0000000e+00  -5.3874457e+01  -3.8237473e+01   4.9543398e+02   7.7112337e-01   1.9649985e+00   1.2723354e-01
   2.0050000e+03   1.2000000e+01   3.1000000e+01   9.0000000e+00   1.6000000e+01   4.2000000e+01  -5.3870001e+01  -3.8238882e+01   5.0361203e+02   9.6055395e-02   2.6911764e-01   1.3432911e-01
   2.0050000e+03   1.2000000e+01   3.1000000e+01   9.0000000e+00   1.8000000e+01   2.0000000e+01  -5.3865592e+01  -3.8240263e+01   4.9823458e+02   2.0407060e-01   5.8586534e-01   1.1376592e-01
   2.0050000e+03   1.2000000e+01   3.1000000e+01   9.0000000e+00   1.9000000e+01   5.9000000e+01  -5.3861208e+01  -3.8241672e+01   4.9579189e+02   2.7796815e-01   7.1354321e-01   0.0000000e+00
   2.0050000e+03   1.2000000e+01   3.1000000e+01   9.0000000e+00   2.1000000e+01   3.8000000e+01  -5.3856743e+01  -3.8243123e+01   5.0521016e+02   1.3474817e-01   3.4151532e-01   0.0000000e+00
   2.0050000e+03   1.2000000e+01   3.1000000e+01   9.0000000e+00   2.3000000e+01   1.7000000e+01  -5.3852298e+01  -3.8244524e+01   5.0238365e+02   2.0887729e+01   5.3082268e+01   1.4292662e-01
   2.0050000e+03   1.2000000e+01   3.1000000e+01   9.0000000e+00   2.4000000e+01   5.6000000e+01  -5.3847909e+01  -3.8245916e+01   4.9616451e+02   7.4195762e-02   2.5398208e-01   6.3613207e-02
   2.0050000e+03   1.2000000e+01   3.1000000e+01   9.0000000e+00   2.6000000e+01   3.4000000e+01  -5.3843472e+01  -3.8247333e+01   5.0178759e+02   1.1344377e-01   3.1757517e-01   1.0908067e-01
   2.0050000e+03   1.2000000e+01   3.1000000e+01   9.0000000e+00   2.8000000e+01   1.1000000e+01  -5.3839038e+01  -3.8248767e+01   5.0153453e+02   1.6029328e-02   4.0625865e-02   0.0000000e+00
   2.0050000e+03   1.2000000e+01   3.1000000e+01   9.0000000e+00   2.9000000e+01   4.8000000e+01  -5.3834717e+01  -3.8250155e+01   4.8874570e+02   1.8270053e+00   4.6304918e+00   0.0000000e+00
   2.0050000e+03   1.2000000e+01   3.1000000e+01   9.0000000e+00   3.1000000e+01   2.7000000e+01  -5.3830242e+01  -3.8251567e+01   5.0577043e+02   4.5208513e+01   5.8185058e+01   5.3436200e-02
   2.0050000e+03   1.2000000e+01   3.1000000e+01   9.0000000e+00   3.3000000e+01   7.0000000e+00  -5.3825791e+01  -3.8252998e+01   5.0339780e+02   2.3408943e+00   6.0691847e+00   2.1688115e-01
   2.0050000e+03   1.2000000e+01   3.1000000e+01   9.0000000e+00   3.4000000e+01   4.6000000e+01  -5.3821368e+01  -3.8254432e+01   5.0042966e+02   3.2470371e-01   8.2295211e-01   5.1707182e-01
   2.0050000e+03   1.2000000e+01   3.1000000e+01   9.0000000e+00   3.6000000e+01   2.3000000e+01  -5.3816977e+01  -3.8255854e+01   4.9679609e+02   2.6367844e-01   6.6828534e-01   6.0469142e-01
   2.0050000e+03   1.2000000e+01   3.1000000e+01   9.0000000e+00   3.8000000e+01   0.0000000e+00  -5.3812572e+01  -3.8257278e+01   4.9831192e+02   6.0539111e-01   8.1119603e-01   6.8483985e-01
   2.0050000e+03   1.2000000e+01   3.1000000e+01   9.0000000e+00   3.9000000e+01   3.8000000e+01  -5.3808149e+01  -3.8258695e+01   5.0016973e+02   1.0003167e+03   2.5351887e+03   2.2332450e+03
   2.0050000e+03   1.2000000e+01   3.1000000e+01   9.0000000e+00   4.1000000e+01   1.6000000e+01  -5.3803720e+01  -3.8260217e+01   5.0215062e+02   1.7923437e-01   3.8374164e-01   1.3348235e-01
   2.0050000e+03   1.2000000e+01   3.1000000e+01   9.0000000e+00   4.2000000e+01   5.4000000e+01  -5.3799324e+01  -3.8261767e+01   4.9904426e+02   1.6194408e-01   4.6074491e-01   8.9519762e-02
   2.0050000e+03   1.2000000e+01   3.1000000e+01   9.0000000e+00   4.4000000e+01   3.2000000e+01  -5.3794932e+01  -3.8263312e+01   4.9842044e+02   1.9799655e+00   4.9595477e+00   9.2691326e-02
   2.0050000e+03   1.2000000e+01   3.1000000e+01   9.0000000e+00   4.6000000e+01   1.1000000e+01  -5.3790502e+01  -3.8264820e+01   5.0210777e+02   1.4456149e+00   3.6714400e+00   3.6390721e+00
   2.0050000e+03   1.2000000e+01   3.1000000e+01   9.0000000e+00   4.7000000e+01   5.0000000e+01  -5.3786061e+01  -3.8266284e+01   5.0274814e+02   5.2133053e+00   1.3212971e+01   1.3194862e+01
   2.0050000e+03   1.2000000e+01   3.1000000e+01   9.0000000e+00   4.9000000e+01   2.8000000e+01  -5.3781629e+01  -3.8267694e+01   5.0107384e+02   2.1873549e+00   5.8294994e+00   3.1146595e-01
   2.0050000e+03   1.2000000e+01   3.1000000e+01   9.0000000e+00   5.1000000e+01   6.0000000e+00  -5.3777219e+01  -3.8269120e+01   4.9896960e+02   7.5984392e+00   1.9282277e+01   1.9230953e+01
   2.0050000e+03   1.2000000e+01   3.1000000e+01   9.0000000e+00   5.2000000e+01   4.4000000e+01  -5.3772794e+01  -3.8270548e+01   5.0055879e+02   2.8026980e+01   7.1033566e+01   1.8470286e+01
   2.0050000e+03   1.2000000e+01   3.1000000e+01   9.0000000e+00   5.4000000e+01   2.2000000e+01  -5.3768385e+01  -3.8271895e+01   4.9788520e+02   1.0207741e+01   2.5774702e+01   2.5734086e+01
   2.0050000e+03   1.2000000e+01   3.1000000e+01   9.0000000e+00   5.6000000e+01   0.0000000e+00  -5.3763996e+01  -3.8273253e+01   4.9577867e+02   1.2295550e+02   2.0034028e+02   1.8916557e+02
   2.0050000e+03   1.2000000e+01   3.1000000e+01   9.0000000e+00   5.7000000e+01   3.8000000e+01  -5.3759590e+01  -3.8274650e+01   4.9807299e+02   1.6493010e-01   7.8998646e-01   6.2097722e-01
   2.0050000e+03   1.2000000e+01   3.1000000e+01   9.0000000e+00   5.9000000e+01   1.6000000e+01  -5.3755146e+01  -3.8276068e+01   5.0256753e+02   2.3611817e-02   1.0513823e-01   1.0513823e-01
   2.0050000e+03   1.2000000e+01   3.1000000e+01   1.0000000e+01   0.0000000e+00   5.4000000e+01  -5.3750696e+01  -3.8277464e+01   5.0290589e+02   5.7113205e-02   1.4475176e-01   1.4475176e-01
   2.0050000e+03   1.2000000e+01   3.1000000e+01   1.0000000e+01   2.0000000e+00   3.1000000e+01  -5.3746281e+01  -3.8278913e+01   4.9969146e+02   4.8537690e-02   1.2301736e-01   1.2301736e-01
   2.0050000e+03   1.2000000e+01   3.1000000e+01   1.0000000e+01   4.0000000e+00   8.0000000e+00  -5.3741914e+01  -3.8280401e+01   4.9501514e+02   1.5372945e-01   4.2616665e-01   4.2616665e-01
   2.0050000e+03   1.2000000e+01   3.1000000e+01   1.0000000e+01   5.0000000e+00   4.6000000e+01  -5.3737461e+01  -3.8281948e+01   5.0517742e+02   4.8119904e-02   1.2195850e-01   9.9264588e-02
   2.0050000e+03   1.2000000e+01   3.1000000e+01   1.0000000e+01   7.0000000e+00   2.3000099e+01  -5.3733060e+01  -3.8283480e+01   4.9936844e+02   8.1942653e-02   2.1088302e-01   1.5189679e-01
   2.0050000e+03   1.2000000e+01   3.1000000e+01   1.0000000e+01   9.0000000e+00   0.0000000e+00  -5.3728650e+01  -3.8285002e+01   5.0009401e+02   1.5873130e-01   1.3589938e-01   1.0972748e-01
   2.0050000e+03   1.2000000e+01   3.1000000e+01   1.0000000e+01   1.0000000e+01   3.7000000e+01  -5.3724202e+01  -3.8286476e+01   5.0370249e+02   1.0313806e-01   1.7398833e-01   1.2591771e-01
   2.0050000e+03   1.2000000e+01   3.1000000e+01   1.0000000e+01   1.2000000e+01   1.3000000e+01  -5.3719798e+01  -3.8287940e+01   4.9877921e+02   1.1227890e-01   4.2162770e-01   2.6244923e-01
   2.0050000e+03   1.2000000e+01   3.1000000e+01   1.0000000e+01   1.3000000e+01   4.9000000e+01  -5.3715395e+01  -3.8289352e+01   4.9797473e+02   8.9604697e-02   2.2710050e-01   1.1618630e-01
   2.0050000e+03   1.2000000e+01   3.1000000e+01   1.0000000e+01   1.5000000e+01   2.5000099e+01  -5.3711012e+01  -3.8290727e+01   4.9533711e+02   1.4236010e-01   2.8490714e-01   2.8490714e-01
   2.0050000e+03   1.2000000e+01   3.1000000e+01   1.0000000e+01   1.7000000e+01   3.0000000e+00  -5.3706550e+01  -3.8292132e+01   5.0436640e+02   1.4864940e+03   3.7673590e+03   3.7505908e+03
   2.0050000e+03   1.2000000e+01   3.1000000e+01   1.0000000e+01   1.8000000e+01   3.9000000e+01  -5.3702175e+01  -3.8293508e+01   4.9447979e+02   3.4470597e-01   8.7364725e-01   7.9345061e-01
   2.0050000e+03   1.2000000e+01   3.1000000e+01   1.0000000e+01   2.0000000e+01   1.6000000e+01  -5.3697725e+01  -3.8294900e+01   5.0290288e+02   5.6082519e-01   1.2511636e+00   1.2511636e+00
   2.0050000e+03   1.2000000e+01   3.1000000e+01   1.0000000e+01   2.1000000e+01   5.3000000e+01  -5.3693322e+01  -3.8296269e+01   4.9751371e+02   2.3713601e-01   6.0101431e-01   2.4211492e-01
   2.0050000e+03   1.2000000e+01   3.1000000e+01   1.0000000e+01   2.3000000e+01   3.0000000e+01  -5.3688872e+01  -3.8297633e+01   5.0256435e+02   6.4561675e-01   1.5887704e+00   1.2864154e+00
   2.0050000e+03   1.2000000e+01   3.1000000e+01   1.0000000e+01   2.5000000e+01   8.0000992e+00  -5.3684439e+01  -3.8299011e+01   5.0088858e+02   9.1503586e-02   6.6829372e-01   6.0121846e-01
   2.0050000e+03   1.2000000e+01   3.1000000e+01   1.0000000e+01   2.6000000e+01   4.6000000e+01  -5.3680019e+01  -3.8300333e+01   4.9868818e+02   3.5521527e-01   2.4581344e+00   2.1339709e+00
   2.0050000e+03   1.2000000e+01   3.1000000e+01   1.0000000e+01   2.8000000e+01   2.3000099e+01  -5.3675608e+01  -3.8301708e+01   4.9851556e+02   9.5893259e-01   2.0010724e+00   1.6156335e+00
   2.0050000e+03   1.2000000e+01   3.1000000e+01   1.0000000e+01   3.0000000e+01   0.0000000e+00  -5.3671215e+01  -3.8303148e+01   4.9719070e+02   5.4900082e+02   1.3913846e+03   1.3910132e+03
   2.0050000e+03   1.2000000e+01   3.1000000e+01   1.0000000e+01   3.1000000e+01   3.8000000e+01  -5.3666763e+01  -3.8304623e+01   5.0421681e+02   1.4341118e+02   3.6348481e+02   3.2127381e+02
   2.0050000e+03   1.2000000e+01   3.1000000e+01   1.0000000e+01   3.3000000e+01   1.5000000e+01  -5.3662361e+01  -3.8306157e+01   4.9943992e+02   5.9089746e-01   1.1430265e+00   1.0150451e+00
   2.0050000e+03   1.2000000e+01   3.1000000e+01   1.0000000e+01   3.4000000e+01   5.2000000e+01  -5.3657939e+01  -3.8307687e+01   5.0156059e+02   6.2077407e-01   1.4959977e+00   1.3412698e+00
   2.0050000e+03   1.2000000e+01   3.1000000e+01   1.0000000e+01   3.6000000e+01   2.9000000e+01  -5.3653543e+01  -3.8309202e+01   4.9859439e+02   4.3940292e+01   2.2726624e+01   2.1709746e+01
   2.0050000e+03   1.2000000e+01   3.1000000e+01   1.0000000e+01   3.8000000e+01   5.9999008e+00  -5.3649121e+01  -3.8310715e+01   5.0140890e+02   3.8698200e-01   1.1100235e+00   3.5842069e-01
   2.0050000e+03   1.2000000e+01   3.1000000e+01   1.0000000e+01   3.9000000e+01   4.3000000e+01  -5.3644741e+01  -3.8312267e+01   4.9731753e+02   1.5368819e+02   3.8949671e+02   3.8820392e+02
   2.0050000e+03   1.2000000e+01   3.1000000e+01   1.0000000e+01   4.1000000e+01   2.1000000e+01  -5.3640351e+01  -3.8313858e+01   4.9895864e+02   5.5094968e-01   2.1500622e+00   9.0431912e-02
   2.0050000e+03   1.2000000e+01   3.1000000e+01   1.0000000e+01   4.3000000e+01   9.9182129e-05  -5.3635921e+01  -3.8315347e+01   5.0192021e+02   5.0356941e-01   9.4841249e-01   4.1238297e-01
   2.0050000e+03   1.2000000e+01   3.1000000e+01   1.0000000e+01   4.4000000e+01   3.8000000e+01  -5.3631538e+01  -3.8316877e+01   4.9739538e+02   3.7278607e-01   8.6910956e-01   3.2305100e-01
   2.0050000e+03   1.2000000e+01   3.1000000e+01   1.0000000e+01   4.6000000e+01   1.7000000e+01  -5.3627096e+01  -3.8318274e+01   5.0206486e+02   1.5437217e-01   4.4211418e-01   6.9589547e-02
   2.0050000e+03   1.2000000e+01   3.1000000e+01   1.0000000e+01   4.7000000e+01   5.6000099e+01  -5.3622644e+01  -3.8319676e+01   5.0327508e+02   5.7000601e+00   1.4736501e+01   1.4661333e+01
   2.0050000e+03   1.2000000e+01   3.1000000e+01   1.0000000e+01   4.9000000e+01   3.4000000e+01  -5.3618251e+01  -3.8321051e+01   4.9645629e+02   1.2853443e+00   3.2576678e+00   3.1600297e+00
   2.0050000e+03   1.2000000e+01   3.1000000e+01   1.0000000e+01   5.1000000e+01   1.1999901e+01  -5.3613840e+01  -3.8322484e+01   4.9923208e+02   1.7276349e-01   4.5850101e-01   6.0439547e-02
   2.0050000e+03   1.2000000e+01   3.1000000e+01   1.0000000e+01   5.2000000e+01   5.0000000e+01  -5.3609422e+01  -3.8323859e+01   4.9918379e+02   1.1514964e+00   2.9184341e+00   2.7852880e-01
   2.0050000e+03   1.2000000e+01   3.1000000e+01   1.0000000e+01   5.4000000e+01   2.8000000e+01  -5.3605025e+01  -3.8325206e+01   4.9664042e+02   4.4441277e-01   1.0714512e+00   7.7094869e-01
   2.0050000e+03   1.2000000e+01   3.1000000e+01   1.0000000e+01   5.6000000e+01   7.0000992e+00  -5.3600552e+01  -3.8326526e+01   5.0451485e+02   3.3204539e-01   5.4262584e-01   1.3964146e-01
   2.0050000e+03   1.2000000e+01   3.1000000e+01   1.0000000e+01   5.7000000e+01   4.6000000e+01  -5.3596120e+01  -3.8327866e+01   5.0042161e+02   2.7865388e-01   8.6733011e-01   6.4378683e-01
   2.0050000e+03   1.2000000e+01   3.1000000e+01   1.0000000e+01   5.9000000e+01   2.4000000e+01  -5.3591715e+01  -3.8329198e+01   4.9732240e+02   1.4875638e-01   3.7701873e-01   1.0731590e-01
   2.0050000e+03   1.2000000e+01   3.1000000e+01   1.1000000e+01   1.0000000e+00   3.0000992e+00  -5.3587270e+01  -3.8330590e+01   5.0230053e+02   8.7912534e-01   8.2772371e-01   4.6565317e-02
   2.0050000e+03   1.2000000e+01   3.1000000e+01   1.1000000e+01   2.0000000e+00   4.2000000e+01  -5.3582843e+01  -3.8332001e+01   5.0073153e+02   7.0104856e-01   1.7333251e+00   2.0559330e-01
   2.0050000e+03   1.2000000e+01   3.1000000e+01   1.1000000e+01   4.0000000e+00   2.0000000e+01  -5.3578439e+01  -3.8333377e+01   4.9764245e+02   3.5830913e-01   1.0686595e+00   3.6283095e-01
   2.0050000e+03   1.2000000e+01   3.1000000e+01   1.1000000e+01   5.0000000e+00   5.9000099e+01  -5.3574029e+01  -3.8334778e+01   4.9877079e+02   1.0339824e+00   2.6205984e+00   2.0794347e+00
   2.0050000e+03   1.2000000e+01   3.1000000e+01   1.1000000e+01   7.0000000e+00   2.8000000e+01  -5.3570040e+01  -3.8336082e+01   4.5153266e+02   1.8361177e+00   4.0229784e+00   1.3920542e+00
   2.0050000e+03   1.2000000e+01   3.1000000e+01   1.1000000e+01   9.0000000e+00   1.6000000e+01  -5.3565245e+01  -3.8337668e+01   5.4298119e+02   3.7380175e-01   9.4738968e-01   4.8906053e-02
   2.0050000e+03   1.2000000e+01   3.1000000e+01   1.1000000e+01   1.1000000e+01   0.0000000e+00  -5.3560635e+01  -3.8339154e+01   5.2149633e+02   6.9554442e-01   1.7628371e+00   6.5088366e-01
   2.0050000e+03   1.2000000e+01   3.1000000e+01   1.1000000e+01   1.2000000e+01   3.5000000e+01  -5.3556361e+01  -3.8340531e+01   4.8357230e+02   6.9638346e-01   1.7649636e+00   1.0784533e-01
   2.0050000e+03   1.2000000e+01   3.1000000e+01   1.1000000e+01   1.4000000e+01   1.4000000e+01  -5.3551913e+01  -3.8341963e+01   5.0324080e+02   9.8984523e-01   2.5703841e+00   1.1417278e+00
   2.0050000e+03   1.2000000e+01   3.1000000e+01   1.1000000e+01   1.5000000e+01   5.2000000e+01  -5.3547506e+01  -3.8343405e+01   4.9893079e+02   3.4754231e-01   1.0446686e+00   1.6920206e-01
   2.0050000e+03   1.2000000e+01   3.1000000e+01   1.1000000e+01   1.7000000e+01   3.0000000e+01  -5.3543123e+01  -3.8344858e+01   4.9636505e+02   9.2159092e-01   2.3357454e+00   6.8858905e-02
   2.0050000e+03   1.2000000e+01   3.1000000e+01   1.1000000e+01   1.9000000e+01   9.0000000e+00  -5.3538697e+01  -3.8346306e+01   5.0105279e+02   7.1219496e-01   1.8050374e+00   3.1473769e-02
   2.0050000e+03   1.2000000e+01   3.1000000e+01   1.1000000e+01   2.0000000e+01   4.9000000e+01  -5.3534268e+01  -3.8347765e+01   5.0140061e+02   3.7123070e-01   8.9789760e-01   4.5843478e-02
   2.0050000e+03   1.2000000e+01   3.1000000e+01   1.1000000e+01   2.2000000e+01   2.8000099e+01  -5.3529868e+01  -3.8349147e+01   4.9746577e+02   2.5631923e-01   6.9187547e-01   1.4762276e-01
   2.0050000e+03   1.2000000e+01   3.1000000e+01   1.1000000e+01   2.4000000e+01   7.0000000e+00  -5.3525418e+01  -3.8350524e+01   5.0274260e+02   5.1346678e+01   1.3001042e+02   5.5225217e+01
   2.0050000e+03   1.2000000e+01   3.1000000e+01   1.1000000e+01   2.5000000e+01   4.6000000e+01  -5.3521019e+01  -3.8351979e+01   4.9820727e+02   8.0941261e+00   2.1638086e+01   7.7423322e+00
   2.0050000e+03   1.2000000e+01   3.1000000e+01   1.1000000e+01   2.7000000e+01   2.4999901e+01  -5.3516651e+01  -3.8353392e+01   4.9428442e+02   1.0381534e+00   2.4778286e+00   2.4511671e-01
   2.0050000e+03   1.2000000e+01   3.1000000e+01   1.1000000e+01   2.9000000e+01   5.0000992e+00  -5.3512223e+01  -3.8354831e+01   5.0108081e+02   1.2305779e+00   2.4913302e+00   6.3080044e-01
   2.0050000e+03   1.2000000e+01   3.1000000e+01   1.1000000e+01   3.0000000e+01   4.6000000e+01  -5.3507774e+01  -3.8356255e+01   5.0328020e+02   1.2082957e+00   2.1905765e+00   0.0000000e+00
   2.0050000e+03   1.2000000e+01   3.1000000e+01   1.1000000e+01   3.2000000e+01   2.7000099e+01  -5.3503334e+01  -3.8357632e+01   5.0168456e+02   8.1308201e-01   2.1993937e+00   0.0000000e+00
   2.0050000e+03   1.2000000e+01   3.1000000e+01   1.1000000e+01   3.4000000e+01   8.0000000e+00  -5.3498969e+01  -3.8359081e+01   4.9440658e+02   1.1694782e+00   3.0126404e+00   0.0000000e+00
   2.0050000e+03   1.2000000e+01   3.1000000e+01   1.1000000e+01   3.5000000e+01   5.0000000e+01  -5.3494520e+01  -3.8360514e+01   5.0337233e+02   2.1599632e+00   4.7866660e+00   9.6887801e-01
   2.0050000e+03   1.2000000e+01   3.1000000e+01   1.1000000e+01   3.7000000e+01   3.1000000e+01  -5.3490089e+01  -3.8361957e+01   5.0149710e+02   2.0792929e+00   4.6705166e+00   1.1486008e+00
   2.0050000e+03   1.2000000e+01   3.1000000e+01   1.1000000e+01   3.9000000e+01   1.1000000e+01  -5.3485676e+01  -3.8363301e+01   4.9840071e+02   1.2450289e+00   2.8391496e+00   1.2769158e+00
   2.0050000e+03   1.2000000e+01   3.1000000e+01   1.1000000e+01   4.0000000e+01   5.3000000e+01  -5.3481257e+01  -3.8364710e+01   4.9972626e+02   1.2991087e+00   1.3453937e+00   3.6676166e-01
   2.0050000e+03   1.2000000e+01   3.1000000e+01   1.1000000e+01   4.2000000e+01   3.6000000e+01  -5.3476869e+01  -3.8366167e+01   4.9707340e+02   1.5298505e+00   1.8742233e+00   0.0000000e+00
   2.0050000e+03   1.2000000e+01   3.1000000e+01   1.1000000e+01   4.4000000e+01   1.9000000e+01  -5.3472422e+01  -3.8367451e+01   5.0137570e+02   1.8798991e+00   4.2778727e+00   2.6815896e-01
   2.0050000e+03   1.2000000e+01   3.1000000e+01   1.1000000e+01   4.6000000e+01   1.0000992e+00  -5.3467992e+01  -3.8368797e+01   5.0026236e+02   2.8153264e+00   6.2479949e+00   0.0000000e+00
   2.0050000e+03   1.2000000e+01   3.1000000e+01   1.1000000e+01   4.7000000e+01   4.2000000e+01  -5.3463562e+01  -3.8370110e+01   4.9981365e+02   1.0163121e+00   2.0056156e+00   7.5904841e-01
   2.0050000e+03   1.2000000e+01   3.1000000e+01   1.1000000e+01   4.9000000e+01   2.4000000e+01  -5.3459172e+01  -3.8371569e+01   4.9730153e+02   9.4346577e-01   1.5317296e+00   0.0000000e+00
   2.0050000e+03   1.2000000e+01   3.1000000e+01   1.1000000e+01   5.1000000e+01   7.0000000e+00  -5.3454727e+01  -3.8373037e+01   5.0339913e+02   1.1649016e+00   3.0823938e+00   2.4154189e-01
   2.0050000e+03   1.2000000e+01   3.1000000e+01   1.1000000e+01   5.2000000e+01   4.9999901e+01  -5.3450333e+01  -3.8374463e+01   4.9735369e+02   2.7091810e+00   4.8440903e+00   0.0000000e+00
   2.0050000e+03   1.2000000e+01   3.1000000e+01   1.1000000e+01   5.4000000e+01   3.3000000e+01  -5.3445924e+01  -3.8375909e+01   4.9913503e+02   1.8023383e+00   4.4606488e+00   0.0000000e+00
   2.0050000e+03   1.2000000e+01   3.1000000e+01   1.1000000e+01   5.6000000e+01   1.7000000e+01  -5.3441469e+01  -3.8377339e+01   5.0397376e+02   5.1708371e+00   6.7765097e+00   0.0000000e+00
   2.0050000e+03   1.2000000e+01   3.1000000e+01   1.1000000e+01   5.8000000e+01   1.0000000e+00  -5.3437072e+01  -3.8378787e+01   4.9788290e+02   4.1534286e+00   4.9322695e+00   0.0000000e+00
   2.0050000e+03   1.2000000e+01   3.1000000e+01   1.1000000e+01   5.9000000e+01   4.4000000e+01  -5.3432598e+01  -3.8380177e+01   5.0567299e+02   4.0539281e+00   5.2373706e+00   0.0000000e+00
   2.0050000e+03   1.2000000e+01   3.1000000e+01   1.2000000e+01   1.0000000e+00   2.6000000e+01  -5.3428212e+01  -3.8381534e+01   4.9550360e+02   2.5369393e+00   6.5293306e+00   4.9392058e-01
   2.0050000e+03   1.2000000e+01   3.1000000e+01   1.2000000e+01   3.0000000e+00   9.0000992e+00  -5.3423825e+01  -3.8382993e+01   4.9706051e+02   6.4180703e+00   4.3984173e+00   2.1757943e+00
   2.0050000e+03   1.2000000e+01   3.1000000e+01   1.2000000e+01   4.0000000e+00   5.2000000e+01  -5.3419384e+01  -3.8384402e+01   5.0213930e+02   3.3656365e+00   8.6936153e+00   3.7904382e-01
   2.0050000e+03   1.2000000e+01   3.1000000e+01   1.2000000e+01   6.0000000e+00   3.4000000e+01  -5.3414948e+01  -3.8385817e+01   5.0179722e+02   8.2906898e+00   1.3726482e+01   3.5574523e+00
   2.0050000e+03   1.2000000e+01   3.1000000e+01   1.2000000e+01   8.0000000e+00   1.6000000e+01  -5.3410495e+01  -3.8387200e+01   5.0322199e+02   1.1848804e+00   2.8903486e+00   0.0000000e+00
   2.0050000e+03   1.2000000e+01   3.1000000e+01   1.2000000e+01   9.0000000e+00   5.8000000e+01  -5.3406143e+01  -3.8388595e+01   4.9233139e+02   2.7670688e+00   3.4396458e+00   5.9623810e-01
   2.0050000e+03   1.2000000e+01   3.1000000e+01   1.2000000e+01   1.1000000e+01   4.1000000e+01  -5.3401712e+01  -3.8389998e+01   5.0113015e+02   4.7348844e+00   1.2870789e+01   6.1381333e-01
   2.0050000e+03   1.2000000e+01   3.1000000e+01   1.2000000e+01   1.3000000e+01   2.4000000e+01  -5.3397273e+01  -3.8391432e+01   5.0226489e+02   4.7945227e+00   5.7624023e+00   0.0000000e+00
   2.0050000e+03   1.2000000e+01   3.1000000e+01   1.2000000e+01   1.5000000e+01   7.0000000e+00  -5.3392862e+01  -3.8392809e+01   4.9863928e+02   1.0739501e+00   2.6017745e+00   6.5502354e-01
   2.0050000e+03   1.2000000e+01   3.1000000e+01   1.2000000e+01   1.6000000e+01   5.0000000e+01  -5.3388460e+01  -3.8394196e+01   4.9765100e+02   5.4089488e-01   1.7123415e+00   0.0000000e+00
   2.0050000e+03   1.2000000e+01   3.1000000e+01   1.2000000e+01   1.8000000e+01   3.3000000e+01  -5.3384010e+01  -3.8395554e+01   5.0257936e+02   4.9347560e+00   1.2585471e+01   2.6048253e+00
   2.0050000e+03   1.2000000e+01   3.1000000e+01   1.2000000e+01   2.0000000e+01   1.5999901e+01  -5.3379619e+01  -3.8396931e+01   4.9646284e+02   4.4948871e-01   7.7895263e-01   8.3638578e-02
   2.0050000e+03   1.2000000e+01   3.1000000e+01   1.2000000e+01   2.1000000e+01   5.9000000e+01  -5.3375203e+01  -3.8398271e+01   4.9860555e+02   3.6568322e-01   8.1489828e-01   0.0000000e+00
   2.0050000e+03   1.2000000e+01   3.1000000e+01   1.2000000e+01   2.3000000e+01   4.3000000e+01  -5.3370749e+01  -3.8399655e+01   5.0344652e+02   3.2566134e-01   9.5200324e-01   4.3875649e-01
   2.0050000e+03   1.2000000e+01   3.1000000e+01   1.2000000e+01   2.5000000e+01   2.7000000e+01  -5.3366335e+01  -3.8401109e+01   4.9979017e+02   4.4540298e-01   1.1288609e+00   3.4443495e-01
   2.0050000e+03   1.2000000e+01   3.1000000e+01   1.2000000e+01   2.7000000e+01   1.1000099e+01  -5.3361939e+01  -3.8402572e+01   4.9809989e+02   4.6216280e+00   2.9526003e+00   4.2728085e-02
   2.0050000e+03   1.2000000e+01   3.1000000e+01   1.2000000e+01   2.8000000e+01   5.5000000e+01  -5.3357506e+01  -3.8404004e+01   5.0165915e+02   2.0703975e-01   5.4757476e-01   0.0000000e+00
   2.0050000e+03   1.2000000e+01   3.1000000e+01   1.2000000e+01   3.0000000e+01   3.9000000e+01  -5.3353086e+01  -3.8405646e+01   5.0309289e+02   4.9200867e+02   1.3287944e+03   1.3285699e+03
   2.0050000e+03   1.2000000e+01   3.1000000e+01   1.2000000e+01   3.2000000e+01   2.3000000e+01  -5.3348705e+01  -3.8407285e+01   4.9871460e+02   2.3499994e-01   5.2273294e-01   4.0241471e-02
   2.0050000e+03   1.2000000e+01   3.1000000e+01   1.2000000e+01   3.4000000e+01   6.0000000e+00  -5.3344348e+01  -3.8408828e+01   4.9493220e+02   1.5859468e-01   4.5775821e-01   4.5608734e-02
   2.0050000e+03   1.2000000e+01   3.1000000e+01   1.2000000e+01   3.5000000e+01   4.9000000e+01  -5.3339926e+01  -3.8410250e+01   5.0034037e+02   3.8069687e-01   8.2559843e-01   0.0000000e+00
   2.0050000e+03   1.2000000e+01   3.1000000e+01   1.2000000e+01   3.7000000e+01   3.4000000e+01  -5.3335536e+01  -3.8411672e+01   4.9685350e+02   4.2591262e-01   8.7023256e-01   0.0000000e+00
   2.0050000e+03   1.2000000e+01   3.1000000e+01   1.2000000e+01   3.9000000e+01   1.9000000e+01  -5.3331053e+01  -3.8413015e+01   5.0605684e+02   2.0107490e+01   4.8016889e+01   3.6064459e+01
   2.0050000e+03   1.2000000e+01   3.1000000e+01   1.2000000e+01   4.1000000e+01   2.0000992e+00  -5.3326639e+01  -3.8414360e+01   4.9848853e+02   1.9038257e+00   4.5491835e+00   1.1799761e-01
   2.0050000e+03   1.2000000e+01   3.1000000e+01   1.2000000e+01   4.2000000e+01   4.5000099e+01  -5.3322231e+01  -3.8415752e+01   4.9847522e+02   1.2899564e+03   3.2693569e+03   3.2691050e+03
   2.0050000e+03   1.2000000e+01   3.1000000e+01   1.2000000e+01   4.4000000e+01   2.9000000e+01  -5.3317788e+01  -3.8417181e+01   5.0275397e+02   7.4772077e-01   1.8950766e+00   1.1526271e+00
   2.0050000e+03   1.2000000e+01   3.1000000e+01   1.2000000e+01   4.6000000e+01   1.3000000e+01  -5.3313358e+01  -3.8418545e+01   5.0051653e+02   2.9461887e-01   7.4670295e-01   4.3605442e-02
   2.0050000e+03   1.2000000e+01   3.1000000e+01   1.2000000e+01   4.7000000e+01   5.6000000e+01  -5.3308951e+01  -3.8419948e+01   4.9844215e+02   5.6901782e-01   2.2101601e-01   4.8910664e-02
   2.0050000e+03   1.2000000e+01   3.1000000e+01   1.2000000e+01   4.9000000e+01   4.0000000e+01  -5.3304553e+01  -3.8421359e+01   4.9764844e+02   2.0503137e-01   4.1925050e-01   4.7825391e-02
   2.0050000e+03   1.2000000e+01   3.1000000e+01   1.2000000e+01   5.1000000e+01   2.5000000e+01  -5.3300110e+01  -3.8422741e+01   5.0219578e+02   3.6412885e-01   9.2287398e-01   3.1501855e-02
   2.0050000e+03   1.2000000e+01   3.1000000e+01   1.2000000e+01   5.3000000e+01   9.0000000e+00  -5.3295695e+01  -3.8424100e+01   4.9879416e+02   2.9428812e+02   7.4507393e+02   7.4367818e+02
   2.0050000e+03   1.2000000e+01   3.1000000e+01   1.2000000e+01   5.4000000e+01   5.1000000e+01  -5.3291282e+01  -3.8425577e+01   5.0009793e+02   2.4592786e+00   5.4378967e+00   2.5776482e-01
   2.0050000e+03   1.2000000e+01   3.1000000e+01   1.2000000e+01   5.6000000e+01   3.1000000e+01  -5.3286884e+01  -3.8427012e+01   4.9792132e+02   3.5146823e+00   5.1356416e+00   4.9871482e-01
   2.0050000e+03   1.2000000e+01   3.1000000e+01   1.2000000e+01   5.8000000e+01   1.0000099e+01  -5.3282500e+01  -3.8428491e+01   4.9688964e+02   1.5675113e+00   1.7658305e+00   0.0000000e+00
   2.0050000e+03   1.2000000e+01   3.1000000e+01   1.2000000e+01   5.9000000e+01   4.9000000e+01  -5.3278083e+01  -3.8429959e+01   5.0042294e+02   2.3353291e+00   3.4908163e+00   4.7351291e-02
   2.0050000e+03   1.2000000e+01   3.1000000e+01   1.3000000e+01   1.0000000e+00   2.7000000e+01  -5.3273647e+01  -3.8431464e+01   5.0299730e+02   4.9614958e+01   1.2551948e+02   1.2526825e+02
   2.0050000e+03   1.2000000e+01   3.1000000e+01   1.3000000e+01   3.0000000e+00   5.0000000e+00  -5.3269294e+01  -3.8432921e+01   4.9335232e+02   1.6277573e+00   4.1255035e+00   9.9305333e-01
   2.0050000e+03   1.2000000e+01   3.1000000e+01   1.3000000e+01   4.0000000e+00   4.5000000e+01  -5.3264846e+01  -3.8434439e+01   5.0444770e+02   1.8866635e+03   4.7941799e+03   4.7872652e+03
   2.0050000e+03   1.2000000e+01   3.1000000e+01   1.3000000e+01   6.0000000e+00   2.5000000e+01  -5.3260421e+01  -3.8435876e+01   5.0085395e+02   2.9440615e+00   7.1837522e+00   6.3315882e+00
   2.0050000e+03   1.2000000e+01   3.1000000e+01   1.3000000e+01   8.0000000e+00   5.0000000e+00  -5.3255995e+01  -3.8437346e+01   5.0140255e+02   3.7367214e+00   5.8864299e+00   3.8632710e+00
   2.0050000e+03   1.2000000e+01   3.1000000e+01   1.3000000e+01   9.0000000e+00   4.4000099e+01  -5.3251599e+01  -3.8438818e+01   4.9821142e+02   9.6540925e-01   1.1905685e+00   7.8980160e-02
   2.0050000e+03   1.2000000e+01   3.1000000e+01   1.3000000e+01   1.1000000e+01   2.3000000e+01  -5.3247186e+01  -3.8440269e+01   4.9983939e+02   2.1084322e+00   4.3015999e+00   4.0086875e-01
   2.0050000e+03   1.2000000e+01   3.1000000e+01   1.3000000e+01   1.3000000e+01   2.0000000e+00  -5.3242771e+01  -3.8441700e+01   4.9968622e+02   1.6020430e-01   4.6607026e-01   0.0000000e+00
   2.0050000e+03   1.2000000e+01   3.1000000e+01   1.3000000e+01   1.4000000e+01   4.1000000e+01  -5.3238363e+01  -3.8443109e+01   4.9873770e+02   4.9205352e-01   4.4450480e-01   5.6291698e-02
   2.0050000e+03   1.2000000e+01   3.1000000e+01   1.3000000e+01   1.6000000e+01   2.0000000e+01  -5.3233946e+01  -3.8444476e+01   4.9910926e+02   1.8403000e+00   3.1015595e+00   5.8590935e-02
   2.0050000e+03   1.2000000e+01   3.1000000e+01   1.3000000e+01   1.7000000e+01   5.9000000e+01  -5.3229511e+01  -3.8445903e+01   5.0186493e+02   4.0280095e-01   8.2763568e-01   0.0000000e+00
   2.0050000e+03   1.2000000e+01   3.1000000e+01   1.3000000e+01   1.9000000e+01   3.9000000e+01  -5.3225081e+01  -3.8447326e+01   5.0129021e+02   6.6919235e-01   2.6858192e-01   0.0000000e+00
   2.0050000e+03   1.2000000e+01   3.1000000e+01   1.3000000e+01   2.1000000e+01   1.9000000e+01  -5.3220669e+01  -3.8448797e+01   4.9994143e+02   3.9381536e+00   8.0531514e+00   0.0000000e+00
   2.0050000e+03   1.2000000e+01   3.1000000e+01   1.3000000e+01   2.2000000e+01   5.8000099e+01  -5.3216266e+01  -3.8450264e+01   4.9888256e+02   5.0022071e+00   3.6083830e+00   0.0000000e+00
   2.0050000e+03   1.2000000e+01   3.1000000e+01   1.3000000e+01   2.4000000e+01   3.7000000e+01  -5.3211859e+01  -3.8451648e+01   4.9827303e+02   8.7456377e-01   1.9807859e+00   0.0000000e+00
   2.0050000e+03   1.2000000e+01   3.1000000e+01   1.3000000e+01   2.6000000e+01   1.7000000e+01  -5.3207411e+01  -3.8453012e+01   5.0251597e+02   5.9749453e-01   1.5230323e+00   3.0928324e-01
