   2.0050000e+03   1.2000000e+01   2.9000000e+01   8.0000000e+00   5.7000000e+01   3.1000000e+01  -5.4053653e+01  -3.9391963e+01   4.9585592e+02   4.3955680e-01   8.7267013e-01   0.0000000e+00
   2.0050000e+03   1.2000000e+01   2.9000000e+01   9.0000000e+00   0.0000000e+00   3.0000000e+00  -5.4049272e+01  -3.9393524e+01   4.9733606e+02   3.1727854e+00   8.2350330e+00   0.0000000e+00
   2.0050000e+03   1.2000000e+01   2.9000000e+01   9.0000000e+00   2.0000000e+00   2.3000099e+01  -5.4045167e+01  -3.9394496e+01   4.6050773e+02   1.2033109e+01   3.9511264e+01   2.7317179e+01
   2.0050000e+03   1.2000000e+01   2.9000000e+01   9.0000000e+00   4.0000000e+00   1.6000000e+01  -5.4040546e+01  -3.9396265e+01   5.2636489e+02   2.3946647e+00   1.7935360e+01   1.0477670e+01
   2.0050000e+03   1.2000000e+01   2.9000000e+01   9.0000000e+00   5.0000000e+00   5.3000000e+01  -5.4036217e+01  -3.9397763e+01   4.9088740e+02   8.0244241e+00   2.0337670e+01   9.2553749e-01
   2.0050000e+03   1.2000000e+01   2.9000000e+01   9.0000000e+00   7.0000000e+00   3.2000000e+01  -5.4031827e+01  -3.9398737e+01   4.9188003e+02   1.5452992e+00   4.3359375e+00   2.2887781e+00
   2.0050000e+03   1.2000000e+01   2.9000000e+01   9.0000000e+00   9.0000000e+00   9.0000992e+00  -5.4027417e+01  -3.9399908e+01   4.9602923e+02   6.5146739e+00   1.6965064e+01   0.0000000e+00
   2.0050000e+03   1.2000000e+01   2.9000000e+01   9.0000000e+00   1.0000000e+01   4.4000000e+01  -5.4022954e+01  -3.9401090e+01   5.0187010e+02   9.8509495e+00   2.6081059e+01   4.0714548e+00
   2.0050000e+03   1.2000000e+01   2.9000000e+01   9.0000000e+00   1.2000000e+01   2.1000000e+01  -5.4018591e+01  -3.9402290e+01   4.9106994e+02   1.8999115e+00   4.8152704e+00   6.2716232e-01
   2.0050000e+03   1.2000000e+01   2.9000000e+01   9.0000000e+00   1.3000000e+01   5.6999901e+01  -5.4014160e+01  -3.9403649e+01   5.0035348e+02   1.2044867e+01   3.7365618e+00   0.0000000e+00
   2.0050000e+03   1.2000000e+01   2.9000000e+01   9.0000000e+00   1.5000000e+01   3.1000000e+01  -5.4009770e+01  -3.9405296e+01   4.9953847e+02   6.9270404e+00   1.0879627e+01   1.5720147e+00
   2.0050000e+03   1.2000000e+01   2.9000000e+01   9.0000000e+00   1.7000000e+01   7.0000000e+00  -5.4005385e+01  -3.9406654e+01   4.9527260e+02   9.6184275e+00   2.0762548e+01   1.9712827e+01
   2.0050000e+03   1.2000000e+01   2.9000000e+01   9.0000000e+00   1.8000000e+01   4.3000099e+01  -5.4001053e+01  -3.9408105e+01   4.9062025e+02   1.3318353e+01   3.5400322e+01   0.0000000e+00
   2.0050000e+03   1.2000000e+01   2.9000000e+01   9.0000000e+00   2.0000000e+01   1.8000000e+01  -5.3996559e+01  -3.9409429e+01   5.0674148e+02   2.6594720e+00   6.7403544e+00   4.1885223e+00
   2.0050000e+03   1.2000000e+01   2.9000000e+01   9.0000000e+00   2.1000000e+01   5.4000000e+01  -5.3992237e+01  -3.9410461e+01   4.8499859e+02   1.9081916e+01   4.5917259e+01   4.8640331e+00
   2.0050000e+03   1.2000000e+01   2.9000000e+01   9.0000000e+00   2.3000000e+01   3.0000099e+01  -5.3987790e+01  -3.9411751e+01   5.0125402e+02   5.7529273e+00   1.5206298e+01   1.2590518e+00
   2.0050000e+03   1.2000000e+01   2.9000000e+01   9.0000000e+00   2.5000000e+01   5.0000000e+00  -5.3983396e+01  -3.9413042e+01   4.9552210e+02   2.1159697e+01   5.5244402e+01   4.1526680e+01
   2.0050000e+03   1.2000000e+01   2.9000000e+01   9.0000000e+00   2.6000000e+01   3.9000000e+01  -5.3978945e+01  -3.9414496e+01   5.0361122e+02   1.0866262e+01   2.8942853e+01   0.0000000e+00
   2.0050000e+03   1.2000000e+01   2.9000000e+01   9.0000000e+00   2.8000000e+01   1.4000000e+01  -5.3974660e+01  -3.9415713e+01   4.8276129e+02   2.3845246e+01   5.9956697e+01   5.1436220e-01
   2.0050000e+03   1.2000000e+01   2.9000000e+01   9.0000000e+00   2.9000000e+01   5.0000000e+01  -5.3970203e+01  -3.9417019e+01   5.0259147e+02   8.0883230e+00   2.0499619e+01   1.8687265e+01
   2.0050000e+03   1.2000000e+01   2.9000000e+01   9.0000000e+00   3.1000000e+01   2.5000000e+01  -5.3965846e+01  -3.9418524e+01   4.9402345e+02   7.3279429e-01   9.0730607e+00   6.0455929e+00
   2.0050000e+03   1.2000000e+01   2.9000000e+01   9.0000000e+00   3.3000000e+01   1.0000000e+00  -5.3961453e+01  -3.9419773e+01   4.9486924e+02   1.5687073e+00   4.3822174e+00   0.0000000e+00
   2.0050000e+03   1.2000000e+01   2.9000000e+01   9.0000000e+00   3.4000000e+01   3.7000000e+01  -5.3957016e+01  -3.9421028e+01   4.9985158e+02   5.8388383e+00   2.3365633e+01   2.1539134e+01
   2.0050000e+03   1.2000000e+01   2.9000000e+01   9.0000000e+00   3.6000000e+01   1.4000000e+01  -5.3952619e+01  -3.9422189e+01   4.9450307e+02   4.9294753e+00   1.7812146e+01   1.5778641e+01
   2.0050000e+03   1.2000000e+01   2.9000000e+01   9.0000000e+00   3.7000000e+01   4.9999901e+01  -5.3948198e+01  -3.9423623e+01   5.0010667e+02   2.8001337e+00   7.0968574e+00   0.0000000e+00
   2.0050000e+03   1.2000000e+01   2.9000000e+01   9.0000000e+00   3.9000000e+01   2.4000000e+01  -5.3943800e+01  -3.9424944e+01   4.9629422e+02   1.4995986e+01   3.8006891e+01   3.8006891e+01
   2.0050000e+03   1.2000000e+01   2.9000000e+01   9.0000000e+00   4.1000000e+01   0.0000000e+00  -5.3939361e+01  -3.9426331e+01   5.0151872e+02   4.6359343e+00   1.1749641e+01   1.1749641e+01
   2.0050000e+03   1.2000000e+01   2.9000000e+01   9.0000000e+00   4.2000000e+01   3.4000000e+01  -5.3934993e+01  -3.9427580e+01   4.9216155e+02   4.3284200e+00   1.1431856e+01   1.1297101e+01
   2.0050000e+03   1.2000000e+01   2.9000000e+01   9.0000000e+00   4.4000000e+01   8.9999008e+00  -5.3930659e+01  -3.9429059e+01   4.9120883e+02   2.8469594e+00   1.5546671e+01   1.5546671e+01
   2.0050000e+03   1.2000000e+01   2.9000000e+01   9.0000000e+00   4.5000000e+01   4.5000000e+01  -5.3926179e+01  -3.9430445e+01   5.0605484e+02   4.9393346e+00   1.3210500e+01   8.6700399e-01
   2.0050000e+03   1.2000000e+01   2.9000000e+01   9.0000000e+00   4.7000000e+01   2.0000000e+01  -5.3921856e+01  -3.9431622e+01   4.8652154e+02   2.8763785e+00   8.1681807e+00   7.9863591e+00
   2.0050000e+03   1.2000000e+01   2.9000000e+01   9.0000000e+00   4.8000000e+01   5.7000000e+01  -5.3917394e+01  -3.9432782e+01   5.0162597e+02   3.4712137e+00   1.0136269e+01   1.3385790e+00
   2.0050000e+03   1.2000000e+01   2.9000000e+01   9.0000000e+00   5.0000000e+01   3.4000000e+01  -5.3913057e+01  -3.9434140e+01   4.9001577e+02   3.4085978e+00   9.8557810e+00   8.5320605e-01
   2.0050000e+03   1.2000000e+01   2.9000000e+01   9.0000000e+00   5.2000000e+01   1.0000099e+01  -5.3908612e+01  -3.9435577e+01   5.0281550e+02   2.8034000e+00   7.1535804e+00   0.0000000e+00
   2.0050000e+03   1.2000000e+01   2.9000000e+01   9.0000000e+00   5.3000000e+01   4.8000000e+01  -5.3904244e+01  -3.9436949e+01   4.9360840e+02   4.6474201e-01   1.1778751e+00   5.9813073e-01
   2.0050000e+03   1.2000000e+01   2.9000000e+01   9.0000000e+00   5.5000000e+01   2.5000000e+01  -5.3899844e+01  -3.9438285e+01   4.9662234e+02   2.9464890e+00   8.3977301e+00   8.2035886e+00
   2.0050000e+03   1.2000000e+01   2.9000000e+01   9.0000000e+00   5.7000000e+01   1.0000000e+00  -5.3895395e+01  -3.9439712e+01   5.0313898e+02   2.1156285e+00   5.3619988e+00   0.0000000e+00
   2.0050000e+03   1.2000000e+01   2.9000000e+01   9.0000000e+00   5.8000000e+01   3.9000000e+01  -5.3891007e+01  -3.9441021e+01   4.9508497e+02   3.7101571e+00   9.4032853e+00   8.4198653e+00
   2.0050000e+03   1.2000000e+01   2.9000000e+01   1.0000000e+01   0.0000000e+00   1.7000000e+01  -5.3886635e+01  -3.9442000e+01   4.9010031e+02   5.0382705e+00   1.3710681e+01   0.0000000e+00
   2.0050000e+03   1.2000000e+01   2.9000000e+01   1.0000000e+01   1.0000000e+00   5.7000000e+01  -5.3882106e+01  -3.9443078e+01   5.0809133e+02   5.8136086e+00   1.5865839e+01   1.9979428e-01
   2.0050000e+03   1.2000000e+01   2.9000000e+01   1.0000000e+01   4.0000000e+00   1.0000992e+00  -5.3877588e+01  -3.9444398e+01   5.0945842e+02   1.5373099e+00   4.0260708e+00   0.0000000e+00
   2.0050000e+03   1.2000000e+01   2.9000000e+01   1.0000000e+01   6.0000000e+00   2.9000099e+01  -5.3873418e+01  -3.9445857e+01   4.7311491e+02   5.4053465e-01   1.4926660e+00   1.0703211e-01
   2.0050000e+03   1.2000000e+01   2.9000000e+01   1.0000000e+01   8.0000000e+00   5.6000000e+01  -5.3869496e+01  -3.9447314e+01   4.4617279e+02   8.1150018e-01   2.0121536e+00   1.0403359e+00
   2.0050000e+03   1.2000000e+01   2.9000000e+01   1.0000000e+01   1.0000000e+01   5.9000000e+01  -5.3864928e+01  -3.9448453e+01   5.1302074e+02   2.3244756e+00   5.8913159e+00   0.0000000e+00
   2.0050000e+03   1.2000000e+01   2.9000000e+01   1.0000000e+01   1.2000000e+01   3.9000099e+01  -5.3860417e+01  -3.9450065e+01   5.1231690e+02   1.3427293e+01   3.4782090e+01   2.0165340e+01
   2.0050000e+03   1.2000000e+01   2.9000000e+01   1.0000000e+01   1.4000000e+01   1.8000000e+01  -5.3856135e+01  -3.9451521e+01   4.8528778e+02   5.8975441e+00   6.8047155e+00   5.4603928e-01
   2.0050000e+03   1.2000000e+01   2.9000000e+01   1.0000000e+01   1.5000000e+01   5.5000000e+01  -5.3851733e+01  -3.9452848e+01   4.9686093e+02   5.5314551e+00   1.3519240e+01   3.4408875e+00
   2.0050000e+03   1.2000000e+01   2.9000000e+01   1.0000000e+01   1.7000000e+01   3.2000000e+01  -5.3847308e+01  -3.9454068e+01   4.9811616e+02   4.5289085e+00   1.0023281e+01   6.4762226e+00
   2.0050000e+03   1.2000000e+01   2.9000000e+01   1.0000000e+01   1.9000000e+01   1.1000000e+01  -5.3842879e+01  -3.9455218e+01   4.9785443e+02   2.0375031e+00   4.4151822e+00   6.2448917e-01
   2.0050000e+03   1.2000000e+01   2.9000000e+01   1.0000000e+01   2.0000000e+01   4.9999901e+01  -5.3838526e+01  -3.9456291e+01   4.8883335e+02   1.2420443e+00   8.4270564e+00   7.6185549e+00
   2.0050000e+03   1.2000000e+01   2.9000000e+01   1.0000000e+01   2.2000000e+01   2.8000000e+01  -5.3834065e+01  -3.9457773e+01   5.0512176e+02   2.3326807e+00   5.9595813e+00   4.5140507e+00
   2.0050000e+03   1.2000000e+01   2.9000000e+01   1.0000000e+01   2.4000000e+01   3.9999008e+00  -5.3829704e+01  -3.9459171e+01   4.9326118e+02   4.6334096e-01   2.9697442e+00   7.2549044e-01
   2.0050000e+03   1.2000000e+01   2.9000000e+01   1.0000000e+01   2.5000000e+01   4.1000000e+01  -5.3825353e+01  -3.9460512e+01   4.9140012e+02   7.5050254e-01   2.0541750e+00   0.0000000e+00
   2.0050000e+03   1.2000000e+01   2.9000000e+01   1.0000000e+01   2.7000000e+01   2.1000000e+01  -5.3821025e+01  -3.9461409e+01   4.8453626e+02   8.3162301e-01   1.2078507e+00   0.0000000e+00
   2.0050000e+03   1.2000000e+01   2.9000000e+01   1.0000000e+01   2.8000000e+01   5.9000099e+01  -5.3816547e+01  -3.9462800e+01   5.0587458e+02   1.7772129e+00   2.9164484e+00   0.0000000e+00
   2.0050000e+03   1.2000000e+01   2.9000000e+01   1.0000000e+01   3.0000000e+01   3.6000000e+01  -5.3812174e+01  -3.9464045e+01   4.9270540e+02   1.8972948e+00   6.6913042e-01   0.0000000e+00
   2.0050000e+03   1.2000000e+01   2.9000000e+01   1.0000000e+01   3.2000000e+01   1.6000000e+01  -5.3807792e+01  -3.9465340e+01   4.9425591e+02   1.2159696e+00   1.8204534e+00   2.5239923e-01
   2.0050000e+03   1.2000000e+01   2.9000000e+01   1.0000000e+01   3.3000000e+01   5.4000000e+01  -5.3803464e+01  -3.9466845e+01   4.9104480e+02   7.6399042e-01   2.5237404e+00   5.8742890e-01
   2.0050000e+03   1.2000000e+01   2.9000000e+01   1.0000000e+01   3.5000000e+01   3.6000000e+01  -5.3799199e+01  -3.9468191e+01   4.8205425e+02   5.5332143e-01   1.4023771e+00   0.0000000e+00
   2.0050000e+03   1.2000000e+01   2.9000000e+01   1.0000000e+01   3.7000000e+01   2.2000000e+01  -5.3794937e+01  -3.9469900e+01   4.8665306e+02   2.3040356e+00   5.8631743e+00   0.0000000e+00
   2.0050000e+03   1.2000000e+01   2.9000000e+01   1.0000000e+01   3.9000000e+01   3.0000000e+00  -5.3790513e+01  -3.9471130e+01   4.9818048e+02   2.5341829e+00   6.4228128e+00   0.0000000e+00
   2.0050000e+03   1.2000000e+01   2.9000000e+01   1.0000000e+01   4.0000000e+01   4.1000000e+01  -5.3786082e+01  -3.9472298e+01   4.9839081e+02   6.0515410e-01   1.5548632e+00   0.0000000e+00
   2.0050000e+03   1.2000000e+01   2.9000000e+01   1.0000000e+01   4.2000000e+01   1.9000000e+01  -5.3781665e+01  -3.9473661e+01   4.9881314e+02   3.8627784e+00   5.1330686e+00   0.0000000e+00
   2.0050000e+03   1.2000000e+01   2.9000000e+01   1.0000000e+01   4.3000000e+01   5.5000000e+01  -5.3777235e+01  -3.9474972e+01   4.9976441e+02   2.2690716e+00   4.4778380e+00   0.0000000e+00
   2.0050000e+03   1.2000000e+01   2.9000000e+01   1.0000000e+01   4.5000000e+01   2.9000099e+01  -5.3772856e+01  -3.9476296e+01   4.9429006e+02   3.7365523e+00   6.8273423e+00   0.0000000e+00
   2.0050000e+03   1.2000000e+01   2.9000000e+01   1.0000000e+01   4.7000000e+01   4.0000000e+00  -5.3768474e+01  -3.9477600e+01   4.9439934e+02   8.8148662e+00   8.5020824e+00   0.0000000e+00
   2.0050000e+03   1.2000000e+01   2.9000000e+01   1.0000000e+01   4.8000000e+01   3.9000000e+01  -5.3764049e+01  -3.9478857e+01   4.9861045e+02   1.4711820e+00   2.4189392e+00   0.0000000e+00
   2.0050000e+03   1.2000000e+01   2.9000000e+01   1.0000000e+01   5.0000000e+01   1.4000000e+01  -5.3759623e+01  -3.9480076e+01   4.9831036e+02   9.6844936e-01   2.3830795e+00   0.0000000e+00
   2.0050000e+03   1.2000000e+01   2.9000000e+01   1.0000000e+01   5.1000000e+01   5.1000000e+01  -5.3755174e+01  -3.9481317e+01   5.0098774e+02   8.2556595e-02   2.9050830e-01   0.0000000e+00
   2.0050000e+03   1.2000000e+01   2.9000000e+01   1.0000000e+01   5.3000000e+01   3.1000000e+01  -5.3750796e+01  -3.9482742e+01   4.9543431e+02   3.1844732e+00   5.0934358e+00   0.0000000e+00
   2.0050000e+03   1.2000000e+01   2.9000000e+01   1.0000000e+01   5.5000000e+01   1.1999901e+01  -5.3746389e+01  -3.9484167e+01   4.9861608e+02   7.9079930e-01   2.0042578e+00   0.0000000e+00
   2.0050000e+03   1.2000000e+01   2.9000000e+01   1.0000000e+01   5.6000000e+01   5.0000000e+01  -5.3741984e+01  -3.9485454e+01   4.9673367e+02   2.0820895e+00   5.1958795e+00   0.0000000e+00
   2.0050000e+03   1.2000000e+01   2.9000000e+01   1.0000000e+01   5.8000000e+01   2.5000000e+01  -5.3737549e+01  -3.9486757e+01   5.0017202e+02   2.7751843e+00   4.3590150e+00   0.0000000e+00
   2.0050000e+03   1.2000000e+01   2.9000000e+01   1.1000000e+01   0.0000000e+00   0.0000000e+00  -5.3733176e+01  -3.9488061e+01   4.9344730e+02   4.0950677e+00   1.0276258e+01   0.0000000e+00
   2.0050000e+03   1.2000000e+01   2.9000000e+01   1.1000000e+01   1.0000000e+00   3.7000000e+01  -5.3728794e+01  -3.9489291e+01   4.9360846e+02   4.1772004e+00   1.0591181e+01   1.4324730e-01
   2.0050000e+03   1.2000000e+01   2.9000000e+01   1.1000000e+01   3.0000000e+00   1.5000000e+01  -5.3724387e+01  -3.9490682e+01   4.9814412e+02   3.7977188e+00   5.2532212e+00   0.0000000e+00
   2.0050000e+03   1.2000000e+01   2.9000000e+01   1.1000000e+01   4.0000000e+00   5.4000099e+01  -5.3720001e+01  -3.9492012e+01   4.9520609e+02   1.8531730e+00   3.2455319e+00   0.0000000e+00
   2.0050000e+03   1.2000000e+01   2.9000000e+01   1.1000000e+01   6.0000000e+00   3.4000000e+01  -5.3715534e+01  -3.9493295e+01   5.0342039e+02   5.2790908e+00   9.0881498e+00   0.0000000e+00
   2.0050000e+03   1.2000000e+01   2.9000000e+01   1.1000000e+01   8.0000000e+00   2.2000000e+01  -5.3711080e+01  -3.9494803e+01   5.0485062e+02   3.3890345e-01   8.5894094e-01   0.0000000e+00
   2.0050000e+03   1.2000000e+01   2.9000000e+01   1.1000000e+01   1.0000000e+01   3.0000000e+01  -5.3706771e+01  -3.9495971e+01   4.8485276e+02   8.1095339e-02   2.4219163e-01   0.0000000e+00
   2.0050000e+03   1.2000000e+01   2.9000000e+01   1.1000000e+01   1.2000000e+01   5.6000000e+01  -5.3702409e+01  -3.9496959e+01   4.8912797e+02   5.9739249e-01   7.1196791e-01   0.0000000e+00
   2.0050000e+03   1.2000000e+01   2.9000000e+01   1.1000000e+01   1.5000000e+01   3.2000099e+01  -5.3698060e+01  -3.9497771e+01   4.8612619e+02   1.9543422e+00   4.4550825e+00   4.0038065e+00
   2.0050000e+03   1.2000000e+01   2.9000000e+01   1.1000000e+01   1.8000000e+01   3.0000000e+00  -5.3693850e+01  -3.9498538e+01   4.7052996e+02   1.2108944e-01   3.0689765e-01   0.0000000e+00
   2.0050000e+03   1.2000000e+01   2.9000000e+01   1.1000000e+01   2.0000000e+01   9.9999008e+00  -5.3689338e+01  -3.9499906e+01   5.0945776e+02   1.9104325e+01   4.8733775e+01   1.9229151e+00
   2.0050000e+03   1.2000000e+01   2.9000000e+01   1.1000000e+01   2.1000000e+01   5.9000000e+01  -5.3684934e+01  -3.9501618e+01   5.0212664e+02   8.4212868e-01   2.1343506e+00   3.2319688e-02
   2.0050000e+03   1.2000000e+01   2.9000000e+01   1.1000000e+01   2.3000000e+01   4.2999901e+01  -5.3680655e+01  -3.9503483e+01   4.9111694e+02   1.2219997e+00   3.0971228e+00   0.0000000e+00
   2.0050000e+03   1.2000000e+01   2.9000000e+01   1.1000000e+01   2.5000000e+01   2.3000099e+01  -5.3676261e+01  -3.9505481e+01   5.0556376e+02   9.8473191e-01   5.5477751e+00   2.0103327e+00
   2.0050000e+03   1.2000000e+01   2.9000000e+01   1.1000000e+01   2.7000000e+01   1.0000000e+00  -5.3671877e+01  -3.9506840e+01   4.9540958e+02   1.6282020e+01   4.1266306e+01   4.0806146e+01
   2.0050000e+03   1.2000000e+01   2.9000000e+01   1.1000000e+01   2.8000000e+01   4.0000000e+01  -5.3667386e+01  -3.9507690e+01   5.0211773e+02   2.5447360e-01   3.9074360e+00   3.2260633e+00
   2.0050000e+03   1.2000000e+01   2.9000000e+01   1.1000000e+01   3.0000000e+01   1.8000000e+01  -5.3662980e+01  -3.9509017e+01   4.9733002e+02   4.9391135e+00   1.1516345e+01   9.0922825e+00
   2.0050000e+03   1.2000000e+01   2.9000000e+01   1.1000000e+01   3.1000000e+01   5.5000000e+01  -5.3658540e+01  -3.9510213e+01   4.9960506e+02   1.9558539e+00   5.1637681e+00   6.6962548e-01
   2.0050000e+03   1.2000000e+01   2.9000000e+01   1.1000000e+01   3.3000000e+01   3.4000099e+01  -5.3654173e+01  -3.9511380e+01   4.9133533e+02   1.5506431e+00   3.5769520e+00   0.0000000e+00
   2.0050000e+03   1.2000000e+01   2.9000000e+01   1.1000000e+01   3.5000000e+01   1.5999901e+01  -5.3649767e+01  -3.9512511e+01   4.9524328e+02   1.4946804e+02   1.6048622e+02   9.5964765e+00
   2.0050000e+03   1.2000000e+01   2.9000000e+01   1.1000000e+01   3.6000000e+01   5.9000000e+01  -5.3645342e+01  -3.9513735e+01   4.9822920e+02   1.1019247e+00   2.8214621e+00   7.5834376e-01
   2.0050000e+03   1.2000000e+01   2.9000000e+01   1.1000000e+01   3.8000000e+01   4.1000000e+01  -5.3640922e+01  -3.9514766e+01   4.9584594e+02   1.2929880e+00   3.4402696e+00   2.5732048e-01
   2.0050000e+03   1.2000000e+01   2.9000000e+01   1.1000000e+01   4.0000000e+01   2.0999901e+01  -5.3636562e+01  -3.9516077e+01   4.9205299e+02   1.7700633e+00   4.4861739e+00   6.9841897e-02
   2.0050000e+03   1.2000000e+01   2.9000000e+01   1.1000000e+01   4.1000000e+01   5.9000000e+01  -5.3632141e+01  -3.9517328e+01   4.9817851e+02   1.3723019e+00   3.4780592e+00   2.2328716e-01
   2.0050000e+03   1.2000000e+01   2.9000000e+01   1.1000000e+01   4.3000000e+01   3.8000000e+01  -5.3627711e+01  -3.9518575e+01   4.9904978e+02   1.8366233e+00   7.5843111e+00   0.0000000e+00
   2.0050000e+03   1.2000000e+01   2.9000000e+01   1.1000000e+01   4.5000000e+01   1.6999901e+01  -5.3623271e+01  -3.9519852e+01   5.0051261e+02   6.5373775e+00   1.5036224e+01   1.4247911e+01
   2.0050000e+03   1.2000000e+01   2.9000000e+01   1.1000000e+01   4.6000000e+01   5.4000000e+01  -5.3618944e+01  -3.9521581e+01   4.9415552e+02   1.6246386e+00   4.1733251e+00   0.0000000e+00
   2.0050000e+03   1.2000000e+01   2.9000000e+01   1.1000000e+01   4.8000000e+01   2.9000000e+01  -5.3614479e+01  -3.9522893e+01   5.0363125e+02   3.5450871e-01   5.8930966e+00   0.0000000e+00
   2.0050000e+03   1.2000000e+01   2.9000000e+01   1.1000000e+01   5.0000000e+01   3.0000992e+00  -5.3610121e+01  -3.9524117e+01   4.9089390e+02   4.0706327e+00   8.5814226e+00   5.6743631e+00
   2.0050000e+03   1.2000000e+01   2.9000000e+01   1.1000000e+01   5.1000000e+01   3.7000000e+01  -5.3605682e+01  -3.9525384e+01   5.0036037e+02   1.8295621e+00   8.9976881e+00   1.1412722e+00
   2.0050000e+03   1.2000000e+01   2.9000000e+01   1.1000000e+01   5.3000000e+01   1.0000000e+01  -5.3601261e+01  -3.9526637e+01   4.9813594e+02   1.4892095e-01   1.3144469e-01   0.0000000e+00
   2.0050000e+03   1.2000000e+01   2.9000000e+01   1.1000000e+01   5.4000000e+01   4.4000000e+01  -5.3596860e+01  -3.9527779e+01   4.9474334e+02   2.6014197e+00   6.5932225e+00   6.5036663e+00
   2.0050000e+03   1.2000000e+01   2.9000000e+01   1.1000000e+01   5.6000000e+01   1.9000000e+01  -5.3592426e+01  -3.9529146e+01   5.0090521e+02   1.7982924e+00   4.6547367e+00   4.0769420e+00
   2.0050000e+03   1.2000000e+01   2.9000000e+01   1.1000000e+01   5.7000000e+01   5.4000099e+01  -5.3588018e+01  -3.9530426e+01   4.9702500e+02   5.2810152e+00   1.0737889e+01   0.0000000e+00
   2.0050000e+03   1.2000000e+01   2.9000000e+01   1.1000000e+01   5.9000000e+01   3.0000000e+01  -5.3583600e+01  -3.9531768e+01   4.9889573e+02   2.7118792e+00   7.0103050e+00   5.8622793e-01
   2.0050000e+03   1.2000000e+01   2.9000000e+01   1.2000000e+01   1.0000000e+00   7.0000992e+00  -5.3579243e+01  -3.9533163e+01   4.9282159e+02   8.9637121e+00   2.2718268e+01   1.7704822e+01
   2.0050000e+03   1.2000000e+01   2.9000000e+01   1.2000000e+01   2.0000000e+00   4.5000000e+01  -5.3574802e+01  -3.9534733e+01   5.0421221e+02   3.4891419e+00   8.8431286e+00   7.5830888e+00
   2.0050000e+03   1.2000000e+01   2.9000000e+01   1.2000000e+01   4.0000000e+00   2.1000000e+01  -5.3570431e+01  -3.9536213e+01   4.9545022e+02   2.7009050e+02   6.8453652e+02   4.5042388e+02
   2.0050000e+03   1.2000000e+01   2.9000000e+01   1.2000000e+01   5.0000000e+00   5.7000000e+01  -5.3566080e+01  -3.9537472e+01   4.9052722e+02   6.2925098e+00   1.5948183e+01   1.5948183e+01
   2.0050000e+03   1.2000000e+01   2.9000000e+01   1.2000000e+01   7.0000000e+00   3.4000000e+01  -5.3561618e+01  -3.9538735e+01   5.0274856e+02   3.6961370e+00   9.3677517e+00   1.1834486e+00
   2.0050000e+03   1.2000000e+01   2.9000000e+01   1.2000000e+01   9.0000000e+00   1.0000099e+01  -5.3557239e+01  -3.9539933e+01   4.9301817e+02   6.1798421e-01   1.5662630e+00   1.5662630e+00
   2.0050000e+03   1.2000000e+01   2.9000000e+01   1.2000000e+01   1.0000000e+01   4.7000000e+01  -5.3552805e+01  -3.9541119e+01   4.9891960e+02   4.5493113e+00   1.1530097e+01   0.0000000e+00
   2.0050000e+03   1.2000000e+01   2.9000000e+01   1.2000000e+01   1.2000000e+01   2.4999901e+01  -5.3548374e+01  -3.9542427e+01   4.9989981e+02   1.8853590e+00   1.0131222e+01   1.3476426e+00
   2.0050000e+03   1.2000000e+01   2.9000000e+01   1.2000000e+01   1.4000000e+01   5.0000992e+00  -5.3544001e+01  -3.9543461e+01   4.9067903e+02   1.8688129e+00   4.7364521e+00   0.0000000e+00
   2.0050000e+03   1.2000000e+01   2.9000000e+01   1.2000000e+01   1.5000000e+01   4.7000099e+01  -5.3539577e+01  -3.9544629e+01   4.9760925e+02   1.0479323e+00   1.5497152e-01   0.0000000e+00
   2.0050000e+03   1.2000000e+01   2.9000000e+01   1.2000000e+01   1.7000000e+01   4.2000000e+01  -5.3534992e+01  -3.9546326e+01   5.2160923e+02   1.4112156e+00   1.2140895e-01   0.0000000e+00
   2.0050000e+03   1.2000000e+01   2.9000000e+01   1.2000000e+01   2.0000000e+01   9.0000000e+00  -5.3531029e+01  -3.9548324e+01   4.5976866e+02   8.0803915e-02   2.0479517e-01   0.0000000e+00
   2.0050000e+03   1.2000000e+01   2.9000000e+01   1.2000000e+01   2.2000000e+01   5.6000000e+01  -5.3526598e+01  -3.9548943e+01   4.9405819e+02   4.1950873e-02   3.2350707e-02   0.0000000e+00
   2.0050000e+03   1.2000000e+01   2.9000000e+01   1.2000000e+01   2.5000000e+01   4.2000000e+01  -5.3522251e+01  -3.9549472e+01   4.8428708e+02   2.0359211e-01   3.4250963e-01   0.0000000e+00
   2.0050000e+03   1.2000000e+01   2.9000000e+01   1.2000000e+01   2.8000000e+01   2.8000000e+01  -5.3517834e+01  -3.9550413e+01   4.9470102e+02   4.9164368e-02   1.3269554e-01   0.0000000e+00
   2.0050000e+03   1.2000000e+01   2.9000000e+01   1.2000000e+01   3.1000000e+01   1.0000992e+00  -5.3513737e+01  -3.9551878e+01   4.6542137e+02   4.5796615e-02   1.2996538e-01   0.0000000e+00
   2.0050000e+03   1.2000000e+01   2.9000000e+01   1.2000000e+01   3.3000000e+01   4.0000000e+00  -5.3509225e+01  -3.9553440e+01   5.1189644e+02   5.9812601e-02   1.8818324e-01   0.0000000e+00
   2.0050000e+03   1.2000000e+01   2.9000000e+01   1.2000000e+01   3.4000000e+01   5.1000000e+01  -5.3504905e+01  -3.9554797e+01   4.8838408e+02   1.1305358e+00   3.2143294e+00   2.8082791e+00
   2.0050000e+03   1.2000000e+01   2.9000000e+01   1.2000000e+01   3.6000000e+01   3.4000000e+01  -5.3500524e+01  -3.9556232e+01   4.9600117e+02   9.8961467e-01   2.5081496e+00   9.9561665e-01
   2.0050000e+03   1.2000000e+01   2.9000000e+01   1.2000000e+01   3.8000000e+01   1.3000000e+01  -5.3496092e+01  -3.9557584e+01   5.0052359e+02   3.1822655e-01   2.5846872e+00   2.1267194e+00
   2.0050000e+03   1.2000000e+01   2.9000000e+01   1.2000000e+01   3.9000000e+01   5.1000000e+01  -5.3491713e+01  -3.9558864e+01   4.9390937e+02   5.8564471e-01   1.4842995e+00   1.2361005e+00
   2.0050000e+03   1.2000000e+01   2.9000000e+01   1.2000000e+01   4.1000000e+01   2.8000000e+01  -5.3487307e+01  -3.9560215e+01   4.9760830e+02   4.7003991e-02   2.6780504e+00   0.0000000e+00
   2.0050000e+03   1.2000000e+01   2.9000000e+01   1.2000000e+01   4.3000000e+01   6.0000000e+00  -5.3482861e+01  -3.9561487e+01   5.0113106e+02   2.6572977e+00   6.5128025e+00   1.8251793e-02
   2.0050000e+03   1.2000000e+01   2.9000000e+01   1.2000000e+01   4.4000000e+01   4.5000000e+01  -5.3478507e+01  -3.9562855e+01   4.9224149e+02   1.1900851e+00   3.0162362e+00   2.7299176e+00
   2.0050000e+03   1.2000000e+01   2.9000000e+01   1.2000000e+01   4.6000000e+01   2.3000000e+01  -5.3474067e+01  -3.9564209e+01   5.0138480e+02   1.7297933e+00   3.2876954e+00   0.0000000e+00
   2.0050000e+03   1.2000000e+01   2.9000000e+01   1.2000000e+01   4.8000000e+01   9.9182129e-05  -5.3469660e+01  -3.9565593e+01   4.9820884e+02   8.8161799e-02   2.2344352e-01   0.0000000e+00
   2.0050000e+03   1.2000000e+01   2.9000000e+01   1.2000000e+01   4.9000000e+01   3.6000000e+01  -5.3465259e+01  -3.9566949e+01   4.9726615e+02   9.3999464e-01   2.3823891e+00   2.3823891e+00
   2.0050000e+03   1.2000000e+01   2.9000000e+01   1.2000000e+01   5.1000000e+01   1.1000000e+01  -5.3460856e+01  -3.9568266e+01   4.9697280e+02   2.8478586e-01   3.2706915e+00   2.6677930e+00
   2.0050000e+03   1.2000000e+01   2.9000000e+01   1.2000000e+01   5.2000000e+01   4.6999901e+01  -5.3456448e+01  -3.9569539e+01   4.9692775e+02   2.7245292e-01   3.6259285e-01   0.0000000e+00
   2.0050000e+03   1.2000000e+01   2.9000000e+01   1.2000000e+01   5.4000000e+01   2.5000000e+01  -5.3452015e+01  -3.9570738e+01   4.9896176e+02   1.0006926e+00   2.5362263e+00   0.0000000e+00
   2.0050000e+03   1.2000000e+01   2.9000000e+01   1.2000000e+01   5.6000000e+01   2.0000000e+00  -5.3447619e+01  -3.9572035e+01   4.9598602e+02   1.7343837e+00   4.3957449e+00   2.3795042e+00
   2.0050000e+03   1.2000000e+01   2.9000000e+01   1.2000000e+01   5.7000000e+01   3.8000000e+01  -5.3443161e+01  -3.9573336e+01   5.0276537e+02   2.0471815e+00   4.7819225e+00   4.7637055e+00
   2.0050000e+03   1.2000000e+01   2.9000000e+01   1.2000000e+01   5.9000000e+01   1.4000099e+01  -5.3438809e+01  -3.9574508e+01   4.8978636e+02   2.5921523e+00   4.7301827e-01   4.7301827e-01
   2.0050000e+03   1.2000000e+01   2.9000000e+01   1.3000000e+01   0.0000000e+00   4.9000000e+01  -5.3434366e+01  -3.9575875e+01   5.0193692e+02   7.5734538e-01   1.9194699e+00   1.9071680e+00
   2.0050000e+03   1.2000000e+01   2.9000000e+01   1.3000000e+01   2.0000000e+00   2.3000000e+01  -5.3429950e+01  -3.9576949e+01   4.9580249e+02   3.0889584e-01   5.4554715e-01   0.0000000e+00
   2.0050000e+03   1.2000000e+01   2.9000000e+01   1.3000000e+01   4.0000000e+00   0.0000000e+00  -5.3425570e+01  -3.9578158e+01   4.9323029e+02   1.3635216e-01   1.5868128e+00   0.0000000e+00
   2.0050000e+03   1.2000000e+01   2.9000000e+01   1.3000000e+01   5.0000000e+00   4.0000000e+01  -5.3421191e+01  -3.9579429e+01   4.9382373e+02   3.4720118e+00   8.7997131e+00   8.7722488e+00
   2.0050000e+03   1.2000000e+01   2.9000000e+01   1.3000000e+01   7.0000000e+00   1.9000000e+01  -5.3416722e+01  -3.9580858e+01   5.0557642e+02   1.7109685e+00   2.4087609e+00   2.0226643e+00
   2.0050000e+03   1.2000000e+01   2.9000000e+01   1.3000000e+01   8.0000000e+00   5.7999901e+01  -5.3412284e+01  -3.9582172e+01   5.0071271e+02   7.1209490e-01   1.8047838e+00   0.0000000e+00
   2.0050000e+03   1.2000000e+01   2.9000000e+01   1.3000000e+01   1.0000000e+01   3.9000099e+01  -5.3407903e+01  -3.9583511e+01   4.9488952e+02   3.9460180e+01   1.0570038e+02   0.0000000e+00
   2.0050000e+03   1.2000000e+01   2.9000000e+01   1.3000000e+01   1.2000000e+01   2.0000000e+01  -5.3403488e+01  -3.9584676e+01   4.9661133e+02   1.0068309e+00   2.5517836e+00   0.0000000e+00
   2.0050000e+03   1.2000000e+01   2.9000000e+01   1.3000000e+01   1.4000000e+01   1.0000000e+00  -5.3399142e+01  -3.9586003e+01   4.9085655e+02   1.0357055e+00   2.6606739e+00   4.5624118e-01
   2.0050000e+03   1.2000000e+01   2.9000000e+01   1.3000000e+01   1.5000000e+01   4.1000000e+01  -5.3394643e+01  -3.9587458e+01   5.0914895e+02   9.6112621e-01   2.4359464e+00   0.0000000e+00
   2.0050000e+03   1.2000000e+01   2.9000000e+01   1.3000000e+01   1.7000000e+01   1.9000000e+01  -5.3390349e+01  -3.9588825e+01   4.8571022e+02   7.7673353e-01   1.9686086e+00   0.0000000e+00
   2.0050000e+03   1.2000000e+01   2.9000000e+01   1.3000000e+01   1.8000000e+01   5.7000000e+01  -5.3385929e+01  -3.9590308e+01   5.0089087e+02   6.3358814e-01   1.6058107e+00   0.0000000e+00
   2.0050000e+03   1.2000000e+01   2.9000000e+01   1.3000000e+01   2.0000000e+01   3.5000000e+01  -5.3381470e+01  -3.9591697e+01   5.0388562e+02   1.4586708e+00   2.8041794e+00   0.0000000e+00
   2.0050000e+03   1.2000000e+01   2.9000000e+01   1.3000000e+01   2.2000000e+01   1.4000000e+01  -5.3377116e+01  -3.9592983e+01   4.9131827e+02   5.6647687e-01   1.4357192e+00   0.0000000e+00
   2.0050000e+03   1.2000000e+01   2.9000000e+01   1.3000000e+01   2.3000000e+01   5.4999901e+01  -5.3372730e+01  -3.9594323e+01   4.9542232e+02   1.2493468e-01   3.1664332e-01   0.0000000e+00
   2.0050000e+03   1.2000000e+01   2.9000000e+01   1.3000000e+01   2.5000000e+01   3.5000000e+01  -5.3368300e+01  -3.9595773e+01   5.0147673e+02   1.7887861e-01   8.7964832e-01   4.5336262e-01
   2.0050000e+03   1.2000000e+01   2.9000000e+01   1.3000000e+01   2.7000000e+01   1.2000000e+01  -5.3363904e+01  -3.9597135e+01   4.9682963e+02   3.7623338e-01   9.5355256e-01   0.0000000e+00
   2.0050000e+03   1.2000000e+01   2.9000000e+01   1.3000000e+01   2.8000000e+01   4.7000000e+01  -5.3359488e+01  -3.9598560e+01   4.9966767e+02   1.2765177e-01   3.2352971e-01   0.0000000e+00
   2.0050000e+03   1.2000000e+01   2.9000000e+01   1.3000000e+01   3.0000000e+01   2.2000099e+01  -5.3355016e+01  -3.9600001e+01   5.0602801e+02   2.0158687e-01   5.1091607e-01   4.8926007e-01
   2.0050000e+03   1.2000000e+01   2.9000000e+01   1.3000000e+01   3.2000000e+01   1.8000000e+01  -5.3350487e+01  -3.9601612e+01   5.1450055e+02   7.0500363e-02   1.7868112e-01   0.0000000e+00
   2.0050000e+03   1.2000000e+01   2.9000000e+01   1.3000000e+01   3.4000000e+01   4.3000000e+01  -5.3346442e+01  -3.9603047e+01   4.5948754e+02   3.0626079e-01   7.7620906e-01   0.0000000e+00
