   2.0150000e+03   1.2000000e+01   4.0000000e+00   1.5000000e+01   7.0000000e+00   2.8000000e+01  -5.3967354e+01  -3.8527666e+01   5.9815041e+02   2.1459702e+01   6.1163154e+01   5.4689727e+00
   2.0150000e+03   1.2000000e+01   4.0000000e+00   1.5000000e+01   1.0000000e+01   4.9000000e+01  -5.3958437e+01  -3.8527615e+01   9.9079032e+02   9.0021183e+00   2.6414639e+01   2.5255455e+00
   2.0150000e+03   1.2000000e+01   4.0000000e+00   1.5000000e+01   1.2000000e+01   2.8000000e+01  -5.3954105e+01  -3.8529524e+01   4.9729414e+02   7.6389456e+00   2.2003782e+01   2.2003782e+01
   2.0150000e+03   1.2000000e+01   4.0000000e+00   1.5000000e+01   1.4000000e+01   5.0000000e+00  -5.3949670e+01  -3.8531061e+01   5.0295594e+02   6.5186043e+00   2.0438975e+01   1.3247758e+01
   2.0150000e+03   1.2000000e+01   4.0000000e+00   1.5000000e+01   1.7000000e+01   1.8000099e+01  -5.3940889e+01  -3.8533696e+01   9.9090075e+02   4.0771259e+00   1.2953039e+01   1.0700229e+01
   2.0150000e+03   1.2000000e+01   4.0000000e+00   1.5000000e+01   1.8000000e+01   5.6000000e+01  -5.3936481e+01  -3.8535086e+01   4.9817583e+02   3.3055431e+00   9.9963901e+00   8.1324984e+00
   2.0150000e+03   1.2000000e+01   4.0000000e+00   1.5000000e+01   2.0000000e+01   3.5000000e+01  -5.3932061e+01  -3.8536488e+01   4.9963927e+02   4.1112948e+00   1.1771476e+01   9.2194603e+00
   2.0150000e+03   1.2000000e+01   4.0000000e+00   1.5000000e+01   2.2000000e+01   1.5000000e+01  -5.3927612e+01  -3.8537922e+01   5.0319027e+02   3.9070676e+00   1.0913813e+01   9.1942666e+00
   2.0150000e+03   1.2000000e+01   4.0000000e+00   1.5000000e+01   2.5000000e+01   3.5000000e+01  -5.3918799e+01  -3.8540669e+01   9.9562558e+02   3.7522336e+00   1.0481518e+01   1.0481518e+01
   2.0150000e+03   1.2000000e+01   4.0000000e+00   1.5000000e+01   2.7000000e+01   1.5000000e+01  -5.3914398e+01  -3.8542003e+01   4.9680721e+02   3.9646174e+00   1.2183190e+01   1.0180992e+01
   2.0150000e+03   1.2000000e+01   4.0000000e+00   1.5000000e+01   2.8000000e+01   5.4000000e+01  -5.3909952e+01  -3.8543453e+01   5.0306499e+02   4.2586623e+00   1.1934380e+01   1.0336561e+01
   2.0150000e+03   1.2000000e+01   4.0000000e+00   1.5000000e+01   3.2000000e+01   7.0000000e+00  -5.3901176e+01  -3.8546215e+01   9.9184590e+02   4.0152176e+00   1.2701920e+01   1.1114644e+01
   2.0150000e+03   1.2000000e+01   4.0000000e+00   1.5000000e+01   3.3000000e+01   4.3000000e+01  -5.3896779e+01  -3.8547670e+01   4.9771886e+02   5.3530887e+00   1.5492456e+01   1.3056806e+01
   2.0150000e+03   1.2000000e+01   4.0000000e+00   1.5000000e+01   3.5000000e+01   2.0000000e+01  -5.3892314e+01  -3.8549083e+01   5.0472189e+02   5.4888835e+00   1.6582907e+01   1.5260261e+01
   2.0150000e+03   1.2000000e+01   4.0000000e+00   1.5000000e+01   3.8000000e+01   3.5000000e+01  -5.3883509e+01  -3.8552041e+01   9.9746598e+02   6.5799769e+00   1.8375279e+01   1.4518617e+01
   2.0150000e+03   1.2000000e+01   4.0000000e+00   1.5000000e+01   4.1000000e+01   4.7000000e+01  -5.3874702e+01  -3.8554966e+01   9.9717807e+02   5.8123140e+00   1.8199775e+01   1.4438598e+01
   2.0150000e+03   1.2000000e+01   4.0000000e+00   1.5000000e+01   4.5000000e+01   1.0000000e+00  -5.3865921e+01  -3.8557776e+01   9.9298642e+02   4.1351115e+00   1.1827995e+01   1.1827995e+01
   2.0150000e+03   1.2000000e+01   4.0000000e+00   1.5000000e+01   4.6000000e+01   4.0000000e+01  -5.3861525e+01  -3.8559212e+01   4.9745020e+02   2.7550112e+00   9.9201456e+00   4.6198160e+00
   2.0150000e+03   1.2000000e+01   4.0000000e+00   1.5000000e+01   4.8000000e+01   1.8000000e+01  -5.3857115e+01  -3.8560625e+01   4.9866760e+02   4.3595043e+00   1.4428076e+01   6.6677410e+00
   2.0150000e+03   1.2000000e+01   4.0000000e+00   1.5000000e+01   4.9000000e+01   5.5000000e+01  -5.3852660e+01  -3.8562047e+01   5.0381662e+02   2.6840908e+00   8.3856797e+00   8.3856797e+00
   2.0150000e+03   1.2000000e+01   4.0000000e+00   1.5000000e+01   5.1000000e+01   3.1000000e+01  -5.3848249e+01  -3.8563507e+01   4.9931876e+02   1.7768634e+00   6.2100494e+00   2.9723995e+00
   2.0150000e+03   1.2000000e+01   4.0000000e+00   1.5000000e+01   5.4000000e+01   4.9000000e+01  -5.3839470e+01  -3.8566211e+01   9.9159603e+02   1.4752560e+00   4.8664997e+00   2.2441845e+00
   2.0150000e+03   1.2000000e+01   4.0000000e+00   1.5000000e+01   5.6000000e+01   2.8000000e+01  -5.3835038e+01  -3.8567665e+01   5.0161966e+02   1.5004949e+00   6.4290813e+00   2.3953612e+00
   2.0150000e+03   1.2000000e+01   4.0000000e+00   1.5000000e+01   5.8000000e+01   4.0000000e+00  -5.3830598e+01  -3.8569184e+01   5.0328610e+02   2.1607420e+00   6.8406056e+00   3.4987089e+00
   2.0150000e+03   1.2000000e+01   4.0000000e+00   1.5000000e+01   5.9000000e+01   3.9000000e+01  -5.3826199e+01  -3.8570680e+01   4.9860250e+02   1.9879441e+00   8.0037709e+00   8.0037709e+00
   2.0150000e+03   1.2000000e+01   4.0000000e+00   1.6000000e+01   2.0000000e+00   4.9000000e+01  -5.3817455e+01  -3.8573598e+01   9.9023816e+02   2.6464114e+00   8.1185126e+00   4.8638076e+00
   2.0150000e+03   1.2000000e+01   4.0000000e+00   1.6000000e+01   4.0000000e+00   2.5000000e+01  -5.3813029e+01  -3.8575018e+01   5.0063617e+02   1.4954612e+00   5.3978941e+00   5.3978941e+00
   2.0150000e+03   1.2000000e+01   4.0000000e+00   1.6000000e+01   6.0000000e+00   1.0000000e+00  -5.3808593e+01  -3.8576478e+01   5.0211236e+02   1.9424431e+00   7.5428040e+00   2.3234150e+00
   2.0150000e+03   1.2000000e+01   4.0000000e+00   1.6000000e+01   7.0000000e+00   3.7000000e+01  -5.3804208e+01  -3.8577975e+01   4.9707577e+02   2.0563230e+00   1.0870276e+01   3.2273211e+00
   2.0150000e+03   1.2000000e+01   4.0000000e+00   1.6000000e+01   9.0000000e+00   1.4000099e+01  -5.3799832e+01  -3.8579526e+01   4.9677985e+02   8.0113464e+00   2.7299095e+01   5.9896886e+00
   2.0150000e+03   1.2000000e+01   4.0000000e+00   1.6000000e+01   1.0000000e+01   5.2000000e+01  -5.3795396e+01  -3.8581056e+01   5.0303849e+02   2.5772654e+00   9.2416037e+00   3.8253590e+00
   2.0150000e+03   1.2000000e+01   4.0000000e+00   1.6000000e+01   1.2000000e+01   3.0000099e+01  -5.3791026e+01  -3.8582487e+01   4.9462860e+02   3.6918072e+00   1.1173057e+01   1.8922419e+00
   2.0150000e+03   1.2000000e+01   4.0000000e+00   1.6000000e+01   1.4000000e+01   8.0000000e+00  -5.3786583e+01  -3.8583844e+01   5.0166788e+02   1.8838985e+00   6.5166325e+00   6.5166325e+00
   2.0150000e+03   1.2000000e+01   4.0000000e+00   1.6000000e+01   1.5000000e+01   4.4999901e+01  -5.3782141e+01  -3.8585256e+01   5.0218050e+02   2.5739620e+00   2.2935889e+01   1.7898689e+00
   2.0150000e+03   1.2000000e+01   4.0000000e+00   1.6000000e+01   1.8000000e+01   5.8999901e+01  -5.3773332e+01  -3.8587978e+01   9.9503327e+02   4.3345717e+00   1.6326669e+01   3.1164275e+00
   2.0150000e+03   1.2000000e+01   4.0000000e+00   1.6000000e+01   2.0000000e+01   3.8000099e+01  -5.3768931e+01  -3.8589276e+01   4.9650110e+02   9.5831388e+00   4.1501324e+01   1.6900013e+00
   2.0150000e+03   1.2000000e+01   4.0000000e+00   1.6000000e+01   2.2000000e+01   1.7000000e+01  -5.3764498e+01  -3.8590669e+01   5.0096803e+02   7.2394231e+00   8.0343169e+01   8.0343169e+01
   2.0150000e+03   1.2000000e+01   4.0000000e+00   1.6000000e+01   2.3000000e+01   5.6000000e+01  -5.3760067e+01  -3.8592024e+01   5.0033890e+02   1.2225521e+01   4.1559245e+01   5.8565091e+00
   2.0150000e+03   1.2000000e+01   4.0000000e+00   1.6000000e+01   2.5000000e+01   3.4000099e+01  -5.3755646e+01  -3.8593443e+01   5.0002797e+02   1.1217436e+01   7.2224009e+01   8.3515354e+00
   2.0150000e+03   1.2000000e+01   4.0000000e+00   1.6000000e+01   2.7000000e+01   1.2000000e+01  -5.3751251e+01  -3.8594912e+01   4.9781004e+02   7.2658697e+00   3.4243392e+01   1.0415829e+01
   2.0150000e+03   1.2000000e+01   4.0000000e+00   1.6000000e+01   2.8000000e+01   5.0999901e+01  -5.3746842e+01  -3.8596356e+01   4.9903539e+02   5.8925953e+00   2.4651103e+01   1.4059949e+01
   2.0150000e+03   1.2000000e+01   4.0000000e+00   1.6000000e+01   3.0000000e+01   3.1000099e+01  -5.3742428e+01  -3.8597760e+01   4.9914214e+02   5.2808686e+00   4.2095272e+01   3.1535432e+01
   2.0150000e+03   1.2000000e+01   4.0000000e+00   1.6000000e+01   3.3000000e+01   4.8000000e+01  -5.3733619e+01  -3.8600461e+01   9.9476430e+02   7.4428090e+00   6.5028813e+01   3.6816473e+01
   2.0150000e+03   1.2000000e+01   4.0000000e+00   1.6000000e+01   3.5000000e+01   2.5000000e+01  -5.3729179e+01  -3.8601639e+01   4.9940278e+02   9.9333224e+00   3.9058684e+01   1.8360164e+01
   2.0150000e+03   1.2000000e+01   4.0000000e+00   1.6000000e+01   3.7000000e+01   9.9990082e-01  -5.3724757e+01  -3.8602874e+01   4.9805750e+02   8.7015238e+00   3.1279578e+01   1.4728003e+01
   2.0150000e+03   1.2000000e+01   4.0000000e+00   1.6000000e+01   3.8000000e+01   3.6000000e+01  -5.3720320e+01  -3.8604120e+01   4.9985482e+02   1.1397627e+01   4.0082061e+01   2.1021461e+01
   2.0150000e+03   1.2000000e+01   4.0000000e+00   1.6000000e+01   4.1000000e+01   4.8000000e+01  -5.3711541e+01  -3.8606957e+01   9.9316701e+02   1.7553243e+01   5.1722246e+01   3.7731748e+01
   2.0150000e+03   1.2000000e+01   4.0000000e+00   1.6000000e+01   4.3000000e+01   2.6000000e+01  -5.3707124e+01  -3.8608719e+01   5.0427934e+02   6.9505923e+00   4.7308370e+01   4.3014492e+01
   2.0150000e+03   1.2000000e+01   4.0000000e+00   1.6000000e+01   4.6000000e+01   3.9000000e+01  -5.3698338e+01  -3.8611680e+01   9.9552049e+02   8.3890871e+00   2.3690437e+01   2.0055234e+01
   2.0150000e+03   1.2000000e+01   4.0000000e+00   1.6000000e+01   4.8000000e+01   1.4000000e+01  -5.3693929e+01  -3.8613050e+01   4.9814972e+02   7.0013747e+00   2.7099758e+01   2.5573204e+01
   2.0150000e+03   1.2000000e+01   4.0000000e+00   1.6000000e+01   4.9000000e+01   5.0000000e+01  -5.3689539e+01  -3.8614459e+01   4.9664230e+02   1.0220281e+01   3.5380609e+01   3.4296206e+01
   2.0150000e+03   1.2000000e+01   4.0000000e+00   1.6000000e+01   5.1000000e+01   2.7000000e+01  -5.3685137e+01  -3.8615857e+01   4.9771509e+02   3.0837118e+00   7.4495322e+01   7.3912172e+01
   2.0150000e+03   1.2000000e+01   4.0000000e+00   1.6000000e+01   5.3000000e+01   3.0000000e+00  -5.3680747e+01  -3.8617253e+01   4.9634578e+02   7.6593912e+00   8.2167474e+01   7.9411100e+01
   2.0150000e+03   1.2000000e+01   4.0000000e+00   1.6000000e+01   5.4000000e+01   3.9000000e+01  -5.3676268e+01  -3.8618608e+01   5.0566743e+02   2.4696559e+01   7.3575321e+01   7.3575321e+01
   2.0150000e+03   1.2000000e+01   4.0000000e+00   1.6000000e+01   5.6000000e+01   1.5000000e+01  -5.3671827e+01  -3.8619979e+01   5.0160604e+02   1.3798644e+01   4.6171613e+01   4.3579933e+01
   2.0150000e+03   1.2000000e+01   4.0000000e+00   1.6000000e+01   5.7000000e+01   5.2000000e+01  -5.3667416e+01  -3.8621271e+01   4.9750840e+02   1.3122370e+01   3.9018223e+01   3.7468944e+01
   2.0150000e+03   1.2000000e+01   4.0000000e+00   1.7000000e+01   1.0000000e+00   7.0000000e+00  -5.3658603e+01  -3.8623812e+01   9.9346796e+02   1.0739269e+01   3.3377120e+01   3.3377120e+01
   2.0150000e+03   1.2000000e+01   4.0000000e+00   1.7000000e+01   2.0000000e+00   4.4999901e+01  -5.3654185e+01  -3.8625178e+01   4.9913595e+02   1.1149039e+01   3.1619691e+01   3.0606105e+01
   2.0150000e+03   1.2000000e+01   4.0000000e+00   1.7000000e+01   4.0000000e+00   2.3000000e+01  -5.3649784e+01  -3.8626522e+01   4.9697441e+02   2.2633105e+01   6.9561649e+01   6.8893381e+01
   2.0150000e+03   1.2000000e+01   4.0000000e+00   1.7000000e+01   6.0000000e+00   1.0000000e+00  -5.3645384e+01  -3.8628012e+01   4.9872034e+02   1.4503562e+01   4.2245260e+01   4.1529850e+01
   2.0150000e+03   1.2000000e+01   4.0000000e+00   1.7000000e+01   7.0000000e+00   3.9000000e+01  -5.3640991e+01  -3.8629476e+01   4.9750053e+02   4.9762499e+00   1.7423729e+01   1.6633995e+01
   2.0150000e+03   1.2000000e+01   4.0000000e+00   1.7000000e+01   9.0000000e+00   1.9000000e+01  -5.3636532e+01  -3.8630925e+01   5.0469776e+02   1.4762423e+01   4.4093384e+01   4.2261624e+01
   2.0150000e+03   1.2000000e+01   4.0000000e+00   1.7000000e+01   1.2000000e+01   3.6000099e+01  -5.3627745e+01  -3.8633833e+01   9.9499436e+02   4.5956439e+00   1.6955231e+01   1.5733185e+01
   2.0150000e+03   1.2000000e+01   4.0000000e+00   1.7000000e+01   1.4000000e+01   1.5000000e+01  -5.3623319e+01  -3.8635235e+01   5.0041383e+02   4.8403931e+00   6.0976781e+01   6.0325530e+01
   2.0150000e+03   1.2000000e+01   4.0000000e+00   1.7000000e+01   1.7000000e+01   3.2000099e+01  -5.3614534e+01  -3.8637931e+01   9.9218845e+02   4.4924498e+00   4.3618932e+01   4.2181473e+01
   2.0150000e+03   1.2000000e+01   4.0000000e+00   1.7000000e+01   1.9000000e+01   1.1000000e+01  -5.3610113e+01  -3.8639269e+01   4.9910358e+02   5.1394484e+00   4.5175354e+01   4.4340834e+01
   2.0150000e+03   1.2000000e+01   4.0000000e+00   1.7000000e+01   2.0000000e+01   5.1000000e+01  -5.3605698e+01  -3.8640564e+01   4.9798771e+02   5.1316140e+00   3.2573235e+01   3.1545806e+01
   2.0150000e+03   1.2000000e+01   4.0000000e+00   1.7000000e+01   2.2000000e+01   3.1000000e+01  -5.3601287e+01  -3.8641863e+01   4.9761586e+02   4.6825773e+00   1.6698344e+01   1.6077446e+01
   2.0150000e+03   1.2000000e+01   4.0000000e+00   1.7000000e+01   2.4000000e+01   1.0000099e+01  -5.3596870e+01  -3.8643336e+01   5.0032121e+02   4.8466785e+00   1.5613866e+01   1.3333287e+01
   2.0150000e+03   1.2000000e+01   4.0000000e+00   1.7000000e+01   2.5000000e+01   4.8000000e+01  -5.3592489e+01  -3.8644801e+01   4.9630675e+02   5.3083684e+00   2.1079092e+01   2.0188842e+01
   2.0150000e+03   1.2000000e+01   4.0000000e+00   1.7000000e+01   2.7000000e+01   2.6000000e+01  -5.3588072e+01  -3.8646243e+01   4.9997387e+02   4.5326139e+00   3.3459039e+01   3.2021212e+01
   2.0150000e+03   1.2000000e+01   4.0000000e+00   1.7000000e+01   2.9000000e+01   3.0000000e+00  -5.3583660e+01  -3.8647651e+01   4.9892512e+02   4.0378774e+00   3.8347776e+01   3.6963574e+01
   2.0150000e+03   1.2000000e+01   4.0000000e+00   1.7000000e+01   3.0000000e+01   3.9000000e+01  -5.3579266e+01  -3.8649055e+01   4.9703405e+02   3.5664619e+00   1.8224131e+01   1.7729690e+01
   2.0150000e+03   1.2000000e+01   4.0000000e+00   1.7000000e+01   3.2000000e+01   1.6000000e+01  -5.3574850e+01  -3.8650432e+01   4.9904782e+02   1.9492098e+01   6.1381721e+01   6.1381721e+01
   2.0150000e+03   1.2000000e+01   4.0000000e+00   1.7000000e+01   3.3000000e+01   5.2999901e+01  -5.3570405e+01  -3.8651747e+01   5.0145853e+02   3.7324310e+00   1.4159301e+01   1.3440215e+01
   2.0150000e+03   1.2000000e+01   4.0000000e+00   1.7000000e+01   3.5000000e+01   2.9000000e+01  -5.3565984e+01  -3.8653075e+01   4.9899934e+02   3.3373100e+00   1.1443154e+01   1.0824171e+01
   2.0150000e+03   1.2000000e+01   4.0000000e+00   1.7000000e+01   3.8000000e+01   4.1000000e+01  -5.3557157e+01  -3.8655781e+01   9.9705275e+02   9.0577435e+00   5.7200460e+01   5.5717427e+01
   2.0150000e+03   1.2000000e+01   4.0000000e+00   1.7000000e+01   4.1000000e+01   5.3000099e+01  -5.3548386e+01  -3.8658613e+01   9.9236036e+02   2.6437336e+01   7.8820175e+01   7.5723437e+01
   2.0150000e+03   1.2000000e+01   4.0000000e+00   1.7000000e+01   4.3000000e+01   2.9000000e+01  -5.3544000e+01  -3.8660156e+01   4.9792691e+02   1.1543331e+01   3.8500845e+01   3.3275873e+01
   2.0150000e+03   1.2000000e+01   4.0000000e+00   1.7000000e+01   4.5000000e+01   6.0000000e+00  -5.3539546e+01  -3.8661436e+01   5.0203294e+02   6.4525972e+00   2.7296329e+01   1.9637825e+01
   2.0150000e+03   1.2000000e+01   4.0000000e+00   1.7000000e+01   4.6000000e+01   4.5000000e+01  -5.3535126e+01  -3.8662682e+01   4.9798297e+02   5.8269021e+00   1.6219711e+01   9.5419195e+00
   2.0150000e+03   1.2000000e+01   4.0000000e+00   1.7000000e+01   4.8000000e+01   2.5000000e+01  -5.3530711e+01  -3.8664014e+01   4.9848395e+02   7.1174286e+00   2.6446046e+01   2.3195684e+01
   2.0150000e+03   1.2000000e+01   4.0000000e+00   1.7000000e+01   5.0000000e+01   3.9999008e+00  -5.3526263e+01  -3.8665378e+01   5.0234892e+02   8.6478196e+00   5.1984896e+01   5.0562620e+01
   2.0150000e+03   1.2000000e+01   4.0000000e+00   1.7000000e+01   5.3000000e+01   2.3000000e+01  -5.3517505e+01  -3.8668193e+01   9.9079115e+02   5.2798064e+00   2.4079327e+01   2.3186451e+01
   2.0150000e+03   1.2000000e+01   4.0000000e+00   1.7000000e+01   5.5000000e+01   2.0000000e+00  -5.3513120e+01  -3.8669600e+01   4.9614250e+02   3.6161710e+00   2.9866966e+01   2.5922360e+01
   2.0150000e+03   1.2000000e+01   4.0000000e+00   1.7000000e+01   5.6000000e+01   4.0000099e+01  -5.3508668e+01  -3.8671065e+01   5.0404242e+02   5.5819316e+00   3.0406955e+01   2.6510766e+01
   2.0150000e+03   1.2000000e+01   4.0000000e+00   1.7000000e+01   5.8000000e+01   1.7000000e+01  -5.3504226e+01  -3.8672495e+01   5.0254478e+02   1.3644182e+01   3.7979819e+01   3.6278078e+01
   2.0150000e+03   1.2000000e+01   4.0000000e+00   1.8000000e+01   1.0000000e+00   2.9000000e+01  -5.3495467e+01  -3.8675402e+01   9.9210964e+02   5.7523026e+00   2.3272296e+01   2.2152324e+01
   2.0150000e+03   1.2000000e+01   4.0000000e+00   1.8000000e+01   3.0000000e+00   6.0000000e+00  -5.3491019e+01  -3.8676915e+01   5.0422577e+02   4.6281664e+00   2.2261160e+01   1.8282646e+01
   2.0150000e+03   1.2000000e+01   4.0000000e+00   1.8000000e+01   6.0000000e+00   2.0000000e+01  -5.3482282e+01  -3.8679802e+01   9.8952438e+02   1.2837324e+01   4.3864510e+01   4.3864510e+01
   2.0150000e+03   1.2000000e+01   4.0000000e+00   1.8000000e+01   7.0000000e+00   5.5000099e+01  -5.3477876e+01  -3.8681312e+01   4.9962261e+02   3.9613341e+00   4.2923884e+01   3.9673441e+01
   2.0150000e+03   1.2000000e+01   4.0000000e+00   1.8000000e+01   9.0000000e+00   3.1000000e+01  -5.3473427e+01  -3.8682535e+01   5.0094180e+02   6.6829961e+00   1.9500243e+01   1.6902558e+01
   2.0150000e+03   1.2000000e+01   4.0000000e+00   1.8000000e+01   1.1000000e+01   7.0000000e+00  -5.3469015e+01  -3.8683700e+01   4.9632399e+02   7.5198981e+00   2.1735829e+01   1.8937481e+01
   2.0150000e+03   1.2000000e+01   4.0000000e+00   1.8000000e+01   1.2000000e+01   4.2000099e+01  -5.3464596e+01  -3.8685032e+01   4.9884083e+02   5.9705788e+00   1.8111536e+01   1.4918136e+01
   2.0150000e+03   1.2000000e+01   4.0000000e+00   1.8000000e+01   1.4000000e+01   1.7000000e+01  -5.3460151e+01  -3.8686319e+01   5.0122788e+02   6.5212290e+00   1.8537358e+01   1.4802788e+01
   2.0150000e+03   1.2000000e+01   4.0000000e+00   1.8000000e+01   1.5000000e+01   5.4000000e+01  -5.3455712e+01  -3.8687684e+01   5.0143388e+02   7.4490601e+00   2.4847518e+01   1.9222934e+01
   2.0150000e+03   1.2000000e+01   4.0000000e+00   1.8000000e+01   1.9000000e+01   9.0000992e+00  -5.3446933e+01  -3.8690497e+01   9.9317611e+02   4.0380253e+00   1.7505714e+01   1.4465208e+01
   2.0150000e+03   1.2000000e+01   4.0000000e+00   1.8000000e+01   2.0000000e+01   4.7000000e+01  -5.3442511e+01  -3.8691907e+01   5.0012719e+02   5.1260373e+00   1.5564131e+01   1.1656124e+01
   2.0150000e+03   1.2000000e+01   4.0000000e+00   1.8000000e+01   2.2000000e+01   2.3000099e+01  -5.3438137e+01  -3.8693306e+01   4.9483672e+02   1.7586631e+00   2.8432181e+01   2.5704912e+01
   2.0150000e+03   1.2000000e+01   4.0000000e+00   1.8000000e+01   2.3000000e+01   5.9000000e+01  -5.3433720e+01  -3.8694718e+01   4.9959032e+02   2.5092662e+00   1.3823502e+01   1.2960961e+01
   2.0150000e+03   1.2000000e+01   4.0000000e+00   1.8000000e+01   2.5000000e+01   3.4000000e+01  -5.3429296e+01  -3.8696075e+01   4.9975867e+02   6.4876992e+00   9.0169488e+01   8.6276319e+01
   2.0150000e+03   1.2000000e+01   4.0000000e+00   1.8000000e+01   2.7000000e+01   9.0000000e+00  -5.3424855e+01  -3.8697471e+01   5.0203794e+02   6.3045475e+00   5.9431392e+01   5.5979567e+01
   2.0150000e+03   1.2000000e+01   4.0000000e+00   1.8000000e+01   3.0000000e+01   2.2000000e+01  -5.3416074e+01  -3.8700164e+01   9.9191419e+02   1.5787157e+01   5.6509027e+01   5.3107713e+01
   2.0150000e+03   1.2000000e+01   4.0000000e+00   1.8000000e+01   3.2000000e+01   0.0000000e+00  -5.3411665e+01  -3.8701637e+01   4.9951556e+02   1.8404425e+01   6.0548119e+01   5.6423546e+01
   2.0150000e+03   1.2000000e+01   4.0000000e+00   1.8000000e+01   3.3000000e+01   3.8000099e+01  -5.3407257e+01  -3.8702991e+01   4.9801451e+02   1.6635786e+01   5.2731125e+01   4.7279926e+01
   2.0150000e+03   1.2000000e+01   4.0000000e+00   1.8000000e+01   3.5000000e+01   1.7000000e+01  -5.3402867e+01  -3.8704378e+01   4.9637456e+02   9.6800061e+00   3.3654306e+01   3.0599245e+01
   2.0150000e+03   1.2000000e+01   4.0000000e+00   1.8000000e+01   3.6000000e+01   5.6000000e+01  -5.3398452e+01  -3.8705733e+01   4.9869346e+02   1.7236632e+01   5.3719727e+01   4.9420002e+01
   2.0150000e+03   1.2000000e+01   4.0000000e+00   1.8000000e+01   3.8000000e+01   3.5000000e+01  -5.3394001e+01  -3.8707056e+01   5.0233234e+02   8.5226739e+00   3.1671741e+01   2.5444193e+01
   2.0150000e+03   1.2000000e+01   4.0000000e+00   1.8000000e+01   4.0000000e+01   1.4000000e+01  -5.3389556e+01  -3.8708435e+01   5.0230768e+02   3.1211315e+01   8.9316423e+01   8.9316423e+01
   2.0150000e+03   1.2000000e+01   4.0000000e+00   1.8000000e+01   4.3000000e+01   3.0000000e+01  -5.3380753e+01  -3.8711079e+01   9.9378335e+02   1.0815517e+01   3.6385295e+01   3.1304930e+01
   2.0150000e+03   1.2000000e+01   4.0000000e+00   1.8000000e+01   4.5000000e+01   7.0000000e+00  -5.3376353e+01  -3.8712467e+01   4.9751391e+02   2.0532853e+01   5.9637210e+01   5.2295022e+01
   2.0150000e+03   1.2000000e+01   4.0000000e+00   1.8000000e+01   4.6000000e+01   4.4000000e+01  -5.3371937e+01  -3.8714026e+01   5.0149414e+02   1.3308256e+01   4.3819001e+01   3.5707427e+01
   2.0150000e+03   1.2000000e+01   4.0000000e+00   1.8000000e+01   4.8000000e+01   2.1000000e+01  -5.3367543e+01  -3.8715492e+01   4.9775953e+02   9.4432955e+00   2.9221029e+01   2.2854099e+01
   2.0150000e+03   1.2000000e+01   4.0000000e+00   1.8000000e+01   4.9000000e+01   5.8000099e+01  -5.3363146e+01  -3.8716852e+01   4.9692119e+02   2.0522140e+01   6.7112974e+01   5.8856659e+01
   2.0150000e+03   1.2000000e+01   4.0000000e+00   1.8000000e+01   5.1000000e+01   3.7000000e+01  -5.3358732e+01  -3.8718270e+01   4.9938247e+02   2.0309230e+00   6.3746257e+01   5.9397683e+01
   2.0150000e+03   1.2000000e+01   4.0000000e+00   1.8000000e+01   5.3000000e+01   1.6000000e+01  -5.3354295e+01  -3.8719609e+01   5.0097169e+02   1.4971900e+01   4.3703134e+01   4.1316722e+01
   2.0150000e+03   1.2000000e+01   4.0000000e+00   1.8000000e+01   5.4000000e+01   5.4000099e+01  -5.3349931e+01  -3.8721072e+01   4.9451394e+02   7.4434391e+00   2.5917840e+01   2.4880516e+01
   2.0150000e+03   1.2000000e+01   4.0000000e+00   1.8000000e+01   5.6000000e+01   3.2000000e+01  -5.3345507e+01  -3.8722560e+01   5.0148658e+02   1.3150640e+00   6.0504187e+01   5.7253193e+01
   2.0150000e+03   1.2000000e+01   4.0000000e+00   1.8000000e+01   5.8000000e+01   9.0000000e+00  -5.3341077e+01  -3.8723920e+01   5.0041417e+02   3.4407675e+00   1.4158906e+01   1.2704372e+01
   2.0150000e+03   1.2000000e+01   4.0000000e+00   1.9000000e+01   1.0000000e+00   2.3000000e+01  -5.3332318e+01  -3.8726815e+01   9.9204756e+02   3.8451272e+00   1.5828738e+01   5.8351850e+00
   2.0150000e+03   1.2000000e+01   4.0000000e+00   1.9000000e+01   2.0000000e+00   5.9000000e+01  -5.3327900e+01  -3.8728055e+01   4.9785234e+02   4.2311099e+00   1.6481882e+01   8.7805563e+00
   2.0150000e+03   1.2000000e+01   4.0000000e+00   1.9000000e+01   4.0000000e+00   3.6000000e+01  -5.3323451e+01  -3.8729359e+01   5.0184934e+02   9.0877051e+00   2.6890724e+01   2.3919164e+01
   2.0150000e+03   1.2000000e+01   4.0000000e+00   1.9000000e+01   6.0000000e+00   1.4000000e+01  -5.3319015e+01  -3.8730721e+01   5.0109495e+02   3.4190137e+01   1.0304177e+02   9.7532208e+01
   2.0150000e+03   1.2000000e+01   4.0000000e+00   1.9000000e+01   9.0000000e+00   3.2000000e+01  -5.3310204e+01  -3.8733617e+01   9.9782281e+02   6.7898053e+00   9.1710780e+01   7.9070437e+01
   2.0150000e+03   1.2000000e+01   4.0000000e+00   1.9000000e+01   1.2000000e+01   4.2000000e+01  -5.3301418e+01  -3.8736464e+01   9.9446528e+02   1.1327664e+01   4.2255383e+01   2.5272503e+01
   2.0150000e+03   1.2000000e+01   4.0000000e+00   1.9000000e+01   1.4000000e+01   1.5000000e+01  -5.3297004e+01  -3.8737925e+01   4.9997788e+02   6.1145004e+00   2.7243640e+01   1.1601201e+01
   2.0150000e+03   1.2000000e+01   4.0000000e+00   1.9000000e+01   1.5000000e+01   5.0000000e+01  -5.3292614e+01  -3.8739415e+01   4.9769854e+02   8.6007007e+00   3.1230660e+01   6.9095064e+00
   2.0150000e+03   1.2000000e+01   4.0000000e+00   1.9000000e+01   1.7000000e+01   2.6000099e+01  -5.3288236e+01  -3.8740794e+01   4.9510354e+02   3.1048884e+00   6.2689682e+01   4.9164332e+01
   2.0150000e+03   1.2000000e+01   4.0000000e+00   1.9000000e+01   1.9000000e+01   0.0000000e+00  -5.3283817e+01  -3.8742052e+01   4.9800911e+02   6.6189621e+00   2.3968730e+01   1.1468003e+01
   2.0150000e+03   1.2000000e+01   4.0000000e+00   1.9000000e+01   2.0000000e+01   3.5000000e+01  -5.3279372e+01  -3.8743310e+01   5.0098499e+02   4.8543275e+00   1.9525463e+01   1.0458816e+01
   2.0150000e+03   1.2000000e+01   4.0000000e+00   1.9000000e+01   2.2000000e+01   1.0000000e+01  -5.3274951e+01  -3.8744659e+01   4.9943373e+02   9.5983977e+00   3.0691308e+01   2.1809828e+01
   2.0150000e+03   1.2000000e+01   4.0000000e+00   1.9000000e+01   2.3000000e+01   4.4000000e+01  -5.3270550e+01  -3.8745991e+01   4.9689624e+02   8.3860480e+00   2.8976261e+01   1.4565089e+01
   2.0150000e+03   1.2000000e+01   4.0000000e+00   1.9000000e+01   2.5000000e+01   1.7999901e+01  -5.3266106e+01  -3.8747268e+01   5.0106099e+02   6.2334745e+00   2.8165239e+01   1.5651752e+01
   2.0150000e+03   1.2000000e+01   4.0000000e+00   1.9000000e+01   2.6000000e+01   5.1000000e+01  -5.3261709e+01  -3.8748619e+01   4.9683503e+02   1.5982772e+01   5.1660396e+01   4.0152284e+01
   2.0150000e+03   1.2000000e+01   4.0000000e+00   1.9000000e+01   2.8000000e+01   2.4000000e+01  -5.3257268e+01  -3.8749939e+01   5.0124411e+02   4.3036991e+00   1.8351902e+01   1.0569045e+01
   2.0150000e+03   1.2000000e+01   4.0000000e+00   1.9000000e+01   2.9000000e+01   5.2000000e+01  -5.3253066e+01  -3.8751136e+01   4.7356634e+02   4.9234096e+00   1.7158646e+01   5.4193664e+00
