   2.0150000e+03   1.2000000e+01   3.0000000e+00   1.4000000e+01   4.6000000e+01   3.0999901e+01  -5.3323399e+01  -3.9301595e+01   6.0070219e+02   4.4379325e+00   1.8430491e+01   2.5185821e+00
   2.0150000e+03   1.2000000e+01   3.0000000e+00   1.4000000e+01   4.8000000e+01   1.4000000e+01  -5.3327834e+01  -3.9300112e+01   5.0252726e+02   5.7488314e+00   1.6269279e+01   2.2523214e+00
   2.0150000e+03   1.2000000e+01   3.0000000e+00   1.4000000e+01   4.9000000e+01   5.3000000e+01  -5.3332277e+01  -3.9298687e+01   5.0275592e+02   2.7426198e+00   1.6848722e+01   3.2022576e+00
   2.0150000e+03   1.2000000e+01   3.0000000e+00   1.4000000e+01   5.1000000e+01   3.0000000e+01  -5.3336672e+01  -3.9297281e+01   4.9716678e+02   8.6436780e+00   2.7568445e+01   6.9679855e+00
   2.0150000e+03   1.2000000e+01   3.0000000e+00   1.4000000e+01   5.4000000e+01   4.3000000e+01  -5.3345486e+01  -3.9294467e+01   9.9698965e+02   1.5092604e+01   4.4423668e+01   3.2239632e+01
   2.0150000e+03   1.2000000e+01   3.0000000e+00   1.4000000e+01   5.6000000e+01   2.0000099e+01  -5.3349933e+01  -3.9293081e+01   5.0271577e+02   8.0499588e+00   2.4144119e+01   1.0231658e+01
   2.0150000e+03   1.2000000e+01   3.0000000e+00   1.4000000e+01   5.7000000e+01   5.7000000e+01  -5.3354331e+01  -3.9291720e+01   4.9696268e+02   7.2508269e+00   2.4964070e+01   1.4337310e+01
   2.0150000e+03   1.2000000e+01   3.0000000e+00   1.4000000e+01   5.9000000e+01   3.5000000e+01  -5.3358770e+01  -3.9290561e+01   4.9917334e+02   1.2254515e+01   4.0326383e+01   2.6260661e+01
   2.0150000e+03   1.2000000e+01   3.0000000e+00   1.5000000e+01   1.0000000e+00   1.2000000e+01  -5.3363179e+01  -3.9289377e+01   4.9618849e+02   9.4747712e+00   2.7968911e+01   8.1894270e+00
   2.0150000e+03   1.2000000e+01   3.0000000e+00   1.5000000e+01   4.0000000e+00   2.6000000e+01  -5.3372026e+01  -3.9286922e+01   9.9649225e+02   8.7095459e+00   2.6331888e+01   1.4357057e+01
   2.0150000e+03   1.2000000e+01   3.0000000e+00   1.5000000e+01   7.0000000e+00   3.9999901e+01  -5.3380894e+01  -3.9284545e+01   9.9794043e+02   6.5225541e+00   2.8307519e+01   6.0614624e+00
   2.0150000e+03   1.2000000e+01   3.0000000e+00   1.5000000e+01   1.0000000e+01   5.2999901e+01  -5.3389738e+01  -3.9281983e+01   9.9730887e+02   5.1147958e+00   3.2484090e+01   1.6650671e+01
   2.0150000e+03   1.2000000e+01   3.0000000e+00   1.5000000e+01   1.2000000e+01   3.1000099e+01  -5.3394178e+01  -3.9280682e+01   5.0083863e+02   5.0323839e+00   2.8862655e+01   1.1313990e+01
   2.0150000e+03   1.2000000e+01   3.0000000e+00   1.5000000e+01   1.4000000e+01   8.0000000e+00  -5.3398610e+01  -3.9279381e+01   4.9992459e+02   7.5417860e+00   3.1340968e+01   3.0673424e+00
   2.0150000e+03   1.2000000e+01   3.0000000e+00   1.5000000e+01   1.5000000e+01   4.3000099e+01  -5.3403005e+01  -3.9278088e+01   4.9586659e+02   1.4447591e+01   4.0216183e+01   1.5413628e+01
   2.0150000e+03   1.2000000e+01   3.0000000e+00   1.5000000e+01   1.8000000e+01   5.8000000e+01  -5.3411825e+01  -3.9275439e+01   9.9562725e+02   2.3372585e+01   7.9217330e+01   5.7839871e+01
   2.0150000e+03   1.2000000e+01   3.0000000e+00   1.5000000e+01   2.0000000e+01   3.6000000e+01  -5.3416240e+01  -3.9274132e+01   4.9815536e+02   1.9173183e+01   5.3370297e+01   3.5055553e+01
   2.0150000e+03   1.2000000e+01   3.0000000e+00   1.5000000e+01   2.2000000e+01   1.3000000e+01  -5.3420649e+01  -3.9272815e+01   4.9763637e+02   1.8967043e+01   6.7219863e+01   1.3454016e+01
   2.0150000e+03   1.2000000e+01   3.0000000e+00   1.5000000e+01   2.3000000e+01   5.0000000e+01  -5.3425060e+01  -3.9271466e+01   4.9824088e+02   1.3349885e+01   4.1636303e+01   3.6509963e+00
   2.0150000e+03   1.2000000e+01   3.0000000e+00   1.5000000e+01   2.5000000e+01   2.7000000e+01  -5.3429479e+01  -3.9270124e+01   4.9907481e+02   6.0319220e+00   1.8713886e+01   1.3512528e+00
   2.0150000e+03   1.2000000e+01   3.0000000e+00   1.5000000e+01   2.7000000e+01   3.9999008e+00  -5.3433881e+01  -3.9268770e+01   4.9722394e+02   4.6520140e+00   1.9406108e+01   2.2599070e+00
   2.0150000e+03   1.2000000e+01   3.0000000e+00   1.5000000e+01   2.8000000e+01   4.1000000e+01  -5.3438308e+01  -3.9267384e+01   5.0044625e+02   4.7939325e+00   2.1377109e+01   5.7211688e+00
   2.0150000e+03   1.2000000e+01   3.0000000e+00   1.5000000e+01   3.0000000e+01   1.8000000e+01  -5.3442712e+01  -3.9265966e+01   4.9825980e+02   4.8785300e+00   1.5609768e+01   6.4575476e+00
   2.0150000e+03   1.2000000e+01   3.0000000e+00   1.5000000e+01   3.1000000e+01   5.6000000e+01  -5.3447147e+01  -3.9264558e+01   5.0154538e+02   2.1832061e+00   1.1769949e+01   4.8813408e+00
   2.0150000e+03   1.2000000e+01   3.0000000e+00   1.5000000e+01   3.3000000e+01   3.3000000e+01  -5.3451601e+01  -3.9263200e+01   5.0302986e+02   3.7705213e+00   1.9040103e+01   6.6794622e+00
   2.0150000e+03   1.2000000e+01   3.0000000e+00   1.5000000e+01   3.5000000e+01   8.0000000e+00  -5.3455986e+01  -3.9261861e+01   4.9528727e+02   2.7332410e+00   1.1580372e+01   7.3409844e+00
   2.0150000e+03   1.2000000e+01   3.0000000e+00   1.5000000e+01   3.8000000e+01   2.0000000e+01  -5.3464801e+01  -3.9259434e+01   9.9259157e+02   5.4490774e+00   1.5911434e+01   5.7745007e+00
   2.0150000e+03   1.2000000e+01   3.0000000e+00   1.5000000e+01   3.9000000e+01   5.8000000e+01  -5.3469247e+01  -3.9258243e+01   5.0031984e+02   1.2395469e+01   4.2918660e+01   2.7595830e+01
   2.0150000e+03   1.2000000e+01   3.0000000e+00   1.5000000e+01   4.1000000e+01   3.6999901e+01  -5.3473707e+01  -3.9257019e+01   5.0206381e+02   9.7807208e+00   3.5334561e+01   2.4118847e+01
   2.0150000e+03   1.2000000e+01   3.0000000e+00   1.5000000e+01   4.3000000e+01   1.7000000e+01  -5.3478118e+01  -3.9255515e+01   5.0014967e+02   3.6511432e+00   2.2630930e+01   1.4406862e+01
   2.0150000e+03   1.2000000e+01   3.0000000e+00   1.5000000e+01   4.4000000e+01   5.5999901e+01  -5.3482520e+01  -3.9254126e+01   4.9776894e+02   5.4247464e+00   3.7626601e+01   2.5005418e+01
   2.0150000e+03   1.2000000e+01   3.0000000e+00   1.5000000e+01   4.8000000e+01   1.0000000e+01  -5.3491337e+01  -3.9251361e+01   9.9665684e+02   7.6720953e+00   2.6905531e+01   2.0491943e+01
   2.0150000e+03   1.2000000e+01   3.0000000e+00   1.5000000e+01   4.9000000e+01   4.7000000e+01  -5.3495762e+01  -3.9249961e+01   5.0029462e+02   2.8378694e+00   1.0659513e+01   4.8917387e+00
   2.0150000e+03   1.2000000e+01   3.0000000e+00   1.5000000e+01   5.1000000e+01   2.3999901e+01  -5.3500158e+01  -3.9248578e+01   4.9694685e+02   2.2584496e+00   6.2865997e+00   2.0010345e+00
   2.0150000e+03   1.2000000e+01   3.0000000e+00   1.5000000e+01   5.3000000e+01   2.0000000e+00  -5.3504600e+01  -3.9247385e+01   4.9985875e+02   1.1500005e+00   5.8862755e+00   1.6622307e+00
   2.0150000e+03   1.2000000e+01   3.0000000e+00   1.5000000e+01   5.6000000e+01   1.6000000e+01  -5.3513438e+01  -3.9244960e+01   9.9512868e+02   2.2590988e+00   6.2884068e+00   4.9211156e-01
   2.0150000e+03   1.2000000e+01   3.0000000e+00   1.5000000e+01   5.7000000e+01   5.3000000e+01  -5.3517853e+01  -3.9243642e+01   4.9824994e+02   1.7137600e+00   6.7153999e+00   2.7052164e+00
   2.0150000e+03   1.2000000e+01   3.0000000e+00   1.5000000e+01   5.9000000e+01   3.0000000e+01  -5.3522236e+01  -3.9242272e+01   4.9535612e+02   2.2282533e+00   1.0885785e+01   5.8813500e+00
   2.0150000e+03   1.2000000e+01   3.0000000e+00   1.6000000e+01   1.0000000e+00   8.0000000e+00  -5.3526649e+01  -3.9240965e+01   4.9789166e+02   1.3175354e+00   1.0311073e+01   7.6046321e+00
   2.0150000e+03   1.2000000e+01   3.0000000e+00   1.6000000e+01   2.0000000e+00   4.6000000e+01  -5.3531099e+01  -3.9239637e+01   5.0223932e+02   1.8708106e+00   1.0126666e+01   8.9529126e+00
   2.0150000e+03   1.2000000e+01   3.0000000e+00   1.6000000e+01   4.0000000e+00   2.3000000e+01  -5.3535538e+01  -3.9238340e+01   5.0058568e+02   1.4903003e+00   1.2391585e+01   1.0692374e+01
   2.0150000e+03   1.2000000e+01   3.0000000e+00   1.6000000e+01   7.0000000e+00   3.8000000e+01  -5.3544355e+01  -3.9235769e+01   9.9442944e+02   5.9090911e+00   1.9497238e+01   1.9138558e+01
   2.0150000e+03   1.2000000e+01   3.0000000e+00   1.6000000e+01   9.0000000e+00   1.6000000e+01  -5.3548779e+01  -3.9234438e+01   4.9930669e+02   5.9863313e+00   2.0484521e+01   1.9481562e+01
   2.0150000e+03   1.2000000e+01   3.0000000e+00   1.6000000e+01   1.0000000e+01   5.4000000e+01  -5.3553188e+01  -3.9233178e+01   4.9698810e+02   2.6342131e+00   2.5030151e+01   2.4315188e+01
   2.0150000e+03   1.2000000e+01   3.0000000e+00   1.6000000e+01   1.2000000e+01   3.2000000e+01  -5.3557620e+01  -3.9231857e+01   5.0011022e+02   6.7502104e+00   2.9355773e+01   2.8423121e+01
   2.0150000e+03   1.2000000e+01   3.0000000e+00   1.6000000e+01   1.4000000e+01   1.0000000e+01  -5.3562050e+01  -3.9230664e+01   4.9850257e+02   5.6958240e+00   2.9862828e+01   2.6720620e+01
   2.0150000e+03   1.2000000e+01   3.0000000e+00   1.6000000e+01   1.5000000e+01   4.9000099e+01  -5.3566453e+01  -3.9229337e+01   4.9708664e+02   1.0306907e+01   3.8853272e+01   3.3866902e+01
   2.0150000e+03   1.2000000e+01   3.0000000e+00   1.6000000e+01   1.7000000e+01   2.9000000e+01  -5.3570862e+01  -3.9227886e+01   4.9920337e+02   2.5938118e+01   9.0138118e+01   8.6624839e+01
   2.0150000e+03   1.2000000e+01   3.0000000e+00   1.6000000e+01   1.9000000e+01   9.0000000e+00  -5.3575295e+01  -3.9226413e+01   5.0202624e+02   1.0570267e+01   4.0968870e+01   3.0803652e+01
   2.0150000e+03   1.2000000e+01   3.0000000e+00   1.6000000e+01   2.0000000e+01   4.8000000e+01  -5.3579700e+01  -3.9224897e+01   4.9966211e+02   6.9343520e+00   2.1827872e+01   1.9362085e+01
   2.0150000e+03   1.2000000e+01   3.0000000e+00   1.6000000e+01   2.4000000e+01   6.0000000e+00  -5.3588541e+01  -3.9222150e+01   9.9894611e+02   8.2416928e+00   3.6583204e+01   3.1317563e+01
   2.0150000e+03   1.2000000e+01   3.0000000e+00   1.6000000e+01   2.5000000e+01   4.4000000e+01  -5.3592940e+01  -3.9220811e+01   4.9675104e+02   1.0600890e+01   3.9460362e+01   3.7537470e+01
   2.0150000e+03   1.2000000e+01   3.0000000e+00   1.6000000e+01   2.9000000e+01   2.0000000e+00  -5.3601787e+01  -3.9218196e+01   9.9812424e+02   3.5267839e+00   2.6444795e+01   2.2548784e+01
   2.0150000e+03   1.2000000e+01   3.0000000e+00   1.6000000e+01   3.0000000e+01   4.0000099e+01  -5.3606212e+01  -3.9216947e+01   4.9858329e+02   4.2665457e+00   2.5598679e+01   2.1695940e+01
   2.0150000e+03   1.2000000e+01   3.0000000e+00   1.6000000e+01   3.2000000e+01   1.8000099e+01  -5.3610636e+01  -3.9215645e+01   4.9895679e+02   9.1395186e+00   2.9634506e+01   2.7562298e+01
   2.0150000e+03   1.2000000e+01   3.0000000e+00   1.6000000e+01   3.3000000e+01   5.5000099e+01  -5.3615059e+01  -3.9214375e+01   4.9857244e+02   1.3360881e+01   4.7024681e+01   4.4382561e+01
   2.0150000e+03   1.2000000e+01   3.0000000e+00   1.6000000e+01   3.5000000e+01   3.1000000e+01  -5.3619481e+01  -3.9213099e+01   4.9851268e+02   1.1906457e+01   5.3579217e+01   5.2514713e+01
   2.0150000e+03   1.2000000e+01   3.0000000e+00   1.6000000e+01   3.8000000e+01   4.2999901e+01  -5.3628278e+01  -3.9210460e+01   9.9288049e+02   5.3176210e+00   4.3928836e+01   4.1905828e+01
   2.0150000e+03   1.2000000e+01   3.0000000e+00   1.6000000e+01   4.0000000e+01   1.9999901e+01  -5.3632702e+01  -3.9209034e+01   5.0044620e+02   6.6137245e+00   2.7119126e+01   2.5304371e+01
   2.0150000e+03   1.2000000e+01   3.0000000e+00   1.6000000e+01   4.1000000e+01   5.7000000e+01  -5.3637128e+01  -3.9207599e+01   5.0084211e+02   4.5113134e+00   1.9798186e+01   1.7837751e+01
   2.0150000e+03   1.2000000e+01   3.0000000e+00   1.6000000e+01   4.3000000e+01   3.3000099e+01  -5.3641527e+01  -3.9206225e+01   4.9717666e+02   3.9604856e+00   1.5647042e+01   1.4576600e+01
   2.0150000e+03   1.2000000e+01   3.0000000e+00   1.6000000e+01   4.5000000e+01   1.0000099e+01  -5.3645961e+01  -3.9204820e+01   5.0132571e+02   3.4146963e+00   1.3992851e+01   1.2426498e+01
   2.0150000e+03   1.2000000e+01   3.0000000e+00   1.6000000e+01   4.6000000e+01   4.7000000e+01  -5.3650357e+01  -3.9203468e+01   4.9650222e+02   3.8980662e+00   1.5197208e+01   1.1718848e+01
   2.0150000e+03   1.2000000e+01   3.0000000e+00   1.6000000e+01   5.0000000e+01   1.0000000e+00  -5.3659177e+01  -3.9200763e+01   9.9611088e+02   2.9186506e+00   8.7889067e+00   5.6882606e+00
   2.0150000e+03   1.2000000e+01   3.0000000e+00   1.6000000e+01   5.1000000e+01   3.8000099e+01  -5.3663607e+01  -3.9199459e+01   4.9971433e+02   3.1117760e+00   1.0345804e+01   6.3925307e+00
   2.0150000e+03   1.2000000e+01   3.0000000e+00   1.6000000e+01   5.3000000e+01   1.5000000e+01  -5.3668039e+01  -3.9198185e+01   4.9958445e+02   2.2765465e+00   1.2735710e+01   9.8722614e+00
   2.0150000e+03   1.2000000e+01   3.0000000e+00   1.6000000e+01   5.6000000e+01   2.8000000e+01  -5.3676867e+01  -3.9195667e+01   9.9490897e+02   3.7981053e+00   1.2534249e+01   5.7546864e+00
   2.0150000e+03   1.2000000e+01   3.0000000e+00   1.6000000e+01   5.8000000e+01   6.0000992e+00  -5.3681337e+01  -3.9194332e+01   5.0437225e+02   2.0229735e+00   6.3909476e+00   2.3587159e+00
   2.0150000e+03   1.2000000e+01   3.0000000e+00   1.6000000e+01   5.9000000e+01   4.3000000e+01  -5.3685746e+01  -3.9193102e+01   4.9657716e+02   1.8382032e+00   5.9395941e+00   1.3008054e+00
   2.0150000e+03   1.2000000e+01   3.0000000e+00   1.7000000e+01   1.0000000e+00   2.0000000e+01  -5.3690168e+01  -3.9191830e+01   4.9841932e+02   2.3432937e+00   7.2754152e+00   1.1752065e+00
   2.0150000e+03   1.2000000e+01   3.0000000e+00   1.7000000e+01   2.0000000e+00   5.8000000e+01  -5.3694583e+01  -3.9190506e+01   4.9836687e+02   2.7647207e+00   8.8854002e+00   2.6462083e+00
   2.0150000e+03   1.2000000e+01   3.0000000e+00   1.7000000e+01   4.0000000e+00   3.6000099e+01  -5.3699001e+01  -3.9189144e+01   4.9900647e+02   1.6148394e+00   5.8037021e+00   1.0358476e+00
   2.0150000e+03   1.2000000e+01   3.0000000e+00   1.7000000e+01   6.0000000e+00   1.3000000e+01  -5.3703401e+01  -3.9187790e+01   4.9693888e+02   5.0890742e+00   1.5040182e+01   0.0000000e+00
   2.0150000e+03   1.2000000e+01   3.0000000e+00   1.7000000e+01   7.0000000e+00   4.9999901e+01  -5.3707811e+01  -3.9186367e+01   4.9887002e+02   3.9032707e+00   1.4667857e+01   1.5872323e+00
   2.0150000e+03   1.2000000e+01   3.0000000e+00   1.7000000e+01   1.1000000e+01   7.0000000e+00  -5.3716602e+01  -3.9183593e+01   9.9375687e+02   3.2325766e+00   1.7681636e+01   1.2825120e+00
   2.0150000e+03   1.2000000e+01   3.0000000e+00   1.7000000e+01   1.2000000e+01   4.3000000e+01  -5.3721021e+01  -3.9182214e+01   4.9942230e+02   1.9398328e+00   1.3797461e+01   1.1926286e+00
   2.0150000e+03   1.2000000e+01   3.0000000e+00   1.7000000e+01   1.4000000e+01   1.8000000e+01  -5.3725425e+01  -3.9180794e+01   4.9815927e+02   2.0867359e+00   1.1635555e+01   2.0610816e+00
   2.0150000e+03   1.2000000e+01   3.0000000e+00   1.7000000e+01   1.5000000e+01   5.4000000e+01  -5.3729878e+01  -3.9179459e+01   5.0254107e+02   3.5055885e+00   1.7416066e+01   1.6115836e+00
   2.0150000e+03   1.2000000e+01   3.0000000e+00   1.7000000e+01   1.7000000e+01   3.1000000e+01  -5.3734297e+01  -3.9178079e+01   4.9938549e+02   4.8437470e+00   2.3684894e+01   1.3115260e+00
   2.0150000e+03   1.2000000e+01   3.0000000e+00   1.7000000e+01   1.9000000e+01   8.0000000e+00  -5.3738712e+01  -3.9176707e+01   4.9874432e+02   6.7218420e+00   3.6376863e+01   6.2177525e-01
   2.0150000e+03   1.2000000e+01   3.0000000e+00   1.7000000e+01   2.0000000e+01   4.6000000e+01  -5.3743135e+01  -3.9175461e+01   4.9825191e+02   5.4013999e+00   2.9198019e+01   5.1704748e-01
   2.0150000e+03   1.2000000e+01   3.0000000e+00   1.7000000e+01   2.4000000e+01   3.0000000e+00  -5.3751949e+01  -3.9172885e+01   9.9397446e+02   3.8525551e+00   2.4155111e+01   5.2229669e-01
   2.0150000e+03   1.2000000e+01   3.0000000e+00   1.7000000e+01   2.5000000e+01   4.2000000e+01  -5.3756370e+01  -3.9171652e+01   4.9791932e+02   4.1736848e+00   1.1650527e+01   0.0000000e+00
   2.0150000e+03   1.2000000e+01   3.0000000e+00   1.7000000e+01   2.7000000e+01   2.1000000e+01  -5.3760810e+01  -3.9170483e+01   4.9927958e+02   1.7756268e+00   5.9655321e+00   3.3514128e-01
   2.0150000e+03   1.2000000e+01   3.0000000e+00   1.7000000e+01   2.8000000e+01   5.6999901e+01  -5.3765277e+01  -3.9169316e+01   5.0221474e+02   3.3513431e+00   1.5626080e+01   5.9007153e-01
   2.0150000e+03   1.2000000e+01   3.0000000e+00   1.7000000e+01   3.2000000e+01   7.0000000e+00  -5.3774129e+01  -3.9166815e+01   9.9726195e+02   4.6052288e-01   1.2819073e+00   0.0000000e+00
   2.0150000e+03   1.2000000e+01   3.0000000e+00   1.7000000e+01   3.3000000e+01   4.5000000e+01  -5.3778628e+01  -3.9165372e+01   5.0883264e+02   2.3502751e-01   6.6731488e-01   0.0000000e+00
   2.0150000e+03   1.2000000e+01   3.0000000e+00   1.7000000e+01   3.6000000e+01   5.6000099e+01  -5.3787304e+01  -3.9162474e+01   9.8266012e+02   4.7003170e-01   1.4956507e+00   5.9645854e-01
   2.0150000e+03   1.2000000e+01   3.0000000e+00   1.7000000e+01   3.8000000e+01   3.0999901e+01  -5.3791693e+01  -3.9161034e+01   4.9678838e+02   4.8539359e-01   1.3511371e+00   7.5196783e-01
   2.0150000e+03   1.2000000e+01   3.0000000e+00   1.7000000e+01   4.0000000e+01   7.0000000e+00  -5.3796128e+01  -3.9159747e+01   4.9999964e+02   3.2363289e-01   1.1233233e+00   4.8230523e-01
   2.0150000e+03   1.2000000e+01   3.0000000e+00   1.7000000e+01   4.1000000e+01   4.3000099e+01  -5.3800574e+01  -3.9158439e+01   5.0150649e+02   7.1967175e-01   2.0457778e+00   6.7395011e-01
   2.0150000e+03   1.2000000e+01   3.0000000e+00   1.7000000e+01   4.3000000e+01   1.9000000e+01  -5.3805026e+01  -3.9157123e+01   5.0213700e+02   7.6285674e-01   2.1449254e+00   8.1092648e-01
   2.0150000e+03   1.2000000e+01   3.0000000e+00   1.7000000e+01   4.4000000e+01   5.4000000e+01  -5.3809439e+01  -3.9155792e+01   4.9812117e+02   9.3846666e-01   3.0549757e+00   3.9904561e-01
   2.0150000e+03   1.2000000e+01   3.0000000e+00   1.7000000e+01   4.8000000e+01   5.0000000e+00  -5.3818253e+01  -3.9153371e+01   9.9221295e+02   1.9076873e+00   5.3102209e+00   3.5922420e-01
   2.0150000e+03   1.2000000e+01   3.0000000e+00   1.7000000e+01   4.9000000e+01   4.1000000e+01  -5.3822681e+01  -3.9152116e+01   4.9882711e+02   1.8179015e+00   6.1216247e+00   1.2545883e+00
   2.0150000e+03   1.2000000e+01   3.0000000e+00   1.7000000e+01   5.1000000e+01   1.7000099e+01  -5.3827122e+01  -3.9150826e+01   5.0067770e+02   2.1925852e+00   6.9926289e+00   9.7047360e-01
   2.0150000e+03   1.2000000e+01   3.0000000e+00   1.7000000e+01   5.2000000e+01   5.2000000e+01  -5.3831530e+01  -3.9149556e+01   4.9692244e+02   2.6318018e+00   8.4849265e+00   1.5919078e+00
   2.0150000e+03   1.2000000e+01   3.0000000e+00   1.7000000e+01   5.4000000e+01   2.6999901e+01  -5.3835963e+01  -3.9148233e+01   5.0011970e+02   2.1893165e+00   6.8325158e+00   3.3179601e-01
   2.0150000e+03   1.2000000e+01   3.0000000e+00   1.7000000e+01   5.6000000e+01   2.0000992e+00  -5.3840329e+01  -3.9146911e+01   4.9282197e+02   4.2361967e+00   1.4163671e+01   1.0803079e+00
   2.0150000e+03   1.2000000e+01   3.0000000e+00   1.7000000e+01   5.7000000e+01   4.0000000e+01  -5.3844808e+01  -3.9145504e+01   5.0627242e+02   5.5962751e+00   1.6362493e+01   4.6477068e-01
   2.0150000e+03   1.2000000e+01   3.0000000e+00   1.7000000e+01   5.9000000e+01   1.7000099e+01  -5.3849258e+01  -3.9144187e+01   5.0187655e+02   4.7679413e+00   1.6442529e+01   4.9618184e-01
   2.0150000e+03   1.2000000e+01   3.0000000e+00   1.8000000e+01   0.0000000e+00   5.3000000e+01  -5.3853679e+01  -3.9142884e+01   4.9871303e+02   5.2917751e+00   2.1158036e+01   4.9876599e+00
   2.0150000e+03   1.2000000e+01   3.0000000e+00   1.8000000e+01   2.0000000e+00   2.9000000e+01  -5.3858066e+01  -3.9141539e+01   4.9534063e+02   5.9945536e+00   2.6731129e+01   7.5640948e+00
   2.0150000e+03   1.2000000e+01   3.0000000e+00   1.8000000e+01   4.0000000e+00   6.0000000e+00  -5.3862489e+01  -3.9140153e+01   4.9983299e+02   1.4416270e+01   5.1039395e+01   4.7375011e+00
   2.0150000e+03   1.2000000e+01   3.0000000e+00   1.8000000e+01   5.0000000e+00   4.3000000e+01  -5.3866897e+01  -3.9138723e+01   4.9869870e+02   2.0696542e+01   6.6210924e+01   4.0908731e+00
   2.0150000e+03   1.2000000e+01   3.0000000e+00   1.8000000e+01   8.0000000e+00   5.7000000e+01  -5.3875680e+01  -3.9135963e+01   9.9256624e+02   5.9643839e+00   1.9797828e+01   3.0389067e+00
   2.0150000e+03   1.2000000e+01   3.0000000e+00   1.8000000e+01   1.0000000e+01   3.3999901e+01  -5.3880115e+01  -3.9134620e+01   5.0055593e+02   5.3070917e+00   2.1620518e+01   6.6014020e+00
   2.0150000e+03   1.2000000e+01   3.0000000e+00   1.8000000e+01   1.2000000e+01   1.1000000e+01  -5.3884554e+01  -3.9133226e+01   5.0165305e+02   5.5955993e+00   2.1146709e+01   2.6296681e+00
   2.0150000e+03   1.2000000e+01   3.0000000e+00   1.8000000e+01   1.3000000e+01   4.7000099e+01  -5.3888970e+01  -3.9132022e+01   4.9705468e+02   2.6211312e+00   1.8812789e+01   1.2056023e+01
   2.0150000e+03   1.2000000e+01   3.0000000e+00   1.8000000e+01   1.7000000e+01   1.9999008e+00  -5.3897838e+01  -3.9129625e+01   9.9780224e+02   1.9924285e+00   8.7687240e+00   1.9606229e+00
   2.0150000e+03   1.2000000e+01   3.0000000e+00   1.8000000e+01   1.8000000e+01   4.0000000e+01  -5.3902286e+01  -3.9128434e+01   5.0040236e+02   2.9301196e+00   9.5099438e+00   2.1362669e+00
   2.0150000e+03   1.2000000e+01   3.0000000e+00   1.8000000e+01   2.0000000e+01   1.8000000e+01  -5.3906690e+01  -3.9127114e+01   4.9695785e+02   2.2337374e+00   7.7480608e+00   1.3961177e+00
   2.0150000e+03   1.2000000e+01   3.0000000e+00   1.8000000e+01   2.1000000e+01   5.7000099e+01  -5.3911089e+01  -3.9125681e+01   4.9769857e+02   1.9957018e+00   9.8549060e+00   5.9519755e+00
   2.0150000e+03   1.2000000e+01   3.0000000e+00   1.8000000e+01   2.3000000e+01   3.5000000e+01  -5.3915502e+01  -3.9124206e+01   4.9975643e+02   1.9831999e+00   1.0680147e+01   2.6915427e+00
   2.0150000e+03   1.2000000e+01   3.0000000e+00   1.8000000e+01   2.5000000e+01   1.1999901e+01  -5.3919893e+01  -3.9122746e+01   4.9726418e+02   5.2926971e+00   2.2469569e+01   1.1575282e+01
   2.0150000e+03   1.2000000e+01   3.0000000e+00   1.8000000e+01   2.6000000e+01   4.9000000e+01  -5.3924307e+01  -3.9121329e+01   4.9917991e+02   1.9077208e+00   1.7900248e+01   8.5583075e+00
   2.0150000e+03   1.2000000e+01   3.0000000e+00   1.8000000e+01   3.0000000e+01   4.0000000e+00  -5.3933029e+01  -3.9118019e+01   9.9301043e+02   6.6508354e+00   2.9673269e+01   2.2328368e+01
   2.0150000e+03   1.2000000e+01   3.0000000e+00   1.8000000e+01   3.1000000e+01   4.2000000e+01  -5.3937433e+01  -3.9116383e+01   5.0101128e+02   1.8386026e+00   9.3056442e+00   4.1928718e+00
   2.0150000e+03   1.2000000e+01   3.0000000e+00   1.8000000e+01   3.3000000e+01   1.9000000e+01  -5.3941805e+01  -3.9114647e+01   4.9882378e+02   2.3114553e+00   1.9444013e+01   1.2283356e+01
   2.0150000e+03   1.2000000e+01   3.0000000e+00   1.8000000e+01   3.6000000e+01   3.1000000e+01  -5.3950568e+01  -3.9111397e+01   9.9669017e+02   2.5352372e+00   2.6512575e+01   2.3659917e+01
   2.0150000e+03   1.2000000e+01   3.0000000e+00   1.8000000e+01   3.8000000e+01   7.0000000e+00  -5.3954979e+01  -3.9109742e+01   5.0202224e+02   1.6707039e+00   2.4956125e+01   2.4372498e+01
   2.0150000e+03   1.2000000e+01   3.0000000e+00   1.8000000e+01   3.9000000e+01   4.4000000e+01  -5.3959402e+01  -3.9108590e+01   4.9719150e+02   1.7891275e+00   2.1962630e+01   1.9200100e+01
   2.0150000e+03   1.2000000e+01   3.0000000e+00   1.8000000e+01   4.1000000e+01   2.1000000e+01  -5.3963833e+01  -3.9107372e+01   4.9874816e+02   1.9315638e+00   3.1285124e+01   2.6690973e+01
   2.0150000e+03   1.2000000e+01   3.0000000e+00   1.8000000e+01   4.2000000e+01   5.8000000e+01  -5.3968258e+01  -3.9106116e+01   4.9855053e+02   2.1780089e+00   1.9386604e+01   1.6622676e+01
   2.0150000e+03   1.2000000e+01   3.0000000e+00   1.8000000e+01   4.6000000e+01   1.2000000e+01  -5.3977055e+01  -3.9103224e+01   9.9564276e+02   4.1723671e+00   1.8810343e+01   1.5793514e+01
   2.0150000e+03   1.2000000e+01   3.0000000e+00   1.8000000e+01   4.7000000e+01   4.9000000e+01  -5.3981499e+01  -3.9101921e+01   5.0102908e+02   2.2012341e+00   2.2350868e+01   2.0670148e+01
   2.0150000e+03   1.2000000e+01   3.0000000e+00   1.8000000e+01   5.1000000e+01   2.0000000e+00  -5.3990312e+01  -3.9099286e+01   9.9435065e+02   4.0571409e+00   4.1997424e+01   3.9516685e+01
   2.0150000e+03   1.2000000e+01   3.0000000e+00   1.8000000e+01   5.2000000e+01   3.9000000e+01  -5.3994763e+01  -3.9097917e+01   5.0266555e+02   4.0359752e+00   9.1751677e+01   8.3460739e+01
   2.0150000e+03   1.2000000e+01   3.0000000e+00   1.8000000e+01   5.5000000e+01   5.1000000e+01  -5.4003525e+01  -3.9095153e+01   9.9023576e+02   5.2323352e+00   3.8053540e+01   3.4801741e+01
   2.0150000e+03   1.2000000e+01   3.0000000e+00   1.8000000e+01   5.7000000e+01   2.7000000e+01  -5.4007923e+01  -3.9093716e+01   4.9757717e+02   5.1281008e+00   3.6376493e+01   3.3365494e+01
   2.0150000e+03   1.2000000e+01   3.0000000e+00   1.8000000e+01   5.9000000e+01   3.0000000e+00  -5.4012370e+01  -3.9092439e+01   5.0112319e+02   1.1683394e+01   4.3028872e+01   3.8411108e+01
   2.0150000e+03   1.2000000e+01   3.0000000e+00   1.9000000e+01   0.0000000e+00   3.9000000e+01  -5.4016811e+01  -3.9091124e+01   5.0090508e+02   5.1462408e+00   4.3529636e+01   3.3815476e+01
   2.0150000e+03   1.2000000e+01   3.0000000e+00   1.9000000e+01   3.0000000e+00   5.0000099e+01  -5.4025673e+01  -3.9088671e+01   9.9766230e+02   1.0934047e+00   2.8213140e+01   2.2972502e+01
