   2.0150000e+03   1.2000000e+01   4.0000000e+00   9.0000000e+00   2.5000000e+01   4.8000099e+01  -5.3279087e+01  -3.9043977e+01   5.0060574e+02   3.9208211e+00   1.5887194e+01   1.1096845e+01
   2.0150000e+03   1.2000000e+01   4.0000000e+00   9.0000000e+00   3.1000000e+01   1.4000000e+01  -5.3285951e+01  -3.9038207e+01   8.5360531e+02   1.1543769e+01   5.6995784e+01   4.2624428e+01
   2.0150000e+03   1.2000000e+01   4.0000000e+00   9.0000000e+00   3.3000000e+01   3.6000000e+01  -5.3290235e+01  -3.9037003e+01   4.8266175e+02   1.2663642e+01   5.4175107e+01   5.4175107e+01
   2.0150000e+03   1.2000000e+01   4.0000000e+00   9.0000000e+00   3.5000000e+01   4.2000000e+01  -5.3294687e+01  -3.9035605e+01   5.0334952e+02   1.9226466e+01   5.4644040e+01   4.1286867e+01
   2.0150000e+03   1.2000000e+01   4.0000000e+00   9.0000000e+00   3.7000000e+01   2.5000000e+01  -5.3299142e+01  -3.9034150e+01   5.0437982e+02   1.8550818e+01   5.5260088e+01   3.7628320e+01
   2.0150000e+03   1.2000000e+01   4.0000000e+00   9.0000000e+00   3.9000000e+01   0.0000000e+00  -5.3303549e+01  -3.9032662e+01   4.9965775e+02   1.6852298e+01   4.7752470e+01   4.7752470e+01
   2.0150000e+03   1.2000000e+01   4.0000000e+00   9.0000000e+00   4.0000000e+01   3.5000000e+01  -5.3307990e+01  -3.9031151e+01   5.0348937e+02   1.5285271e+01   4.4507299e+01   3.7330906e+01
   2.0150000e+03   1.2000000e+01   4.0000000e+00   9.0000000e+00   4.2000000e+01   1.1000000e+01  -5.3312431e+01  -3.9029808e+01   5.0150571e+02   1.5979938e+01   4.5047827e+01   3.7836458e+01
   2.0150000e+03   1.2000000e+01   4.0000000e+00   9.0000000e+00   4.3000000e+01   4.6000000e+01  -5.3316807e+01  -3.9028513e+01   4.9381904e+02   1.7696170e+01   5.0860074e+01   5.0860074e+01
   2.0150000e+03   1.2000000e+01   4.0000000e+00   9.0000000e+00   4.5000000e+01   2.1000000e+01  -5.3321224e+01  -3.9027219e+01   4.9828028e+02   1.3776024e+01   4.0251237e+01   2.8448844e+01
   2.0150000e+03   1.2000000e+01   4.0000000e+00   9.0000000e+00   4.6000000e+01   5.7000000e+01  -5.3325660e+01  -3.9025886e+01   5.0084433e+02   1.1388997e+01   3.8986450e+01   2.7885268e+01
   2.0150000e+03   1.2000000e+01   4.0000000e+00   9.0000000e+00   4.8000000e+01   3.3000000e+01  -5.3330084e+01  -3.9024506e+01   5.0001189e+02   1.1755340e+01   3.3695538e+01   3.3695538e+01
   2.0150000e+03   1.2000000e+01   4.0000000e+00   9.0000000e+00   5.0000000e+01   9.0000992e+00  -5.3334508e+01  -3.9023086e+01   5.0056202e+02   1.0107449e+01   2.8135002e+01   1.7366904e+01
   2.0150000e+03   1.2000000e+01   4.0000000e+00   9.0000000e+00   5.1000000e+01   4.4000000e+01  -5.3338893e+01  -3.9021715e+01   4.9569452e+02   1.2842431e+01   3.5991998e+01   2.5528140e+01
   2.0150000e+03   1.2000000e+01   4.0000000e+00   9.0000000e+00   5.3000000e+01   2.0000000e+01  -5.3343298e+01  -3.9020273e+01   4.9869799e+02   1.2514911e+01   3.5551226e+01   2.5660862e+01
   2.0150000e+03   1.2000000e+01   4.0000000e+00   9.0000000e+00   5.4000000e+01   5.6999901e+01  -5.3347685e+01  -3.9018910e+01   4.9580946e+02   1.2011479e+01   3.7946766e+01   2.7802565e+01
   2.0150000e+03   1.2000000e+01   4.0000000e+00   9.0000000e+00   5.6000000e+01   3.3000000e+01  -5.3352088e+01  -3.9017567e+01   4.9732741e+02   1.4487909e+01   4.0328411e+01   2.6334116e+01
   2.0150000e+03   1.2000000e+01   4.0000000e+00   9.0000000e+00   5.8000000e+01   9.0000000e+00  -5.3356528e+01  -3.9016150e+01   5.0221548e+02   1.2178157e+01   3.5848096e+01   2.0336487e+01
   2.0150000e+03   1.2000000e+01   4.0000000e+00   9.0000000e+00   5.9000000e+01   4.4000000e+01  -5.3360950e+01  -3.9014768e+01   4.9986335e+02   1.2685903e+01   3.7131528e+01   9.3287672e+00
   2.0150000e+03   1.2000000e+01   4.0000000e+00   1.0000000e+01   1.0000000e+00   1.9000000e+01  -5.3365357e+01  -3.9013608e+01   4.9569817e+02   1.0254020e+01   2.9488340e+01   8.5308931e-01
   2.0150000e+03   1.2000000e+01   4.0000000e+00   1.0000000e+01   2.0000000e+00   5.5000099e+01  -5.3369785e+01  -3.9012420e+01   4.9833908e+02   7.3967412e+00   2.7957356e+01   2.5401878e+00
   2.0150000e+03   1.2000000e+01   4.0000000e+00   1.0000000e+01   4.0000000e+00   3.2000000e+01  -5.3374222e+01  -3.9011219e+01   4.9936853e+02   8.1354719e+00   2.8166161e+01   3.6979133e+00
   2.0150000e+03   1.2000000e+01   4.0000000e+00   1.0000000e+01   6.0000000e+00   9.0000992e+00  -5.3378709e+01  -3.9010059e+01   5.0448252e+02   6.2625694e+00   2.9419083e+01   2.9416676e+00
   2.0150000e+03   1.2000000e+01   4.0000000e+00   1.0000000e+01   7.0000000e+00   4.5000000e+01  -5.3383113e+01  -3.9008865e+01   4.9581166e+02   6.5896700e+00   2.7463259e+01   3.5438869e+00
   2.0150000e+03   1.2000000e+01   4.0000000e+00   1.0000000e+01   9.0000000e+00   2.2000000e+01  -5.3387547e+01  -3.9007672e+01   4.9900685e+02   8.8375251e+00   3.8101322e+01   4.9616780e+00
   2.0150000e+03   1.2000000e+01   4.0000000e+00   1.0000000e+01   1.1000000e+01   0.0000000e+00  -5.3391975e+01  -3.9006201e+01   5.0157230e+02   1.1444054e+01   3.8596887e+01   7.2827759e+00
   2.0150000e+03   1.2000000e+01   4.0000000e+00   1.0000000e+01   1.2000000e+01   3.7000000e+01  -5.3396382e+01  -3.9004887e+01   4.9740511e+02   8.0796130e+00   3.4643074e+01   1.1016349e+01
   2.0150000e+03   1.2000000e+01   4.0000000e+00   1.0000000e+01   1.4000000e+01   1.4000000e+01  -5.3400787e+01  -3.9003556e+01   4.9730518e+02   7.3882631e+00   4.6376356e+01   1.7778055e+01
   2.0150000e+03   1.2000000e+01   4.0000000e+00   1.0000000e+01   1.5000000e+01   5.1000000e+01  -5.3405218e+01  -3.9002155e+01   5.0110695e+02   7.8810774e+00   3.3845962e+01   1.1431198e+01
   2.0150000e+03   1.2000000e+01   4.0000000e+00   1.0000000e+01   1.7000000e+01   2.8000000e+01  -5.3409621e+01  -3.9000672e+01   4.9900006e+02   6.6747086e+00   2.5621169e+01   8.1344545e+00
   2.0150000e+03   1.2000000e+01   4.0000000e+00   1.0000000e+01   1.9000000e+01   5.0000000e+00  -5.3413998e+01  -3.8999040e+01   4.9824934e+02   7.6350163e+00   3.2078257e+01   1.3748756e+01
   2.0150000e+03   1.2000000e+01   4.0000000e+00   1.0000000e+01   2.0000000e+01   4.1000000e+01  -5.3418362e+01  -3.8997441e+01   4.9629125e+02   7.3478980e+00   2.7206200e+01   8.4607965e+00
   2.0150000e+03   1.2000000e+01   4.0000000e+00   1.0000000e+01   2.2000000e+01   1.8000000e+01  -5.3422761e+01  -3.8996101e+01   4.9683418e+02   6.3668449e+00   4.8808481e+01   4.8808481e+01
   2.0150000e+03   1.2000000e+01   4.0000000e+00   1.0000000e+01   2.3000000e+01   5.6000000e+01  -5.3427195e+01  -3.8994651e+01   5.0200266e+02   1.0063212e+01   4.0601910e+01   1.4546643e+01
   2.0150000e+03   1.2000000e+01   4.0000000e+00   1.0000000e+01   2.5000000e+01   3.3000000e+01  -5.3431636e+01  -3.8993356e+01   5.0090254e+02   7.4808298e+00   3.6243537e+01   7.9208052e+00
   2.0150000e+03   1.2000000e+01   4.0000000e+00   1.0000000e+01   2.7000000e+01   9.0000992e+00  -5.3436045e+01  -3.8992106e+01   4.9684133e+02   6.6863937e+00   2.9723561e+01   6.4293752e+00
   2.0150000e+03   1.2000000e+01   4.0000000e+00   1.0000000e+01   2.8000000e+01   4.5000000e+01  -5.3440450e+01  -3.8990807e+01   4.9698085e+02   9.2529055e+00   3.9758945e+01   3.4680808e+00
   2.0150000e+03   1.2000000e+01   4.0000000e+00   1.0000000e+01   3.0000000e+01   2.2000099e+01  -5.3444862e+01  -3.8989374e+01   4.9934070e+02   8.8510706e+00   4.0795474e+01   1.3921210e+00
   2.0150000e+03   1.2000000e+01   4.0000000e+00   1.0000000e+01   3.2000000e+01   0.0000000e+00  -5.3449281e+01  -3.8987927e+01   5.0031087e+02   5.5931007e+00   2.8317250e+01   1.8362930e+00
   2.0150000e+03   1.2000000e+01   4.0000000e+00   1.0000000e+01   3.3000000e+01   3.8000000e+01  -5.3453708e+01  -3.8986485e+01   5.0106570e+02   3.6284248e+00   1.0100050e+01   9.0305121e-01
   2.0150000e+03   1.2000000e+01   4.0000000e+00   1.0000000e+01   3.5000000e+01   1.6000000e+01  -5.3458108e+01  -3.8985045e+01   4.9815534e+02   3.1662654e+00   1.1987891e+01   1.2125389e+00
   2.0150000e+03   1.2000000e+01   4.0000000e+00   1.0000000e+01   3.7000000e+01   1.4000000e+01  -5.3462789e+01  -3.8983985e+01   5.2483573e+02   4.9960565e+00   1.3906977e+01   1.3906977e+01
   2.0150000e+03   1.2000000e+01   4.0000000e+00   1.0000000e+01   3.9000000e+01   4.4000000e+01  -5.3466720e+01  -3.8982460e+01   4.4835108e+02   4.4265027e+00   1.5750536e+01   8.9461910e+00
   2.0150000e+03   1.2000000e+01   4.0000000e+00   1.0000000e+01   4.2000000e+01   4.0000000e+00  -5.3471167e+01  -3.8980764e+01   5.0668841e+02   4.2971294e+00   1.6149061e+01   5.2699931e+00
   2.0150000e+03   1.2000000e+01   4.0000000e+00   1.0000000e+01   4.3000000e+01   5.6999901e+01  -5.3475613e+01  -3.8979356e+01   5.0276555e+02   4.5854215e+00   1.9851367e+01   5.5393906e+00
   2.0150000e+03   1.2000000e+01   4.0000000e+00   1.0000000e+01   4.5000000e+01   4.2000000e+01  -5.3480074e+01  -3.8978090e+01   5.0272039e+02   5.0930974e+00   2.3245433e+01   6.4736409e+00
   2.0150000e+03   1.2000000e+01   4.0000000e+00   1.0000000e+01   4.7000000e+01   2.4000000e+01  -5.3484520e+01  -3.8976828e+01   5.0095974e+02   5.9718428e+00   2.4194040e+01   2.4194040e+01
   2.0150000e+03   1.2000000e+01   4.0000000e+00   1.0000000e+01   4.9000000e+01   5.0000000e+00  -5.3488954e+01  -3.8975586e+01   4.9956490e+02   1.1715408e+01   3.2891912e+01   6.3523463e+00
   2.0150000e+03   1.2000000e+01   4.0000000e+00   1.0000000e+01   5.0000000e+01   4.3999901e+01  -5.3493401e+01  -3.8974337e+01   5.0098619e+02   1.1129034e+01   3.3424447e+01   9.3360328e+00
   2.0150000e+03   1.2000000e+01   4.0000000e+00   1.0000000e+01   5.2000000e+01   2.1000000e+01  -5.3497836e+01  -3.8973073e+01   4.9989540e+02   1.7883980e+01   5.3340375e+01   5.3340375e+01
   2.0150000e+03   1.2000000e+01   4.0000000e+00   1.0000000e+01   5.3000000e+01   5.7000099e+01  -5.3502193e+01  -3.8971755e+01   4.9184946e+02   1.1005205e+01   3.3739154e+01   8.7548647e+00
   2.0150000e+03   1.2000000e+01   4.0000000e+00   1.0000000e+01   5.5000000e+01   3.2000000e+01  -5.3506606e+01  -3.8970253e+01   5.0032312e+02   7.0050807e+00   2.3749241e+01   1.1895964e+01
   2.0150000e+03   1.2000000e+01   4.0000000e+00   1.0000000e+01   5.7000000e+01   7.0000000e+00  -5.3511007e+01  -3.8968782e+01   4.9866775e+02   4.9714817e+00   1.8842656e+01   1.1638548e+01
   2.0150000e+03   1.2000000e+01   4.0000000e+00   1.0000000e+01   5.8000000e+01   4.3000000e+01  -5.3515442e+01  -3.8967273e+01   5.0273794e+02   6.5051616e+00   2.1518050e+01   1.4944714e+01
   2.0150000e+03   1.2000000e+01   4.0000000e+00   1.1000000e+01   0.0000000e+00   1.9000000e+01  -5.3519868e+01  -3.8966003e+01   4.9894306e+02   8.5646589e+00   2.8920488e+01   2.2998719e+01
   2.0150000e+03   1.2000000e+01   4.0000000e+00   1.1000000e+01   1.0000000e+00   5.5000000e+01  -5.3524293e+01  -3.8964711e+01   4.9903526e+02   6.2713277e+00   3.1623103e+01   2.9220845e+01
   2.0150000e+03   1.2000000e+01   4.0000000e+00   1.1000000e+01   3.0000000e+00   3.1000099e+01  -5.3528732e+01  -3.8963443e+01   5.0039532e+02   9.0173047e+00   2.5634396e+01   2.3350353e+01
   2.0150000e+03   1.2000000e+01   4.0000000e+00   1.1000000e+01   5.0000000e+00   6.0000000e+00  -5.3533115e+01  -3.8962084e+01   4.9525341e+02   3.1583773e+00   1.5440079e+01   1.3543704e+01
   2.0150000e+03   1.2000000e+01   4.0000000e+00   1.1000000e+01   6.0000000e+00   4.1000000e+01  -5.3537532e+01  -3.8960694e+01   4.9929609e+02   9.3527307e+00   3.0254714e+01   2.8537853e+01
   2.0150000e+03   1.2000000e+01   4.0000000e+00   1.1000000e+01   8.0000000e+00   1.7000099e+01  -5.3541978e+01  -3.8959271e+01   5.0289005e+02   6.3068974e+00   2.3528011e+01   2.1947821e+01
   2.0150000e+03   1.2000000e+01   4.0000000e+00   1.1000000e+01   9.0000000e+00   5.4000000e+01  -5.3546380e+01  -3.8957900e+01   4.9742741e+02   3.9881332e+00   1.3992613e+01   1.3992613e+01
   2.0150000e+03   1.2000000e+01   4.0000000e+00   1.1000000e+01   1.1000000e+01   3.1999901e+01  -5.3550782e+01  -3.8956559e+01   4.9717277e+02   3.4489437e+00   1.1775898e+01   9.4932833e+00
   2.0150000e+03   1.2000000e+01   4.0000000e+00   1.1000000e+01   1.3000000e+01   1.1000000e+01  -5.3555180e+01  -3.8955232e+01   4.9642134e+02   2.8455363e+00   1.2316878e+01   9.5499128e+00
   2.0150000e+03   1.2000000e+01   4.0000000e+00   1.1000000e+01   1.4000000e+01   5.1000000e+01  -5.3559626e+01  -3.8953922e+01   5.0153456e+02   5.3646191e+00   1.6882864e+01   1.6882864e+01
   2.0150000e+03   1.2000000e+01   4.0000000e+00   1.1000000e+01   1.6000000e+01   3.2000000e+01  -5.3564040e+01  -3.8952669e+01   4.9741967e+02   4.5052731e+00   1.5261805e+01   1.3949478e+01
   2.0150000e+03   1.2000000e+01   4.0000000e+00   1.1000000e+01   1.8000000e+01   1.3000000e+01  -5.3568426e+01  -3.8951418e+01   4.9430989e+02   2.5181909e+00   1.2619948e+01   9.3086942e+00
   2.0150000e+03   1.2000000e+01   4.0000000e+00   1.1000000e+01   1.9000000e+01   5.3000000e+01  -5.3572854e+01  -3.8950055e+01   5.0021336e+02   2.5699806e+00   1.2389337e+01   1.1817731e+01
   2.0150000e+03   1.2000000e+01   4.0000000e+00   1.1000000e+01   2.1000000e+01   3.2000099e+01  -5.3577278e+01  -3.8948605e+01   5.0088276e+02   2.9270959e+00   1.0912127e+01   8.6598820e+00
   2.0150000e+03   1.2000000e+01   4.0000000e+00   1.1000000e+01   2.3000000e+01   1.1000000e+01  -5.3581695e+01  -3.8947188e+01   4.9962291e+02   2.6720314e+00   1.1914765e+01   1.0636667e+01
   2.0150000e+03   1.2000000e+01   4.0000000e+00   1.1000000e+01   2.4000000e+01   5.0000000e+01  -5.3586115e+01  -3.8945727e+01   5.0046549e+02   1.5710971e+00   7.6739657e+00   5.2903445e+00
   2.0150000e+03   1.2000000e+01   4.0000000e+00   1.1000000e+01   2.6000000e+01   2.8000099e+01  -5.3590498e+01  -3.8944344e+01   4.9556391e+02   4.2973300e+00   1.9551751e+01   1.6912108e+01
   2.0150000e+03   1.2000000e+01   4.0000000e+00   1.1000000e+01   2.8000000e+01   8.0000000e+00  -5.3594921e+01  -3.8943014e+01   4.9920921e+02   4.4175256e+00   1.3427092e+01   1.0328960e+01
   2.0150000e+03   1.2000000e+01   4.0000000e+00   1.1000000e+01   2.9000000e+01   4.9000000e+01  -5.3599367e+01  -3.8941698e+01   5.0165200e+02   6.3473613e+00   1.7880998e+01   1.3821622e+01
   2.0150000e+03   1.2000000e+01   4.0000000e+00   1.1000000e+01   3.1000000e+01   2.9000000e+01  -5.3603784e+01  -3.8940445e+01   4.9767206e+02   4.9978188e+00   1.6993721e+01   1.6993721e+01
   2.0150000e+03   1.2000000e+01   4.0000000e+00   1.1000000e+01   3.3000000e+01   9.0000000e+00  -5.3608206e+01  -3.8939206e+01   4.9816143e+02   5.0084696e+00   1.7922403e+01   1.7178017e+01
   2.0150000e+03   1.2000000e+01   4.0000000e+00   1.1000000e+01   3.4000000e+01   4.9000000e+01  -5.3612607e+01  -3.8937986e+01   4.9560434e+02   5.7547917e+00   2.0814030e+01   1.7298594e+01
   2.0150000e+03   1.2000000e+01   4.0000000e+00   1.1000000e+01   3.6000000e+01   2.9999901e+01  -5.3616998e+01  -3.8936680e+01   4.9543829e+02   7.1707857e+00   2.0861741e+01   1.9386733e+01
   2.0150000e+03   1.2000000e+01   4.0000000e+00   1.1000000e+01   3.8000000e+01   1.2000000e+01  -5.3621418e+01  -3.8935287e+01   4.9965239e+02   7.0866702e+00   2.2947623e+01   2.0951341e+01
   2.0150000e+03   1.2000000e+01   4.0000000e+00   1.1000000e+01   3.9000000e+01   5.4000000e+01  -5.3625830e+01  -3.8933724e+01   5.0096743e+02   4.5271859e+00   1.9139681e+01   1.6959746e+01
   2.0150000e+03   1.2000000e+01   4.0000000e+00   1.1000000e+01   4.1000000e+01   3.6000000e+01  -5.3630258e+01  -3.8932234e+01   5.0177687e+02   3.6031741e+00   1.4883507e+01   1.3163339e+01
   2.0150000e+03   1.2000000e+01   4.0000000e+00   1.1000000e+01   4.3000000e+01   2.6000099e+01  -5.3634932e+01  -3.8930771e+01   5.2815774e+02   4.8509441e+00   1.3503043e+01   8.8347297e+00
   2.0150000e+03   1.2000000e+01   4.0000000e+00   1.1000000e+01   4.6000000e+01   4.0000000e+00  -5.3639347e+01  -3.8929784e+01   4.9490787e+02   4.9010174e+00   1.4789623e+01   1.3702900e+01
   2.0150000e+03   1.2000000e+01   4.0000000e+00   1.1000000e+01   4.9000000e+01   2.5000000e+01  -5.3643365e+01  -3.8927674e+01   4.6763218e+02   3.7510486e+00   1.1041247e+01   1.0691631e+01
   2.0150000e+03   1.2000000e+01   4.0000000e+00   1.1000000e+01   5.2000000e+01   1.1000000e+01  -5.3647526e+01  -3.8926233e+01   4.7202760e+02   7.0156918e+00   1.9528816e+01   1.8947440e+01
   2.0150000e+03   1.2000000e+01   4.0000000e+00   1.1000000e+01   5.4000000e+01   2.6000000e+01  -5.3652106e+01  -3.8924919e+01   5.1618230e+02   6.8158247e+00   2.0071237e+01   1.8196335e+01
   2.0150000e+03   1.2000000e+01   4.0000000e+00   1.1000000e+01   5.6000000e+01   2.0000000e+01  -5.3656579e+01  -3.8923740e+01   5.0307413e+02   6.9847849e+00   1.9442783e+01   1.8400044e+01
   2.0150000e+03   1.2000000e+01   4.0000000e+00   1.1000000e+01   5.8000000e+01   8.0000000e+00  -5.3661081e+01  -3.8922610e+01   5.0581697e+02   6.4920621e+00   3.1638716e+01   3.0518651e+01
   2.0150000e+03   1.2000000e+01   4.0000000e+00   1.1000000e+01   5.9000000e+01   5.5000099e+01  -5.3665595e+01  -3.8921318e+01   5.0873844e+02   9.3857650e+00   3.0723778e+01   2.8401316e+01
   2.0150000e+03   1.2000000e+01   4.0000000e+00   1.2000000e+01   1.0000000e+00   3.6000099e+01  -5.3669930e+01  -3.8920111e+01   4.8818748e+02   7.7510015e+00   2.7186274e+01   2.6264391e+01
   2.0150000e+03   1.2000000e+01   4.0000000e+00   1.2000000e+01   3.0000000e+00   1.8000099e+01  -5.3674339e+01  -3.8918852e+01   4.9689257e+02   4.4506081e+00   2.9372502e+01   2.6141521e+01
   2.0150000e+03   1.2000000e+01   4.0000000e+00   1.2000000e+01   5.0000000e+00   9.9182129e-05  -5.3678740e+01  -3.8917513e+01   4.9694007e+02   9.6584303e+00   3.0192980e+01   2.5602008e+01
   2.0150000e+03   1.2000000e+01   4.0000000e+00   1.2000000e+01   6.0000000e+00   4.0000099e+01  -5.3683175e+01  -3.8916144e+01   5.0097249e+02   5.0444657e+00   3.6481079e+01   3.2851643e+01
   2.0150000e+03   1.2000000e+01   4.0000000e+00   1.2000000e+01   8.0000000e+00   1.8000000e+01  -5.3687627e+01  -3.8914751e+01   5.0318790e+02   6.0012902e+00   2.7872192e+01   2.1804284e+01
   2.0150000e+03   1.2000000e+01   4.0000000e+00   1.2000000e+01   9.0000000e+00   5.6000099e+01  -5.3692047e+01  -3.8913373e+01   4.9938380e+02   4.4467747e+00   2.4546173e+01   1.8951606e+01
   2.0150000e+03   1.2000000e+01   4.0000000e+00   1.2000000e+01   1.1000000e+01   3.4000000e+01  -5.3696385e+01  -3.8911916e+01   4.9147560e+02   5.5547885e+00   2.9791620e+01   2.9791620e+01
   2.0150000e+03   1.2000000e+01   4.0000000e+00   1.2000000e+01   1.3000000e+01   1.2000000e+01  -5.3700813e+01  -3.8910362e+01   5.0258283e+02   4.0036970e+00   1.7553851e+01   1.6297485e+01
   2.0150000e+03   1.2000000e+01   4.0000000e+00   1.2000000e+01   1.4000000e+01   4.9000000e+01  -5.3705233e+01  -3.8908824e+01   5.0144216e+02   5.2836407e+00   2.2569080e+01   1.8753931e+01
   2.0150000e+03   1.2000000e+01   4.0000000e+00   1.2000000e+01   1.6000000e+01   2.4999901e+01  -5.3709609e+01  -3.8907247e+01   4.9726908e+02   6.8955292e+00   3.0262845e+01   1.9794663e+01
   2.0150000e+03   1.2000000e+01   4.0000000e+00   1.2000000e+01   1.8000000e+01   1.0000000e+00  -5.3713993e+01  -3.8905695e+01   4.9771000e+02   5.0368997e+00   1.5988419e+01   1.1839234e+01
   2.0150000e+03   1.2000000e+01   4.0000000e+00   1.2000000e+01   1.9000000e+01   3.7000000e+01  -5.3718385e+01  -3.8904247e+01   4.9722414e+02   3.5248054e+00   1.7459327e+01   1.5020000e+01
   2.0150000e+03   1.2000000e+01   4.0000000e+00   1.2000000e+01   2.1000000e+01   1.4000000e+01  -5.3722822e+01  -3.8902994e+01   4.9989114e+02   7.8190370e+00   2.9766395e+01   2.6495219e+01
   2.0150000e+03   1.2000000e+01   4.0000000e+00   1.2000000e+01   2.2000000e+01   5.2999901e+01  -5.3727289e+01  -3.8901817e+01   5.0230782e+02   7.0812745e+00   3.3911151e+01   3.1777383e+01
   2.0150000e+03   1.2000000e+01   4.0000000e+00   1.2000000e+01   2.4000000e+01   3.3000000e+01  -5.3731740e+01  -3.8900631e+01   5.0070713e+02   8.5023728e+00   3.1382113e+01   2.6894017e+01
   2.0150000e+03   1.2000000e+01   4.0000000e+00   1.2000000e+01   2.6000000e+01   9.0000000e+00  -5.3736103e+01  -3.8899403e+01   4.9147824e+02   6.9306642e+00   2.5040976e+01   2.3125539e+01
   2.0150000e+03   1.2000000e+01   4.0000000e+00   1.2000000e+01   2.7000000e+01   4.5000000e+01  -5.3740511e+01  -3.8898091e+01   4.9741416e+02   1.0981304e+01   3.0843473e+01   3.0843473e+01
   2.0150000e+03   1.2000000e+01   4.0000000e+00   1.2000000e+01   2.9000000e+01   2.1000099e+01  -5.3744938e+01  -3.8896794e+01   4.9927837e+02   9.3342312e+00   2.7574277e+01   2.4228919e+01
   2.0150000e+03   1.2000000e+01   4.0000000e+00   1.2000000e+01   3.0000000e+01   5.7000000e+01  -5.3749371e+01  -3.8895476e+01   5.0015386e+02   9.5740133e+00   3.2041848e+01   2.6133709e+01
   2.0150000e+03   1.2000000e+01   4.0000000e+00   1.2000000e+01   3.2000000e+01   3.4000000e+01  -5.3753820e+01  -3.8894172e+01   5.0167171e+02   3.7693213e+00   2.2456182e+01   1.6587100e+01
   2.0150000e+03   1.2000000e+01   4.0000000e+00   1.2000000e+01   3.4000000e+01   1.1000000e+01  -5.3758238e+01  -3.8892747e+01   4.9983965e+02   3.1682617e+00   2.1818681e+01   1.5835593e+01
   2.0150000e+03   1.2000000e+01   4.0000000e+00   1.2000000e+01   3.5000000e+01   4.7000000e+01  -5.3762631e+01  -3.8891242e+01   4.9803910e+02   4.1122703e+00   1.3590734e+01   1.0557460e+01
   2.0150000e+03   1.2000000e+01   4.0000000e+00   1.2000000e+01   3.7000000e+01   2.3000000e+01  -5.3767036e+01  -3.8889742e+01   4.9922431e+02   1.6565556e+00   5.9929927e+00   2.2246432e+00
   2.0150000e+03   1.2000000e+01   4.0000000e+00   1.2000000e+01   3.8000000e+01   5.9000000e+01  -5.3771424e+01  -3.8888249e+01   4.9739231e+02   8.8008664e-01   2.7240775e+00   2.7240775e+00
   2.0150000e+03   1.2000000e+01   4.0000000e+00   1.2000000e+01   4.0000000e+01   3.5000000e+01  -5.3775793e+01  -3.8886750e+01   4.9541490e+02   1.2858324e+00   4.1788188e+00   0.0000000e+00
   2.0150000e+03   1.2000000e+01   4.0000000e+00   1.2000000e+01   4.2000000e+01   1.1000000e+01  -5.3780236e+01  -3.8885294e+01   5.0283671e+02   2.2413276e+00   6.4908861e+00   0.0000000e+00
   2.0150000e+03   1.2000000e+01   4.0000000e+00   1.2000000e+01   4.3000000e+01   4.7000000e+01  -5.3784646e+01  -3.8883967e+01   4.9773862e+02   1.0165948e+00   1.6642822e+01   1.6642822e+01
   2.0150000e+03   1.2000000e+01   4.0000000e+00   1.2000000e+01   4.5000000e+01   2.2999901e+01  -5.3789069e+01  -3.8882717e+01   4.9827188e+02   3.5629784e+00   3.8811697e+01   0.0000000e+00
   2.0150000e+03   1.2000000e+01   4.0000000e+00   1.2000000e+01   4.7000000e+01   0.0000000e+00  -5.3793511e+01  -3.8881418e+01   5.0092777e+02   3.7550123e+00   3.7786663e+01   0.0000000e+00
   2.0150000e+03   1.2000000e+01   4.0000000e+00   1.2000000e+01   4.8000000e+01   3.7000099e+01  -5.3797922e+01  -3.8880119e+01   4.9743949e+02   4.7602103e+00   5.4029873e+01   1.9474636e+00
   2.0150000e+03   1.2000000e+01   4.0000000e+00   1.2000000e+01   5.0000000e+01   1.4000000e+01  -5.3802349e+01  -3.8878828e+01   4.9920119e+02   4.3237402e+00   2.7227444e+01   2.7227444e+01
   2.0150000e+03   1.2000000e+01   4.0000000e+00   1.2000000e+01   5.1000000e+01   5.2000000e+01  -5.3806783e+01  -3.8877455e+01   5.0086286e+02   2.6851938e+01   7.5078978e+01   4.6834164e+00
   2.0150000e+03   1.2000000e+01   4.0000000e+00   1.2000000e+01   5.3000000e+01   3.3000099e+01  -5.3811322e+01  -3.8876074e+01   5.1248301e+02   1.2030356e+01   3.7808990e+01   2.0474715e+00
   2.0150000e+03   1.2000000e+01   4.0000000e+00   1.2000000e+01   5.5000000e+01   4.7000000e+01  -5.3815761e+01  -3.8874698e+01   5.0141775e+02   1.5977613e+00   5.1583810e+00   5.1583810e+00
   2.0150000e+03   1.2000000e+01   4.0000000e+00   1.2000000e+01   5.8000000e+01   3.7000099e+01  -5.3819825e+01  -3.8872787e+01   4.6869503e+02   2.3343708e+00   7.3581957e+00   2.9255826e+00
   2.0150000e+03   1.2000000e+01   4.0000000e+00   1.3000000e+01   1.0000000e+00   8.0000000e+00  -5.3824099e+01  -3.8871271e+01   4.8520711e+02   4.1708610e+00   1.3702645e+01   2.4110434e+00
   2.0150000e+03   1.2000000e+01   4.0000000e+00   1.3000000e+01   3.0000000e+00   3.0000000e+00  -5.3828656e+01  -3.8869965e+01   5.1356839e+02   2.1309409e+00   6.7752298e+00   2.6096783e+00
   2.0150000e+03   1.2000000e+01   4.0000000e+00   1.3000000e+01   4.0000000e+00   4.5000000e+01  -5.3833158e+01  -3.8868893e+01   5.0523768e+02   1.6160033e+00   6.1999267e+00   2.8650364e+00
   2.0150000e+03   1.2000000e+01   4.0000000e+00   1.3000000e+01   6.0000000e+00   2.2999901e+01  -5.3837608e+01  -3.8867786e+01   4.9972295e+02   1.4913873e+00   5.2619824e+00   2.5798666e+00
   2.0150000e+03   1.2000000e+01   4.0000000e+00   1.3000000e+01   8.0000000e+00   9.9182129e-05  -5.3842058e+01  -3.8866637e+01   5.0023464e+02   1.9373620e+00   7.2284004e+00   3.5186251e+00
   2.0150000e+03   1.2000000e+01   4.0000000e+00   1.3000000e+01   9.0000000e+00   3.6999901e+01  -5.3846515e+01  -3.8865428e+01   5.0149851e+02   2.3909301e+00   8.2041026e+00   4.8967694e+00
   2.0150000e+03   1.2000000e+01   4.0000000e+00   1.3000000e+01   1.1000000e+01   1.3000000e+01  -5.3850916e+01  -3.8863906e+01   4.9919142e+02   1.6373572e+00   9.1847131e+00   3.4455027e+00
   2.0150000e+03   1.2000000e+01   4.0000000e+00   1.3000000e+01   1.2000000e+01   4.8999901e+01  -5.3855307e+01  -3.8862400e+01   4.9776351e+02   8.8171014e-01   6.7942102e+00   2.6786901e+00
   2.0150000e+03   1.2000000e+01   4.0000000e+00   1.3000000e+01   1.4000000e+01   2.5000000e+01  -5.3859688e+01  -3.8860933e+01   4.9622678e+02   1.5601173e+00   5.8824169e+00   2.1254339e+00
   2.0150000e+03   1.2000000e+01   4.0000000e+00   1.3000000e+01   1.6000000e+01   1.0000992e+00  -5.3864060e+01  -3.8859449e+01   4.9546327e+02   2.9705236e+00   1.1324609e+01   3.0499103e+00
   2.0150000e+03   1.2000000e+01   4.0000000e+00   1.3000000e+01   1.7000000e+01   3.7000000e+01  -5.3868466e+01  -3.8858099e+01   4.9751221e+02   3.1878891e+00   9.2536504e+00   4.6123868e+00
   2.0150000e+03   1.2000000e+01   4.0000000e+00   1.3000000e+01   1.9000000e+01   1.3000000e+01  -5.3872916e+01  -3.8856745e+01   5.0241625e+02   3.3699005e+00   1.0225924e+01   1.0225924e+01
   2.0150000e+03   1.2000000e+01   4.0000000e+00   1.3000000e+01   2.0000000e+01   4.9000000e+01  -5.3877353e+01  -3.8855376e+01   5.0110462e+02   2.1394038e+00   7.9743049e+00   4.0293066e+00
   2.0150000e+03   1.2000000e+01   4.0000000e+00   1.3000000e+01   2.2000000e+01   2.5000000e+01  -5.3881759e+01  -3.8854016e+01   4.9764282e+02   2.8133820e+00   8.2591766e+00   3.6865276e+00
   2.0150000e+03   1.2000000e+01   4.0000000e+00   1.3000000e+01   2.4000000e+01   2.0000000e+00  -5.3886163e+01  -3.8852604e+01   4.9807861e+02   4.0690664e+00   1.1791011e+01   6.3309243e+00
   2.0150000e+03   1.2000000e+01   4.0000000e+00   1.3000000e+01   2.5000000e+01   3.9000000e+01  -5.3890591e+01  -3.8851233e+01   5.0013662e+02   3.5081221e+00   1.0717797e+01   5.2719437e+00
   2.0150000e+03   1.2000000e+01   4.0000000e+00   1.3000000e+01   2.7000000e+01   1.5000000e+01  -5.3895014e+01  -3.8849851e+01   4.9967679e+02   4.1691028e+00   1.2291003e+01   4.8588752e+00
   2.0150000e+03   1.2000000e+01   4.0000000e+00   1.3000000e+01   2.8000000e+01   5.0000000e+01  -5.3899407e+01  -3.8848459e+01   4.9662622e+02   4.4663640e+00   1.3889878e+01   4.9619916e+00
   2.0150000e+03   1.2000000e+01   4.0000000e+00   1.3000000e+01   3.0000000e+01   2.5000000e+01  -5.3903783e+01  -3.8847018e+01   4.9533491e+02   3.2650894e+00   1.5508469e+01   7.9849633e+00
   2.0150000e+03   1.2000000e+01   4.0000000e+00   1.3000000e+01   3.2000000e+01   2.0000000e+00  -5.3908203e+01  -3.8845563e+01   5.0028819e+02   5.1912139e+00   1.5651431e+01   1.0260212e+01
   2.0150000e+03   1.2000000e+01   4.0000000e+00   1.3000000e+01   3.3000000e+01   4.0000000e+01  -5.3912637e+01  -3.8844023e+01   5.0288125e+02   4.9817768e+00   1.6644727e+01   9.1103437e+00
   2.0150000e+03   1.2000000e+01   4.0000000e+00   1.3000000e+01   3.5000000e+01   1.8000000e+01  -5.3917069e+01  -3.8842623e+01   5.0092648e+02   5.2406050e+00   2.0344713e+01   1.0926948e+01
   2.0150000e+03   1.2000000e+01   4.0000000e+00   1.3000000e+01   3.6000000e+01   5.6000000e+01  -5.3921448e+01  -3.8841158e+01   4.9597849e+02   6.0871490e+00   2.8166553e+01   2.8166553e+01
   2.0150000e+03   1.2000000e+01   4.0000000e+00   1.3000000e+01   3.8000000e+01   3.4000000e+01  -5.3925848e+01  -3.8839817e+01   4.9677879e+02   7.3412862e+00   2.6960278e+01   1.6678463e+01
   2.0150000e+03   1.2000000e+01   4.0000000e+00   1.3000000e+01   4.0000000e+01   1.3000000e+01  -5.3930292e+01  -3.8838633e+01   4.9982005e+02   6.4738260e+00   2.6800840e+01   1.8167233e+01
   2.0150000e+03   1.2000000e+01   4.0000000e+00   1.3000000e+01   4.1000000e+01   5.2000000e+01  -5.3934752e+01  -3.8837448e+01   5.0160790e+02   5.1227220e+00   2.6714832e+01   2.6714832e+01
   2.0150000e+03   1.2000000e+01   4.0000000e+00   1.3000000e+01   4.3000000e+01   3.0000000e+01  -5.3939193e+01  -3.8836303e+01   4.9920997e+02   6.3941307e+00   2.5489860e+01   1.7786447e+01
   2.0150000e+03   1.2000000e+01   4.0000000e+00   1.3000000e+01   4.5000000e+01   8.0000000e+00  -5.3943602e+01  -3.8834982e+01   4.9739958e+02   5.8653627e+00   2.8754623e+01   1.9573236e+01
   2.0150000e+03   1.2000000e+01   4.0000000e+00   1.3000000e+01   4.6000000e+01   4.6000000e+01  -5.3947999e+01  -3.8833584e+01   4.9710139e+02   3.4972627e+00   1.8016124e+01   1.0285930e+01
   2.0150000e+03   1.2000000e+01   4.0000000e+00   1.3000000e+01   4.8000000e+01   2.5000099e+01  -5.3952400e+01  -3.8832149e+01   4.9800681e+02   5.4742790e+00   2.7097684e+01   1.6276126e+01
   2.0150000e+03   1.2000000e+01   4.0000000e+00   1.3000000e+01   5.0000000e+01   4.0000000e+00  -5.3956799e+01  -3.8830764e+01   4.9710746e+02   5.6579550e+00   2.6821894e+01   1.4608573e+01
   2.0150000e+03   1.2000000e+01   4.0000000e+00   1.3000000e+01   5.1000000e+01   4.1000000e+01  -5.3961193e+01  -3.8829233e+01   4.9845859e+02   4.6933696e+00   1.6454258e+01   6.4345152e+00
   2.0150000e+03   1.2000000e+01   4.0000000e+00   1.3000000e+01   5.3000000e+01   2.0000000e+01  -5.3965638e+01  -3.8827730e+01   5.0358009e+02   5.7803877e+00   1.9239615e+01   7.9083832e+00
   2.0150000e+03   1.2000000e+01   4.0000000e+00   1.3000000e+01   5.4000000e+01   5.6000000e+01  -5.3969985e+01  -3.8826352e+01   4.9140775e+02   4.1328004e+00   2.6129470e+01   1.3603112e+01
   2.0150000e+03   1.2000000e+01   4.0000000e+00   1.3000000e+01   5.6000000e+01   3.4000000e+01  -5.3974408e+01  -3.8824955e+01   4.9980066e+02   4.8093691e+00   1.7101217e+01   8.3013691e+00
   2.0150000e+03   1.2000000e+01   4.0000000e+00   1.3000000e+01   5.8000000e+01   1.1000000e+01  -5.3978815e+01  -3.8823558e+01   4.9822650e+02   1.4764280e+01   4.9153707e+01   7.8170173e+00
   2.0150000e+03   1.2000000e+01   4.0000000e+00   1.3000000e+01   5.9000000e+01   4.8000000e+01  -5.3983252e+01  -3.8822193e+01   5.0097379e+02   1.2913410e+01   4.6247644e+01   1.1599029e+01
   2.0150000e+03   1.2000000e+01   4.0000000e+00   1.4000000e+01   1.0000000e+00   3.0000000e+01  -5.3987899e+01  -3.8820754e+01   5.2491044e+02   8.9469438e+00   2.9897651e+01   7.3061521e+00
   2.0150000e+03   1.2000000e+01   4.0000000e+00   1.4000000e+01   3.0000000e+00   4.6000000e+01  -5.3992247e+01  -3.8819402e+01   4.9115061e+02   7.5026761e+00   2.5414026e+01   2.5414026e+01
   2.0150000e+03   1.2000000e+01   4.0000000e+00   1.4000000e+01   6.0000000e+00   2.9000000e+01  -5.3996239e+01  -3.8817922e+01   4.5402043e+02   5.0475288e+00   1.8623007e+01   4.5449118e+00
   2.0150000e+03   1.2000000e+01   4.0000000e+00   1.4000000e+01   8.0000000e+00   5.0000000e+01  -5.4000330e+01  -3.8814736e+01   4.9992363e+02   1.1038870e+01   3.9942358e+01   3.9942358e+01
   2.0150000e+03   1.2000000e+01   4.0000000e+00   1.4000000e+01   1.0000000e+01   4.2000000e+01  -5.4000995e+01  -3.8807483e+01   4.7947337e+02   1.0156064e+01   3.6898451e+01   3.6898451e+01
