   2.0150000e+03   1.2000000e+01   3.0000000e+00   9.0000000e+00   8.0000000e+00   3.0000000e+00  -5.4021847e+01  -3.9401864e+01   5.0867809e+02   2.6900499e+00   9.5806589e+00   2.2048216e+00
   2.0150000e+03   1.2000000e+01   3.0000000e+00   9.0000000e+00   9.0000000e+00   3.7000000e+01  -5.4017462e+01  -3.9403314e+01   4.9632645e+02   3.2081161e+00   1.0932700e+01   3.8579738e+00
   2.0150000e+03   1.2000000e+01   3.0000000e+00   9.0000000e+00   1.1000000e+01   1.0999901e+01  -5.4013036e+01  -3.9404840e+01   5.0180417e+02   2.9276644e+00   1.4557512e+01   1.9840138e+00
   2.0150000e+03   1.2000000e+01   3.0000000e+00   9.0000000e+00   1.2000000e+01   4.5000000e+01  -5.4008643e+01  -3.9406240e+01   4.9667039e+02   5.4550720e+00   1.5291303e+01   4.9248499e+00
   2.0150000e+03   1.2000000e+01   3.0000000e+00   9.0000000e+00   1.4000000e+01   1.9000000e+01  -5.4004181e+01  -3.9407279e+01   5.0047549e+02   3.8450080e+00   1.2245204e+01   3.4506756e+00
   2.0150000e+03   1.2000000e+01   3.0000000e+00   9.0000000e+00   1.5000000e+01   5.3000000e+01  -5.3999762e+01  -3.9408609e+01   4.9864497e+02   5.3399619e+00   1.8886829e+01   7.8330434e+00
   2.0150000e+03   1.2000000e+01   3.0000000e+00   9.0000000e+00   1.7000000e+01   2.7000099e+01  -5.3995318e+01  -3.9409955e+01   5.0160691e+02   4.6116929e+00   1.6645710e+01   9.1869946e+00
   2.0150000e+03   1.2000000e+01   3.0000000e+00   9.0000000e+00   1.9000000e+01   1.0000992e+00  -5.3990900e+01  -3.9411166e+01   4.9716236e+02   2.6888393e+00   1.1545377e+01   1.8783882e+00
   2.0150000e+03   1.2000000e+01   3.0000000e+00   9.0000000e+00   2.0000000e+01   3.5000000e+01  -5.3986490e+01  -3.9412370e+01   4.9634602e+02   2.7209865e+00   1.1212464e+01   3.3440192e+00
   2.0150000e+03   1.2000000e+01   3.0000000e+00   9.0000000e+00   2.2000000e+01   9.0000000e+00  -5.3982072e+01  -3.9413705e+01   4.9861930e+02   3.0869853e+00   1.3954548e+01   4.3975860e+00
   2.0150000e+03   1.2000000e+01   3.0000000e+00   9.0000000e+00   2.3000000e+01   4.4000000e+01  -5.3977619e+01  -3.9415009e+01   5.0206965e+02   2.9155859e+00   1.4760210e+01   6.2031275e+00
   2.0150000e+03   1.2000000e+01   3.0000000e+00   9.0000000e+00   2.5000000e+01   1.9000000e+01  -5.3973178e+01  -3.9416418e+01   5.0200779e+02   3.7134311e+00   1.5891888e+01   7.1965184e+00
   2.0150000e+03   1.2000000e+01   3.0000000e+00   9.0000000e+00   2.6000000e+01   5.5000000e+01  -5.3968770e+01  -3.9417837e+01   4.9858207e+02   4.9583431e+00   1.7682179e+01   3.8989499e+00
   2.0150000e+03   1.2000000e+01   3.0000000e+00   9.0000000e+00   2.8000000e+01   3.3000099e+01  -5.3964338e+01  -3.9419287e+01   5.0145402e+02   4.1274093e+00   1.9876312e+01   6.7088465e+00
   2.0150000e+03   1.2000000e+01   3.0000000e+00   9.0000000e+00   3.0000000e+01   1.1000099e+01  -5.3959913e+01  -3.9420531e+01   4.9838453e+02   4.7401087e+00   1.5874069e+01   4.2037812e+00
   2.0150000e+03   1.2000000e+01   3.0000000e+00   9.0000000e+00   3.1000000e+01   4.9000000e+01  -5.3955534e+01  -3.9421731e+01   4.9291115e+02   4.7747772e+00   1.3291026e+01   4.8886366e+00
   2.0150000e+03   1.2000000e+01   3.0000000e+00   9.0000000e+00   3.3000000e+01   2.7000000e+01  -5.3951112e+01  -3.9422901e+01   4.9732347e+02   3.4818018e+00   1.5048407e+01   8.1011746e+00
   2.0150000e+03   1.2000000e+01   3.0000000e+00   9.0000000e+00   3.5000000e+01   5.0000000e+00  -5.3946649e+01  -3.9424123e+01   5.0236351e+02   2.0570617e+00   1.4183817e+01   9.4891161e+00
   2.0150000e+03   1.2000000e+01   3.0000000e+00   9.0000000e+00   3.6000000e+01   4.2000000e+01  -5.3942222e+01  -3.9425380e+01   4.9869802e+02   2.6434982e+00   1.4949947e+01   9.6654613e+00
   2.0150000e+03   1.2000000e+01   3.0000000e+00   9.0000000e+00   3.8000000e+01   1.8999901e+01  -5.3937803e+01  -3.9426560e+01   4.9702535e+02   3.4989987e+00   1.2661948e+01   3.9068367e+00
   2.0150000e+03   1.2000000e+01   3.0000000e+00   9.0000000e+00   3.9000000e+01   5.7000099e+01  -5.3933349e+01  -3.9427944e+01   5.0315769e+02   5.3389806e+00   2.2664485e+01   1.3819971e+01
   2.0150000e+03   1.2000000e+01   3.0000000e+00   9.0000000e+00   4.1000000e+01   3.5000000e+01  -5.3928956e+01  -3.9429324e+01   4.9644851e+02   8.2174221e+00   2.9786024e+01   1.4915192e+01
   2.0150000e+03   1.2000000e+01   3.0000000e+00   9.0000000e+00   4.3000000e+01   1.4000000e+01  -5.3924565e+01  -3.9430735e+01   4.9660096e+02   4.0984892e+00   1.9409526e+01   1.0859354e+01
   2.0150000e+03   1.2000000e+01   3.0000000e+00   9.0000000e+00   4.4000000e+01   5.1000000e+01  -5.3920231e+01  -3.9432135e+01   4.9020426e+02   4.0226649e+00   1.4999220e+01   7.8710783e+00
   2.0150000e+03   1.2000000e+01   3.0000000e+00   9.0000000e+00   4.6000000e+01   3.0000000e+01  -5.3915759e+01  -3.9433597e+01   5.0602207e+02   1.9658442e+00   1.2550327e+01   9.3469517e+00
   2.0150000e+03   1.2000000e+01   3.0000000e+00   9.0000000e+00   4.8000000e+01   7.0000000e+00  -5.3911309e+01  -3.9434888e+01   5.0164715e+02   4.2224143e+00   1.7015849e+01   1.0901076e+01
   2.0150000e+03   1.2000000e+01   3.0000000e+00   9.0000000e+00   4.9000000e+01   4.4000000e+01  -5.3906878e+01  -3.9436229e+01   5.0017129e+02   3.7379287e+00   2.7188572e+01   1.9384352e+01
   2.0150000e+03   1.2000000e+01   3.0000000e+00   9.0000000e+00   5.1000000e+01   2.0000000e+01  -5.3902473e+01  -3.9437575e+01   4.9731829e+02   5.5046819e+00   2.8102873e+01   2.0043028e+01
   2.0150000e+03   1.2000000e+01   3.0000000e+00   9.0000000e+00   5.2000000e+01   5.6000000e+01  -5.3898049e+01  -3.9438863e+01   4.9885365e+02   2.1395345e+00   3.2887235e+01   2.2709314e+01
   2.0150000e+03   1.2000000e+01   3.0000000e+00   9.0000000e+00   5.4000000e+01   3.2000000e+01  -5.3893622e+01  -3.9440231e+01   4.9998811e+02   2.2629157e+00   2.5591600e+01   1.4767654e+01
   2.0150000e+03   1.2000000e+01   3.0000000e+00   9.0000000e+00   5.6000000e+01   7.0000000e+00  -5.3889194e+01  -3.9441442e+01   4.9838556e+02   4.9899008e+00   1.8025283e+01   6.0962010e+00
   2.0150000e+03   1.2000000e+01   3.0000000e+00   9.0000000e+00   5.7000000e+01   4.9000000e+01  -5.3884563e+01  -3.9442695e+01   5.2107754e+02   2.2398642e+00   1.0592607e+01   3.2071521e-01
   2.0150000e+03   1.2000000e+01   3.0000000e+00   1.0000000e+01   0.0000000e+00   3.0000000e+00  -5.3880132e+01  -3.9443962e+01   4.9937934e+02   2.3550165e+00   2.7223997e+01   1.7105058e+01
   2.0150000e+03   1.2000000e+01   3.0000000e+00   1.0000000e+01   5.0000000e+00   1.8000000e+01  -5.3871589e+01  -3.9446396e+01   9.6257406e+02   3.3406048e+00   9.5276836e+00   1.4342464e+00
   2.0150000e+03   1.2000000e+01   3.0000000e+00   1.0000000e+01   7.0000000e+00   7.0000992e+00  -5.3867155e+01  -3.9447989e+01   5.0357566e+02   2.2148769e+00   6.4993064e+00   3.2665331e-01
   2.0150000e+03   1.2000000e+01   3.0000000e+00   1.0000000e+01   8.0000000e+00   4.8000099e+01  -5.3862709e+01  -3.9449328e+01   5.0181260e+02   1.8237191e+00   7.8157744e+00   5.2464405e-01
   2.0150000e+03   1.2000000e+01   3.0000000e+00   1.0000000e+01   1.0000000e+01   2.5999901e+01  -5.3858305e+01  -3.9450772e+01   4.9840318e+02   1.7125259e+00   5.6943162e+00   1.9105106e-01
   2.0150000e+03   1.2000000e+01   3.0000000e+00   1.0000000e+01   1.2000000e+01   2.0000000e+00  -5.3853889e+01  -3.9452185e+01   4.9936409e+02   7.3597447e-01   2.1162200e+00   2.4448394e-01
   2.0150000e+03   1.2000000e+01   3.0000000e+00   1.0000000e+01   1.3000000e+01   3.8000000e+01  -5.3849460e+01  -3.9453622e+01   5.0110439e+02   1.1675268e+00   3.4174154e+00   5.7751420e-01
   2.0150000e+03   1.2000000e+01   3.0000000e+00   1.0000000e+01   1.5000000e+01   1.4000000e+01  -5.3845027e+01  -3.9455030e+01   5.0120624e+02   7.8086064e-01   3.1772737e+00   8.3339848e-01
   2.0150000e+03   1.2000000e+01   3.0000000e+00   1.0000000e+01   1.6000000e+01   5.0000000e+01  -5.3840601e+01  -3.9456297e+01   4.9873936e+02   8.9827972e-01   2.5205409e+00   3.9345447e-01
   2.0150000e+03   1.2000000e+01   3.0000000e+00   1.0000000e+01   1.8000000e+01   2.6000099e+01  -5.3836185e+01  -3.9457483e+01   4.9690456e+02   9.9334809e-01   2.8103985e+00   4.0519948e-01
   2.0150000e+03   1.2000000e+01   3.0000000e+00   1.0000000e+01   2.0000000e+01   2.0000000e+00  -5.3831748e+01  -3.9458681e+01   4.9924344e+02   5.9619991e-01   2.9049296e+00   1.4922889e+00
   2.0150000e+03   1.2000000e+01   3.0000000e+00   1.0000000e+01   2.1000000e+01   3.7000000e+01  -5.3827312e+01  -3.9459821e+01   4.9850283e+02   1.0874354e+00   3.8933903e+00   2.9300643e+00
   2.0150000e+03   1.2000000e+01   3.0000000e+00   1.0000000e+01   2.3000000e+01   1.2000000e+01  -5.3822928e+01  -3.9460941e+01   4.9273900e+02   1.6538808e+00   5.0800579e+00   3.0339693e+00
   2.0150000e+03   1.2000000e+01   3.0000000e+00   1.0000000e+01   2.4000000e+01   4.8000099e+01  -5.3818456e+01  -3.9462114e+01   5.0277056e+02   1.4891296e+00   4.8239506e+00   1.4985036e+00
   2.0150000e+03   1.2000000e+01   3.0000000e+00   1.0000000e+01   2.6000000e+01   2.4000000e+01  -5.3814040e+01  -3.9463420e+01   4.9814293e+02   2.6713121e+00   8.9722400e+00   3.0686740e+00
   2.0150000e+03   1.2000000e+01   3.0000000e+00   1.0000000e+01   2.8000000e+01   1.0000000e+00  -5.3809661e+01  -3.9464837e+01   4.9545713e+02   2.5298224e+00   1.0566341e+01   1.8186346e+00
   2.0150000e+03   1.2000000e+01   3.0000000e+00   1.0000000e+01   2.9000000e+01   3.9000000e+01  -5.3805227e+01  -3.9466290e+01   5.0180505e+02   2.7153732e+00   1.3030644e+01   2.2687360e+00
   2.0150000e+03   1.2000000e+01   3.0000000e+00   1.0000000e+01   3.1000000e+01   1.7000000e+01  -5.3800806e+01  -3.9467706e+01   5.0000082e+02   4.8702502e+00   1.6504895e+01   9.3535458e+00
   2.0150000e+03   1.2000000e+01   3.0000000e+00   1.0000000e+01   3.2000000e+01   5.5000000e+01  -5.3796399e+01  -3.9469101e+01   4.9821232e+02   5.3719311e+00   1.7052320e+01   1.3113234e+01
   2.0150000e+03   1.2000000e+01   3.0000000e+00   1.0000000e+01   3.4000000e+01   3.3000000e+01  -5.3791981e+01  -3.9470483e+01   4.9919166e+02   5.2038907e+00   1.5594528e+01   9.9511271e+00
   2.0150000e+03   1.2000000e+01   3.0000000e+00   1.0000000e+01   3.6000000e+01   1.2000099e+01  -5.3787550e+01  -3.9471787e+01   4.9974546e+02   5.5110870e+00   1.8022961e+01   1.1050234e+01
   2.0150000e+03   1.2000000e+01   3.0000000e+00   1.0000000e+01   3.7000000e+01   5.1000000e+01  -5.3783122e+01  -3.9473126e+01   4.9982219e+02   6.2171493e+00   2.6777579e+01   1.5732255e+01
   2.0150000e+03   1.2000000e+01   3.0000000e+00   1.0000000e+01   3.9000000e+01   2.9000000e+01  -5.3778693e+01  -3.9474473e+01   5.0003092e+02   3.4775783e+00   3.2774734e+01   1.2550882e+01
   2.0150000e+03   1.2000000e+01   3.0000000e+00   1.0000000e+01   4.1000000e+01   8.0000992e+00  -5.3774281e+01  -3.9475887e+01   4.9900070e+02   4.0275643e+00   2.4957895e+01   8.4537722e+00
   2.0150000e+03   1.2000000e+01   3.0000000e+00   1.0000000e+01   4.2000000e+01   4.7000000e+01  -5.3769882e+01  -3.9477094e+01   4.9517821e+02   8.1503721e+00   4.4202491e+01   2.6377288e+01
   2.0150000e+03   1.2000000e+01   3.0000000e+00   1.0000000e+01   4.4000000e+01   2.6000000e+01  -5.3765457e+01  -3.9478377e+01   4.9884468e+02   3.8688569e+00   2.3994346e+01   1.0524458e+01
   2.0150000e+03   1.2000000e+01   3.0000000e+00   1.0000000e+01   4.6000000e+01   6.0000992e+00  -5.3761017e+01  -3.9479668e+01   5.0060701e+02   5.3652131e+00   1.8090605e+01   8.7755526e+00
   2.0150000e+03   1.2000000e+01   3.0000000e+00   1.0000000e+01   4.7000000e+01   4.6000000e+01  -5.3756623e+01  -3.9480961e+01   4.9565939e+02   6.3892936e+00   4.1291861e+01   1.1539307e+01
   2.0150000e+03   1.2000000e+01   3.0000000e+00   1.0000000e+01   4.9000000e+01   2.6000000e+01  -5.3752215e+01  -3.9482291e+01   4.9754765e+02   6.0440169e+00   7.3668045e+01   2.8858821e+01
   2.0150000e+03   1.2000000e+01   3.0000000e+00   1.0000000e+01   5.1000000e+01   6.0000992e+00  -5.3747783e+01  -3.9483623e+01   5.0016103e+02   6.2614371e+00   3.4842915e+01   1.2903166e+01
   2.0150000e+03   1.2000000e+01   3.0000000e+00   1.0000000e+01   5.2000000e+01   4.5000000e+01  -5.3743394e+01  -3.9484959e+01   4.9552150e+02   6.4469399e+00   2.6262137e+01   7.6638526e+00
   2.0150000e+03   1.2000000e+01   3.0000000e+00   1.0000000e+01   5.4000000e+01   2.4000099e+01  -5.3738943e+01  -3.9486295e+01   5.0240321e+02   2.1513160e+00   1.2068415e+01   4.4652214e+00
   2.0150000e+03   1.2000000e+01   3.0000000e+00   1.0000000e+01   5.6000000e+01   3.0000000e+00  -5.3734505e+01  -3.9487629e+01   5.0089978e+02   6.3190416e+00   2.5817950e+01   1.9151341e+01
   2.0150000e+03   1.2000000e+01   3.0000000e+00   1.0000000e+01   5.7000000e+01   4.1000000e+01  -5.3730151e+01  -3.9488988e+01   4.9198882e+02   3.5096744e+00   1.0835399e+01   3.8313570e+00
   2.0150000e+03   1.2000000e+01   3.0000000e+00   1.0000000e+01   5.9000000e+01   1.9000000e+01  -5.3725726e+01  -3.9490384e+01   5.0019758e+02   3.7756991e+00   1.1220682e+01   4.1805106e+00
   2.0150000e+03   1.2000000e+01   3.0000000e+00   1.1000000e+01   0.0000000e+00   5.7000000e+01  -5.3721299e+01  -3.9491731e+01   4.9978346e+02   4.8833413e+00   2.0095287e+01   4.2551122e+00
   2.0150000e+03   1.2000000e+01   3.0000000e+00   1.1000000e+01   2.0000000e+00   3.4000000e+01  -5.3716890e+01  -3.9493109e+01   4.9825359e+02   3.9973523e+00   2.6126845e+01   4.7750757e+00
   2.0150000e+03   1.2000000e+01   3.0000000e+00   1.1000000e+01   4.0000000e+00   1.1000000e+01  -5.3712456e+01  -3.9494336e+01   4.9927371e+02   5.7047853e+00   2.2064560e+01   1.0031478e+01
   2.0150000e+03   1.2000000e+01   3.0000000e+00   1.1000000e+01   5.0000000e+00   4.9000000e+01  -5.3708024e+01  -3.9495489e+01   4.9823103e+02   4.6085569e+00   2.1694014e+01   8.4535702e+00
   2.0150000e+03   1.2000000e+01   3.0000000e+00   1.1000000e+01   7.0000000e+00   3.6000000e+01  -5.3703400e+01  -3.9497024e+01   5.2364434e+02   4.8652378e+00   2.3524231e+01   1.8630686e+01
   2.0150000e+03   1.2000000e+01   3.0000000e+00   1.1000000e+01   1.2000000e+01   2.4000000e+01  -5.3694904e+01  -3.9499937e+01   9.6334706e+02   2.5238107e+00   1.9241361e+01   1.1336909e+01
   2.0150000e+03   1.2000000e+01   3.0000000e+00   1.1000000e+01   1.4000000e+01   4.2000000e+01  -5.3690427e+01  -3.9501286e+01   5.0541147e+02   4.9008495e+00   3.0526358e+01   2.0876869e+01
   2.0150000e+03   1.2000000e+01   3.0000000e+00   1.1000000e+01   1.6000000e+01   4.9000000e+01  -5.3686149e+01  -3.9502513e+01   4.8212867e+02   5.8384240e+00   3.1058234e+01   2.6298686e+01
   2.0150000e+03   1.2000000e+01   3.0000000e+00   1.1000000e+01   1.8000000e+01   3.6000000e+01  -5.3681629e+01  -3.9503805e+01   5.0939049e+02   2.9149720e+00   2.1541529e+01   1.9593243e+01
   2.0150000e+03   1.2000000e+01   3.0000000e+00   1.1000000e+01   2.0000000e+01   1.4000000e+01  -5.3677147e+01  -3.9505176e+01   5.0617340e+02   5.5104070e+00   3.0297064e+01   2.0217437e+01
   2.0150000e+03   1.2000000e+01   3.0000000e+00   1.1000000e+01   2.1000000e+01   5.1000000e+01  -5.3672681e+01  -3.9506467e+01   5.0343162e+02   4.2547078e+00   1.6635423e+01   1.4536098e+01
   2.0150000e+03   1.2000000e+01   3.0000000e+00   1.1000000e+01   2.3000000e+01   2.9000000e+01  -5.3668269e+01  -3.9507636e+01   4.9627671e+02   4.2950922e+00   1.5186784e+01   8.8588551e+00
   2.0150000e+03   1.2000000e+01   3.0000000e+00   1.1000000e+01   2.5000000e+01   7.0000000e+00  -5.3663858e+01  -3.9508773e+01   4.9584509e+02   4.4022288e+00   1.4736625e+01   1.0365001e+01
   2.0150000e+03   1.2000000e+01   3.0000000e+00   1.1000000e+01   2.6000000e+01   4.5000000e+01  -5.3659426e+01  -3.9509969e+01   4.9879921e+02   2.2911017e+01   7.2640571e+01   1.5793881e+01
   2.0150000e+03   1.2000000e+01   3.0000000e+00   1.1000000e+01   2.8000000e+01   2.3000000e+01  -5.3655021e+01  -3.9511207e+01   4.9618959e+02   4.4930026e+00   1.6682979e+01   1.2275664e+01
   2.0150000e+03   1.2000000e+01   3.0000000e+00   1.1000000e+01   3.0000000e+01   1.0000992e+00  -5.3650595e+01  -3.9512477e+01   4.9891328e+02   5.2509881e+00   1.8873477e+01   1.6088214e+01
   2.0150000e+03   1.2000000e+01   3.0000000e+00   1.1000000e+01   3.1000000e+01   3.8999901e+01  -5.3646125e+01  -3.9513754e+01   5.0378612e+02   5.3022810e+00   1.7213485e+01   1.4255087e+01
   2.0150000e+03   1.2000000e+01   3.0000000e+00   1.1000000e+01   3.3000000e+01   1.7000000e+01  -5.3641683e+01  -3.9514965e+01   5.0001181e+02   5.1273765e+00   1.5690554e+01   1.1375051e+01
   2.0150000e+03   1.2000000e+01   3.0000000e+00   1.1000000e+01   3.4000000e+01   5.4000000e+01  -5.3637300e+01  -3.9516262e+01   4.9441809e+02   4.9115421e+00   1.5758397e+01   1.0250992e+01
   2.0150000e+03   1.2000000e+01   3.0000000e+00   1.1000000e+01   3.6000000e+01   3.1000000e+01  -5.3632896e+01  -3.9517659e+01   4.9800259e+02   5.7491633e+00   1.7947205e+01   1.3570128e+01
   2.0150000e+03   1.2000000e+01   3.0000000e+00   1.1000000e+01   3.8000000e+01   9.0000000e+00  -5.3628459e+01  -3.9519071e+01   5.0171653e+02   3.8370880e+00   1.4113118e+01   1.1628135e+01
   2.0150000e+03   1.2000000e+01   3.0000000e+00   1.1000000e+01   3.9000000e+01   4.6000000e+01  -5.3624047e+01  -3.9520466e+01   4.9882274e+02   4.6799434e+00   1.5103932e+01   1.0569680e+01
   2.0150000e+03   1.2000000e+01   3.0000000e+00   1.1000000e+01   4.1000000e+01   2.2000000e+01  -5.3619662e+01  -3.9521885e+01   4.9614013e+02   3.3803923e+00   9.6636182e+00   5.7699362e+00
   2.0150000e+03   1.2000000e+01   3.0000000e+00   1.1000000e+01   4.2000000e+01   5.8000000e+01  -5.3615244e+01  -3.9523297e+01   4.9963248e+02   2.6463826e+00   7.9190659e+00   4.5955064e+00
   2.0150000e+03   1.2000000e+01   3.0000000e+00   1.1000000e+01   4.4000000e+01   3.4000000e+01  -5.3610828e+01  -3.9524691e+01   4.9925752e+02   2.6614688e+00   8.9017146e+00   5.1016129e+00
   2.0150000e+03   1.2000000e+01   3.0000000e+00   1.1000000e+01   4.6000000e+01   1.0000099e+01  -5.3606432e+01  -3.9525986e+01   4.9585545e+02   2.6481863e+00   8.6270213e+00   3.1424981e+00
   2.0150000e+03   1.2000000e+01   3.0000000e+00   1.1000000e+01   4.7000000e+01   4.7000000e+01  -5.3601985e+01  -3.9527189e+01   5.0055462e+02   4.0800366e+00   1.1357153e+01   6.2097052e+00
   2.0150000e+03   1.2000000e+01   3.0000000e+00   1.1000000e+01   4.9000000e+01   2.4000000e+01  -5.3597541e+01  -3.9528397e+01   5.0021112e+02   2.6754604e+00   1.3351832e+01   8.5209363e+00
   2.0150000e+03   1.2000000e+01   3.0000000e+00   1.1000000e+01   5.0000000e+01   5.9999901e+01  -5.3593112e+01  -3.9529624e+01   4.9868230e+02   1.0382894e+01   3.4334958e+01   2.9915803e+01
   2.0150000e+03   1.2000000e+01   3.0000000e+00   1.1000000e+01   5.2000000e+01   3.6000000e+01  -5.3588688e+01  -3.9530919e+01   4.9897415e+02   3.4282961e+00   1.2474696e+01   1.0420741e+01
   2.0150000e+03   1.2000000e+01   3.0000000e+00   1.1000000e+01   5.4000000e+01   1.3000000e+01  -5.3584257e+01  -3.9532207e+01   4.9969884e+02   2.1219144e+00   1.0716419e+01   8.1054464e+00
   2.0150000e+03   1.2000000e+01   3.0000000e+00   1.1000000e+01   5.5000000e+01   5.0000099e+01  -5.3579822e+01  -3.9533471e+01   4.9980572e+02   1.4938932e+00   1.2964807e+01   9.1907270e+00
   2.0150000e+03   1.2000000e+01   3.0000000e+00   1.1000000e+01   5.7000000e+01   2.7000099e+01  -5.3575382e+01  -3.9534713e+01   5.0016079e+02   1.2950945e+00   9.6658096e+00   4.5667502e+00
   2.0150000e+03   1.2000000e+01   3.0000000e+00   1.1000000e+01   5.9000000e+01   4.9999008e+00  -5.3570953e+01  -3.9535933e+01   4.9862975e+02   1.2842969e+00   8.0766268e+00   3.3167858e+00
   2.0150000e+03   1.2000000e+01   3.0000000e+00   1.2000000e+01   0.0000000e+00   4.4000000e+01  -5.3566553e+01  -3.9537177e+01   4.9577842e+02   1.3095425e+00   6.7270941e+00   3.6410529e+00
   2.0150000e+03   1.2000000e+01   3.0000000e+00   1.2000000e+01   2.0000000e+00   2.2000000e+01  -5.3562154e+01  -3.9538487e+01   4.9644550e+02   1.6801168e+00   5.2463632e+00   3.3955984e+00
   2.0150000e+03   1.2000000e+01   3.0000000e+00   1.2000000e+01   3.0000000e+00   5.7999901e+01  -5.3557758e+01  -3.9539926e+01   4.9764603e+02   1.9897681e+00   5.8452281e+00   4.2040500e+00
   2.0150000e+03   1.2000000e+01   3.0000000e+00   1.2000000e+01   5.0000000e+00   3.4000000e+01  -5.3553322e+01  -3.9541379e+01   5.0210581e+02   1.2761368e+00   5.8753177e+00   4.8694536e+00
   2.0150000e+03   1.2000000e+01   3.0000000e+00   1.2000000e+01   7.0000000e+00   1.0999901e+01  -5.3548909e+01  -3.9542745e+01   4.9862567e+02   1.0481809e+00   5.2268690e+00   4.3082855e+00
   2.0150000e+03   1.2000000e+01   3.0000000e+00   1.2000000e+01   8.0000000e+00   4.9000099e+01  -5.3544471e+01  -3.9544090e+01   5.0102944e+02   9.2311414e-01   4.6562081e+00   5.7429236e-01
   2.0150000e+03   1.2000000e+01   3.0000000e+00   1.2000000e+01   1.0000000e+01   2.6000000e+01  -5.3540073e+01  -3.9545424e+01   4.9658494e+02   1.4398503e+00   4.9716448e+00   9.6369072e-01
   2.0150000e+03   1.2000000e+01   3.0000000e+00   1.2000000e+01   1.2000000e+01   3.0000000e+00  -5.3535678e+01  -3.9546681e+01   4.9537318e+02   1.8165095e+00   7.0537433e+00   2.0086836e+00
   2.0150000e+03   1.2000000e+01   3.0000000e+00   1.2000000e+01   1.3000000e+01   4.1000000e+01  -5.3531223e+01  -3.9547933e+01   5.0189515e+02   2.6729535e+00   1.1292602e+01   4.2742060e+00
   2.0150000e+03   1.2000000e+01   3.0000000e+00   1.2000000e+01   1.5000000e+01   2.4000000e+01  -5.3526635e+01  -3.9549285e+01   5.1756571e+02   4.9874020e+00   1.6906899e+01   2.6532673e+00
   2.0150000e+03   1.2000000e+01   3.0000000e+00   1.2000000e+01   1.7000000e+01   4.2000099e+01  -5.3522237e+01  -3.9550814e+01   4.9913087e+02   4.3286371e+00   1.3215344e+01   4.7888810e+00
   2.0150000e+03   1.2000000e+01   3.0000000e+00   1.2000000e+01   2.0000000e+01   3.2000000e+01  -5.3518052e+01  -3.9552007e+01   4.7161221e+02   4.0932006e+00   1.4457884e+01   3.7783835e+00
   2.0150000e+03   1.2000000e+01   3.0000000e+00   1.2000000e+01   2.3000000e+01   1.1000000e+01  -5.3513788e+01  -3.9553094e+01   4.7928729e+02   4.3557731e+00   1.3395010e+01   3.0844372e+00
   2.0150000e+03   1.2000000e+01   3.0000000e+00   1.2000000e+01   2.5000000e+01   2.0000099e+01  -5.3509177e+01  -3.9554320e+01   5.1869531e+02   3.1314373e+00   1.1708820e+01   4.5175604e+00
   2.0150000e+03   1.2000000e+01   3.0000000e+00   1.2000000e+01   2.7000000e+01   7.0000992e+00  -5.3504692e+01  -3.9555598e+01   5.0550279e+02   5.4729494e+00   1.8371826e+01   7.9024483e+00
   2.0150000e+03   1.2000000e+01   3.0000000e+00   1.2000000e+01   2.8000000e+01   4.7000000e+01  -5.3500289e+01  -3.9556821e+01   4.9587038e+02   6.0289555e+00   1.9387071e+01   1.0309516e+01
   2.0150000e+03   1.2000000e+01   3.0000000e+00   1.2000000e+01   3.0000000e+01   2.5000099e+01  -5.3495871e+01  -3.9558144e+01   4.9863034e+02   5.0103923e+00   1.6709570e+01   1.2173158e+01
   2.0150000e+03   1.2000000e+01   3.0000000e+00   1.2000000e+01   3.2000000e+01   2.0000000e+00  -5.3491419e+01  -3.9559457e+01   5.0227253e+02   4.8020320e+00   1.4044390e+01   7.6118259e+00
   2.0150000e+03   1.2000000e+01   3.0000000e+00   1.2000000e+01   3.3000000e+01   3.8000099e+01  -5.3487026e+01  -3.9560724e+01   4.9528490e+02   3.6945308e+00   1.1277223e+01   7.0756782e+00
   2.0150000e+03   1.2000000e+01   3.0000000e+00   1.2000000e+01   3.5000000e+01   1.5000000e+01  -5.3482595e+01  -3.9562017e+01   4.9978994e+02   7.6587146e+00   3.0761051e+01   2.4944964e+01
   2.0150000e+03   1.2000000e+01   3.0000000e+00   1.2000000e+01   3.6000000e+01   5.2000000e+01  -5.3478169e+01  -3.9563392e+01   5.0015639e+02   7.9988029e+00   2.8285558e+01   1.5366073e+01
   2.0150000e+03   1.2000000e+01   3.0000000e+00   1.2000000e+01   3.8000000e+01   2.9000000e+01  -5.3473764e+01  -3.9564782e+01   4.9794422e+02   1.1944933e+01   4.0581232e+01   2.4693519e+01
   2.0150000e+03   1.2000000e+01   3.0000000e+00   1.2000000e+01   4.0000000e+01   7.0000000e+00  -5.3469341e+01  -3.9566209e+01   5.0046989e+02   1.2556373e+01   3.8659032e+01   2.6334248e+01
   2.0150000e+03   1.2000000e+01   3.0000000e+00   1.2000000e+01   4.1000000e+01   4.5000000e+01  -5.3464948e+01  -3.9567670e+01   4.9768843e+02   5.9657731e+00   3.8928715e+01   3.1175546e+01
   2.0150000e+03   1.2000000e+01   3.0000000e+00   1.2000000e+01   4.3000000e+01   2.2000000e+01  -5.3460560e+01  -3.9569135e+01   4.9712588e+02   9.1408258e+00   4.5902558e+01   3.6989192e+01
   2.0150000e+03   1.2000000e+01   3.0000000e+00   1.2000000e+01   4.4000000e+01   5.9000099e+01  -5.3456137e+01  -3.9570490e+01   4.9958038e+02   1.0876744e+01   4.1176858e+01   3.1007678e+01
   2.0150000e+03   1.2000000e+01   3.0000000e+00   1.2000000e+01   4.6000000e+01   3.6000099e+01  -5.3451722e+01  -3.9571812e+01   4.9834450e+02   7.7016281e+00   4.1652512e+01   3.0548622e+01
   2.0150000e+03   1.2000000e+01   3.0000000e+00   1.2000000e+01   4.8000000e+01   1.4000099e+01  -5.3447297e+01  -3.9573098e+01   4.9895864e+02   3.1582115e+00   3.6996544e+01   2.9651898e+01
   2.0150000e+03   1.2000000e+01   3.0000000e+00   1.2000000e+01   4.9000000e+01   5.3000000e+01  -5.3442847e+01  -3.9574337e+01   5.0127614e+02   7.1894549e+00   3.3062569e+01   2.3232341e+01
   2.0150000e+03   1.2000000e+01   3.0000000e+00   1.2000000e+01   5.1000000e+01   3.1000000e+01  -5.3438433e+01  -3.9575604e+01   4.9765390e+02   6.2412942e+00   4.0075132e+01   2.3271665e+01
   2.0150000e+03   1.2000000e+01   3.0000000e+00   1.2000000e+01   5.3000000e+01   8.0000000e+00  -5.3433980e+01  -3.9576864e+01   5.0170731e+02   6.7346282e+00   3.4333297e+01   7.0292088e+00
   2.0150000e+03   1.2000000e+01   3.0000000e+00   1.2000000e+01   5.4000000e+01   4.4000000e+01  -5.3429552e+01  -3.9578127e+01   4.9916255e+02   6.7606089e+00   3.3873605e+01   3.6767574e+00
   2.0150000e+03   1.2000000e+01   3.0000000e+00   1.2000000e+01   5.6000000e+01   1.9000099e+01  -5.3425159e+01  -3.9579381e+01   4.9509863e+02   3.7348932e+00   1.9108407e+01   7.0116907e+00
   2.0150000e+03   1.2000000e+01   3.0000000e+00   1.2000000e+01   5.7000000e+01   5.4000000e+01  -5.3420723e+01  -3.9580644e+01   5.0004987e+02   3.3553423e+00   1.5491655e+01   4.6360884e+00
   2.0150000e+03   1.2000000e+01   3.0000000e+00   1.2000000e+01   5.9000000e+01   3.0000000e+01  -5.3416280e+01  -3.9581871e+01   5.0032843e+02   5.8643030e+00   2.5899487e+01   7.4063126e+00
   2.0150000e+03   1.2000000e+01   3.0000000e+00   1.3000000e+01   1.0000000e+00   6.9999008e+00  -5.3411877e+01  -3.9583087e+01   4.9587391e+02   7.5776818e+00   4.4764654e+01   1.4756286e+01
   2.0150000e+03   1.2000000e+01   3.0000000e+00   1.3000000e+01   2.0000000e+00   4.3999901e+01  -5.3407449e+01  -3.9584367e+01   4.9928097e+02   9.1114876e+00   3.6378206e+01   7.6493434e+00
   2.0150000e+03   1.2000000e+01   3.0000000e+00   1.3000000e+01   4.0000000e+00   2.2000000e+01  -5.3403050e+01  -3.9585672e+01   4.9637863e+02   9.9301776e+00   3.3985675e+01   5.3825305e+00
   2.0150000e+03   1.2000000e+01   3.0000000e+00   1.3000000e+01   6.0000000e+00   1.0000000e+00  -5.3398649e+01  -3.9587060e+01   4.9758990e+02   1.1685118e+01   4.6547694e+01   7.7210632e+00
   2.0150000e+03   1.2000000e+01   3.0000000e+00   1.3000000e+01   7.0000000e+00   3.9000000e+01  -5.3394226e+01  -3.9588484e+01   5.0051577e+02   8.0994659e+00   2.4714089e+01   4.6390488e+00
   2.0150000e+03   1.2000000e+01   3.0000000e+00   1.3000000e+01   9.0000000e+00   1.6000000e+01  -5.3389804e+01  -3.9589984e+01   5.0126362e+02   5.8017299e+00   1.7295968e+01   1.6217213e+00
   2.0150000e+03   1.2000000e+01   3.0000000e+00   1.3000000e+01   1.0000000e+01   5.2000000e+01  -5.3385379e+01  -3.9591404e+01   5.0059541e+02   4.7765975e+00   1.8052120e+01   7.4395436e-01
   2.0150000e+03   1.2000000e+01   3.0000000e+00   1.3000000e+01   1.2000000e+01   2.8000099e+01  -5.3380949e+01  -3.9592769e+01   5.0060296e+02   5.0824579e+00   1.5594253e+01   2.4183676e+00
   2.0150000e+03   1.2000000e+01   3.0000000e+00   1.3000000e+01   1.4000000e+01   5.0000000e+00  -5.3376528e+01  -3.9594078e+01   4.9878831e+02   4.2433379e+00   1.1811717e+01   2.1090435e+00
   2.0150000e+03   1.2000000e+01   3.0000000e+00   1.3000000e+01   1.5000000e+01   4.2000000e+01  -5.3372127e+01  -3.9595299e+01   4.9567438e+02   3.1277188e+00   9.4034538e+00   1.1763224e+00
   2.0150000e+03   1.2000000e+01   3.0000000e+00   1.3000000e+01   1.7000000e+01   1.9000000e+01  -5.3367668e+01  -3.9596450e+01   5.0139226e+02   4.3330452e+00   1.4053879e+01   2.3909663e+00
   2.0150000e+03   1.2000000e+01   3.0000000e+00   1.3000000e+01   1.8000000e+01   5.7000000e+01  -5.3363229e+01  -3.9597570e+01   4.9876969e+02   3.0034823e+00   8.6360487e+00   3.8177725e+00
   2.0150000e+03   1.2000000e+01   3.0000000e+00   1.3000000e+01   2.0000000e+01   3.5000000e+01  -5.3358816e+01  -3.9598741e+01   4.9647842e+02   2.2599411e+00   6.7788123e+00   3.1081553e+00
   2.0150000e+03   1.2000000e+01   3.0000000e+00   1.3000000e+01   2.2000000e+01   1.3000099e+01  -5.3354390e+01  -3.9599920e+01   4.9799170e+02   3.4521133e+00   9.9479258e+00   2.9942676e+00
   2.0150000e+03   1.2000000e+01   3.0000000e+00   1.3000000e+01   2.4000000e+01   8.9999008e+00  -5.3349780e+01  -3.9601519e+01   5.2320597e+02   4.3681547e+00   1.3479783e+01   2.1395555e+00
   2.0150000e+03   1.2000000e+01   3.0000000e+00   1.3000000e+01   2.9000000e+01   4.3000000e+01  -5.3341049e+01  -3.9603236e+01   9.7677640e+02   4.1008297e+00   2.2242038e+01   5.9696869e-01
