   2.0150000e+03   1.2000000e+01   5.0000000e+00   1.5000000e+01   3.0000000e+00   2.5000000e+01  -5.3225274e+01  -3.8127193e+01   6.3170479e+02   4.2319205e+00   1.4285602e+01   1.3923287e+01
   2.0150000e+03   1.2000000e+01   5.0000000e+00   1.5000000e+01   5.0000000e+00   1.2000000e+01  -5.3229672e+01  -3.8125557e+01   5.0067837e+02   1.2082393e+00   9.2834675e+00   8.5207192e+00
   2.0150000e+03   1.2000000e+01   5.0000000e+00   1.5000000e+01   8.0000000e+00   5.3000000e+01  -5.3238410e+01  -3.8122835e+01   9.8762753e+02   1.9610275e+00   6.0890844e+00   4.5144862e+00
   2.0150000e+03   1.2000000e+01   5.0000000e+00   1.5000000e+01   1.0000000e+01   4.1000000e+01  -5.3242855e+01  -3.8121632e+01   5.0044510e+02   1.4104533e+00   4.7079994e+00   3.7688638e+00
   2.0150000e+03   1.2000000e+01   5.0000000e+00   1.5000000e+01   1.2000000e+01   3.1000000e+01  -5.3247278e+01  -3.8120400e+01   4.9823721e+02   1.4210685e+00   6.2792198e+00   6.0156819e+00
   2.0150000e+03   1.2000000e+01   5.0000000e+00   1.5000000e+01   1.4000000e+01   2.3000000e+01  -5.3251659e+01  -3.8119050e+01   4.9496452e+02   9.9489572e-01   3.3345173e+00   2.6711516e+00
   2.0150000e+03   1.2000000e+01   5.0000000e+00   1.5000000e+01   1.6000000e+01   1.5999901e+01  -5.3256027e+01  -3.8117561e+01   4.9542964e+02   1.4582465e+00   5.1656581e+00   2.7181618e+00
   2.0150000e+03   1.2000000e+01   5.0000000e+00   1.5000000e+01   1.8000000e+01   8.0000000e+00  -5.3260436e+01  -3.8116093e+01   4.9950262e+02   6.6514997e-01   3.9544851e+00   3.0374649e+00
   2.0150000e+03   1.2000000e+01   5.0000000e+00   1.5000000e+01   1.9000000e+01   5.7999901e+01  -5.3264856e+01  -3.8114702e+01   4.9984357e+02   1.5233048e+00   4.8819209e+00   2.2622151e+00
   2.0150000e+03   1.2000000e+01   5.0000000e+00   1.5000000e+01   2.1000000e+01   4.5000000e+01  -5.3269202e+01  -3.8113251e+01   4.9243955e+02   1.8870269e+00   6.8260570e+00   6.0767940e+00
   2.0150000e+03   1.2000000e+01   5.0000000e+00   1.5000000e+01   2.3000000e+01   3.2000000e+01  -5.3273637e+01  -3.8111731e+01   5.0306919e+02   1.5497202e+00   5.3391398e+00   3.3969099e+00
   2.0150000e+03   1.2000000e+01   5.0000000e+00   1.5000000e+01   2.5000000e+01   1.6000000e+01  -5.3278018e+01  -3.8110259e+01   4.9655497e+02   2.9536220e+00   1.1250741e+01   8.9245656e+00
   2.0150000e+03   1.2000000e+01   5.0000000e+00   1.5000000e+01   2.6000000e+01   5.6000000e+01  -5.3282451e+01  -3.8108877e+01   5.0108218e+02   1.0967864e+00   6.5085417e+00   6.1569022e+00
   2.0150000e+03   1.2000000e+01   5.0000000e+00   1.5000000e+01   3.0000000e+01   1.5000000e+01  -5.3291233e+01  -3.8105695e+01   9.9847299e+02   7.6676573e-01   4.5198273e+00   4.3296841e+00
   2.0150000e+03   1.2000000e+01   5.0000000e+00   1.5000000e+01   3.3000000e+01   4.3000000e+01  -5.3299965e+01  -3.8102554e+01   9.9244113e+02   8.0809862e-01   7.0506006e+00   5.6625142e+00
   2.0150000e+03   1.2000000e+01   5.0000000e+00   1.5000000e+01   3.7000000e+01   1.1000000e+01  -5.3308664e+01  -3.8099586e+01   9.8649866e+02   2.0128918e+00   6.0226910e+00   4.8039384e+00
   2.0150000e+03   1.2000000e+01   5.0000000e+00   1.5000000e+01   3.8000000e+01   5.3000000e+01  -5.3313133e+01  -3.8098253e+01   5.0447072e+02   1.4488980e+00   1.4352531e+01   1.3726406e+01
   2.0150000e+03   1.2000000e+01   5.0000000e+00   1.5000000e+01   4.2000000e+01   2.5000099e+01  -5.3321911e+01  -3.8096063e+01   9.8618015e+02   1.2404530e+00   9.6038897e+00   9.1324705e+00
   2.0150000e+03   1.2000000e+01   5.0000000e+00   1.5000000e+01   4.4000000e+01   8.0000992e+00  -5.3326356e+01  -3.8094738e+01   5.0169231e+02   3.2424135e+00   1.4628465e+01   1.3377461e+01
   2.0150000e+03   1.2000000e+01   5.0000000e+00   1.5000000e+01   4.5000000e+01   5.1000099e+01  -5.3330740e+01  -3.8093331e+01   4.9597166e+02   1.5930290e+00   8.3452069e+00   6.6980139e+00
   2.0150000e+03   1.2000000e+01   5.0000000e+00   1.5000000e+01   4.7000000e+01   3.4000000e+01  -5.3335116e+01  -3.8091670e+01   4.9863930e+02   2.6027899e+00   1.1542911e+01   6.9384445e+00
   2.0150000e+03   1.2000000e+01   5.0000000e+00   1.5000000e+01   4.9000000e+01   1.6000000e+01  -5.3339497e+01  -3.8090217e+01   4.9630697e+02   2.0696741e+00   6.4562681e+00   3.4400583e+00
   2.0150000e+03   1.2000000e+01   5.0000000e+00   1.5000000e+01   5.0000000e+01   5.7000000e+01  -5.3343950e+01  -3.8088739e+01   5.0441281e+02   1.8006561e+00   2.1181794e+01   1.6382733e+01
   2.0150000e+03   1.2000000e+01   5.0000000e+00   1.5000000e+01   5.2000000e+01   3.5000000e+01  -5.3348376e+01  -3.8087125e+01   5.0336548e+02   1.4594041e+00   1.3465092e+01   1.0187858e+01
   2.0150000e+03   1.2000000e+01   5.0000000e+00   1.5000000e+01   5.4000000e+01   2.2000000e+01  -5.3352699e+01  -3.8085999e+01   4.8614201e+02   1.5757940e+00   6.0132870e+00   4.3968171e+00
   2.0150000e+03   1.2000000e+01   5.0000000e+00   1.5000000e+01   5.7000000e+01   5.3000000e+01  -5.3361418e+01  -3.8082691e+01   9.9332365e+02   2.4207739e+00   1.9038086e+01   1.5755792e+01
   2.0150000e+03   1.2000000e+01   5.0000000e+00   1.5000000e+01   5.9000000e+01   3.5000000e+01  -5.3365785e+01  -3.8081095e+01   4.9668793e+02   3.0866434e+00   1.4670565e+01   1.2180545e+01
   2.0150000e+03   1.2000000e+01   5.0000000e+00   1.6000000e+01   1.0000000e+00   1.7000000e+01  -5.3370181e+01  -3.8079580e+01   4.9865322e+02   2.0787292e+00   6.4809952e+00   4.5226940e+00
   2.0150000e+03   1.2000000e+01   5.0000000e+00   1.6000000e+01   2.0000000e+00   5.9000000e+01  -5.3374581e+01  -3.8078174e+01   4.9776943e+02   2.2129312e+00   1.3615392e+01   1.0801467e+01
   2.0150000e+03   1.2000000e+01   5.0000000e+00   1.6000000e+01   4.0000000e+00   3.9000099e+01  -5.3379030e+01  -3.8076798e+01   5.0271576e+02   2.6165427e+00   1.1049078e+01   9.7788782e+00
   2.0150000e+03   1.2000000e+01   5.0000000e+00   1.6000000e+01   6.0000000e+00   1.9000000e+01  -5.3383474e+01  -3.8075376e+01   5.0271393e+02   1.2020793e+00   6.6023272e+00   5.4602694e+00
   2.0150000e+03   1.2000000e+01   5.0000000e+00   1.6000000e+01   8.0000000e+00   0.0000000e+00  -5.3387819e+01  -3.8073870e+01   4.9304516e+02   3.5309332e+00   1.8658075e+01   1.8250727e+01
   2.0150000e+03   1.2000000e+01   5.0000000e+00   1.6000000e+01   1.1000000e+01   1.9000000e+01  -5.3396590e+01  -3.8071013e+01   9.9287563e+02   4.5268661e+00   2.6126621e+01   2.5643446e+01
   2.0150000e+03   1.2000000e+01   5.0000000e+00   1.6000000e+01   1.2000000e+01   5.9000000e+01  -5.3401044e+01  -3.8069702e+01   5.0243139e+02   1.9222861e+00   1.1049360e+01   1.0485575e+01
   2.0150000e+03   1.2000000e+01   5.0000000e+00   1.6000000e+01   1.6000000e+01   2.1999901e+01  -5.3409803e+01  -3.8066861e+01   9.9141449e+02   2.7119389e+00   1.1062111e+01   9.3062074e+00
   2.0150000e+03   1.2000000e+01   5.0000000e+00   1.6000000e+01   1.9000000e+01   4.4000099e+01  -5.3418560e+01  -3.8064073e+01   9.9035281e+02   3.8756923e+00   1.5973378e+01   1.4149351e+01
   2.0150000e+03   1.2000000e+01   5.0000000e+00   1.6000000e+01   2.1000000e+01   2.2000000e+01  -5.3422991e+01  -3.8062751e+01   5.0013324e+02   3.7333616e+00   1.3286548e+01   1.3286548e+01
   2.0150000e+03   1.2000000e+01   5.0000000e+00   1.6000000e+01   2.3000000e+01   1.0000000e+00  -5.3427420e+01  -3.8061432e+01   4.9982175e+02   2.8056841e+00   1.2801443e+01   1.2494624e+01
   2.0150000e+03   1.2000000e+01   5.0000000e+00   1.6000000e+01   2.4000000e+01   3.9000000e+01  -5.3431845e+01  -3.8059930e+01   5.0166612e+02   1.3253627e+00   1.4027999e+01   1.3082457e+01
   2.0150000e+03   1.2000000e+01   5.0000000e+00   1.6000000e+01   2.7000000e+01   5.2000000e+01  -5.3440621e+01  -3.8056922e+01   9.9532238e+02   2.4256985e+00   1.1486750e+01   1.0557092e+01
   2.0150000e+03   1.2000000e+01   5.0000000e+00   1.6000000e+01   2.9000000e+01   2.9000000e+01  -5.3445026e+01  -3.8055462e+01   4.9890206e+02   2.8247674e+00   2.3209731e+01   2.2577168e+01
   2.0150000e+03   1.2000000e+01   5.0000000e+00   1.6000000e+01   3.1000000e+01   6.0000000e+00  -5.3449441e+01  -3.8053868e+01   5.0184781e+02   1.2589573e+00   5.4740326e+00   4.8431290e+00
   2.0150000e+03   1.2000000e+01   5.0000000e+00   1.6000000e+01   3.2000000e+01   4.3000000e+01  -5.3453787e+01  -3.8052373e+01   4.9294699e+02   2.3278564e+00   1.7143345e+01   1.5513730e+01
   2.0150000e+03   1.2000000e+01   5.0000000e+00   1.6000000e+01   3.5000000e+01   5.7000000e+01  -5.3462529e+01  -3.8049353e+01   9.9180940e+02   1.2308094e+00   3.6288855e+00   2.5136204e+00
   2.0150000e+03   1.2000000e+01   5.0000000e+00   1.6000000e+01   3.7000000e+01   3.4000000e+01  -5.3466922e+01  -3.8048020e+01   4.9600477e+02   2.2305681e+00   9.4434923e+00   9.4434923e+00
   2.0150000e+03   1.2000000e+01   5.0000000e+00   1.6000000e+01   3.9000000e+01   1.2000000e+01  -5.3471381e+01  -3.8046573e+01   5.0466368e+02   1.2606498e+00   4.0839559e+00   2.8447298e+00
   2.0150000e+03   1.2000000e+01   5.0000000e+00   1.6000000e+01   4.0000000e+01   4.9000000e+01  -5.3475793e+01  -3.8045266e+01   4.9780899e+02   6.9322663e-01   5.5090158e+00   4.3895712e+00
   2.0150000e+03   1.2000000e+01   5.0000000e+00   1.6000000e+01   4.2000000e+01   2.6000000e+01  -5.3480242e+01  -3.8043947e+01   5.0198628e+02   6.4068062e-01   3.9734742e+00   3.0443872e+00
   2.0150000e+03   1.2000000e+01   5.0000000e+00   1.6000000e+01   4.5000000e+01   4.7000099e+01  -5.3488976e+01  -3.8041251e+01   9.8675668e+02   2.3828255e+00   8.2916734e+00   7.1401018e+00
   2.0150000e+03   1.2000000e+01   5.0000000e+00   1.6000000e+01   4.7000000e+01   2.5000000e+01  -5.3493403e+01  -3.8039935e+01   4.9957735e+02   1.1807397e+02   3.3122073e+02   3.3122073e+02
   2.0150000e+03   1.2000000e+01   5.0000000e+00   1.6000000e+01   4.9000000e+01   0.0000000e+00  -5.3497838e+01  -3.8038686e+01   4.9962359e+02   1.1362762e+00   6.8160638e+00   6.2594499e+00
   2.0150000e+03   1.2000000e+01   5.0000000e+00   1.6000000e+01   5.2000000e+01   1.2000000e+01  -5.3506547e+01  -3.8035501e+01   9.9037611e+02   2.3764709e+00   1.0950623e+01   1.0463759e+01
   2.0150000e+03   1.2000000e+01   5.0000000e+00   1.6000000e+01   5.3000000e+01   5.0000000e+01  -5.3510955e+01  -3.8033921e+01   5.0090491e+02   2.1574357e+00   1.6823701e+01   1.6091305e+01
   2.0150000e+03   1.2000000e+01   5.0000000e+00   1.6000000e+01   5.5000000e+01   2.9000099e+01  -5.3515362e+01  -3.8032289e+01   5.0140588e+02   6.0887590e+00   2.8467607e+01   2.8318008e+01
   2.0150000e+03   1.2000000e+01   5.0000000e+00   1.6000000e+01   5.8000000e+01   4.4000099e+01  -5.3524113e+01  -3.8029166e+01   9.9406695e+02   2.6247558e+00   2.4113138e+01   2.2483293e+01
   2.0150000e+03   1.2000000e+01   5.0000000e+00   1.7000000e+01   0.0000000e+00   2.0000000e+01  -5.3528517e+01  -3.8027909e+01   4.9640501e+02   5.4041495e+00   2.2879171e+01   2.0752718e+01
   2.0150000e+03   1.2000000e+01   5.0000000e+00   1.7000000e+01   1.0000000e+00   5.8999901e+01  -5.3532963e+01  -3.8026454e+01   5.0322620e+02   1.6438346e+00   1.2324744e+01   1.0938046e+01
   2.0150000e+03   1.2000000e+01   5.0000000e+00   1.7000000e+01   3.0000000e+00   3.6000000e+01  -5.3537311e+01  -3.8024736e+01   4.9628852e+02   2.4066089e+00   1.8727577e+01   1.8727577e+01
   2.0150000e+03   1.2000000e+01   5.0000000e+00   1.7000000e+01   6.0000000e+00   5.1000000e+01  -5.3545956e+01  -3.8021115e+01   9.8994478e+02   5.5881947e+00   2.6588771e+01   2.4716516e+01
   2.0150000e+03   1.2000000e+01   5.0000000e+00   1.7000000e+01   8.0000000e+00   2.3000000e+01  -5.3550078e+01  -3.8019591e+01   4.6900281e+02   3.4334507e+00   1.9525862e+01   1.6798079e+01
   2.0150000e+03   1.2000000e+01   5.0000000e+00   1.7000000e+01   1.0000000e+01   1.7999901e+01  -5.3555239e+01  -3.8017947e+01   5.8362423e+02   3.6402761e+00   1.0843359e+01   9.0431014e+00
   2.0150000e+03   1.2000000e+01   5.0000000e+00   1.7000000e+01   1.1000000e+01   5.0000099e+01  -5.3559297e+01  -3.8016796e+01   4.5728674e+02   4.0481144e+00   1.1900502e+01   1.1176383e+01
   2.0150000e+03   1.2000000e+01   5.0000000e+00   1.7000000e+01   1.3000000e+01   3.4000000e+01  -5.3563689e+01  -3.8015688e+01   4.9353703e+02   5.3252853e+00   1.8403986e+01   1.5623429e+01
   2.0150000e+03   1.2000000e+01   5.0000000e+00   1.7000000e+01   1.6000000e+01   4.6000099e+01  -5.3572296e+01  -3.8013094e+01   9.7152767e+02   2.9938676e+00   1.3985123e+01   8.0966133e+00
   2.0150000e+03   1.2000000e+01   5.0000000e+00   1.7000000e+01   1.8000000e+01   2.5000000e+01  -5.3576843e+01  -3.8011491e+01   5.1627717e+02   3.9031356e-01   1.6161005e+01   1.5086429e+01
   2.0150000e+03   1.2000000e+01   5.0000000e+00   1.7000000e+01   2.0000000e+01   6.0000000e+00  -5.3581438e+01  -3.8009782e+01   5.2292143e+02   2.3921987e+00   1.2390290e+01   1.2390290e+01
   2.0150000e+03   1.2000000e+01   5.0000000e+00   1.7000000e+01   2.1000000e+01   4.0000099e+01  -5.3585774e+01  -3.8008528e+01   4.8887967e+02   2.0388620e+00   1.0757702e+01   4.3505927e+00
   2.0150000e+03   1.2000000e+01   5.0000000e+00   1.7000000e+01   2.4000000e+01   4.7000099e+01  -5.3594509e+01  -3.8006013e+01   9.8463144e+02   1.8877121e+00   5.7823779e+00   4.3707841e+00
   2.0150000e+03   1.2000000e+01   5.0000000e+00   1.7000000e+01   2.7000000e+01   5.8000000e+01  -5.3603442e+01  -3.8003093e+01   1.0111710e+03   2.1280864e+00   8.8974492e+00   6.3824775e+00
   2.0150000e+03   1.2000000e+01   5.0000000e+00   1.7000000e+01   3.1000000e+01   3.0000000e+00  -5.3612048e+01  -3.8000108e+01   9.7636623e+02   4.2232714e+00   1.5391596e+01   8.1999053e+00
   2.0150000e+03   1.2000000e+01   5.0000000e+00   1.7000000e+01   3.2000000e+01   3.8000000e+01  -5.3616433e+01  -3.7998577e+01   4.9754413e+02   4.2067597e+00   2.0232312e+01   1.1497866e+01
   2.0150000e+03   1.2000000e+01   5.0000000e+00   1.7000000e+01   3.4000000e+01   1.2000000e+01  -5.3620853e+01  -3.7996938e+01   5.0286092e+02   3.2216520e+00   1.2170174e+01   8.9181333e+00
   2.0150000e+03   1.2000000e+01   5.0000000e+00   1.7000000e+01   3.7000000e+01   2.4000000e+01  -5.3629578e+01  -3.7994028e+01   9.8832675e+02   1.9822840e+00   1.0168357e+01   3.0889358e+00
   2.0150000e+03   1.2000000e+01   5.0000000e+00   1.7000000e+01   3.9000000e+01   4.0000000e+00  -5.3633993e+01  -3.7992576e+01   4.9991736e+02   1.1868867e+00   9.6388811e+00   9.6388811e+00
   2.0150000e+03   1.2000000e+01   5.0000000e+00   1.7000000e+01   4.2000000e+01   1.7000000e+01  -5.3642760e+01  -3.7989681e+01   9.9266296e+02   2.7027820e+00   9.6314587e+00   9.6314587e+00
   2.0150000e+03   1.2000000e+01   5.0000000e+00   1.7000000e+01   4.3000000e+01   5.3000000e+01  -5.3647218e+01  -3.7988211e+01   5.0474864e+02   2.2937281e+00   1.0734945e+01   7.3363116e+00
   2.0150000e+03   1.2000000e+01   5.0000000e+00   1.7000000e+01   4.5000000e+01   3.0000000e+01  -5.3651579e+01  -3.7986621e+01   4.9578885e+02   2.7695393e+00   1.0420122e+01   1.0420122e+01
   2.0150000e+03   1.2000000e+01   5.0000000e+00   1.7000000e+01   4.7000000e+01   7.0000000e+00  -5.3655984e+01  -3.7985173e+01   4.9869345e+02   1.8064575e+00   1.1303775e+01   6.2515457e+00
   2.0150000e+03   1.2000000e+01   5.0000000e+00   1.7000000e+01   5.0000000e+01   1.6000000e+01  -5.3664730e+01  -3.7982111e+01   9.9254091e+02   2.7315802e+00   1.2072299e+01   1.2072299e+01
   2.0150000e+03   1.2000000e+01   5.0000000e+00   1.7000000e+01   5.1000000e+01   5.0000000e+01  -5.3669117e+01  -3.7980509e+01   4.9873110e+02   3.7880800e+00   1.6187981e+01   1.6187981e+01
   2.0150000e+03   1.2000000e+01   5.0000000e+00   1.7000000e+01   5.3000000e+01   2.6000000e+01  -5.3673530e+01  -3.7978915e+01   5.0147255e+02   1.2953308e+00   1.3678778e+01   6.5947581e+00
   2.0150000e+03   1.2000000e+01   5.0000000e+00   1.7000000e+01   5.6000000e+01   3.9000099e+01  -5.3682332e+01  -3.7976294e+01   9.9321444e+02   2.9865812e+00   1.3769014e+01   1.3769014e+01
   2.0150000e+03   1.2000000e+01   5.0000000e+00   1.7000000e+01   5.8000000e+01   1.4000000e+01  -5.3686790e+01  -3.7975006e+01   5.0255101e+02   1.4470406e+00   1.2858866e+01   9.1637203e+00
   2.0150000e+03   1.2000000e+01   5.0000000e+00   1.7000000e+01   5.9000000e+01   4.9000000e+01  -5.3691210e+01  -3.7973673e+01   4.9894852e+02   2.5898580e+00   8.3589838e+00   5.7244519e+00
   2.0150000e+03   1.2000000e+01   5.0000000e+00   1.8000000e+01   2.0000000e+00   5.8000000e+01  -5.3699952e+01  -3.7970985e+01   9.8728195e+02   1.7848049e+00   8.8948860e+00   3.6292480e+00
   2.0150000e+03   1.2000000e+01   5.0000000e+00   1.8000000e+01   4.0000000e+00   3.2000000e+01  -5.3704402e+01  -3.7969550e+01   5.0343607e+02   4.6045082e+00   1.3970180e+01   4.2922407e+00
   2.0150000e+03   1.2000000e+01   5.0000000e+00   1.8000000e+01   6.0000000e+00   5.0000000e+00  -5.3708790e+01  -3.7968098e+01   4.9687509e+02   2.6801447e+00   7.9718702e+00   5.1417415e+00
   2.0150000e+03   1.2000000e+01   5.0000000e+00   1.8000000e+01   7.0000000e+00   3.9000000e+01  -5.3713189e+01  -3.7966609e+01   4.9851021e+02   1.6529920e+00   6.8088800e+00   2.9619646e+00
   2.0150000e+03   1.2000000e+01   5.0000000e+00   1.8000000e+01   9.0000000e+00   1.4000000e+01  -5.3717551e+01  -3.7964901e+01   4.9752930e+02   2.5382896e+00   7.8778296e+00   7.8778296e+00
   2.0150000e+03   1.2000000e+01   5.0000000e+00   1.8000000e+01   1.2000000e+01   2.4000000e+01  -5.3726341e+01  -3.7962091e+01   9.9412310e+02   2.9217971e+00   8.4087729e+00   8.4087729e+00
   2.0150000e+03   1.2000000e+01   5.0000000e+00   1.8000000e+01   1.4000000e+01   1.0000000e+00  -5.3730800e+01  -3.7960857e+01   5.0208653e+02   2.2160552e+00   6.8783183e+00   6.8783183e+00
   2.0150000e+03   1.2000000e+01   5.0000000e+00   1.8000000e+01   1.5000000e+01   3.8000000e+01  -5.3735174e+01  -3.7959502e+01   4.9407486e+02   2.3969221e+00   1.0189888e+01   6.3726524e+00
   2.0150000e+03   1.2000000e+01   5.0000000e+00   1.8000000e+01   1.8000000e+01   5.3000000e+01  -5.3743898e+01  -3.7956339e+01   9.9154148e+02   3.3100254e+00   1.0526995e+01   7.9406721e+00
   2.0150000e+03   1.2000000e+01   5.0000000e+00   1.8000000e+01   2.0000000e+01   3.2000099e+01  -5.3748273e+01  -3.7954537e+01   5.0033067e+02   2.5671846e+00   1.1552925e+01   8.4930474e+00
   2.0150000e+03   1.2000000e+01   5.0000000e+00   1.8000000e+01   2.2000000e+01   1.0000000e+01  -5.3752672e+01  -3.7952643e+01   5.0445511e+02   2.9390786e+00   1.3851256e+01   9.0332946e+00
   2.0150000e+03   1.2000000e+01   5.0000000e+00   1.8000000e+01   2.5000000e+01   2.6000000e+01  -5.3761426e+01  -3.7949700e+01   9.9173788e+02   5.4553962e+00   1.8395229e+01   1.8395229e+01
   2.0150000e+03   1.2000000e+01   5.0000000e+00   1.8000000e+01   2.7000000e+01   4.9999008e+00  -5.3765833e+01  -3.7948317e+01   4.9804440e+02   9.3360306e+00   3.4165389e+01   8.5116950e+00
   2.0150000e+03   1.2000000e+01   5.0000000e+00   1.8000000e+01   3.0000000e+01   1.9000000e+01  -5.3774618e+01  -3.7945619e+01   9.9211137e+02   3.3472952e+02   9.3753657e+02   9.6485471e+00
   2.0150000e+03   1.2000000e+01   5.0000000e+00   1.8000000e+01   3.1000000e+01   5.4000000e+01  -5.3779030e+01  -3.7944176e+01   4.9938478e+02   4.4848779e+01   1.3245748e+02   1.3245748e+02
   2.0150000e+03   1.2000000e+01   5.0000000e+00   1.8000000e+01   3.3000000e+01   2.9000000e+01  -5.3783470e+01  -3.7942770e+01   5.0190214e+02   8.1400480e+01   2.3133905e+02   5.0882753e+00
   2.0150000e+03   1.2000000e+01   5.0000000e+00   1.8000000e+01   3.6000000e+01   3.9000000e+01  -5.3792253e+01  -3.7939868e+01   9.9442991e+02   1.4586994e+02   4.0948971e+02   7.6443136e+00
   2.0150000e+03   1.2000000e+01   5.0000000e+00   1.8000000e+01   3.8000000e+01   1.5000000e+01  -5.3796653e+01  -3.7938269e+01   5.0001462e+02   6.5031460e+01   2.1186040e+02   2.0580177e+01
   2.0150000e+03   1.2000000e+01   5.0000000e+00   1.8000000e+01   4.1000000e+01   2.7000000e+01  -5.3805384e+01  -3.7935187e+01   9.9108029e+02   2.0559931e+01   6.7484135e+01   6.7484135e+01
   2.0150000e+03   1.2000000e+01   5.0000000e+00   1.8000000e+01   4.2000000e+01   5.8000000e+01  -5.3809593e+01  -3.7933787e+01   4.7666030e+02   2.9561971e+01   9.2195663e+01   2.1095693e+01
   2.0150000e+03   1.2000000e+01   5.0000000e+00   1.8000000e+01   4.4000000e+01   5.7000000e+01  -5.3815241e+01  -3.7931967e+01   6.3877527e+02   1.5410102e+01   6.4018151e+01   2.9319426e+01
   2.0150000e+03   1.2000000e+01   5.0000000e+00   1.8000000e+01   4.7000000e+01   4.1000099e+01  -5.3823015e+01  -3.7929354e+01   8.8076171e+02   3.0033621e+01   1.1141226e+02   3.1963244e+01
   2.0150000e+03   1.2000000e+01   5.0000000e+00   1.8000000e+01   4.9000000e+01   1.8000000e+01  -5.3827410e+01  -3.7927927e+01   4.9726055e+02   4.6502116e+01   1.5181244e+02   2.0141584e+01
   2.0150000e+03   1.2000000e+01   5.0000000e+00   1.8000000e+01   5.0000000e+01   5.5000099e+01  -5.3831823e+01  -3.7926455e+01   4.9970880e+02   1.2570325e+01   4.2088742e+01   1.6358752e+01
   2.0150000e+03   1.2000000e+01   5.0000000e+00   1.8000000e+01   5.2000000e+01   3.1000000e+01  -5.3836226e+01  -3.7924928e+01   4.9948158e+02   1.3579604e+01   4.0887871e+01   1.1125582e+01
   2.0150000e+03   1.2000000e+01   5.0000000e+00   1.8000000e+01   5.5000000e+01   4.0000000e+01  -5.3844976e+01  -3.7921910e+01   9.9215143e+02   6.5109273e+00   2.3301212e+01   7.3089972e+00
   2.0150000e+03   1.2000000e+01   5.0000000e+00   1.8000000e+01   5.7000000e+01   1.5000099e+01  -5.3849394e+01  -3.7920301e+01   5.0220624e+02   5.5082478e+00   1.8506653e+01   7.8473876e+00
   2.0150000e+03   1.2000000e+01   5.0000000e+00   1.8000000e+01   5.8000000e+01   5.0000000e+01  -5.3853769e+01  -3.7918676e+01   4.9765414e+02   1.3123254e+02   7.5337912e+02   6.9185521e+02
   2.0150000e+03   1.2000000e+01   5.0000000e+00   1.9000000e+01   0.0000000e+00   2.5000000e+01  -5.3858160e+01  -3.7917142e+01   4.9813141e+02   1.3727839e+01   4.0838325e+01   4.0838325e+01
   2.0150000e+03   1.2000000e+01   5.0000000e+00   1.9000000e+01   2.0000000e+00   1.0000992e+00  -5.3862564e+01  -3.7915649e+01   4.9913122e+02   3.4067128e+00   1.2008846e+01   5.6458002e+00
   2.0150000e+03   1.2000000e+01   5.0000000e+00   1.9000000e+01   3.0000000e+00   3.7000000e+01  -5.3866967e+01  -3.7914153e+01   4.9895449e+02   3.0153917e+00   8.7917523e+00   6.2605864e+00
   2.0150000e+03   1.2000000e+01   5.0000000e+00   1.9000000e+01   6.0000000e+00   4.9000000e+01  -5.3875728e+01  -3.7911251e+01   9.9197251e+02   2.9422221e+00   1.2434972e+01   5.4623278e+00
   2.0150000e+03   1.2000000e+01   5.0000000e+00   1.9000000e+01   8.0000000e+00   2.5000000e+01  -5.3880119e+01  -3.7909823e+01   4.9676166e+02   3.4371697e+00   1.0773070e+01   1.0773070e+01
   2.0150000e+03   1.2000000e+01   5.0000000e+00   1.9000000e+01   1.0000000e+01   1.0000000e+00  -5.3884561e+01  -3.7908508e+01   5.0107917e+02   3.5215593e+00   1.1008212e+01   3.7544487e+00
   2.0150000e+03   1.2000000e+01   5.0000000e+00   1.9000000e+01   1.1000000e+01   3.7000000e+01  -5.3888974e+01  -3.7907094e+01   4.9901994e+02   8.1714239e+01   5.6047019e+02   5.5471545e+02
   2.0150000e+03   1.2000000e+01   5.0000000e+00   1.9000000e+01   1.3000000e+01   1.3000000e+01  -5.3893397e+01  -3.7905661e+01   5.0033345e+02   2.2687165e+00   7.5961203e+00   7.5961203e+00
   2.0150000e+03   1.2000000e+01   5.0000000e+00   1.9000000e+01   1.4000000e+01   5.9000000e+01  -5.3898078e+01  -3.7903541e+01   5.3836128e+02   2.7124023e+00   8.9361136e+00   2.6911976e+00
   2.0150000e+03   1.2000000e+01   5.0000000e+00   1.9000000e+01   1.9000000e+01   3.5000000e+01  -5.3892244e+01  -3.7900636e+01   6.7556603e+02   2.4705324e+00   7.0729862e+00   7.0729862e+00
   2.0150000e+03   1.2000000e+01   5.0000000e+00   1.9000000e+01   2.1000000e+01   1.7000000e+01  -5.3887701e+01  -3.7902001e+01   5.1268806e+02   3.0866609e+00   9.0809087e+00   2.0060049e+00
   2.0150000e+03   1.2000000e+01   5.0000000e+00   1.9000000e+01   2.2000000e+01   1.2000000e+01  -5.3885113e+01  -3.7902851e+01   2.9291225e+02   2.6039521e+00   8.4993457e+00   3.7917788e+00
