   2.0150000e+03   1.2000000e+01   6.0000000e+00   1.4000000e+01   1.9000000e+01   2.0000000e+01  -5.3147802e+01  -3.7831788e+01   5.0905265e+02   1.7586989e-01   9.7603549e-01   0.0000000e+00
   2.0150000e+03   1.2000000e+01   6.0000000e+00   1.4000000e+01   2.5000000e+01   4.1000000e+01  -5.3155842e+01  -3.7828113e+01   9.2639168e+02   1.1621319e-01   1.0813840e+00   3.1644151e-01
   2.0150000e+03   1.2000000e+01   6.0000000e+00   1.4000000e+01   2.8000000e+01   4.0000000e+00  -5.3160485e+01  -3.7827605e+01   5.1700024e+02   3.1767662e+00   9.8763257e+00   5.4956877e+00
   2.0150000e+03   1.2000000e+01   6.0000000e+00   1.4000000e+01   3.0000000e+01   1.0000992e+00  -5.3164992e+01  -3.7826382e+01   5.0745731e+02   3.6590402e+00   1.3837122e+01   6.2104078e+00
   2.0150000e+03   1.2000000e+01   6.0000000e+00   1.4000000e+01   3.1000000e+01   4.9000000e+01  -5.3169418e+01  -3.7824955e+01   5.0084496e+02   4.7190975e+00   1.7137531e+01   1.2564565e+01
   2.0150000e+03   1.2000000e+01   6.0000000e+00   1.4000000e+01   3.3000000e+01   3.1000000e+01  -5.3173781e+01  -3.7823591e+01   4.9335724e+02   5.7918028e+00   1.8799934e+01   1.2428197e+01
   2.0150000e+03   1.2000000e+01   6.0000000e+00   1.4000000e+01   3.5000000e+01   1.3000000e+01  -5.3178226e+01  -3.7822164e+01   5.0295501e+02   5.7326701e+00   2.2194713e+01   1.5371585e+01
   2.0150000e+03   1.2000000e+01   6.0000000e+00   1.4000000e+01   3.6000000e+01   5.2000000e+01  -5.3182605e+01  -3.7820701e+01   4.9621619e+02   4.7945263e+00   1.7374903e+01   1.2569828e+01
   2.0150000e+03   1.2000000e+01   6.0000000e+00   1.4000000e+01   3.8000000e+01   3.1000000e+01  -5.3186987e+01  -3.7819174e+01   4.9748475e+02   3.5086242e+00   1.1632149e+01   8.3420961e+00
   2.0150000e+03   1.2000000e+01   6.0000000e+00   1.4000000e+01   4.0000000e+01   1.1000099e+01  -5.3191379e+01  -3.7817546e+01   4.9984689e+02   4.3294482e+00   1.3620361e+01   8.6316584e+00
   2.0150000e+03   1.2000000e+01   6.0000000e+00   1.4000000e+01   4.1000000e+01   5.0000000e+01  -5.3195741e+01  -3.7815951e+01   4.9619403e+02   3.9295886e+00   1.7491141e+01   1.3204152e+01
   2.0150000e+03   1.2000000e+01   6.0000000e+00   1.4000000e+01   4.3000000e+01   2.9000000e+01  -5.3200110e+01  -3.7814329e+01   4.9743463e+02   3.8311361e+00   1.0664315e+01   6.3150674e+00
   2.0150000e+03   1.2000000e+01   6.0000000e+00   1.4000000e+01   4.5000000e+01   7.9999008e+00  -5.3204519e+01  -3.7812748e+01   5.0108710e+02   2.4889727e+00   7.9994483e+00   6.0866653e+00
   2.0150000e+03   1.2000000e+01   6.0000000e+00   1.4000000e+01   4.6000000e+01   4.6000000e+01  -5.3208892e+01  -3.7811326e+01   4.9502930e+02   2.6331064e+00   8.7311667e+00   6.2508029e+00
   2.0150000e+03   1.2000000e+01   6.0000000e+00   1.4000000e+01   4.8000000e+01   2.5000000e+01  -5.3213300e+01  -3.7809943e+01   4.9842680e+02   2.9735287e+00   1.3386316e+01   6.4930117e+00
   2.0150000e+03   1.2000000e+01   6.0000000e+00   1.4000000e+01   5.0000000e+01   5.0000000e+00  -5.3217679e+01  -3.7808520e+01   4.9568608e+02   1.4851802e+00   6.2551831e+00   2.5694601e+00
   2.0150000e+03   1.2000000e+01   6.0000000e+00   1.4000000e+01   5.1000000e+01   4.4000099e+01  -5.3222094e+01  -3.7807101e+01   4.9964878e+02   1.4043133e+00   5.2361012e+00   2.6340816e+00
   2.0150000e+03   1.2000000e+01   6.0000000e+00   1.4000000e+01   5.3000000e+01   2.0000000e+01  -5.3226542e+01  -3.7805720e+01   5.0268657e+02   3.0694870e+00   9.6716586e+00   2.4307448e+00
   2.0150000e+03   1.2000000e+01   6.0000000e+00   1.4000000e+01   5.4000000e+01   5.4000000e+01  -5.3230983e+01  -3.7804433e+01   5.0083888e+02   1.4562839e+00   8.2532490e+00   8.2532490e+00
   2.0150000e+03   1.2000000e+01   6.0000000e+00   1.4000000e+01   5.6000000e+01   3.0000000e+01  -5.3235395e+01  -3.7803048e+01   4.9887794e+02   1.3191962e+00   5.1607622e+00   4.1654921e+00
   2.0150000e+03   1.2000000e+01   6.0000000e+00   1.4000000e+01   5.8000000e+01   8.0000000e+00  -5.3239782e+01  -3.7801649e+01   4.9629090e+02   1.5539255e+00   7.5428081e+00   3.0871292e+00
   2.0150000e+03   1.2000000e+01   6.0000000e+00   1.4000000e+01   5.9000000e+01   4.6000099e+01  -5.3244180e+01  -3.7800264e+01   4.9731602e+02   1.2945025e+00   4.1831455e+00   3.2519503e+00
   2.0150000e+03   1.2000000e+01   6.0000000e+00   1.5000000e+01   1.0000000e+00   2.1000000e+01  -5.3248382e+01  -3.7798859e+01   4.7618635e+02   1.2912325e+00   9.3196552e+00   7.0370979e+00
   2.0150000e+03   1.2000000e+01   6.0000000e+00   1.5000000e+01   3.0000000e+00   2.0000000e+00  -5.3252925e+01  -3.7797077e+01   5.1843092e+02   1.9869795e+00   5.5309378e+00   4.2439939e+00
   2.0150000e+03   1.2000000e+01   6.0000000e+00   1.5000000e+01   4.0000000e+00   3.9000000e+01  -5.3257293e+01  -3.7795590e+01   4.9537455e+02   1.8691326e+00   6.8407099e+00   1.6287661e+00
   2.0150000e+03   1.2000000e+01   6.0000000e+00   1.5000000e+01   6.0000000e+00   1.4999901e+01  -5.3261669e+01  -3.7794060e+01   4.9679836e+02   2.4058520e+00   7.0770542e+00   2.9690026e+00
   2.0150000e+03   1.2000000e+01   6.0000000e+00   1.5000000e+01   7.0000000e+00   5.1000000e+01  -5.3266065e+01  -3.7792523e+01   4.9906434e+02   1.8315246e+00   8.5393157e+00   3.7368547e+00
   2.0150000e+03   1.2000000e+01   6.0000000e+00   1.5000000e+01   9.0000000e+00   2.8000099e+01  -5.3270453e+01  -3.7791079e+01   4.9691473e+02   2.3975540e+00   8.0716322e+00   2.2579971e+00
   2.0150000e+03   1.2000000e+01   6.0000000e+00   1.5000000e+01   1.1000000e+01   7.0000000e+00  -5.3274884e+01  -3.7789691e+01   5.0093077e+02   1.6127285e+00   5.1650414e+00   1.3997853e+00
   2.0150000e+03   1.2000000e+01   6.0000000e+00   1.5000000e+01   1.2000000e+01   4.6000000e+01  -5.3279298e+01  -3.7788292e+01   4.9920673e+02   2.9247460e+00   1.4137621e+01   9.5194548e+00
   2.0150000e+03   1.2000000e+01   6.0000000e+00   1.5000000e+01   1.4000000e+01   2.3000000e+01  -5.3283566e+01  -3.7786904e+01   4.8318703e+02   2.7795221e+00   9.3596279e+00   4.7698325e+00
   2.0150000e+03   1.2000000e+01   6.0000000e+00   1.5000000e+01   1.6000000e+01   4.0000992e+00  -5.3288033e+01  -3.7785377e+01   5.0663862e+02   1.4925108e+00   4.1545393e+00   2.3315460e+00
   2.0150000e+03   1.2000000e+01   6.0000000e+00   1.5000000e+01   1.7000000e+01   4.1000000e+01  -5.3292422e+01  -3.7783925e+01   4.9715594e+02   1.3177330e+00   1.1354155e+01   6.5268881e+00
   2.0150000e+03   1.2000000e+01   6.0000000e+00   1.5000000e+01   1.9000000e+01   1.8000000e+01  -5.3296855e+01  -3.7782413e+01   5.0267559e+02   2.1560307e+00   9.1348837e+00   6.1163709e+00
   2.0150000e+03   1.2000000e+01   6.0000000e+00   1.5000000e+01   2.0000000e+01   5.5000000e+01  -5.3301287e+01  -3.7781066e+01   5.0059645e+02   2.0362300e+00   1.1055005e+01   6.6939482e+00
   2.0150000e+03   1.2000000e+01   6.0000000e+00   1.5000000e+01   2.2000000e+01   3.0000000e+01  -5.3305673e+01  -3.7779437e+01   4.9926099e+02   3.2111528e+00   9.9238836e+00   9.9238836e+00
   2.0150000e+03   1.2000000e+01   6.0000000e+00   1.5000000e+01   2.4000000e+01   6.9999008e+00  -5.3310059e+01  -3.7777862e+01   4.9837018e+02   3.0853861e+00   8.8448752e+00   6.4977005e+00
   2.0150000e+03   1.2000000e+01   6.0000000e+00   1.5000000e+01   2.5000000e+01   4.7000000e+01  -5.3314491e+01  -3.7776479e+01   5.0101594e+02   2.6119254e+00   1.0374593e+01   5.5789661e+00
   2.0150000e+03   1.2000000e+01   6.0000000e+00   1.5000000e+01   2.7000000e+01   3.0999901e+01  -5.3318955e+01  -3.7774892e+01   5.0711667e+02   2.7976262e+00   1.0780908e+01   5.2662579e+00
   2.0150000e+03   1.2000000e+01   6.0000000e+00   1.5000000e+01   2.9000000e+01   5.6000099e+01  -5.3323288e+01  -3.7773572e+01   4.8939530e+02   5.6193845e-01   2.2876305e+00   9.5881224e-01
   2.0150000e+03   1.2000000e+01   6.0000000e+00   1.5000000e+01   3.2000000e+01   5.3999901e+01  -5.3327483e+01  -3.7771597e+01   4.8421134e+02   3.2805081e-01   1.2915641e+00   7.4800818e-01
   2.0150000e+03   1.2000000e+01   6.0000000e+00   1.5000000e+01   3.5000000e+01   3.5000000e+01  -5.3331838e+01  -3.7769979e+01   4.9567633e+02   7.7944849e-01   3.8933299e+00   2.0766953e+00
   2.0150000e+03   1.2000000e+01   6.0000000e+00   1.5000000e+01   3.7000000e+01   4.9000099e+01  -5.3336221e+01  -3.7768882e+01   4.9244457e+02   2.0091940e+00   7.5827036e+00   4.2241948e+00
   2.0150000e+03   1.2000000e+01   6.0000000e+00   1.5000000e+01   3.9000000e+01   4.3000000e+01  -5.3340655e+01  -3.7767396e+01   5.0253231e+02   3.0110356e+00   1.0490151e+01   5.6714373e+00
   2.0150000e+03   1.2000000e+01   6.0000000e+00   1.5000000e+01   4.1000000e+01   2.6000000e+01  -5.3345080e+01  -3.7766088e+01   4.9926693e+02   1.8613883e+00   8.1737698e+00   4.8336467e+00
   2.0150000e+03   1.2000000e+01   6.0000000e+00   1.5000000e+01   4.3000000e+01   2.0000000e+00  -5.3349523e+01  -3.7764637e+01   5.0297911e+02   2.4113464e+00   1.2213870e+01   6.3862945e+00
   2.0150000e+03   1.2000000e+01   6.0000000e+00   1.5000000e+01   4.4000000e+01   4.0000000e+01  -5.3353945e+01  -3.7763334e+01   4.9898936e+02   5.1303143e+00   1.4317708e+01   7.7156760e+00
   2.0150000e+03   1.2000000e+01   6.0000000e+00   1.5000000e+01   4.6000000e+01   2.3000000e+01  -5.3358324e+01  -3.7761766e+01   4.9756063e+02   2.7426331e+00   1.4275804e+01   1.4275804e+01
   2.0150000e+03   1.2000000e+01   6.0000000e+00   1.5000000e+01   4.8000000e+01   5.0000000e+00  -5.3362703e+01  -3.7760230e+01   4.9706784e+02   4.1394276e+00   1.3189206e+01   1.3189206e+01
   2.0150000e+03   1.2000000e+01   6.0000000e+00   1.5000000e+01   4.9000000e+01   4.5000000e+01  -5.3367091e+01  -3.7758707e+01   4.9801535e+02   2.5846574e+00   2.0233746e+01   1.7841446e+01
   2.0150000e+03   1.2000000e+01   6.0000000e+00   1.5000000e+01   5.1000000e+01   2.5000000e+01  -5.3371451e+01  -3.7757059e+01   4.9661047e+02   3.3214446e+00   1.7469498e+01   1.3981221e+01
   2.0150000e+03   1.2000000e+01   6.0000000e+00   1.5000000e+01   5.3000000e+01   3.0000000e+00  -5.3375858e+01  -3.7755597e+01   4.9918020e+02   3.9782258e+00   2.1106590e+01   1.7957393e+01
   2.0150000e+03   1.2000000e+01   6.0000000e+00   1.5000000e+01   5.4000000e+01   4.0000000e+01  -5.3380254e+01  -3.7754116e+01   4.9823952e+02   5.7772141e+00   3.0857200e+01   2.5539522e+01
   2.0150000e+03   1.2000000e+01   6.0000000e+00   1.5000000e+01   5.6000000e+01   1.6000000e+01  -5.3384666e+01  -3.7752602e+01   5.0046430e+02   4.6080741e+00   2.0854929e+01   2.0854929e+01
   2.0150000e+03   1.2000000e+01   6.0000000e+00   1.5000000e+01   5.7000000e+01   5.1999901e+01  -5.3389015e+01  -3.7751034e+01   4.9435672e+02   5.8444900e+00   2.3331452e+01   1.9886923e+01
   2.0150000e+03   1.2000000e+01   6.0000000e+00   1.5000000e+01   5.9000000e+01   3.0000000e+01  -5.3393450e+01  -3.7749609e+01   5.0177751e+02   7.9423271e+00   2.5515268e+01   2.3010984e+01
   2.0150000e+03   1.2000000e+01   6.0000000e+00   1.6000000e+01   1.0000000e+00   8.0000000e+00  -5.3397806e+01  -3.7748100e+01   4.9426473e+02   5.4325549e+00   2.3264683e+01   1.9893650e+01
   2.0150000e+03   1.2000000e+01   6.0000000e+00   1.6000000e+01   2.0000000e+00   4.7000099e+01  -5.3402240e+01  -3.7746719e+01   5.0104019e+02   8.6434627e+00   2.7597258e+01   2.2770992e+01
   2.0150000e+03   1.2000000e+01   6.0000000e+00   1.6000000e+01   4.0000000e+00   2.6000000e+01  -5.3406612e+01  -3.7745238e+01   4.9561926e+02   7.3149805e+00   2.0387549e+01   1.8703129e+01
   2.0150000e+03   1.2000000e+01   6.0000000e+00   1.6000000e+01   6.0000000e+00   5.0000000e+00  -5.3411027e+01  -3.7743754e+01   5.0035255e+02   6.3117928e+00   1.7569449e+01   1.4620491e+01
   2.0150000e+03   1.2000000e+01   6.0000000e+00   1.6000000e+01   7.0000000e+00   4.3000099e+01  -5.3415416e+01  -3.7742289e+01   4.9726018e+02   9.9636420e+00   2.7734703e+01   2.3156784e+01
   2.0150000e+03   1.2000000e+01   6.0000000e+00   1.6000000e+01   9.0000000e+00   1.8000000e+01  -5.3419803e+01  -3.7740934e+01   4.9571316e+02   8.1012605e+00   2.4582203e+01   2.2453351e+01
   2.0150000e+03   1.2000000e+01   6.0000000e+00   1.6000000e+01   1.0000000e+01   5.2000000e+01  -5.3424224e+01  -3.7739494e+01   5.0046699e+02   5.4661662e+00   2.3416835e+01   2.1675115e+01
   2.0150000e+03   1.2000000e+01   6.0000000e+00   1.6000000e+01   1.2000000e+01   2.7000000e+01  -5.3428619e+01  -3.7737841e+01   5.0041279e+02   4.5635591e+00   1.5793859e+01   1.4284233e+01
   2.0150000e+03   1.2000000e+01   6.0000000e+00   1.6000000e+01   1.4000000e+01   2.9999008e+00  -5.3433040e+01  -3.7736316e+01   5.0162131e+02   3.7384264e+00   2.9756339e+01   2.5653418e+01
   2.0150000e+03   1.2000000e+01   6.0000000e+00   1.6000000e+01   1.5000000e+01   3.9000000e+01  -5.3437391e+01  -3.7734772e+01   4.9415155e+02   4.3166343e+00   2.2771969e+01   1.8077753e+01
   2.0150000e+03   1.2000000e+01   6.0000000e+00   1.6000000e+01   1.7000000e+01   1.7000099e+01  -5.3441746e+01  -3.7733254e+01   4.9422915e+02   1.5531017e+00   1.6614721e+01   9.0905207e+00
   2.0150000e+03   1.2000000e+01   6.0000000e+00   1.6000000e+01   1.8000000e+01   5.6000000e+01  -5.3446160e+01  -3.7731673e+01   5.0145315e+02   4.1597828e+00   1.8374331e+01   1.0428103e+01
   2.0150000e+03   1.2000000e+01   6.0000000e+00   1.6000000e+01   2.0000000e+01   3.4000000e+01  -5.3450524e+01  -3.7730171e+01   4.9505934e+02   2.6938328e+00   1.4748089e+01   1.3548776e+01
   2.0150000e+03   1.2000000e+01   6.0000000e+00   1.6000000e+01   2.2000000e+01   1.2000099e+01  -5.3454935e+01  -3.7728705e+01   4.9962195e+02   1.7958298e+00   1.1297651e+01   8.1211461e+00
   2.0150000e+03   1.2000000e+01   6.0000000e+00   1.6000000e+01   2.3000000e+01   4.8000000e+01  -5.3459401e+01  -3.7727459e+01   5.0311801e+02   2.5221992e+00   1.0963702e+01   9.0256226e+00
   2.0150000e+03   1.2000000e+01   6.0000000e+00   1.6000000e+01   2.5000000e+01   2.3000000e+01  -5.3463812e+01  -3.7726105e+01   4.9821054e+02   1.8929331e+00   2.3613519e+01   1.6244198e+01
   2.0150000e+03   1.2000000e+01   6.0000000e+00   1.6000000e+01   2.6000000e+01   5.8000000e+01  -5.3468174e+01  -3.7724577e+01   4.9519035e+02   1.8811811e+00   2.6514665e+01   1.5959716e+01
   2.0150000e+03   1.2000000e+01   6.0000000e+00   1.6000000e+01   2.8000000e+01   3.2000099e+01  -5.3472583e+01  -3.7723215e+01   4.9809181e+02   6.1191369e+00   4.6128262e+01   2.9397973e+01
   2.0150000e+03   1.2000000e+01   6.0000000e+00   1.6000000e+01   3.0000000e+01   7.0000000e+00  -5.3476951e+01  -3.7721580e+01   4.9732775e+02   5.6488459e+00   2.5142405e+01   8.7938363e+00
   2.0150000e+03   1.2000000e+01   6.0000000e+00   1.6000000e+01   3.1000000e+01   4.3000000e+01  -5.3481322e+01  -3.7720050e+01   4.9610798e+02   8.9963502e+00   3.0882700e+01   1.0888779e+01
   2.0150000e+03   1.2000000e+01   6.0000000e+00   1.6000000e+01   3.3000000e+01   1.8999901e+01  -5.3485721e+01  -3.7718397e+01   5.0094027e+02   7.5327323e+00   3.3430984e+01   1.5702770e+01
   2.0150000e+03   1.2000000e+01   6.0000000e+00   1.6000000e+01   3.4000000e+01   5.5000000e+01  -5.3490145e+01  -3.7716742e+01   5.0351876e+02   8.8682949e+00   2.4787502e+01   2.4787502e+01
   2.0150000e+03   1.2000000e+01   6.0000000e+00   1.6000000e+01   3.6000000e+01   3.2000099e+01  -5.3494492e+01  -3.7715279e+01   4.9265156e+02   8.7725514e+00   4.0651197e+01   1.8015781e+01
   2.0150000e+03   1.2000000e+01   6.0000000e+00   1.6000000e+01   3.8000000e+01   2.9000000e+01  -5.3499221e+01  -3.7713791e+01   5.3467480e+02   3.1333128e+00   9.1824585e+00   8.1223698e+00
   2.0150000e+03   1.2000000e+01   6.0000000e+00   1.6000000e+01   4.3000000e+01   4.3000000e+01  -5.3507590e+01  -3.7710894e+01   9.4944342e+02   4.2202464e-01   1.6379165e+00   1.6379165e+00
   2.0150000e+03   1.2000000e+01   6.0000000e+00   1.6000000e+01   4.6000000e+01   1.0000000e+01  -5.3511920e+01  -3.7709534e+01   4.8945640e+02   4.3667409e+00   2.0140696e+01   2.0140696e+01
   2.0150000e+03   1.2000000e+01   6.0000000e+00   1.6000000e+01   4.8000000e+01   6.0000992e+00  -5.3516392e+01  -3.7708010e+01   5.0699994e+02   1.8650874e+00   1.5000145e+01   1.3909635e+01
   2.0150000e+03   1.2000000e+01   6.0000000e+00   1.6000000e+01   4.9000000e+01   4.9000000e+01  -5.3520832e+01  -3.7706713e+01   5.0083156e+02   2.0211082e+00   1.1472690e+01   2.9691754e+00
   2.0150000e+03   1.2000000e+01   6.0000000e+00   1.6000000e+01   5.1000000e+01   2.9999901e+01  -5.3525287e+01  -3.7705183e+01   5.0522185e+02   9.6765840e-01   3.6359216e+00   3.2201569e+00
   2.0150000e+03   1.2000000e+01   6.0000000e+00   1.6000000e+01   5.3000000e+01   1.0000000e+01  -5.3529579e+01  -3.7703618e+01   4.8801827e+02   1.3956970e+00   4.8058035e+00   3.5665175e+00
   2.0150000e+03   1.2000000e+01   6.0000000e+00   1.6000000e+01   5.4000000e+01   5.1000099e+01  -5.3533993e+01  -3.7702200e+01   4.9936469e+02   4.7100416e+00   2.1100030e+01   5.2717796e+00
   2.0150000e+03   1.2000000e+01   6.0000000e+00   1.6000000e+01   5.6000000e+01   3.0000000e+01  -5.3538420e+01  -3.7700668e+01   5.0213001e+02   2.3565317e+00   1.3857967e+01   1.3857967e+01
   2.0150000e+03   1.2000000e+01   6.0000000e+00   1.6000000e+01   5.8000000e+01   7.0000992e+00  -5.3542834e+01  -3.7699121e+01   5.0108866e+02   2.4059478e+00   1.1220190e+01   6.9189872e+00
   2.0150000e+03   1.2000000e+01   6.0000000e+00   1.6000000e+01   5.9000000e+01   4.3000000e+01  -5.3547201e+01  -3.7697614e+01   4.9537279e+02   2.5470300e+00   7.0898894e+00   5.3913375e+00
   2.0150000e+03   1.2000000e+01   6.0000000e+00   1.7000000e+01   1.0000000e+00   1.8000000e+01  -5.3551612e+01  -3.7696261e+01   4.9812859e+02   2.0687786e+00   7.8647814e+00   7.8647814e+00
   2.0150000e+03   1.2000000e+01   6.0000000e+00   1.7000000e+01   2.0000000e+00   5.3000099e+01  -5.3556013e+01  -3.7694909e+01   4.9712722e+02   1.6076064e+00   7.7476608e+00   4.1048846e+00
   2.0150000e+03   1.2000000e+01   6.0000000e+00   1.7000000e+01   4.0000000e+00   2.9000000e+01  -5.3560448e+01  -3.7693443e+01   5.0231124e+02   1.6319413e+00   8.3324882e+00   3.6008342e+00
   2.0150000e+03   1.2000000e+01   6.0000000e+00   1.7000000e+01   6.0000000e+00   5.0000000e+00  -5.3564874e+01  -3.7692065e+01   5.0011364e+02   1.1590468e+00   8.4769510e+00   2.0485768e+00
   2.0150000e+03   1.2000000e+01   6.0000000e+00   1.7000000e+01   7.0000000e+00   4.0999901e+01  -5.3569241e+01  -3.7690611e+01   4.9462782e+02   1.4061623e+00   5.7358180e+00   3.6283854e+00
   2.0150000e+03   1.2000000e+01   6.0000000e+00   1.7000000e+01   9.0000000e+00   1.8000000e+01  -5.3573591e+01  -3.7689047e+01   4.9423931e+02   1.9603619e+00   9.1304377e+00   9.1304377e+00
   2.0150000e+03   1.2000000e+01   6.0000000e+00   1.7000000e+01   1.0000000e+01   5.5000099e+01  -5.3577984e+01  -3.7687400e+01   5.0009847e+02   1.5227478e+00   1.1666398e+01   1.9342151e+00
   2.0150000e+03   1.2000000e+01   6.0000000e+00   1.7000000e+01   1.2000000e+01   3.0000000e+01  -5.3582339e+01  -3.7685704e+01   4.9679432e+02   1.5700048e+00   5.9732233e+00   2.7059203e+00
   2.0150000e+03   1.2000000e+01   6.0000000e+00   1.7000000e+01   1.4000000e+01   5.0000000e+00  -5.3586730e+01  -3.7684119e+01   4.9891852e+02   1.4010816e+00   7.4698028e+00   7.4698028e+00
   2.0150000e+03   1.2000000e+01   6.0000000e+00   1.7000000e+01   1.5000000e+01   4.0000000e+01  -5.3591122e+01  -3.7682619e+01   4.9801998e+02   2.1732445e+00   9.1337130e+00   3.2423995e+00
   2.0150000e+03   1.2000000e+01   6.0000000e+00   1.7000000e+01   1.7000000e+01   1.6000000e+01  -5.3595526e+01  -3.7681072e+01   4.9982510e+02   2.8583104e+00   8.8621844e+00   4.4898872e+00
   2.0150000e+03   1.2000000e+01   6.0000000e+00   1.7000000e+01   1.8000000e+01   5.3000000e+01  -5.3599929e+01  -3.7679686e+01   4.9779272e+02   3.3616723e+00   1.0012306e+01   5.8829614e+00
   2.0150000e+03   1.2000000e+01   6.0000000e+00   1.7000000e+01   2.0000000e+01   3.2000000e+01  -5.3604364e+01  -3.7678311e+01   5.0101520e+02   2.2693948e+00   7.4243537e+00   5.1793139e+00
   2.0150000e+03   1.2000000e+01   6.0000000e+00   1.7000000e+01   2.2000000e+01   1.0000099e+01  -5.3608761e+01  -3.7676944e+01   4.9692720e+02   2.4561319e+00   1.1105551e+01   5.9146527e+00
   2.0150000e+03   1.2000000e+01   6.0000000e+00   1.7000000e+01   2.3000000e+01   4.7000000e+01  -5.3613163e+01  -3.7675573e+01   4.9739700e+02   3.1420897e+00   1.7692406e+01   1.7692406e+01
   2.0150000e+03   1.2000000e+01   6.0000000e+00   1.7000000e+01   2.5000000e+01   2.3000099e+01  -5.3617588e+01  -3.7674154e+01   5.0051851e+02   3.9484093e+00   1.2264725e+01   8.6247608e+00
   2.0150000e+03   1.2000000e+01   6.0000000e+00   1.7000000e+01   2.6000000e+01   5.9000000e+01  -5.3621980e+01  -3.7672660e+01   4.9784681e+02   5.0544426e+00   1.4449752e+01   1.2639686e+01
   2.0150000e+03   1.2000000e+01   6.0000000e+00   1.7000000e+01   2.8000000e+01   3.6000099e+01  -5.3626391e+01  -3.7671212e+01   4.9936167e+02   5.7004133e+00   1.9447260e+01   1.1151690e+01
   2.0150000e+03   1.2000000e+01   6.0000000e+00   1.7000000e+01   3.0000000e+01   1.3000000e+01  -5.3630817e+01  -3.7669867e+01   4.9976865e+02   3.7733697e+00   1.5184412e+01   4.4328074e+00
   2.0150000e+03   1.2000000e+01   6.0000000e+00   1.7000000e+01   3.1000000e+01   5.0000099e+01  -5.3635195e+01  -3.7668300e+01   4.9731283e+02   2.4075788e+00   1.0714536e+01   6.8214112e+00
   2.0150000e+03   1.2000000e+01   6.0000000e+00   1.7000000e+01   3.3000000e+01   2.7000000e+01  -5.3639565e+01  -3.7666761e+01   4.9607126e+02   3.1150953e+00   2.3055796e+01   2.1091727e+01
   2.0150000e+03   1.2000000e+01   6.0000000e+00   1.7000000e+01   3.5000000e+01   4.0000000e+00  -5.3643955e+01  -3.7665202e+01   4.9848050e+02   2.3438748e+00   1.2511520e+01   5.8787091e+00
   2.0150000e+03   1.2000000e+01   6.0000000e+00   1.7000000e+01   3.6000000e+01   4.0000000e+01  -5.3648350e+01  -3.7663671e+01   4.9868574e+02   3.3655200e+00   1.8485868e+01   7.7435375e+00
   2.0150000e+03   1.2000000e+01   6.0000000e+00   1.7000000e+01   3.8000000e+01   1.6000000e+01  -5.3652728e+01  -3.7662136e+01   4.9694362e+02   1.9771279e+00   9.7178250e+00   9.7178250e+00
   2.0150000e+03   1.2000000e+01   6.0000000e+00   1.7000000e+01   3.9000000e+01   5.3000000e+01  -5.3657159e+01  -3.7660633e+01   5.0220316e+02   1.1365969e+00   7.5882723e+00   7.5882723e+00
   2.0150000e+03   1.2000000e+01   6.0000000e+00   1.7000000e+01   4.1000000e+01   2.8000000e+01  -5.3661524e+01  -3.7659064e+01   4.9592271e+02   2.2286115e+00   9.6733893e+00   9.6733893e+00
   2.0150000e+03   1.2000000e+01   6.0000000e+00   1.7000000e+01   4.3000000e+01   3.0000000e+00  -5.3665894e+01  -3.7657518e+01   4.9608902e+02   2.2200059e+00   9.5063151e+00   9.5063151e+00
   2.0150000e+03   1.2000000e+01   6.0000000e+00   1.7000000e+01   4.4000000e+01   3.9000000e+01  -5.3670329e+01  -3.7655918e+01   5.0396444e+02   2.8505735e+00   1.2733635e+01   1.2733635e+01
   2.0150000e+03   1.2000000e+01   6.0000000e+00   1.7000000e+01   4.6000000e+01   3.4000000e+01  -5.3675024e+01  -3.7654481e+01   5.3018028e+02   1.4604532e+00   4.9352057e+00   4.9352057e+00
   2.0150000e+03   1.2000000e+01   6.0000000e+00   1.7000000e+01   5.1000000e+01   1.2000000e+01  -5.3683302e+01  -3.7651602e+01   9.3921301e+02   2.0843177e+00   9.2103191e+00   9.2103191e+00
   2.0150000e+03   1.2000000e+01   6.0000000e+00   1.7000000e+01   5.2000000e+01   5.7000000e+01  -5.3687821e+01  -3.7650161e+01   5.1097522e+02   3.3709566e+00   1.0673955e+01   4.4854032e+00
   2.0150000e+03   1.2000000e+01   6.0000000e+00   1.7000000e+01   5.4000000e+01   3.4000000e+01  -5.3692255e+01  -3.7648783e+01   5.0107468e+02   3.3978881e+00   1.3892556e+01   9.1100548e+00
   2.0150000e+03   1.2000000e+01   6.0000000e+00   1.7000000e+01   5.6000000e+01   8.0000000e+00  -5.3696672e+01  -3.7647383e+01   4.9928763e+02   1.5711304e+00   1.4719226e+01   1.4719226e+01
   2.0150000e+03   1.2000000e+01   6.0000000e+00   1.7000000e+01   5.7000000e+01   4.4000000e+01  -5.3701086e+01  -3.7645955e+01   4.9949290e+02   2.5080508e+00   7.7752280e+00   7.0451415e+00
   2.0150000e+03   1.2000000e+01   6.0000000e+00   1.7000000e+01   5.9000000e+01   2.2000000e+01  -5.3705474e+01  -3.7644371e+01   4.9857249e+02   4.0104142e+00   1.1163352e+01   8.3305646e+00
   2.0150000e+03   1.2000000e+01   6.0000000e+00   1.8000000e+01   1.0000000e+00   1.0000000e+00  -5.3709833e+01  -3.7642783e+01   4.9554892e+02   3.1397686e+00   1.1656474e+01   1.1167741e+01
   2.0150000e+03   1.2000000e+01   6.0000000e+00   1.8000000e+01   2.0000000e+00   4.0000000e+01  -5.3714226e+01  -3.7641224e+01   4.9870057e+02   4.6807077e+00   1.5549635e+01   1.2581464e+01
   2.0150000e+03   1.2000000e+01   6.0000000e+00   1.8000000e+01   4.0000000e+00   1.8000000e+01  -5.3718631e+01  -3.7639702e+01   4.9968211e+02   2.5497507e+00   7.0974627e+00   7.0974627e+00
   2.0150000e+03   1.2000000e+01   6.0000000e+00   1.8000000e+01   5.0000000e+00   5.6000000e+01  -5.3723059e+01  -3.7638261e+01   5.0108516e+02   2.2661793e+00   8.5732383e+00   8.2104293e+00
   2.0150000e+03   1.2000000e+01   6.0000000e+00   1.8000000e+01   7.0000000e+00   3.4000000e+01  -5.3727464e+01  -3.7636831e+01   4.9845448e+02   4.1148499e+00   1.6148979e+01   1.6148979e+01
   2.0150000e+03   1.2000000e+01   6.0000000e+00   1.8000000e+01   9.0000000e+00   1.1000000e+01  -5.3731817e+01  -3.7635334e+01   4.9357003e+02   2.6987445e+00   1.0822185e+01   1.0822185e+01
   2.0150000e+03   1.2000000e+01   6.0000000e+00   1.8000000e+01   1.0000000e+01   4.8000000e+01  -5.3736196e+01  -3.7633910e+01   4.9553621e+02   1.8285091e+00   9.0813466e+00   9.0813466e+00
   2.0150000e+03   1.2000000e+01   6.0000000e+00   1.8000000e+01   1.2000000e+01   2.6000000e+01  -5.3740642e+01  -3.7632424e+01   5.0359269e+02   3.8068392e+00   1.0596683e+01   1.0596683e+01
   2.0150000e+03   1.2000000e+01   6.0000000e+00   1.8000000e+01   1.4000000e+01   4.0000000e+00  -5.3745052e+01  -3.7630886e+01   5.0027755e+02   5.0671984e+00   1.6079657e+01   1.4660985e+01
   2.0150000e+03   1.2000000e+01   6.0000000e+00   1.8000000e+01   1.5000000e+01   4.1000000e+01  -5.3749428e+01  -3.7629427e+01   4.9562891e+02   3.4987757e+00   1.3112962e+01   1.1438485e+01
   2.0150000e+03   1.2000000e+01   6.0000000e+00   1.8000000e+01   1.7000000e+01   1.8000099e+01  -5.3753806e+01  -3.7627949e+01   4.9613738e+02   1.9938704e+00   7.1338936e+00   6.0325042e+00
   2.0150000e+03   1.2000000e+01   6.0000000e+00   1.8000000e+01   1.8000000e+01   5.5000000e+01  -5.3758227e+01  -3.7626536e+01   4.9995719e+02   1.3802225e+00   7.8880862e+00   6.0833246e+00
   2.0150000e+03   1.2000000e+01   6.0000000e+00   1.8000000e+01   2.0000000e+01   3.2000000e+01  -5.3762634e+01  -3.7625088e+01   4.9889407e+02   1.5838933e+00   4.4089109e+00   2.6393409e+00
   2.0150000e+03   1.2000000e+01   6.0000000e+00   1.8000000e+01   2.2000000e+01   9.0000000e+00  -5.3767036e+01  -3.7623647e+01   4.9817505e+02   1.1923427e+00   4.3937215e+00   2.4595937e+00
   2.0150000e+03   1.2000000e+01   6.0000000e+00   1.8000000e+01   2.3000000e+01   4.6000000e+01  -5.3771447e+01  -3.7622213e+01   4.9906983e+02   5.6485094e-01   4.4453725e+00   2.2261184e+00
   2.0150000e+03   1.2000000e+01   6.0000000e+00   1.8000000e+01   2.5000000e+01   2.3000000e+01  -5.3775857e+01  -3.7620808e+01   4.9873372e+02   1.2511687e+00   1.0215291e+01   2.1588112e+00
   2.0150000e+03   1.2000000e+01   6.0000000e+00   1.8000000e+01   2.6000000e+01   5.9000000e+01  -5.3780234e+01  -3.7619303e+01   4.9623294e+02   3.1736517e-01   1.2562232e+01   4.1785692e-01
   2.0150000e+03   1.2000000e+01   6.0000000e+00   1.8000000e+01   2.8000000e+01   3.6000000e+01  -5.3784626e+01  -3.7617733e+01   4.9881078e+02   8.6100494e-01   3.9796610e+00   2.4256089e+00
   2.0150000e+03   1.2000000e+01   6.0000000e+00   1.8000000e+01   3.0000000e+01   1.3000000e+01  -5.3789064e+01  -3.7616127e+01   5.0433246e+02   1.4554079e+00   1.7353615e+01   1.7353615e+01
   2.0150000e+03   1.2000000e+01   6.0000000e+00   1.8000000e+01   3.1000000e+01   4.9000099e+01  -5.3793407e+01  -3.7614313e+01   4.9702324e+02   5.9215149e+00   2.4830870e+01   6.7450570e+00
   2.0150000e+03   1.2000000e+01   6.0000000e+00   1.8000000e+01   3.3000000e+01   2.4000000e+01  -5.3797788e+01  -3.7612751e+01   4.9750647e+02   3.6879151e+00   1.4454055e+01   5.1549160e+00
   2.0150000e+03   1.2000000e+01   6.0000000e+00   1.8000000e+01   3.4000000e+01   5.9000000e+01  -5.3802128e+01  -3.7611238e+01   4.9243600e+02   4.6289578e+00   1.8440852e+01   1.8440852e+01
   2.0150000e+03   1.2000000e+01   6.0000000e+00   1.8000000e+01   3.6000000e+01   3.5000099e+01  -5.3806537e+01  -3.7609763e+01   4.9936842e+02   2.7083184e+00   2.1033887e+01   1.0904162e+01
   2.0150000e+03   1.2000000e+01   6.0000000e+00   1.8000000e+01   3.8000000e+01   1.1000000e+01  -5.3810922e+01  -3.7608215e+01   4.9772035e+02   1.2968918e+00   2.5024187e+01   1.0762473e+01
   2.0150000e+03   1.2000000e+01   6.0000000e+00   1.8000000e+01   3.9000000e+01   4.7000000e+01  -5.3815323e+01  -3.7606752e+01   4.9839839e+02   2.1005140e+00   9.8021063e+00   2.9968413e+00
   2.0150000e+03   1.2000000e+01   6.0000000e+00   1.8000000e+01   4.1000000e+01   2.3000000e+01  -5.3819753e+01  -3.7605338e+01   5.0094567e+02   3.5096116e+00   1.3387436e+01   2.9593343e+00
   2.0150000e+03   1.2000000e+01   6.0000000e+00   1.8000000e+01   4.2000000e+01   5.9000000e+01  -5.3824166e+01  -3.7603923e+01   4.9907652e+02   1.2218239e+00   8.3731964e+00   8.3731964e+00
   2.0150000e+03   1.2000000e+01   6.0000000e+00   1.8000000e+01   4.4000000e+01   3.5000000e+01  -5.3828586e+01  -3.7602515e+01   4.9972931e+02   4.0206371e+00   1.4179090e+01   6.5389358e-01
   2.0150000e+03   1.2000000e+01   6.0000000e+00   1.8000000e+01   4.6000000e+01   1.2000000e+01  -5.3832968e+01  -3.7601041e+01   4.9646338e+02   3.9936121e+00   1.3388197e+01   1.3388197e+01
   2.0150000e+03   1.2000000e+01   6.0000000e+00   1.8000000e+01   4.7000000e+01   5.0000000e+01  -5.3837366e+01  -3.7599393e+01   5.0050823e+02   4.0170671e+00   1.8444345e+01   4.4269360e+00
   2.0150000e+03   1.2000000e+01   6.0000000e+00   1.8000000e+01   4.9000000e+01   2.8000000e+01  -5.3841775e+01  -3.7597717e+01   5.0203757e+02   2.5372827e+00   8.6011602e+00   8.6011602e+00
   2.0150000e+03   1.2000000e+01   6.0000000e+00   1.8000000e+01   5.1000000e+01   7.0000000e+00  -5.3846244e+01  -3.7596072e+01   5.0819430e+02   2.2401537e+00   9.1824740e+00   2.9338553e+00
   2.0150000e+03   1.2000000e+01   6.0000000e+00   1.8000000e+01   5.3000000e+01   9.0000000e+00  -5.3850812e+01  -3.7594393e+01   5.1936029e+02   2.9412706e+00   8.7165349e+00   3.2470160e+00
   2.0150000e+03   1.2000000e+01   6.0000000e+00   1.8000000e+01   5.8000000e+01   4.1000000e+01  -5.3859176e+01  -3.7592915e+01   9.3452003e+02   1.9873595e+00   5.5319956e+00   2.7198331e+00
   2.0150000e+03   1.2000000e+01   6.0000000e+00   1.9000000e+01   0.0000000e+00   5.2000000e+01  -5.3863484e+01  -3.7595067e+01   4.9895439e+02   1.2927205e+00   4.2644491e+00   4.2644491e+00
   2.0150000e+03   1.2000000e+01   6.0000000e+00   1.9000000e+01   2.0000000e+00   4.7000000e+01  -5.3867810e+01  -3.7597403e+01   5.0453302e+02   1.2910827e+00   5.8291381e+00   3.2360317e+00
   2.0150000e+03   1.2000000e+01   6.0000000e+00   1.9000000e+01   3.0000000e+00   5.8000000e+01  -5.3870585e+01  -3.7598978e+01   3.2519003e+02   8.9206668e-01   6.2623125e+00   6.2623125e+00
