   2.0160000e+03   1.2000000e+01   2.2000000e+01   9.0000000e+00   1.0000000e+00   5.2000000e+01  -5.3923163e+01  -3.8221502e+01   5.3019649e+02   6.3330383e+00   1.0575692e+01   8.5479255e+00
   2.0160000e+03   1.2000000e+01   2.2000000e+01   9.0000000e+00   4.0000000e+00   2.4000000e+01  -5.3918850e+01  -3.8222761e+01   4.8631372e+02   9.9753131e+00   2.7934862e+01   2.7288275e+00
   2.0160000e+03   1.2000000e+01   2.2000000e+01   9.0000000e+00   6.0000000e+00   5.5000000e+01  -5.3914334e+01  -3.8224136e+01   5.0978460e+02   1.1948995e+01   5.0370059e+01   3.8867685e+01
   2.0160000e+03   1.2000000e+01   2.2000000e+01   9.0000000e+00   9.0000000e+00   2.1000000e+01  -5.3910016e+01  -3.8225559e+01   4.8886174e+02   5.8237904e+00   6.7726086e+00   3.5456661e+00
   2.0160000e+03   1.2000000e+01   2.2000000e+01   9.0000000e+00   1.1000000e+01   4.9000000e+01  -5.3905562e+01  -3.8226974e+01   5.0349859e+02   2.9066983e+01   4.1308489e+01   6.2807102e+00
   2.0160000e+03   1.2000000e+01   2.2000000e+01   9.0000000e+00   1.6000000e+01   4.8000000e+01  -5.3896900e+01  -3.8230004e+01   9.8270207e+02   1.9498737e+01   4.1296048e+01   7.1336993e+00
   2.0160000e+03   1.2000000e+01   2.2000000e+01   9.0000000e+00   1.9000000e+01   1.1000000e+01  -5.3892393e+01  -3.8231446e+01   5.0970405e+02   1.2613953e+01   4.2750390e+01   2.9366842e+01
   2.0160000e+03   1.2000000e+01   2.2000000e+01   9.0000000e+00   2.1000000e+01   3.4000000e+01  -5.3887905e+01  -3.8232951e+01   5.0830524e+02   3.0380801e+01   4.9693423e+01   1.4533129e+01
   2.0160000e+03   1.2000000e+01   2.2000000e+01   9.0000000e+00   2.4000000e+01   4.0000000e+00  -5.3883657e+01  -3.8234295e+01   4.8015875e+02   3.1501507e+01   5.5584182e+01   8.1107655e+00
   2.0160000e+03   1.2000000e+01   2.2000000e+01   9.0000000e+00   2.6000000e+01   2.8000000e+01  -5.3879228e+01  -3.8235816e+01   5.0217446e+02   2.5167168e+01   5.0420425e+01   2.0421322e+01
   2.0160000e+03   1.2000000e+01   2.2000000e+01   9.0000000e+00   2.8000000e+01   3.8000000e+01  -5.3874762e+01  -3.8237458e+01   5.0780825e+02   3.1414274e+01   4.8555419e+01   1.8816546e+01
   2.0160000e+03   1.2000000e+01   2.2000000e+01   9.0000000e+00   3.0000000e+01   5.4000000e+01  -5.3870264e+01  -3.8238679e+01   5.0613704e+02   1.3577849e+01   2.7713103e+01   1.6716415e+01
   2.0160000e+03   1.2000000e+01   2.2000000e+01   9.0000000e+00   3.3000000e+01   1.6000000e+01  -5.3865896e+01  -3.8240023e+01   4.9334165e+02   1.1249944e+01   1.4160039e+01   6.4221866e+00
   2.0160000e+03   1.2000000e+01   2.2000000e+01   9.0000000e+00   3.5000000e+01   2.9000000e+01  -5.3861616e+01  -3.8241307e+01   4.8296613e+02   1.0508508e+01   1.5342640e+01   0.0000000e+00
   2.0160000e+03   1.2000000e+01   2.2000000e+01   9.0000000e+00   3.7000000e+01   3.7000000e+01  -5.3857071e+01  -3.8243002e+01   5.1704691e+02   2.0717241e+00   2.0988789e+00   1.2622298e+00
   2.0160000e+03   1.2000000e+01   2.2000000e+01   9.0000000e+00   3.9000000e+01   4.4000000e+01  -5.3852574e+01  -3.8244438e+01   5.0849499e+02   9.2824133e+00   1.1922663e+01   1.4543049e+00
   2.0160000e+03   1.2000000e+01   2.2000000e+01   9.0000000e+00   4.2000000e+01   1.0000000e+01  -5.3848234e+01  -3.8245783e+01   4.9024132e+02   5.2271873e+00   8.5701380e+00   3.0824944e+00
   2.0160000e+03   1.2000000e+01   2.2000000e+01   9.0000000e+00   4.4000000e+01   4.6000000e+01  -5.3844022e+01  -3.8247344e+01   4.7911723e+02   1.1093859e+01   1.3557924e+01   8.3331083e+00
   2.0160000e+03   1.2000000e+01   2.2000000e+01   9.0000000e+00   4.7000000e+01   9.0000000e+00  -5.3839510e+01  -3.8248988e+01   5.1282144e+02   9.0444177e+00   1.0098235e+01   2.3629250e+00
   2.0160000e+03   1.2000000e+01   2.2000000e+01   9.0000000e+00   4.9000000e+01   2.7000000e+01  -5.3835147e+01  -3.8250271e+01   4.9205537e+02   4.1034412e+00   5.1404695e+00   0.0000000e+00
   2.0160000e+03   1.2000000e+01   2.2000000e+01   9.0000000e+00   5.1000000e+01   4.2000099e+01  -5.3830675e+01  -3.8251533e+01   5.0376203e+02   4.7294614e+01   6.4597257e+01   3.5266856e+01
   2.0160000e+03   1.2000000e+01   2.2000000e+01   9.0000000e+00   5.3000000e+01   5.9000000e+01  -5.3826205e+01  -3.8252965e+01   5.0559019e+02   7.4187699e+01   1.3180605e+02   6.9875770e+01
   2.0160000e+03   1.2000000e+01   2.2000000e+01   9.0000000e+00   5.6000000e+01   1.9000000e+01  -5.3821944e+01  -3.8254438e+01   4.8316696e+02   5.2581060e+01   8.0132198e+01   3.2602904e+01
   2.0160000e+03   1.2000000e+01   2.2000000e+01   9.0000000e+00   5.8000000e+01   4.2000000e+01  -5.3817384e+01  -3.8255923e+01   5.1603378e+02   3.0078704e+01   9.0920773e+01   5.1723819e+01
   2.0160000e+03   1.2000000e+01   2.2000000e+01   1.0000000e+01   1.0000000e+00   8.0000000e+00  -5.3813030e+01  -3.8257346e+01   4.9277512e+02   2.5119080e+01   3.3094619e+01   1.0075697e+00
   2.0160000e+03   1.2000000e+01   2.2000000e+01   1.0000000e+01   3.0000000e+00   3.0000000e+01  -5.3808666e+01  -3.8258752e+01   4.9361241e+02   5.0627346e+00   6.5561462e+00   0.0000000e+00
   2.0160000e+03   1.2000000e+01   2.2000000e+01   1.0000000e+01   5.0000000e+00   4.5000000e+01  -5.3804207e+01  -3.8260378e+01   5.0677675e+02   3.4286420e+00   2.7359004e+01   2.7359004e+01
   2.0160000e+03   1.2000000e+01   2.2000000e+01   1.0000000e+01   8.0000000e+00   9.9182129e-05  -5.3799767e+01  -3.8261918e+01   5.0368876e+02   1.8549211e+00   2.9210822e+00   1.6546667e+00
   2.0160000e+03   1.2000000e+01   2.2000000e+01   1.0000000e+01   1.0000000e+01   2.6000000e+01  -5.3795512e+01  -3.8263161e+01   4.7979038e+02   2.5079481e-01   5.0987633e+00   5.0223607e+00
   2.0160000e+03   1.2000000e+01   2.2000000e+01   1.0000000e+01   1.2000000e+01   5.3000000e+01  -5.3790924e+01  -3.8264600e+01   5.1843586e+02   4.3910233e+01   5.8407154e+01   5.1563588e+01
   2.0160000e+03   1.2000000e+01   2.2000000e+01   1.0000000e+01   1.5000000e+01   2.5000000e+01  -5.3786677e+01  -3.8265982e+01   4.8058847e+02   1.0618032e+01   2.7846359e+01   2.2610020e+01
   2.0160000e+03   1.2000000e+01   2.2000000e+01   1.0000000e+01   1.7000000e+01   5.7000000e+01  -5.3782306e+01  -3.8267456e+01   4.9522314e+02   9.8513666e+00   1.9503861e+01   1.5273878e+01
   2.0160000e+03   1.2000000e+01   2.2000000e+01   1.0000000e+01   2.0000000e+01   2.4000000e+01  -5.3777813e+01  -3.8268912e+01   5.0839578e+02   3.4290502e+00   3.3999160e+00   2.4137122e+00
   2.0160000e+03   1.2000000e+01   2.2000000e+01   1.0000000e+01   2.2000000e+01   5.1000000e+01  -5.3773423e+01  -3.8270376e+01   4.9715192e+02   2.5407170e+01   3.8721344e+01   3.1079051e+01
   2.0160000e+03   1.2000000e+01   2.2000000e+01   1.0000000e+01   2.5000000e+01   3.0000000e+00  -5.3769128e+01  -3.8271887e+01   4.8748691e+02   2.6309236e+01   5.4889992e+01   2.4212247e+01
   2.0160000e+03   1.2000000e+01   2.2000000e+01   1.0000000e+01   2.7000000e+01   8.0000000e+00  -5.3764488e+01  -3.8273469e+01   5.2600598e+02   3.4433698e+00   3.9827364e+00   1.5390091e+00
   2.0160000e+03   1.2000000e+01   2.2000000e+01   1.0000000e+01   2.9000000e+01   3.3000000e+01  -5.3760202e+01  -3.8274698e+01   4.8295908e+02   1.7619648e+01   2.5138949e+01   1.3126332e-01
   2.0160000e+03   1.2000000e+01   2.2000000e+01   1.0000000e+01   3.4000000e+01   5.9000000e+01  -5.3751079e+01  -3.8277568e+01   1.0311928e+03   1.1595045e+01   1.5229781e+01   4.1341808e+00
   2.0160000e+03   1.2000000e+01   2.2000000e+01   1.0000000e+01   4.0000000e+01   7.9999008e+00  -5.3742497e+01  -3.8280328e+01   9.7073330e+02   8.3222369e+00   1.0290000e+01   0.0000000e+00
   2.0160000e+03   1.2000000e+01   2.2000000e+01   1.0000000e+01   4.2000000e+01   3.0000000e+01  -5.3738157e+01  -3.8281798e+01   4.9187131e+02   1.8021190e+01   2.8303941e+01   5.2201869e+00
   2.0160000e+03   1.2000000e+01   2.2000000e+01   1.0000000e+01   4.4000000e+01   4.9000000e+01  -5.3733838e+01  -3.8283355e+01   4.9065199e+02   8.8726167e+01   1.1797239e+02   1.0549729e+02
   2.0160000e+03   1.2000000e+01   2.2000000e+01   1.0000000e+01   4.7000000e+01   9.0000000e+00  -5.3729420e+01  -3.8284805e+01   5.0007428e+02   8.0979443e+01   1.1242273e+02   1.0278189e+02
   2.0160000e+03   1.2000000e+01   2.2000000e+01   1.0000000e+01   4.9000000e+01   2.9000000e+01  -5.3724895e+01  -3.8286257e+01   5.1179264e+02   4.0086917e+01   5.3337199e+01   4.8134385e+01
   2.0160000e+03   1.2000000e+01   2.2000000e+01   1.0000000e+01   5.1000000e+01   5.5000000e+01  -5.3720599e+01  -3.8287411e+01   4.8337300e+02   2.9930840e+01   6.7964506e+01   2.8008327e+01
   2.0160000e+03   1.2000000e+01   2.2000000e+01   1.0000000e+01   5.4000000e+01   2.5000000e+01  -5.3716170e+01  -3.8288846e+01   5.0119550e+02   5.9535065e+01   9.8181080e+01   8.5312917e+01
   2.0160000e+03   1.2000000e+01   2.2000000e+01   1.0000000e+01   5.7000000e+01   3.0000000e+00  -5.3711700e+01  -3.8290165e+01   5.0417095e+02   1.4798044e+00   1.2385177e+01   3.2857015e+00
   2.0160000e+03   1.2000000e+01   2.2000000e+01   1.0000000e+01   5.9000000e+01   4.9000099e+01  -5.3707454e+01  -3.8291520e+01   4.8017020e+02   1.6379028e+00   1.2547937e+01   2.5658934e+00
   2.0160000e+03   1.2000000e+01   2.2000000e+01   1.1000000e+01   2.0000000e+00   3.3000099e+01  -5.3702804e+01  -3.8293287e+01   5.2964962e+02   4.2435019e+00   8.6883435e+00   1.4841150e+00
   2.0160000e+03   1.2000000e+01   2.2000000e+01   1.1000000e+01   5.0000000e+00   9.0000000e+00  -5.3698694e+01  -3.8294625e+01   4.6503174e+02   1.4530177e+00   2.0798385e+01   3.3810693e+00
   2.0160000e+03   1.2000000e+01   2.2000000e+01   1.1000000e+01   7.0000000e+00   3.6000000e+01  -5.3694087e+01  -3.8296438e+01   5.2565067e+02   6.9845789e+00   1.2089876e+01   1.7514266e-01
   2.0160000e+03   1.2000000e+01   2.2000000e+01   1.1000000e+01   1.0000000e+01   8.0000992e+00  -5.3689801e+01  -3.8297928e+01   4.8622251e+02   5.5042273e+00   9.0810673e+00   8.0119524e+00
   2.0160000e+03   1.2000000e+01   2.2000000e+01   1.1000000e+01   1.2000000e+01   5.0999901e+01  -5.3685153e+01  -3.8299265e+01   5.2395444e+02   4.3153733e+00   5.7286547e+00   1.2286763e-01
   2.0160000e+03   1.2000000e+01   2.2000000e+01   1.1000000e+01   1.5000000e+01   5.0000000e+01  -5.3681033e+01  -3.8299960e+01   4.6007203e+02   8.1001316e-03   6.7591227e-01   0.0000000e+00
   2.0160000e+03   1.2000000e+01   2.2000000e+01   1.1000000e+01   1.8000000e+01   4.8000000e+01  -5.3676517e+01  -3.8301699e+01   5.1470663e+02   5.6882361e-01   2.1127891e+00   0.0000000e+00
   2.0160000e+03   1.2000000e+01   2.2000000e+01   1.1000000e+01   2.1000000e+01   4.6000000e+01  -5.3672030e+01  -3.8303640e+01   5.1476996e+02   3.7052145e+01   4.9252125e+01   4.6737225e+01
   2.0160000e+03   1.2000000e+01   2.2000000e+01   1.1000000e+01   2.4000000e+01   4.6000000e+01  -5.3667921e+01  -3.8304929e+01   4.6434694e+02   1.5685068e+00   3.6171809e+01   0.0000000e+00
   2.0160000e+03   1.2000000e+01   2.2000000e+01   1.1000000e+01   2.7000000e+01   3.6000000e+01  -5.3663318e+01  -3.8306666e+01   5.2417625e+02   3.6316993e+01   5.3332330e+01   5.7348507e-01
   2.0160000e+03   1.2000000e+01   2.2000000e+01   1.1000000e+01   3.3000000e+01   1.5000000e+01  -5.3654647e+01  -3.8308921e+01   9.7488553e+02   1.3650160e+00   1.6338232e+01   3.3557252e-01
   2.0160000e+03   1.2000000e+01   2.2000000e+01   1.1000000e+01   3.5000000e+01   4.9000000e+01  -5.3650177e+01  -3.8310381e+01   5.0590800e+02   2.8019396e+01   6.6500074e+01   6.5566103e+01
   2.0160000e+03   1.2000000e+01   2.2000000e+01   1.1000000e+01   3.8000000e+01   3.4000000e+01  -5.3645902e+01  -3.8311467e+01   4.8037144e+02   7.6840983e-01   9.8543024e-01   0.0000000e+00
   2.0160000e+03   1.2000000e+01   2.2000000e+01   1.1000000e+01   4.1000000e+01   3.8000000e+01  -5.3641234e+01  -3.8312780e+01   5.2592719e+02   2.5233197e-01   2.9820160e-01   9.6619850e-02
   2.0160000e+03   1.2000000e+01   2.2000000e+01   1.1000000e+01   4.4000000e+01   4.6000000e+01  -5.3636961e+01  -3.8313909e+01   4.8055090e+02   1.8324724e-01   3.4185037e-01   5.6595950e-02
   2.0160000e+03   1.2000000e+01   2.2000000e+01   1.1000000e+01   4.7000000e+01   4.4999901e+01  -5.3632520e+01  -3.8315588e+01   5.0572774e+02   3.2904331e-01   1.4614847e+00   7.6538582e-02
   2.0160000e+03   1.2000000e+01   2.2000000e+01   1.1000000e+01   5.0000000e+01   4.2000000e+01  -5.3628182e+01  -3.8317643e+01   5.0076077e+02   4.7020919e-01   6.0200991e-01   3.2548088e-01
   2.0160000e+03   1.2000000e+01   2.2000000e+01   1.1000000e+01   5.3000000e+01   5.3000000e+01  -5.3623950e+01  -3.8319126e+01   4.8029637e+02   1.4205500e-01   1.7181302e-01   0.0000000e+00
   2.0160000e+03   1.2000000e+01   2.2000000e+01   1.1000000e+01   5.7000000e+01   3.0000000e+00  -5.3619611e+01  -3.8320348e+01   4.8883536e+02   5.8631780e-01   1.0706743e+00   6.8445066e-02
   2.0160000e+03   1.2000000e+01   2.2000000e+01   1.1000000e+01   5.9000000e+01   5.0000099e+01  -5.3615137e+01  -3.8322138e+01   5.1092838e+02   2.1661047e-01   1.2367518e+00   8.2795601e-02
   2.0160000e+03   1.2000000e+01   2.2000000e+01   1.2000000e+01   2.0000000e+00   4.1999901e+01  -5.3610500e+01  -3.8323527e+01   5.2335458e+02   7.3261978e-01   9.5996686e-01   6.9952574e-02
   2.0160000e+03   1.2000000e+01   2.2000000e+01   1.2000000e+01   6.0000000e+00   3.0000992e+00  -5.3606349e+01  -3.8323681e+01   4.6140111e+02   1.1870256e-01   2.3876782e-01   3.4479212e-02
   2.0160000e+03   1.2000000e+01   2.2000000e+01   1.2000000e+01   9.0000000e+00   2.8000000e+01  -5.3602056e+01  -3.8325285e+01   4.8861521e+02   4.3585214e-01   7.0078758e-01   0.0000000e+00
   2.0160000e+03   1.2000000e+01   2.2000000e+01   1.2000000e+01   1.2000000e+01   3.9000000e+01  -5.3597554e+01  -3.8327190e+01   5.1574541e+02   3.7687786e-01   4.8960816e-01   0.0000000e+00
   2.0160000e+03   1.2000000e+01   2.2000000e+01   1.2000000e+01   1.5000000e+01   3.7000099e+01  -5.3593346e+01  -3.8328685e+01   4.7790212e+02   2.2017415e-01   4.1495588e-01   6.9023311e-02
   2.0160000e+03   1.2000000e+01   2.2000000e+01   1.2000000e+01   1.8000000e+01   2.3000000e+01  -5.3588956e+01  -3.8330601e+01   5.0387709e+02   4.8964264e-01   1.9240473e+00   2.2319016e-01
   2.0160000e+03   1.2000000e+01   2.2000000e+01   1.2000000e+01   2.1000000e+01   1.1999901e+01  -5.3584595e+01  -3.8331875e+01   4.9181180e+02   3.2034552e-01   7.2465390e-01   1.8397341e-01
   2.0160000e+03   1.2000000e+01   2.2000000e+01   1.2000000e+01   2.6000000e+01   4.8000000e+01  -5.3575763e+01  -3.8334529e+01   9.9689895e+02   3.8291351e-01   5.9747709e-01   1.8927315e-01
   2.0160000e+03   1.2000000e+01   2.2000000e+01   1.2000000e+01   2.9000000e+01   4.6000000e+01  -5.3571144e+01  -3.8336088e+01   5.2351585e+02   5.0621352e-01   7.2826177e-01   1.8229039e-01
   2.0160000e+03   1.2000000e+01   2.2000000e+01   1.2000000e+01   3.2000000e+01   5.2000000e+01  -5.3566894e+01  -3.8336832e+01   4.7483417e+02   1.4921132e-01   5.0028618e-01   6.3801147e-02
   2.0160000e+03   1.2000000e+01   2.2000000e+01   1.2000000e+01   3.6000000e+01   6.0000992e+00  -5.3562392e+01  -3.8338335e+01   5.0995924e+02   2.9985474e-01   1.4519045e+00   4.2294428e-01
   2.0160000e+03   1.2000000e+01   2.2000000e+01   1.2000000e+01   3.9000000e+01   2.2000000e+01  -5.3558006e+01  -3.8339744e+01   4.9624332e+02   3.4177381e-01   4.8004042e-01   1.4493768e-01
   2.0160000e+03   1.2000000e+01   2.2000000e+01   1.2000000e+01   4.2000000e+01   4.4000000e+01  -5.3553832e+01  -3.8341247e+01   4.7423025e+02   3.7068370e-01   1.2444651e+00   2.5210697e-01
   2.0160000e+03   1.2000000e+01   2.2000000e+01   1.2000000e+01   4.6000000e+01   2.0000000e+00  -5.3549414e+01  -3.8343238e+01   5.0821443e+02   3.8158469e-01   1.8140718e+00   2.8439196e-01
   2.0160000e+03   1.2000000e+01   2.2000000e+01   1.2000000e+01   5.1000000e+01   3.0000000e+01  -5.3540625e+01  -3.8346806e+01   1.0046989e+03   3.3976888e-01   4.4446074e-01   1.8376031e-01
   2.0160000e+03   1.2000000e+01   2.2000000e+01   1.2000000e+01   5.4000000e+01   1.0000000e+01  -5.3536317e+01  -3.8347806e+01   4.8316238e+02   1.2631297e-01   2.1433810e-01   1.5672119e-01
   2.0160000e+03   1.2000000e+01   2.2000000e+01   1.2000000e+01   5.6000000e+01   5.0000000e+01  -5.3531862e+01  -3.8349124e+01   5.0272375e+02   1.1450313e+00   1.6203355e+00   4.3357202e-01
   2.0160000e+03   1.2000000e+01   2.2000000e+01   1.2000000e+01   5.9000000e+01   2.8000000e+01  -5.3527544e+01  -3.8350278e+01   4.8583029e+02   1.4234473e+00   1.8898188e+00   6.1701244e-01
   2.0160000e+03   1.2000000e+01   2.2000000e+01   1.3000000e+01   2.0000000e+00   1.8000099e+01  -5.3523103e+01  -3.8351416e+01   4.9914777e+02   3.0311742e-01   9.5412335e-01   1.4246379e-01
   2.0160000e+03   1.2000000e+01   2.2000000e+01   1.3000000e+01   5.0000000e+00   1.0000992e+00  -5.3518644e+01  -3.8352704e+01   5.0277063e+02   2.9454232e-01   1.3874930e+00   0.0000000e+00
   2.0160000e+03   1.2000000e+01   2.2000000e+01   1.3000000e+01   7.0000000e+00   4.5000000e+01  -5.3514231e+01  -3.8354458e+01   5.0386148e+02   2.7173681e-01   1.1707136e+00   1.9921227e-01
   2.0160000e+03   1.2000000e+01   2.2000000e+01   1.3000000e+01   1.0000000e+01   3.9000000e+01  -5.3509932e+01  -3.8355402e+01   4.8175107e+02   1.7305456e-01   2.1121031e-01   8.7677283e-02
   2.0160000e+03   1.2000000e+01   2.2000000e+01   1.3000000e+01   1.3000000e+01   3.9000099e+01  -5.3505283e+01  -3.8356836e+01   5.2515436e+02   1.5029331e-01   1.4987203e-01   4.8231389e-02
   2.0160000e+03   1.2000000e+01   2.2000000e+01   1.3000000e+01   1.6000000e+01   5.0000000e+01  -5.3500937e+01  -3.8358318e+01   4.9280137e+02   5.9808829e-01   1.1166210e+00   3.0383728e-01
   2.0160000e+03   1.2000000e+01   2.2000000e+01   1.3000000e+01   1.9000000e+01   4.7000000e+01  -5.3496740e+01  -3.8359847e+01   4.7716603e+02   9.4100508e-01   2.3316708e+00   9.9314735e-02
   2.0160000e+03   1.2000000e+01   2.2000000e+01   1.3000000e+01   2.2000000e+01   3.7000000e+01  -5.3492225e+01  -3.8361576e+01   5.1462081e+02   2.2044257e-01   7.8928973e-01   1.0688771e-01
   2.0160000e+03   1.2000000e+01   2.2000000e+01   1.3000000e+01   2.5000000e+01   3.8000000e+01  -5.3487921e+01  -3.8362907e+01   4.8631257e+02   1.1630501e+00   1.5312093e+00   2.2885720e-01
   2.0160000e+03   1.2000000e+01   2.2000000e+01   1.3000000e+01   3.0000000e+01   5.1999901e+01  -5.3479210e+01  -3.8366428e+01   9.9553731e+02   2.3045505e+00   2.8321818e+00   3.6660405e-01
   2.0160000e+03   1.2000000e+01   2.2000000e+01   1.3000000e+01   3.3000000e+01   2.2000000e+01  -5.3474939e+01  -3.8367865e+01   4.8404531e+02   1.6409307e+00   2.2197956e+00   8.9847319e-02
   2.0160000e+03   1.2000000e+01   2.2000000e+01   1.3000000e+01   3.5000000e+01   5.6999901e+01  -5.3470441e+01  -3.8369143e+01   5.0685643e+02   5.2785177e-01   1.2280142e+00   2.8642408e-02
   2.0160000e+03   1.2000000e+01   2.2000000e+01   1.3000000e+01   3.8000000e+01   2.6000000e+01  -5.3465984e+01  -3.8370551e+01   5.0393661e+02   1.0324990e+00   4.7118647e+00   3.8241133e-01
   2.0160000e+03   1.2000000e+01   2.2000000e+01   1.3000000e+01   4.0000000e+01   5.9000000e+01  -5.3461652e+01  -3.8371622e+01   4.8656175e+02   2.5795311e-01   1.0503623e+00   1.2356248e-02
   2.0160000e+03   1.2000000e+01   2.2000000e+01   1.3000000e+01   4.3000000e+01   3.4000000e+01  -5.3457268e+01  -3.8372737e+01   4.9275834e+02   1.1791511e+00   2.2983644e+00   5.9647839e-02
   2.0160000e+03   1.2000000e+01   2.2000000e+01   1.3000000e+01   4.6000000e+01   2.0000000e+00  -5.3452689e+01  -3.8374068e+01   5.1636429e+02   1.6346013e+00   2.3776939e+00   1.6763410e-01
   2.0160000e+03   1.2000000e+01   2.2000000e+01   1.3000000e+01   4.8000000e+01   2.8000000e+01  -5.3448354e+01  -3.8375225e+01   4.8772638e+02   6.3304931e-01   1.1699776e+00   3.1237759e-01
   2.0160000e+03   1.2000000e+01   2.2000000e+01   1.3000000e+01   5.0000000e+01   5.3999901e+01  -5.3443950e+01  -3.8376470e+01   4.9630002e+02   4.7610560e-01   1.3631356e+00   5.3750146e-01
   2.0160000e+03   1.2000000e+01   2.2000000e+01   1.3000000e+01   5.3000000e+01   1.8000000e+01  -5.3439658e+01  -3.8378218e+01   4.9069503e+02   2.6486643e+01   4.3152304e+01   2.8110256e+01
   2.0160000e+03   1.2000000e+01   2.2000000e+01   1.3000000e+01   5.5000000e+01   4.1000000e+01  -5.3435210e+01  -3.8379927e+01   5.0703424e+02   1.5933883e+00   2.0209540e+00   4.3469594e-01
   2.0160000e+03   1.2000000e+01   2.2000000e+01   1.3000000e+01   5.8000000e+01   6.0000992e+00  -5.3430901e+01  -3.8381628e+01   4.9195133e+02   1.0230945e+00   2.9704478e+00   6.0915812e-01
   2.0160000e+03   1.2000000e+01   2.2000000e+01   1.4000000e+01   0.0000000e+00   3.5000000e+01  -5.3426512e+01  -3.8382924e+01   4.9519815e+02   1.8528835e+02   3.7584723e+02   3.7488396e+02
   2.0160000e+03   1.2000000e+01   2.2000000e+01   1.4000000e+01   3.0000000e+00   0.0000000e+00  -5.3422020e+01  -3.8384436e+01   5.0910984e+02   3.0133241e+01   1.1783631e+02   1.1721180e+02
   2.0160000e+03   1.2000000e+01   2.2000000e+01   1.4000000e+01   5.0000000e+00   2.6000000e+01  -5.3417714e+01  -3.8385558e+01   4.8419989e+02   6.4801754e-01   1.0206376e+00   2.0644476e-01
   2.0160000e+03   1.2000000e+01   2.2000000e+01   1.4000000e+01   8.0000000e+00   6.0000000e+00  -5.3413181e+01  -3.8386598e+01   5.0833397e+02   7.0176001e-01   1.0619487e+00   1.2985973e-01
   2.0160000e+03   1.2000000e+01   2.2000000e+01   1.4000000e+01   1.0000000e+01   4.3000000e+01  -5.3408823e+01  -3.8387748e+01   4.9022698e+02   6.4303023e-01   1.0545735e+00   4.7163778e-01
   2.0160000e+03   1.2000000e+01   2.2000000e+01   1.4000000e+01   1.5000000e+01   2.7999901e+01  -5.3399987e+01  -3.8391406e+01   1.0113523e+03   1.1976914e+00   1.0582139e+00   4.2575840e-01
   2.0160000e+03   1.2000000e+01   2.2000000e+01   1.4000000e+01   2.0000000e+01   3.0000000e+00  -5.3391327e+01  -3.8394666e+01   9.8622835e+02   1.3143279e+00   1.5053447e+00   8.6136038e-01
   2.0160000e+03   1.2000000e+01   2.2000000e+01   1.4000000e+01   2.2000000e+01   1.0000099e+01  -5.3387013e+01  -3.8396140e+01   4.8927545e+02   1.7979835e+00   2.9236130e+00   9.3218835e-01
   2.0160000e+03   1.2000000e+01   2.2000000e+01   1.4000000e+01   2.4000000e+01   2.0000000e+01  -5.3382432e+01  -3.8397543e+01   5.1741469e+02   1.9303015e+00   2.3627447e+00   1.2786000e+00
   2.0160000e+03   1.2000000e+01   2.2000000e+01   1.4000000e+01   2.6000000e+01   3.7000099e+01  -5.3378090e+01  -3.8398458e+01   4.8626544e+02   9.1659332e-01   1.7485361e+00   6.4903046e-01
   2.0160000e+03   1.2000000e+01   2.2000000e+01   1.4000000e+01   2.8000000e+01   5.8000000e+01  -5.3373675e+01  -3.8399382e+01   4.9442462e+02   9.3026151e-01   1.6171708e+00   7.2356278e-01
   2.0160000e+03   1.2000000e+01   2.2000000e+01   1.4000000e+01   3.1000000e+01   2.3000000e+01  -5.3369140e+01  -3.8400604e+01   5.1041062e+02   2.0045502e+00   4.3732168e+00   2.2388070e+00
   2.0160000e+03   1.2000000e+01   2.2000000e+01   1.4000000e+01   3.3000000e+01   5.1000000e+01  -5.3364773e+01  -3.8401970e+01   4.9367144e+02   1.0010630e+00   1.2611085e+00   5.3504146e-01
   2.0160000e+03   1.2000000e+01   2.2000000e+01   1.4000000e+01   3.6000000e+01   1.7000000e+01  -5.3360527e+01  -3.8403352e+01   4.8055209e+02   3.1585197e+01   4.2156081e+01   1.4548791e+00
   2.0160000e+03   1.2000000e+01   2.2000000e+01   1.4000000e+01   3.8000000e+01   3.5000000e+01  -5.3356015e+01  -3.8404887e+01   5.1161840e+02   1.4889178e+00   2.8668145e+00   1.1868377e+00
   2.0160000e+03   1.2000000e+01   2.2000000e+01   1.4000000e+01   4.0000000e+01   5.2000000e+01  -5.3351664e+01  -3.8406339e+01   4.9302162e+02   1.0634008e+00   2.2259202e+00   7.0089749e-01
   2.0160000e+03   1.2000000e+01   2.2000000e+01   1.4000000e+01   4.3000000e+01   1.5000000e+01  -5.3347352e+01  -3.8407705e+01   4.8764659e+02   1.0363446e+00   1.2158153e+00   3.4837987e-01
   2.0160000e+03   1.2000000e+01   2.2000000e+01   1.4000000e+01   4.5000000e+01   3.7000000e+01  -5.3342830e+01  -3.8409140e+01   5.1139392e+02   9.3545824e-01   1.3019338e+00   8.8557916e-01
   2.0160000e+03   1.2000000e+01   2.2000000e+01   1.4000000e+01   4.8000000e+01   0.0000000e+00  -5.3338405e+01  -3.8410793e+01   5.0376145e+02   1.0492145e+00   2.0710568e+00   6.8974250e-01
   2.0160000e+03   1.2000000e+01   2.2000000e+01   1.4000000e+01   5.0000000e+01   2.1000099e+01  -5.3334140e+01  -3.8412327e+01   4.8478660e+02   1.6634349e+00   2.9866588e+00   1.2490516e+00
   2.0160000e+03   1.2000000e+01   2.2000000e+01   1.4000000e+01   5.2000000e+01   4.0000099e+01  -5.3329639e+01  -3.8413857e+01   5.1029582e+02   8.6795007e-01   1.7922155e+00   4.0973611e-01
   2.0160000e+03   1.2000000e+01   2.2000000e+01   1.4000000e+01   5.5000000e+01   2.0000000e+00  -5.3325289e+01  -3.8415193e+01   4.9146494e+02   1.0555607e+00   1.6537367e+00   5.5064953e-01
   2.0160000e+03   1.2000000e+01   2.2000000e+01   1.4000000e+01   5.7000000e+01   2.2000099e+01  -5.3320979e+01  -3.8416464e+01   4.8630646e+02   8.0158163e-01   1.7272311e+00   1.1238887e+00
   2.0160000e+03   1.2000000e+01   2.2000000e+01   1.4000000e+01   5.9000000e+01   3.6000000e+01  -5.3316459e+01  -3.8418217e+01   5.1556403e+02   1.5806100e+00   2.9254586e+00   1.8127977e+00
   2.0160000e+03   1.2000000e+01   2.2000000e+01   1.5000000e+01   1.0000000e+00   5.2000000e+01  -5.3312056e+01  -3.8419703e+01   4.9904657e+02   8.8603122e+01   1.3949615e+02   1.0983110e+02
   2.0160000e+03   1.2000000e+01   2.2000000e+01   1.5000000e+01   4.0000000e+00   2.3000000e+01  -5.3307750e+01  -3.8420924e+01   4.8531842e+02   2.9122728e-01   9.8304590e-01   2.2993803e-02
   2.0160000e+03   1.2000000e+01   2.2000000e+01   1.5000000e+01   6.0000000e+00   5.3000000e+01  -5.3303325e+01  -3.8422326e+01   5.0049042e+02   1.4112906e+00   2.1055456e+00   1.0845132e+00
   2.0160000e+03   1.2000000e+01   2.2000000e+01   1.5000000e+01   9.0000000e+00   1.3000000e+01  -5.3299013e+01  -3.8423700e+01   4.8780252e+02   1.1682332e+01   2.8177513e+01   2.2336998e-01
   2.0160000e+03   1.2000000e+01   2.2000000e+01   1.5000000e+01   1.1000000e+01   3.7999901e+01  -5.3294421e+01  -3.8425331e+01   5.2161770e+02   5.0370052e-01   2.4296595e+00   3.4160878e-01
   2.0160000e+03   1.2000000e+01   2.2000000e+01   1.5000000e+01   1.4000000e+01   9.0000000e+00  -5.3289938e+01  -3.8426797e+01   5.0758891e+02   1.2200184e+00   9.9055076e+00   1.9098442e-01
   2.0160000e+03   1.2000000e+01   2.2000000e+01   1.5000000e+01   1.6000000e+01   3.8000000e+01  -5.3285795e+01  -3.8428155e+01   4.6905684e+02   1.1887682e+00   2.6208125e+00   2.7116415e-01
   2.0160000e+03   1.2000000e+01   2.2000000e+01   1.5000000e+01   1.8000000e+01   5.9000000e+01  -5.3281284e+01  -3.8429869e+01   5.1405400e+02   8.0933669e-01   1.6246059e+00   5.5337147e-01
   2.0160000e+03   1.2000000e+01   2.2000000e+01   1.5000000e+01   2.1000000e+01   2.4000000e+01  -5.3276977e+01  -3.8431390e+01   4.8917337e+02   5.7137367e-01   1.8101426e+00   5.6472112e-01
   2.0160000e+03   1.2000000e+01   2.2000000e+01   1.5000000e+01   2.3000000e+01   5.3000000e+01  -5.3272649e+01  -3.8432818e+01   4.9018501e+02   1.0863098e+00   1.6715404e+00   5.2269503e-01
   2.0160000e+03   1.2000000e+01   2.2000000e+01   1.5000000e+01   2.6000000e+01   1.0000000e+01  -5.3268232e+01  -3.8434151e+01   4.9867609e+02   1.0043017e+00   1.7712208e+00   4.9044188e-01
   2.0160000e+03   1.2000000e+01   2.2000000e+01   1.5000000e+01   2.8000000e+01   2.1000099e+01  -5.3263734e+01  -3.8435748e+01   5.1102740e+02   9.4540066e-01   1.8171677e+00   3.0013364e-01
   2.0160000e+03   1.2000000e+01   2.2000000e+01   1.5000000e+01   3.0000000e+01   3.2000000e+01  -5.3259340e+01  -3.8436899e+01   4.9422152e+02   3.0472240e+02   4.0550684e+02   3.6797953e+02
   2.0160000e+03   1.2000000e+01   2.2000000e+01   1.5000000e+01   3.2000000e+01   4.7000000e+01  -5.3254888e+01  -3.8437947e+01   4.9956876e+02   8.1360346e-01   1.2314662e+00   3.7107318e-01
   2.0160000e+03   1.2000000e+01   2.2000000e+01   1.5000000e+01   3.5000000e+01   3.9999008e+00  -5.3250616e+01  -3.8439060e+01   4.8039754e+02   7.0682756e-01   1.2088625e+00   3.3643474e-01
   2.0160000e+03   1.2000000e+01   2.2000000e+01   1.5000000e+01   3.7000000e+01   1.2000000e+01  -5.3246130e+01  -3.8440567e+01   5.0847726e+02   1.0569197e+00   1.2147979e+00   7.3908776e-01
   2.0160000e+03   1.2000000e+01   2.2000000e+01   1.5000000e+01   3.9000000e+01   1.8000099e+01  -5.3241676e+01  -3.8442148e+01   5.0601403e+02   1.1753841e+00   1.7019909e+00   9.5892147e-01
   2.0160000e+03   1.2000000e+01   2.2000000e+01   1.5000000e+01   4.1000000e+01   2.6000099e+01  -5.3237309e+01  -3.8443675e+01   4.9579908e+02   8.6156395e-01   1.6211335e+00   1.5055590e+00
   2.0160000e+03   1.2000000e+01   2.2000000e+01   1.5000000e+01   4.3000000e+01   3.7000000e+01  -5.3232872e+01  -3.8444984e+01   5.0058716e+02   8.6251460e-01   1.6153259e+00   9.3549620e-01
   2.0160000e+03   1.2000000e+01   2.2000000e+01   1.5000000e+01   4.5000000e+01   5.9000000e+01  -5.3228489e+01  -3.8446075e+01   4.9243463e+02   1.1718881e+00   1.6009435e+00   3.7816847e-01
   2.0160000e+03   1.2000000e+01   2.2000000e+01   1.5000000e+01   5.0000000e+01   3.3000099e+01  -5.3219817e+01  -3.8449397e+01   9.8869398e+02   7.4511352e-01   1.6090014e+00   5.0948806e-01
   2.0160000e+03   1.2000000e+01   2.2000000e+01   1.5000000e+01   5.2000000e+01   4.5000000e+01  -5.3215295e+01  -3.8451008e+01   5.1370464e+02   6.2273016e-01   4.5558867e-01   1.7417701e-01
   2.0160000e+03   1.2000000e+01   2.2000000e+01   1.5000000e+01   5.5000000e+01   1.0000000e+01  -5.3210988e+01  -3.8452271e+01   4.8597206e+02   5.9406764e-01   8.2469079e-01   2.3196776e-01
   2.0160000e+03   1.2000000e+01   2.2000000e+01   1.5000000e+01   5.7000000e+01   3.2000000e+01  -5.3206646e+01  -3.8453578e+01   4.9028347e+02   2.6765067e-01   3.9347652e-01   1.0969657e-01
