   2.0060000e+03   1.2000000e+01   2.7000000e+01   7.0000000e+00   1.0000000e+00   9.0000000e+00  -5.3921438e+01  -3.8222039e+01   4.9938972e+02   2.9958320e-01   8.1580548e-01   5.5462316e-01
   2.0060000e+03   1.2000000e+01   2.7000000e+01   7.0000000e+00   2.0000000e+00   4.4000000e+01  -5.3917011e+01  -3.8223624e+01   5.0278789e+02   2.7667868e+01   2.2585729e+02   1.7323236e+02
   2.0060000e+03   1.2000000e+01   2.7000000e+01   7.0000000e+00   4.0000000e+00   1.9000000e+01  -5.3912629e+01  -3.8225148e+01   4.9704959e+02   6.9995681e+01   5.0772811e+02   2.8326447e+02
   2.0060000e+03   1.2000000e+01   2.7000000e+01   7.0000000e+00   5.0000000e+00   5.5000000e+01  -5.3908254e+01  -3.8226746e+01   4.9728892e+02   1.7489298e+01   1.6554716e+03   1.6537328e+03
   2.0060000e+03   1.2000000e+01   2.7000000e+01   7.0000000e+00   7.0000000e+00   3.1000000e+01  -5.3903846e+01  -3.8228190e+01   4.9879923e+02   5.4813163e+00   3.7466651e+02   3.6352058e+02
   2.0060000e+03   1.2000000e+01   2.7000000e+01   7.0000000e+00   9.0000000e+00   9.0000000e+00  -5.3899316e+01  -3.8229663e+01   5.1252543e+02   6.7604832e+01   1.2889998e+02   6.9708683e-02
   2.0060000e+03   1.2000000e+01   2.7000000e+01   7.0000000e+00   1.0000000e+01   4.2000000e+01  -5.3894968e+01  -3.8231041e+01   4.9156557e+02   7.0496627e+01   1.8036813e+02   6.5173158e+01
   2.0060000e+03   1.2000000e+01   2.7000000e+01   7.0000000e+00   1.2000000e+01   1.7000000e+01  -5.3890556e+01  -3.8232411e+01   4.9838045e+02   1.5099744e+01   3.1919706e+02   1.2290845e+02
   2.0060000e+03   1.2000000e+01   2.7000000e+01   7.0000000e+00   1.3000000e+01   5.2000000e+01  -5.3886162e+01  -3.8233780e+01   4.9636635e+02   3.1942370e-01   4.7934194e+00   4.6882945e+00
   2.0060000e+03   1.2000000e+01   2.7000000e+01   7.0000000e+00   1.5000000e+01   2.7000000e+01  -5.3881760e+01  -3.8235220e+01   4.9818997e+02   2.5194121e-01   8.2613747e-01   5.9784624e-01
   2.0060000e+03   1.2000000e+01   2.7000000e+01   7.0000000e+00   1.7000000e+01   1.0000000e+00  -5.3877344e+01  -3.8236684e+01   4.9997354e+02   3.6868860e-01   1.0132510e+00   9.5964625e-01
   2.0060000e+03   1.2000000e+01   2.7000000e+01   7.0000000e+00   1.8000000e+01   3.4000000e+01  -5.3872978e+01  -3.8238141e+01   4.9448207e+02   8.9777213e-01   3.6675229e+00   3.4610326e+00
   2.0060000e+03   1.2000000e+01   2.7000000e+01   7.0000000e+00   2.0000000e+01   9.0000000e+00  -5.3868538e+01  -3.8239589e+01   5.0237475e+02   2.5649520e+00   4.8933912e+00   4.6645190e+00
   2.0060000e+03   1.2000000e+01   2.7000000e+01   7.0000000e+00   2.1000000e+01   4.6000000e+01  -5.3864088e+01  -3.8240937e+01   5.0237064e+02   1.3890029e+00   3.1227380e+00   2.9990248e+00
   2.0060000e+03   1.2000000e+01   2.7000000e+01   7.0000000e+00   2.3000000e+01   2.3000000e+01  -5.3859640e+01  -3.8242381e+01   5.0315431e+02   1.4248207e+01   2.7187547e+01   2.7145999e+01
   2.0060000e+03   1.2000000e+01   2.7000000e+01   7.0000000e+00   2.4000000e+01   5.9000000e+01  -5.3855294e+01  -3.8243819e+01   4.9205651e+02   7.0575560e-01   1.3890463e+00   1.2983841e+00
   2.0060000e+03   1.2000000e+01   2.7000000e+01   7.0000000e+00   2.6000000e+01   3.5000000e+01  -5.3850871e+01  -3.8245311e+01   5.0112031e+02   9.0370576e+00   1.7232980e+01   1.6967063e+01
   2.0060000e+03   1.2000000e+01   2.7000000e+01   7.0000000e+00   2.8000000e+01   1.1000000e+01  -5.3846421e+01  -3.8246669e+01   5.0248594e+02   2.4284513e+00   4.7390782e+00   3.2597280e+00
   2.0060000e+03   1.2000000e+01   2.7000000e+01   7.0000000e+00   2.9000000e+01   4.6000000e+01  -5.3842022e+01  -3.8248059e+01   4.9718957e+02   4.6896418e+00   8.9417488e+00   8.7992932e+00
   2.0060000e+03   1.2000000e+01   2.7000000e+01   7.0000000e+00   3.1000000e+01   2.1000000e+01  -5.3837654e+01  -3.8249560e+01   4.9525310e+02   2.5134956e-01   1.6449545e+01   1.6388058e+01
   2.0060000e+03   1.2000000e+01   2.7000000e+01   7.0000000e+00   3.2000000e+01   5.8000099e+01  -5.3833215e+01  -3.8251035e+01   5.0263195e+02   3.9699450e+00   7.6288082e+00   7.5677432e+00
   2.0060000e+03   1.2000000e+01   2.7000000e+01   7.0000000e+00   3.4000000e+01   3.5000000e+01  -5.3828777e+01  -3.8252472e+01   5.0205327e+02   8.7314002e-01   1.8238716e+00   1.7296390e+00
   2.0060000e+03   1.2000000e+01   2.7000000e+01   7.0000000e+00   3.6000000e+01   1.1000000e+01  -5.3824349e+01  -3.8253888e+01   5.0081354e+02   3.8027246e+00   8.5025263e+00   6.4798901e+00
   2.0060000e+03   1.2000000e+01   2.7000000e+01   7.0000000e+00   3.7000000e+01   4.7000000e+01  -5.3819975e+01  -3.8255305e+01   4.9484317e+02   1.1185758e+00   2.1987475e+00   1.7729276e+00
   2.0060000e+03   1.2000000e+01   2.7000000e+01   7.0000000e+00   3.9000000e+01   2.4000000e+01  -5.3815547e+01  -3.8256759e+01   5.0117762e+02   5.0788504e-01   1.2774004e+00   1.1167125e+00
   2.0060000e+03   1.2000000e+01   2.7000000e+01   7.0000000e+00   4.1000000e+01   2.0000000e+00  -5.3811153e+01  -3.8258150e+01   4.9668895e+02   9.8828442e-02   8.8125693e-01   8.6442532e-01
   2.0060000e+03   1.2000000e+01   2.7000000e+01   7.0000000e+00   4.2000000e+01   4.0000000e+01  -5.3806759e+01  -3.8259494e+01   4.9613427e+02   2.3049158e-01   4.3937664e-01   4.2993264e-01
   2.0060000e+03   1.2000000e+01   2.7000000e+01   7.0000000e+00   4.4000000e+01   1.8000000e+01  -5.3802339e+01  -3.8260867e+01   4.9940006e+02   1.9027517e+00   3.8208346e+00   3.6188371e+00
   2.0060000e+03   1.2000000e+01   2.7000000e+01   7.0000000e+00   4.5000000e+01   5.6000000e+01  -5.3797905e+01  -3.8262215e+01   5.0056657e+02   4.9767145e+00   9.5567242e+00   3.1075104e+00
   2.0060000e+03   1.2000000e+01   2.7000000e+01   7.0000000e+00   4.7000000e+01   3.4000000e+01  -5.3793491e+01  -3.8263591e+01   4.9875978e+02   4.0036680e+00   7.6320278e+00   1.7262662e+00
   2.0060000e+03   1.2000000e+01   2.7000000e+01   7.0000000e+00   4.9000000e+01   1.3000000e+01  -5.3789069e+01  -3.8265025e+01   5.0024713e+02   4.6520092e+00   8.9507394e+00   8.8472974e+00
   2.0060000e+03   1.2000000e+01   2.7000000e+01   7.0000000e+00   5.0000000e+01   5.2000000e+01  -5.3784594e+01  -3.8266460e+01   5.0616113e+02   9.3106999e+00   1.8166123e+01   1.8039693e+01
   2.0060000e+03   1.2000000e+01   2.7000000e+01   7.0000000e+00   5.2000000e+01   2.9000000e+01  -5.3780212e+01  -3.8267935e+01   4.9647078e+02   7.6817112e+00   1.5052511e+01   3.0330972e+00
   2.0060000e+03   1.2000000e+01   2.7000000e+01   7.0000000e+00   5.4000000e+01   5.0000000e+00  -5.3775780e+01  -3.8269394e+01   5.0172146e+02   1.5634460e+01   3.0095702e+01   2.0186551e+00
   2.0060000e+03   1.2000000e+01   2.7000000e+01   7.0000000e+00   5.5000000e+01   4.1000000e+01  -5.3771415e+01  -3.8270800e+01   4.9369137e+02   4.8427710e+01   9.2533940e+01   2.8185056e+00
   2.0060000e+03   1.2000000e+01   2.7000000e+01   7.0000000e+00   5.7000000e+01   1.8000000e+01  -5.3766975e+01  -3.8272319e+01   5.0343316e+02   4.4627291e+00   8.8813611e+00   8.4942234e+00
   2.0060000e+03   1.2000000e+01   2.7000000e+01   7.0000000e+00   5.8000000e+01   5.6000000e+01  -5.3762581e+01  -3.8273742e+01   4.9709630e+02   2.3756338e+01   4.5285732e+01   4.0921039e+01
   2.0060000e+03   1.2000000e+01   2.7000000e+01   8.0000000e+00   0.0000000e+00   3.4000000e+01  -5.3758181e+01  -3.8275221e+01   4.9847632e+02   1.1858383e+01   2.2976037e+01   9.5346929e+00
   2.0060000e+03   1.2000000e+01   2.7000000e+01   8.0000000e+00   2.0000000e+00   1.3000000e+01  -5.3753766e+01  -3.8276673e+01   4.9981038e+02   3.8101506e+00   8.3514232e+00   6.8948512e+00
   2.0060000e+03   1.2000000e+01   2.7000000e+01   8.0000000e+00   3.0000000e+00   5.3000000e+01  -5.3749362e+01  -3.8278100e+01   4.9823814e+02   3.7964895e+00   7.8686080e+00   4.2405686e+00
   2.0060000e+03   1.2000000e+01   2.7000000e+01   8.0000000e+00   5.0000000e+00   3.1999901e+01  -5.3744951e+01  -3.8279594e+01   4.9994172e+02   2.7796400e-01   5.2987135e-01   4.5898777e-01
   2.0060000e+03   1.2000000e+01   2.7000000e+01   8.0000000e+00   7.0000000e+00   1.0000000e+01  -5.3740563e+01  -3.8281090e+01   4.9739890e+02   4.9745206e-02   1.0176046e-01   1.3613933e-02
   2.0060000e+03   1.2000000e+01   2.7000000e+01   8.0000000e+00   8.0000000e+00   4.8000000e+01  -5.3736125e+01  -3.8282563e+01   5.0254503e+02   4.2324449e-02   8.6053451e-02   8.0681358e-02
   2.0060000e+03   1.2000000e+01   2.7000000e+01   8.0000000e+00   1.0000000e+01   2.6000099e+01  -5.3731748e+01  -3.8284114e+01   4.9691526e+02   2.1721448e+00   4.1406705e+00   3.7183049e-02
   2.0060000e+03   1.2000000e+01   2.7000000e+01   8.0000000e+00   1.2000000e+01   4.0000000e+00  -5.3727376e+01  -3.8285668e+01   4.9639721e+02   3.6814513e-02   8.0001733e-02   5.2264311e-02
   2.0060000e+03   1.2000000e+01   2.7000000e+01   8.0000000e+00   1.3000000e+01   4.3000000e+01  -5.3722977e+01  -3.8287105e+01   4.9793272e+02   6.4378492e-03   7.3424554e-02   5.6349205e-02
   2.0060000e+03   1.2000000e+01   2.7000000e+01   8.0000000e+00   1.5000000e+01   2.2999901e+01  -5.3718528e+01  -3.8288477e+01   5.0247950e+02   1.1658684e-02   2.2224471e-02   0.0000000e+00
   2.0060000e+03   1.2000000e+01   2.7000000e+01   8.0000000e+00   1.7000000e+01   2.0000000e+00  -5.3714122e+01  -3.8289829e+01   4.9768451e+02   1.2744258e-02   4.9663678e+00   4.9420740e+00
   2.0060000e+03   1.2000000e+01   2.7000000e+01   8.0000000e+00   1.8000000e+01   4.1000000e+01  -5.3709686e+01  -3.8291219e+01   5.0123302e+02   7.1925912e+00   1.6196820e+01   1.0066478e+01
   2.0060000e+03   1.2000000e+01   2.7000000e+01   8.0000000e+00   2.0000000e+01   2.1000000e+01  -5.3705257e+01  -3.8292626e+01   5.0079851e+02   5.6779712e-01   1.1005579e+00   0.0000000e+00
   2.0060000e+03   1.2000000e+01   2.7000000e+01   8.0000000e+00   2.2000000e+01   9.9182129e-05  -5.3700880e+01  -3.8294018e+01   4.9498247e+02   7.1522237e-02   1.3633990e-01   0.0000000e+00
   2.0060000e+03   1.2000000e+01   2.7000000e+01   8.0000000e+00   2.3000000e+01   3.8000000e+01  -5.3696461e+01  -3.8295472e+01   5.0020264e+02   3.0464859e-02   1.0152581e-01   0.0000000e+00
   2.0060000e+03   1.2000000e+01   2.7000000e+01   8.0000000e+00   2.5000000e+01   1.6000000e+01  -5.3692042e+01  -3.8296921e+01   5.0021076e+02   2.5958367e+02   4.9483369e+02   4.9479483e+02
   2.0060000e+03   1.2000000e+01   2.7000000e+01   8.0000000e+00   2.6000000e+01   5.5000000e+01  -5.3687596e+01  -3.8298436e+01   5.0399499e+02   1.3010292e+00   2.4800985e+00   4.2805377e-02
   2.0060000e+03   1.2000000e+01   2.7000000e+01   8.0000000e+00   2.8000000e+01   3.4000000e+01  -5.3683198e+01  -3.8299917e+01   4.9841286e+02   5.0324598e-02   9.5931715e-02   7.9149442e-02
   2.0060000e+03   1.2000000e+01   2.7000000e+01   8.0000000e+00   3.0000000e+01   1.3000000e+01  -5.3678804e+01  -3.8301359e+01   4.9735027e+02   9.9697174e-01   1.9004863e+00   0.0000000e+00
   2.0060000e+03   1.2000000e+01   2.7000000e+01   8.0000000e+00   3.1000000e+01   5.1000000e+01  -5.3674407e+01  -3.8302787e+01   4.9756198e+02   6.4576163e-02   2.1638383e-01   9.3284940e-02
   2.0060000e+03   1.2000000e+01   2.7000000e+01   8.0000000e+00   3.3000000e+01   2.8000000e+01  -5.3669981e+01  -3.8304207e+01   5.0055944e+02   8.7866766e-01   1.6830661e+00   0.0000000e+00
   2.0060000e+03   1.2000000e+01   2.7000000e+01   8.0000000e+00   3.5000000e+01   6.0000992e+00  -5.3665525e+01  -3.8305592e+01   5.0355304e+02   1.2175449e+00   2.3209558e+00   0.0000000e+00
   2.0060000e+03   1.2000000e+01   2.7000000e+01   8.0000000e+00   3.6000000e+01   4.3000000e+01  -5.3661086e+01  -3.8307012e+01   5.0205048e+02   3.2042738e-01   6.1081755e-01   0.0000000e+00
   2.0060000e+03   1.2000000e+01   2.7000000e+01   8.0000000e+00   3.8000000e+01   1.9000000e+01  -5.3656707e+01  -3.8308445e+01   4.9562056e+02   2.4700726e-02   4.7085979e-02   4.7085979e-02
   2.0060000e+03   1.2000000e+01   2.7000000e+01   8.0000000e+00   3.9000000e+01   5.5000000e+01  -5.3652275e+01  -3.8309883e+01   5.0146606e+02   7.7088528e-02   1.5063800e-01   1.4383558e-01
   2.0060000e+03   1.2000000e+01   2.7000000e+01   8.0000000e+00   4.1000000e+01   3.0000000e+01  -5.3647899e+01  -3.8311320e+01   4.9547945e+02   4.6225841e-01   8.8285083e-01   3.1553257e-02
   2.0060000e+03   1.2000000e+01   2.7000000e+01   8.0000000e+00   4.3000000e+01   5.0000000e+00  -5.3643478e+01  -3.8312715e+01   4.9977222e+02   3.5308569e-02   6.7307275e-02   6.7307275e-02
   2.0060000e+03   1.2000000e+01   2.7000000e+01   8.0000000e+00   4.4000000e+01   4.0000099e+01  -5.3639075e+01  -3.8314090e+01   4.9753981e+02   2.8140647e-02   5.3643360e-02   5.3643360e-02
   2.0060000e+03   1.2000000e+01   2.7000000e+01   8.0000000e+00   4.6000000e+01   1.6000000e+01  -5.3634633e+01  -3.8315552e+01   5.0295847e+02   2.5763032e+00   9.9181130e+00   0.0000000e+00
   2.0060000e+03   1.2000000e+01   2.7000000e+01   8.0000000e+00   4.7000000e+01   5.3000099e+01  -5.3630200e+01  -3.8316968e+01   5.0130537e+02   0.0000000e+00   2.4901884e+00   0.0000000e+00
   2.0060000e+03   1.2000000e+01   2.7000000e+01   8.0000000e+00   4.9000000e+01   2.8000000e+01  -5.3625816e+01  -3.8318357e+01   4.9570971e+02   3.1173649e-02   1.4624965e-01   0.0000000e+00
   2.0060000e+03   1.2000000e+01   2.7000000e+01   8.0000000e+00   5.1000000e+01   3.0000000e+00  -5.3621385e+01  -3.8319792e+01   5.0133067e+02   4.4305724e-01   8.8066980e-01   5.5426485e-02
   2.0060000e+03   1.2000000e+01   2.7000000e+01   8.0000000e+00   5.2000000e+01   3.8000000e+01  -5.3617003e+01  -3.8321218e+01   4.9592759e+02   2.9995113e-02   5.7178452e-02   5.0011875e-02
   2.0060000e+03   1.2000000e+01   2.7000000e+01   8.0000000e+00   5.4000000e+01   1.3000099e+01  -5.3612600e+01  -3.8322657e+01   4.9832432e+02   6.4446596e-02   1.2285190e-01   0.0000000e+00
   2.0060000e+03   1.2000000e+01   2.7000000e+01   8.0000000e+00   5.5000000e+01   5.0000000e+01  -5.3608188e+01  -3.8324116e+01   4.9967389e+02   2.7430121e-01   5.4667407e-01   0.0000000e+00
   2.0060000e+03   1.2000000e+01   2.7000000e+01   8.0000000e+00   5.7000000e+01   2.7999901e+01  -5.3603768e+01  -3.8325593e+01   5.0062535e+02   7.9550032e+02   1.5164517e+03   1.5021285e+03
   2.0060000e+03   1.2000000e+01   2.7000000e+01   8.0000000e+00   5.9000000e+01   4.0000000e+00  -5.3599338e+01  -3.8327001e+01   5.0102927e+02   2.9362429e-02   5.5972392e-02   0.0000000e+00
   2.0060000e+03   1.2000000e+01   2.7000000e+01   9.0000000e+00   0.0000000e+00   4.0000000e+01  -5.3594941e+01  -3.8328385e+01   4.9703008e+02   4.0031514e-01   7.6310431e-01   7.1255302e-01
   2.0060000e+03   1.2000000e+01   2.7000000e+01   9.0000000e+00   2.0000000e+00   1.8000000e+01  -5.3590532e+01  -3.8329834e+01   4.9919505e+02   2.4172411e-02   4.8485151e-02   0.0000000e+00
   2.0060000e+03   1.2000000e+01   2.7000000e+01   9.0000000e+00   3.0000000e+00   5.5999901e+01  -5.3586084e+01  -3.8331250e+01   5.0292668e+02   2.4289720e-02   4.6302495e-02   0.0000000e+00
   2.0060000e+03   1.2000000e+01   2.7000000e+01   9.0000000e+00   5.0000000e+00   3.4000000e+01  -5.3581654e+01  -3.8332621e+01   5.0047138e+02   1.8386809e-01   3.5166405e-01   2.8568130e-01
   2.0060000e+03   1.2000000e+01   2.7000000e+01   9.0000000e+00   7.0000000e+00   1.3000000e+01  -5.3577275e+01  -3.8334028e+01   4.9544184e+02   2.5198905e-02   4.8035638e-02   0.0000000e+00
   2.0060000e+03   1.2000000e+01   2.7000000e+01   9.0000000e+00   8.0000000e+00   5.4000000e+01  -5.3572847e+01  -3.8335457e+01   5.0094077e+02   2.4331263e-02   4.6381687e-02   0.0000000e+00
   2.0060000e+03   1.2000000e+01   2.7000000e+01   9.0000000e+00   1.0000000e+01   3.5000000e+01  -5.3568413e+01  -3.8336896e+01   5.0183116e+02   2.5838059e-02   4.9254030e-02   4.9254030e-02
   2.0060000e+03   1.2000000e+01   2.7000000e+01   9.0000000e+00   1.2000000e+01   1.4000099e+01  -5.3564051e+01  -3.8338333e+01   4.9382942e+02   3.2287656e-02   6.1548632e-02   1.2855764e-02
   2.0060000e+03   1.2000000e+01   2.7000000e+01   9.0000000e+00   1.3000000e+01   5.2000000e+01  -5.3559668e+01  -3.8339840e+01   4.9717917e+02   3.2836048e+02   1.6766275e+03   1.6765787e+03
   2.0060000e+03   1.2000000e+01   2.7000000e+01   9.0000000e+00   1.5000000e+01   3.0000000e+01  -5.3555262e+01  -3.8341292e+01   4.9879848e+02   3.4834226e-02   6.6403054e-02   0.0000000e+00
   2.0060000e+03   1.2000000e+01   2.7000000e+01   9.0000000e+00   1.7000000e+01   8.0000000e+00  -5.3550832e+01  -3.8342790e+01   5.0216930e+02   3.1636243e-02   6.0306871e-02   0.0000000e+00
   2.0060000e+03   1.2000000e+01   2.7000000e+01   9.0000000e+00   1.8000000e+01   4.6000000e+01  -5.3546441e+01  -3.8344275e+01   4.9763458e+02   3.3302743e-02   6.3483650e-02   0.0000000e+00
   2.0060000e+03   1.2000000e+01   2.7000000e+01   9.0000000e+00   2.0000000e+01   2.4000099e+01  -5.3542014e+01  -3.8345806e+01   5.0218517e+02   2.9538477e-02   8.8731708e-02   0.0000000e+00
   2.0060000e+03   1.2000000e+01   2.7000000e+01   9.0000000e+00   2.2000000e+01   2.0000000e+00  -5.3537617e+01  -3.8347275e+01   4.9817048e+02   2.1808529e-02   9.8441202e-02   0.0000000e+00
   2.0060000e+03   1.2000000e+01   2.7000000e+01   9.0000000e+00   2.3000000e+01   4.1000000e+01  -5.3533185e+01  -3.8348714e+01   5.0157059e+02   2.5449797e+02   4.8513903e+02   4.8427555e+02
   2.0060000e+03   1.2000000e+01   2.7000000e+01   9.0000000e+00   2.5000000e+01   2.0000099e+01  -5.3528761e+01  -3.8350113e+01   5.0019509e+02   3.3924870e-02   6.4669587e-02   0.0000000e+00
   2.0060000e+03   1.2000000e+01   2.7000000e+01   9.0000000e+00   2.6000000e+01   5.9000000e+01  -5.3524354e+01  -3.8351547e+01   4.9884068e+02   3.0654017e-02   5.8434493e-02   0.0000000e+00
   2.0060000e+03   1.2000000e+01   2.7000000e+01   9.0000000e+00   2.8000000e+01   3.7000000e+01  -5.3519934e+01  -3.8352925e+01   4.9949251e+02   5.3331380e-02   1.5679456e-01   4.1507467e-02
   2.0060000e+03   1.2000000e+01   2.7000000e+01   9.0000000e+00   3.0000000e+01   1.3000000e+01  -5.3515522e+01  -3.8354342e+01   4.9912663e+02   3.8720397e-02   7.6834366e-02   7.3811103e-02
   2.0060000e+03   1.2000000e+01   2.7000000e+01   9.0000000e+00   3.1000000e+01   4.9000099e+01  -5.3511057e+01  -3.8355764e+01   5.0494181e+02   4.2302145e-02   8.0638841e-02   6.4074672e-02
   2.0060000e+03   1.2000000e+01   2.7000000e+01   9.0000000e+00   3.3000000e+01   2.7000000e+01  -5.3506666e+01  -3.8357093e+01   4.9576520e+02   3.6999756e-02   9.4897996e-02   0.0000000e+00
   2.0060000e+03   1.2000000e+01   2.7000000e+01   9.0000000e+00   3.5000000e+01   7.0000000e+00  -5.3502252e+01  -3.8358455e+01   4.9865293e+02   1.7352414e-01   3.7395992e-01   0.0000000e+00
   2.0060000e+03   1.2000000e+01   2.7000000e+01   9.0000000e+00   3.6000000e+01   4.7000000e+01  -5.3497832e+01  -3.8359837e+01   4.9963492e+02   1.1339107e-02   7.5342695e-02   0.0000000e+00
   2.0060000e+03   1.2000000e+01   2.7000000e+01   9.0000000e+00   3.8000000e+01   2.6000099e+01  -5.3493392e+01  -3.8361231e+01   5.0187431e+02   1.9628621e+00   3.7616195e+00   1.0692665e+00
   2.0060000e+03   1.2000000e+01   2.7000000e+01   9.0000000e+00   4.0000000e+01   4.0000000e+00  -5.3488985e+01  -3.8362594e+01   4.9793361e+02   6.0673647e-02   1.7474329e-01   5.6667272e-02
   2.0060000e+03   1.2000000e+01   2.7000000e+01   9.0000000e+00   4.1000000e+01   4.1000099e+01  -5.3484594e+01  -3.8364015e+01   4.9681786e+02   5.3400079e-01   1.0179438e+00   4.9212811e-03
   2.0060000e+03   1.2000000e+01   2.7000000e+01   9.0000000e+00   4.3000000e+01   1.9000000e+01  -5.3480168e+01  -3.8365420e+01   5.0053022e+02   5.0089351e-01   9.5483272e-01   9.5859988e-02
   2.0060000e+03   1.2000000e+01   2.7000000e+01   9.0000000e+00   4.4000000e+01   5.8000000e+01  -5.3475740e+01  -3.8366776e+01   5.0023529e+02   3.3020606e-01   6.3277686e-01   0.0000000e+00
   2.0060000e+03   1.2000000e+01   2.7000000e+01   9.0000000e+00   4.6000000e+01   3.6000099e+01  -5.3471333e+01  -3.8368190e+01   4.9845537e+02   3.9258247e-02   7.4836384e-02   5.6731859e-02
   2.0060000e+03   1.2000000e+01   2.7000000e+01   9.0000000e+00   4.8000000e+01   1.5000000e+01  -5.3466953e+01  -3.8369661e+01   4.9641076e+02   1.3118953e+00   2.5008122e+00   1.6901211e+00
   2.0060000e+03   1.2000000e+01   2.7000000e+01   9.0000000e+00   4.9000000e+01   5.3000000e+01  -5.3462525e+01  -3.8371221e+01   5.0269119e+02   4.0660674e-02   7.7509772e-02   0.0000000e+00
   2.0060000e+03   1.2000000e+01   2.7000000e+01   9.0000000e+00   5.1000000e+01   2.8000000e+01  -5.3458108e+01  -3.8372698e+01   5.0051538e+02   3.4639620e-02   6.6997970e-02   0.0000000e+00
   2.0060000e+03   1.2000000e+01   2.7000000e+01   9.0000000e+00   5.3000000e+01   4.0000000e+00  -5.3453702e+01  -3.8374194e+01   4.9950029e+02   2.2154564e-01   4.2232336e-01   3.7830543e-03
   2.0060000e+03   1.2000000e+01   2.7000000e+01   9.0000000e+00   5.4000000e+01   4.1000000e+01  -5.3449286e+01  -3.8375619e+01   4.9967608e+02   1.5238729e-02   1.2170880e-01   0.0000000e+00
   2.0060000e+03   1.2000000e+01   2.7000000e+01   9.0000000e+00   5.6000000e+01   1.8000000e+01  -5.3444887e+01  -3.8377012e+01   4.9736601e+02   1.6787987e-01   3.2002251e-01   0.0000000e+00
   2.0060000e+03   1.2000000e+01   2.7000000e+01   9.0000000e+00   5.7000000e+01   5.5000000e+01  -5.3440463e+01  -3.8378437e+01   5.0053748e+02   6.7184197e-02   1.8383515e-01   1.0132653e-01
   2.0060000e+03   1.2000000e+01   2.7000000e+01   9.0000000e+00   5.9000000e+01   3.1000000e+01  -5.3436055e+01  -3.8379859e+01   4.9880395e+02   1.2729188e+02   2.4269625e+02   1.2143177e+02
   2.0060000e+03   1.2000000e+01   2.7000000e+01   1.0000000e+01   1.0000000e+00   7.0000000e+00  -5.3431627e+01  -3.8381225e+01   5.0032186e+02   8.7469807e-01   1.7000896e+00   7.9250704e-03
   2.0060000e+03   1.2000000e+01   2.7000000e+01   1.0000000e+01   2.0000000e+00   4.3000000e+01  -5.3427239e+01  -3.8382622e+01   4.9628425e+02   2.7839782e-01   6.1594363e-01   2.6187006e-02
   2.0060000e+03   1.2000000e+01   2.7000000e+01   1.0000000e+01   4.0000000e+00   1.9000000e+01  -5.3422815e+01  -3.8384064e+01   5.0074831e+02   8.5352583e+00   1.6354364e+01   1.6213389e+01
   2.0060000e+03   1.2000000e+01   2.7000000e+01   1.0000000e+01   5.0000000e+00   5.5000000e+01  -5.3418370e+01  -3.8385500e+01   5.0297880e+02   5.0966630e-01   1.0352473e+00   1.8382152e-01
   2.0060000e+03   1.2000000e+01   2.7000000e+01   1.0000000e+01   7.0000000e+00   3.1000000e+01  -5.3413981e+01  -3.8386922e+01   4.9676419e+02   2.1929550e-01   5.6335021e-01   2.6103237e-01
   2.0060000e+03   1.2000000e+01   2.7000000e+01   1.0000000e+01   9.0000000e+00   6.9999008e+00  -5.3409581e+01  -3.8388272e+01   4.9703962e+02   3.4691872e-01   7.3609260e-01   4.1516328e-01
   2.0060000e+03   1.2000000e+01   2.7000000e+01   1.0000000e+01   1.0000000e+01   4.4000000e+01  -5.3405140e+01  -3.8389702e+01   5.0248069e+02   3.4707928e-01   8.0982419e-01   2.0844253e-01
   2.0060000e+03   1.2000000e+01   2.7000000e+01   1.0000000e+01   1.2000000e+01   2.2000000e+01  -5.3400754e+01  -3.8391109e+01   4.9617334e+02   1.0871098e-01   2.6124626e-01   1.2596182e-01
   2.0060000e+03   1.2000000e+01   2.7000000e+01   1.0000000e+01   1.3000000e+01   5.9000000e+01  -5.3396331e+01  -3.8392533e+01   5.0053476e+02   1.4159863e-01   2.6992365e-01   1.6842738e-01
   2.0060000e+03   1.2000000e+01   2.7000000e+01   1.0000000e+01   1.5000000e+01   3.6000000e+01  -5.3391938e+01  -3.8393928e+01   4.9682648e+02   1.7160006e+00   3.3730350e+00   2.7808714e+00
   2.0060000e+03   1.2000000e+01   2.7000000e+01   1.0000000e+01   1.7000000e+01   1.5000000e+01  -5.3387468e+01  -3.8395289e+01   5.0474794e+02   2.7874896e+00   1.9559065e+01   1.5001699e+01
   2.0060000e+03   1.2000000e+01   2.7000000e+01   1.0000000e+01   1.8000000e+01   5.3000000e+01  -5.3383062e+01  -3.8396821e+01   5.0003944e+02   1.8649711e+00   4.5962754e+00   1.1033530e+00
   2.0060000e+03   1.2000000e+01   2.7000000e+01   1.0000000e+01   2.0000000e+01   2.9000000e+01  -5.3378667e+01  -3.8398248e+01   4.9742997e+02   6.2734143e-01   1.2016864e+00   6.9901374e-01
   2.0060000e+03   1.2000000e+01   2.7000000e+01   1.0000000e+01   2.2000000e+01   6.0000000e+00  -5.3374274e+01  -3.8399740e+01   4.9813524e+02   1.3636790e+00   2.6138059e+00   2.1499546e+00
   2.0060000e+03   1.2000000e+01   2.7000000e+01   1.0000000e+01   2.3000000e+01   4.4000000e+01  -5.3369831e+01  -3.8401176e+01   5.0276764e+02   1.0530375e-01   2.0073621e-01   1.5277620e-02
   2.0060000e+03   1.2000000e+01   2.7000000e+01   1.0000000e+01   2.5000000e+01   2.3000000e+01  -5.3365425e+01  -3.8402617e+01   4.9883062e+02   8.6239699e-01   1.6531873e+00   1.1685503e-01
   2.0060000e+03   1.2000000e+01   2.7000000e+01   1.0000000e+01   2.7000000e+01   2.0000000e+00  -5.3361017e+01  -3.8404092e+01   4.9944159e+02   2.1808461e-01   4.1572574e-01   1.8532098e-01
   2.0060000e+03   1.2000000e+01   2.7000000e+01   1.0000000e+01   2.8000000e+01   4.0000000e+01  -5.3356660e+01  -3.8405511e+01   4.9323047e+02   9.5184840e-01   2.7600569e+00   2.0163936e+00
   2.0060000e+03   1.2000000e+01   2.7000000e+01   1.0000000e+01   3.0000000e+01   1.9000000e+01  -5.3352207e+01  -3.8406849e+01   5.0277043e+02   9.1392362e-02   1.7421751e-01   1.1432996e-01
   2.0060000e+03   1.2000000e+01   2.7000000e+01   1.0000000e+01   3.1000000e+01   5.7000000e+01  -5.3347774e+01  -3.8408250e+01   5.0130206e+02   7.7502088e-02   1.4773905e-01   8.7929400e-02
   2.0060000e+03   1.2000000e+01   2.7000000e+01   1.0000000e+01   3.3000000e+01   3.5000099e+01  -5.3343340e+01  -3.8409678e+01   5.0171165e+02   4.5566699e-02   8.6861927e-02   8.2143495e-02
   2.0060000e+03   1.2000000e+01   2.7000000e+01   1.0000000e+01   3.5000000e+01   1.3000000e+01  -5.3338943e+01  -3.8411100e+01   4.9759055e+02   1.5022653e-01   2.9640244e-01   2.8698667e-01
   2.0060000e+03   1.2000000e+01   2.7000000e+01   1.0000000e+01   3.6000000e+01   5.0000000e+01  -5.3334575e+01  -3.8412516e+01   4.9434789e+02   5.8613508e-03   7.3275257e-02   7.1314599e-02
   2.0060000e+03   1.2000000e+01   2.7000000e+01   1.0000000e+01   3.8000000e+01   2.8000000e+01  -5.3330131e+01  -3.8413918e+01   5.0247666e+02   2.9338082e-02   5.5925980e-02   5.5925980e-02
   2.0060000e+03   1.2000000e+01   2.7000000e+01   1.0000000e+01   4.0000000e+01   7.0000000e+00  -5.3325727e+01  -3.8415315e+01   4.9813197e+02   1.1540183e-01   2.1998578e-01   0.0000000e+00
   2.0060000e+03   1.2000000e+01   2.7000000e+01   1.0000000e+01   4.1000000e+01   4.6000099e+01  -5.3321283e+01  -3.8416732e+01   5.0272822e+02   2.0028841e-01   3.8180158e-01   0.0000000e+00
   2.0060000e+03   1.2000000e+01   2.7000000e+01   1.0000000e+01   4.3000000e+01   2.3000000e+01  -5.3316905e+01  -3.8418139e+01   4.9534001e+02   0.0000000e+00   6.2218521e-02   0.0000000e+00
   2.0060000e+03   1.2000000e+01   2.7000000e+01   1.0000000e+01   4.5000000e+01   0.0000000e+00  -5.3312494e+01  -3.8419591e+01   4.9950622e+02   2.9672301e-02   6.3153574e-02   6.3153574e-02
   2.0060000e+03   1.2000000e+01   2.7000000e+01   1.0000000e+01   4.6000000e+01   3.9000000e+01  -5.3308056e+01  -3.8421004e+01   5.0204983e+02   9.2548083e-02   1.7642061e-01   0.0000000e+00
   2.0060000e+03   1.2000000e+01   2.7000000e+01   1.0000000e+01   4.8000000e+01   1.9000000e+01  -5.3303596e+01  -3.8422305e+01   5.0299552e+02   0.0000000e+00   7.5667578e-02   0.0000000e+00
   2.0060000e+03   1.2000000e+01   2.7000000e+01   1.0000000e+01   4.9000000e+01   5.7999901e+01  -5.3299199e+01  -3.8423655e+01   4.9682176e+02   5.1256598e-02   1.1765442e-01   7.7761630e-02
   2.0060000e+03   1.2000000e+01   2.7000000e+01   1.0000000e+01   5.1000000e+01   3.6000000e+01  -5.3294810e+01  -3.8424992e+01   4.9563855e+02   9.0018420e-01   1.7209016e+00   1.7159842e+00
   2.0060000e+03   1.2000000e+01   2.7000000e+01   1.0000000e+01   5.3000000e+01   1.5000000e+01  -5.3290379e+01  -3.8426372e+01   5.0094218e+02   3.4448418e-02   8.0307791e-02   6.5667605e-02
   2.0060000e+03   1.2000000e+01   2.7000000e+01   1.0000000e+01   5.4000000e+01   5.4000000e+01  -5.3286008e+01  -3.8427948e+01   4.9684842e+02   7.0865887e-02   1.4949491e-01   6.9351020e-02
   2.0060000e+03   1.2000000e+01   2.7000000e+01   1.0000000e+01   5.6000000e+01   3.1000000e+01  -5.3281556e+01  -3.8429497e+01   5.0520280e+02   2.9478239e-01   5.6193157e-01   0.0000000e+00
   2.0060000e+03   1.2000000e+01   2.7000000e+01   1.0000000e+01   5.8000000e+01   9.0000000e+00  -5.3277194e+01  -3.8430824e+01   4.9274408e+02   3.4734454e-02   6.7797358e-02   5.6786060e-02
   2.0060000e+03   1.2000000e+01   2.7000000e+01   1.0000000e+01   5.9000000e+01   4.9000099e+01  -5.3272760e+01  -3.8432206e+01   5.0111082e+02   3.1052935e-02   6.2596632e-02   0.0000000e+00
   2.0060000e+03   1.2000000e+01   2.7000000e+01   1.1000000e+01   1.0000000e+00   3.0999901e+01  -5.3268319e+01  -3.8433611e+01   5.0225095e+02   2.7304844e-02   5.2050102e-02   0.0000000e+00
   2.0060000e+03   1.2000000e+01   2.7000000e+01   1.1000000e+01   3.0000000e+00   1.5000000e+01  -5.3263896e+01  -3.8434961e+01   4.9965743e+02   2.9004373e-02   5.5289846e-02   3.4221452e-03
   2.0060000e+03   1.2000000e+01   2.7000000e+01   1.1000000e+01   4.0000000e+00   5.7000000e+01  -5.3259478e+01  -3.8436405e+01   5.0016823e+02   9.6131942e-01   3.4642606e+00   0.0000000e+00
   2.0060000e+03   1.2000000e+01   2.7000000e+01   1.1000000e+01   6.0000000e+00   3.5000099e+01  -5.3255087e+01  -3.8437888e+01   4.9780324e+02   2.7253936e-02   5.1953059e-02   0.0000000e+00
   2.0060000e+03   1.2000000e+01   2.7000000e+01   1.1000000e+01   8.0000000e+00   1.1000000e+01  -5.3250638e+01  -3.8439382e+01   5.0425293e+02   3.0392839e-02   5.7936620e-02   0.0000000e+00
   2.0060000e+03   1.2000000e+01   2.7000000e+01   1.1000000e+01   9.0000000e+00   4.7000000e+01  -5.3246241e+01  -3.8440876e+01   4.9863981e+02   2.8805680e-02   5.7219671e-02   0.0000000e+00
   2.0060000e+03   1.2000000e+01   2.7000000e+01   1.1000000e+01   1.1000000e+01   2.5000000e+01  -5.3241870e+01  -3.8442313e+01   4.9500732e+02   2.9545287e-02   6.2438572e-02   5.9085558e-02
   2.0060000e+03   1.2000000e+01   2.7000000e+01   1.1000000e+01   1.3000000e+01   4.0000992e+00  -5.3237493e+01  -3.8443776e+01   4.9599813e+02   4.1105732e-02   7.8358168e-02   9.5287142e-03
   2.0060000e+03   1.2000000e+01   2.7000000e+01   1.1000000e+01   1.4000000e+01   4.2000000e+01  -5.3233088e+01  -3.8445314e+01   5.0007777e+02   4.5713633e-02   8.7142021e-02   6.8723323e-02
   2.0060000e+03   1.2000000e+01   2.7000000e+01   1.1000000e+01   1.6000000e+01   2.0000000e+01  -5.3228681e+01  -3.8446818e+01   4.9981766e+02   4.6961634e-02   8.9521035e-02   8.6413387e-02
   2.0060000e+03   1.2000000e+01   2.7000000e+01   1.1000000e+01   1.7000000e+01   5.8000000e+01  -5.3224222e+01  -3.8448397e+01   5.0642830e+02   4.6129406e-02   1.0462923e-01   7.6317344e-02
   2.0060000e+03   1.2000000e+01   2.7000000e+01   1.1000000e+01   1.9000000e+01   3.6000000e+01  -5.3219824e+01  -3.8449959e+01   4.9965921e+02   5.7863345e-02   1.1030252e-01   8.2117530e-02
