   2.0160000e+03   1.2000000e+01   2.0000000e+01   9.0000000e+00   0.0000000e+00   5.8000000e+01  -5.3348795e+01  -3.9601823e+01   5.0504932e+02   8.1611574e-02   1.0861478e-01   1.0861478e-01
   2.0160000e+03   1.2000000e+01   2.0000000e+01   9.0000000e+00   3.0000000e+00   3.6000000e+01  -5.3353214e+01  -3.9600528e+01   4.9852172e+02   1.8812067e-01   1.5458491e-01   1.1953057e-01
   2.0160000e+03   1.2000000e+01   2.0000000e+01   9.0000000e+00   6.0000000e+00   1.0000000e+01  -5.3357612e+01  -3.9599213e+01   4.9637507e+02   6.6164454e-01   8.8056602e-01   5.7726150e-01
   2.0160000e+03   1.2000000e+01   2.0000000e+01   9.0000000e+00   8.0000000e+00   3.0000000e+01  -5.3361925e+01  -3.9597895e+01   4.8718574e+02   1.0291458e+00   8.8124196e-01   3.2043591e-01
   2.0160000e+03   1.2000000e+01   2.0000000e+01   9.0000000e+00   1.0000000e+01   2.7000000e+01  -5.3366413e+01  -3.9596614e+01   5.0586834e+02   1.0688793e+00   1.3364231e+00   2.8154383e-01
   2.0160000e+03   1.2000000e+01   2.0000000e+01   9.0000000e+00   1.2000000e+01   9.0000000e+00  -5.3370886e+01  -3.9595284e+01   5.0479232e+02   3.0263724e-01   4.8144712e-01   3.3119079e-01
   2.0160000e+03   1.2000000e+01   2.0000000e+01   9.0000000e+00   1.3000000e+01   4.7999901e+01  -5.3375308e+01  -3.9594073e+01   4.9789736e+02   1.6553477e+00   2.6987930e+00   2.6987930e+00
   2.0160000e+03   1.2000000e+01   2.0000000e+01   9.0000000e+00   1.5000000e+01   2.4999901e+01  -5.3379734e+01  -3.9592743e+01   4.9970641e+02   5.2474920e-01   5.8298912e-01   4.6616780e-01
   2.0160000e+03   1.2000000e+01   2.0000000e+01   9.0000000e+00   1.7000000e+01   1.0000000e+00  -5.3384130e+01  -3.9591345e+01   4.9720305e+02   8.4082111e-01   7.2079247e-01   4.7257303e-01
   2.0160000e+03   1.2000000e+01   2.0000000e+01   9.0000000e+00   1.8000000e+01   3.7000000e+01  -5.3388550e+01  -3.9590171e+01   4.9719511e+02   2.7280375e+00   3.5172455e+00   5.4639398e-01
   2.0160000e+03   1.2000000e+01   2.0000000e+01   9.0000000e+00   2.0000000e+01   1.3000000e+01  -5.3392980e+01  -3.9588840e+01   5.0012529e+02   1.0423218e+00   2.1088039e+00   1.2147527e+00
   2.0160000e+03   1.2000000e+01   2.0000000e+01   9.0000000e+00   2.1000000e+01   5.1000000e+01  -5.3397431e+01  -3.9587507e+01   5.0241782e+02   1.0635917e+00   2.8589909e+00   1.0441694e-01
   2.0160000e+03   1.2000000e+01   2.0000000e+01   9.0000000e+00   2.3000000e+01   2.9000000e+01  -5.3401857e+01  -3.9586214e+01   4.9921825e+02   1.2184605e+00   2.0238445e+00   7.4284695e-01
   2.0160000e+03   1.2000000e+01   2.0000000e+01   9.0000000e+00   2.5000000e+01   2.9999008e+00  -5.3406277e+01  -3.9585001e+01   4.9772096e+02   2.3567797e-01   7.3043635e-01   8.8358726e-02
   2.0160000e+03   1.2000000e+01   2.0000000e+01   9.0000000e+00   2.6000000e+01   3.8000000e+01  -5.3410706e+01  -3.9583745e+01   4.9914880e+02   7.0734319e-01   3.3880080e+00   1.9061210e-01
   2.0160000e+03   1.2000000e+01   2.0000000e+01   9.0000000e+00   2.8000000e+01   1.9000000e+01  -5.3415113e+01  -3.9582419e+01   4.9749959e+02   1.3627324e+00   3.7869450e+00   9.1286107e-03
   2.0160000e+03   1.2000000e+01   2.0000000e+01   9.0000000e+00   3.0000000e+01   2.0000992e+00  -5.3419520e+01  -3.9581111e+01   4.9735167e+02   1.3510927e+00   3.3485442e+00   3.8329869e-01
   2.0160000e+03   1.2000000e+01   2.0000000e+01   9.0000000e+00   3.1000000e+01   4.2000000e+01  -5.3423988e+01  -3.9579768e+01   5.0436014e+02   1.7587416e+00   2.1514465e+00   6.3856458e-02
   2.0160000e+03   1.2000000e+01   2.0000000e+01   9.0000000e+00   3.3000000e+01   1.9000000e+01  -5.3428378e+01  -3.9578405e+01   4.9609740e+02   8.2671214e-01   2.9354523e+00   0.0000000e+00
   2.0160000e+03   1.2000000e+01   2.0000000e+01   9.0000000e+00   3.4000000e+01   5.4999901e+01  -5.3432795e+01  -3.9577147e+01   4.9779978e+02   4.2926308e-01   2.3571869e+00   4.1789188e-01
   2.0160000e+03   1.2000000e+01   2.0000000e+01   9.0000000e+00   3.6000000e+01   3.0000000e+01  -5.3437216e+01  -3.9575796e+01   4.9931606e+02   2.0568068e+00   4.2429515e+00   2.3368789e+00
   2.0160000e+03   1.2000000e+01   2.0000000e+01   9.0000000e+00   3.8000000e+01   3.0000000e+00  -5.3441638e+01  -3.9574389e+01   5.0014759e+02   1.0400274e+00   1.1039916e+00   7.6557187e-01
   2.0160000e+03   1.2000000e+01   2.0000000e+01   9.0000000e+00   3.9000000e+01   3.5000000e+01  -5.3446074e+01  -3.9573127e+01   4.9996111e+02   9.2562953e-01   2.5899105e+00   1.1954888e+00
   2.0160000e+03   1.2000000e+01   2.0000000e+01   9.0000000e+00   4.1000000e+01   7.0000000e+00  -5.3450500e+01  -3.9571865e+01   4.9879761e+02   1.5061035e+00   2.5562840e+00   1.3235054e+00
   2.0160000e+03   1.2000000e+01   2.0000000e+01   9.0000000e+00   4.2000000e+01   3.8999901e+01  -5.3454912e+01  -3.9570614e+01   4.9722682e+02   6.1277676e-01   2.9105459e-01   2.5854021e-01
   2.0160000e+03   1.2000000e+01   2.0000000e+01   9.0000000e+00   4.4000000e+01   1.2000000e+01  -5.3459291e+01  -3.9569212e+01   4.9538040e+02   1.2511746e-01   5.3615892e-02   4.1539788e-02
   2.0160000e+03   1.2000000e+01   2.0000000e+01   9.0000000e+00   4.5000000e+01   4.8000000e+01  -5.3463713e+01  -3.9567932e+01   4.9862270e+02   1.0653151e+00   1.3644865e+00   4.1243291e-01
   2.0160000e+03   1.2000000e+01   2.0000000e+01   9.0000000e+00   4.7000000e+01   2.5000000e+01  -5.3468149e+01  -3.9566693e+01   4.9970447e+02   1.0788534e+00   1.1734289e+00   1.0793507e+00
   2.0160000e+03   1.2000000e+01   2.0000000e+01   9.0000000e+00   4.9000000e+01   3.0000000e+00  -5.3472587e+01  -3.9565432e+01   5.0016649e+02   2.5114618e+00   3.2248036e+00   2.1299375e+00
   2.0160000e+03   1.2000000e+01   2.0000000e+01   9.0000000e+00   5.0000000e+01   4.1999901e+01  -5.3477048e+01  -3.9564050e+01   5.0403947e+02   2.7671505e+00   4.7044689e+00   2.3821745e+00
   2.0160000e+03   1.2000000e+01   2.0000000e+01   9.0000000e+00   5.2000000e+01   1.9999901e+01  -5.3481411e+01  -3.9562753e+01   4.9231471e+02   2.6145355e+00   3.1421887e+00   1.0917919e+00
   2.0160000e+03   1.2000000e+01   2.0000000e+01   9.0000000e+00   5.3000000e+01   5.6000000e+01  -5.3485828e+01  -3.9561483e+01   4.9796555e+02   3.7274225e+00   4.9730492e+00   3.1989066e+00
   2.0160000e+03   1.2000000e+01   2.0000000e+01   9.0000000e+00   5.5000000e+01   2.8999901e+01  -5.3490281e+01  -3.9560114e+01   5.0300614e+02   2.7978799e+00   3.5445377e+00   1.2847802e+00
   2.0160000e+03   1.2000000e+01   2.0000000e+01   9.0000000e+00   5.7000000e+01   2.0000000e+00  -5.3494742e+01  -3.9558729e+01   5.0416456e+02   1.6589846e+00   2.0067799e+00   8.0615869e-01
   2.0160000e+03   1.2000000e+01   2.0000000e+01   9.0000000e+00   5.8000000e+01   3.8999901e+01  -5.3499091e+01  -3.9557396e+01   4.9123321e+02   1.6329803e+00   4.5888680e+00   2.0848531e+00
   2.0160000e+03   1.2000000e+01   2.0000000e+01   1.0000000e+01   0.0000000e+00   2.1000000e+01  -5.3503501e+01  -3.9556009e+01   4.9850278e+02   1.7612561e+00   2.0751460e+00   8.1040131e-01
   2.0160000e+03   1.2000000e+01   2.0000000e+01   1.0000000e+01   2.0000000e+00   4.0000000e+00  -5.3507940e+01  -3.9554858e+01   4.9905008e+02   1.8160206e+00   2.2048225e+00   1.4926932e+00
   2.0160000e+03   1.2000000e+01   2.0000000e+01   1.0000000e+01   3.0000000e+00   4.3999901e+01  -5.3512399e+01  -3.9553630e+01   5.0208782e+02   1.7237482e+00   2.0825564e+00   7.5968526e-01
   2.0160000e+03   1.2000000e+01   2.0000000e+01   1.0000000e+01   5.0000000e+00   2.9000000e+01  -5.3516989e+01  -3.9552347e+01   5.1706629e+02   2.0076684e+00   2.5436088e+00   1.4508117e+00
   2.0160000e+03   1.2000000e+01   2.0000000e+01   1.0000000e+01   1.0000000e+01   1.3000000e+01  -5.3525599e+01  -3.9549484e+01   9.7527590e+02   2.5217374e+00   3.2283587e+00   1.1256531e+00
   2.0160000e+03   1.2000000e+01   2.0000000e+01   1.0000000e+01   1.2000000e+01   5.1000000e+01  -5.3530017e+01  -3.9548280e+01   4.9728161e+02   1.4631240e+00   2.0577490e+00   5.5134774e-01
   2.0160000e+03   1.2000000e+01   2.0000000e+01   1.0000000e+01   1.5000000e+01   2.0000000e+01  -5.3534182e+01  -3.9547081e+01   4.6956936e+02   2.5633118e+00   3.8351119e+00   1.0807226e+00
   2.0160000e+03   1.2000000e+01   2.0000000e+01   1.0000000e+01   1.7000000e+01   2.0000000e+01  -5.3538788e+01  -3.9545656e+01   5.2036707e+02   2.3264320e+00   3.8775872e+00   9.4316902e-01
   2.0160000e+03   1.2000000e+01   2.0000000e+01   1.0000000e+01   1.8000000e+01   5.8999901e+01  -5.3543284e+01  -3.9544197e+01   5.0883435e+02   2.1766246e+00   3.6474289e+00   1.2889838e+00
   2.0160000e+03   1.2000000e+01   2.0000000e+01   1.0000000e+01   2.0000000e+01   3.4000000e+01  -5.3547673e+01  -3.9542959e+01   4.9447323e+02   2.2809273e+00   3.4701911e+00   1.0403008e+00
   2.0160000e+03   1.2000000e+01   2.0000000e+01   1.0000000e+01   2.2000000e+01   1.0000000e+01  -5.3552105e+01  -3.9541636e+01   5.0015033e+02   2.9819137e+00   4.1424826e+00   1.1891368e+00
   2.0160000e+03   1.2000000e+01   2.0000000e+01   1.0000000e+01   2.3000000e+01   4.8000000e+01  -5.3556572e+01  -3.9540369e+01   5.0336629e+02   2.3701250e+00   3.0698731e+00   1.2510018e+00
   2.0160000e+03   1.2000000e+01   2.0000000e+01   1.0000000e+01   2.5000000e+01   2.6000099e+01  -5.3560976e+01  -3.9539121e+01   4.9625332e+02   3.7552795e+00   5.1353620e+00   2.4463137e+00
   2.0160000e+03   1.2000000e+01   2.0000000e+01   1.0000000e+01   2.7000000e+01   4.0000992e+00  -5.3565350e+01  -3.9537818e+01   4.9360929e+02   3.4938207e+00   4.5314563e+00   2.5391684e+00
   2.0160000e+03   1.2000000e+01   2.0000000e+01   1.0000000e+01   2.8000000e+01   4.1999901e+01  -5.3569778e+01  -3.9536468e+01   5.0007147e+02   3.5547833e+00   4.8215047e+00   2.5108236e+00
   2.0160000e+03   1.2000000e+01   2.0000000e+01   1.0000000e+01   3.0000000e+01   1.8999901e+01  -5.3574223e+01  -3.9535105e+01   5.0205216e+02   3.7832823e+00   5.2486787e+00   2.0799924e+00
   2.0160000e+03   1.2000000e+01   2.0000000e+01   1.0000000e+01   3.1000000e+01   5.5000000e+01  -5.3578646e+01  -3.9533891e+01   4.9796866e+02   3.5710746e+00   4.6394056e+00   2.5102652e+00
   2.0160000e+03   1.2000000e+01   2.0000000e+01   1.0000000e+01   3.3000000e+01   3.1000000e+01  -5.3583066e+01  -3.9532550e+01   4.9905592e+02   3.5557809e+00   7.5962712e+00   4.1760642e+00
   2.0160000e+03   1.2000000e+01   2.0000000e+01   1.0000000e+01   3.5000000e+01   8.0000000e+00  -5.3587525e+01  -3.9531296e+01   5.0235222e+02   2.7518237e+00   4.2038523e+00   1.4421680e+00
   2.0160000e+03   1.2000000e+01   2.0000000e+01   1.0000000e+01   3.6000000e+01   4.6000000e+01  -5.3591937e+01  -3.9530008e+01   4.9754097e+02   3.1137220e+00   3.5285913e+00   7.0019928e-01
   2.0160000e+03   1.2000000e+01   2.0000000e+01   1.0000000e+01   3.8000000e+01   2.4000099e+01  -5.3596334e+01  -3.9528621e+01   4.9707081e+02   3.6277870e+00   6.0308985e+00   2.3428078e+00
   2.0160000e+03   1.2000000e+01   2.0000000e+01   1.0000000e+01   4.0000000e+01   1.0000000e+00  -5.3600746e+01  -3.9527319e+01   4.9777685e+02   4.1493506e+00   5.3986623e+00   2.6959104e+00
   2.0160000e+03   1.2000000e+01   2.0000000e+01   1.0000000e+01   4.1000000e+01   3.7000099e+01  -5.3605198e+01  -3.9526046e+01   5.0175360e+02   4.4031861e+00   5.6976196e+00   1.9175353e+00
   2.0160000e+03   1.2000000e+01   2.0000000e+01   1.0000000e+01   4.3000000e+01   1.3000000e+01  -5.3609638e+01  -3.9524735e+01   5.0083334e+02   2.5195025e+00   4.2332441e+00   2.2480678e+00
   2.0160000e+03   1.2000000e+01   2.0000000e+01   1.0000000e+01   4.4000000e+01   4.9000000e+01  -5.3614069e+01  -3.9523427e+01   4.9991640e+02   2.5659914e+00   4.1976010e+00   1.8641780e+00
   2.0160000e+03   1.2000000e+01   2.0000000e+01   1.0000000e+01   4.6000000e+01   2.4999901e+01  -5.3618476e+01  -3.9522115e+01   4.9725895e+02   1.7201378e+00   2.3685372e+00   1.0290177e+00
   2.0160000e+03   1.2000000e+01   2.0000000e+01   1.0000000e+01   4.8000000e+01   1.0000000e+00  -5.3622875e+01  -3.9520856e+01   4.9579190e+02   1.8962363e+00   2.0512286e+00   1.1362710e+00
   2.0160000e+03   1.2000000e+01   2.0000000e+01   1.0000000e+01   4.9000000e+01   3.7000000e+01  -5.3627263e+01  -3.9519522e+01   4.9549677e+02   1.8983076e+00   3.1457724e+00   4.9432343e-01
   2.0160000e+03   1.2000000e+01   2.0000000e+01   1.0000000e+01   5.1000000e+01   1.3000000e+01  -5.3631725e+01  -3.9518280e+01   5.0246860e+02   2.7399680e+00   5.6197418e+00   1.2689573e+00
   2.0160000e+03   1.2000000e+01   2.0000000e+01   1.0000000e+01   5.2000000e+01   5.2000099e+01  -5.3636171e+01  -3.9516884e+01   5.0254881e+02   2.1007044e+00   4.7795735e+00   3.4456769e+00
   2.0160000e+03   1.2000000e+01   2.0000000e+01   1.0000000e+01   5.4000000e+01   3.3000000e+01  -5.3640550e+01  -3.9515465e+01   4.9551960e+02   3.1010389e+00   4.6954078e+00   3.5001284e+00
   2.0160000e+03   1.2000000e+01   2.0000000e+01   1.0000000e+01   5.6000000e+01   1.1000099e+01  -5.3644935e+01  -3.9514180e+01   4.9455294e+02   2.3126632e+00   2.8740666e+00   7.3261166e-01
   2.0160000e+03   1.2000000e+01   2.0000000e+01   1.0000000e+01   5.7000000e+01   4.7000000e+01  -5.3649390e+01  -3.9512930e+01   5.0182958e+02   1.8006425e+00   3.7875110e+00   1.5634764e+00
   2.0160000e+03   1.2000000e+01   2.0000000e+01   1.0000000e+01   5.9000000e+01   2.3000000e+01  -5.3653820e+01  -3.9511618e+01   4.9976550e+02   1.6794009e+00   3.3055539e+00   1.3420856e+00
   2.0160000e+03   1.2000000e+01   2.0000000e+01   1.1000000e+01   0.0000000e+00   5.9000000e+01  -5.3658211e+01  -3.9510248e+01   4.9624696e+02   2.2657057e+00   5.8454956e+00   2.5381386e+00
   2.0160000e+03   1.2000000e+01   2.0000000e+01   1.1000000e+01   2.0000000e+00   3.5000099e+01  -5.3662623e+01  -3.9508878e+01   4.9850879e+02   2.2219230e+00   2.6610079e+00   2.5869250e-01
   2.0160000e+03   1.2000000e+01   2.0000000e+01   1.1000000e+01   4.0000000e+00   1.2000000e+01  -5.3667067e+01  -3.9507648e+01   5.0043042e+02   2.0597232e+00   3.1907496e+00   1.3198412e+00
   2.0160000e+03   1.2000000e+01   2.0000000e+01   1.1000000e+01   5.0000000e+00   4.9000000e+01  -5.3671562e+01  -3.9506459e+01   5.0553830e+02   2.7846358e+02   3.7038856e+02   3.2230465e+02
   2.0160000e+03   1.2000000e+01   2.0000000e+01   1.1000000e+01   7.0000000e+00   2.5000000e+01  -5.3675947e+01  -3.9505252e+01   4.9365395e+02   3.9574715e+02   5.2625694e+02   4.2642862e+02
   2.0160000e+03   1.2000000e+01   2.0000000e+01   1.1000000e+01   9.0000000e+00   1.0000000e+00  -5.3680362e+01  -3.9504045e+01   4.9703382e+02   1.9792964e+02   2.6281516e+02   2.3763680e+02
   2.0160000e+03   1.2000000e+01   2.0000000e+01   1.1000000e+01   1.0000000e+01   4.0000000e+01  -5.3684969e+01  -3.9502748e+01   5.1899690e+02   9.4428953e-01   1.3220058e+00   6.6391398e-02
   2.0160000e+03   1.2000000e+01   2.0000000e+01   1.1000000e+01   1.5000000e+01   1.0000000e+00  -5.3693729e+01  -3.9500554e+01   9.8407250e+02   1.1689447e+00   1.1287551e+00   0.0000000e+00
   2.0160000e+03   1.2000000e+01   2.0000000e+01   1.1000000e+01   1.7000000e+01   3.6000000e+01  -5.3698100e+01  -3.9499131e+01   4.9461078e+02   2.9552975e+00   3.9204889e+00   7.4584042e-02
   2.0160000e+03   1.2000000e+01   2.0000000e+01   1.1000000e+01   2.0000000e+01   1.4999901e+01  -5.3702488e+01  -3.9497678e+01   4.9692997e+02   2.8787029e+00   3.9520757e+00   1.4667265e-01
   2.0160000e+03   1.2000000e+01   2.0000000e+01   1.1000000e+01   2.2000000e+01   5.5000099e+01  -5.3706884e+01  -3.9496189e+01   4.9819217e+02   1.4483384e+00   1.9376500e+00   6.0644839e-01
   2.0160000e+03   1.2000000e+01   2.0000000e+01   1.1000000e+01   2.5000000e+01   3.3000000e+01  -5.3711218e+01  -3.9494724e+01   4.9111850e+02   1.6704417e+00   2.2314807e+00   2.6588716e-01
   2.0160000e+03   1.2000000e+01   2.0000000e+01   1.1000000e+01   2.7000000e+01   4.7999901e+01  -5.3715551e+01  -3.9493322e+01   4.9026574e+02   9.7736257e-01   1.2296707e+00   2.8643821e-01
   2.0160000e+03   1.2000000e+01   2.0000000e+01   1.1000000e+01   2.9000000e+01   3.4000000e+01  -5.3720054e+01  -3.9492015e+01   5.0769650e+02   5.8251484e-01   4.9556684e-01   1.8506956e-01
   2.0160000e+03   1.2000000e+01   2.0000000e+01   1.1000000e+01   3.1000000e+01   1.1000000e+01  -5.3724506e+01  -3.9490748e+01   5.0166043e+02   7.9224659e-01   9.5460654e-01   2.4534713e-01
   2.0160000e+03   1.2000000e+01   2.0000000e+01   1.1000000e+01   3.2000000e+01   4.7999901e+01  -5.3728957e+01  -3.9489451e+01   5.0188011e+02   1.0881636e+00   1.0521801e+00   2.4076331e-01
   2.0160000e+03   1.2000000e+01   2.0000000e+01   1.1000000e+01   3.4000000e+01   2.6000000e+01  -5.3733391e+01  -3.9488131e+01   5.0031496e+02   1.0146157e+00   1.1330877e+00   5.4500141e-02
   2.0160000e+03   1.2000000e+01   2.0000000e+01   1.1000000e+01   3.6000000e+01   5.0000000e+00  -5.3737821e+01  -3.9486886e+01   4.9902234e+02   4.8855256e-01   3.8425501e-01   0.0000000e+00
   2.0160000e+03   1.2000000e+01   2.0000000e+01   1.1000000e+01   3.7000000e+01   4.3999901e+01  -5.3742257e+01  -3.9485514e+01   5.0106940e+02   2.1436734e-01   3.8705549e-02   3.8705549e-02
   2.0160000e+03   1.2000000e+01   2.0000000e+01   1.1000000e+01   3.9000000e+01   2.0999901e+01  -5.3746642e+01  -3.9484077e+01   4.9632073e+02   4.5859126e-01   4.6349399e-01   1.1392841e-01
   2.0160000e+03   1.2000000e+01   2.0000000e+01   1.1000000e+01   4.0000000e+01   5.6000000e+01  -5.3751033e+01  -3.9482717e+01   4.9599421e+02   6.2425149e-01   2.6465017e+00   1.0607055e+00
   2.0160000e+03   1.2000000e+01   2.0000000e+01   1.1000000e+01   4.2000000e+01   3.2000000e+01  -5.3755456e+01  -3.9481321e+01   4.9999182e+02   6.5733513e-01   7.2489382e-01   6.3510229e-02
   2.0160000e+03   1.2000000e+01   2.0000000e+01   1.1000000e+01   4.4000000e+01   1.0000000e+01  -5.3759906e+01  -3.9479938e+01   5.0282646e+02   9.3859121e-01   3.5536141e+00   8.4242795e-01
   2.0160000e+03   1.2000000e+01   2.0000000e+01   1.1000000e+01   4.5000000e+01   4.7000000e+01  -5.3764275e+01  -3.9478657e+01   4.9263920e+02   1.5288275e+00   1.9941054e+00   0.0000000e+00
   2.0160000e+03   1.2000000e+01   2.0000000e+01   1.1000000e+01   4.7000000e+01   2.4000099e+01  -5.3768688e+01  -3.9477337e+01   4.9799943e+02   1.4759047e+00   1.8917752e+00   0.0000000e+00
   2.0160000e+03   1.2000000e+01   2.0000000e+01   1.1000000e+01   4.9000000e+01   1.0000000e+00  -5.3773125e+01  -3.9475962e+01   5.0124566e+02   1.3902680e+00   2.3310016e+00   0.0000000e+00
   2.0160000e+03   1.2000000e+01   2.0000000e+01   1.1000000e+01   5.0000000e+01   3.7000000e+01  -5.3777545e+01  -3.9474620e+01   4.9903341e+02   5.9917801e-01   1.8627873e+00   9.7706903e-02
   2.0160000e+03   1.2000000e+01   2.0000000e+01   1.1000000e+01   5.2000000e+01   1.3000099e+01  -5.3782008e+01  -3.9473355e+01   5.0278671e+02   9.3170134e-01   1.9642393e+00   0.0000000e+00
   2.0160000e+03   1.2000000e+01   2.0000000e+01   1.1000000e+01   5.3000000e+01   4.9000000e+01  -5.3786435e+01  -3.9472216e+01   4.9762357e+02   1.5937577e+00   1.8902984e+00   0.0000000e+00
   2.0160000e+03   1.2000000e+01   2.0000000e+01   1.1000000e+01   5.5000000e+01   2.6000099e+01  -5.3790866e+01  -3.9471084e+01   4.9793814e+02   4.5408000e-01   5.8808198e-01   0.0000000e+00
   2.0160000e+03   1.2000000e+01   2.0000000e+01   1.1000000e+01   5.7000000e+01   4.0000992e+00  -5.3795265e+01  -3.9469775e+01   4.9632917e+02   4.6479477e-01   3.2852751e-01   7.6745218e-02
   2.0160000e+03   1.2000000e+01   2.0000000e+01   1.1000000e+01   5.8000000e+01   4.1000099e+01  -5.3799669e+01  -3.9468487e+01   4.9655988e+02   5.5401604e-01   5.9141354e-01   0.0000000e+00
   2.0160000e+03   1.2000000e+01   2.0000000e+01   1.2000000e+01   0.0000000e+00   1.8000000e+01  -5.3804112e+01  -3.9467166e+01   5.0127121e+02   6.2641563e-01   3.0825708e-01   0.0000000e+00
   2.0160000e+03   1.2000000e+01   2.0000000e+01   1.2000000e+01   1.0000000e+00   5.5000000e+01  -5.3808515e+01  -3.9465861e+01   4.9676278e+02   8.0650634e-01   1.7387716e+00   1.2692899e+00
   2.0160000e+03   1.2000000e+01   2.0000000e+01   1.2000000e+01   3.0000000e+00   3.1000000e+01  -5.3812972e+01  -3.9464536e+01   5.0281112e+02   3.5754481e-01   0.0000000e+00   0.0000000e+00
   2.0160000e+03   1.2000000e+01   2.0000000e+01   1.2000000e+01   5.0000000e+00   7.0000992e+00  -5.3817389e+01  -3.9463143e+01   4.9918998e+02   5.5970735e-01   3.6606795e-01   1.5779986e-02
   2.0160000e+03   1.2000000e+01   2.0000000e+01   1.2000000e+01   6.0000000e+00   4.2000000e+01  -5.3821776e+01  -3.9461747e+01   4.9609446e+02   1.5798607e+00   1.7544120e+00   4.3451445e-01
   2.0160000e+03   1.2000000e+01   2.0000000e+01   1.2000000e+01   8.0000000e+00   1.7000000e+01  -5.3826170e+01  -3.9460304e+01   4.9729601e+02   5.6723603e+00   7.1183587e+00   5.5722996e+00
   2.0160000e+03   1.2000000e+01   2.0000000e+01   1.2000000e+01   9.0000000e+00   5.2000000e+01  -5.3830553e+01  -3.9458829e+01   4.9658000e+02   2.9431873e+02   3.9166579e+02   3.5423335e+02
   2.0160000e+03   1.2000000e+01   2.0000000e+01   1.2000000e+01   1.1000000e+01   2.7000000e+01  -5.3834965e+01  -3.9457348e+01   4.9976337e+02   9.1547463e-01   9.9182565e-01   1.5862544e-01
   2.0160000e+03   1.2000000e+01   2.0000000e+01   1.2000000e+01   1.3000000e+01   3.0000000e+00  -5.3839412e+01  -3.9456093e+01   5.0095251e+02   6.3493658e-01   3.9049623e-02   2.3303398e-02
   2.0160000e+03   1.2000000e+01   2.0000000e+01   1.2000000e+01   1.4000000e+01   3.9000000e+01  -5.3843847e+01  -3.9454757e+01   5.0054317e+02   5.7906559e-01   4.2445466e-01   3.8769958e-03
   2.0160000e+03   1.2000000e+01   2.0000000e+01   1.2000000e+01   1.6000000e+01   1.5000099e+01  -5.3848236e+01  -3.9453515e+01   4.9444514e+02   1.5445670e+00   1.5522010e+00   0.0000000e+00
   2.0160000e+03   1.2000000e+01   2.0000000e+01   1.2000000e+01   1.7000000e+01   5.1000000e+01  -5.3852672e+01  -3.9452299e+01   4.9938182e+02   1.3985683e+00   1.7084586e+00   0.0000000e+00
   2.0160000e+03   1.2000000e+01   2.0000000e+01   1.2000000e+01   1.9000000e+01   2.7000000e+01  -5.3857097e+01  -3.9450974e+01   4.9933734e+02   3.9443609e-01   0.0000000e+00   0.0000000e+00
   2.0160000e+03   1.2000000e+01   2.0000000e+01   1.2000000e+01   2.1000000e+01   2.9999008e+00  -5.3861578e+01  -3.9449566e+01   5.0634986e+02   4.3172966e-01   4.2557044e-01   1.6005968e-01
   2.0160000e+03   1.2000000e+01   2.0000000e+01   1.2000000e+01   2.2000000e+01   4.8999901e+01  -5.3866079e+01  -3.9448363e+01   5.0629963e+02   5.8648350e-01   3.0290203e-01   0.0000000e+00
   2.0160000e+03   1.2000000e+01   2.0000000e+01   1.2000000e+01   2.4000000e+01   5.8000000e+01  -5.3870492e+01  -3.9447083e+01   4.9757426e+02   1.2261030e+00   1.4907389e+00   2.4003469e-01
   2.0160000e+03   1.2000000e+01   2.0000000e+01   1.2000000e+01   2.7000000e+01   2.7000000e+01  -5.3874837e+01  -3.9445729e+01   4.9089406e+02   5.8228006e-01   7.1291780e-01   5.6244453e-02
   2.0160000e+03   1.2000000e+01   2.0000000e+01   1.2000000e+01   3.0000000e+01   7.0000992e+00  -5.3879203e+01  -3.9444259e+01   4.9458814e+02   2.3189553e-01   2.7663486e-01   0.0000000e+00
   2.0160000e+03   1.2000000e+01   2.0000000e+01   1.2000000e+01   3.2000000e+01   3.7000000e+01  -5.3883409e+01  -3.9442918e+01   4.7554984e+02   1.4808814e-01   1.2191897e-01   0.0000000e+00
   2.0160000e+03   1.2000000e+01   2.0000000e+01   1.2000000e+01   3.4000000e+01   3.9000000e+01  -5.3887969e+01  -3.9441719e+01   5.1270236e+02   2.8833917e-01   2.1025830e-01   1.5952765e-01
   2.0160000e+03   1.2000000e+01   2.0000000e+01   1.2000000e+01   3.6000000e+01   2.5000000e+01  -5.3892455e+01  -3.9440590e+01   5.0393942e+02   3.0676871e-01   1.6927449e-01   0.0000000e+00
   2.0160000e+03   1.2000000e+01   2.0000000e+01   1.2000000e+01   3.8000000e+01   6.0000000e+00  -5.3896919e+01  -3.9439479e+01   5.0134281e+02   6.4613658e-01   7.2056788e-01   0.0000000e+00
   2.0160000e+03   1.2000000e+01   2.0000000e+01   1.2000000e+01   3.9000000e+01   4.3000000e+01  -5.3901389e+01  -3.9438346e+01   5.0230221e+02   1.1117652e-01   4.4037615e-02   4.4037615e-02
   2.0160000e+03   1.2000000e+01   2.0000000e+01   1.2000000e+01   4.1000000e+01   1.8000000e+01  -5.3905754e+01  -3.9436841e+01   4.9486858e+02   7.7717041e-02   0.0000000e+00   0.0000000e+00
   2.0160000e+03   1.2000000e+01   2.0000000e+01   1.2000000e+01   4.2000000e+01   5.3000000e+01  -5.3910137e+01  -3.9435283e+01   4.9768347e+02   1.4289663e-01   0.0000000e+00   0.0000000e+00
   2.0160000e+03   1.2000000e+01   2.0000000e+01   1.2000000e+01   4.4000000e+01   2.9000000e+01  -5.3914567e+01  -3.9433733e+01   5.0252217e+02   2.9251275e-01   1.7775829e-01   1.7775829e-01
   2.0160000e+03   1.2000000e+01   2.0000000e+01   1.2000000e+01   4.6000000e+01   6.0000000e+00  -5.3918982e+01  -3.9432276e+01   4.9983795e+02   7.5845535e-01   7.5414967e-01   9.4003740e-03
   2.0160000e+03   1.2000000e+01   2.0000000e+01   1.2000000e+01   4.7000000e+01   4.3000000e+01  -5.3923384e+01  -3.9430999e+01   4.9623666e+02   7.7441849e-01   2.5368475e+00   8.8163392e-01
   2.0160000e+03   1.2000000e+01   2.0000000e+01   1.2000000e+01   4.9000000e+01   2.0000000e+01  -5.3927851e+01  -3.9429919e+01   5.0139828e+02   2.4621374e-01   2.7900387e-01   2.6015643e-01
   2.0160000e+03   1.2000000e+01   2.0000000e+01   1.2000000e+01   5.0000000e+01   5.6999901e+01  -5.3932302e+01  -3.9428754e+01   5.0043043e+02   2.4495940e-01   2.9123465e-01   1.5860797e-01
   2.0160000e+03   1.2000000e+01   2.0000000e+01   1.2000000e+01   5.2000000e+01   3.3000000e+01  -5.3936732e+01  -3.9427456e+01   4.9950891e+02   9.3942078e-01   1.1918496e+00   3.4503180e-01
   2.0160000e+03   1.2000000e+01   2.0000000e+01   1.2000000e+01   5.4000000e+01   9.0000992e+00  -5.3941163e+01  -3.9426156e+01   4.9966739e+02   6.5421278e-01   5.6673217e-01   5.1080737e-01
   2.0160000e+03   1.2000000e+01   2.0000000e+01   1.2000000e+01   5.5000000e+01   4.5000000e+01  -5.3945580e+01  -3.9424892e+01   4.9771319e+02   3.0008466e-01   9.6411538e-01   6.9978840e-01
   2.0160000e+03   1.2000000e+01   2.0000000e+01   1.2000000e+01   5.7000000e+01   2.1000000e+01  -5.3949995e+01  -3.9423592e+01   4.9787522e+02   6.7934490e-01   7.8289839e-01   6.6251662e-01
   2.0160000e+03   1.2000000e+01   2.0000000e+01   1.2000000e+01   5.8000000e+01   5.6000099e+01  -5.3954391e+01  -3.9422184e+01   4.9715841e+02   5.2068142e-01   6.4458240e-01   1.3251031e-02
   2.0160000e+03   1.2000000e+01   2.0000000e+01   1.3000000e+01   0.0000000e+00   3.1000000e+01  -5.3958814e+01  -3.9420811e+01   4.9958070e+02   5.1698587e-01   4.4206204e-01   1.3018129e-01
   2.0160000e+03   1.2000000e+01   2.0000000e+01   1.3000000e+01   2.0000000e+00   6.0000992e+00  -5.3963237e+01  -3.9419464e+01   4.9927145e+02   5.1278746e-01   5.2519693e-01   3.7216454e-01
   2.0160000e+03   1.2000000e+01   2.0000000e+01   1.3000000e+01   3.0000000e+00   4.1000099e+01  -5.3967614e+01  -3.9418161e+01   4.9382225e+02   1.4518060e-01   4.2119470e-02   0.0000000e+00
   2.0160000e+03   1.2000000e+01   2.0000000e+01   1.3000000e+01   5.0000000e+00   1.7000000e+01  -5.3972038e+01  -3.9416804e+01   4.9954256e+02   3.2065604e-01   3.9502929e-01   1.5288633e-01
   2.0160000e+03   1.2000000e+01   2.0000000e+01   1.3000000e+01   6.0000000e+00   5.2999901e+01  -5.3976496e+01  -3.9415432e+01   5.0335064e+02   2.6554859e-01   1.9455159e-01   0.0000000e+00
   2.0160000e+03   1.2000000e+01   2.0000000e+01   1.3000000e+01   8.0000000e+00   2.8000000e+01  -5.3980918e+01  -3.9414107e+01   4.9895465e+02   2.7819543e-01   2.8599333e-01   1.2446253e-01
   2.0160000e+03   1.2000000e+01   2.0000000e+01   1.3000000e+01   1.0000000e+01   2.0000992e+00  -5.3985321e+01  -3.9412784e+01   4.9681478e+02   1.7467016e-01   2.5199826e-01   2.1990338e-01
   2.0160000e+03   1.2000000e+01   2.0000000e+01   1.3000000e+01   1.1000000e+01   3.7000000e+01  -5.3989741e+01  -3.9411412e+01   4.9929058e+02   1.3918111e-01   1.4990220e-01   7.2750418e-02
   2.0160000e+03   1.2000000e+01   2.0000000e+01   1.3000000e+01   1.3000000e+01   1.1999901e+01  -5.3994176e+01  -3.9410015e+01   5.0123580e+02   3.7034493e-01   4.0514678e-01   2.7369024e-01
   2.0160000e+03   1.2000000e+01   2.0000000e+01   1.3000000e+01   1.4000000e+01   4.6000000e+01  -5.3998582e+01  -3.9408621e+01   4.9795675e+02   2.2069605e+00   2.7144648e+00   4.9810273e-01
   2.0160000e+03   1.2000000e+01   2.0000000e+01   1.3000000e+01   1.6000000e+01   2.0000000e+01  -5.4002996e+01  -3.9407329e+01   4.9766540e+02   8.5896172e-01   9.9472526e-01   4.7713770e-01
   2.0160000e+03   1.2000000e+01   2.0000000e+01   1.3000000e+01   1.7000000e+01   5.3999901e+01  -5.4007420e+01  -3.9406029e+01   4.9892898e+02   3.8224397e+01   5.0778272e+01   5.0379692e+01
   2.0160000e+03   1.2000000e+01   2.0000000e+01   1.3000000e+01   1.9000000e+01   2.7000000e+01  -5.4011828e+01  -3.9404718e+01   4.9723652e+02   8.6241259e-01   1.1450680e+00   2.5962511e-01
   2.0160000e+03   1.2000000e+01   2.0000000e+01   1.3000000e+01   2.0000000e+01   5.9999901e+01  -5.4016234e+01  -3.9403401e+01   4.9709132e+02   5.5539182e-01   7.6678175e-01   7.6575695e-02
   2.0160000e+03   1.2000000e+01   2.0000000e+01   1.3000000e+01   2.2000000e+01   3.5000000e+01  -5.4020686e+01  -3.9402050e+01   5.0244483e+02   9.9154585e-01   9.5662070e-01   8.1393447e-02
   2.0160000e+03   1.2000000e+01   2.0000000e+01   1.3000000e+01   2.4000000e+01   1.1000000e+01  -5.4025125e+01  -3.9400664e+01   5.0157900e+02   8.3556610e-01   7.6301155e-01   1.6505247e-01
   2.0160000e+03   1.2000000e+01   2.0000000e+01   1.3000000e+01   2.5000000e+01   4.8000000e+01  -5.4029538e+01  -3.9399416e+01   4.9702967e+02   8.6151447e-01   8.8083252e-01   4.2338078e-02
   2.0160000e+03   1.2000000e+01   2.0000000e+01   1.3000000e+01   2.7000000e+01   2.5000099e+01  -5.4033964e+01  -3.9398302e+01   4.9719860e+02   6.1950777e-01   5.7335673e-01   4.3971530e-02
   2.0160000e+03   1.2000000e+01   2.0000000e+01   1.3000000e+01   2.9000000e+01   3.0000000e+00  -5.4038458e+01  -3.9397184e+01   5.0460920e+02   4.9461082e+00   6.4439712e+00   5.5990026e-01
   2.0160000e+03   1.2000000e+01   2.0000000e+01   1.3000000e+01   3.0000000e+01   5.1999901e+01  -5.4042900e+01  -3.9395903e+01   5.0072020e+02   6.8448766e-01   7.7400706e-01   5.3378848e-02
   2.0160000e+03   1.2000000e+01   2.0000000e+01   1.3000000e+01   3.2000000e+01   5.5999901e+01  -5.4047289e+01  -3.9394288e+01   4.9893491e+02   2.8013649e-01   2.5041006e-01   5.3026394e-02
   2.0160000e+03   1.2000000e+01   2.0000000e+01   1.3000000e+01   3.5000000e+01   1.7000000e+01  -5.4051677e+01  -3.9392932e+01   4.9552545e+02   2.8413411e-01   1.9879732e-01   9.8823886e-02
   2.0160000e+03   1.2000000e+01   2.0000000e+01   1.3000000e+01   3.7000000e+01   5.6000000e+01  -5.4056033e+01  -3.9391572e+01   4.9214135e+02   2.8209698e-01   2.6791521e-01   1.8424326e-01
   2.0160000e+03   1.2000000e+01   2.0000000e+01   1.3000000e+01   4.0000000e+01   3.9000000e+01  -5.4060442e+01  -3.9390007e+01   5.0046921e+02   1.0896756e+00   1.3954872e+00   4.6823488e-02
