   2.0160000e+03   1.2000000e+01   2.0000000e+01   1.4000000e+01   4.3000000e+01   3.3000099e+01  -5.4017538e+01  -3.9090631e+01   4.9888355e+02   4.4745567e-01   3.4377139e-01   0.0000000e+00
   2.0160000e+03   1.2000000e+01   2.0000000e+01   1.4000000e+01   4.5000000e+01   1.2000000e+01  -5.4013111e+01  -3.9091995e+01   4.9991025e+02   3.2919172e+00   3.6180210e+00   1.2194387e-01
   2.0160000e+03   1.2000000e+01   2.0000000e+01   1.4000000e+01   4.6000000e+01   5.0000000e+01  -5.4008685e+01  -3.9093387e+01   5.0011091e+02   4.1875205e+00   4.1809248e+00   4.2560612e-01
   2.0160000e+03   1.2000000e+01   2.0000000e+01   1.4000000e+01   4.8000000e+01   2.8000000e+01  -5.4004277e+01  -3.9094709e+01   4.9744900e+02   2.4861992e+00   2.7865840e+00   7.2356709e-01
   2.0160000e+03   1.2000000e+01   2.0000000e+01   1.4000000e+01   5.0000000e+01   6.0000000e+00  -5.3999869e+01  -3.9096002e+01   4.9705545e+02   1.2487275e+00   2.0838852e-02   2.0838852e-02
   2.0160000e+03   1.2000000e+01   2.0000000e+01   1.4000000e+01   5.1000000e+01   4.5000099e+01  -5.3995423e+01  -3.9097329e+01   5.0151368e+02   2.3585605e+00   1.7143368e+00   3.4182738e-01
   2.0160000e+03   1.2000000e+01   2.0000000e+01   1.4000000e+01   5.3000000e+01   2.3000000e+01  -5.3991057e+01  -3.9098785e+01   4.9435851e+02   2.4654801e-01   1.4239100e-01   1.3253306e-01
   2.0160000e+03   1.2000000e+01   2.0000000e+01   1.4000000e+01   5.4000000e+01   5.9999901e+01  -5.3986638e+01  -3.9100226e+01   5.0008452e+02   5.0277596e-01   7.2919702e-02   7.2919702e-02
   2.0160000e+03   1.2000000e+01   2.0000000e+01   1.4000000e+01   5.6000000e+01   3.8000000e+01  -5.3982172e+01  -3.9101503e+01   5.0312735e+02   4.1186065e-01   5.0985081e-01   5.0480631e-01
   2.0160000e+03   1.2000000e+01   2.0000000e+01   1.4000000e+01   5.8000000e+01   1.5999901e+01  -5.3977721e+01  -3.9102755e+01   5.0136591e+02   1.6400304e+00   1.2368740e+00   5.2554771e-01
   2.0160000e+03   1.2000000e+01   2.0000000e+01   1.4000000e+01   5.9000000e+01   5.5000099e+01  -5.3973347e+01  -3.9104073e+01   4.9361336e+02   4.9987300e+00   6.3667406e+00   6.8145911e-01
   2.0160000e+03   1.2000000e+01   2.0000000e+01   1.5000000e+01   1.0000000e+00   3.3000000e+01  -5.3968939e+01  -3.9105446e+01   4.9795747e+02   1.1993405e+01   1.5764054e+01   5.0700986e-01
   2.0160000e+03   1.2000000e+01   2.0000000e+01   1.5000000e+01   3.0000000e+00   1.3000000e+01  -5.3964516e+01  -3.9106812e+01   4.9952364e+02   3.3434730e+00   3.2554826e+00   3.3912555e-01
   2.0160000e+03   1.2000000e+01   2.0000000e+01   1.5000000e+01   4.0000000e+00   5.1000099e+01  -5.3960064e+01  -3.9108274e+01   5.0384526e+02   1.4585501e+00   1.9545482e+00   2.4243675e-02
   2.0160000e+03   1.2000000e+01   2.0000000e+01   1.5000000e+01   6.0000000e+00   2.8000000e+01  -5.3955664e+01  -3.9109736e+01   4.9814762e+02   2.6428646e+02   3.5174700e+02   3.5174700e+02
   2.0160000e+03   1.2000000e+01   2.0000000e+01   1.5000000e+01   8.0000000e+00   5.0000992e+00  -5.3951301e+01  -3.9111112e+01   4.9319763e+02   7.9626096e+00   9.8535817e+00   9.7686311e-02
   2.0160000e+03   1.2000000e+01   2.0000000e+01   1.5000000e+01   9.0000000e+00   4.2000000e+01  -5.3946897e+01  -3.9112475e+01   4.9739438e+02   6.2467967e-02   2.2031737e-02   2.2031737e-02
   2.0160000e+03   1.2000000e+01   2.0000000e+01   1.5000000e+01   1.1000000e+01   1.9000099e+01  -5.3942437e+01  -3.9113761e+01   5.0265116e+02   4.3043700e-02   0.0000000e+00   0.0000000e+00
   2.0160000e+03   1.2000000e+01   2.0000000e+01   1.5000000e+01   1.2000000e+01   5.5000000e+01  -5.3938043e+01  -3.9115222e+01   4.9749491e+02   8.2500874e-02   9.5825870e-03   9.5825870e-03
   2.0160000e+03   1.2000000e+01   2.0000000e+01   1.5000000e+01   1.4000000e+01   3.0000000e+01  -5.3933629e+01  -3.9116601e+01   4.9879245e+02   1.3450736e+01   1.9384952e+01   2.3543873e+00
   2.0160000e+03   1.2000000e+01   2.0000000e+01   1.5000000e+01   1.6000000e+01   5.0000000e+00  -5.3929226e+01  -3.9117935e+01   4.9694125e+02   6.7468413e-03   0.0000000e+00   0.0000000e+00
   2.0160000e+03   1.2000000e+01   2.0000000e+01   1.5000000e+01   1.7000000e+01   4.0999901e+01  -5.3924744e+01  -3.9119285e+01   5.0579254e+02   2.1605418e-01   4.4332604e-02   0.0000000e+00
   2.0160000e+03   1.2000000e+01   2.0000000e+01   1.5000000e+01   1.9000000e+01   1.7000000e+01  -5.3920329e+01  -3.9120522e+01   4.9726959e+02   3.5105256e+00   4.5054391e+00   3.3525490e+00
   2.0160000e+03   1.2000000e+01   2.0000000e+01   1.5000000e+01   2.0000000e+01   5.4000000e+01  -5.3915857e+01  -3.9121800e+01   5.0394470e+02   2.1947532e+01   2.8785842e+01   2.6606752e+01
   2.0160000e+03   1.2000000e+01   2.0000000e+01   1.5000000e+01   2.2000000e+01   3.1000000e+01  -5.3911531e+01  -3.9123074e+01   4.8788135e+02   4.2871561e-01   1.9039588e-01   0.0000000e+00
   2.0160000e+03   1.2000000e+01   2.0000000e+01   1.5000000e+01   2.4000000e+01   8.0000000e+00  -5.3907120e+01  -3.9124401e+01   4.9769335e+02   9.9677406e-01   1.1195005e+00   0.0000000e+00
   2.0160000e+03   1.2000000e+01   2.0000000e+01   1.5000000e+01   2.5000000e+01   4.5000000e+01  -5.3902672e+01  -3.9125823e+01   5.0298903e+02   3.6439418e+00   4.7183309e+00   4.7005145e+00
   2.0160000e+03   1.2000000e+01   2.0000000e+01   1.5000000e+01   2.7000000e+01   1.9000099e+01  -5.3898247e+01  -3.9127268e+01   5.0067658e+02   4.2484137e+01   5.6424502e+01   5.6300549e+01
   2.0160000e+03   1.2000000e+01   2.0000000e+01   1.5000000e+01   2.8000000e+01   5.2000000e+01  -5.3893824e+01  -3.9128699e+01   5.0037680e+02   4.1341112e-01   3.9765761e-01   1.7464894e-01
   2.0160000e+03   1.2000000e+01   2.0000000e+01   1.5000000e+01   3.0000000e+01   2.8000000e+01  -5.3889414e+01  -3.9129979e+01   4.9711372e+02   7.3082225e+00   9.3013260e+00   9.3013260e+00
   2.0160000e+03   1.2000000e+01   2.0000000e+01   1.5000000e+01   3.2000000e+01   4.0000000e+00  -5.3884998e+01  -3.9131213e+01   4.9737133e+02   5.0894077e+00   6.7088137e+00   6.0593791e-01
   2.0160000e+03   1.2000000e+01   2.0000000e+01   1.5000000e+01   3.3000000e+01   4.0000099e+01  -5.3880542e+01  -3.9132567e+01   5.0303541e+02   5.6212805e-01   6.9544378e-01   4.5453873e-01
   2.0160000e+03   1.2000000e+01   2.0000000e+01   1.5000000e+01   3.5000000e+01   1.9000000e+01  -5.3876143e+01  -3.9133853e+01   4.9606520e+02   6.1204579e-01   6.8544218e-01   0.0000000e+00
   2.0160000e+03   1.2000000e+01   2.0000000e+01   1.5000000e+01   3.6000000e+01   5.7000000e+01  -5.3871708e+01  -3.9135166e+01   5.0026463e+02   3.2717961e-01   1.3020835e-01   0.0000000e+00
   2.0160000e+03   1.2000000e+01   2.0000000e+01   1.5000000e+01   3.8000000e+01   3.2000000e+01  -5.3867310e+01  -3.9136531e+01   4.9678724e+02   3.9551448e-02   1.6742291e-02   6.9590542e-03
   2.0160000e+03   1.2000000e+01   2.0000000e+01   1.5000000e+01   4.0000000e+01   7.0000000e+00  -5.3862921e+01  -3.9137966e+01   4.9663766e+02   6.1006551e-02   3.0286396e-02   0.0000000e+00
   2.0160000e+03   1.2000000e+01   2.0000000e+01   1.5000000e+01   4.1000000e+01   4.4000000e+01  -5.3858437e+01  -3.9139363e+01   5.0661186e+02   1.8180084e+01   2.3992755e+01   2.3821558e+01
   2.0160000e+03   1.2000000e+01   2.0000000e+01   1.5000000e+01   4.3000000e+01   2.3999901e+01  -5.3854047e+01  -3.9140634e+01   4.9486585e+02   3.7982192e-01   1.0825500e+00   0.0000000e+00
   2.0160000e+03   1.2000000e+01   2.0000000e+01   1.5000000e+01   4.5000000e+01   6.9999008e+00  -5.3849611e+01  -3.9141899e+01   4.9989005e+02   7.5169322e-02   1.0013261e+00   6.9538345e-02
   2.0160000e+03   1.2000000e+01   2.0000000e+01   1.5000000e+01   4.6000000e+01   5.0000000e+01  -5.3845172e+01  -3.9143140e+01   4.9996359e+02   1.2793905e+01   1.7027085e+01   1.5625746e+01
   2.0160000e+03   1.2000000e+01   2.0000000e+01   1.5000000e+01   4.8000000e+01   3.0000000e+01  -5.3840793e+01  -3.9144468e+01   4.9431178e+02   1.6656627e+02   2.2149022e+02   2.0508093e+02
   2.0160000e+03   1.2000000e+01   2.0000000e+01   1.5000000e+01   5.0000000e+01   6.0000000e+00  -5.3836387e+01  -3.9145882e+01   4.9830601e+02   1.4488059e+00   1.9074276e+00   1.3213918e-02
   2.0160000e+03   1.2000000e+01   2.0000000e+01   1.5000000e+01   5.1000000e+01   4.1000099e+01  -5.3831987e+01  -3.9147241e+01   4.9694289e+02   5.8768224e-01   2.0020907e+00   6.4394477e-02
   2.0160000e+03   1.2000000e+01   2.0000000e+01   1.5000000e+01   5.3000000e+01   1.7000000e+01  -5.3827563e+01  -3.9148700e+01   5.0088150e+02   1.0008019e+01   1.2965239e+01   0.0000000e+00
   2.0160000e+03   1.2000000e+01   2.0000000e+01   1.5000000e+01   5.4000000e+01   5.1000099e+01  -5.3823123e+01  -3.9150129e+01   5.0214547e+02   1.1512535e+00   8.5512013e-01   2.1324339e-01
   2.0160000e+03   1.2000000e+01   2.0000000e+01   1.5000000e+01   5.6000000e+01   2.4000000e+01  -5.3818717e+01  -3.9151553e+01   4.9842417e+02   3.3938963e-01   7.7479410e-01   1.8869227e-02
   2.0160000e+03   1.2000000e+01   2.0000000e+01   1.5000000e+01   5.7000000e+01   5.9000000e+01  -5.3814276e+01  -3.9152810e+01   5.0029351e+02   1.9834172e+00   3.5623086e+00   1.1199375e-01
   2.0160000e+03   1.2000000e+01   2.0000000e+01   1.5000000e+01   5.9000000e+01   3.6000000e+01  -5.3809862e+01  -3.9154045e+01   4.9715969e+02   1.5086884e+00   4.6750014e+00   4.8018240e-01
   2.0160000e+03   1.2000000e+01   2.0000000e+01   1.6000000e+01   1.0000000e+00   1.5000099e+01  -5.3805392e+01  -3.9155273e+01   5.0320382e+02   4.1248413e+00   5.3328029e+00   4.4786652e-01
   2.0160000e+03   1.2000000e+01   2.0000000e+01   1.6000000e+01   2.0000000e+00   5.4000000e+01  -5.3801004e+01  -3.9156581e+01   4.9512537e+02   4.1061824e+00   4.9421149e+00   2.0907140e-01
   2.0160000e+03   1.2000000e+01   2.0000000e+01   1.6000000e+01   4.0000000e+00   3.2000000e+01  -5.3796595e+01  -3.9157915e+01   4.9763577e+02   8.6454813e-01   1.0824916e+00   2.7777315e-01
   2.0160000e+03   1.2000000e+01   2.0000000e+01   1.6000000e+01   6.0000000e+00   9.0000992e+00  -5.3792168e+01  -3.9159398e+01   5.0145809e+02   3.6220198e-01   2.1396819e+00   2.7598693e-02
   2.0160000e+03   1.2000000e+01   2.0000000e+01   1.6000000e+01   7.0000000e+00   4.5000000e+01  -5.3787820e+01  -3.9160879e+01   4.9291962e+02   4.2214382e-01   2.2494130e+00   9.0641538e-02
   2.0160000e+03   1.2000000e+01   2.0000000e+01   1.6000000e+01   9.0000000e+00   2.2000000e+01  -5.3783399e+01  -3.9162321e+01   5.0029518e+02   2.4983675e+02   3.3336123e+02   3.1978396e+02
   2.0160000e+03   1.2000000e+01   2.0000000e+01   1.6000000e+01   1.0000000e+01   5.8000099e+01  -5.3778998e+01  -3.9163806e+01   4.9861466e+02   3.1211986e+00   3.4377031e+00   5.5574862e-01
   2.0160000e+03   1.2000000e+01   2.0000000e+01   1.6000000e+01   1.2000000e+01   3.3000000e+01  -5.3774619e+01  -3.9165227e+01   4.9544604e+02   1.6168547e+00   2.9879613e+00   2.0406737e-01
   2.0160000e+03   1.2000000e+01   2.0000000e+01   1.6000000e+01   1.4000000e+01   7.9999008e+00  -5.3770148e+01  -3.9166574e+01   5.0463821e+02   2.8818263e+00   4.3132519e+00   1.4366980e+00
   2.0160000e+03   1.2000000e+01   2.0000000e+01   1.6000000e+01   1.5000000e+01   4.2000000e+01  -5.3765753e+01  -3.9167764e+01   4.9455651e+02   2.6945349e+00   3.0045633e+00   5.8982486e-01
   2.0160000e+03   1.2000000e+01   2.0000000e+01   1.6000000e+01   1.7000000e+01   1.7999901e+01  -5.3761286e+01  -3.9169019e+01   5.0321314e+02   4.1425122e+00   4.6648372e+00   0.0000000e+00
   2.0160000e+03   1.2000000e+01   2.0000000e+01   1.6000000e+01   1.8000000e+01   5.5000000e+01  -5.3756851e+01  -3.9170286e+01   4.9977122e+02   4.6549454e+00   5.4302108e+00   6.4840552e-02
   2.0160000e+03   1.2000000e+01   2.0000000e+01   1.6000000e+01   2.0000000e+01   3.1000000e+01  -5.3752427e+01  -3.9171537e+01   4.9843014e+02   9.8163923e-01   1.0981198e+00   7.6291026e-01
   2.0160000e+03   1.2000000e+01   2.0000000e+01   1.6000000e+01   2.2000000e+01   6.0000000e+00  -5.3748015e+01  -3.9172843e+01   4.9771668e+02   1.4430060e+00   1.0643453e+00   4.9369251e-01
   2.0160000e+03   1.2000000e+01   2.0000000e+01   1.6000000e+01   2.3000000e+01   4.0000099e+01  -5.3743646e+01  -3.9174331e+01   4.9519239e+02   3.7923081e+00   4.2437687e+00   2.5887878e-01
   2.0160000e+03   1.2000000e+01   2.0000000e+01   1.6000000e+01   2.5000000e+01   1.5000000e+01  -5.3739211e+01  -3.9175869e+01   5.0316884e+02   1.4561418e+00   1.5594294e+00   3.7413321e-01
   2.0160000e+03   1.2000000e+01   2.0000000e+01   1.6000000e+01   2.6000000e+01   5.1000000e+01  -5.3734831e+01  -3.9177267e+01   4.9528996e+02   3.8902730e+00   4.3581838e+00   1.0382950e+00
   2.0160000e+03   1.2000000e+01   2.0000000e+01   1.6000000e+01   2.8000000e+01   2.6000000e+01  -5.3730443e+01  -3.9178709e+01   4.9666432e+02   3.0225230e+00   2.1006620e+00   1.3875955e+00
   2.0160000e+03   1.2000000e+01   2.0000000e+01   1.6000000e+01   2.9000000e+01   5.9000099e+01  -5.3726015e+01  -3.9180127e+01   5.0077887e+02   5.9168456e+00   8.1141466e+00   6.7159662e-01
   2.0160000e+03   1.2000000e+01   2.0000000e+01   1.6000000e+01   3.1000000e+01   3.2000000e+01  -5.3721558e+01  -3.9181351e+01   5.0184734e+02   3.9252522e+02   5.0945086e+02   5.0816818e+02
   2.0160000e+03   1.2000000e+01   2.0000000e+01   1.6000000e+01   3.3000000e+01   5.0000992e+00  -5.3717099e+01  -3.9182542e+01   5.0160429e+02   1.1446241e+02   9.7407347e+01   8.8675480e-01
   2.0160000e+03   1.2000000e+01   2.0000000e+01   1.6000000e+01   3.4000000e+01   3.7000099e+01  -5.3712679e+01  -3.9183689e+01   4.9684935e+02   5.3194746e+00   7.4192071e+00   1.7229703e+00
   2.0160000e+03   1.2000000e+01   2.0000000e+01   1.6000000e+01   3.6000000e+01   1.0000000e+01  -5.3708266e+01  -3.9184871e+01   4.9652116e+02   1.7977201e+01   2.3354117e+01   2.3100928e+00
   2.0160000e+03   1.2000000e+01   2.0000000e+01   1.6000000e+01   3.7000000e+01   4.4000000e+01  -5.3703879e+01  -3.9186212e+01   4.9546157e+02   4.6130727e+00   5.3213314e+00   1.8180594e+00
   2.0160000e+03   1.2000000e+01   2.0000000e+01   1.6000000e+01   3.9000000e+01   1.9000000e+01  -5.3699413e+01  -3.9187623e+01   5.0481537e+02   2.7346813e+01   3.5445307e+01   2.3146675e+00
   2.0160000e+03   1.2000000e+01   2.0000000e+01   1.6000000e+01   4.0000000e+01   5.4000000e+01  -5.3694983e+01  -3.9189010e+01   5.0063964e+02   6.1630665e+00   6.8663140e+00   2.3245410e+00
   2.0160000e+03   1.2000000e+01   2.0000000e+01   1.6000000e+01   4.2000000e+01   2.9000000e+01  -5.3690568e+01  -3.9190373e+01   4.9876661e+02   1.5265324e+01   6.5755041e+00   3.0926790e+00
   2.0160000e+03   1.2000000e+01   2.0000000e+01   1.6000000e+01   4.4000000e+01   7.0000000e+00  -5.3686175e+01  -3.9191755e+01   4.9654201e+02   6.2295974e+00   7.8510855e+00   1.8463117e+00
   2.0160000e+03   1.2000000e+01   2.0000000e+01   1.6000000e+01   4.5000000e+01   4.5000000e+01  -5.3681728e+01  -3.9193150e+01   5.0260869e+02   7.0307298e+00   5.5808699e+00   2.0392588e+00
   2.0160000e+03   1.2000000e+01   2.0000000e+01   1.6000000e+01   4.7000000e+01   2.2000000e+01  -5.3677308e+01  -3.9194539e+01   4.9951410e+02   5.4943276e+00   6.9653436e+00   2.9354308e+00
   2.0160000e+03   1.2000000e+01   2.0000000e+01   1.6000000e+01   4.9000000e+01   1.0000992e+00  -5.3672950e+01  -3.9195892e+01   4.9243731e+02   1.2809495e+01   1.6355121e+01   2.6631420e+00
   2.0160000e+03   1.2000000e+01   2.0000000e+01   1.6000000e+01   5.0000000e+01   3.8000000e+01  -5.3668529e+01  -3.9197340e+01   5.0040907e+02   3.7129279e+00   4.3376735e+00   3.3739501e+00
   2.0160000e+03   1.2000000e+01   2.0000000e+01   1.6000000e+01   5.2000000e+01   1.3000000e+01  -5.3664138e+01  -3.9198767e+01   4.9686689e+02   3.2219113e+00   3.8335635e+00   2.2638267e+00
   2.0160000e+03   1.2000000e+01   2.0000000e+01   1.6000000e+01   5.3000000e+01   4.8000099e+01  -5.3659724e+01  -3.9200156e+01   4.9892379e+02   3.0129559e+00   3.3453405e+00   1.7736882e+00
   2.0160000e+03   1.2000000e+01   2.0000000e+01   1.6000000e+01   5.5000000e+01   2.3000000e+01  -5.3655338e+01  -3.9201388e+01   4.9409686e+02   2.9422845e+00   3.3909934e+00   1.2666367e+00
   2.0160000e+03   1.2000000e+01   2.0000000e+01   1.6000000e+01   5.6000000e+01   5.8000099e+01  -5.3650856e+01  -3.9202684e+01   5.0531886e+02   2.6244246e+00   3.3335081e+00   9.0032094e-01
   2.0160000e+03   1.2000000e+01   2.0000000e+01   1.6000000e+01   5.8000000e+01   3.3000099e+01  -5.3646456e+01  -3.9203861e+01   4.9500742e+02   1.7192003e+00   2.4148656e+00   7.8747072e-01
   2.0160000e+03   1.2000000e+01   2.0000000e+01   1.7000000e+01   0.0000000e+00   7.9999008e+00  -5.3642002e+01  -3.9205144e+01   5.0217719e+02   2.9582284e+00   4.2102245e+00   1.2911430e+00
   2.0160000e+03   1.2000000e+01   2.0000000e+01   1.7000000e+01   1.0000000e+00   4.3000000e+01  -5.3637591e+01  -3.9206384e+01   4.9682968e+02   2.7473560e+00   4.1594375e+00   1.0356712e+00
   2.0160000e+03   1.2000000e+01   2.0000000e+01   1.7000000e+01   3.0000000e+00   1.9000000e+01  -5.3633123e+01  -3.9207787e+01   5.0506163e+02   2.1726646e+02   2.8891303e+02   2.8335038e+02
   2.0160000e+03   1.2000000e+01   2.0000000e+01   1.7000000e+01   4.0000000e+00   5.3000000e+01  -5.3628745e+01  -3.9209246e+01   4.9589812e+02   3.0299256e+00   3.3089735e+00   1.1120408e+00
   2.0160000e+03   1.2000000e+01   2.0000000e+01   1.7000000e+01   6.0000000e+00   2.6999901e+01  -5.3624348e+01  -3.9210707e+01   4.9793699e+02   2.7174298e+00   4.1683849e+00   2.1207428e+00
   2.0160000e+03   1.2000000e+01   2.0000000e+01   1.7000000e+01   8.0000000e+00   1.0000000e+00  -5.3619891e+01  -3.9212201e+01   5.0496416e+02   2.8606760e+00   4.1811944e+00   2.5500842e+00
   2.0160000e+03   1.2000000e+01   2.0000000e+01   1.7000000e+01   9.0000000e+00   3.4000000e+01  -5.3615490e+01  -3.9213479e+01   4.9624910e+02   3.9413111e+00   5.0116547e+00   1.6868768e+00
   2.0160000e+03   1.2000000e+01   2.0000000e+01   1.7000000e+01   1.1000000e+01   6.0000000e+00  -5.3611097e+01  -3.9214768e+01   4.9546457e+02   3.8282079e+00   6.6471313e+00   2.6253468e+00
   2.0160000e+03   1.2000000e+01   2.0000000e+01   1.7000000e+01   1.2000000e+01   3.8000000e+01  -5.3606664e+01  -3.9216128e+01   5.0071660e+02   2.8803764e+00   3.6359890e+00   8.0384236e-01
   2.0160000e+03   1.2000000e+01   2.0000000e+01   1.7000000e+01   1.4000000e+01   1.3000000e+01  -5.3602209e+01  -3.9217424e+01   5.0242449e+02   3.2358515e+00   4.6707913e+00   1.9884401e+00
   2.0160000e+03   1.2000000e+01   2.0000000e+01   1.7000000e+01   1.5000000e+01   5.1000099e+01  -5.3597828e+01  -3.9218677e+01   4.9375470e+02   4.3490552e+00   5.5090157e+00   2.8143147e+00
   2.0160000e+03   1.2000000e+01   2.0000000e+01   1.7000000e+01   1.7000000e+01   2.8000000e+01  -5.3593400e+01  -3.9220004e+01   4.9972126e+02   4.2385995e+00   5.3847698e+00   3.7865647e+00
   2.0160000e+03   1.2000000e+01   2.0000000e+01   1.7000000e+01   1.9000000e+01   4.9999008e+00  -5.3588964e+01  -3.9221289e+01   5.0015951e+02   1.5186053e+00   6.8078636e+00   5.8704557e+00
   2.0160000e+03   1.2000000e+01   2.0000000e+01   1.7000000e+01   2.0000000e+01   4.3000000e+01  -5.3584479e+01  -3.9222609e+01   5.0588585e+02   4.5911554e+00   6.0852133e+00   4.6558968e+00
   2.0160000e+03   1.2000000e+01   2.0000000e+01   1.7000000e+01   2.2000000e+01   2.1000000e+01  -5.3580126e+01  -3.9223961e+01   4.9187670e+02   4.3316063e+00   4.8861817e+00   3.8866445e+00
   2.0160000e+03   1.2000000e+01   2.0000000e+01   1.7000000e+01   2.3000000e+01   5.9000000e+01  -5.3575713e+01  -3.9225371e+01   4.9914658e+02   3.1972988e+00   4.7628096e+00   2.8555496e+00
   2.0160000e+03   1.2000000e+01   2.0000000e+01   1.7000000e+01   2.5000000e+01   3.7000000e+01  -5.3571342e+01  -3.9226695e+01   4.9349939e+02   2.5005660e+00   4.0962431e+00   1.4931412e+00
   2.0160000e+03   1.2000000e+01   2.0000000e+01   1.7000000e+01   2.7000000e+01   1.5000099e+01  -5.3566921e+01  -3.9228066e+01   4.9949403e+02   4.7500258e+00   6.6716365e+00   4.5990985e+00
   2.0160000e+03   1.2000000e+01   2.0000000e+01   1.7000000e+01   2.8000000e+01   5.2000000e+01  -5.3562472e+01  -3.9229448e+01   5.0269947e+02   3.5581734e+00   7.2017426e+00   4.9164133e+00
   2.0160000e+03   1.2000000e+01   2.0000000e+01   1.7000000e+01   3.0000000e+01   2.7000000e+01  -5.3558038e+01  -3.9230856e+01   5.0138200e+02   2.3646485e+00   6.4183335e+00   2.9547071e+00
   2.0160000e+03   1.2000000e+01   2.0000000e+01   1.7000000e+01   3.2000000e+01   3.0000000e+00  -5.3553583e+01  -3.9232230e+01   5.0330932e+02   4.2296315e+00   8.4225986e+00   4.9132053e+00
   2.0160000e+03   1.2000000e+01   2.0000000e+01   1.7000000e+01   3.3000000e+01   4.2000000e+01  -5.3549175e+01  -3.9233540e+01   4.9744968e+02   2.4310240e+00   7.6447756e+00   5.0476239e+00
   2.0160000e+03   1.2000000e+01   2.0000000e+01   1.7000000e+01   3.5000000e+01   2.2000000e+01  -5.3544801e+01  -3.9234874e+01   4.9396138e+02   1.9099804e+00   6.5282590e+00   3.9070095e+00
   2.0160000e+03   1.2000000e+01   2.0000000e+01   1.7000000e+01   3.7000000e+01   0.0000000e+00  -5.3540373e+01  -3.9236260e+01   5.0043616e+02   2.2671868e+00   4.2126806e+00   1.8546401e+00
   2.0160000e+03   1.2000000e+01   2.0000000e+01   1.7000000e+01   3.8000000e+01   3.5000000e+01  -5.3535962e+01  -3.9237676e+01   4.9897439e+02   4.0247892e+00   5.4214526e+00   2.5686369e+00
   2.0160000e+03   1.2000000e+01   2.0000000e+01   1.7000000e+01   4.0000000e+01   1.0000000e+01  -5.3531607e+01  -3.9239056e+01   4.9243929e+02   2.1461626e+00   4.4400902e+00   2.6456177e+00
   2.0160000e+03   1.2000000e+01   2.0000000e+01   1.7000000e+01   4.1000000e+01   4.6000000e+01  -5.3527189e+01  -3.9240407e+01   4.9896751e+02   3.3569941e+00   4.3176928e+00   1.0621228e+00
   2.0160000e+03   1.2000000e+01   2.0000000e+01   1.7000000e+01   4.3000000e+01   2.2000000e+01  -5.3522756e+01  -3.9241699e+01   5.0000800e+02   1.9763889e+00   3.3051088e+00   8.3598536e-01
   2.0160000e+03   1.2000000e+01   2.0000000e+01   1.7000000e+01   4.4000000e+01   5.7000000e+01  -5.3518267e+01  -3.9242950e+01   5.0553747e+02   3.4226815e+00   4.4645304e+00   2.2565179e+00
   2.0160000e+03   1.2000000e+01   2.0000000e+01   1.7000000e+01   4.6000000e+01   3.2000000e+01  -5.3513856e+01  -3.9244316e+01   4.9843245e+02   3.6765285e+00   4.6443785e+00   2.0015635e+00
   2.0160000e+03   1.2000000e+01   2.0000000e+01   1.7000000e+01   4.8000000e+01   7.9999008e+00  -5.3509440e+01  -3.9245709e+01   4.9926957e+02   4.5811265e+00   5.8472385e+00   2.7858837e+00
   2.0160000e+03   1.2000000e+01   2.0000000e+01   1.7000000e+01   4.9000000e+01   4.4000000e+01  -5.3505023e+01  -3.9247033e+01   4.9852812e+02   5.1800368e+00   6.6880661e+00   3.0565677e+00
   2.0160000e+03   1.2000000e+01   2.0000000e+01   1.7000000e+01   5.1000000e+01   2.0000000e+01  -5.3500584e+01  -3.9248384e+01   5.0126683e+02   5.2057732e+00   7.6068951e+00   2.5214068e+00
   2.0160000e+03   1.2000000e+01   2.0000000e+01   1.7000000e+01   5.2000000e+01   5.6000000e+01  -5.3496171e+01  -3.9249645e+01   4.9743433e+02   6.8498563e+00   9.0001682e+00   4.5535344e+00
   2.0160000e+03   1.2000000e+01   2.0000000e+01   1.7000000e+01   5.4000000e+01   3.3000000e+01  -5.3491766e+01  -3.9250831e+01   4.9573587e+02   1.3687254e+02   1.8068315e+02   1.7582718e+02
   2.0160000e+03   1.2000000e+01   2.0000000e+01   1.7000000e+01   5.6000000e+01   1.1000099e+01  -5.3487335e+01  -3.9252022e+01   4.9860903e+02   6.7381370e+00   8.3266161e+00   3.9256242e+00
   2.0160000e+03   1.2000000e+01   2.0000000e+01   1.7000000e+01   5.7000000e+01   4.7000000e+01  -5.3482916e+01  -3.9253271e+01   4.9790711e+02   5.2470426e+00   7.5852357e+00   3.7268791e+00
   2.0160000e+03   1.2000000e+01   2.0000000e+01   1.7000000e+01   5.9000000e+01   2.2000000e+01  -5.3478471e+01  -3.9254520e+01   5.0077726e+02   4.9648253e+00   1.0393739e+01   3.9879564e+00
   2.0160000e+03   1.2000000e+01   2.0000000e+01   1.8000000e+01   0.0000000e+00   5.9000000e+01  -5.3474047e+01  -3.9255755e+01   4.9834407e+02   4.8346710e+00   6.3412533e+00   4.1720550e+00
   2.0160000e+03   1.2000000e+01   2.0000000e+01   1.8000000e+01   2.0000000e+00   3.7000000e+01  -5.3469606e+01  -3.9257248e+01   5.0325509e+02   2.4011290e+00   4.0213751e+00   1.1542127e+00
   2.0160000e+03   1.2000000e+01   2.0000000e+01   1.8000000e+01   4.0000000e+00   1.5000000e+01  -5.3465238e+01  -3.9258713e+01   4.9495138e+02   2.2312517e+00   5.8135229e+00   2.0151117e+00
   2.0160000e+03   1.2000000e+01   2.0000000e+01   1.8000000e+01   5.0000000e+00   5.3000000e+01  -5.3460853e+01  -3.9260229e+01   4.9748903e+02   1.6995552e+00   3.1344953e+00   1.5959666e+00
   2.0160000e+03   1.2000000e+01   2.0000000e+01   1.8000000e+01   7.0000000e+00   3.1000000e+01  -5.3456428e+01  -3.9261715e+01   5.0149916e+02   1.8534083e+00   3.4457028e+00   1.4598211e+00
   2.0160000e+03   1.2000000e+01   2.0000000e+01   1.8000000e+01   9.0000000e+00   8.0000000e+00  -5.3452031e+01  -3.9263119e+01   4.9733400e+02   1.8432147e+00   2.7179153e+00   5.8580707e-01
   2.0160000e+03   1.2000000e+01   2.0000000e+01   1.8000000e+01   1.0000000e+01   4.5000000e+01  -5.3447653e+01  -3.9264443e+01   4.9429227e+02   2.4918367e+02   3.3041848e+02   3.0395973e+02
   2.0160000e+03   1.2000000e+01   2.0000000e+01   1.8000000e+01   1.2000000e+01   2.2000099e+01  -5.3443215e+01  -3.9265823e+01   5.0157078e+02   5.9734521e+00   1.1203378e+01   3.1102768e+00
   2.0160000e+03   1.2000000e+01   2.0000000e+01   1.8000000e+01   1.3000000e+01   5.8000000e+01  -5.3438729e+01  -3.9267137e+01   5.0601394e+02   2.8460658e+00   4.9184622e+00   2.8511744e+00
   2.0160000e+03   1.2000000e+01   2.0000000e+01   1.8000000e+01   1.5000000e+01   3.5000000e+01  -5.3434327e+01  -3.9268297e+01   4.9513103e+02   3.4209054e+00   5.9922942e+00   2.5568845e+00
   2.0160000e+03   1.2000000e+01   2.0000000e+01   1.8000000e+01   1.7000000e+01   1.3000000e+01  -5.3429928e+01  -3.9269637e+01   4.9681539e+02   5.3481988e+00   9.1766965e+00   1.9886920e+00
   2.0160000e+03   1.2000000e+01   2.0000000e+01   1.8000000e+01   1.8000000e+01   5.2999901e+01  -5.3425431e+01  -3.9271072e+01   5.0865134e+02   3.4951484e+00   5.8879233e+00   1.6158972e+00
   2.0160000e+03   1.2000000e+01   2.0000000e+01   1.8000000e+01   2.0000000e+01   3.3000099e+01  -5.3421106e+01  -3.9272470e+01   4.8934784e+02   3.2944977e+00   6.2101796e+00   1.7804730e+00
   2.0160000e+03   1.2000000e+01   2.0000000e+01   1.8000000e+01   2.2000000e+01   1.2000000e+01  -5.3416695e+01  -3.9273843e+01   4.9851585e+02   3.5335533e+00   7.3118728e+00   2.3382154e+00
   2.0160000e+03   1.2000000e+01   2.0000000e+01   1.8000000e+01   2.3000000e+01   4.8999901e+01  -5.3412253e+01  -3.9275154e+01   5.0123719e+02   3.9423661e+00   6.1095303e+00   1.9498815e+00
   2.0160000e+03   1.2000000e+01   2.0000000e+01   1.8000000e+01   2.5000000e+01   2.7000000e+01  -5.3407831e+01  -3.9276460e+01   4.9894267e+02   3.8488778e+00   5.5128450e+00   2.4833341e+00
   2.0160000e+03   1.2000000e+01   2.0000000e+01   1.8000000e+01   2.7000000e+01   6.0000000e+00  -5.3403473e+01  -3.9277749e+01   4.9164379e+02   1.8095803e+00   3.2338429e+00   1.9050318e+00
   2.0160000e+03   1.2000000e+01   2.0000000e+01   1.8000000e+01   2.8000000e+01   4.3000000e+01  -5.3399001e+01  -3.9279080e+01   5.0479335e+02   3.9060062e+00   6.7231029e+00   5.5225849e+00
   2.0160000e+03   1.2000000e+01   2.0000000e+01   1.8000000e+01   3.0000000e+01   2.0000000e+01  -5.3394523e+01  -3.9280418e+01   5.0537523e+02   2.2516128e+00   3.9675622e+00   2.2656537e+00
   2.0160000e+03   1.2000000e+01   2.0000000e+01   1.8000000e+01   3.1000000e+01   5.7000099e+01  -5.3390131e+01  -3.9281785e+01   4.9637931e+02   3.7529236e+00   6.6843435e+00   4.4324978e+00
   2.0160000e+03   1.2000000e+01   2.0000000e+01   1.8000000e+01   3.3000000e+01   3.4000000e+01  -5.3385715e+01  -3.9283154e+01   4.9897971e+02   3.1129687e+00   5.0462860e+00   2.2337300e+00
   2.0160000e+03   1.2000000e+01   2.0000000e+01   1.8000000e+01   3.5000000e+01   1.2000099e+01  -5.3381257e+01  -3.9284512e+01   5.0348238e+02   4.7356408e+00   9.7088717e+00   2.8792941e+00
   2.0160000e+03   1.2000000e+01   2.0000000e+01   1.8000000e+01   3.6000000e+01   5.0000099e+01  -5.3376881e+01  -3.9285847e+01   4.9434459e+02   4.3864151e+00   8.4130986e+00   3.4152207e+00
   2.0160000e+03   1.2000000e+01   2.0000000e+01   1.8000000e+01   3.8000000e+01   2.8000000e+01  -5.3372479e+01  -3.9287036e+01   4.9544478e+02   3.3383382e+00   8.6604860e+00   2.6611508e+00
   2.0160000e+03   1.2000000e+01   2.0000000e+01   1.8000000e+01   4.0000000e+01   7.0000000e+00  -5.3368048e+01  -3.9288231e+01   4.9865647e+02   3.4329300e+00   5.8297497e+00   3.9150240e+00
   2.0160000e+03   1.2000000e+01   2.0000000e+01   1.8000000e+01   4.1000000e+01   4.7000000e+01  -5.3363599e+01  -3.9289467e+01   5.0115559e+02   2.5433118e+00   7.2977363e+00   3.2811728e+00
   2.0160000e+03   1.2000000e+01   2.0000000e+01   1.8000000e+01   4.3000000e+01   2.6000000e+01  -5.3359221e+01  -3.9290876e+01   4.9535196e+02   2.4940052e+00   1.0796900e+01   3.8076014e+00
   2.0160000e+03   1.2000000e+01   2.0000000e+01   1.8000000e+01   4.5000000e+01   4.0000992e+00  -5.3354783e+01  -3.9292405e+01   5.0344192e+02   4.6757384e+00   9.2932672e+00   7.4461626e+00
   2.0160000e+03   1.2000000e+01   2.0000000e+01   1.8000000e+01   4.6000000e+01   4.0000000e+01  -5.3350374e+01  -3.9293789e+01   4.9851000e+02   3.6754224e+00   5.9189871e+00   2.7915174e+00
   2.0160000e+03   1.2000000e+01   2.0000000e+01   1.8000000e+01   4.8000000e+01   1.4000099e+01  -5.3345992e+01  -3.9295088e+01   4.9444861e+02   3.4637597e+00   6.1477979e+00   2.9106819e+00
   2.0160000e+03   1.2000000e+01   2.0000000e+01   1.8000000e+01   4.9000000e+01   4.8000000e+01  -5.3341558e+01  -3.9296359e+01   4.9987229e+02   3.2483930e+00   6.6005846e+00   3.4699057e+00
   2.0160000e+03   1.2000000e+01   2.0000000e+01   1.8000000e+01   5.1000000e+01   2.3000099e+01  -5.3337093e+01  -3.9297614e+01   5.0306005e+02   6.8046963e+00   9.9502441e+00   5.3434225e+00
   2.0160000e+03   1.2000000e+01   2.0000000e+01   1.8000000e+01   5.2000000e+01   5.9000000e+01  -5.3332677e+01  -3.9298899e+01   4.9805454e+02   4.1371940e+00   7.7994491e+00   5.7501439e+00
   2.0160000e+03   1.2000000e+01   2.0000000e+01   1.8000000e+01   5.4000000e+01   3.4000000e+01  -5.3328228e+01  -3.9300229e+01   5.0221616e+02   4.6097767e+00   6.3484647e+00   2.7704059e+00
   2.0160000e+03   1.2000000e+01   2.0000000e+01   1.8000000e+01   5.6000000e+01   8.0000992e+00  -5.3323834e+01  -3.9301527e+01   4.9586189e+02   6.3388755e+00   8.7585248e+00   5.7378034e+00
   2.0160000e+03   1.2000000e+01   2.0000000e+01   1.8000000e+01   5.7000000e+01   4.2999901e+01  -5.3319428e+01  -3.9302781e+01   4.9660560e+02   8.3066248e+00   1.1384020e+01   7.2680806e+00
   2.0160000e+03   1.2000000e+01   2.0000000e+01   1.8000000e+01   5.9000000e+01   1.9000000e+01  -5.3315026e+01  -3.9304057e+01   4.9645020e+02   4.2321717e+00   5.6307294e+00   3.6770781e+00
