   2.0060000e+03   1.2000000e+01   2.6000000e+01   1.7000000e+01   5.6000000e+01   5.6000000e+01  -5.3262625e+01  -3.8740515e+01   4.9855968e+02   4.7064522e-01   9.3946001e-01   4.0646770e-01
   2.0060000e+03   1.2000000e+01   2.6000000e+01   1.7000000e+01   5.8000000e+01   2.4000000e+01  -5.3267096e+01  -3.8739234e+01   5.0405953e+02   3.1438691e-01   1.4916526e+00   8.6274378e-01
   2.0060000e+03   1.2000000e+01   2.6000000e+01   1.7000000e+01   5.9000000e+01   4.8000000e+01  -5.3271473e+01  -3.8737943e+01   4.9380905e+02   3.8824068e-01   1.4766388e+00   1.1061244e+00
   2.0060000e+03   1.2000000e+01   2.6000000e+01   1.8000000e+01   1.0000000e+00   9.9999008e+00  -5.3275936e+01  -3.8736706e+01   5.0269635e+02   3.3558013e-01   1.2609774e+00   8.9336101e-01
   2.0060000e+03   1.2000000e+01   2.6000000e+01   1.8000000e+01   2.0000000e+00   3.2999901e+01  -5.3280310e+01  -3.8735597e+01   4.9162216e+02   3.3376141e-01   1.7292930e+00   1.0221166e+00
   2.0060000e+03   1.2000000e+01   2.6000000e+01   1.8000000e+01   3.0000000e+00   5.5999901e+01  -5.3284763e+01  -3.8734451e+01   5.0069812e+02   3.6009714e-01   1.7416824e+00   7.2813086e-01
   2.0060000e+03   1.2000000e+01   2.6000000e+01   1.8000000e+01   5.0000000e+00   1.8000099e+01  -5.3289156e+01  -3.8733291e+01   4.9417731e+02   3.7882224e+02   7.2213328e+02   2.6865552e+02
   2.0060000e+03   1.2000000e+01   2.6000000e+01   1.8000000e+01   6.0000000e+00   4.1000099e+01  -5.3293642e+01  -3.8732172e+01   5.0399213e+02   6.1027242e-01   1.1633372e+00   1.3727917e-01
   2.0060000e+03   1.2000000e+01   2.6000000e+01   1.8000000e+01   8.0000000e+00   2.0000000e+00  -5.3298070e+01  -3.8731036e+01   4.9777618e+02   5.7831796e-01   1.1024238e+00   8.0573702e-01
   2.0060000e+03   1.2000000e+01   2.6000000e+01   1.8000000e+01   9.0000000e+00   2.3000000e+01  -5.3302577e+01  -3.8729898e+01   5.0650090e+02   2.0645572e-01   4.0290145e-01   2.0985923e-01
   2.0060000e+03   1.2000000e+01   2.6000000e+01   1.8000000e+01   1.0000000e+01   4.2999901e+01  -5.3306982e+01  -3.8728794e+01   4.9488432e+02   1.0653813e-02   2.0308926e-02   0.0000000e+00
   2.0060000e+03   1.2000000e+01   2.6000000e+01   1.8000000e+01   1.2000000e+01   3.0000000e+00  -5.3311392e+01  -3.8727712e+01   4.9527090e+02   6.1166548e-02   1.1659928e-01   0.0000000e+00
   2.0060000e+03   1.2000000e+01   2.6000000e+01   1.8000000e+01   1.3000000e+01   2.3000000e+01  -5.3315793e+01  -3.8726640e+01   4.9417325e+02   2.2201929e+03   4.2378282e+03   3.6732948e+03
   2.0060000e+03   1.2000000e+01   2.6000000e+01   1.8000000e+01   1.4000000e+01   4.3000099e+01  -5.3320245e+01  -3.8725495e+01   5.0055843e+02   1.6505662e+02   3.1464065e+02   3.1003726e+02
   2.0060000e+03   1.2000000e+01   2.6000000e+01   1.8000000e+01   1.6000000e+01   4.0000992e+00  -5.3324673e+01  -3.8724346e+01   4.9786777e+02   2.5485060e-01   4.9115119e-01   4.7756550e-01
   2.0060000e+03   1.2000000e+01   2.6000000e+01   1.8000000e+01   1.7000000e+01   2.5000000e+01  -5.3329132e+01  -3.8723265e+01   5.0073174e+02   1.4151197e-01   4.5542217e-01   3.7409007e-01
   2.0060000e+03   1.2000000e+01   2.6000000e+01   1.8000000e+01   1.8000000e+01   4.7000000e+01  -5.3333537e+01  -3.8722185e+01   4.9462406e+02   4.6774094e-01   9.0939323e-01   0.0000000e+00
   2.0060000e+03   1.2000000e+01   2.6000000e+01   1.8000000e+01   2.0000000e+01   1.1000000e+01  -5.3337981e+01  -3.8721034e+01   4.9973958e+02   1.9860744e-01   4.2414089e-01   5.8666553e-02
   2.0060000e+03   1.2000000e+01   2.6000000e+01   1.8000000e+01   2.1000000e+01   3.6000000e+01  -5.3342461e+01  -3.8720003e+01   5.0252628e+02   3.0143920e-01   5.8056967e-01   1.0089714e-01
   2.0060000e+03   1.2000000e+01   2.6000000e+01   1.8000000e+01   2.3000000e+01   1.0000992e+00  -5.3346879e+01  -3.8718886e+01   4.9646488e+02   3.2415385e-01   6.1792116e-01   2.5734896e-01
   2.0060000e+03   1.2000000e+01   2.6000000e+01   1.8000000e+01   2.4000000e+01   2.6000000e+01  -5.3351289e+01  -3.8717705e+01   4.9620669e+02   5.9518130e-01   1.1435148e+00   9.5662981e-01
   2.0060000e+03   1.2000000e+01   2.6000000e+01   1.8000000e+01   2.5000000e+01   5.3000000e+01  -5.3355762e+01  -3.8716669e+01   5.0185359e+02   4.7472072e-02   2.3581373e+01   2.3479108e+01
   2.0060000e+03   1.2000000e+01   2.6000000e+01   1.8000000e+01   2.7000000e+01   2.0000000e+01  -5.3360185e+01  -3.8715470e+01   4.9783674e+02   1.6426253e+00   3.1536529e+00   2.3923677e+00
   2.0060000e+03   1.2000000e+01   2.6000000e+01   1.8000000e+01   2.8000000e+01   4.6000000e+01  -5.3364573e+01  -3.8714275e+01   4.9399706e+02   2.0835837e-01   3.9718500e-01   5.2265284e-02
   2.0060000e+03   1.2000000e+01   2.6000000e+01   1.8000000e+01   3.0000000e+01   1.2000000e+01  -5.3369035e+01  -3.8713197e+01   5.0095185e+02   2.7260406e-01   5.1965392e-01   4.4011469e-01
   2.0060000e+03   1.2000000e+01   2.6000000e+01   1.8000000e+01   3.1000000e+01   3.7000000e+01  -5.3373507e+01  -3.8712044e+01   5.0277154e+02   9.0535617e-02   2.0741400e-01   1.8868892e-01
   2.0060000e+03   1.2000000e+01   2.6000000e+01   1.8000000e+01   3.3000000e+01   2.0000992e+00  -5.3377925e+01  -3.8710962e+01   4.9615966e+02   1.8545099e-01   3.5351760e-01   2.9596818e-01
   2.0060000e+03   1.2000000e+01   2.6000000e+01   1.8000000e+01   3.4000000e+01   2.8000000e+01  -5.3382381e+01  -3.8709847e+01   5.0063562e+02   2.1156776e-02   4.0330293e-02   1.0782159e-02
   2.0060000e+03   1.2000000e+01   2.6000000e+01   1.8000000e+01   3.5000000e+01   5.3000000e+01  -5.3386805e+01  -3.8708686e+01   4.9754945e+02   2.9745342e-02   2.3699881e-01   6.7383870e-02
   2.0060000e+03   1.2000000e+01   2.6000000e+01   1.8000000e+01   3.7000000e+01   1.7000000e+01  -5.3391277e+01  -3.8707578e+01   5.0227740e+02   6.3544391e-02   2.5071076e+00   2.2949518e+00
   2.0060000e+03   1.2000000e+01   2.6000000e+01   1.8000000e+01   3.8000000e+01   4.1000000e+01  -5.3395621e+01  -3.8706024e+01   4.9365361e+02   3.5551869e-01   7.1150275e-01   4.2878824e-01
   2.0060000e+03   1.2000000e+01   2.6000000e+01   1.8000000e+01   4.0000000e+01   6.0000000e+00  -5.3400042e+01  -3.8704670e+01   4.9935358e+02   2.7972926e+00   5.4585297e+00   5.0794109e+00
   2.0060000e+03   1.2000000e+01   2.6000000e+01   1.8000000e+01   4.1000000e+01   3.1000099e+01  -5.3404454e+01  -3.8703260e+01   4.9904011e+02   2.5594673e-01   8.0989754e-01   4.3170310e-01
   2.0060000e+03   1.2000000e+01   2.6000000e+01   1.8000000e+01   4.2000000e+01   5.5000099e+01  -5.3408854e+01  -3.8701909e+01   4.9704875e+02   6.4859080e+02   1.2373332e+03   1.2334342e+03
   2.0060000e+03   1.2000000e+01   2.6000000e+01   1.8000000e+01   4.4000000e+01   1.9000000e+01  -5.3413289e+01  -3.8700541e+01   5.0106312e+02   5.9469402e-02   6.1866635e-01   3.0186216e-01
   2.0060000e+03   1.2000000e+01   2.6000000e+01   1.8000000e+01   4.5000000e+01   4.2000000e+01  -5.3417734e+01  -3.8699279e+01   5.0094465e+02   1.5211113e-01   8.5172599e-01   6.1455517e-01
   2.0060000e+03   1.2000000e+01   2.6000000e+01   1.8000000e+01   4.7000000e+01   4.9999008e+00  -5.3422153e+01  -3.8697969e+01   4.9874687e+02   2.5383466e-02   2.0329860e-01   2.0329860e-01
   2.0060000e+03   1.2000000e+01   2.6000000e+01   1.8000000e+01   4.8000000e+01   2.9000000e+01  -5.3426537e+01  -3.8696507e+01   4.9661428e+02   1.7182325e-01   4.9048877e-01   2.3375550e-01
   2.0060000e+03   1.2000000e+01   2.6000000e+01   1.8000000e+01   4.9000000e+01   5.3000000e+01  -5.3430895e+01  -3.8695186e+01   4.9212174e+02   4.4383907e-02   1.0253453e+00   1.0253453e+00
   2.0060000e+03   1.2000000e+01   2.6000000e+01   1.8000000e+01   5.1000000e+01   1.8000000e+01  -5.3435384e+01  -3.8693762e+01   5.0767037e+02   5.2398218e+01   1.0511349e+02   8.9849810e+01
   2.0060000e+03   1.2000000e+01   2.6000000e+01   1.8000000e+01   5.2000000e+01   4.3000000e+01  -5.3439778e+01  -3.8692370e+01   4.9687311e+02   3.4697491e-01   1.0461447e+00   1.0461447e+00
   2.0060000e+03   1.2000000e+01   2.6000000e+01   1.8000000e+01   5.4000000e+01   7.0000000e+00  -5.3444222e+01  -3.8691117e+01   5.0070284e+02   3.9323320e-01   8.4247543e-01   8.4247543e-01
   2.0060000e+03   1.2000000e+01   2.6000000e+01   1.8000000e+01   5.5000000e+01   3.2000099e+01  -5.3448580e+01  -3.8689881e+01   4.9109973e+02   1.1758047e-01   7.0063361e-01   7.0063361e-01
   2.0060000e+03   1.2000000e+01   2.6000000e+01   1.8000000e+01   5.6000000e+01   5.9000000e+01  -5.3453051e+01  -3.8688396e+01   5.0642815e+02   7.0416572e-02   1.6818137e-01   1.6818137e-01
   2.0060000e+03   1.2000000e+01   2.6000000e+01   1.8000000e+01   5.8000000e+01   2.5000000e+01  -5.3457431e+01  -3.8687098e+01   4.9422927e+02   5.6710178e-02   4.6409859e-01   4.6409859e-01
   2.0060000e+03   1.2000000e+01   2.6000000e+01   1.8000000e+01   5.9000000e+01   4.9000000e+01  -5.3461849e+01  -3.8685744e+01   4.9903538e+02   1.2862674e-01   3.3468736e-01   2.9179728e-01
   2.0060000e+03   1.2000000e+01   2.6000000e+01   1.9000000e+01   1.0000000e+00   1.3000099e+01  -5.3466298e+01  -3.8684367e+01   5.0270586e+02   1.7439536e-01   3.5706340e-01   2.2132523e-01
   2.0060000e+03   1.2000000e+01   2.6000000e+01   1.9000000e+01   2.0000000e+00   3.7000000e+01  -5.3470693e+01  -3.8683020e+01   4.9649049e+02   5.4917380e-01   1.2462779e+00   3.1350343e-01
   2.0060000e+03   1.2000000e+01   2.6000000e+01   1.9000000e+01   4.0000000e+00   1.9999008e+00  -5.3475123e+01  -3.8681672e+01   5.0023968e+02   1.3665416e+02   6.8862726e+02   2.6036949e+02
   2.0060000e+03   1.2000000e+01   2.6000000e+01   1.9000000e+01   5.0000000e+00   2.8000000e+01  -5.3479556e+01  -3.8680301e+01   5.0081949e+02   2.6369030e-01   6.5141463e-01   1.3147866e-01
   2.0060000e+03   1.2000000e+01   2.6000000e+01   1.9000000e+01   6.0000000e+00   5.4000000e+01  -5.3483980e+01  -3.8678930e+01   4.9987210e+02   7.8659954e-01   1.4994624e+00   1.2755151e+00
   2.0060000e+03   1.2000000e+01   2.6000000e+01   1.9000000e+01   8.0000000e+00   2.0000000e+01  -5.3488317e+01  -3.8677592e+01   4.8997676e+02   6.2528555e-01   2.4103772e+00   2.1324158e+00
   2.0060000e+03   1.2000000e+01   2.6000000e+01   1.9000000e+01   9.0000000e+00   4.6000000e+01  -5.3492757e+01  -3.8676289e+01   5.0083193e+02   5.0225439e-01   1.7172986e+00   5.7505250e-01
   2.0060000e+03   1.2000000e+01   2.6000000e+01   1.9000000e+01   1.1000000e+01   1.2000000e+01  -5.3497151e+01  -3.8674867e+01   4.9724309e+02   3.1909629e-01   6.4997359e-01   4.8611859e-01
   2.0060000e+03   1.2000000e+01   2.6000000e+01   1.9000000e+01   1.2000000e+01   3.7000000e+01  -5.3501574e+01  -3.8673490e+01   4.9986963e+02   3.3896386e+01   7.3882162e+01   6.9211744e+01
   2.0060000e+03   1.2000000e+01   2.6000000e+01   1.9000000e+01   1.4000000e+01   2.9999008e+00  -5.3505993e+01  -3.8672238e+01   4.9793258e+02   1.2299251e-01   2.3445557e-01   1.0032461e-01
   2.0060000e+03   1.2000000e+01   2.6000000e+01   1.9000000e+01   1.5000000e+01   3.0000000e+01  -5.3510425e+01  -3.8670980e+01   4.9946960e+02   1.8263302e-01   3.8535063e-01   8.9331493e-03
   2.0060000e+03   1.2000000e+01   2.6000000e+01   1.9000000e+01   1.6000000e+01   5.6000000e+01  -5.3514862e+01  -3.8669576e+01   5.0170167e+02   3.7792824e-01   8.0415058e-01   2.3482330e-01
   2.0060000e+03   1.2000000e+01   2.6000000e+01   1.9000000e+01   1.8000000e+01   2.2000099e+01  -5.3519228e+01  -3.8668335e+01   4.9206526e+02   3.4084999e-01   6.5956332e-01   0.0000000e+00
   2.0060000e+03   1.2000000e+01   2.6000000e+01   1.9000000e+01   1.9000000e+01   4.8000000e+01  -5.3523651e+01  -3.8667040e+01   4.9885249e+02   2.5763655e-01   7.3108596e-01   5.2673709e-01
   2.0060000e+03   1.2000000e+01   2.6000000e+01   1.9000000e+01   2.1000000e+01   1.3000000e+01  -5.3528053e+01  -3.8665677e+01   4.9736111e+02   7.9879420e-02   1.6848775e-01   4.1982296e-02
   2.0060000e+03   1.2000000e+01   2.6000000e+01   1.9000000e+01   2.2000000e+01   3.8000000e+01  -5.3532528e+01  -3.8664352e+01   5.0486866e+02   1.1920373e-01   2.7475665e-01   2.1702710e-01
   2.0060000e+03   1.2000000e+01   2.6000000e+01   1.9000000e+01   2.4000000e+01   5.0000000e+00  -5.3536897e+01  -3.8662705e+01   4.9756970e+02   7.5616076e+01   1.4427206e+02   1.4427206e+02
   2.0060000e+03   1.2000000e+01   2.6000000e+01   1.9000000e+01   2.5000000e+01   3.2000000e+01  -5.3541276e+01  -3.8661128e+01   4.9763914e+02   1.8675488e+02   5.5901340e+02   5.5771289e+02
   2.0060000e+03   1.2000000e+01   2.6000000e+01   1.9000000e+01   2.6000000e+01   5.9000099e+01  -5.3545631e+01  -3.8659438e+01   4.9660316e+02   8.5266258e-02   1.6253957e-01   4.8375450e-02
   2.0060000e+03   1.2000000e+01   2.6000000e+01   1.9000000e+01   2.8000000e+01   2.7000000e+01  -5.3550037e+01  -3.8657814e+01   5.0120728e+02   1.2306095e-01   2.3458604e-01   2.3458604e-01
   2.0060000e+03   1.2000000e+01   2.6000000e+01   1.9000000e+01   2.9000000e+01   5.5000099e+01  -5.3554372e+01  -3.8656479e+01   4.8971382e+02   1.6202244e-01   5.0667353e-01   7.2860471e-02
   2.0060000e+03   1.2000000e+01   2.6000000e+01   1.9000000e+01   3.1000000e+01   2.3000000e+01  -5.3558789e+01  -3.8654971e+01   5.0083264e+02   1.9406833e-01   3.9498093e-01   2.1949797e-01
   2.0060000e+03   1.2000000e+01   2.6000000e+01   1.9000000e+01   3.2000000e+01   5.2000000e+01  -5.3563219e+01  -3.8653334e+01   5.0394341e+02   3.6384745e-01   2.8035876e+00   6.9358744e-01
   2.0060000e+03   1.2000000e+01   2.6000000e+01   1.9000000e+01   3.4000000e+01   2.1000000e+01  -5.3567610e+01  -3.8651801e+01   4.9829310e+02   2.8295243e-01   5.7489963e-01   1.4372101e-01
   2.0060000e+03   1.2000000e+01   2.6000000e+01   1.9000000e+01   3.5000000e+01   4.8000000e+01  -5.3571939e+01  -3.8650380e+01   4.9003253e+02   5.8682565e-01   1.1186416e+00   3.0258138e-01
   2.0060000e+03   1.2000000e+01   2.6000000e+01   1.9000000e+01   3.7000000e+01   1.5000000e+01  -5.3576316e+01  -3.8648941e+01   4.9558146e+02   6.4159045e-01   3.9115662e+00   4.6032527e-01
   2.0060000e+03   1.2000000e+01   2.6000000e+01   1.9000000e+01   3.8000000e+01   4.2999901e+01  -5.3580768e+01  -3.8647548e+01   5.0321840e+02   3.8862666e-01   5.3612923e+00   3.3437773e+00
   2.0060000e+03   1.2000000e+01   2.6000000e+01   1.9000000e+01   4.0000000e+01   1.0000000e+01  -5.3585229e+01  -3.8646305e+01   5.0244860e+02   6.1399037e-01   1.1704246e+00   2.3321154e-01
   2.0060000e+03   1.2000000e+01   2.6000000e+01   1.9000000e+01   4.1000000e+01   3.7000099e+01  -5.3589610e+01  -3.8645027e+01   4.9405840e+02   6.7975052e-02   1.7756176e-01   6.1635290e-02
   2.0060000e+03   1.2000000e+01   2.6000000e+01   1.9000000e+01   4.3000000e+01   5.0000000e+00  -5.3593991e+01  -3.8643642e+01   4.9531352e+02   8.4665736e-01   1.6670433e+00   1.6139482e+00
   2.0060000e+03   1.2000000e+01   2.6000000e+01   1.9000000e+01   4.4000000e+01   3.2000000e+01  -5.3598453e+01  -3.8642358e+01   5.0295591e+02   5.5668395e-01   2.1884333e+00   7.3633992e-01
   2.0060000e+03   1.2000000e+01   2.6000000e+01   1.9000000e+01   4.5000000e+01   5.8000000e+01  -5.3602883e+01  -3.8641021e+01   5.0014557e+02   3.5144524e-01   8.0161480e-01   2.3387364e-01
   2.0060000e+03   1.2000000e+01   2.6000000e+01   1.9000000e+01   4.7000000e+01   2.6000000e+01  -5.3607288e+01  -3.8639503e+01   4.9960795e+02   8.3054077e-01   1.6218067e+00   1.4639320e+00
   2.0060000e+03   1.2000000e+01   2.6000000e+01   1.9000000e+01   4.8000000e+01   5.5000000e+01  -5.3611721e+01  -3.8638153e+01   5.0056132e+02   1.8072161e+00   1.1125137e+01   7.6345302e+00
   2.0060000e+03   1.2000000e+01   2.6000000e+01   1.9000000e+01   5.0000000e+01   2.4000099e+01  -5.3616060e+01  -3.8636710e+01   4.9140714e+02   8.0095650e-01   9.2104021e+00   8.0005384e+00
   2.0060000e+03   1.2000000e+01   2.6000000e+01   1.9000000e+01   5.1000000e+01   5.3000000e+01  -5.3620452e+01  -3.8635358e+01   4.9616185e+02   2.6116927e-01   4.9785625e-01   2.2436570e-01
   2.0060000e+03   1.2000000e+01   2.6000000e+01   1.9000000e+01   5.3000000e+01   2.1000099e+01  -5.3624865e+01  -3.8633986e+01   4.9855319e+02   1.0741483e+00   4.1238340e+00   3.0947348e+00
   2.0060000e+03   1.2000000e+01   2.6000000e+01   1.9000000e+01   5.4000000e+01   4.8000000e+01  -5.3629331e+01  -3.8632503e+01   5.0586734e+02   3.3608205e-01   7.6597730e-01   3.6280549e-01
   2.0060000e+03   1.2000000e+01   2.6000000e+01   1.9000000e+01   5.6000000e+01   1.5000000e+01  -5.3633689e+01  -3.8631089e+01   4.9313258e+02   5.9436972e+01   1.1330226e+02   1.1293582e+02
   2.0060000e+03   1.2000000e+01   2.6000000e+01   1.9000000e+01   5.7000000e+01   4.2000000e+01  -5.3638131e+01  -3.8629670e+01   5.0235421e+02   9.2154120e-01   2.3143805e+00   1.5303023e+00
   2.0060000e+03   1.2000000e+01   2.6000000e+01   1.9000000e+01   5.9000000e+01   9.0000000e+00  -5.3642510e+01  -3.8628292e+01   4.9498251e+02   3.1729282e+02   1.4011431e+03   1.4003051e+03
   2.0060000e+03   1.2000000e+01   2.6000000e+01   2.0000000e+01   0.0000000e+00   3.6000000e+01  -5.3646961e+01  -3.8626917e+01   5.0285135e+02   1.3086014e+02   1.0817204e+03   1.2439708e+01
   2.0060000e+03   1.2000000e+01   2.6000000e+01   2.0000000e+01   2.0000000e+00   3.0000000e+00  -5.3651280e+01  -3.8625671e+01   4.8691329e+02   2.8223749e+02   8.8301107e+02   8.8218185e+02
   2.0060000e+03   1.2000000e+01   2.6000000e+01   2.0000000e+01   3.0000000e+00   3.1000099e+01  -5.3655755e+01  -3.8624299e+01   5.0538409e+02   1.1091395e+00   2.1143071e+00   1.2423452e+00
   2.0060000e+03   1.2000000e+01   2.6000000e+01   2.0000000e+01   4.0000000e+00   5.9000000e+01  -5.3660184e+01  -3.8622957e+01   5.0000565e+02   5.8963789e+01   1.1331273e+02   4.5287808e+00
   2.0060000e+03   1.2000000e+01   2.6000000e+01   2.0000000e+01   6.0000000e+00   2.6999901e+01  -5.3664559e+01  -3.8621551e+01   4.9485235e+02   6.1504853e-02   1.1724418e-01   0.0000000e+00
   2.0060000e+03   1.2000000e+01   2.6000000e+01   2.0000000e+01   7.0000000e+00   5.4000000e+01  -5.3668979e+01  -3.8620218e+01   4.9896955e+02   0.0000000e+00   0.0000000e+00   0.0000000e+00
   2.0060000e+03   1.2000000e+01   2.6000000e+01   2.0000000e+01   9.0000000e+00   2.1000000e+01  -5.3673398e+01  -3.8618822e+01   4.9949012e+02   6.5243239e-02   1.2437051e-01   1.2437051e-01
   2.0060000e+03   1.2000000e+01   2.6000000e+01   2.0000000e+01   1.0000000e+01   4.9000000e+01  -5.3677847e+01  -3.8617487e+01   5.0213061e+02   1.1797417e+02   3.3906121e+02   3.3906121e+02
   2.0060000e+03   1.2000000e+01   2.6000000e+01   2.0000000e+01   1.2000000e+01   1.6000099e+01  -5.3682243e+01  -3.8616053e+01   4.9753017e+02   2.2920900e+00   4.4751014e+00   4.3693171e+00
   2.0060000e+03   1.2000000e+01   2.6000000e+01   2.0000000e+01   1.3000000e+01   4.3000000e+01  -5.3686626e+01  -3.8614693e+01   4.9526013e+02   8.2827973e-02   1.5789156e-01   1.5789156e-01
   2.0060000e+03   1.2000000e+01   2.6000000e+01   2.0000000e+01   1.5000000e+01   1.2000000e+01  -5.3690996e+01  -3.8613343e+01   4.9362305e+02   2.0449842e-01   3.8982694e-01   3.0347132e-01
   2.0060000e+03   1.2000000e+01   2.6000000e+01   2.0000000e+01   1.6000000e+01   4.0000000e+01  -5.3695421e+01  -3.8611982e+01   4.9983700e+02   5.3448348e-02   2.7231305e-01   2.7231305e-01
   2.0060000e+03   1.2000000e+01   2.6000000e+01   2.0000000e+01   1.8000000e+01   8.0000000e+00  -5.3699868e+01  -3.8610512e+01   5.0344510e+02   6.3919132e-02   1.8722159e-01   1.8722159e-01
   2.0060000e+03   1.2000000e+01   2.6000000e+01   2.0000000e+01   1.9000000e+01   3.7000000e+01  -5.3704274e+01  -3.8609083e+01   4.9862006e+02   2.4799640e+01   4.7575547e+01   4.7575547e+01
   2.0060000e+03   1.2000000e+01   2.6000000e+01   2.0000000e+01   2.1000000e+01   5.0000992e+00  -5.3708614e+01  -3.8607739e+01   4.9026293e+02   8.5771418e-02   1.6556056e-01   1.6350253e-01
   2.0060000e+03   1.2000000e+01   2.6000000e+01   2.0000000e+01   2.2000000e+01   3.3000000e+01  -5.3713069e+01  -3.8606290e+01   5.0409432e+02   2.7285775e-02   2.4228684e-01   0.0000000e+00
   2.0060000e+03   1.2000000e+01   2.6000000e+01   2.0000000e+01   2.4000000e+01   2.0000000e+00  -5.3717523e+01  -3.8604821e+01   5.0430759e+02   1.6307107e-02   4.7549384e-01   4.4440827e-01
   2.0060000e+03   1.2000000e+01   2.6000000e+01   2.0000000e+01   2.5000000e+01   3.1000000e+01  -5.3721926e+01  -3.8603450e+01   4.9744409e+02   5.1075272e-02   4.3791353e-01   4.0717849e-01
   2.0060000e+03   1.2000000e+01   2.6000000e+01   2.0000000e+01   2.7000000e+01   0.0000000e+00  -5.3726344e+01  -3.8601962e+01   5.0055734e+02   2.3505981e-01   5.1339611e-01   3.9293426e-01
   2.0060000e+03   1.2000000e+01   2.6000000e+01   2.0000000e+01   2.8000000e+01   2.9000099e+01  -5.3730722e+01  -3.8600492e+01   4.9607837e+02   8.4672308e-01   2.1568716e+00   1.7130888e+00
   2.0060000e+03   1.2000000e+01   2.6000000e+01   2.0000000e+01   2.9000000e+01   5.8000000e+01  -5.3735080e+01  -3.8599112e+01   4.9268254e+02   1.5317361e+02   4.3614523e+02   3.4713657e+02
   2.0060000e+03   1.2000000e+01   2.6000000e+01   2.0000000e+01   3.1000000e+01   2.6000000e+01  -5.3739512e+01  -3.8597617e+01   5.0218045e+02   1.0933924e-01   2.0842890e-01   1.8193843e-01
   2.0060000e+03   1.2000000e+01   2.6000000e+01   2.0000000e+01   3.2000000e+01   5.3000000e+01  -5.3743926e+01  -3.8596162e+01   4.9970246e+02   5.4521323e-02   4.7911721e-01   3.7518545e-01
   2.0060000e+03   1.2000000e+01   2.6000000e+01   2.0000000e+01   3.4000000e+01   2.1000000e+01  -5.3748359e+01  -3.8594720e+01   5.0158884e+02   4.5876401e-03   2.3364158e-01   2.0833283e-01
   2.0060000e+03   1.2000000e+01   2.6000000e+01   2.0000000e+01   3.5000000e+01   4.8000000e+01  -5.3752752e+01  -3.8593369e+01   4.9617758e+02   8.2899822e-02   2.6518072e+00   0.0000000e+00
   2.0060000e+03   1.2000000e+01   2.6000000e+01   2.0000000e+01   3.7000000e+01   1.5000099e+01  -5.3757169e+01  -3.8591965e+01   4.9943098e+02   2.1116884e-01   4.0254249e-01   3.8697374e-01
   2.0060000e+03   1.2000000e+01   2.6000000e+01   2.0000000e+01   3.8000000e+01   4.3000000e+01  -5.3761588e+01  -3.8590579e+01   4.9935343e+02   5.1268517e-03   2.7805997e+01   2.7564619e+01
   2.0060000e+03   1.2000000e+01   2.6000000e+01   2.0000000e+01   4.0000000e+01   1.0000000e+01  -5.3765988e+01  -3.8589084e+01   4.9871837e+02   9.4920989e-02   2.5022684e-01   2.3310736e-01
   2.0060000e+03   1.2000000e+01   2.6000000e+01   2.0000000e+01   4.1000000e+01   3.7000000e+01  -5.3770341e+01  -3.8587778e+01   4.9126889e+02   5.7387730e+00   1.0945387e+01   5.2587896e-02
   2.0060000e+03   1.2000000e+01   2.6000000e+01   2.0000000e+01   4.3000000e+01   4.0000000e+00  -5.3774797e+01  -3.8586498e+01   5.0224663e+02   5.8715664e-02   1.1824641e-01   6.3191548e-03
   2.0060000e+03   1.2000000e+01   2.6000000e+01   2.0000000e+01   4.4000000e+01   3.0999901e+01  -5.3779271e+01  -3.8585201e+01   5.0435660e+02   6.8443776e-02   1.3047156e-01   1.0182375e-01
   2.0060000e+03   1.2000000e+01   2.6000000e+01   2.0000000e+01   4.5000000e+01   5.8000000e+01  -5.3783725e+01  -3.8584011e+01   5.0112715e+02   1.4300021e-01   4.4786742e-01   1.2468144e-01
   2.0060000e+03   1.2000000e+01   2.6000000e+01   2.0000000e+01   4.7000000e+01   2.4000099e+01  -5.3788149e+01  -3.8582717e+01   4.9884635e+02   2.6439262e-01   6.8565491e-01   4.8450066e-01
   2.0060000e+03   1.2000000e+01   2.6000000e+01   2.0000000e+01   4.8000000e+01   5.0000000e+01  -5.3792577e+01  -3.8581464e+01   4.9887405e+02   1.3244201e+00   2.7684626e+00   2.6645425e+00
   2.0060000e+03   1.2000000e+01   2.6000000e+01   2.0000000e+01   5.0000000e+01   1.6000000e+01  -5.3796953e+01  -3.8580253e+01   4.9270370e+02   2.6866041e+00   5.5282446e+00   5.4104908e+00
   2.0060000e+03   1.2000000e+01   2.6000000e+01   2.0000000e+01   5.1000000e+01   4.3000099e+01  -5.3801356e+01  -3.8578832e+01   4.9806051e+02   1.8300628e+00   3.5062653e+00   3.3136187e+00
   2.0060000e+03   1.2000000e+01   2.6000000e+01   2.0000000e+01   5.3000000e+01   1.2000000e+01  -5.3805761e+01  -3.8577207e+01   5.0091512e+02   6.0982395e-01   1.3129840e+00   1.2019279e+00
   2.0060000e+03   1.2000000e+01   2.6000000e+01   2.0000000e+01   5.4000000e+01   4.1000099e+01  -5.3810117e+01  -3.8575592e+01   4.9550550e+02   4.0202982e-01   7.6637294e-01   5.1966983e-01
   2.0060000e+03   1.2000000e+01   2.6000000e+01   2.0000000e+01   5.6000000e+01   9.0000000e+00  -5.3814502e+01  -3.8574035e+01   4.9790410e+02   6.9905828e-01   1.3873738e+00   4.5835358e-01
   2.0060000e+03   1.2000000e+01   2.6000000e+01   2.0000000e+01   5.7000000e+01   3.7000000e+01  -5.3818920e+01  -3.8572406e+01   5.0241270e+02   1.3613773e+00   5.2864202e+00   2.1448798e+00
   2.0060000e+03   1.2000000e+01   2.6000000e+01   2.0000000e+01   5.9000000e+01   4.0000000e+00  -5.3823265e+01  -3.8570841e+01   4.9361760e+02   1.5071314e+00   3.0506367e+00   2.7311010e+00
   2.0060000e+03   1.2000000e+01   2.6000000e+01   2.1000000e+01   0.0000000e+00   3.1000000e+01  -5.3827672e+01  -3.8569278e+01   5.0028293e+02   3.9204445e-02   1.2407062e-01   1.2407062e-01
   2.0060000e+03   1.2000000e+01   2.6000000e+01   2.1000000e+01   1.0000000e+00   5.8000000e+01  -5.3832102e+01  -3.8567774e+01   5.0204821e+02   1.1014678e-01   4.3257844e-01   3.4060309e-01
   2.0060000e+03   1.2000000e+01   2.6000000e+01   2.1000000e+01   3.0000000e+00   2.4000000e+01  -5.3836526e+01  -3.8566269e+01   5.0149243e+02   1.9755933e+00   4.2310461e+00   2.0229938e+00
   2.0060000e+03   1.2000000e+01   2.6000000e+01   2.1000000e+01   4.0000000e+00   5.0000000e+01  -5.3840924e+01  -3.8564875e+01   4.9715231e+02   9.7586768e+00   1.9865106e+01   1.4807849e+01
   2.0060000e+03   1.2000000e+01   2.6000000e+01   2.1000000e+01   6.0000000e+00   1.7000000e+01  -5.3845299e+01  -3.8563523e+01   4.9416662e+02   5.6546981e+01   1.0913662e+02   1.0820909e+02
   2.0060000e+03   1.2000000e+01   2.6000000e+01   2.1000000e+01   7.0000000e+00   4.3000000e+01  -5.3849697e+01  -3.8562140e+01   4.9699879e+02   1.8977167e+01   3.6293905e+01   2.4099739e+01
   2.0060000e+03   1.2000000e+01   2.6000000e+01   2.1000000e+01   9.0000000e+00   8.0000992e+00  -5.3854146e+01  -3.8560868e+01   5.0134951e+02   9.0980646e+00   1.9831276e+01   1.5265916e+01
   2.0060000e+03   1.2000000e+01   2.6000000e+01   2.1000000e+01   1.0000000e+01   3.4000000e+01  -5.3858547e+01  -3.8559585e+01   4.9625047e+02   9.2474760e+01   1.7640838e+02   1.4693871e+02
   2.0060000e+03   1.2000000e+01   2.6000000e+01   2.1000000e+01   1.2000000e+01   0.0000000e+00  -5.3863008e+01  -3.8558317e+01   5.0256972e+02   9.5989111e+00   1.8298010e+01   1.7546258e+01
   2.0060000e+03   1.2000000e+01   2.6000000e+01   2.1000000e+01   1.3000000e+01   2.6000000e+01  -5.3867438e+01  -3.8557048e+01   4.9926611e+02   5.6965208e+01   1.1111213e+02   4.9464148e+01
   2.0060000e+03   1.2000000e+01   2.6000000e+01   2.1000000e+01   1.4000000e+01   5.1000000e+01  -5.3871842e+01  -3.8555923e+01   4.9491560e+02   8.1287772e-01   2.2911681e+00   1.8672560e+00
   2.0060000e+03   1.2000000e+01   2.6000000e+01   2.1000000e+01   1.6000000e+01   1.6000000e+01  -5.3876266e+01  -3.8554616e+01   4.9897321e+02   4.4626778e+00   8.9401162e+00   8.4512749e+00
   2.0060000e+03   1.2000000e+01   2.6000000e+01   2.1000000e+01   1.7000000e+01   4.3000000e+01  -5.3880719e+01  -3.8553243e+01   5.0295813e+02   6.4162518e-01   1.3100961e+00   5.1880618e-01
   2.0060000e+03   1.2000000e+01   2.6000000e+01   2.1000000e+01   1.9000000e+01   1.0000000e+01  -5.3885128e+01  -3.8551900e+01   4.9771338e+02   2.0896160e+00   4.7594842e+00   4.5938613e+00
   2.0060000e+03   1.2000000e+01   2.6000000e+01   2.1000000e+01   2.0000000e+01   3.6000000e+01  -5.3889460e+01  -3.8550310e+01   4.9250419e+02   3.9299705e-01   1.1026938e+00   8.1389156e-01
   2.0060000e+03   1.2000000e+01   2.6000000e+01   2.1000000e+01   2.2000000e+01   3.0000000e+00  -5.3893867e+01  -3.8548663e+01   5.0145468e+02   6.7173709e-01   1.3578666e+00   1.2390626e+00
   2.0060000e+03   1.2000000e+01   2.6000000e+01   2.1000000e+01   2.3000000e+01   3.1000000e+01  -5.3898288e+01  -3.8547170e+01   5.0088565e+02   1.7160898e+00   3.2713115e+00   3.0625393e+00
   2.0060000e+03   1.2000000e+01   2.6000000e+01   2.1000000e+01   2.5000000e+01   0.0000000e+00  -5.3902668e+01  -3.8545677e+01   4.9645592e+02   2.3710729e+00   5.0132247e+00   4.3097577e+00
   2.0060000e+03   1.2000000e+01   2.6000000e+01   2.1000000e+01   2.6000000e+01   3.0000000e+01  -5.3907068e+01  -3.8544278e+01   4.9748257e+02   2.2454813e+00   4.3616426e+00   4.1332754e+00
   2.0060000e+03   1.2000000e+01   2.6000000e+01   2.1000000e+01   2.7000000e+01   5.8000000e+01  -5.3911460e+01  -3.8542866e+01   4.9662117e+02   2.3591646e+00   4.6177783e+00   4.2945112e+00
   2.0060000e+03   1.2000000e+01   2.6000000e+01   2.1000000e+01   2.9000000e+01   2.6000000e+01  -5.3915919e+01  -3.8541457e+01   5.0399342e+02   1.9777746e+00   3.8872026e+00   3.7010666e+00
   2.0060000e+03   1.2000000e+01   2.6000000e+01   2.1000000e+01   3.0000000e+01   5.4000000e+01  -5.3920343e+01  -3.8539887e+01   5.0226258e+02   5.6797027e-01   1.3195765e+00   1.1042088e+00
   2.0060000e+03   1.2000000e+01   2.6000000e+01   2.1000000e+01   3.2000000e+01   2.1000000e+01  -5.3924702e+01  -3.8538569e+01   4.9196912e+02   7.0327492e-01   2.2476688e+00   1.9894189e+00
   2.0060000e+03   1.2000000e+01   2.6000000e+01   2.1000000e+01   3.3000000e+01   4.8000000e+01  -5.3929128e+01  -3.8537091e+01   5.0128191e+02   1.7371019e+00   3.3608589e+00   3.0360423e+00
   2.0060000e+03   1.2000000e+01   2.6000000e+01   2.1000000e+01   3.5000000e+01   1.4000000e+01  -5.3933534e+01  -3.8535718e+01   4.9767942e+02   1.1866605e+00   2.3834862e+00   2.2410793e+00
   2.0060000e+03   1.2000000e+01   2.6000000e+01   2.1000000e+01   3.6000000e+01   4.0000000e+01  -5.3938005e+01  -3.8534333e+01   5.0507863e+02   5.5733468e-01   1.1583231e+00   1.0131588e+00
   2.0060000e+03   1.2000000e+01   2.6000000e+01   2.1000000e+01   3.8000000e+01   7.0000000e+00  -5.3942395e+01  -3.8532935e+01   4.9631961e+02   9.0846511e-01   1.8146061e+00   1.5474925e+00
   2.0060000e+03   1.2000000e+01   2.6000000e+01   2.1000000e+01   3.9000000e+01   3.4000000e+01  -5.3946809e+01  -3.8531577e+01   4.9842300e+02   2.0406681e+00   4.6405107e+00   4.5769752e+00
   2.0060000e+03   1.2000000e+01   2.6000000e+01   2.1000000e+01   4.1000000e+01   1.0000000e+00  -5.3951169e+01  -3.8530143e+01   4.9349407e+02   2.1158443e+00   4.1733000e+00   3.9583702e+00
   2.0060000e+03   1.2000000e+01   2.6000000e+01   2.1000000e+01   4.2000000e+01   2.9000000e+01  -5.3955604e+01  -3.8528756e+01   5.0106135e+02   4.0673489e+00   9.6030952e+00   6.5039467e+00
   2.0060000e+03   1.2000000e+01   2.6000000e+01   2.1000000e+01   4.3000000e+01   5.8000000e+01  -5.3960038e+01  -3.8527413e+01   5.0047099e+02   4.5302322e+00   8.6357955e+00   8.6069757e+00
