   2.0160000e+03   1.2000000e+01   2.2000000e+01   1.7000000e+01   6.0000000e+00   2.1000000e+01  -5.3185432e+01  -3.8141160e+01   6.6434003e+02   2.5767875e-01   3.3381863e-01   0.0000000e+00
   2.0160000e+03   1.2000000e+01   2.2000000e+01   1.7000000e+01   9.0000000e+00   4.1000099e+01  -5.3193843e+01  -3.8137456e+01   9.6661147e+02   1.1163296e-01   1.4856949e-01   1.4856949e-01
   2.0160000e+03   1.2000000e+01   2.2000000e+01   1.7000000e+01   1.1000000e+01   1.5000000e+01  -5.3198249e+01  -3.8135591e+01   5.0513476e+02   9.9864262e-02   1.1342894e-01   1.1342894e-01
   2.0160000e+03   1.2000000e+01   2.2000000e+01   1.7000000e+01   1.2000000e+01   3.0000000e+01  -5.3201767e+01  -3.8134230e+01   4.0131483e+02   2.4597302e-01   2.5757523e+00   2.2957662e+00
   2.0160000e+03   1.2000000e+01   2.2000000e+01   1.7000000e+01   1.4000000e+01   1.8000000e+01  -5.3206791e+01  -3.8132689e+01   5.6761702e+02   4.3803464e-02   4.4169307e-02   4.4169307e-02
   2.0160000e+03   1.2000000e+01   2.2000000e+01   1.7000000e+01   1.5000000e+01   5.8000000e+01  -5.3211333e+01  -3.8131233e+01   5.1388882e+02   4.3487918e-01   5.3942248e-01   0.0000000e+00
   2.0160000e+03   1.2000000e+01   2.2000000e+01   1.7000000e+01   2.3000000e+01   2.3000000e+01  -5.3231203e+01  -3.8125051e+01   2.2459581e+03   3.5066447e-03   4.6669050e-03   0.0000000e+00
   2.0160000e+03   1.2000000e+01   2.2000000e+01   1.7000000e+01   2.4000000e+01   1.3000000e+01  -5.3233513e+01  -3.8124294e+01   2.6154371e+02   3.3143195e+02   4.4054754e+02   4.4048809e+02
   2.0160000e+03   1.2000000e+01   2.2000000e+01   1.7000000e+01   2.7000000e+01   2.6000000e+01  -5.3242307e+01  -3.8121462e+01   9.9515308e+02   3.6533747e-01   4.8184028e-01   1.0189493e-01
   2.0160000e+03   1.2000000e+01   2.2000000e+01   1.7000000e+01   2.9000000e+01   4.0000000e+00  -5.3246746e+01  -3.8120036e+01   5.0235695e+02   3.7235580e-01   3.7869835e-01   1.2275054e-01
   2.0160000e+03   1.2000000e+01   2.2000000e+01   1.7000000e+01   3.2000000e+01   2.3000000e+01  -5.3255529e+01  -3.8117213e+01   9.9379799e+02   4.2310364e-01   5.6309796e-01   1.8450568e-01
   2.0160000e+03   1.2000000e+01   2.2000000e+01   1.7000000e+01   3.5000000e+01   3.7000000e+01  -5.3264323e+01  -3.8114410e+01   9.9486181e+02   4.9439223e+00   6.2236318e+00   6.1491155e+00
   2.0160000e+03   1.2000000e+01   2.2000000e+01   1.7000000e+01   3.8000000e+01   5.3000000e+01  -5.3273350e+01  -3.8111561e+01   1.0207579e+03   4.4787577e-02   2.8260072e-01   0.0000000e+00
   2.0160000e+03   1.2000000e+01   2.2000000e+01   1.7000000e+01   4.0000000e+01   2.4000000e+01  -5.3277576e+01  -3.8110077e+01   4.7977537e+02   1.2837561e+01   1.4235569e+01   8.6864251e+00
   2.0160000e+03   1.2000000e+01   2.2000000e+01   1.7000000e+01   4.3000000e+01   3.2000000e+01  -5.3286301e+01  -3.8107060e+01   9.9007549e+02   2.3779302e+02   3.1575349e+02   3.0309631e+02
   2.0160000e+03   1.2000000e+01   2.2000000e+01   1.7000000e+01   4.5000000e+01   7.0000992e+00  -5.3290729e+01  -3.8105536e+01   5.0237685e+02   1.2452592e-01   1.3078947e-01   0.0000000e+00
   2.0160000e+03   1.2000000e+01   2.2000000e+01   1.7000000e+01   4.7000000e+01   3.0000992e+00  -5.3296045e+01  -3.8103758e+01   6.0233533e+02   5.5879040e+01   7.4306767e+01   6.6275231e+01
   2.0160000e+03   1.2000000e+01   2.2000000e+01   1.7000000e+01   4.9000000e+01   5.4000099e+01  -5.3303905e+01  -3.8101262e+01   8.8897395e+02   2.3531040e+01   2.5768150e+01   1.3836444e+01
   2.0160000e+03   1.2000000e+01   2.2000000e+01   1.7000000e+01   5.1000000e+01   3.1000000e+01  -5.3308343e+01  -3.8099620e+01   5.0507055e+02   3.5972839e-01   4.3701060e-01   1.4573525e-01
   2.0160000e+03   1.2000000e+01   2.2000000e+01   1.7000000e+01   5.4000000e+01   4.5000099e+01  -5.3317088e+01  -3.8096999e+01   9.8727186e+02   2.1961102e-01   2.4108823e-01   0.0000000e+00
   2.0160000e+03   1.2000000e+01   2.2000000e+01   1.7000000e+01   5.6000000e+01   2.4000000e+01  -5.3321637e+01  -3.8095527e+01   5.1481640e+02   2.2252217e+01   2.9451828e+01   2.9104495e+01
   2.0160000e+03   1.2000000e+01   2.2000000e+01   1.7000000e+01   5.9000000e+01   2.4000000e+01  -5.3329882e+01  -3.8092958e+01   9.3194641e+02   1.5695433e+00   1.8316839e+00   6.3589483e-02
   2.0160000e+03   1.2000000e+01   2.2000000e+01   1.8000000e+01   1.0000000e+00   3.2000000e+01  -5.3335654e+01  -3.8090975e+01   6.5465239e+02   1.6144873e+01   2.1368998e+01   1.7188757e+01
   2.0160000e+03   1.2000000e+01   2.2000000e+01   1.8000000e+01   4.0000000e+00   2.9000000e+01  -5.3343559e+01  -3.8088330e+01   8.9584391e+02   1.4300709e-01   6.3692442e-02   6.3692442e-02
   2.0160000e+03   1.2000000e+01   2.2000000e+01   1.8000000e+01   6.0000000e+00   8.0000000e+00  -5.3347930e+01  -3.8086839e+01   4.9565596e+02   9.0332039e-02   4.0441721e-02   0.0000000e+00
   2.0160000e+03   1.2000000e+01   2.2000000e+01   1.8000000e+01   7.0000000e+00   4.5000000e+01  -5.3352304e+01  -3.8085343e+01   4.9602845e+02   2.3967020e-02   0.0000000e+00   0.0000000e+00
   2.0160000e+03   1.2000000e+01   2.2000000e+01   1.8000000e+01   9.0000000e+00   2.0000000e+01  -5.3356752e+01  -3.8083827e+01   5.0435898e+02   2.1564616e+01   2.8664619e+01   2.1857386e+01
   2.0160000e+03   1.2000000e+01   2.2000000e+01   1.8000000e+01   1.2000000e+01   2.7000000e+01  -5.3365555e+01  -3.8081008e+01   9.9594442e+02   1.1743455e-01   1.7483115e-02   0.0000000e+00
   2.0160000e+03   1.2000000e+01   2.2000000e+01   1.8000000e+01   1.4000000e+01   1.0000000e+00  -5.3369960e+01  -3.8079559e+01   4.9886755e+02   4.6483597e-02   6.1863847e-02   0.0000000e+00
   2.0160000e+03   1.2000000e+01   2.2000000e+01   1.8000000e+01   1.5000000e+01   3.4000000e+01  -5.3374367e+01  -3.8078119e+01   4.9892548e+02   3.2066324e-01   2.9947278e-01   0.0000000e+00
   2.0160000e+03   1.2000000e+01   2.2000000e+01   1.8000000e+01   1.7000000e+01   1.0000000e+01  -5.3378792e+01  -3.8076665e+01   5.0097977e+02   4.9812130e-02   0.0000000e+00   0.0000000e+00
   2.0160000e+03   1.2000000e+01   2.2000000e+01   1.8000000e+01   1.8000000e+01   4.7000099e+01  -5.3383171e+01  -3.8075213e+01   4.9603368e+02   9.2610431e-02   0.0000000e+00   0.0000000e+00
   2.0160000e+03   1.2000000e+01   2.2000000e+01   1.8000000e+01   2.0000000e+01   2.4000099e+01  -5.3387596e+01  -3.8073782e+01   5.0078021e+02   5.3381074e+00   7.0692318e+00   5.1881002e+00
   2.0160000e+03   1.2000000e+01   2.2000000e+01   1.8000000e+01   2.2000000e+01   2.0000992e+00  -5.3391995e+01  -3.8072375e+01   4.9764445e+02   1.3645518e+00   2.0302018e+00   0.0000000e+00
   2.0160000e+03   1.2000000e+01   2.2000000e+01   1.8000000e+01   2.5000000e+01   1.6000000e+01  -5.3400750e+01  -3.8069240e+01   9.9480028e+02   7.5964550e+01   1.5544249e+02   1.3843991e+02
   2.0160000e+03   1.2000000e+01   2.2000000e+01   1.8000000e+01   2.6000000e+01   5.3000000e+01  -5.3405149e+01  -3.8067730e+01   4.9894802e+02   9.7147602e+00   1.2926570e+01   1.1379414e+01
   2.0160000e+03   1.2000000e+01   2.2000000e+01   1.8000000e+01   2.8000000e+01   3.0000099e+01  -5.3409574e+01  -3.8066297e+01   5.0077018e+02   5.2077762e+00   6.9308979e+00   0.0000000e+00
   2.0160000e+03   1.2000000e+01   2.2000000e+01   1.8000000e+01   3.0000000e+01   9.0000000e+00  -5.3413990e+01  -3.8064994e+01   4.9828550e+02   8.7448606e-02   2.8617267e-02   0.0000000e+00
   2.0160000e+03   1.2000000e+01   2.2000000e+01   1.8000000e+01   3.3000000e+01   2.7000000e+01  -5.3422785e+01  -3.8062162e+01   9.9511009e+02   9.7467290e-01   1.2468296e+00   0.0000000e+00
   2.0160000e+03   1.2000000e+01   2.2000000e+01   1.8000000e+01   3.5000000e+01   6.0000000e+00  -5.3427213e+01  -3.8060698e+01   5.0148992e+02   4.4358816e+00   6.3937563e+00   0.0000000e+00
   2.0160000e+03   1.2000000e+01   2.2000000e+01   1.8000000e+01   3.8000000e+01   2.4000000e+01  -5.3435927e+01  -3.8057558e+01   9.9032707e+02   5.8898156e-01   5.6662966e+00   0.0000000e+00
   2.0160000e+03   1.2000000e+01   2.2000000e+01   1.8000000e+01   4.0000000e+01   4.0000000e+00  -5.3440331e+01  -3.8056046e+01   4.9948980e+02   5.8472738e-01   4.1179734e+00   2.5790740e+00
   2.0160000e+03   1.2000000e+01   2.2000000e+01   1.8000000e+01   4.1000000e+01   4.5000000e+01  -5.3444727e+01  -3.8054602e+01   4.9781396e+02   8.0366266e-01   8.9162332e-01   0.0000000e+00
   2.0160000e+03   1.2000000e+01   2.2000000e+01   1.8000000e+01   4.3000000e+01   2.6000000e+01  -5.3449197e+01  -3.8053166e+01   5.0567290e+02   1.9870391e+01   7.8494960e+01   4.1530549e+01
   2.0160000e+03   1.2000000e+01   2.2000000e+01   1.8000000e+01   4.6000000e+01   4.9000000e+01  -5.3457888e+01  -3.8050369e+01   9.8327391e+02   1.7448615e+00   2.8260148e+00   2.6299282e+00
   2.0160000e+03   1.2000000e+01   2.2000000e+01   1.8000000e+01   4.8000000e+01   2.8000099e+01  -5.3462293e+01  -3.8049120e+01   4.9643540e+02   7.5997748e+01   1.0095704e+02   2.7563941e+01
   2.0160000e+03   1.2000000e+01   2.2000000e+01   1.8000000e+01   5.0000000e+01   7.0000992e+00  -5.3466768e+01  -3.8047684e+01   5.0632251e+02   1.1732445e+01   1.5367222e+01   2.0208364e+00
   2.0160000e+03   1.2000000e+01   2.2000000e+01   1.8000000e+01   5.1000000e+01   4.4000000e+01  -5.3471108e+01  -3.8046249e+01   4.9141600e+02   3.0848183e-01   1.9904538e-01   2.2196950e-02
   2.0160000e+03   1.2000000e+01   2.2000000e+01   1.8000000e+01   5.3000000e+01   2.4000099e+01  -5.3475569e+01  -3.8044746e+01   5.0558864e+02   2.8590552e-01   1.8429857e-02   1.8429857e-02
   2.0160000e+03   1.2000000e+01   2.2000000e+01   1.8000000e+01   5.5000000e+01   1.0000000e+00  -5.3479965e+01  -3.8043132e+01   5.0007286e+02   1.1743847e+02   1.6440510e+02   1.5545759e+02
   2.0160000e+03   1.2000000e+01   2.2000000e+01   1.8000000e+01   5.8000000e+01   1.2000000e+01  -5.3488656e+01  -3.8039919e+01   9.8876201e+02   3.6321837e+01   4.8284185e+01   4.7715232e+01
   2.0160000e+03   1.2000000e+01   2.2000000e+01   1.8000000e+01   5.9000000e+01   4.5000000e+01  -5.3493114e+01  -3.8038425e+01   5.0516890e+02   4.9550720e-01   1.8181158e+01   1.7523123e+01
   2.0160000e+03   1.2000000e+01   2.2000000e+01   1.9000000e+01   1.0000000e+00   1.8000000e+01  -5.3497566e+01  -3.8037083e+01   5.0261035e+02   6.3029629e+02   8.3875534e+02   8.2597269e+02
   2.0160000e+03   1.2000000e+01   2.2000000e+01   1.9000000e+01   4.0000000e+00   5.4000000e+01  -5.3507267e+01  -3.8034345e+01   1.0930670e+03   1.0108733e+01   1.3045618e+01   1.2616325e+01
   2.0160000e+03   1.2000000e+01   2.2000000e+01   1.9000000e+01   8.0000000e+00   0.0000000e+00  -5.3515210e+01  -3.8031948e+01   8.9673060e+02   7.8339402e+02   1.0433195e+03   1.0408583e+03
   2.0160000e+03   1.2000000e+01   2.2000000e+01   1.9000000e+01   9.0000000e+00   4.4999901e+01  -5.3519629e+01  -3.8030544e+01   4.9969571e+02   5.5164158e-01   6.9519142e-01   2.1003706e-01
   2.0160000e+03   1.2000000e+01   2.2000000e+01   1.9000000e+01   1.1000000e+01   2.9000000e+01  -5.3524069e+01  -3.8029096e+01   5.0255332e+02   1.0167566e+00   2.1593520e+01   2.0844007e+01
   2.0160000e+03   1.2000000e+01   2.2000000e+01   1.9000000e+01   1.3000000e+01   1.1000000e+01  -5.3528409e+01  -3.8027363e+01   4.9565212e+02   9.8436560e-01   1.2577990e+00   6.8392102e-01
   2.0160000e+03   1.2000000e+01   2.2000000e+01   1.9000000e+01   1.4000000e+01   4.9999901e+01  -5.3532805e+01  -3.8025857e+01   4.9855577e+02   7.7227941e+00   1.0436061e+01   7.9399758e-01
   2.0160000e+03   1.2000000e+01   2.2000000e+01   1.9000000e+01   1.8000000e+01   5.0000000e+00  -5.3541532e+01  -3.8022752e+01   9.9111200e+02   2.7909661e+01   5.2323603e+01   1.4680887e+01
   2.0160000e+03   1.2000000e+01   2.2000000e+01   1.9000000e+01   1.9000000e+01   4.2000000e+01  -5.3545962e+01  -3.8021260e+01   5.0210907e+02   1.4941061e+00   2.1223229e+00   0.0000000e+00
   2.0160000e+03   1.2000000e+01   2.2000000e+01   1.9000000e+01   2.1000000e+01   1.9000000e+01  -5.3550383e+01  -3.8019661e+01   5.0246257e+02   5.8310076e+01   7.7603409e+01   6.4217407e+01
   2.0160000e+03   1.2000000e+01   2.2000000e+01   1.9000000e+01   2.4000000e+01   3.6000099e+01  -5.3559162e+01  -3.8016766e+01   9.9406218e+02   8.5874417e+00   1.1833056e+01   3.0029911e+00
   2.0160000e+03   1.2000000e+01   2.2000000e+01   1.9000000e+01   2.7000000e+01   5.7000000e+01  -5.3567999e+01  -3.8014106e+01   9.9749169e+02   5.5748487e+00   1.1801833e+01   3.9978768e+00
   2.0160000e+03   1.2000000e+01   2.2000000e+01   1.9000000e+01   3.1000000e+01   1.5000000e+01  -5.3576818e+01  -3.8011386e+01   9.9630584e+02   6.9043355e+00   1.1527210e+01   4.9381838e+00
   2.0160000e+03   1.2000000e+01   2.2000000e+01   1.9000000e+01   3.2000000e+01   5.5999901e+01  -5.3581196e+01  -3.8009805e+01   4.9753602e+02   1.6518718e+00   6.6324765e+00   1.8273247e+00
   2.0160000e+03   1.2000000e+01   2.2000000e+01   1.9000000e+01   3.6000000e+01   1.9000000e+01  -5.3589966e+01  -3.8006801e+01   9.9439346e+02   3.3243697e+00   4.1156362e+00   9.8411117e-01
   2.0160000e+03   1.2000000e+01   2.2000000e+01   1.9000000e+01   3.7000000e+01   5.8000000e+01  -5.3594391e+01  -3.8005335e+01   5.0115049e+02   1.2520902e+01   1.3244020e+01   5.8355826e-01
   2.0160000e+03   1.2000000e+01   2.2000000e+01   1.9000000e+01   3.9000000e+01   3.7000000e+01  -5.3598788e+01  -3.8003874e+01   4.9802647e+02   4.3400324e+00   1.2163574e+01   9.5886819e+00
   2.0160000e+03   1.2000000e+01   2.2000000e+01   1.9000000e+01   4.2000000e+01   5.6000000e+01  -5.3607532e+01  -3.8000805e+01   9.9253075e+02   2.7951970e+00   2.9816593e+01   2.7506986e+01
   2.0160000e+03   1.2000000e+01   2.2000000e+01   1.9000000e+01   4.4000000e+01   2.1000000e+01  -5.3611225e+01  -3.7999537e+01   4.1869570e+02   7.8066176e-01   6.8744365e-01   6.4804133e-01
   2.0160000e+03   1.2000000e+01   2.2000000e+01   1.9000000e+01   4.6000000e+01   3.4000000e+01  -5.3617043e+01  -3.7997346e+01   6.6252453e+02   9.2527463e+00   1.0124045e+01   1.7224844e+00
   2.0160000e+03   1.2000000e+01   2.2000000e+01   1.9000000e+01   4.9000000e+01   3.8000000e+01  -5.3625118e+01  -3.7994711e+01   9.1391829e+02   3.6722058e+01   6.5098108e+01   0.0000000e+00
   2.0160000e+03   1.2000000e+01   2.2000000e+01   1.9000000e+01   5.1000000e+01   1.9000000e+01  -5.3629564e+01  -3.7993403e+01   5.0150834e+02   5.9980965e+01   1.5167389e+02   1.4044552e+02
   2.0160000e+03   1.2000000e+01   2.2000000e+01   1.9000000e+01   5.4000000e+01   3.6000000e+01  -5.3638362e+01  -3.7990803e+01   9.9244899e+02   5.4801846e+01   2.4366161e+02   1.7121445e+02
   2.0160000e+03   1.2000000e+01   2.2000000e+01   1.9000000e+01   5.6000000e+01   1.5000000e+01  -5.3642766e+01  -3.7989482e+01   4.9714744e+02   1.1589118e+02   4.0739497e+02   3.7789558e+02
   2.0160000e+03   1.2000000e+01   2.2000000e+01   1.9000000e+01   5.7000000e+01   5.6000099e+01  -5.3647167e+01  -3.7987968e+01   4.9905275e+02   3.2921811e+01   4.7586734e+02   1.7093972e+02
   2.0160000e+03   1.2000000e+01   2.2000000e+01   1.9000000e+01   5.9000000e+01   3.8000000e+01  -5.3651593e+01  -3.7986421e+01   5.0227798e+02   2.4724718e+01   3.0439613e+02   4.0058810e+00
   2.0160000e+03   1.2000000e+01   2.2000000e+01   2.0000000e+01   1.0000000e+00   2.0000000e+01  -5.3655984e+01  -3.7984917e+01   4.9788454e+02   8.5713774e+01   1.1991896e+02   9.8452674e+01
   2.0160000e+03   1.2000000e+01   2.2000000e+01   2.0000000e+01   4.0000000e+00   4.7000000e+01  -5.3664729e+01  -3.7981909e+01   9.9172468e+02   2.6226225e+00   3.7091435e+01   1.2292584e+01
   2.0160000e+03   1.2000000e+01   2.2000000e+01   2.0000000e+01   6.0000000e+00   3.2000000e+01  -5.3669134e+01  -3.7980295e+01   5.0083115e+02   6.9702923e+00   9.2098907e+00   3.6475366e-01
   2.0160000e+03   1.2000000e+01   2.2000000e+01   2.0000000e+01   8.0000000e+00   1.6000000e+01  -5.3673569e+01  -3.7978725e+01   5.0357623e+02   1.5495209e+01   2.6353661e+01   1.4378690e+01
   2.0160000e+03   1.2000000e+01   2.2000000e+01   2.0000000e+01   1.1000000e+01   3.8000000e+01  -5.3682328e+01  -3.7975966e+01   9.9013342e+02   1.9610241e+01   2.5992693e+01   1.7101102e+00
   2.0160000e+03   1.2000000e+01   2.2000000e+01   2.0000000e+01   1.3000000e+01   2.0000000e+01  -5.3686779e+01  -3.7974646e+01   5.0215742e+02   2.1083264e+01   3.1840065e+01   1.1097179e+01
   2.0160000e+03   1.2000000e+01   2.2000000e+01   2.0000000e+01   1.5000000e+01   2.0000000e+00  -5.3691195e+01  -3.7973191e+01   4.9990688e+02   2.1541337e+01   4.2745237e+01   2.7024713e+01
   2.0160000e+03   1.2000000e+01   2.2000000e+01   2.0000000e+01   1.8000000e+01   2.5000000e+01  -5.3699968e+01  -3.7970307e+01   9.9313408e+02   9.2763275e+00   1.4877163e+01   4.8051788e+00
   2.0160000e+03   1.2000000e+01   2.2000000e+01   2.0000000e+01   2.0000000e+01   5.0000000e+00  -5.3704373e+01  -3.7968865e+01   4.9864427e+02   9.8165850e+00   1.2673779e+01   9.6832848e+00
   2.0160000e+03   1.2000000e+01   2.2000000e+01   2.0000000e+01   2.1000000e+01   4.6000000e+01  -5.3708759e+01  -3.7967448e+01   4.9621988e+02   7.3698302e+00   1.0540364e+01   5.2594884e+00
   2.0160000e+03   1.2000000e+01   2.2000000e+01   2.0000000e+01   2.3000000e+01   2.7000000e+01  -5.3713151e+01  -3.7965990e+01   4.9735137e+02   9.9141462e+00   1.3714315e+01   2.8328817e+00
   2.0160000e+03   1.2000000e+01   2.2000000e+01   2.0000000e+01   2.5000000e+01   8.0000000e+00  -5.3717563e+01  -3.7964574e+01   4.9903768e+02   1.1484351e+01   1.6181016e+01   9.9258187e+00
   2.0160000e+03   1.2000000e+01   2.2000000e+01   2.0000000e+01   2.6000000e+01   5.0000000e+01  -5.3721989e+01  -3.7963096e+01   5.0125566e+02   1.0223083e+01   1.6909813e+01   1.2180908e+01
   2.0160000e+03   1.2000000e+01   2.2000000e+01   2.0000000e+01   2.8000000e+01   3.1000000e+01  -5.3726342e+01  -3.7961511e+01   4.9483317e+02   1.3050138e+01   1.7179531e+01   1.0232553e+01
   2.0160000e+03   1.2000000e+01   2.2000000e+01   2.0000000e+01   3.0000000e+01   1.2000000e+01  -5.3730753e+01  -3.7959915e+01   5.0122187e+02   9.2001019e+00   1.2555002e+01   8.2334540e+00
   2.0160000e+03   1.2000000e+01   2.2000000e+01   2.0000000e+01   3.1000000e+01   5.4000000e+01  -5.3735121e+01  -3.7958302e+01   4.9682820e+02   5.2309563e+00   7.1969206e+00   3.1972068e+00
   2.0160000e+03   1.2000000e+01   2.2000000e+01   2.0000000e+01   3.3000000e+01   3.7000000e+01  -5.3739552e+01  -3.7956684e+01   5.0375559e+02   3.4591659e+00   4.5536408e+00   2.8626547e+00
   2.0160000e+03   1.2000000e+01   2.2000000e+01   2.0000000e+01   3.5000000e+01   2.1000000e+01  -5.3743933e+01  -3.7955202e+01   4.9648200e+02   7.2460563e+00   9.5594065e+00   3.4442065e+00
   2.0160000e+03   1.2000000e+01   2.2000000e+01   2.0000000e+01   3.8000000e+01   4.2000000e+01  -5.3752698e+01  -3.7952327e+01   9.9206929e+02   8.6191733e+00   1.1981953e+01   1.2382182e+00
   2.0160000e+03   1.2000000e+01   2.2000000e+01   2.0000000e+01   4.0000000e+01   2.1000000e+01  -5.3757136e+01  -3.7950989e+01   5.0092427e+02   8.8166522e+00   1.1677266e+01   7.1299172e+00
   2.0160000e+03   1.2000000e+01   2.2000000e+01   2.0000000e+01   4.2000000e+01   2.0000000e+00  -5.3761583e+01  -3.7949619e+01   5.0236580e+02   7.1887796e+00   9.5118002e+00   1.4345816e+00
   2.0160000e+03   1.2000000e+01   2.2000000e+01   2.0000000e+01   4.3000000e+01   4.4000099e+01  -5.3765965e+01  -3.7948096e+01   4.9700344e+02   3.9453992e+00   5.2268198e+00   2.2011383e+00
   2.0160000e+03   1.2000000e+01   2.2000000e+01   2.0000000e+01   4.5000000e+01   2.5000000e+01  -5.3770370e+01  -3.7946560e+01   4.9979718e+02   5.1084551e+00   6.7092507e+00   4.3760146e+00
   2.0160000e+03   1.2000000e+01   2.2000000e+01   2.0000000e+01   4.7000000e+01   4.0000000e+00  -5.3774791e+01  -3.7945109e+01   5.0043800e+02   7.3749234e+00   9.7276449e+00   5.7166174e-01
   2.0160000e+03   1.2000000e+01   2.2000000e+01   2.0000000e+01   4.8000000e+01   4.2000000e+01  -5.3779171e+01  -3.7943700e+01   4.9543729e+02   5.6608262e+00   7.1678254e+00   1.0916267e+00
   2.0160000e+03   1.2000000e+01   2.2000000e+01   2.0000000e+01   5.2000000e+01   1.0000000e+00  -5.3787964e+01  -3.7940827e+01   9.9507114e+02   7.5721922e+00   9.7960078e+00   1.5965853e+00
   2.0160000e+03   1.2000000e+01   2.2000000e+01   2.0000000e+01   5.3000000e+01   4.2000000e+01  -5.3792412e+01  -3.7939389e+01   5.0321069e+02   1.1827755e+01   1.5557069e+01   3.9694564e+00
   2.0160000e+03   1.2000000e+01   2.2000000e+01   2.0000000e+01   5.5000000e+01   2.2999901e+01  -5.3796808e+01  -3.7937869e+01   4.9853868e+02   1.7046435e+01   2.6402189e+01   3.5967184e+00
   2.0160000e+03   1.2000000e+01   2.2000000e+01   2.0000000e+01   5.8000000e+01   4.0000000e+01  -5.3805615e+01  -3.7934755e+01   9.9974986e+02   1.2687395e+01   1.6861089e+01   4.2661799e+00
   2.0160000e+03   1.2000000e+01   2.2000000e+01   2.1000000e+01   1.0000000e+00   5.4000099e+01  -5.3814336e+01  -3.7931895e+01   9.8706108e+02   1.2217445e+01   1.7174649e+01   6.6892395e+00
   2.0160000e+03   1.2000000e+01   2.2000000e+01   2.1000000e+01   3.0000000e+00   3.3000000e+01  -5.3818782e+01  -3.7930456e+01   5.0305593e+02   1.2614145e+01   2.0030405e+01   2.1798735e+00
   2.0160000e+03   1.2000000e+01   2.2000000e+01   2.1000000e+01   5.0000000e+00   1.1999901e+01  -5.3823194e+01  -3.7929023e+01   4.9918670e+02   1.7375029e+01   2.2797364e+01   9.4427714e-01
   2.0160000e+03   1.2000000e+01   2.2000000e+01   2.1000000e+01   8.0000000e+00   3.1000099e+01  -5.3831947e+01  -3.7926138e+01   9.9089289e+02   3.7630413e+01   5.3625336e+01   6.6638044e-01
   2.0160000e+03   1.2000000e+01   2.2000000e+01   2.1000000e+01   1.0000000e+01   1.0000000e+01  -5.3836409e+01  -3.7924777e+01   5.0371268e+02   2.7310863e+01   3.7272094e+01   1.5833340e+00
   2.0160000e+03   1.2000000e+01   2.2000000e+01   2.1000000e+01   1.1000000e+01   4.9000000e+01  -5.3840828e+01  -3.7923283e+01   5.0077088e+02   1.8499612e+01   2.4316083e+01   2.2556348e-01
   2.0160000e+03   1.2000000e+01   2.2000000e+01   2.1000000e+01   1.3000000e+01   2.8000099e+01  -5.3845245e+01  -3.7921803e+01   5.0025953e+02   1.3060973e+01   1.7030117e+01   2.5575812e+00
   2.0160000e+03   1.2000000e+01   2.2000000e+01   2.1000000e+01   1.6000000e+01   4.6000000e+01  -5.3853995e+01  -3.7918623e+01   9.9446888e+02   7.6849584e+00   1.0078690e+01   1.2674307e+00
   2.0160000e+03   1.2000000e+01   2.2000000e+01   2.1000000e+01   2.0000000e+01   6.0000992e+00  -5.3862778e+01  -3.7915726e+01   9.9424534e+02   8.8111984e+00   1.4758670e+01   6.5498068e+00
   2.0160000e+03   1.2000000e+01   2.2000000e+01   2.1000000e+01   2.3000000e+01   2.0000000e+01  -5.3871538e+01  -3.7912981e+01   9.8986212e+02   8.8219972e+00   1.9899232e+01   1.3726248e+01
   2.0160000e+03   1.2000000e+01   2.2000000e+01   2.1000000e+01   2.4000000e+01   5.8000000e+01  -5.3875959e+01  -3.7911592e+01   4.9956473e+02   4.6507225e+00   6.8651726e+00   1.7486420e+00
   2.0160000e+03   1.2000000e+01   2.2000000e+01   2.1000000e+01   2.6000000e+01   3.6000000e+01  -5.3880363e+01  -3.7910142e+01   4.9858618e+02   4.3457367e+00   6.0187824e+00   6.6035951e-01
   2.0160000e+03   1.2000000e+01   2.2000000e+01   2.1000000e+01   2.8000000e+01   1.5000000e+01  -5.3884762e+01  -3.7908730e+01   4.9749917e+02   4.8767175e+00   7.0884427e+00   1.2965311e+00
   2.0160000e+03   1.2000000e+01   2.2000000e+01   2.1000000e+01   2.9000000e+01   5.4000000e+01  -5.3889197e+01  -3.7907320e+01   5.0133267e+02   4.3376900e+00   5.9556910e+00   0.0000000e+00
