   2.0160000e+03   1.2000000e+01   2.3000000e+01   1.4000000e+01   1.0000000e+01   4.3000000e+01  -5.3151700e+01  -3.7830813e+01   5.3121922e+02   2.1657107e-01   2.4470136e-01   1.4419733e-02
   2.0160000e+03   1.2000000e+01   2.3000000e+01   1.4000000e+01   1.3000000e+01   5.0000000e+00  -5.3156058e+01  -3.7829432e+01   4.9286301e+02   1.5145175e-01   1.7445140e-01   2.1454689e-02
   2.0160000e+03   1.2000000e+01   2.3000000e+01   1.4000000e+01   1.7000000e+01   2.2000000e+01  -5.3164824e+01  -3.7826613e+01   9.9205127e+02   1.0839091e+00   1.3503925e+00   1.2709765e+00
   2.0160000e+03   1.2000000e+01   2.3000000e+01   1.4000000e+01   1.9000000e+01   2.0000000e+00  -5.3169249e+01  -3.7825277e+01   4.9968472e+02   2.1769857e-01   2.1157665e-01   8.1667844e-02
   2.0160000e+03   1.2000000e+01   2.3000000e+01   1.4000000e+01   2.0000000e+01   3.6000099e+01  -5.3173671e+01  -3.7823922e+01   4.9964010e+02   2.8321045e-02   1.9558165e-01   0.0000000e+00
   2.0160000e+03   1.2000000e+01   2.3000000e+01   1.4000000e+01   2.2000000e+01   9.0000000e+00  -5.3178068e+01  -3.7822466e+01   4.9810029e+02   0.0000000e+00   0.0000000e+00   0.0000000e+00
   2.0160000e+03   1.2000000e+01   2.3000000e+01   1.4000000e+01   2.3000000e+01   4.1000000e+01  -5.3182447e+01  -3.7820845e+01   4.9840605e+02   5.4500610e-01   8.2062367e-01   2.1869709e-01
   2.0160000e+03   1.2000000e+01   2.3000000e+01   1.4000000e+01   2.5000000e+01   1.4000099e+01  -5.3186859e+01  -3.7819270e+01   5.0142508e+02   1.7615623e-02   1.9555819e-01   0.0000000e+00
   2.0160000e+03   1.2000000e+01   2.3000000e+01   1.4000000e+01   2.6000000e+01   4.6000099e+01  -5.3191184e+01  -3.7817732e+01   4.9135901e+02   1.4654342e-01   1.8617122e-01   0.0000000e+00
   2.0160000e+03   1.2000000e+01   2.3000000e+01   1.4000000e+01   2.8000000e+01   1.7000000e+01  -5.3195600e+01  -3.7816164e+01   5.0171837e+02   9.6733775e-01   1.2116874e+00   1.1941466e+00
   2.0160000e+03   1.2000000e+01   2.3000000e+01   1.4000000e+01   2.9000000e+01   5.1000000e+01  -5.3200012e+01  -3.7814616e+01   5.0089383e+02   9.2764075e-02   7.8556095e-02   7.8556095e-02
   2.0160000e+03   1.2000000e+01   2.3000000e+01   1.4000000e+01   3.1000000e+01   2.6999901e+01  -5.3204437e+01  -3.7813247e+01   5.0008360e+02   1.9813955e-01   1.2929281e+00   0.0000000e+00
   2.0160000e+03   1.2000000e+01   2.3000000e+01   1.4000000e+01   3.3000000e+01   5.0000992e+00  -5.3208774e+01  -3.7811914e+01   4.9001187e+02   2.6634308e-01   3.0881114e-01   0.0000000e+00
   2.0160000e+03   1.2000000e+01   2.3000000e+01   1.4000000e+01   3.4000000e+01   4.5000000e+01  -5.3213180e+01  -3.7810550e+01   4.9802692e+02   2.2958770e+00   2.9788459e+00   0.0000000e+00
   2.0160000e+03   1.2000000e+01   2.3000000e+01   1.4000000e+01   3.6000000e+01   2.5000000e+01  -5.3217617e+01  -3.7809271e+01   5.0026359e+02   1.8381090e+00   2.4229471e+00   0.0000000e+00
   2.0160000e+03   1.2000000e+01   2.3000000e+01   1.4000000e+01   3.8000000e+01   4.0000000e+00  -5.3221979e+01  -3.7807863e+01   4.9368249e+02   1.2399491e+00   1.6064193e+00   1.5793359e+00
   2.0160000e+03   1.2000000e+01   2.3000000e+01   1.4000000e+01   3.9000000e+01   4.1000000e+01  -5.3226419e+01  -3.7806290e+01   5.0437955e+02   1.7312243e+00   7.6591743e+00   4.9061117e-01
   2.0160000e+03   1.2000000e+01   2.3000000e+01   1.4000000e+01   4.1000000e+01   1.6000099e+01  -5.3230815e+01  -3.7804832e+01   4.9796611e+02   1.9571435e-02   0.0000000e+00   0.0000000e+00
   2.0160000e+03   1.2000000e+01   2.3000000e+01   1.4000000e+01   4.2000000e+01   5.0000000e+01  -5.3235188e+01  -3.7803310e+01   4.9635113e+02   6.8366537e+00   8.9060139e+00   8.5712639e-01
   2.0160000e+03   1.2000000e+01   2.3000000e+01   1.4000000e+01   4.4000000e+01   2.4000000e+01  -5.3239606e+01  -3.7801815e+01   5.0097151e+02   6.1621486e-02   5.5371459e-02   0.0000000e+00
   2.0160000e+03   1.2000000e+01   2.3000000e+01   1.4000000e+01   4.5000000e+01   5.9000000e+01  -5.3244003e+01  -3.7800349e+01   4.9817953e+02   4.3643523e-02   5.8084063e-02   0.0000000e+00
   2.0160000e+03   1.2000000e+01   2.3000000e+01   1.4000000e+01   4.7000000e+01   3.5000099e+01  -5.3248398e+01  -3.7798795e+01   4.9921796e+02   2.7458552e-01   3.6543894e-01   1.2663448e-01
   2.0160000e+03   1.2000000e+01   2.3000000e+01   1.4000000e+01   4.9000000e+01   9.0000000e+00  -5.3252748e+01  -3.7797377e+01   4.9243083e+02   2.4449541e-02   3.2539277e-02   0.0000000e+00
   2.0160000e+03   1.2000000e+01   2.3000000e+01   1.4000000e+01   5.0000000e+01   4.2000000e+01  -5.3257137e+01  -3.7795860e+01   4.9803598e+02   2.3623660e-01   2.9749071e-01   1.2448432e-01
   2.0160000e+03   1.2000000e+01   2.3000000e+01   1.4000000e+01   5.2000000e+01   1.6000000e+01  -5.3261592e+01  -3.7794325e+01   5.0546387e+02   8.6349709e-02   0.0000000e+00   0.0000000e+00
   2.0160000e+03   1.2000000e+01   2.3000000e+01   1.4000000e+01   5.3000000e+01   5.0000000e+01  -5.3265989e+01  -3.7792776e+01   4.9936164e+02   5.0407653e-01   6.0708625e-01   0.0000000e+00
   2.0160000e+03   1.2000000e+01   2.3000000e+01   1.4000000e+01   5.5000000e+01   2.6000099e+01  -5.3270309e+01  -3.7791197e+01   4.9130420e+02   2.8597029e-01   2.6856720e-01   2.6856720e-01
   2.0160000e+03   1.2000000e+01   2.3000000e+01   1.4000000e+01   5.7000000e+01   2.0000000e+00  -5.3274723e+01  -3.7789739e+01   5.0002940e+02   1.4321212e+00   1.2581800e-01   0.0000000e+00
   2.0160000e+03   1.2000000e+01   2.3000000e+01   1.4000000e+01   5.8000000e+01   3.5000000e+01  -5.3279096e+01  -3.7788198e+01   4.9654545e+02   1.9707933e-01   2.2286477e-01   2.6962983e-02
   2.0160000e+03   1.2000000e+01   2.3000000e+01   1.5000000e+01   0.0000000e+00   6.9999008e+00  -5.3283503e+01  -3.7786695e+01   4.9980378e+02   6.4707319e-02   5.3798824e-02   2.3642922e-02
   2.0160000e+03   1.2000000e+01   2.3000000e+01   1.5000000e+01   1.0000000e+00   3.9000000e+01  -5.3287885e+01  -3.7785210e+01   4.9685244e+02   3.6953317e-01   4.3550908e-01   8.6993445e-02
   2.0160000e+03   1.2000000e+01   2.3000000e+01   1.5000000e+01   3.0000000e+00   1.2000000e+01  -5.3292275e+01  -3.7783691e+01   4.9807516e+02   5.7109967e-01   6.1566104e-01   4.3551482e-01
   2.0160000e+03   1.2000000e+01   2.3000000e+01   1.5000000e+01   4.0000000e+00   4.6000099e+01  -5.3296674e+01  -3.7782185e+01   4.9897768e+02   4.5169833e-01   9.3264089e-01   6.3847096e-01
   2.0160000e+03   1.2000000e+01   2.3000000e+01   1.5000000e+01   6.0000000e+00   1.9000000e+01  -5.3301071e+01  -3.7780625e+01   4.9943713e+02   5.0358556e-01   5.6025103e-01   4.8866190e-01
   2.0160000e+03   1.2000000e+01   2.3000000e+01   1.5000000e+01   7.0000000e+00   5.1000000e+01  -5.3305452e+01  -3.7779163e+01   4.9636570e+02   1.3270035e-01   1.7660755e-01   3.2382205e-02
   2.0160000e+03   1.2000000e+01   2.3000000e+01   1.5000000e+01   9.0000000e+00   2.4000099e+01  -5.3309898e+01  -3.7777759e+01   5.0280974e+02   1.3654447e+00   5.0707875e+00   4.3178966e+00
   2.0160000e+03   1.2000000e+01   2.3000000e+01   1.5000000e+01   1.0000000e+01   5.9000000e+01  -5.3314302e+01  -3.7776347e+01   4.9827976e+02   4.5260796e-01   9.9377995e-01   7.0166201e-01
   2.0160000e+03   1.2000000e+01   2.3000000e+01   1.5000000e+01   1.2000000e+01   3.3999901e+01  -5.3318752e+01  -3.7775002e+01   5.0246374e+02   1.9884588e-01   1.9689761e-01   1.9689761e-01
   2.0160000e+03   1.2000000e+01   2.3000000e+01   1.5000000e+01   1.4000000e+01   1.8000000e+01  -5.3323263e+01  -3.7773614e+01   5.0966592e+02   4.4032094e-01   4.7075737e-01   0.0000000e+00
   2.0160000e+03   1.2000000e+01   2.3000000e+01   1.5000000e+01   1.6000000e+01   3.3999901e+01  -5.3327599e+01  -3.7772228e+01   4.9056161e+02   1.8221725e-01   2.3250027e-01   1.2113217e-02
   2.0160000e+03   1.2000000e+01   2.3000000e+01   1.5000000e+01   1.9000000e+01   1.3000000e+01  -5.3331871e+01  -3.7770635e+01   4.8624976e+02   2.5857092e-01   3.2928629e-01   7.0711835e-02
   2.0160000e+03   1.2000000e+01   2.3000000e+01   1.5000000e+01   2.1000000e+01   5.1000000e+01  -5.3336213e+01  -3.7768947e+01   4.9532650e+02   0.0000000e+00   0.0000000e+00   0.0000000e+00
   2.0160000e+03   1.2000000e+01   2.3000000e+01   1.5000000e+01   2.4000000e+01   1.4000000e+01  -5.3340484e+01  -3.7767264e+01   4.8751788e+02   8.9162977e-02   5.4750594e-02   1.4068476e-02
   2.0160000e+03   1.2000000e+01   2.3000000e+01   1.5000000e+01   2.6000000e+01   1.4000099e+01  -5.3344917e+01  -3.7765780e+01   5.0243139e+02   0.0000000e+00   0.0000000e+00   0.0000000e+00
   2.0160000e+03   1.2000000e+01   2.3000000e+01   1.5000000e+01   2.8000000e+01   0.0000000e+00  -5.3349359e+01  -3.7764312e+01   5.0306235e+02   3.0380810e-01   3.7896365e-01   0.0000000e+00
   2.0160000e+03   1.2000000e+01   2.3000000e+01   1.5000000e+01   2.9000000e+01   4.3000000e+01  -5.3353771e+01  -3.7762880e+01   4.9939942e+02   1.4418713e-01   1.7038669e-01   1.0579371e-01
   2.0160000e+03   1.2000000e+01   2.3000000e+01   1.5000000e+01   3.1000000e+01   2.3999901e+01  -5.3358203e+01  -3.7761557e+01   5.0019327e+02   1.5664416e-01   1.5388886e-01   3.6028861e-02
   2.0160000e+03   1.2000000e+01   2.3000000e+01   1.5000000e+01   3.3000000e+01   1.0000000e+00  -5.3362597e+01  -3.7760127e+01   4.9745737e+02   2.8949042e+00   3.7535372e+00   3.7535372e+00
   2.0160000e+03   1.2000000e+01   2.3000000e+01   1.5000000e+01   3.4000000e+01   3.9000000e+01  -5.3366966e+01  -3.7758596e+01   4.9593291e+02   3.3210342e-01   3.6784147e-01   9.6106972e-02
   2.0160000e+03   1.2000000e+01   2.3000000e+01   1.5000000e+01   3.6000000e+01   1.6000000e+01  -5.3371349e+01  -3.7757028e+01   4.9806220e+02   8.7129443e-02   6.3965642e-02   2.9363359e-02
   2.0160000e+03   1.2000000e+01   2.3000000e+01   1.5000000e+01   3.7000000e+01   5.1000000e+01  -5.3375713e+01  -3.7755478e+01   4.9568083e+02   1.9297828e+01   2.3944272e+01   1.2326347e+01
   2.0160000e+03   1.2000000e+01   2.3000000e+01   1.5000000e+01   3.9000000e+01   2.8000000e+01  -5.3380139e+01  -3.7753918e+01   5.0250495e+02   2.7857163e-01   4.0128870e-01   4.2103188e-02
   2.0160000e+03   1.2000000e+01   2.3000000e+01   1.5000000e+01   4.1000000e+01   4.9999008e+00  -5.3384540e+01  -3.7752414e+01   4.9914534e+02   2.1573268e-01   2.7652519e-01   7.2643868e-02
   2.0160000e+03   1.2000000e+01   2.3000000e+01   1.5000000e+01   4.2000000e+01   4.1000000e+01  -5.3388943e+01  -3.7750866e+01   4.9992466e+02   2.3831799e-01   3.1253442e-01   2.4872346e-01
   2.0160000e+03   1.2000000e+01   2.3000000e+01   1.5000000e+01   4.4000000e+01   1.6000000e+01  -5.3393355e+01  -3.7749486e+01   4.9872298e+02   4.7717103e-01   5.5660270e-01   3.5731765e-01
   2.0160000e+03   1.2000000e+01   2.3000000e+01   1.5000000e+01   4.5000000e+01   5.1000099e+01  -5.3397669e+01  -3.7748103e+01   4.8799717e+02   1.2553234e-01   9.8521714e-02   1.6797362e-02
   2.0160000e+03   1.2000000e+01   2.3000000e+01   1.5000000e+01   4.7000000e+01   2.7000099e+01  -5.3402111e+01  -3.7746751e+01   5.0166884e+02   7.2013000e-01   7.3925633e-01   1.0898280e-01
   2.0160000e+03   1.2000000e+01   2.3000000e+01   1.5000000e+01   4.9000000e+01   2.0000000e+00  -5.3406568e+01  -3.7745327e+01   5.0416903e+02   2.3228071e-01   3.0645075e-01   0.0000000e+00
   2.0160000e+03   1.2000000e+01   2.3000000e+01   1.5000000e+01   5.0000000e+01   3.6000099e+01  -5.3410940e+01  -3.7743891e+01   4.9502828e+02   8.1531118e-01   3.4602190e+01   3.3609736e+01
   2.0160000e+03   1.2000000e+01   2.3000000e+01   1.5000000e+01   5.2000000e+01   1.3000000e+01  -5.3415312e+01  -3.7742454e+01   4.9509539e+02   9.6893032e-02   1.2895249e-01   5.0879823e-02
   2.0160000e+03   1.2000000e+01   2.3000000e+01   1.5000000e+01   5.3000000e+01   5.1000099e+01  -5.3419739e+01  -3.7740954e+01   5.0187069e+02   2.9721335e+01   3.9514616e+01   3.2193767e-02
   2.0160000e+03   1.2000000e+01   2.3000000e+01   1.5000000e+01   5.5000000e+01   2.7000000e+01  -5.3424142e+01  -3.7739277e+01   5.0170338e+02   1.2856172e+00   2.3986414e+00   1.8155436e-01
   2.0160000e+03   1.2000000e+01   2.3000000e+01   1.5000000e+01   5.7000000e+01   3.0000000e+00  -5.3428542e+01  -3.7737666e+01   5.0036048e+02   1.7679317e+00   3.5528534e+00   5.6350764e-02
   2.0160000e+03   1.2000000e+01   2.3000000e+01   1.5000000e+01   5.8000000e+01   3.8999901e+01  -5.3432901e+01  -3.7736038e+01   4.9623499e+02   1.0428455e+00   2.1472473e+00   7.2570839e-02
   2.0160000e+03   1.2000000e+01   2.3000000e+01   1.6000000e+01   0.0000000e+00   1.5999901e+01  -5.3437245e+01  -3.7734335e+01   4.9570996e+02   6.0840396e+00   8.0646936e+00   1.8639127e-01
   2.0160000e+03   1.2000000e+01   2.3000000e+01   1.6000000e+01   1.0000000e+00   5.3000000e+01  -5.3441593e+01  -3.7732709e+01   4.9494699e+02   1.5542279e+01   2.0596977e+01   3.9405898e+00
   2.0160000e+03   1.2000000e+01   2.3000000e+01   1.6000000e+01   3.0000000e+00   3.0000000e+01  -5.3445983e+01  -3.7731058e+01   4.9994201e+02   1.8802656e+00   3.0512563e+00   0.0000000e+00
   2.0160000e+03   1.2000000e+01   2.3000000e+01   1.6000000e+01   5.0000000e+00   8.0000000e+00  -5.3450364e+01  -3.7729622e+01   4.9602747e+02   2.8589492e+00   3.6173422e+00   2.3925795e-01
   2.0160000e+03   1.2000000e+01   2.3000000e+01   1.6000000e+01   6.0000000e+00   4.6000000e+01  -5.3454790e+01  -3.7728220e+01   5.0043448e+02   2.0389256e+00   2.4047224e+00   1.1044170e-01
   2.0160000e+03   1.2000000e+01   2.3000000e+01   1.6000000e+01   8.0000000e+00   2.5000099e+01  -5.3459212e+01  -3.7726882e+01   4.9930617e+02   9.0054616e-01   1.2414844e+00   6.2782335e-02
   2.0160000e+03   1.2000000e+01   2.3000000e+01   1.6000000e+01   1.0000000e+01   5.0000000e+00  -5.3463660e+01  -3.7725640e+01   5.0109929e+02   6.2691564e+00   8.3434621e+00   5.8592986e+00
   2.0160000e+03   1.2000000e+01   2.3000000e+01   1.6000000e+01   1.1000000e+01   4.6000000e+01  -5.3468092e+01  -3.7724335e+01   4.9989489e+02   3.7309973e+00   1.1744890e+01   8.2168944e+00
   2.0160000e+03   1.2000000e+01   2.3000000e+01   1.6000000e+01   1.3000000e+01   2.8000000e+01  -5.3472475e+01  -3.7723012e+01   4.9490969e+02   8.2062431e-02   7.2483204e-02   0.0000000e+00
   2.0160000e+03   1.2000000e+01   2.3000000e+01   1.6000000e+01   1.5000000e+01   9.0000000e+00  -5.3476895e+01  -3.7721628e+01   4.9963297e+02   3.5588783e-01   1.7012658e+00   1.2420377e+00
   2.0160000e+03   1.2000000e+01   2.3000000e+01   1.6000000e+01   1.6000000e+01   4.8000099e+01  -5.3481250e+01  -3.7720162e+01   4.9348644e+02   2.6252933e-01   3.7514460e-01   7.2269864e-02
   2.0160000e+03   1.2000000e+01   2.3000000e+01   1.6000000e+01   1.8000000e+01   2.5000000e+01  -5.3485653e+01  -3.7718732e+01   4.9828382e+02   3.5880256e-01   3.3194885e-01   0.0000000e+00
   2.0160000e+03   1.2000000e+01   2.3000000e+01   1.6000000e+01   2.0000000e+01   2.0000000e+00  -5.3490067e+01  -3.7717300e+01   4.9958347e+02   1.6339509e+00   6.7343453e+00   2.6961439e+00
   2.0160000e+03   1.2000000e+01   2.3000000e+01   1.6000000e+01   2.1000000e+01   4.3000000e+01  -5.3494576e+01  -3.7715782e+01   5.1102978e+02   8.0158829e-01   9.7772629e-01   1.0226486e-01
   2.0160000e+03   1.2000000e+01   2.3000000e+01   1.6000000e+01   2.3000000e+01   4.0000099e+01  -5.3499020e+01  -3.7714383e+01   5.0238158e+02   2.9171430e-01   3.5264955e-01   0.0000000e+00
   2.0160000e+03   1.2000000e+01   2.3000000e+01   1.6000000e+01   2.6000000e+01   8.0000992e+00  -5.3503292e+01  -3.7712704e+01   4.8748932e+02   2.9272288e-01   5.8125534e-01   1.7049731e-02
   2.0160000e+03   1.2000000e+01   2.3000000e+01   1.6000000e+01   2.8000000e+01   5.2999901e+01  -5.3507527e+01  -3.7710985e+01   4.8413031e+02   6.3366982e-01   1.4488670e+00   1.1604362e-01
   2.0160000e+03   1.2000000e+01   2.3000000e+01   1.6000000e+01   3.1000000e+01   3.2000000e+01  -5.3511811e+01  -3.7709289e+01   4.8906550e+02   5.1437536e-01   1.3683078e+00   0.0000000e+00
   2.0160000e+03   1.2000000e+01   2.3000000e+01   1.6000000e+01   3.5000000e+01   4.7000000e+01  -5.3520546e+01  -3.7706183e+01   9.9207433e+02   5.4378936e-01   4.5765838e-01   1.1084276e-01
   2.0160000e+03   1.2000000e+01   2.3000000e+01   1.6000000e+01   3.7000000e+01   3.2000000e+01  -5.3525004e+01  -3.7704864e+01   5.0300225e+02   8.2985338e-01   8.7890120e-01   4.8371461e-02
   2.0160000e+03   1.2000000e+01   2.3000000e+01   1.6000000e+01   3.9000000e+01   1.2000000e+01  -5.3529429e+01  -3.7703611e+01   4.9859428e+02   5.5734137e+00   7.5661350e+00   3.6798896e-02
   2.0160000e+03   1.2000000e+01   2.3000000e+01   1.6000000e+01   4.0000000e+01   4.9000000e+01  -5.3533841e+01  -3.7702205e+01   4.9896873e+02   2.3016960e+00   2.8202187e+00   6.4747171e-02
   2.0160000e+03   1.2000000e+01   2.3000000e+01   1.6000000e+01   4.4000000e+01   1.6000000e+01  -5.3543486e+01  -3.7699376e+01   1.0879370e+03   2.1169962e-01   6.9959757e-01   5.0805454e-01
   2.0160000e+03   1.2000000e+01   2.3000000e+01   1.6000000e+01   4.5000000e+01   3.3000000e+01  -5.3547068e+01  -3.7698335e+01   4.0394236e+02   7.1002332e-01   1.3602693e+00   1.8367387e-01
   2.0160000e+03   1.2000000e+01   2.3000000e+01   1.6000000e+01   4.7000000e+01   3.8999901e+01  -5.3552932e+01  -3.7696633e+01   6.6113410e+02   7.4151566e-02   4.6244045e-02   4.6244045e-02
   2.0160000e+03   1.2000000e+01   2.3000000e+01   1.6000000e+01   5.1000000e+01   4.0000000e+00  -5.3562438e+01  -3.7693355e+01   1.0783176e+03   0.0000000e+00   0.0000000e+00   0.0000000e+00
   2.0160000e+03   1.2000000e+01   2.3000000e+01   1.6000000e+01   5.1000000e+01   5.2999901e+01  -5.3564698e+01  -3.7692485e+01   2.5754980e+02   4.6188112e-01   1.5645110e-01   3.0799035e-02
   2.0160000e+03   1.2000000e+01   2.3000000e+01   1.6000000e+01   5.3000000e+01   3.0000099e+01  -5.3569090e+01  -3.7690735e+01   5.0156248e+02   4.3427036e-01   7.1076572e-01   1.3413563e-01
   2.0160000e+03   1.2000000e+01   2.3000000e+01   1.6000000e+01   5.5000000e+01   8.0000000e+00  -5.3573417e+01  -3.7689107e+01   4.9261557e+02   9.1748316e-01   1.0356521e+00   1.2073016e-01
   2.0160000e+03   1.2000000e+01   2.3000000e+01   1.6000000e+01   5.6000000e+01   4.6000000e+01  -5.3577787e+01  -3.7687533e+01   4.9663037e+02   3.1808331e-01   1.9610123e+00   6.4449788e-03
   2.0160000e+03   1.2000000e+01   2.3000000e+01   1.6000000e+01   5.8000000e+01   2.4000000e+01  -5.3582151e+01  -3.7686031e+01   4.9488922e+02   6.4582965e+00   8.4833548e+00   7.7755675e-01
   2.0160000e+03   1.2000000e+01   2.3000000e+01   1.7000000e+01   0.0000000e+00   2.0000992e+00  -5.3586528e+01  -3.7684432e+01   4.9777466e+02   1.8314771e+01   2.4317084e+01   2.3953742e+01
   2.0160000e+03   1.2000000e+01   2.3000000e+01   1.7000000e+01   1.0000000e+00   4.1000000e+01  -5.3590936e+01  -3.7682654e+01   5.0362635e+02   1.8973062e+00   3.7307338e+00   3.6210810e-01
   2.0160000e+03   1.2000000e+01   2.3000000e+01   1.7000000e+01   3.0000000e+00   2.1000000e+01  -5.3595327e+01  -3.7680865e+01   5.0200813e+02   1.3376615e+00   3.2927322e+00   8.1546448e-02
   2.0160000e+03   1.2000000e+01   2.3000000e+01   1.7000000e+01   5.0000000e+00   1.0000992e+00  -5.3599642e+01  -3.7679401e+01   4.8905355e+02   1.5247779e+00   6.8499577e+00   2.5666780e-01
   2.0160000e+03   1.2000000e+01   2.3000000e+01   1.7000000e+01   6.0000000e+00   4.2000000e+01  -5.3604073e+01  -3.7677909e+01   5.0214589e+02   1.5611235e+00   6.6686555e-01   1.7726625e-01
   2.0160000e+03   1.2000000e+01   2.3000000e+01   1.7000000e+01   8.0000000e+00   2.3000000e+01  -5.3608460e+01  -3.7676363e+01   4.9802820e+02   1.6493824e-01   1.9813934e-01   4.4489197e-02
   2.0160000e+03   1.2000000e+01   2.3000000e+01   1.7000000e+01   1.0000000e+01   2.0000000e+00  -5.3612833e+01  -3.7674891e+01   4.9548061e+02   5.8737495e-01   7.3197523e-01   5.9050535e-01
   2.0160000e+03   1.2000000e+01   2.3000000e+01   1.7000000e+01   1.1000000e+01   3.9000000e+01  -5.3617248e+01  -3.7673385e+01   5.0052836e+02   8.6786047e-01   1.0498458e+00   4.6933414e-01
   2.0160000e+03   1.2000000e+01   2.3000000e+01   1.7000000e+01   1.3000000e+01   1.5000000e+01  -5.3621637e+01  -3.7671848e+01   4.9811048e+02   3.1667929e-01   5.3340250e-01   4.3349995e-01
   2.0160000e+03   1.2000000e+01   2.3000000e+01   1.7000000e+01   1.4000000e+01   5.1000000e+01  -5.3625998e+01  -3.7670406e+01   4.9388949e+02   3.4287442e+00   3.8827203e+00   3.6789520e+00
   2.0160000e+03   1.2000000e+01   2.3000000e+01   1.7000000e+01   1.6000000e+01   2.6000000e+01  -5.3630397e+01  -3.7668996e+01   4.9754821e+02   5.6347545e+00   9.8781898e+00   7.3028520e+00
   2.0160000e+03   1.2000000e+01   2.3000000e+01   1.7000000e+01   1.8000000e+01   1.0000000e+00  -5.3634792e+01  -3.7667472e+01   4.9859325e+02   1.3265786e+01   3.8645219e+01   2.1987302e+01
   2.0160000e+03   1.2000000e+01   2.3000000e+01   1.7000000e+01   1.9000000e+01   3.8000000e+01  -5.3639216e+01  -3.7666053e+01   5.0041840e+02   1.1309806e+01   1.7920202e+01   3.4155524e+00
   2.0160000e+03   1.2000000e+01   2.3000000e+01   1.7000000e+01   2.1000000e+01   1.5000000e+01  -5.3643633e+01  -3.7664676e+01   4.9906591e+02   4.8955644e+00   2.2710802e+01   8.2633736e+00
   2.0160000e+03   1.2000000e+01   2.3000000e+01   1.7000000e+01   2.4000000e+01   5.7000000e+01  -5.3653585e+01  -3.7661472e+01   1.1258311e+03   4.6946404e+00   3.2190430e+01   2.6710759e+01
   2.0160000e+03   1.2000000e+01   2.3000000e+01   1.7000000e+01   2.6000000e+01   1.0000000e+01  -5.3656834e+01  -3.7660406e+01   3.6786325e+02   9.4121559e+00   7.7518315e+01   1.5942349e+01
   2.0160000e+03   1.2000000e+01   2.3000000e+01   1.7000000e+01   2.7000000e+01   4.6000000e+01  -5.3661233e+01  -3.7659069e+01   4.9665512e+02   2.5943545e+01   7.1947107e+01   4.4552771e+01
   2.0160000e+03   1.2000000e+01   2.3000000e+01   1.7000000e+01   2.9000000e+01   2.1000000e+01  -5.3665635e+01  -3.7657703e+01   4.9732109e+02   3.1834237e+00   6.3132181e+01   3.9602535e+00
   2.0160000e+03   1.2000000e+01   2.3000000e+01   1.7000000e+01   3.0000000e+01   5.8000000e+01  -5.3670062e+01  -3.7656288e+01   5.0067148e+02   7.7317560e+00   3.9671550e+01   9.5813075e+00
   2.0160000e+03   1.2000000e+01   2.3000000e+01   1.7000000e+01   3.2000000e+01   5.3000000e+01  -5.3674707e+01  -3.7655208e+01   5.2100582e+02   5.0148294e-01   8.7127287e+00   1.4656782e+00
   2.0160000e+03   1.2000000e+01   2.3000000e+01   1.7000000e+01   3.5000000e+01   2.5000000e+01  -5.3678905e+01  -3.7654201e+01   4.7112971e+02   1.2603578e+00   1.9729852e+01   1.5032110e+00
   2.0160000e+03   1.2000000e+01   2.3000000e+01   1.7000000e+01   3.9000000e+01   5.6000000e+01  -5.3687369e+01  -3.7649714e+01   9.8582958e+02   2.9243684e+00   1.3693079e+02   3.2504547e+00
   2.0160000e+03   1.2000000e+01   2.3000000e+01   1.7000000e+01   4.1000000e+01   4.3000000e+01  -5.3691640e+01  -3.7647287e+01   5.0075961e+02   5.5026511e+00   1.3177207e+02   1.9432330e+00
   2.0160000e+03   1.2000000e+01   2.3000000e+01   1.7000000e+01   4.3000000e+01   2.7000000e+01  -5.3695887e+01  -3.7644818e+01   4.9905442e+02   8.6394707e+00   1.2444212e+02   3.7353667e+00
   2.0160000e+03   1.2000000e+01   2.3000000e+01   1.7000000e+01   4.5000000e+01   1.0000000e+01  -5.3700133e+01  -3.7642224e+01   5.0175758e+02   2.9377670e+01   1.2164613e+02   1.5148048e+01
   2.0160000e+03   1.2000000e+01   2.3000000e+01   1.7000000e+01   5.2000000e+01   8.0000000e+00  -5.3718047e+01  -3.7632113e+01   2.0987129e+03   1.4594805e+01   6.6829328e+01   1.6778106e+01
   2.0160000e+03   1.2000000e+01   2.3000000e+01   1.7000000e+01   5.3000000e+01   2.5000000e+01  -5.3721369e+01  -3.7630621e+01   3.8204339e+02   2.2545917e+00   2.2176988e+01   5.0099815e+00
   2.0160000e+03   1.2000000e+01   2.3000000e+01   1.7000000e+01   5.5000000e+01   8.0000000e+00  -5.3725832e+01  -3.7628941e+01   5.0804431e+02   1.0012673e+01   1.0809675e+02   1.2823073e+00
   2.0160000e+03   1.2000000e+01   2.3000000e+01   1.7000000e+01   5.6000000e+01   5.0000000e+01  -5.3730237e+01  -3.7627643e+01   4.9689048e+02   1.6205483e+01   7.4325620e+01   3.4504288e+00
   2.0160000e+03   1.2000000e+01   2.3000000e+01   1.7000000e+01   5.8000000e+01   3.2000000e+01  -5.3734701e+01  -3.7626280e+01   5.0404603e+02   1.7542712e+00   1.1336789e+02   9.5617893e-01
   2.0160000e+03   1.2000000e+01   2.3000000e+01   1.8000000e+01   0.0000000e+00   1.4000000e+01  -5.3739077e+01  -3.7624841e+01   4.9539661e+02   6.8702044e-01   3.5420767e+00   1.1500517e+00
   2.0160000e+03   1.2000000e+01   2.3000000e+01   1.8000000e+01   1.0000000e+00   5.5999901e+01  -5.3743387e+01  -3.7623385e+01   4.8833278e+02   9.4610689e+00   1.0175195e+02   9.7538517e+00
   2.0160000e+03   1.2000000e+01   2.3000000e+01   1.8000000e+01   3.0000000e+00   3.5000099e+01  -5.3747862e+01  -3.7622025e+01   5.0525847e+02   1.5919582e+00   5.7350670e+01   2.1969792e+01
   2.0160000e+03   1.2000000e+01   2.3000000e+01   1.8000000e+01   5.0000000e+00   1.1000000e+01  -5.3752313e+01  -3.7620623e+01   5.0311528e+02   2.9150895e+00   4.5158122e+01   1.3259524e+00
   2.0160000e+03   1.2000000e+01   2.3000000e+01   1.8000000e+01   6.0000000e+00   4.6000000e+01  -5.3756704e+01  -3.7619261e+01   4.9607538e+02   6.2754085e+00   9.0269776e+01   3.9251312e+01
   2.0160000e+03   1.2000000e+01   2.3000000e+01   1.8000000e+01   8.0000000e+00   2.0000000e+01  -5.3761097e+01  -3.7617782e+01   4.9768298e+02   6.7597620e+00   8.7778247e+01   1.3446009e+00
   2.0160000e+03   1.2000000e+01   2.3000000e+01   1.8000000e+01   9.0000000e+00   5.3000000e+01  -5.3765516e+01  -3.7616495e+01   4.9830531e+02   6.5494550e+00   1.1594985e+02   1.3973285e+01
   2.0160000e+03   1.2000000e+01   2.3000000e+01   1.8000000e+01   1.3000000e+01   1.9000000e+01  -5.3775302e+01  -3.7614000e+01   1.0996865e+03   2.0595558e+01   4.8186740e+01   1.7497053e+00
   2.0160000e+03   1.2000000e+01   2.3000000e+01   1.8000000e+01   1.4000000e+01   3.6000000e+01  -5.3778908e+01  -3.7613183e+01   4.0424730e+02   1.0913819e+01   4.3031961e+01   4.2470382e+00
   2.0160000e+03   1.2000000e+01   2.3000000e+01   1.8000000e+01   1.6000000e+01   6.9999008e+00  -5.3783252e+01  -3.7612337e+01   4.8586987e+02   6.9900471e+00   6.2360591e+01   1.6407057e+00
   2.0160000e+03   1.2000000e+01   2.3000000e+01   1.8000000e+01   1.7000000e+01   4.0000000e+01  -5.3787789e+01  -3.7611431e+01   5.0764957e+02   8.4117950e+00   1.9065053e+01   9.5438578e-01
   2.0160000e+03   1.2000000e+01   2.3000000e+01   1.8000000e+01   1.9000000e+01   1.2000000e+01  -5.3792148e+01  -3.7610709e+01   4.8668049e+02   3.7225408e+00   1.4618255e+01   5.4827310e-01
   2.0160000e+03   1.2000000e+01   2.3000000e+01   1.8000000e+01   2.0000000e+01   4.6000000e+01  -5.3796656e+01  -3.7610259e+01   5.0184794e+02   4.6936460e+00   1.1958964e+02   2.8011965e-02
   2.0160000e+03   1.2000000e+01   2.3000000e+01   1.8000000e+01   2.2000000e+01   2.0000000e+01  -5.3801166e+01  -3.7609772e+01   5.0218264e+02   1.6716579e+01   2.2486549e+02   1.6347789e+02
   2.0160000e+03   1.2000000e+01   2.3000000e+01   1.8000000e+01   2.3000000e+01   5.4000000e+01  -5.3805592e+01  -3.7609255e+01   4.9294565e+02   5.0044819e+01   6.8889554e+01   8.1121803e-01
   2.0160000e+03   1.2000000e+01   2.3000000e+01   1.8000000e+01   2.5000000e+01   2.7000000e+01  -5.3809970e+01  -3.7608087e+01   4.9245183e+02   1.9775894e+01   6.2130924e+01   9.9957294e-01
   2.0160000e+03   1.2000000e+01   2.3000000e+01   1.8000000e+01   2.6000000e+01   5.9000000e+01  -5.3814413e+01  -3.7606691e+01   5.0215461e+02   1.5943154e+00   8.2408087e+01   3.2517680e-01
   2.0160000e+03   1.2000000e+01   2.3000000e+01   1.8000000e+01   2.8000000e+01   3.2000000e+01  -5.3818883e+01  -3.7605402e+01   5.0387830e+02   1.3554955e+00   1.0632957e+02   5.8393678e+01
   2.0160000e+03   1.2000000e+01   2.3000000e+01   1.8000000e+01   3.0000000e+01   6.0000000e+00  -5.3823287e+01  -3.7604034e+01   4.9755416e+02   3.4611575e+01   4.6010009e+01   6.7224981e-01
   2.0160000e+03   1.2000000e+01   2.3000000e+01   1.8000000e+01   3.1000000e+01   3.9000000e+01  -5.3827676e+01  -3.7602611e+01   4.9650153e+02   2.5612375e+01   4.8841243e+01   1.1648864e+00
   2.0160000e+03   1.2000000e+01   2.3000000e+01   1.8000000e+01   3.3000000e+01   1.0000000e+01  -5.3832095e+01  -3.7600978e+01   5.0258906e+02   1.2846313e+00   6.6616809e+01   4.7727397e+01
   2.0160000e+03   1.2000000e+01   2.3000000e+01   1.8000000e+01   3.4000000e+01   4.0000000e+01  -5.3836488e+01  -3.7599320e+01   5.0010008e+02   7.5971491e+00   4.2895014e+01   1.6164087e+00
   2.0160000e+03   1.2000000e+01   2.3000000e+01   1.8000000e+01   3.6000000e+01   9.0000000e+00  -5.3840845e+01  -3.7597692e+01   4.9585202e+02   4.1012963e+00   2.8416724e+01   7.9882039e+00
   2.0160000e+03   1.2000000e+01   2.3000000e+01   1.8000000e+01   3.7000000e+01   4.3000000e+01  -5.3845328e+01  -3.7596242e+01   5.0713822e+02   7.0110064e-01   7.4978680e+00   1.1447110e+00
   2.0160000e+03   1.2000000e+01   2.3000000e+01   1.8000000e+01   3.9000000e+01   4.0000000e+01  -5.3849871e+01  -3.7595039e+01   5.1084577e+02   2.2376715e-01   9.8661378e-01   4.0349728e-01
   2.0160000e+03   1.2000000e+01   2.3000000e+01   1.8000000e+01   4.2000000e+01   1.5000000e+01  -5.3854178e+01  -3.7594100e+01   4.8260040e+02   7.3405475e-02   1.6234082e-01   0.0000000e+00
