   2.0060000e+03   1.2000000e+01   2.7000000e+01   1.7000000e+01   2.5000000e+01   2.6000000e+01  -5.3866199e+01  -3.7728781e+01   4.9958267e+02   2.5837208e-02   6.2460966e-02   0.0000000e+00
   2.0060000e+03   1.2000000e+01   2.7000000e+01   1.7000000e+01   2.7000000e+01   1.0000000e+00  -5.3861799e+01  -3.7730299e+01   4.9899368e+02   1.9196818e-01   4.2497565e-01   4.2461669e-02
   2.0060000e+03   1.2000000e+01   2.7000000e+01   1.7000000e+01   2.8000000e+01   3.7000000e+01  -5.3857311e+01  -3.7731837e+01   5.0879987e+02   6.7721614e+00   1.2921465e+01   0.0000000e+00
   2.0060000e+03   1.2000000e+01   2.7000000e+01   1.7000000e+01   3.0000000e+01   1.5000000e+01  -5.3852891e+01  -3.7733261e+01   4.9988848e+02   4.9432269e-02   1.0922076e-01   0.0000000e+00
   2.0060000e+03   1.2000000e+01   2.7000000e+01   1.7000000e+01   3.1000000e+01   5.5000000e+01  -5.3848540e+01  -3.7734719e+01   4.9279580e+02   9.0510248e-02   1.7253597e-01   0.0000000e+00
   2.0060000e+03   1.2000000e+01   2.7000000e+01   1.7000000e+01   3.3000000e+01   3.5000000e+01  -5.3844178e+01  -3.7736256e+01   4.9510902e+02   7.3455362e-02   1.5460573e-01   0.0000000e+00
   2.0060000e+03   1.2000000e+01   2.7000000e+01   1.7000000e+01   3.5000000e+01   1.5000000e+01  -5.3839825e+01  -3.7737845e+01   4.9474870e+02   7.7115599e-03   1.4700230e-02   0.0000000e+00
   2.0060000e+03   1.2000000e+01   2.7000000e+01   1.7000000e+01   3.6000000e+01   5.4000000e+01  -5.3835336e+01  -3.7739431e+01   5.0958190e+02   2.0929820e-02   3.9897657e-02   0.0000000e+00
   2.0060000e+03   1.2000000e+01   2.7000000e+01   1.7000000e+01   3.8000000e+01   3.3000000e+01  -5.3830922e+01  -3.7740958e+01   5.0066087e+02   8.4063886e-02   1.8855890e+01   1.1523419e-01
   2.0060000e+03   1.2000000e+01   2.7000000e+01   1.7000000e+01   4.0000000e+01   1.1000000e+01  -5.3826581e+01  -3.7742504e+01   4.9291159e+02   1.7529672e-01   4.1642289e-01   8.2261958e-02
   2.0060000e+03   1.2000000e+01   2.7000000e+01   1.7000000e+01   4.1000000e+01   5.0000000e+01  -5.3822131e+01  -3.7744015e+01   5.0427081e+02   3.0981936e-02   9.0084144e-02   3.6528090e-02
   2.0060000e+03   1.2000000e+01   2.7000000e+01   1.7000000e+01   4.3000000e+01   2.9000000e+01  -5.3817703e+01  -3.7745558e+01   5.0228627e+02   3.3690934e-03   2.1941780e-02   1.5519416e-02
   2.0060000e+03   1.2000000e+01   2.7000000e+01   1.7000000e+01   4.5000000e+01   7.0000000e+00  -5.3813316e+01  -3.7747050e+01   4.9724708e+02   2.8183427e+00   5.3724909e+00   2.3425853e+00
   2.0060000e+03   1.2000000e+01   2.7000000e+01   1.7000000e+01   4.6000000e+01   4.4000000e+01  -5.3808900e+01  -3.7748451e+01   4.9927301e+02   8.5903301e-01   1.9245617e+00   1.8180481e+00
   2.0060000e+03   1.2000000e+01   2.7000000e+01   1.7000000e+01   4.8000000e+01   2.0000000e+01  -5.3804554e+01  -3.7749888e+01   4.9204328e+02   1.7633853e-01   8.8704024e-01   6.5162494e-01
   2.0060000e+03   1.2000000e+01   2.7000000e+01   1.7000000e+01   4.9000000e+01   5.7000000e+01  -5.3800131e+01  -3.7751375e+01   5.0107712e+02   4.5565677e-02   5.0510364e-01   3.5582229e-01
   2.0060000e+03   1.2000000e+01   2.7000000e+01   1.7000000e+01   5.1000000e+01   3.6000000e+01  -5.3795693e+01  -3.7752775e+01   5.0157199e+02   5.0330387e-02   1.7081646e-01   6.5210951e-02
   2.0060000e+03   1.2000000e+01   2.7000000e+01   1.7000000e+01   5.3000000e+01   1.5000000e+01  -5.3791273e+01  -3.7754266e+01   5.0090443e+02   1.6860332e+00   3.9469879e+00   3.1992083e+00
   2.0060000e+03   1.2000000e+01   2.7000000e+01   1.7000000e+01   5.4000000e+01   5.2000000e+01  -5.3786827e+01  -3.7755706e+01   5.0298619e+02   3.4350689e-02   6.5481308e-02   1.1467302e-02
   2.0060000e+03   1.2000000e+01   2.7000000e+01   1.7000000e+01   5.6000000e+01   2.7000000e+01  -5.3782404e+01  -3.7757220e+01   5.0140775e+02   4.4219947e-02   8.4294669e-02   6.8287766e-02
   2.0060000e+03   1.2000000e+01   2.7000000e+01   1.7000000e+01   5.8000000e+01   1.0000000e+00  -5.3778000e+01  -3.7758636e+01   4.9807181e+02   8.8891949e-01   2.7298289e+01   2.5552601e+01
   2.0060000e+03   1.2000000e+01   2.7000000e+01   1.7000000e+01   5.9000000e+01   3.6000000e+01  -5.3773561e+01  -3.7760083e+01   5.0242924e+02   5.0966252e+00   2.1712824e+01   1.0715105e-01
   2.0060000e+03   1.2000000e+01   2.7000000e+01   1.8000000e+01   1.0000000e+00   1.3000000e+01  -5.3769156e+01  -3.7761413e+01   4.9712121e+02   7.7557038e+00   1.5921903e+01   1.5672076e+01
   2.0060000e+03   1.2000000e+01   2.7000000e+01   1.8000000e+01   2.0000000e+00   5.0000000e+01  -5.3764704e+01  -3.7762763e+01   5.0266109e+02   1.4007884e+01   2.6702654e+01   2.5954025e+01
   2.0060000e+03   1.2000000e+01   2.7000000e+01   1.8000000e+01   4.0000000e+00   2.6000000e+01  -5.3760321e+01  -3.7764091e+01   4.9476518e+02   2.8508254e-01   1.8038730e+00   1.3171287e+00
   2.0060000e+03   1.2000000e+01   2.7000000e+01   1.8000000e+01   6.0000000e+00   3.0000000e+00  -5.3755907e+01  -3.7765431e+01   4.9836744e+02   3.6981911e+00   8.2541071e+01   8.2489305e+01
   2.0060000e+03   1.2000000e+01   2.7000000e+01   1.8000000e+01   7.0000000e+00   4.1000000e+01  -5.3751468e+01  -3.7766703e+01   5.0027514e+02   1.5650229e-01   1.8086713e+00   1.5787748e+00
   2.0060000e+03   1.2000000e+01   2.7000000e+01   1.8000000e+01   9.0000000e+00   1.8000000e+01  -5.3747035e+01  -3.7768103e+01   5.0107234e+02   9.3250829e+00   1.8931636e+01   1.7917441e+01
   2.0060000e+03   1.2000000e+01   2.7000000e+01   1.8000000e+01   1.0000000e+01   5.4000000e+01  -5.3742617e+01  -3.7769525e+01   4.9969710e+02   4.7991081e+00   1.0318822e+01   1.1704792e+00
   2.0060000e+03   1.2000000e+01   2.7000000e+01   1.8000000e+01   1.2000000e+01   3.1000000e+01  -5.3738170e+01  -3.7771040e+01   5.0415408e+02   3.4845791e+01   6.6425100e+01   6.6425100e+01
   2.0060000e+03   1.2000000e+01   2.7000000e+01   1.8000000e+01   1.4000000e+01   8.0000000e+00  -5.3733809e+01  -3.7772568e+01   4.9485074e+02   8.3196060e+00   1.5859323e+01   1.4424467e+01
   2.0060000e+03   1.2000000e+01   2.7000000e+01   1.8000000e+01   1.5000000e+01   4.6000000e+01  -5.3729361e+01  -3.7774021e+01   5.0343082e+02   3.3298537e+00   6.3475634e+00   3.8183449e+00
   2.0060000e+03   1.2000000e+01   2.7000000e+01   1.8000000e+01   1.7000000e+01   2.4000000e+01  -5.3724982e+01  -3.7775424e+01   4.9523015e+02   2.1466749e+01   4.0921183e+01   3.8500798e+01
   2.0060000e+03   1.2000000e+01   2.7000000e+01   1.8000000e+01   1.9000000e+01   2.0000000e+00  -5.3720562e+01  -3.7776823e+01   4.9977439e+02   1.2163776e-01   2.3835027e-01   9.7500306e-02
   2.0060000e+03   1.2000000e+01   2.7000000e+01   1.8000000e+01   2.0000000e+01   4.1000000e+01  -5.3716176e+01  -3.7778218e+01   4.9591102e+02   4.8855077e+01   9.4244990e+01   9.3005548e+01
   2.0060000e+03   1.2000000e+01   2.7000000e+01   1.8000000e+01   2.2000000e+01   2.0000000e+01  -5.3711778e+01  -3.7779650e+01   4.9768828e+02   2.7032968e+01   5.1545130e+01   4.9385998e+01
   2.0060000e+03   1.2000000e+01   2.7000000e+01   1.8000000e+01   2.3000000e+01   5.7000000e+01  -5.3707351e+01  -3.7781149e+01   5.0165786e+02   1.1295836e+00   2.1622343e+00   1.4698607e-02
   2.0060000e+03   1.2000000e+01   2.7000000e+01   1.8000000e+01   2.5000000e+01   3.3000000e+01  -5.3702939e+01  -3.7782639e+01   4.9997229e+02   5.9350731e-03   7.8795349e-02   6.7481563e-02
   2.0060000e+03   1.2000000e+01   2.7000000e+01   1.8000000e+01   2.7000000e+01   8.0000000e+00  -5.3698536e+01  -3.7784239e+01   5.0049816e+02   2.9861205e+00   5.7008503e+00   5.6923190e+00
   2.0060000e+03   1.2000000e+01   2.7000000e+01   1.8000000e+01   2.8000000e+01   4.2000000e+01  -5.3694132e+01  -3.7785822e+01   5.0024923e+02   3.4695288e+00   6.6404914e+00   6.4074860e+00
   2.0060000e+03   1.2000000e+01   2.7000000e+01   1.8000000e+01   3.0000000e+01   1.8000000e+01  -5.3689714e+01  -3.7787444e+01   5.0241483e+02   8.7706120e+00   1.7007422e+01   7.4268997e+00
   2.0060000e+03   1.2000000e+01   2.7000000e+01   1.8000000e+01   3.1000000e+01   5.4000000e+01  -5.3685313e+01  -3.7788950e+01   4.9897214e+02   1.6059436e+01   3.4602190e+01   4.0083587e+00
   2.0060000e+03   1.2000000e+01   2.7000000e+01   1.8000000e+01   3.3000000e+01   3.2000000e+01  -5.3680914e+01  -3.7790494e+01   4.9926845e+02   2.1240493e-01   9.0112218e-01   7.3649570e-01
   2.0060000e+03   1.2000000e+01   2.7000000e+01   1.8000000e+01   3.5000000e+01   1.0000000e+01  -5.3676529e+01  -3.7792129e+01   4.9901782e+02   9.5746369e+00   1.8682019e+01   1.7430161e+01
   2.0060000e+03   1.2000000e+01   2.7000000e+01   1.8000000e+01   3.6000000e+01   4.6000000e+01  -5.3672121e+01  -3.7793764e+01   5.0153976e+02   7.6708551e+00   1.4638782e+01   1.2969859e+01
   2.0060000e+03   1.2000000e+01   2.7000000e+01   1.8000000e+01   3.8000000e+01   2.3000000e+01  -5.3667800e+01  -3.7795307e+01   4.9079937e+02   3.3328220e+00   6.5515137e+00   5.6449902e+00
   2.0060000e+03   1.2000000e+01   2.7000000e+01   1.8000000e+01   4.0000000e+01   0.0000000e+00  -5.3663319e+01  -3.7796998e+01   5.1017228e+02   8.7055576e+00   1.6595047e+01   1.5048784e+01
   2.0060000e+03   1.2000000e+01   2.7000000e+01   1.8000000e+01   4.1000000e+01   3.4000000e+01  -5.3658957e+01  -3.7798589e+01   4.9585616e+02   1.5468401e+01   2.9862496e+01   1.5209773e+01
   2.0060000e+03   1.2000000e+01   2.7000000e+01   1.8000000e+01   4.3000000e+01   8.0000000e+00  -5.3654589e+01  -3.7800187e+01   4.9675265e+02   6.6957241e+00   1.2763784e+01   7.2326978e+00
   2.0060000e+03   1.2000000e+01   2.7000000e+01   1.8000000e+01   4.4000000e+01   4.5000000e+01  -5.3650180e+01  -3.7801670e+01   4.9951584e+02   1.7015897e+00   3.4773368e+00   3.0091328e+00
   2.0060000e+03   1.2000000e+01   2.7000000e+01   1.8000000e+01   4.6000000e+01   2.1000000e+01  -5.3645779e+01  -3.7803147e+01   4.9867349e+02   3.5776540e+00   7.0154909e+00   1.8495111e+00
   2.0060000e+03   1.2000000e+01   2.7000000e+01   1.8000000e+01   4.7000000e+01   5.6000000e+01  -5.3641350e+01  -3.7804653e+01   5.0202930e+02   1.7013030e+00   3.7582915e+00   1.9362465e+00
   2.0060000e+03   1.2000000e+01   2.7000000e+01   1.8000000e+01   4.9000000e+01   3.0000000e+01  -5.3636897e+01  -3.7806226e+01   5.0552420e+02   3.0936237e+00   6.0033697e+00   3.2391413e+00
   2.0060000e+03   1.2000000e+01   2.7000000e+01   1.8000000e+01   5.1000000e+01   6.0000000e+00  -5.3632553e+01  -3.7807779e+01   4.9338182e+02   2.6342691e-01   1.1933910e+00   1.0829308e+00
   2.0060000e+03   1.2000000e+01   2.7000000e+01   1.8000000e+01   5.2000000e+01   4.0000000e+01  -5.3628183e+01  -3.7809331e+01   4.9630496e+02   2.7706758e-01   8.1879661e-01   6.4605714e-01
   2.0060000e+03   1.2000000e+01   2.7000000e+01   1.8000000e+01   5.4000000e+01   1.4000000e+01  -5.3623654e+01  -3.7810802e+01   5.1245514e+02   1.0033704e+01   1.9126837e+01   1.3017854e+01
   2.0060000e+03   1.2000000e+01   2.7000000e+01   1.8000000e+01   5.5000000e+01   5.0000000e+01  -5.3619230e+01  -3.7812232e+01   5.0059407e+02   2.6450213e+02   5.0429416e+02   4.9483576e+02
   2.0060000e+03   1.2000000e+01   2.7000000e+01   1.8000000e+01   5.7000000e+01   2.8000000e+01  -5.3614893e+01  -3.7813554e+01   4.8978903e+02   1.8360429e+02   5.2206246e+02   5.2202569e+02
   2.0060000e+03   1.2000000e+01   2.7000000e+01   1.8000000e+01   5.9000000e+01   8.0000000e+00  -5.3610453e+01  -3.7814851e+01   5.0067625e+02   5.8876637e+01   1.1229612e+02   1.0923682e+02
   2.0060000e+03   1.2000000e+01   2.7000000e+01   1.9000000e+01   0.0000000e+00   4.7000099e+01  -5.3606065e+01  -3.7816299e+01   4.9690903e+02   4.8472424e+01   1.0573016e+02   9.6639867e+01
   2.0060000e+03   1.2000000e+01   2.7000000e+01   1.9000000e+01   2.0000000e+00   2.6000000e+01  -5.3601626e+01  -3.7817783e+01   5.0276267e+02   1.1507037e+02   2.3391921e+02   2.2268578e+02
   2.0060000e+03   1.2000000e+01   2.7000000e+01   1.9000000e+01   4.0000000e+00   5.0000000e+00  -5.3597215e+01  -3.7819242e+01   4.9958035e+02   1.0278448e+02   7.3319003e+02   7.3237530e+02
   2.0060000e+03   1.2000000e+01   2.7000000e+01   1.9000000e+01   5.0000000e+00   4.3999901e+01  -5.3592816e+01  -3.7820740e+01   4.9867148e+02   1.2466169e+02   2.3765181e+02   2.3591670e+02
   2.0060000e+03   1.2000000e+01   2.7000000e+01   1.9000000e+01   7.0000000e+00   2.4000000e+01  -5.3588426e+01  -3.7822335e+01   4.9899279e+02   1.6183453e+02   3.0983933e+02   3.0973690e+02
   2.0060000e+03   1.2000000e+01   2.7000000e+01   1.9000000e+01   9.0000000e+00   5.0000000e+00  -5.3584016e+01  -3.7823826e+01   4.9988910e+02   7.4390235e+01   1.4180705e+02   1.4168793e+02
   2.0060000e+03   1.2000000e+01   2.7000000e+01   1.9000000e+01   1.0000000e+01   4.7000000e+01  -5.3579601e+01  -3.7825370e+01   5.0101277e+02   9.1091016e+01   1.7364306e+02   1.7361027e+02
   2.0060000e+03   1.2000000e+01   2.7000000e+01   1.9000000e+01   1.2000000e+01   2.7000000e+01  -5.3575193e+01  -3.7826919e+01   5.0040394e+02   9.2403321e+01   1.7614466e+02   1.7586358e+02
   2.0060000e+03   1.2000000e+01   2.7000000e+01   1.9000000e+01   1.4000000e+01   5.0000000e+00  -5.3570756e+01  -3.7828425e+01   5.0290647e+02   1.2916251e+02   2.4621718e+02   2.4610527e+02
   2.0060000e+03   1.2000000e+01   2.7000000e+01   1.9000000e+01   1.5000000e+01   4.2000000e+01  -5.3566393e+01  -3.7829914e+01   4.9474802e+02   1.5439499e+02   2.9431682e+02   2.9431682e+02
   2.0060000e+03   1.2000000e+01   2.7000000e+01   1.9000000e+01   1.7000000e+01   1.9000000e+01  -5.3561962e+01  -3.7831484e+01   5.0309971e+02   1.7882119e+02   3.4608029e+02   3.4524253e+02
   2.0060000e+03   1.2000000e+01   2.7000000e+01   1.9000000e+01   1.8000000e+01   5.6000000e+01  -5.3557558e+01  -3.7832958e+01   4.9891399e+02   1.4178616e+02   2.9641939e+02   2.9295235e+02
   2.0060000e+03   1.2000000e+01   2.7000000e+01   1.9000000e+01   2.0000000e+01   3.3000000e+01  -5.3553147e+01  -3.7834419e+01   4.9955687e+02   1.0114370e+02   2.2707137e+02   2.2227572e+02
   2.0060000e+03   1.2000000e+01   2.7000000e+01   1.9000000e+01   2.2000000e+01   1.0000000e+01  -5.3548752e+01  -3.7835947e+01   4.9875073e+02   1.2188885e+02   2.3235171e+02   2.3189443e+02
   2.0060000e+03   1.2000000e+01   2.7000000e+01   1.9000000e+01   2.3000000e+01   4.5999901e+01  -5.3544393e+01  -3.7837394e+01   4.9364461e+02   5.8414071e+01   1.1135235e+02   1.1135235e+02
   2.0060000e+03   1.2000000e+01   2.7000000e+01   1.9000000e+01   2.5000000e+01   2.3000000e+01  -5.3539946e+01  -3.7838858e+01   5.0349000e+02   6.5169028e+01   1.2422904e+02   1.2412725e+02
   2.0060000e+03   1.2000000e+01   2.7000000e+01   1.9000000e+01   2.6000000e+01   5.9999901e+01  -5.3535535e+01  -3.7840286e+01   4.9914902e+02   1.6812584e+01   4.6307356e+01   4.3543481e+01
   2.0060000e+03   1.2000000e+01   2.7000000e+01   1.9000000e+01   2.8000000e+01   3.6000000e+01  -5.3531124e+01  -3.7841688e+01   4.9885864e+02   1.5005947e+01   2.8605221e+01   2.3401862e+01
   2.0060000e+03   1.2000000e+01   2.7000000e+01   1.9000000e+01   3.0000000e+01   1.1000000e+01  -5.3526696e+01  -3.7843107e+01   5.0083886e+02   1.7486483e+01   3.3333765e+01   2.4140310e+01
   2.0060000e+03   1.2000000e+01   2.7000000e+01   1.9000000e+01   3.1000000e+01   4.5000099e+01  -5.3522278e+01  -3.7844466e+01   4.9914815e+02   2.1605598e+01   1.2760685e+02   1.1565352e+02
   2.0060000e+03   1.2000000e+01   2.7000000e+01   1.9000000e+01   3.3000000e+01   2.0000000e+01  -5.3517856e+01  -3.7845857e+01   4.9983447e+02   9.9843830e+00   1.9032819e+01   1.2563467e+01
   2.0060000e+03   1.2000000e+01   2.7000000e+01   1.9000000e+01   3.4000000e+01   5.5000000e+01  -5.3513436e+01  -3.7847383e+01   5.0140807e+02   1.5134391e+01   2.8850068e+01   2.2276238e+01
   2.0060000e+03   1.2000000e+01   2.7000000e+01   1.9000000e+01   3.6000000e+01   3.1000000e+01  -5.3509072e+01  -3.7848772e+01   4.9359131e+02   8.3828152e+00   1.6016196e+01   0.0000000e+00
   2.0060000e+03   1.2000000e+01   2.7000000e+01   1.9000000e+01   3.8000000e+01   9.0000000e+00  -5.3504661e+01  -3.7850305e+01   5.0049844e+02   3.4110778e+01   6.5023975e+01   5.4905848e+01
   2.0060000e+03   1.2000000e+01   2.7000000e+01   1.9000000e+01   3.9000000e+01   4.6000000e+01  -5.3500252e+01  -3.7851829e+01   5.0009216e+02   1.2304422e+01   2.9776056e+01   8.2045299e+00
   2.0060000e+03   1.2000000e+01   2.7000000e+01   1.9000000e+01   4.1000000e+01   2.2000000e+01  -5.3495836e+01  -3.7853345e+01   5.0088834e+02   7.2043652e+01   1.5177436e+02   1.4452790e+02
   2.0060000e+03   1.2000000e+01   2.7000000e+01   1.9000000e+01   4.2000000e+01   5.8000000e+01  -5.3491416e+01  -3.7854857e+01   5.0120125e+02   6.7354240e+01   1.2839462e+02   1.2262641e+02
   2.0060000e+03   1.2000000e+01   2.7000000e+01   1.9000000e+01   4.4000000e+01   3.5000000e+01  -5.3487059e+01  -3.7856358e+01   4.9423216e+02   3.9634399e+01   8.9235547e+01   8.5769210e+01
   2.0060000e+03   1.2000000e+01   2.7000000e+01   1.9000000e+01   4.6000000e+01   1.3000099e+01  -5.3482627e+01  -3.7857996e+01   5.0419496e+02   4.7364053e+01   9.0288150e+01   8.0939808e+01
   2.0060000e+03   1.2000000e+01   2.7000000e+01   1.9000000e+01   4.7000000e+01   5.2000000e+01  -5.3478208e+01  -3.7859426e+01   5.0016858e+02   2.9630983e+01   6.2557933e+01   5.5224709e+01
   2.0060000e+03   1.2000000e+01   2.7000000e+01   1.9000000e+01   4.9000000e+01   3.1000000e+01  -5.3473755e+01  -3.7860954e+01   5.0496038e+02   1.5416435e+02   2.9387716e+02   2.8661680e+02
   2.0060000e+03   1.2000000e+01   2.7000000e+01   1.9000000e+01   5.1000000e+01   9.0000992e+00  -5.3469378e+01  -3.7862345e+01   4.9499161e+02   1.5095372e+02   2.8775688e+02   2.8223534e+02
   2.0060000e+03   1.2000000e+01   2.7000000e+01   1.9000000e+01   5.2000000e+01   4.7000000e+01  -5.3464963e+01  -3.7863729e+01   4.9912884e+02   2.0115295e+02   3.8344960e+02   3.8158798e+02
   2.0060000e+03   1.2000000e+01   2.7000000e+01   1.9000000e+01   5.4000000e+01   2.4000000e+01  -5.3460579e+01  -3.7865075e+01   4.9521822e+02   6.5082018e+01   1.2406318e+02   1.1964205e+02
   2.0060000e+03   1.2000000e+01   2.7000000e+01   1.9000000e+01   5.6000000e+01   1.0000000e+00  -5.3456144e+01  -3.7866389e+01   5.0039119e+02   8.8718951e+01   1.6912129e+02   1.6471371e+02
   2.0060000e+03   1.2000000e+01   2.7000000e+01   1.9000000e+01   5.7000000e+01   3.8000000e+01  -5.3451738e+01  -3.7868031e+01   5.0147826e+02   4.6657438e+01   8.8941159e+01   8.2048221e+01
   2.0060000e+03   1.2000000e+01   2.7000000e+01   1.9000000e+01   5.9000000e+01   1.4000000e+01  -5.3447317e+01  -3.7869476e+01   5.0054393e+02   2.1349878e+02   4.0699584e+02   3.9497434e+02
   2.0060000e+03   1.2000000e+01   2.7000000e+01   2.0000000e+01   0.0000000e+00   5.0000000e+01  -5.3442950e+01  -3.7871046e+01   4.9621793e+02   1.8487211e+02   3.5241410e+02   3.5175136e+02
   2.0060000e+03   1.2000000e+01   2.7000000e+01   2.0000000e+01   2.0000000e+00   2.6999901e+01  -5.3438561e+01  -3.7872591e+01   4.9829016e+02   8.0298670e+01   1.5344582e+02   1.4679674e+02
   2.0060000e+03   1.2000000e+01   2.7000000e+01   2.0000000e+01   4.0000000e+00   5.0000000e+00  -5.3434120e+01  -3.7874168e+01   5.0446222e+02   1.0699400e+02   2.0719397e+02   2.0278220e+02
   2.0060000e+03   1.2000000e+01   2.7000000e+01   2.0000000e+01   5.0000000e+00   4.2000000e+01  -5.3429696e+01  -3.7875657e+01   5.0137179e+02   1.1376337e+02   2.6462160e+02   2.6295486e+02
   2.0060000e+03   1.2000000e+01   2.7000000e+01   2.0000000e+01   7.0000000e+00   1.8000000e+01  -5.3425326e+01  -3.7877060e+01   4.9436393e+02   5.8314709e+01   1.1116294e+02   1.0884302e+02
   2.0060000e+03   1.2000000e+01   2.7000000e+01   2.0000000e+01   8.0000000e+00   5.4000099e+01  -5.3420896e+01  -3.7878596e+01   5.0268149e+02   8.5404695e+01   1.6285227e+02   1.5992810e+02
   2.0060000e+03   1.2000000e+01   2.7000000e+01   2.0000000e+01   1.0000000e+01   3.1000000e+01  -5.3416455e+01  -3.7880117e+01   5.0359569e+02   2.7205418e+01   5.1860571e+01   5.0723399e+01
   2.0060000e+03   1.2000000e+01   2.7000000e+01   2.0000000e+01   1.2000000e+01   9.0000992e+00  -5.3412075e+01  -3.7881576e+01   4.9628105e+02   1.8588102e+01   3.5433735e+01   3.1396784e+01
   2.0060000e+03   1.2000000e+01   2.7000000e+01   2.0000000e+01   1.3000000e+01   4.7000000e+01  -5.3407651e+01  -3.7882995e+01   5.0043854e+02   1.8443816e+01   3.5158690e+01   3.2511978e+01
   2.0060000e+03   1.2000000e+01   2.7000000e+01   2.0000000e+01   1.5000000e+01   2.4000000e+01  -5.3403284e+01  -3.7884429e+01   4.9450741e+02   1.8540084e+01   4.2461706e+01   3.1830870e+01
   2.0060000e+03   1.2000000e+01   2.7000000e+01   2.0000000e+01   1.7000000e+01   0.0000000e+00  -5.3398855e+01  -3.7885850e+01   5.0102437e+02   5.3608736e+00   1.0267639e+01   5.8019860e+00
   2.0060000e+03   1.2000000e+01   2.7000000e+01   2.0000000e+01   1.8000000e+01   3.6000000e+01  -5.3394499e+01  -3.7887278e+01   4.9327559e+02   6.9239186e+00   1.3536735e+01   7.5617200e+00
   2.0060000e+03   1.2000000e+01   2.7000000e+01   2.0000000e+01   2.0000000e+01   1.3000000e+01  -5.3390070e+01  -3.7888720e+01   5.0128542e+02   2.2223872e+00   4.7869149e+00   8.4664049e-01
   2.0060000e+03   1.2000000e+01   2.7000000e+01   2.0000000e+01   2.1000000e+01   5.1000099e+01  -5.3385648e+01  -3.7890156e+01   5.0049918e+02   4.0909676e+00   7.7984436e+00   0.0000000e+00
   2.0060000e+03   1.2000000e+01   2.7000000e+01   2.0000000e+01   2.3000000e+01   2.9000000e+01  -5.3381224e+01  -3.7891608e+01   5.0096057e+02   1.1508101e+01   2.8169096e+02   2.5950043e+02
   2.0060000e+03   1.2000000e+01   2.7000000e+01   2.0000000e+01   2.5000000e+01   8.0000000e+00  -5.3376809e+01  -3.7893172e+01   5.0141622e+02   5.6169890e+02   1.0707435e+03   1.0687327e+03
   2.0060000e+03   1.2000000e+01   2.7000000e+01   2.0000000e+01   2.6000000e+01   4.8000000e+01  -5.3372394e+01  -3.7894720e+01   5.0119108e+02   4.1922498e+02   1.2147270e+03   1.2120917e+03
   2.0060000e+03   1.2000000e+01   2.7000000e+01   2.0000000e+01   2.8000000e+01   2.7000000e+01  -5.3368005e+01  -3.7896218e+01   4.9770978e+02   1.6725829e+02   3.1883760e+02   3.1302283e+02
   2.0060000e+03   1.2000000e+01   2.7000000e+01   2.0000000e+01   3.0000000e+01   6.0000000e+00  -5.3363614e+01  -3.7897678e+01   4.9751363e+02   8.1621649e+00   1.6603284e+01   1.0015235e+01
   2.0060000e+03   1.2000000e+01   2.7000000e+01   2.0000000e+01   3.1000000e+01   4.5000000e+01  -5.3359181e+01  -3.7899171e+01   5.0245425e+02   1.5805158e+01   3.0205950e+01   2.1979823e+01
   2.0060000e+03   1.2000000e+01   2.7000000e+01   2.0000000e+01   3.3000000e+01   2.3000000e+01  -5.3354796e+01  -3.7900722e+01   4.9797265e+02   4.0547497e+00   1.0248586e+01   6.2782893e+00
   2.0060000e+03   1.2000000e+01   2.7000000e+01   2.0000000e+01   3.5000000e+01   2.0000000e+00  -5.3350355e+01  -3.7902289e+01   5.0432834e+02   2.6076252e-02   4.9708088e-02   0.0000000e+00
   2.0060000e+03   1.2000000e+01   2.7000000e+01   2.0000000e+01   3.6000000e+01   4.1000000e+01  -5.3345972e+01  -3.7903731e+01   4.9635008e+02   7.0320370e+02   1.3404883e+03   1.3403519e+03
   2.0060000e+03   1.2000000e+01   2.7000000e+01   2.0000000e+01   3.8000000e+01   2.0000000e+01  -5.3341594e+01  -3.7905278e+01   4.9715608e+02   7.4149365e+01   1.4141922e+02   1.0867612e+02
   2.0060000e+03   1.2000000e+01   2.7000000e+01   2.0000000e+01   3.9000000e+01   5.9000000e+01  -5.3337173e+01  -3.7906828e+01   5.0194407e+02   7.3426944e+00   1.3997077e+01   1.2360395e+01
   2.0060000e+03   1.2000000e+01   2.7000000e+01   2.0000000e+01   4.1000000e+01   3.8000000e+01  -5.3332783e+01  -3.7908315e+01   4.9768267e+02   2.2186061e+01   4.4993573e+01   3.2248767e+01
   2.0060000e+03   1.2000000e+01   2.7000000e+01   2.0000000e+01   4.3000000e+01   1.6999901e+01  -5.3328391e+01  -3.7909827e+01   4.9825849e+02   1.8661045e-01   3.5572784e-01   0.0000000e+00
   2.0060000e+03   1.2000000e+01   2.7000000e+01   2.0000000e+01   4.4000000e+01   5.6000099e+01  -5.3323988e+01  -3.7911364e+01   4.9970731e+02   4.9913119e+00   9.6178691e+00   9.5106155e+00
   2.0060000e+03   1.2000000e+01   2.7000000e+01   2.0000000e+01   4.6000000e+01   3.6000000e+01  -5.3319617e+01  -3.7912887e+01   4.9609522e+02   9.8858612e-01   1.9299163e+00   3.1148857e-02
   2.0060000e+03   1.2000000e+01   2.7000000e+01   2.0000000e+01   4.8000000e+01   1.6000000e+01  -5.3315161e+01  -3.7914438e+01   5.0578352e+02   1.1689893e-01   3.1575846e-01   1.4336562e-01
   2.0060000e+03   1.2000000e+01   2.7000000e+01   2.0000000e+01   4.9000000e+01   5.4999901e+01  -5.3310707e+01  -3.7915837e+01   5.0353066e+02   1.0985019e-01   2.0940290e-01   1.6813463e-01
   2.0060000e+03   1.2000000e+01   2.7000000e+01   2.0000000e+01   5.1000000e+01   3.4000000e+01  -5.3306349e+01  -3.7917369e+01   4.9490575e+02   2.2205915e-02   1.5456094e-01   1.4150687e-01
   2.0060000e+03   1.2000000e+01   2.7000000e+01   2.0000000e+01   5.3000000e+01   1.4000000e+01  -5.3301961e+01  -3.7918762e+01   4.9625165e+02   1.3276845e+03   2.5309105e+03   2.5218362e+03
   2.0060000e+03   1.2000000e+01   2.7000000e+01   2.0000000e+01   5.4000000e+01   5.4000000e+01  -5.3297512e+01  -3.7920200e+01   5.0349527e+02   5.1341047e-02   9.7869330e-02   0.0000000e+00
   2.0060000e+03   1.2000000e+01   2.7000000e+01   2.0000000e+01   5.6000000e+01   3.3000000e+01  -5.3293123e+01  -3.7921621e+01   4.9682105e+02   1.8522542e+01   3.5308760e+01   3.5191553e+01
   2.0060000e+03   1.2000000e+01   2.7000000e+01   2.0000000e+01   5.8000000e+01   1.3000099e+01  -5.3288701e+01  -3.7922971e+01   4.9941066e+02   9.3821780e+01   1.7887960e+02   1.7887065e+02
   2.0060000e+03   1.2000000e+01   2.7000000e+01   2.0000000e+01   5.9000000e+01   5.4000000e+01  -5.3284250e+01  -3.7924349e+01   5.0298280e+02   2.8920010e-01   6.2367169e-01   5.6111920e-01
   2.0060000e+03   1.2000000e+01   2.7000000e+01   2.1000000e+01   1.0000000e+00   3.3000000e+01  -5.3279820e+01  -3.7925688e+01   5.0025547e+02   4.3197880e-02   1.5210793e-01   6.9462019e-02
   2.0060000e+03   1.2000000e+01   2.7000000e+01   2.1000000e+01   3.0000000e+00   1.1000000e+01  -5.3275417e+01  -3.7927137e+01   4.9864438e+02   4.6251993e-02   1.7578869e-01   1.2303041e-01
   2.0060000e+03   1.2000000e+01   2.7000000e+01   2.1000000e+01   4.0000000e+00   4.9000099e+01  -5.3271000e+01  -3.7928582e+01   5.0011082e+02   2.7353501e+01   5.2142856e+01   1.8941788e-01
   2.0060000e+03   1.2000000e+01   2.7000000e+01   2.1000000e+01   6.0000000e+00   2.6000000e+01  -5.3266570e+01  -3.7930065e+01   5.0210776e+02   4.5644978e+02   8.7012755e+02   8.5750761e+02
   2.0060000e+03   1.2000000e+01   2.7000000e+01   2.1000000e+01   8.0000000e+00   2.0000000e+00  -5.3262182e+01  -3.7931483e+01   4.9658141e+02   1.4880690e-01   2.8366449e-01   6.2647263e-02
   2.0060000e+03   1.2000000e+01   2.7000000e+01   2.1000000e+01   9.0000000e+00   3.9000000e+01  -5.3257758e+01  -3.7932922e+01   5.0084748e+02   4.2566217e-01   8.1142231e-01   6.3083600e-01
   2.0060000e+03   1.2000000e+01   2.7000000e+01   2.1000000e+01   1.1000000e+01   1.7000000e+01  -5.3253332e+01  -3.7934411e+01   5.0160275e+02   4.1875815e+00   7.9826147e+00   3.2078980e+00
   2.0060000e+03   1.2000000e+01   2.7000000e+01   2.1000000e+01   1.2000000e+01   5.4000000e+01  -5.3248984e+01  -3.7935897e+01   4.9313497e+02   3.6422780e-01   1.4756570e+00   2.3898446e-01
   2.0060000e+03   1.2000000e+01   2.7000000e+01   2.1000000e+01   1.4000000e+01   3.1000000e+01  -5.3244577e+01  -3.7937372e+01   4.9949987e+02   3.2583822e-01   6.6996542e-01   3.2110426e-01
   2.0060000e+03   1.2000000e+01   2.7000000e+01   2.1000000e+01   1.6000000e+01   9.0000000e+00  -5.3240146e+01  -3.7938982e+01   5.0389935e+02   5.3059629e-01   1.0147122e+00   9.7493069e-01
   2.0060000e+03   1.2000000e+01   2.7000000e+01   2.1000000e+01   1.7000000e+01   4.5000000e+01  -5.3235773e+01  -3.7940559e+01   4.9704676e+02   7.3431526e-02   1.5649758e-01   1.0614914e-01
   2.0060000e+03   1.2000000e+01   2.7000000e+01   2.1000000e+01   1.9000000e+01   2.0000099e+01  -5.3231425e+01  -3.7942120e+01   4.9415761e+02   3.5802032e-01   6.8363291e-01   4.2278813e-01
   2.0060000e+03   1.2000000e+01   2.7000000e+01   2.1000000e+01   2.0000000e+01   5.6000000e+01  -5.3227017e+01  -3.7943684e+01   5.0075453e+02   2.3713868e-01   1.4008680e+00   3.5333747e-01
   2.0060000e+03   1.2000000e+01   2.7000000e+01   2.1000000e+01   2.2000000e+01   3.1000000e+01  -5.3222568e+01  -3.7945222e+01   5.0492487e+02   1.9876051e-01   4.8751289e-01   4.8180683e-01
   2.0060000e+03   1.2000000e+01   2.7000000e+01   2.1000000e+01   2.4000000e+01   6.0000992e+00  -5.3218157e+01  -3.7946641e+01   4.9915439e+02   2.8683060e-01   1.9129117e+00   2.3630556e-01
   2.0060000e+03   1.2000000e+01   2.7000000e+01   2.1000000e+01   2.5000000e+01   4.2000000e+01  -5.3213726e+01  -3.7948113e+01   5.0204117e+02   2.7275406e-01   5.1993986e-01   7.9041039e-02
   2.0060000e+03   1.2000000e+01   2.7000000e+01   2.1000000e+01   2.7000000e+01   1.8000000e+01  -5.3209389e+01  -3.7949457e+01   4.9010373e+02   7.8125578e-02   8.8926379e-01   6.4033420e-01
   2.0060000e+03   1.2000000e+01   2.7000000e+01   2.1000000e+01   2.8000000e+01   5.6000000e+01  -5.3204906e+01  -3.7950949e+01   5.0795431e+02   1.9333808e-01   1.5498605e+00   1.2971943e+00
   2.0060000e+03   1.2000000e+01   2.7000000e+01   2.1000000e+01   3.0000000e+01   3.5000099e+01  -5.3200447e+01  -3.7952288e+01   5.0348804e+02   3.4611220e-01   1.2378380e+00   7.8956979e-02
   2.0060000e+03   1.2000000e+01   2.7000000e+01   2.1000000e+01   3.2000000e+01   1.3000000e+01  -5.3196114e+01  -3.7953704e+01   4.9061388e+02   1.1852417e+00   2.3446012e+00   1.9923347e+00
   2.0060000e+03   1.2000000e+01   2.7000000e+01   2.1000000e+01   3.3000000e+01   4.9999901e+01  -5.3191672e+01  -3.7955153e+01   5.0287066e+02   2.0995821e+00   4.6830032e+00   3.5692482e+00
   2.0060000e+03   1.2000000e+01   2.7000000e+01   2.1000000e+01   3.5000000e+01   2.7000000e+01  -5.3187323e+01  -3.7956552e+01   4.9211750e+02   1.4330693e+00   2.7318011e+00   2.4681629e+00
   2.0060000e+03   1.2000000e+01   2.7000000e+01   2.1000000e+01   3.7000000e+01   5.0000000e+00  -5.3182866e+01  -3.7957960e+01   5.0413424e+02   7.2637947e-02   1.3846673e-01   1.3846673e-01
   2.0060000e+03   1.2000000e+01   2.7000000e+01   2.1000000e+01   3.8000000e+01   4.2000000e+01  -5.3178456e+01  -3.7959404e+01   4.9932521e+02   1.9563148e-01   4.5298798e-01   2.8045201e-01
   2.0060000e+03   1.2000000e+01   2.7000000e+01   2.1000000e+01   4.0000000e+01   1.7999901e+01  -5.3174051e+01  -3.7960931e+01   4.9995263e+02   2.4215657e-01   4.6161312e-01   2.0111432e-01
   2.0060000e+03   1.2000000e+01   2.7000000e+01   2.1000000e+01   4.1000000e+01   5.4000000e+01  -5.3169612e+01  -3.7962436e+01   5.0335170e+02   7.5818733e-01   1.4453014e+00   2.9942408e-01
   2.0060000e+03   1.2000000e+01   2.7000000e+01   2.1000000e+01   4.3000000e+01   3.1000000e+01  -5.3165200e+01  -3.7963945e+01   5.0043029e+02   2.8182037e-01   6.6328958e-01   1.5981782e-01
