   2.0060000e+03   1.2000000e+01   2.5000000e+01   7.0000000e+00   0.0000000e+00   1.8000000e+01  -5.4052389e+01  -3.9393016e+01   4.9503985e+02   8.6943671e-01   2.7236820e+00   1.2019253e+00
   2.0060000e+03   1.2000000e+01   2.5000000e+01   7.0000000e+00   1.0000000e+00   3.7000000e+01  -5.4048821e+01  -3.9393801e+01   3.9976478e+02   3.0542310e-01   8.0660262e-01   4.3835363e-01
   2.0060000e+03   1.2000000e+01   2.5000000e+01   7.0000000e+00   3.0000000e+00   2.2000000e+01  -5.4044346e+01  -3.9394939e+01   5.0281041e+02   9.4608801e-01   2.9845910e+00   1.6803298e+00
   2.0060000e+03   1.2000000e+01   2.5000000e+01   7.0000000e+00   5.0000000e+00   0.0000000e+00  -5.4039861e+01  -3.9396268e+01   5.0586101e+02   9.2947290e-01   2.5948442e+00   2.2491040e+00
   2.0060000e+03   1.2000000e+01   2.5000000e+01   7.0000000e+00   6.0000000e+00   4.0000000e+01  -5.4035442e+01  -3.9397557e+01   4.9820021e+02   9.2853529e-01   3.4512646e+00   2.4808508e+00
   2.0060000e+03   1.2000000e+01   2.5000000e+01   7.0000000e+00   8.0000000e+00   1.7000000e+01  -5.4031068e+01  -3.9398861e+01   4.9336754e+02   4.2596728e-01   1.1024559e+00   7.7889473e-01
   2.0060000e+03   1.2000000e+01   2.5000000e+01   7.0000000e+00   9.0000000e+00   5.2000000e+01  -5.4026656e+01  -3.9400032e+01   4.9624707e+02   4.2949386e-01   8.1872650e-01   7.3138326e-01
   2.0060000e+03   1.2000000e+01   2.5000000e+01   7.0000000e+00   1.1000000e+01   2.7000000e+01  -5.4022253e+01  -3.9401424e+01   4.9759178e+02   3.6754293e-01   1.6234227e+00   6.4395952e-01
   2.0060000e+03   1.2000000e+01   2.5000000e+01   7.0000000e+00   1.3000000e+01   4.0000000e+00  -5.4017958e+01  -3.9402714e+01   4.8468918e+02   7.0578404e-01   2.3383982e+00   1.6312796e+00
   2.0060000e+03   1.2000000e+01   2.5000000e+01   7.0000000e+00   1.4000000e+01   4.4000000e+01  -5.4013448e+01  -3.9404020e+01   5.0833950e+02   1.6419410e-01   3.1299647e-01   8.5909672e-02
   2.0060000e+03   1.2000000e+01   2.5000000e+01   7.0000000e+00   1.6000000e+01   2.1000099e+01  -5.4008932e+01  -3.9405436e+01   5.1020472e+02   5.3687052e-02   3.7461748e-01   3.5692352e-01
   2.0060000e+03   1.2000000e+01   2.5000000e+01   7.0000000e+00   1.7000000e+01   5.5000000e+01  -5.4004608e+01  -3.9406673e+01   4.8730290e+02   4.0287124e-02   3.1567635e-01   3.0240904e-01
   2.0060000e+03   1.2000000e+01   2.5000000e+01   7.0000000e+00   1.9000000e+01   2.6000099e+01  -5.4000227e+01  -3.9408277e+01   4.9793326e+02   5.5304482e-01   1.4390225e+00   8.2875699e-02
   2.0060000e+03   1.2000000e+01   2.5000000e+01   7.0000000e+00   2.0000000e+01   5.9000099e+01  -5.3995873e+01  -3.9409585e+01   4.9122213e+02   4.7662422e-02   9.0856918e-02   9.0856918e-02
   2.0060000e+03   1.2000000e+01   2.5000000e+01   7.0000000e+00   2.2000000e+01   3.3000000e+01  -5.3991397e+01  -3.9410983e+01   5.0572438e+02   7.8385905e-02   3.6741325e-01   1.5527238e-01
   2.0060000e+03   1.2000000e+01   2.5000000e+01   7.0000000e+00   2.4000000e+01   6.0000000e+00  -5.3987119e+01  -3.9412303e+01   4.8312271e+02   5.0139186e-02   4.4019518e-01   4.4019518e-01
   2.0060000e+03   1.2000000e+01   2.5000000e+01   7.0000000e+00   2.5000000e+01   4.2000000e+01  -5.3982669e+01  -3.9413648e+01   5.0226440e+02   5.5620347e-02   2.5963223e-01   2.5963223e-01
   2.0060000e+03   1.2000000e+01   2.5000000e+01   7.0000000e+00   2.7000000e+01   1.9000000e+01  -5.3978291e+01  -3.9414773e+01   4.9205113e+02   1.7221604e-01   3.2828837e-01   3.2828837e-01
   2.0060000e+03   1.2000000e+01   2.5000000e+01   7.0000000e+00   2.8000000e+01   5.9999901e+01  -5.3973771e+01  -3.9416031e+01   5.0885294e+02   8.3755887e-02   2.4405374e-01   1.4523508e-01
   2.0060000e+03   1.2000000e+01   2.5000000e+01   7.0000000e+00   3.0000000e+01   3.8000000e+01  -5.3969454e+01  -3.9417177e+01   4.8554213e+02   9.8924298e-02   6.7994105e-01   5.6081152e-01
   2.0060000e+03   1.2000000e+01   2.5000000e+01   7.0000000e+00   3.2000000e+01   1.9000000e+01  -5.3965059e+01  -3.9418417e+01   4.9506950e+02   1.1347399e-01   6.0734445e-01   2.3229596e-01
   2.0060000e+03   1.2000000e+01   2.5000000e+01   7.0000000e+00   3.4000000e+01   0.0000000e+00  -5.3960793e+01  -3.9419499e+01   4.7923749e+02   2.2636467e-01   6.0940540e-01   5.2377841e-01
   2.0060000e+03   1.2000000e+01   2.5000000e+01   7.0000000e+00   3.5000000e+01   4.1000000e+01  -5.3956052e+01  -3.9420747e+01   5.3312800e+02   2.0091173e-01   6.6687920e-01   6.6687920e-01
   2.0060000e+03   1.2000000e+01   2.5000000e+01   7.0000000e+00   3.7000000e+01   9.0000000e+00  -5.3951773e+01  -3.9422123e+01   4.8398801e+02   1.7825276e-01   5.8574767e-01   5.8574767e-01
   2.0060000e+03   1.2000000e+01   2.5000000e+01   7.0000000e+00   3.8000000e+01   4.0000099e+01  -5.3947285e+01  -3.9423519e+01   5.0693466e+02   8.2813654e-01   1.7175252e+00   1.3094996e+00
   2.0060000e+03   1.2000000e+01   2.5000000e+01   7.0000000e+00   4.0000000e+01   1.7000000e+01  -5.3943016e+01  -3.9424603e+01   4.7964131e+02   7.0749344e-01   1.4840537e+00   1.4755580e+00
   2.0060000e+03   1.2000000e+01   2.5000000e+01   7.0000000e+00   4.2000000e+01   0.0000000e+00  -5.3938590e+01  -3.9426150e+01   5.0210282e+02   6.2996036e-01   1.3173539e+00   1.3173539e+00
   2.0060000e+03   1.2000000e+01   2.5000000e+01   7.0000000e+00   4.3000000e+01   3.9000000e+01  -5.3934286e+01  -3.9427762e+01   4.8973209e+02   1.4147868e+00   2.8858480e+00   2.8858480e+00
   2.0060000e+03   1.2000000e+01   2.5000000e+01   7.0000000e+00   4.5000000e+01   1.4000000e+01  -5.3929832e+01  -3.9429127e+01   5.0293035e+02   1.8408735e+00   3.7440379e+00   3.7440379e+00
   2.0060000e+03   1.2000000e+01   2.5000000e+01   7.0000000e+00   4.6000000e+01   4.5000000e+01  -5.3925450e+01  -3.9430590e+01   4.9625633e+02   1.2020853e+00   2.7508151e+00   2.6633115e+00
   2.0060000e+03   1.2000000e+01   2.5000000e+01   7.0000000e+00   4.8000000e+01   1.7000000e+01  -5.3921038e+01  -3.9431745e+01   4.9610467e+02   1.3832308e+00   2.8770550e+00   2.7651200e+00
   2.0060000e+03   1.2000000e+01   2.5000000e+01   7.0000000e+00   4.9000000e+01   4.8000099e+01  -5.3916682e+01  -3.9433033e+01   4.9127975e+02   1.2741931e+00   2.5941980e+00   2.5941980e+00
   2.0060000e+03   1.2000000e+01   2.5000000e+01   7.0000000e+00   5.1000000e+01   2.5000000e+01  -5.3912208e+01  -3.9434103e+01   5.0207815e+02   4.7377408e-02   1.7125494e-01   1.7125494e-01
   2.0060000e+03   1.2000000e+01   2.5000000e+01   7.0000000e+00   5.2000000e+01   5.9000000e+01  -5.3907763e+01  -3.9435504e+01   5.0238896e+02   8.6859716e-02   4.6206718e-01   2.7149744e-01
   2.0060000e+03   1.2000000e+01   2.5000000e+01   7.0000000e+00   5.4000000e+01   3.6000000e+01  -5.3903353e+01  -3.9436878e+01   4.9822063e+02   2.1667742e-01   9.4973748e-01   3.3325444e-01
   2.0060000e+03   1.2000000e+01   2.5000000e+01   7.0000000e+00   5.6000000e+01   1.8000000e+01  -5.3898943e+01  -3.9438237e+01   4.9801865e+02   9.7103204e-02   2.0142557e-01   1.8510385e-01
   2.0060000e+03   1.2000000e+01   2.5000000e+01   7.0000000e+00   5.8000000e+01   0.0000000e+00  -5.3894620e+01  -3.9439486e+01   4.8734059e+02   3.0795332e-02   2.0992284e-01   2.0992284e-01
   2.0060000e+03   1.2000000e+01   2.5000000e+01   7.0000000e+00   5.9000000e+01   4.0000099e+01  -5.3890335e+01  -3.9440920e+01   4.8531728e+02   2.3349666e-01   4.4510510e-01   4.4510510e-01
   2.0060000e+03   1.2000000e+01   2.5000000e+01   8.0000000e+00   1.0000000e+00   1.7000000e+01  -5.3885938e+01  -3.9442468e+01   4.9894089e+02   1.1870402e-01   8.3892476e-01   3.2363290e-01
   2.0060000e+03   1.2000000e+01   2.5000000e+01   8.0000000e+00   2.0000000e+00   5.3000099e+01  -5.3881425e+01  -3.9443738e+01   5.0832269e+02   2.3618216e-01   4.5022436e-01   4.5022436e-01
   2.0060000e+03   1.2000000e+01   2.5000000e+01   8.0000000e+00   4.0000000e+00   2.6000099e+01  -5.3877139e+01  -3.9444955e+01   4.8295695e+02   9.8741270e-02   1.8822643e-01   1.8822643e-01
   2.0060000e+03   1.2000000e+01   2.5000000e+01   8.0000000e+00   5.0000000e+00   5.8000099e+01  -5.3872720e+01  -3.9446256e+01   4.9839256e+02   7.3715178e-02   1.4052022e-01   1.4052022e-01
   2.0060000e+03   1.2000000e+01   2.5000000e+01   8.0000000e+00   7.0000000e+00   2.9000099e+01  -5.3868278e+01  -3.9447679e+01   5.0230559e+02   5.8210674e-02   3.5434263e-01   3.5434263e-01
   2.0060000e+03   1.2000000e+01   2.5000000e+01   8.0000000e+00   9.0000000e+00   3.9999008e+00  -5.3863817e+01  -3.9448971e+01   5.0280021e+02   4.9484368e-02   9.0570365e-01   9.0570365e-01
   2.0060000e+03   1.2000000e+01   2.5000000e+01   8.0000000e+00   1.0000000e+01   3.7000000e+01  -5.3859599e+01  -3.9450328e+01   4.7709913e+02   2.3101394e-01   4.4037239e-01   4.4037239e-01
   2.0060000e+03   1.2000000e+01   2.5000000e+01   8.0000000e+00   1.2000000e+01   1.4000000e+01  -5.3855277e+01  -3.9451570e+01   4.8707652e+02   2.7437408e-01   5.2302803e-01   3.7481773e-01
   2.0060000e+03   1.2000000e+01   2.5000000e+01   8.0000000e+00   1.3000000e+01   5.3000000e+01  -5.3850656e+01  -3.9453054e+01   5.2261623e+02   6.4207892e-01   1.2239687e+00   4.4243625e-01
   2.0060000e+03   1.2000000e+01   2.5000000e+01   8.0000000e+00   1.5000000e+01   3.2000099e+01  -5.3846283e+01  -3.9454113e+01   4.9093399e+02   3.2868053e-01   1.0418280e+00   1.0418280e+00
   2.0060000e+03   1.2000000e+01   2.5000000e+01   8.0000000e+00   1.7000000e+01   8.0000000e+00  -5.3841797e+01  -3.9455421e+01   5.0578611e+02   3.6495975e-01   1.1211235e+00   2.1503853e-01
   2.0060000e+03   1.2000000e+01   2.5000000e+01   8.0000000e+00   1.8000000e+01   4.4000099e+01  -5.3837445e+01  -3.9456775e+01   4.9171124e+02   4.5270924e-01   1.0880682e+00   3.3331837e-01
   2.0060000e+03   1.2000000e+01   2.5000000e+01   8.0000000e+00   2.0000000e+01   1.7000000e+01  -5.3833050e+01  -3.9458120e+01   4.9619667e+02   4.7135980e-02   2.7340746e-01   8.9853383e-02
   2.0060000e+03   1.2000000e+01   2.5000000e+01   8.0000000e+00   2.1000000e+01   4.8000000e+01  -5.3828592e+01  -3.9459383e+01   5.0229139e+02   5.4654331e+00   1.1427943e+01   5.3736022e-01
   2.0060000e+03   1.2000000e+01   2.5000000e+01   8.0000000e+00   2.3000000e+01   1.8000000e+01  -5.3824156e+01  -3.9460657e+01   4.9993983e+02   1.1707583e-01   2.2317684e-01   1.0552469e-01
   2.0060000e+03   1.2000000e+01   2.5000000e+01   8.0000000e+00   2.4000000e+01   4.6000000e+01  -5.3819835e+01  -3.9461928e+01   4.8739290e+02   1.0851127e-01   2.4551263e-01   3.8662062e-02
   2.0060000e+03   1.2000000e+01   2.5000000e+01   8.0000000e+00   2.6000000e+01   1.9000099e+01  -5.3815223e+01  -3.9463327e+01   5.2058814e+02   8.9023523e+00   1.6970188e+01   1.6922150e+01
   2.0060000e+03   1.2000000e+01   2.5000000e+01   8.0000000e+00   2.7000000e+01   4.9000000e+01  -5.3810910e+01  -3.9464658e+01   4.8717144e+02   4.6452048e-02   1.0042847e-01   4.5519335e-02
   2.0060000e+03   1.2000000e+01   2.5000000e+01   8.0000000e+00   2.9000000e+01   2.1000000e+01  -5.3806547e+01  -3.9465957e+01   4.9229058e+02   6.5634210e+00   1.2525333e+01   1.2298148e+01
   2.0060000e+03   1.2000000e+01   2.5000000e+01   8.0000000e+00   3.0000000e+01   5.4000000e+01  -5.3802143e+01  -3.9467331e+01   4.9755578e+02   1.5369624e-01   2.9905278e-01   2.3422384e-01
   2.0060000e+03   1.2000000e+01   2.5000000e+01   8.0000000e+00   3.2000000e+01   2.8000000e+01  -5.3797620e+01  -3.9468635e+01   5.0984097e+02   1.4726861e-01   2.8073210e-01   0.0000000e+00
   2.0060000e+03   1.2000000e+01   2.5000000e+01   8.0000000e+00   3.4000000e+01   1.9999008e+00  -5.3793317e+01  -3.9469936e+01   4.8571167e+02   1.9671501e-01   4.0883698e-01   1.7965938e-02
   2.0060000e+03   1.2000000e+01   2.5000000e+01   8.0000000e+00   3.5000000e+01   3.7000000e+01  -5.3788918e+01  -3.9471118e+01   4.9490752e+02   1.4860225e-01   2.8327437e-01   1.6911123e-01
   2.0060000e+03   1.2000000e+01   2.5000000e+01   8.0000000e+00   3.7000000e+01   1.5000000e+01  -5.3784494e+01  -3.9472450e+01   4.9935544e+02   1.8835817e-01   3.5905944e-01   3.1963369e-01
   2.0060000e+03   1.2000000e+01   2.5000000e+01   8.0000000e+00   3.8000000e+01   5.4000000e+01  -5.3780076e+01  -3.9473685e+01   4.9756017e+02   2.4816877e-01   1.2670467e+00   8.7523734e-01
   2.0060000e+03   1.2000000e+01   2.5000000e+01   8.0000000e+00   4.0000000e+01   2.7000000e+01  -5.3775704e+01  -3.9474995e+01   4.9332922e+02   1.1261656e-01   5.7283998e-01   2.3349358e-01
   2.0060000e+03   1.2000000e+01   2.5000000e+01   8.0000000e+00   4.2000000e+01   0.0000000e+00  -5.3771445e+01  -3.9476283e+01   4.8082375e+02   7.1568207e-02   4.0904924e-01   1.3317286e-02
   2.0060000e+03   1.2000000e+01   2.5000000e+01   8.0000000e+00   4.3000000e+01   3.5000099e+01  -5.3766874e+01  -3.9477653e+01   5.1584582e+02   1.3710140e-02   2.6570180e-01   0.0000000e+00
   2.0060000e+03   1.2000000e+01   2.5000000e+01   8.0000000e+00   4.5000000e+01   1.0000000e+00  -5.3762719e+01  -3.9478873e+01   4.6855514e+02   1.0018132e-01   1.9097154e-01   1.7807553e-02
   2.0060000e+03   1.2000000e+01   2.5000000e+01   8.0000000e+00   4.6000000e+01   4.4000000e+01  -5.3757881e+01  -3.9480305e+01   5.4575065e+02   4.6263741e-02   4.0032316e-01   6.6388774e-02
   2.0060000e+03   1.2000000e+01   2.5000000e+01   8.0000000e+00   4.8000000e+01   1.9000000e+01  -5.3753633e+01  -3.9481508e+01   4.7862996e+02   1.3263549e-02   2.5283759e-02   2.5283759e-02
   2.0060000e+03   1.2000000e+01   2.5000000e+01   8.0000000e+00   4.9000000e+01   3.8000000e+01  -5.3750026e+01  -3.9482677e+01   4.0815403e+02   1.3210088e-02   2.4566517e-01   2.4566517e-01
   2.0060000e+03   1.2000000e+01   2.5000000e+01   8.0000000e+00   5.1000000e+01   3.4000000e+01  -5.3744615e+01  -3.9484622e+01   6.1470650e+02   1.4726469e-01   2.8072464e-01   2.8072464e-01
   2.0060000e+03   1.2000000e+01   2.5000000e+01   8.0000000e+00   5.3000000e+01   3.0000000e+00  -5.3740485e+01  -3.9485865e+01   4.6610184e+02   4.6061302e-02   1.5981425e-01   1.3347665e-01
   2.0060000e+03   1.2000000e+01   2.5000000e+01   8.0000000e+00   5.4000000e+01   3.8000000e+01  -5.3736142e+01  -3.9487244e+01   4.9103101e+02   1.1013026e-01   4.2920011e-01   1.3805097e-01
   2.0060000e+03   1.2000000e+01   2.5000000e+01   8.0000000e+00   5.6000000e+01   1.2000000e+01  -5.3731851e+01  -3.9488528e+01   4.8422924e+02   3.7751621e-02   7.1964365e-02   7.1964365e-02
   2.0060000e+03   1.2000000e+01   2.5000000e+01   8.0000000e+00   5.7000000e+01   4.7000000e+01  -5.3727488e+01  -3.9489897e+01   4.9305025e+02   1.3691258e-01   3.3602389e-01   2.8805901e-01
   2.0060000e+03   1.2000000e+01   2.5000000e+01   8.0000000e+00   5.9000000e+01   2.4000000e+01  -5.3723023e+01  -3.9491325e+01   5.0497232e+02   5.3619288e-02   3.7162797e-01   3.5854014e-01
   2.0060000e+03   1.2000000e+01   2.5000000e+01   9.0000000e+00   1.0000000e+00   9.9182129e-05  -5.3718615e+01  -3.9492577e+01   4.9673821e+02   1.8944068e-01   3.6112298e-01   0.0000000e+00
   2.0060000e+03   1.2000000e+01   2.5000000e+01   9.0000000e+00   2.0000000e+00   3.4000000e+01  -5.3714175e+01  -3.9494024e+01   5.0244221e+02   2.1040727e-01   4.6671226e-01   2.1461628e-01
   2.0060000e+03   1.2000000e+01   2.5000000e+01   9.0000000e+00   4.0000000e+00   1.1000000e+01  -5.3709963e+01  -3.9495160e+01   4.7400557e+02   9.3230483e-02   1.7772144e-01   1.4592866e-01
   2.0060000e+03   1.2000000e+01   2.5000000e+01   9.0000000e+00   5.0000000e+00   4.6999901e+01  -5.3705487e+01  -3.9496544e+01   5.0560977e+02   2.5114456e-02   8.3913961e-02   2.1871675e-02
   2.0060000e+03   1.2000000e+01   2.5000000e+01   9.0000000e+00   7.0000000e+00   2.1000000e+01  -5.3701062e+01  -3.9498037e+01   5.0140935e+02   1.9338974e+01   3.6949766e+01   3.6949766e+01
   2.0060000e+03   1.2000000e+01   2.5000000e+01   9.0000000e+00   8.0000000e+00   5.3000000e+01  -5.3696670e+01  -3.9499248e+01   4.9446969e+02   1.3508399e-01   2.5750507e-01   3.1392925e-02
   2.0060000e+03   1.2000000e+01   2.5000000e+01   9.0000000e+00   1.0000000e+01   2.5000000e+01  -5.3692238e+01  -3.9500667e+01   5.0129640e+02   2.6954280e-02   3.9834595e-01   3.1107638e-02
   2.0060000e+03   1.2000000e+01   2.5000000e+01   9.0000000e+00   1.1000000e+01   5.8000000e+01  -5.3687757e+01  -3.9501983e+01   5.0533635e+02   1.7694976e-01   3.4238037e-01   1.2807891e-01
   2.0060000e+03   1.2000000e+01   2.5000000e+01   9.0000000e+00   1.3000000e+01   3.2000000e+01  -5.3683318e+01  -3.9503133e+01   4.9904043e+02   2.9111637e-02   4.9045501e-01   3.3891376e-02
   2.0060000e+03   1.2000000e+01   2.5000000e+01   9.0000000e+00   1.5000000e+01   1.4000000e+01  -5.3678547e+01  -3.9504462e+01   5.3733489e+02   6.3563120e-02   1.2116776e-01   1.0497359e-01
   2.0060000e+03   1.2000000e+01   2.5000000e+01   9.0000000e+00   1.6000000e+01   4.1000099e+01  -5.3674625e+01  -3.9505446e+01   4.4058413e+02   3.5876724e-02   6.8390326e-02   0.0000000e+00
   2.0060000e+03   1.2000000e+01   2.5000000e+01   9.0000000e+00   1.8000000e+01   1.9000000e+01  -5.3670201e+01  -3.9506948e+01   5.0151240e+02   3.7941426e-01   7.6963086e-01   1.0427969e-01
   2.0060000e+03   1.2000000e+01   2.5000000e+01   9.0000000e+00   1.9000000e+01   5.7999901e+01  -5.3665883e+01  -3.9508273e+01   4.8760582e+02   7.7650895e-02   1.6009629e-01   7.3185679e-02
   2.0060000e+03   1.2000000e+01   2.5000000e+01   9.0000000e+00   2.1000000e+01   4.3000000e+01  -5.3661418e+01  -3.9509728e+01   5.0537994e+02   4.1359418e-02   9.9972144e-02   9.0976031e-02
   2.0060000e+03   1.2000000e+01   2.5000000e+01   9.0000000e+00   2.3000000e+01   2.9000099e+01  -5.3657022e+01  -3.9510893e+01   4.9447079e+02   1.7415342e-01   3.6723961e-01   2.2922304e-01
   2.0060000e+03   1.2000000e+01   2.5000000e+01   9.0000000e+00   2.5000000e+01   1.7000000e+01  -5.3652706e+01  -3.9511967e+01   4.8474016e+02   9.2210799e-02   1.8152462e-01   2.8648782e-03
   2.0060000e+03   1.2000000e+01   2.5000000e+01   9.0000000e+00   2.7000000e+01   4.0000000e+00  -5.3648305e+01  -3.9513299e+01   4.9684693e+02   6.0012189e-02   1.1439877e-01   1.1439877e-01
   2.0060000e+03   1.2000000e+01   2.5000000e+01   9.0000000e+00   2.8000000e+01   4.6000000e+01  -5.3643879e+01  -3.9514634e+01   4.9964575e+02   8.0332140e-02   1.6831022e-01   1.3055302e-01
   2.0060000e+03   1.2000000e+01   2.5000000e+01   9.0000000e+00   3.0000000e+01   2.4000099e+01  -5.3639562e+01  -3.9516211e+01   4.9084189e+02   5.6520849e-02   1.0774337e-01   1.0774337e-01
   2.0060000e+03   1.2000000e+01   2.5000000e+01   9.0000000e+00   3.1000000e+01   5.8999901e+01  -5.3635200e+01  -3.9517756e+01   4.9529150e+02   7.3065809e-02   1.3928235e-01   9.3041846e-02
   2.0060000e+03   1.2000000e+01   2.5000000e+01   9.0000000e+00   3.3000000e+01   3.8000099e+01  -5.3630748e+01  -3.9519020e+01   5.0157260e+02   1.3268402e-01   2.5293009e-01   2.1890597e-01
   2.0060000e+03   1.2000000e+01   2.5000000e+01   9.0000000e+00   3.5000000e+01   2.0000000e+01  -5.3626353e+01  -3.9520237e+01   4.9499301e+02   4.9154405e-02   9.3701024e-02   9.3701024e-02
   2.0060000e+03   1.2000000e+01   2.5000000e+01   9.0000000e+00   3.7000000e+01   0.0000000e+00  -5.3621868e+01  -3.9521542e+01   5.0572944e+02   5.8999656e-02   5.0669982e-01   6.2002690e-02
   2.0060000e+03   1.2000000e+01   2.5000000e+01   9.0000000e+00   3.8000000e+01   3.9000000e+01  -5.3617641e+01  -3.9522874e+01   4.7783255e+02   7.4227148e-02   1.4149616e-01   1.0103118e-01
   2.0060000e+03   1.2000000e+01   2.5000000e+01   9.0000000e+00   4.0000000e+01   1.4000000e+01  -5.3613181e+01  -3.9524428e+01   5.0610146e+02   7.8826536e-02   2.5100676e-01   1.0074297e-01
   2.0060000e+03   1.2000000e+01   2.5000000e+01   9.0000000e+00   4.1000000e+01   4.7000000e+01  -5.3608763e+01  -3.9525523e+01   4.9621139e+02   4.7738869e-02   9.1002644e-02   9.1002644e-02
   2.0060000e+03   1.2000000e+01   2.5000000e+01   9.0000000e+00   4.3000000e+01   2.2000000e+01  -5.3604392e+01  -3.9526686e+01   4.9167846e+02   5.1361478e-02   1.2462691e-01   1.2462691e-01
   2.0060000e+03   1.2000000e+01   2.5000000e+01   9.0000000e+00   4.4000000e+01   5.9000000e+01  -5.3600010e+01  -3.9528083e+01   4.9551039e+02   1.0634318e-01   2.0271764e-01   2.0271764e-01
   2.0060000e+03   1.2000000e+01   2.5000000e+01   9.0000000e+00   4.6000000e+01   3.8000000e+01  -5.3595549e+01  -3.9529234e+01   5.0156042e+02   2.5544191e-01   7.1444260e-01   2.8664718e-01
   2.0060000e+03   1.2000000e+01   2.5000000e+01   9.0000000e+00   4.8000000e+01   2.0000000e+01  -5.3591164e+01  -3.9530455e+01   4.9378642e+02   1.0335768e-01   3.3862913e-01   3.3862913e-01
   2.0060000e+03   1.2000000e+01   2.5000000e+01   9.0000000e+00   5.0000000e+01   6.0000000e+00  -5.3586931e+01  -3.9531573e+01   4.7617429e+02   2.1202423e-01   4.0417307e-01   1.7856140e-01
   2.0060000e+03   1.2000000e+01   2.5000000e+01   9.0000000e+00   5.1000000e+01   5.1000099e+01  -5.3582508e+01  -3.9533011e+01   5.0057848e+02   9.5294197e-02   2.5691243e-01   2.5691243e-01
   2.0060000e+03   1.2000000e+01   2.5000000e+01   9.0000000e+00   5.3000000e+01   3.0000000e+01  -5.3578116e+01  -3.9534462e+01   4.9727116e+02   1.0551589e-01   2.0114061e-01   6.7093391e-02
   2.0060000e+03   1.2000000e+01   2.5000000e+01   9.0000000e+00   5.5000000e+01   1.1000000e+01  -5.3573833e+01  -3.9535631e+01   4.8221653e+02   1.0079238e-01   3.2530827e-01   3.2530827e-01
   2.0060000e+03   1.2000000e+01   2.5000000e+01   9.0000000e+00   5.6000000e+01   5.7000000e+01  -5.3569418e+01  -3.9536973e+01   4.9843487e+02   1.0588910e-01   2.6761864e-01   1.9189394e-01
   2.0060000e+03   1.2000000e+01   2.5000000e+01   9.0000000e+00   5.8000000e+01   3.8000099e+01  -5.3565177e+01  -3.9538303e+01   4.7939546e+02   1.6363122e-01   3.1192348e-01   2.6549635e-01
   2.0060000e+03   1.2000000e+01   2.5000000e+01   1.0000000e+01   0.0000000e+00   1.3000000e+01  -5.3560755e+01  -3.9539995e+01   5.0388942e+02   1.5284869e-01   2.9136918e-01   2.9136918e-01
   2.0060000e+03   1.2000000e+01   2.5000000e+01   1.0000000e+01   1.0000000e+00   4.9000000e+01  -5.3556404e+01  -3.9541532e+01   4.9403994e+02   1.1557584e-01   2.9126662e-01   1.6260188e-01
   2.0060000e+03   1.2000000e+01   2.5000000e+01   1.0000000e+01   3.0000000e+00   3.0000000e+01  -5.3552089e+01  -3.9542741e+01   4.8611865e+02   8.2953284e-02   2.5335526e-01   1.5813044e-01
   2.0060000e+03   1.2000000e+01   2.5000000e+01   1.0000000e+01   5.0000000e+00   1.0000000e+01  -5.3547726e+01  -3.9544159e+01   4.9376710e+02   8.1156536e-02   2.7913235e-01   2.7913235e-01
   2.0060000e+03   1.2000000e+01   2.5000000e+01   1.0000000e+01   6.0000000e+00   4.6000000e+01  -5.3543334e+01  -3.9545648e+01   4.9783890e+02   2.0385211e-01   4.2381244e-01   3.4156054e-01
   2.0060000e+03   1.2000000e+01   2.5000000e+01   1.0000000e+01   8.0000000e+00   2.1000099e+01  -5.3538980e+01  -3.9547004e+01   4.9201916e+02   9.7881800e-02   1.8658806e-01   1.8658806e-01
   2.0060000e+03   1.2000000e+01   2.5000000e+01   1.0000000e+01   9.0000000e+00   5.6000000e+01  -5.3534503e+01  -3.9548252e+01   5.0419749e+02   1.0068325e-01   2.4681152e-01   2.2321806e-01
   2.0060000e+03   1.2000000e+01   2.5000000e+01   1.0000000e+01   1.1000000e+01   3.1000000e+01  -5.3530104e+01  -3.9549564e+01   4.9648057e+02   1.1865498e-01   2.8230978e-01   2.5006846e-01
   2.0060000e+03   1.2000000e+01   2.5000000e+01   1.0000000e+01   1.3000000e+01   5.0000000e+00  -5.3525689e+01  -3.9550714e+01   4.9647603e+02   4.0354581e-01   9.3982254e-01   9.3982254e-01
   2.0060000e+03   1.2000000e+01   2.5000000e+01   1.0000000e+01   1.4000000e+01   3.9000000e+01  -5.3521381e+01  -3.9552107e+01   4.8737967e+02   1.7861354e-01   7.4096195e-01   7.1115969e-01
   2.0060000e+03   1.2000000e+01   2.5000000e+01   1.0000000e+01   1.6000000e+01   1.5000000e+01  -5.3516960e+01  -3.9553186e+01   4.9641114e+02   8.8117763e-02   3.0182419e-01   2.2472141e-01
   2.0060000e+03   1.2000000e+01   2.5000000e+01   1.0000000e+01   1.7000000e+01   5.2000000e+01  -5.3512518e+01  -3.9554411e+01   5.0027490e+02   2.2030530e-01   5.0399982e-01   5.0399982e-01
   2.0060000e+03   1.2000000e+01   2.5000000e+01   1.0000000e+01   1.9000000e+01   2.9000000e+01  -5.3508031e+01  -3.9555645e+01   5.0518728e+02   6.3861925e-02   8.7430229e-01   8.7430229e-01
   2.0060000e+03   1.2000000e+01   2.5000000e+01   1.0000000e+01   2.1000000e+01   5.0000000e+00  -5.3503727e+01  -3.9556812e+01   4.8442951e+02   5.1457845e-02   8.5575467e+00   8.5448237e+00
   2.0060000e+03   1.2000000e+01   2.5000000e+01   1.0000000e+01   2.2000000e+01   4.0999901e+01  -5.3499271e+01  -3.9558033e+01   5.0171052e+02   1.6690242e-01   3.1815922e-01   3.1815922e-01
   2.0060000e+03   1.2000000e+01   2.5000000e+01   1.0000000e+01   2.4000000e+01   1.7000000e+01  -5.3494862e+01  -3.9559181e+01   4.9570555e+02   2.1173393e-01   4.2148827e-01   4.2148827e-01
   2.0060000e+03   1.2000000e+01   2.5000000e+01   1.0000000e+01   2.5000000e+01   5.4000000e+01  -5.3490456e+01  -3.9560430e+01   4.9656882e+02   6.1739641e-02   4.4276503e-01   4.4276503e-01
   2.0060000e+03   1.2000000e+01   2.5000000e+01   1.0000000e+01   2.7000000e+01   3.1000000e+01  -5.3486112e+01  -3.9561657e+01   4.8941012e+02   4.7633223e-01   9.2623912e-01   3.8669852e-02
   2.0060000e+03   1.2000000e+01   2.5000000e+01   1.0000000e+01   2.9000000e+01   5.0000000e+00  -5.3481643e+01  -3.9563045e+01   5.0509814e+02   6.3423507e-02   1.2090163e-01   1.2090163e-01
   2.0060000e+03   1.2000000e+01   2.5000000e+01   1.0000000e+01   3.0000000e+01   4.0000000e+01  -5.3477266e+01  -3.9564320e+01   4.9361213e+02   6.5618832e-02   1.2508648e-01   1.2508648e-01
   2.0060000e+03   1.2000000e+01   2.5000000e+01   1.0000000e+01   3.2000000e+01   1.7000000e+01  -5.3472904e+01  -3.9565556e+01   4.9155642e+02   2.2238247e-01   4.2391857e-01   4.2391857e-01
   2.0060000e+03   1.2000000e+01   2.5000000e+01   1.0000000e+01   3.3000000e+01   5.5000099e+01  -5.3468409e+01  -3.9566612e+01   5.0433881e+02   1.1050705e-01   2.1065504e-01   1.2615947e-01
   2.0060000e+03   1.2000000e+01   2.5000000e+01   1.0000000e+01   3.5000000e+01   3.3000000e+01  -5.3464129e+01  -3.9567688e+01   4.8086682e+02   6.0544590e-02   1.1541367e-01   1.1541367e-01
   2.0060000e+03   1.2000000e+01   2.5000000e+01   1.0000000e+01   3.7000000e+01   1.0000099e+01  -5.3459693e+01  -3.9569052e+01   5.0107285e+02   4.3527876e-01   3.1201997e+00   2.3918254e+00
   2.0060000e+03   1.2000000e+01   2.5000000e+01   1.0000000e+01   3.8000000e+01   4.7000000e+01  -5.3455309e+01  -3.9570327e+01   4.9447200e+02   1.2799252e-02   3.9955558e-01   3.5810491e-02
   2.0060000e+03   1.2000000e+01   2.5000000e+01   1.0000000e+01   4.0000000e+01   2.3000099e+01  -5.3450955e+01  -3.9571556e+01   4.9051448e+02   4.9817566e-02   2.0192994e-01   2.0192994e-01
   2.0060000e+03   1.2000000e+01   2.5000000e+01   1.0000000e+01   4.1000000e+01   5.9000000e+01  -5.3446553e+01  -3.9572972e+01   4.9808420e+02   1.0652161e-01   2.7669297e-01   2.7669297e-01
   2.0060000e+03   1.2000000e+01   2.5000000e+01   1.0000000e+01   4.3000000e+01   3.5000000e+01  -5.3442188e+01  -3.9574233e+01   4.9213463e+02   1.1743473e-01   3.2521610e-01   3.2521610e-01
   2.0060000e+03   1.2000000e+01   2.5000000e+01   1.0000000e+01   4.5000000e+01   6.0000000e+00  -5.3437791e+01  -3.9575575e+01   4.9665657e+02   4.7841365e-02   1.8193129e-01   1.8193129e-01
   2.0060000e+03   1.2000000e+01   2.5000000e+01   1.0000000e+01   4.6000000e+01   3.7000000e+01  -5.3433393e+01  -3.9576948e+01   4.9706617e+02   5.3957764e-02   1.8149930e-01   1.8149930e-01
   2.0060000e+03   1.2000000e+01   2.5000000e+01   1.0000000e+01   4.8000000e+01   1.2000000e+01  -5.3428996e+01  -3.9578109e+01   4.9464890e+02   1.0112337e-01   3.4242029e-01   3.3384221e-01
   2.0060000e+03   1.2000000e+01   2.5000000e+01   1.0000000e+01   4.9000000e+01   5.3000000e+01  -5.3424560e+01  -3.9579394e+01   5.0018444e+02   9.2822882e-02   3.7438931e-01   3.7438931e-01
   2.0060000e+03   1.2000000e+01   2.5000000e+01   1.0000000e+01   5.1000000e+01   4.2000000e+01  -5.3420253e+01  -3.9580541e+01   4.8452547e+02   1.1354192e-01   3.5774627e-01   3.5774627e-01
   2.0060000e+03   1.2000000e+01   2.5000000e+01   1.0000000e+01   5.3000000e+01   2.8000000e+01  -5.3415970e+01  -3.9581648e+01   4.8164308e+02   8.7690922e-02   3.1809853e-01   3.1809853e-01
   2.0060000e+03   1.2000000e+01   2.5000000e+01   1.0000000e+01   5.5000000e+01   1.0000000e+01  -5.3411408e+01  -3.9582904e+01   5.1366756e+02   3.3734537e-01   6.4306763e-01   6.2610101e-01
   2.0060000e+03   1.2000000e+01   2.5000000e+01   1.0000000e+01   5.6000000e+01   5.7000000e+01  -5.3407143e+01  -3.9584252e+01   4.8222205e+02   1.7122683e-01   4.3527747e-01   3.9406794e-01
   2.0060000e+03   1.2000000e+01   2.5000000e+01   1.0000000e+01   5.8000000e+01   4.6000000e+01  -5.3402667e+01  -3.9585630e+01   5.0573100e+02   2.2065178e-01   4.2061943e-01   3.4848175e-01
   2.0060000e+03   1.2000000e+01   2.5000000e+01   1.1000000e+01   0.0000000e+00   3.4000000e+01  -5.3398336e+01  -3.9586904e+01   4.8859034e+02   2.4183580e-01   5.5784895e-01   5.1572612e-01
   2.0060000e+03   1.2000000e+01   2.5000000e+01   1.1000000e+01   2.0000000e+00   2.1000000e+01  -5.3394009e+01  -3.9588473e+01   4.9195693e+02   1.1290447e-01   4.3962655e-01   3.5988544e-01
   2.0060000e+03   1.2000000e+01   2.5000000e+01   1.1000000e+01   4.0000000e+00   3.0000000e+00  -5.3389581e+01  -3.9590020e+01   5.0254818e+02   4.4609347e-01   8.5036966e-01   1.9544526e-01
   2.0060000e+03   1.2000000e+01   2.5000000e+01   1.1000000e+01   5.0000000e+00   4.1000000e+01  -5.3385257e+01  -3.9591626e+01   4.9212437e+02   2.3957016e-01   4.5668275e-01   1.8705120e-01
   2.0060000e+03   1.2000000e+01   2.5000000e+01   1.1000000e+01   7.0000000e+00   1.9000000e+01  -5.3380850e+01  -3.9593054e+01   4.9876687e+02   7.9950078e-02   4.4268195e-01   3.5999903e-01
   2.0060000e+03   1.2000000e+01   2.5000000e+01   1.1000000e+01   8.0000000e+00   5.9000000e+01  -5.3376392e+01  -3.9594618e+01   5.0612707e+02   1.0714255e-01   2.1774016e-01   6.5464107e-02
   2.0060000e+03   1.2000000e+01   2.5000000e+01   1.1000000e+01   1.0000000e+01   4.1000000e+01  -5.3372036e+01  -3.9596135e+01   4.9441903e+02   1.0666310e-01   1.1096004e+00   9.3507393e-01
   2.0060000e+03   1.2000000e+01   2.5000000e+01   1.1000000e+01   1.2000000e+01   2.2000000e+01  -5.3367670e+01  -3.9597542e+01   4.9399573e+02   9.4424001e-02   2.7696138e-01   1.8176155e-01
   2.0060000e+03   1.2000000e+01   2.5000000e+01   1.1000000e+01   1.4000000e+01   3.0000000e+00  -5.3363333e+01  -3.9598916e+01   4.9046029e+02   4.8099137e-02   9.1689410e-02   9.1689410e-02
   2.0060000e+03   1.2000000e+01   2.5000000e+01   1.1000000e+01   1.5000000e+01   4.6000000e+01  -5.3358817e+01  -3.9600365e+01   5.1100080e+02   1.9909575e-01   4.2058340e-01   2.3325503e-01
   2.0060000e+03   1.2000000e+01   2.5000000e+01   1.1000000e+01   1.7000000e+01   3.4000000e+01  -5.3354641e+01  -3.9601636e+01   4.7156154e+02   1.2006422e-01   3.1108644e-01   3.1108644e-01
   2.0060000e+03   1.2000000e+01   2.5000000e+01   1.1000000e+01   1.9000000e+01   2.0000000e+01  -5.3350195e+01  -3.9603035e+01   5.0274186e+02   1.0917204e-01   2.0811018e-01   1.1160887e-01
   2.0060000e+03   1.2000000e+01   2.5000000e+01   1.1000000e+01   2.0000000e+01   5.7000000e+01  -5.3345873e+01  -3.9604542e+01   4.9047969e+02   1.4421552e-01   2.7491212e-01   1.2837004e-01
   2.0060000e+03   1.2000000e+01   2.5000000e+01   1.1000000e+01   2.2000000e+01   2.4000000e+01  -5.3341905e+01  -3.9606055e+01   4.5224824e+02   2.5982064e-01   4.9528542e-01   1.7447164e-01
