   2.0060000e+03   1.2000000e+01   2.8000000e+01   7.0000000e+00   0.0000000e+00   4.6000000e+01  -5.3151061e+01  -3.7831727e+01   4.9905390e+02   4.4209391e-02   2.6722787e-01   1.1504270e-01
   2.0060000e+03   1.2000000e+01   2.8000000e+01   7.0000000e+00   2.0000000e+00   2.3000000e+01  -5.3155437e+01  -3.7830213e+01   4.9664627e+02   1.1729548e+02   2.2363208e+02   2.2344533e+02
   2.0060000e+03   1.2000000e+01   2.8000000e+01   7.0000000e+00   4.0000000e+00   0.0000000e+00  -5.3159863e+01  -3.7828656e+01   5.0260157e+02   8.2477579e-02   2.4981530e-01   1.1702348e-01
   2.0060000e+03   1.2000000e+01   2.8000000e+01   7.0000000e+00   5.0000000e+00   3.7000000e+01  -5.3164226e+01  -3.7826983e+01   4.9750708e+02   1.0793851e-01   2.0575875e-01   1.1108438e-01
   2.0060000e+03   1.2000000e+01   2.8000000e+01   7.0000000e+00   7.0000000e+00   1.4000000e+01  -5.3168661e+01  -3.7825394e+01   5.0397776e+02   7.2746402e-02   1.3867348e-01   1.1995035e-01
   2.0060000e+03   1.2000000e+01   2.8000000e+01   7.0000000e+00   8.0000000e+00   5.1000000e+01  -5.3173084e+01  -3.7823853e+01   5.0216319e+02   2.4980697e+02   4.7619676e+02   4.7616714e+02
   2.0060000e+03   1.2000000e+01   2.8000000e+01   7.0000000e+00   1.0000000e+01   2.8000000e+01  -5.3177402e+01  -3.7822243e+01   4.9159260e+02   6.4818102e-02   1.3914311e-01   0.0000000e+00
   2.0060000e+03   1.2000000e+01   2.8000000e+01   7.0000000e+00   1.2000000e+01   5.0000000e+00  -5.3181814e+01  -3.7820748e+01   5.0032808e+02   6.9321293e-02   1.3214433e-01   1.1179354e-01
   2.0060000e+03   1.2000000e+01   2.8000000e+01   7.0000000e+00   1.3000000e+01   4.3000000e+01  -5.3186206e+01  -3.7819151e+01   4.9950813e+02   6.1447646e-02   1.2839503e-01   1.2839503e-01
   2.0060000e+03   1.2000000e+01   2.8000000e+01   7.0000000e+00   1.5000000e+01   2.0000000e+01  -5.3190611e+01  -3.7817648e+01   4.9951096e+02   6.7020918e-02   1.7113323e-01   1.1285744e-01
   2.0060000e+03   1.2000000e+01   2.8000000e+01   7.0000000e+00   1.6000000e+01   5.7000000e+01  -5.3195012e+01  -3.7816273e+01   4.9755775e+02   1.3468525e-01   2.5674495e-01   2.0367509e-01
   2.0060000e+03   1.2000000e+01   2.8000000e+01   7.0000000e+00   1.8000000e+01   3.5000000e+01  -5.3199417e+01  -3.7814792e+01   4.9936527e+02   1.5045263e-01   2.9035656e-01   2.5374409e-01
   2.0060000e+03   1.2000000e+01   2.8000000e+01   7.0000000e+00   2.0000000e+01   1.2999901e+01  -5.3203859e+01  -3.7813310e+01   5.0328668e+02   6.4257778e-02   1.2487422e-01   1.2249196e-01
   2.0060000e+03   1.2000000e+01   2.8000000e+01   7.0000000e+00   2.1000000e+01   5.0000000e+01  -5.3208254e+01  -3.7811932e+01   4.9693742e+02   1.0272687e-01   1.9582402e-01   0.0000000e+00
   2.0060000e+03   1.2000000e+01   2.8000000e+01   7.0000000e+00   2.3000000e+01   2.7000099e+01  -5.3212657e+01  -3.7810413e+01   4.9960912e+02   1.0448480e-01   2.3784916e-01   1.9917508e-01
   2.0060000e+03   1.2000000e+01   2.8000000e+01   7.0000000e+00   2.5000000e+01   4.0000000e+00  -5.3217054e+01  -3.7808975e+01   4.9786324e+02   7.3846107e-02   1.4076980e-01   1.2845605e-01
   2.0060000e+03   1.2000000e+01   2.8000000e+01   7.0000000e+00   2.6000000e+01   4.2000000e+01  -5.3221451e+01  -3.7807490e+01   4.9850836e+02   6.6320641e-02   1.2642431e-01   0.0000000e+00
   2.0060000e+03   1.2000000e+01   2.8000000e+01   7.0000000e+00   2.8000000e+01   2.1000000e+01  -5.3225861e+01  -3.7805992e+01   5.0001184e+02   6.4267312e-02   1.2251014e-01   1.2251014e-01
   2.0060000e+03   1.2000000e+01   2.8000000e+01   7.0000000e+00   2.9000000e+01   5.9000000e+01  -5.3230258e+01  -3.7804569e+01   4.9772620e+02   5.8391660e-02   1.2355359e-01   1.2243971e-02
   2.0060000e+03   1.2000000e+01   2.8000000e+01   7.0000000e+00   3.1000000e+01   3.6999901e+01  -5.3234694e+01  -3.7803225e+01   5.0091668e+02   3.7804402e-03   1.0813836e-01   1.0093186e-01
   2.0060000e+03   1.2000000e+01   2.8000000e+01   7.0000000e+00   3.3000000e+01   1.4000000e+01  -5.3239073e+01  -3.7801797e+01   4.9579992e+02   0.0000000e+00   0.0000000e+00   0.0000000e+00
   2.0060000e+03   1.2000000e+01   2.8000000e+01   7.0000000e+00   3.4000000e+01   5.1000099e+01  -5.3243503e+01  -3.7800401e+01   5.0092184e+02   0.0000000e+00   1.1611601e-01   1.1611601e-01
   2.0060000e+03   1.2000000e+01   2.8000000e+01   7.0000000e+00   3.6000000e+01   2.8000000e+01  -5.3247908e+01  -3.7799012e+01   4.9816054e+02   2.1934623e-01   4.1813071e-01   1.1337511e-01
   2.0060000e+03   1.2000000e+01   2.8000000e+01   7.0000000e+00   3.8000000e+01   6.0000000e+00  -5.3252325e+01  -3.7797653e+01   4.9911254e+02   2.6483683e-02   5.4572571e-02   4.3425608e-02
   2.0060000e+03   1.2000000e+01   2.8000000e+01   7.0000000e+00   3.9000000e+01   4.5000000e+01  -5.3256761e+01  -3.7796163e+01   5.0276427e+02   4.0511526e-03   7.7225459e-03   0.0000000e+00
   2.0060000e+03   1.2000000e+01   2.8000000e+01   7.0000000e+00   4.1000000e+01   2.4000000e+01  -5.3261160e+01  -3.7794709e+01   4.9823375e+02   3.0999133e-03   5.9092373e-03   0.0000000e+00
   2.0060000e+03   1.2000000e+01   2.8000000e+01   7.0000000e+00   4.3000000e+01   4.0000000e+00  -5.3265544e+01  -3.7793309e+01   4.9594733e+02   1.0284112e-01   1.9604180e-01   0.0000000e+00
   2.0060000e+03   1.2000000e+01   2.8000000e+01   7.0000000e+00   4.4000000e+01   4.4000000e+01  -5.3269951e+01  -3.7791756e+01   5.0050039e+02   7.3045344e+01   1.4081823e+02   1.4007954e+02
   2.0060000e+03   1.2000000e+01   2.8000000e+01   7.0000000e+00   4.6000000e+01   2.4000099e+01  -5.3274357e+01  -3.7790175e+01   5.0072837e+02   1.7774300e-01   3.8825153e-01   0.0000000e+00
   2.0060000e+03   1.2000000e+01   2.8000000e+01   7.0000000e+00   4.8000000e+01   3.0000000e+00  -5.3278760e+01  -3.7788636e+01   4.9984277e+02   4.9176948e-01   1.0004611e+00   1.6750272e-01
   2.0060000e+03   1.2000000e+01   2.8000000e+01   7.0000000e+00   4.9000000e+01   4.0000000e+01  -5.3283124e+01  -3.7787090e+01   4.9569924e+02   8.8699369e-02   1.6908396e-01   0.0000000e+00
   2.0060000e+03   1.2000000e+01   2.8000000e+01   7.0000000e+00   5.1000000e+01   1.7000000e+01  -5.3287551e+01  -3.7785642e+01   5.0127840e+02   3.5593311e-01   6.7850066e-01   1.5207645e-01
   2.0060000e+03   1.2000000e+01   2.8000000e+01   7.0000000e+00   5.2000000e+01   5.5000000e+01  -5.3291953e+01  -3.7784126e+01   4.9936840e+02   2.4108595e+03   7.1051791e+03   7.1048337e+03
   2.0060000e+03   1.2000000e+01   2.8000000e+01   7.0000000e+00   5.4000000e+01   3.3000000e+01  -5.3296367e+01  -3.7782625e+01   5.0047213e+02   3.5387450e-01   7.8363231e-01   1.0905589e-01
   2.0060000e+03   1.2000000e+01   2.8000000e+01   7.0000000e+00   5.6000000e+01   1.2000000e+01  -5.3300733e+01  -3.7781077e+01   4.9591428e+02   1.7927944e+02   3.4299249e+02   3.4157995e+02
   2.0060000e+03   1.2000000e+01   2.8000000e+01   7.0000000e+00   5.7000000e+01   5.0000000e+01  -5.3305121e+01  -3.7779558e+01   4.9797822e+02   6.2040319e-02   1.1826491e-01   1.1465485e-01
   2.0060000e+03   1.2000000e+01   2.8000000e+01   7.0000000e+00   5.9000000e+01   2.7000000e+01  -5.3309494e+01  -3.7778066e+01   4.9584394e+02   1.3177739e-02   1.7921149e-01   1.5409131e-01
   2.0060000e+03   1.2000000e+01   2.8000000e+01   8.0000000e+00   1.0000000e+00   6.0000000e+00  -5.3313924e+01  -3.7776545e+01   5.0256379e+02   2.0671349e-01   3.9404944e-01   0.0000000e+00
   2.0060000e+03   1.2000000e+01   2.8000000e+01   8.0000000e+00   2.0000000e+00   4.4999901e+01  -5.3318314e+01  -3.7775089e+01   4.9727639e+02   2.1253977e-01   4.5661200e-01   2.5523576e-01
   2.0060000e+03   1.2000000e+01   2.8000000e+01   8.0000000e+00   4.0000000e+00   2.3000000e+01  -5.3322723e+01  -3.7773658e+01   4.9911627e+02   9.2450649e+01   9.6001929e+02   9.5990296e+02
   2.0060000e+03   1.2000000e+01   2.8000000e+01   8.0000000e+00   6.0000000e+00   1.0000000e+00  -5.3327126e+01  -3.7772268e+01   4.9784708e+02   1.2573488e+00   2.3968324e+00   8.2621991e-01
   2.0060000e+03   1.2000000e+01   2.8000000e+01   8.0000000e+00   7.0000000e+00   3.9000000e+01  -5.3331515e+01  -3.7770825e+01   4.9697937e+02   7.3748208e-02   1.4058318e-01   0.0000000e+00
   2.0060000e+03   1.2000000e+01   2.8000000e+01   8.0000000e+00   9.0000000e+00   1.7000000e+01  -5.3335926e+01  -3.7769307e+01   5.0039965e+02   1.9918394e+00   3.9456510e+00   9.8492385e-01
   2.0060000e+03   1.2000000e+01   2.8000000e+01   8.0000000e+00   1.0000000e+01   5.5000099e+01  -5.3340297e+01  -3.7767888e+01   4.9478371e+02   9.6433505e-01   1.8382723e+00   1.4148480e-01
   2.0060000e+03   1.2000000e+01   2.8000000e+01   8.0000000e+00   1.2000000e+01   3.4000000e+01  -5.3344764e+01  -3.7766389e+01   5.0618050e+02   1.9024587e+00   3.6265788e+00   1.5458918e-01
   2.0060000e+03   1.2000000e+01   2.8000000e+01   8.0000000e+00   1.4000000e+01   1.3000000e+01  -5.3349141e+01  -3.7764862e+01   4.9688161e+02   4.7605538e-01   1.1194602e+00   0.0000000e+00
   2.0060000e+03   1.2000000e+01   2.8000000e+01   8.0000000e+00   1.5000000e+01   5.2000000e+01  -5.3353524e+01  -3.7763410e+01   4.9639922e+02   2.6799088e-01   6.8451765e-01   0.0000000e+00
   2.0060000e+03   1.2000000e+01   2.8000000e+01   8.0000000e+00   1.7000000e+01   3.1000000e+01  -5.3357969e+01  -3.7761884e+01   5.0423629e+02   1.7803984e+01   3.3939003e+01   1.8089563e+01
   2.0060000e+03   1.2000000e+01   2.8000000e+01   8.0000000e+00   1.9000000e+01   8.0000000e+00  -5.3362353e+01  -3.7760422e+01   4.9674838e+02   4.4361346e+00   9.1718296e+00   1.0312302e+00
   2.0060000e+03   1.2000000e+01   2.8000000e+01   8.0000000e+00   2.0000000e+01   4.5000000e+01  -5.3366725e+01  -3.7758915e+01   4.9598537e+02   1.1104909e+01   2.1168832e+01   1.6462748e+01
   2.0060000e+03   1.2000000e+01   2.8000000e+01   8.0000000e+00   2.2000000e+01   2.3000000e+01  -5.3371156e+01  -3.7757392e+01   5.0252381e+02   1.1149292e+01   2.1253437e+01   1.5517002e+01
   2.0060000e+03   1.2000000e+01   2.8000000e+01   8.0000000e+00   2.4000000e+01   9.9182129e-05  -5.3375542e+01  -3.7755974e+01   4.9645729e+02   8.6541399e-01   2.3121202e+02   2.2956231e+02
   2.0060000e+03   1.2000000e+01   2.8000000e+01   8.0000000e+00   2.5000000e+01   3.7000000e+01  -5.3379919e+01  -3.7754473e+01   4.9638377e+02   4.5446316e+01   1.5774918e+02   1.5291563e+02
   2.0060000e+03   1.2000000e+01   2.8000000e+01   8.0000000e+00   2.7000000e+01   1.6000000e+01  -5.3384349e+01  -3.7753009e+01   5.0174518e+02   6.2614935e+01   1.8117586e+02   1.7948547e+02
   2.0060000e+03   1.2000000e+01   2.8000000e+01   8.0000000e+00   2.8000000e+01   5.5000000e+01  -5.3388758e+01  -3.7751560e+01   4.9922291e+02   6.7592581e+01   1.2884896e+02   8.7292847e+01
   2.0060000e+03   1.2000000e+01   2.8000000e+01   8.0000000e+00   3.0000000e+01   3.3000000e+01  -5.3393144e+01  -3.7750192e+01   4.9575453e+02   7.7351916e+01   2.8237800e+02   2.7289617e+02
   2.0060000e+03   1.2000000e+01   2.8000000e+01   8.0000000e+00   3.2000000e+01   1.1000099e+01  -5.3397541e+01  -3.7748824e+01   4.9696015e+02   4.1594303e+01   7.9308578e+01   2.3321952e+01
   2.0060000e+03   1.2000000e+01   2.8000000e+01   8.0000000e+00   3.3000000e+01   4.9000000e+01  -5.3402003e+01  -3.7747496e+01   5.0348984e+02   1.1600551e+00   2.2113653e+00   1.8674417e-01
   2.0060000e+03   1.2000000e+01   2.8000000e+01   8.0000000e+00   3.5000000e+01   2.7000000e+01  -5.3406421e+01  -3.7746040e+01   5.0033131e+02   1.1719382e+00   2.2340176e+00   0.0000000e+00
   2.0060000e+03   1.2000000e+01   2.8000000e+01   8.0000000e+00   3.7000000e+01   5.0000000e+00  -5.3410793e+01  -3.7744474e+01   4.9679429e+02   1.5412121e+00   2.9379493e+00   0.0000000e+00
   2.0060000e+03   1.2000000e+01   2.8000000e+01   8.0000000e+00   3.8000000e+01   4.3000000e+01  -5.3415200e+01  -3.7742997e+01   4.9935795e+02   2.8095608e+00   5.3557505e+00   0.0000000e+00
   2.0060000e+03   1.2000000e+01   2.8000000e+01   8.0000000e+00   4.0000000e+01   2.2000000e+01  -5.3419592e+01  -3.7741346e+01   5.0013079e+02   5.9587920e+02   1.1359148e+03   9.4639422e+02
   2.0060000e+03   1.2000000e+01   2.8000000e+01   8.0000000e+00   4.2000000e+01   2.0000992e+00  -5.3423934e+01  -3.7739832e+01   4.9281957e+02   8.5746564e+01   1.6455776e+02   1.6247505e+02
   2.0060000e+03   1.2000000e+01   2.8000000e+01   8.0000000e+00   4.3000000e+01   4.2000099e+01  -5.3428371e+01  -3.7738160e+01   5.0536915e+02   8.6887128e-02   1.6562936e-01   0.0000000e+00
   2.0060000e+03   1.2000000e+01   2.8000000e+01   8.0000000e+00   4.5000000e+01   2.2000000e+01  -5.3432810e+01  -3.7736743e+01   5.0204637e+02   4.5567787e+00   8.6864001e+00   4.2652571e+00
   2.0060000e+03   1.2000000e+01   2.8000000e+01   8.0000000e+00   4.7000000e+01   0.0000000e+00  -5.3437205e+01  -3.7735195e+01   4.9899839e+02   9.6045212e-02   1.8308704e-01   0.0000000e+00
   2.0060000e+03   1.2000000e+01   2.8000000e+01   8.0000000e+00   4.8000000e+01   3.5000000e+01  -5.3441593e+01  -3.7733690e+01   4.9768686e+02   1.4486064e+02   2.7615568e+02   2.7161436e+02
   2.0060000e+03   1.2000000e+01   2.8000000e+01   8.0000000e+00   5.0000000e+01   1.0000000e+01  -5.3446012e+01  -3.7732300e+01   4.9955025e+02   1.7479646e+01   3.3320731e+01   1.0685391e+01
   2.0060000e+03   1.2000000e+01   2.8000000e+01   8.0000000e+00   5.1000000e+01   4.6000000e+01  -5.3450429e+01  -3.7730895e+01   4.9955130e+02   2.5244720e+01   4.8122973e+01   3.1399418e+01
   2.0060000e+03   1.2000000e+01   2.8000000e+01   8.0000000e+00   5.3000000e+01   2.3000000e+01  -5.3454838e+01  -3.7729557e+01   4.9791544e+02   1.0528529e+00   2.0070103e+00   0.0000000e+00
   2.0060000e+03   1.2000000e+01   2.8000000e+01   8.0000000e+00   5.5000000e+01   1.0000000e+00  -5.3459259e+01  -3.7728099e+01   5.0056773e+02   7.0184542e-01   2.7665818e+00   7.4017717e-01
   2.0060000e+03   1.2000000e+01   2.8000000e+01   8.0000000e+00   5.6000000e+01   3.9000099e+01  -5.3463718e+01  -3.7726655e+01   5.0468429e+02   5.0861670e+01   1.3127398e+02   1.3083875e+02
   2.0060000e+03   1.2000000e+01   2.8000000e+01   8.0000000e+00   5.8000000e+01   1.7000000e+01  -5.3468131e+01  -3.7725115e+01   5.0076439e+02   8.1153252e+00   1.5469911e+01   0.0000000e+00
   2.0060000e+03   1.2000000e+01   2.8000000e+01   8.0000000e+00   5.9000000e+01   5.5000099e+01  -5.3472531e+01  -3.7723602e+01   4.9910563e+02   3.4379424e+01   6.5536083e+01   4.2701290e+01
   2.0060000e+03   1.2000000e+01   2.8000000e+01   9.0000000e+00   1.0000000e+00   3.3000000e+01  -5.3476942e+01  -3.7722096e+01   5.0020677e+02   5.2261358e+01   9.9623680e+01   6.5846191e+01
   2.0060000e+03   1.2000000e+01   2.8000000e+01   9.0000000e+00   3.0000000e+00   1.1000000e+01  -5.3481286e+01  -3.7720520e+01   4.9378676e+02   0.0000000e+00   1.3675144e-01   0.0000000e+00
   2.0060000e+03   1.2000000e+01   2.8000000e+01   9.0000000e+00   4.0000000e+00   5.0000000e+01  -5.3485694e+01  -3.7719014e+01   4.9987024e+02   7.9983027e+00   1.5246836e+01   1.6587953e+00
   2.0060000e+03   1.2000000e+01   2.8000000e+01   9.0000000e+00   6.0000000e+00   2.9000000e+01  -5.3490119e+01  -3.7717573e+01   5.0084476e+02   6.8709381e-02   1.3864622e-01   7.6683446e-03
   2.0060000e+03   1.2000000e+01   2.8000000e+01   9.0000000e+00   8.0000000e+00   8.0000000e+00  -5.3494511e+01  -3.7716027e+01   4.9865130e+02   6.9904602e-02   1.3325627e-01   0.0000000e+00
   2.0060000e+03   1.2000000e+01   2.8000000e+01   9.0000000e+00   9.0000000e+00   4.7000099e+01  -5.3498900e+01  -3.7714541e+01   4.9741810e+02   6.6132334e-02   1.2606535e-01   1.2606535e-01
   2.0060000e+03   1.2000000e+01   2.8000000e+01   9.0000000e+00   1.1000000e+01   2.6000000e+01  -5.3503291e+01  -3.7712853e+01   5.0061359e+02   8.2185703e+00   1.5666723e+01   1.2603237e+01
   2.0060000e+03   1.2000000e+01   2.8000000e+01   9.0000000e+00   1.3000000e+01   5.0000000e+00  -5.3507731e+01  -3.7711374e+01   5.0293497e+02   9.9322365e-02   1.8933415e-01   1.6552648e-01
   2.0060000e+03   1.2000000e+01   2.8000000e+01   9.0000000e+00   1.4000000e+01   4.3000099e+01  -5.3512110e+01  -3.7709930e+01   4.9584060e+02   7.8682156e-02   1.4998856e-01   0.0000000e+00
   2.0060000e+03   1.2000000e+01   2.8000000e+01   9.0000000e+00   1.6000000e+01   2.2000000e+01  -5.3516536e+01  -3.7708486e+01   5.0099848e+02   1.4064126e-01   2.6809866e-01   1.5832745e-01
   2.0060000e+03   1.2000000e+01   2.8000000e+01   9.0000000e+00   1.8000000e+01   2.0000000e+00  -5.3520900e+01  -3.7707038e+01   4.9423757e+02   1.5419372e+02   5.1826501e+02   5.1805059e+02
   2.0060000e+03   1.2000000e+01   2.8000000e+01   9.0000000e+00   1.9000000e+01   4.2000000e+01  -5.3525287e+01  -3.7705564e+01   4.9712267e+02   8.9911786e-02   2.1407643e+02   2.1390504e+02
   2.0060000e+03   1.2000000e+01   2.8000000e+01   9.0000000e+00   2.1000000e+01   2.2000000e+01  -5.3529748e+01  -3.7704097e+01   5.0514470e+02   4.4336074e+00   8.4516037e+00   0.0000000e+00
   2.0060000e+03   1.2000000e+01   2.8000000e+01   9.0000000e+00   2.3000000e+01   1.0000992e+00  -5.3534147e+01  -3.7702582e+01   4.9891330e+02   8.3019344e-02   1.5825637e-01   0.0000000e+00
   2.0060000e+03   1.2000000e+01   2.8000000e+01   9.0000000e+00   2.4000000e+01   3.9000000e+01  -5.3538544e+01  -3.7700979e+01   4.9991260e+02   1.1229198e+01   2.1405759e+01   0.0000000e+00
   2.0060000e+03   1.2000000e+01   2.8000000e+01   9.0000000e+00   2.6000000e+01   1.6999901e+01  -5.3542980e+01  -3.7699440e+01   5.0335004e+02   7.4148318e-02   4.7536168e+00   0.0000000e+00
   2.0060000e+03   1.2000000e+01   2.8000000e+01   9.0000000e+00   2.7000000e+01   5.5000000e+01  -5.3547370e+01  -3.7697955e+01   4.9758990e+02   8.3968200e-02   1.6006513e-01   1.6006513e-01
   2.0060000e+03   1.2000000e+01   2.8000000e+01   9.0000000e+00   2.9000000e+01   3.3000000e+01  -5.3551720e+01  -3.7696383e+01   4.9438202e+02   6.6002409e-01   1.2672343e+00   1.5380927e-01
   2.0060000e+03   1.2000000e+01   2.8000000e+01   9.0000000e+00   3.1000000e+01   1.2000099e+01  -5.3556066e+01  -3.7694937e+01   4.9217201e+02   7.3079600e-02   1.3930864e-01   1.3930864e-01
   2.0060000e+03   1.2000000e+01   2.8000000e+01   9.0000000e+00   3.2000000e+01   5.1000000e+01  -5.3560502e+01  -3.7693470e+01   5.0242556e+02   7.4789855e-02   1.4256883e-01   0.0000000e+00
   2.0060000e+03   1.2000000e+01   2.8000000e+01   9.0000000e+00   3.4000000e+01   3.1000000e+01  -5.3564904e+01  -3.7691982e+01   4.9891052e+02   1.6148195e+01   3.0782641e+01   0.0000000e+00
   2.0060000e+03   1.2000000e+01   2.8000000e+01   9.0000000e+00   3.6000000e+01   1.2000000e+01  -5.3569359e+01  -3.7690490e+01   5.0467466e+02   8.5676924e-02   4.7240922e+02   4.7224055e+02
   2.0060000e+03   1.2000000e+01   2.8000000e+01   9.0000000e+00   3.7000000e+01   4.9999901e+01  -5.3573719e+01  -3.7689031e+01   4.9404177e+02   7.4212506e-02   1.4146825e-01   0.0000000e+00
   2.0060000e+03   1.2000000e+01   2.8000000e+01   9.0000000e+00   3.9000000e+01   2.8000000e+01  -5.3578148e+01  -3.7687606e+01   5.0099687e+02   1.7106486e+01   3.2609391e+01   3.6742724e+00
   2.0060000e+03   1.2000000e+01   2.8000000e+01   9.0000000e+00   4.1000000e+01   7.0000000e+00  -5.3582543e+01  -3.7686136e+01   4.9788633e+02   3.6336493e-01   6.9266764e-01   0.0000000e+00
   2.0060000e+03   1.2000000e+01   2.8000000e+01   9.0000000e+00   4.2000000e+01   4.5000099e+01  -5.3586908e+01  -3.7684605e+01   4.9543705e+02   7.6367267e+01   1.4557578e+02   1.4458314e+02
   2.0060000e+03   1.2000000e+01   2.8000000e+01   9.0000000e+00   4.4000000e+01   2.3000000e+01  -5.3591308e+01  -3.7683016e+01   5.0004791e+02   5.3281868e-01   1.5142162e+00   1.4668780e-01
   2.0060000e+03   1.2000000e+01   2.8000000e+01   9.0000000e+00   4.6000000e+01   1.0000000e+00  -5.3595735e+01  -3.7681416e+01   5.0313390e+02   3.5181466e+01   6.7066703e+01   6.2945083e+01
   2.0060000e+03   1.2000000e+01   2.8000000e+01   9.0000000e+00   4.7000000e+01   3.8000000e+01  -5.3600140e+01  -3.7679850e+01   5.0024025e+02   1.8540786e+01   3.6730191e+01   1.1596347e+00
   2.0060000e+03   1.2000000e+01   2.8000000e+01   9.0000000e+00   4.9000000e+01   1.4000099e+01  -5.3604553e+01  -3.7678447e+01   4.9902008e+02   5.1896090e+01   9.8927385e+01   9.4746756e+01
   2.0060000e+03   1.2000000e+01   2.8000000e+01   9.0000000e+00   5.0000000e+01   5.0000000e+01  -5.3608958e+01  -3.7676938e+01   4.9952815e+02   4.1348349e+01   1.0657266e+02   9.9077010e+01
   2.0060000e+03   1.2000000e+01   2.8000000e+01   9.0000000e+00   5.2000000e+01   2.5000000e+01  -5.3613314e+01  -3.7675395e+01   4.9461815e+02   1.9555559e+01   3.7277960e+01   2.9441241e+01
   2.0060000e+03   1.2000000e+01   2.8000000e+01   9.0000000e+00   5.4000000e+01   9.9182129e-05  -5.3617665e+01  -3.7673833e+01   4.9433440e+02   3.0584872e+01   5.8302686e+01   5.2161408e+01
   2.0060000e+03   1.2000000e+01   2.8000000e+01   9.0000000e+00   5.5000000e+01   3.6000000e+01  -5.3622108e+01  -3.7672371e+01   5.0298514e+02   1.8116236e+01   3.4534236e+01   2.2602900e+01
   2.0060000e+03   1.2000000e+01   2.8000000e+01   9.0000000e+00   5.7000000e+01   1.1000000e+01  -5.3626472e+01  -3.7670929e+01   4.9411323e+02   1.4452257e+01   2.7549745e+01   1.1662871e+01
   2.0060000e+03   1.2000000e+01   2.8000000e+01   9.0000000e+00   5.8000000e+01   4.7000099e+01  -5.3630894e+01  -3.7669411e+01   5.0144277e+02   5.1786151e+01   9.8717813e+01   6.0239448e+01
   2.0060000e+03   1.2000000e+01   2.8000000e+01   1.0000000e+01   0.0000000e+00   2.4000000e+01  -5.3635270e+01  -3.7667879e+01   4.9668145e+02   2.6694426e+00   5.1175521e+00   1.0045804e+00
   2.0060000e+03   1.2000000e+01   2.8000000e+01   1.0000000e+01   2.0000000e+00   0.0000000e+00  -5.3639661e+01  -3.7666311e+01   4.9871282e+02   2.4447385e+01   4.6631679e+01   3.5337901e+01
   2.0060000e+03   1.2000000e+01   2.8000000e+01   1.0000000e+01   3.0000000e+00   3.5000000e+01  -5.3644047e+01  -3.7664831e+01   4.9707026e+02   1.3651459e+01   2.6531648e+01   2.5543186e+01
   2.0060000e+03   1.2000000e+01   2.8000000e+01   1.0000000e+01   5.0000000e+00   1.0000000e+01  -5.3648489e+01  -3.7663409e+01   5.0235042e+02   9.4225968e+00   4.6595514e+01   4.6497595e+01
   2.0060000e+03   1.2000000e+01   2.8000000e+01   1.0000000e+01   6.0000000e+00   4.6000000e+01  -5.3652947e+01  -3.7662158e+01   5.0219630e+02   6.4281307e+01   1.2477739e+02   1.2212051e+02
   2.0060000e+03   1.2000000e+01   2.8000000e+01   1.0000000e+01   8.0000000e+00   2.2000000e+01  -5.3657394e+01  -3.7660994e+01   5.0009781e+02   2.0376750e+00   4.1962128e+00   7.3399823e-01
   2.0060000e+03   1.2000000e+01   2.8000000e+01   1.0000000e+01   9.0000000e+00   5.9000000e+01  -5.3661747e+01  -3.7659504e+01   4.9353691e+02   6.0136608e+01   1.1466066e+02   6.8936144e+01
   2.0060000e+03   1.2000000e+01   2.8000000e+01   1.0000000e+01   1.1000000e+01   3.6000000e+01  -5.3666141e+01  -3.7658003e+01   4.9816006e+02   4.4133782e+00   8.5462820e+00   1.8763485e+00
   2.0060000e+03   1.2000000e+01   2.8000000e+01   1.0000000e+01   1.3000000e+01   1.3000000e+01  -5.3670561e+01  -3.7656461e+01   5.0157597e+02   1.9030722e+01   3.6484475e+01   3.5997524e+01
   2.0060000e+03   1.2000000e+01   2.8000000e+01   1.0000000e+01   1.4000000e+01   5.0000000e+01  -5.3674934e+01  -3.7654663e+01   5.0012856e+02   1.0472672e+01   2.0176120e+01   9.1864945e+00
   2.0060000e+03   1.2000000e+01   2.8000000e+01   1.0000000e+01   1.6000000e+01   2.7000000e+01  -5.3679325e+01  -3.7653059e+01   4.9913829e+02   3.7605896e+00   7.1686575e+00   4.7552769e+00
   2.0060000e+03   1.2000000e+01   2.8000000e+01   1.0000000e+01   1.8000000e+01   5.0000000e+00  -5.3683721e+01  -3.7651463e+01   4.9971227e+02   3.4491135e+00   6.7626530e+00   6.7120455e+00
   2.0060000e+03   1.2000000e+01   2.8000000e+01   1.0000000e+01   1.9000000e+01   4.3000000e+01  -5.3688098e+01  -3.7649880e+01   4.9735851e+02   2.3509766e+00   4.4815702e+00   4.3544410e+00
   2.0060000e+03   1.2000000e+01   2.8000000e+01   1.0000000e+01   2.1000000e+01   2.1000000e+01  -5.3692495e+01  -3.7648415e+01   4.9806303e+02   1.4130515e+00   2.8933683e+00   2.8933683e+00
   2.0060000e+03   1.2000000e+01   2.8000000e+01   1.0000000e+01   2.3000000e+01   0.0000000e+00  -5.3696885e+01  -3.7646902e+01   4.9784067e+02   5.6970964e-01   1.2001675e+00   1.0860141e+00
   2.0060000e+03   1.2000000e+01   2.8000000e+01   1.0000000e+01   2.4000000e+01   3.9000000e+01  -5.3701320e+01  -3.7645434e+01   5.0214664e+02   5.4219322e+01   1.0337541e+02   1.0334273e+02
   2.0060000e+03   1.2000000e+01   2.8000000e+01   1.0000000e+01   2.6000000e+01   1.6000000e+01  -5.3705688e+01  -3.7643927e+01   4.9544339e+02   4.2894988e-01   9.3525698e-01   4.6853725e-01
   2.0060000e+03   1.2000000e+01   2.8000000e+01   1.0000000e+01   2.7000000e+01   5.3000000e+01  -5.3710098e+01  -3.7642387e+01   5.0042117e+02   2.4939549e-01   4.7541238e-01   3.2442352e-01
   2.0060000e+03   1.2000000e+01   2.8000000e+01   1.0000000e+01   2.9000000e+01   3.0000000e+01  -5.3714523e+01  -3.7641012e+01   4.9993550e+02   4.7512747e-01   1.0678609e+00   1.0375523e+00
   2.0060000e+03   1.2000000e+01   2.8000000e+01   1.0000000e+01   3.1000000e+01   7.0000000e+00  -5.3718882e+01  -3.7639394e+01   4.9590941e+02   1.1827057e+00   2.2545433e+00   2.1881120e+00
   2.0060000e+03   1.2000000e+01   2.8000000e+01   1.0000000e+01   3.2000000e+01   4.4000000e+01  -5.3723310e+01  -3.7637797e+01   5.0315084e+02   9.4169106e+00   1.7997993e+01   1.7810223e+01
   2.0060000e+03   1.2000000e+01   2.8000000e+01   1.0000000e+01   3.4000000e+01   2.0000000e+01  -5.3727710e+01  -3.7636374e+01   4.9781688e+02   1.3143809e+01   2.5071744e+01   9.5022396e+00
   2.0060000e+03   1.2000000e+01   2.8000000e+01   1.0000000e+01   3.5000000e+01   5.7000000e+01  -5.3732129e+01  -3.7634880e+01   5.0069124e+02   7.7903509e-01   1.4850426e+00   1.2334049e+00
   2.0060000e+03   1.2000000e+01   2.8000000e+01   1.0000000e+01   3.7000000e+01   3.4000000e+01  -5.3736534e+01  -3.7633264e+01   5.0088099e+02   8.0612659e-01   1.5461196e+00   1.4477920e+00
   2.0060000e+03   1.2000000e+01   2.8000000e+01   1.0000000e+01   3.9000000e+01   1.0000000e+01  -5.3740897e+01  -3.7631837e+01   4.9384474e+02   1.8293740e+01   3.4889466e+01   5.7390096e-01
   2.0060000e+03   1.2000000e+01   2.8000000e+01   1.0000000e+01   4.0000000e+01   4.7000000e+01  -5.3745301e+01  -3.7630350e+01   4.9896951e+02   1.0127800e+00   2.2975655e+00   1.8470662e+00
   2.0060000e+03   1.2000000e+01   2.8000000e+01   1.0000000e+01   4.2000000e+01   2.4999901e+01  -5.3749714e+01  -3.7628924e+01   4.9927717e+02   3.3090208e-01   8.6669788e-01   5.5280498e-01
   2.0060000e+03   1.2000000e+01   2.8000000e+01   1.0000000e+01   4.4000000e+01   1.0000000e+00  -5.3754126e+01  -3.7627558e+01   4.9842397e+02   2.8846253e-01   5.7192018e-01   5.2104044e-01
   2.0060000e+03   1.2000000e+01   2.8000000e+01   1.0000000e+01   4.5000000e+01   3.7000000e+01  -5.3758537e+01  -3.7626224e+01   4.9796021e+02   2.6131365e-01   4.9813147e-01   3.6525883e-01
   2.0060000e+03   1.2000000e+01   2.8000000e+01   1.0000000e+01   4.7000000e+01   1.4000000e+01  -5.3762988e+01  -3.7624885e+01   5.0229688e+02   9.7343567e+00   1.8556204e+01   0.0000000e+00
   2.0060000e+03   1.2000000e+01   2.8000000e+01   1.0000000e+01   4.8000000e+01   5.0000000e+01  -5.3767399e+01  -3.7623525e+01   4.9824858e+02   4.4922778e-02   3.5422416e-01   3.3259461e-01
   2.0060000e+03   1.2000000e+01   2.8000000e+01   1.0000000e+01   5.0000000e+01   2.7000000e+01  -5.3771801e+01  -3.7622108e+01   4.9794013e+02   2.5793144e+00   4.9168412e+00   2.3061546e+00
   2.0060000e+03   1.2000000e+01   2.8000000e+01   1.0000000e+01   5.2000000e+01   5.0000000e+00  -5.3776211e+01  -3.7620402e+01   5.0263698e+02   4.1715601e-01   7.9520737e-01   6.9715337e-01
   2.0060000e+03   1.2000000e+01   2.8000000e+01   1.0000000e+01   5.3000000e+01   4.3000000e+01  -5.3780605e+01  -3.7618679e+01   5.0117909e+02   6.9140307e-02   2.6063477e+01   2.6033485e+01
   2.0060000e+03   1.2000000e+01   2.8000000e+01   1.0000000e+01   5.5000000e+01   2.0999901e+01  -5.3784980e+01  -3.7617148e+01   4.9649070e+02   3.0006878e+00   5.7200879e+00   5.6567671e+00
   2.0060000e+03   1.2000000e+01   2.8000000e+01   1.0000000e+01   5.6000000e+01   5.9000000e+01  -5.3789378e+01  -3.7615592e+01   4.9923510e+02   4.7877749e-01   9.1646504e-01   0.0000000e+00
   2.0060000e+03   1.2000000e+01   2.8000000e+01   1.0000000e+01   5.8000000e+01   3.7000000e+01  -5.3793793e+01  -3.7614163e+01   4.9954928e+02   1.4619999e+01   2.7869504e+01   0.0000000e+00
   2.0060000e+03   1.2000000e+01   2.8000000e+01   1.1000000e+01   0.0000000e+00   1.6000099e+01  -5.3798196e+01  -3.7612748e+01   4.9799580e+02   4.5251403e+01   1.7349777e+02   1.7345889e+02
   2.0060000e+03   1.2000000e+01   2.8000000e+01   1.1000000e+01   1.0000000e+00   5.6000000e+01  -5.3802616e+01  -3.7611318e+01   5.0003432e+02   1.2500377e+01   2.3888310e+01   0.0000000e+00
   2.0060000e+03   1.2000000e+01   2.8000000e+01   1.1000000e+01   3.0000000e+00   3.5000000e+01  -5.3807007e+01  -3.7609937e+01   4.9619346e+02   9.9883944e+00   1.9040466e+01   1.8932565e+01
   2.0060000e+03   1.2000000e+01   2.8000000e+01   1.1000000e+01   5.0000000e+00   1.4000000e+01  -5.3811394e+01  -3.7608475e+01   4.9681925e+02   4.4210727e+00   9.2594159e+00   3.3072064e+00
   2.0060000e+03   1.2000000e+01   2.8000000e+01   1.1000000e+01   6.0000000e+00   5.4000000e+01  -5.3815832e+01  -3.7607143e+01   5.0090883e+02   6.8464408e+00   1.9541024e+01   6.5086509e+00
   2.0060000e+03   1.2000000e+01   2.8000000e+01   1.1000000e+01   8.0000000e+00   3.4000099e+01  -5.3820301e+01  -3.7605863e+01   5.0366500e+02   2.0602411e-02   3.9273531e-02   0.0000000e+00
   2.0060000e+03   1.2000000e+01   2.8000000e+01   1.1000000e+01   1.0000000e+01   1.4000000e+01  -5.3824713e+01  -3.7604305e+01   5.0080209e+02   5.7896597e-01   1.1204092e+00   0.0000000e+00
   2.0060000e+03   1.2000000e+01   2.8000000e+01   1.1000000e+01   1.1000000e+01   5.2000000e+01  -5.3829107e+01  -3.7602913e+01   4.9664839e+02   2.7683926e-01   5.2772732e-01   4.4619724e-01
   2.0060000e+03   1.2000000e+01   2.8000000e+01   1.1000000e+01   1.3000000e+01   2.9000000e+01  -5.3833509e+01  -3.7601435e+01   4.9867178e+02   1.7294884e-01   1.5768047e+00   0.0000000e+00
   2.0060000e+03   1.2000000e+01   2.8000000e+01   1.1000000e+01   1.5000000e+01   6.0000000e+00  -5.3837904e+01  -3.7599810e+01   4.9987440e+02   1.7704034e-01   6.3357689e-01   5.9147159e-01
   2.0060000e+03   1.2000000e+01   2.8000000e+01   1.1000000e+01   1.6000000e+01   4.3000000e+01  -5.3842296e+01  -3.7598231e+01   4.9884423e+02   5.2194268e+00   1.0019041e+01   3.7821586e-01
   2.0060000e+03   1.2000000e+01   2.8000000e+01   1.1000000e+01   1.8000000e+01   2.1000000e+01  -5.3846702e+01  -3.7596740e+01   4.9936653e+02   3.1365939e-01   5.9791602e-01   5.6862429e-01
