   2.0160000e+03   1.2000000e+01   2.1000000e+01   9.0000000e+00   2.0000000e+00   1.9000000e+01  -5.3990331e+01  -3.8820196e+01   4.9897030e+02   5.8144095e-01   1.3331622e+00   1.4525302e-01
   2.0160000e+03   1.2000000e+01   2.1000000e+01   9.0000000e+00   4.0000000e+00   4.7000000e+01  -5.3986153e+01  -3.8821424e+01   4.7118310e+02   1.5714788e+00   2.1911824e+00   5.1278058e-01
   2.0160000e+03   1.2000000e+01   2.1000000e+01   9.0000000e+00   6.0000000e+00   5.0000000e+01  -5.3981603e+01  -3.8822732e+01   5.1273781e+02   1.0262712e+01   1.1491135e+02   1.1857385e+01
   2.0160000e+03   1.2000000e+01   2.1000000e+01   9.0000000e+00   8.0000000e+00   3.7000000e+01  -5.3977183e+01  -3.8824024e+01   4.9831310e+02   8.4515674e+00   1.0961334e+01   5.5279179e-01
   2.0160000e+03   1.2000000e+01   2.1000000e+01   9.0000000e+00   1.0000000e+01   1.8000000e+01  -5.3972741e+01  -3.8825447e+01   5.0225973e+02   3.4058994e+00   4.5706129e+00   1.1031538e+00
   2.0160000e+03   1.2000000e+01   2.1000000e+01   9.0000000e+00   1.1000000e+01   5.5000000e+01  -5.3968289e+01  -3.8826919e+01   5.0398455e+02   3.7953876e+00   5.1198938e+00   7.3061210e-01
   2.0160000e+03   1.2000000e+01   2.1000000e+01   9.0000000e+00   1.3000000e+01   3.1000000e+01  -5.3963893e+01  -3.8828355e+01   4.9743213e+02   3.5681789e+00   4.4750370e+00   1.0582922e+00
   2.0160000e+03   1.2000000e+01   2.1000000e+01   9.0000000e+00   1.5000000e+01   8.0000000e+00  -5.3959483e+01  -3.8829618e+01   4.9697065e+02   1.1732111e+01   1.5151898e+01   0.0000000e+00
   2.0160000e+03   1.2000000e+01   2.1000000e+01   9.0000000e+00   1.6000000e+01   4.5000000e+01  -5.3955073e+01  -3.8831034e+01   4.9866701e+02   3.1979042e+00   4.4174804e+00   3.5183521e-01
   2.0160000e+03   1.2000000e+01   2.1000000e+01   9.0000000e+00   1.8000000e+01   2.1000000e+01  -5.3950673e+01  -3.8832530e+01   4.9867257e+02   3.4607788e+00   4.1022815e+00   1.8308845e-01
   2.0160000e+03   1.2000000e+01   2.1000000e+01   9.0000000e+00   1.9000000e+01   5.7000099e+01  -5.3946272e+01  -3.8833871e+01   4.9681188e+02   1.8474617e+00   2.2917923e+00   2.5015769e-01
   2.0160000e+03   1.2000000e+01   2.1000000e+01   9.0000000e+00   2.1000000e+01   3.3000000e+01  -5.3941792e+01  -3.8835236e+01   5.0582596e+02   1.5787922e+00   1.6311449e+00   1.2609407e-01
   2.0160000e+03   1.2000000e+01   2.1000000e+01   9.0000000e+00   2.3000000e+01   1.0000000e+01  -5.3937360e+01  -3.8836573e+01   5.0012074e+02   1.4354326e+00   1.2286612e+00   4.9456526e-01
   2.0160000e+03   1.2000000e+01   2.1000000e+01   9.0000000e+00   2.4000000e+01   4.9000000e+01  -5.3932985e+01  -3.8837943e+01   4.9431941e+02   2.9304120e+00   3.6959531e+00   2.3671487e-01
   2.0160000e+03   1.2000000e+01   2.1000000e+01   9.0000000e+00   2.6000000e+01   2.9000000e+01  -5.3928556e+01  -3.8839310e+01   5.0021156e+02   2.1582492e+00   2.7736273e+00   8.4997003e-02
   2.0160000e+03   1.2000000e+01   2.1000000e+01   9.0000000e+00   2.8000000e+01   8.0000000e+00  -5.3924139e+01  -3.8840762e+01   5.0001386e+02   2.9223858e+00   3.6110737e+00   0.0000000e+00
   2.0160000e+03   1.2000000e+01   2.1000000e+01   9.0000000e+00   2.9000000e+01   4.6000000e+01  -5.3919708e+01  -3.8842155e+01   5.0074871e+02   1.4347313e+00   1.7908871e+00   0.0000000e+00
   2.0160000e+03   1.2000000e+01   2.1000000e+01   9.0000000e+00   3.1000000e+01   2.3000000e+01  -5.3915295e+01  -3.8843447e+01   4.9756200e+02   3.4446163e+00   3.7238813e+00   0.0000000e+00
   2.0160000e+03   1.2000000e+01   2.1000000e+01   9.0000000e+00   3.3000000e+01   0.0000000e+00  -5.3910938e+01  -3.8844867e+01   4.9292870e+02   4.9040231e+00   6.1968762e+00   7.2884025e-02
   2.0160000e+03   1.2000000e+01   2.1000000e+01   9.0000000e+00   3.4000000e+01   3.8000000e+01  -5.3906498e+01  -3.8846333e+01   5.0264667e+02   4.4561987e+01   1.5361775e+02   0.0000000e+00
   2.0160000e+03   1.2000000e+01   2.1000000e+01   9.0000000e+00   3.6000000e+01   1.6000000e+01  -5.3902086e+01  -3.8847596e+01   4.9721870e+02   3.7101186e+00   4.6946078e+00   7.5281336e-01
   2.0160000e+03   1.2000000e+01   2.1000000e+01   9.0000000e+00   3.7000000e+01   5.4000000e+01  -5.3897635e+01  -3.8848973e+01   5.0275979e+02   8.1884387e+01   1.0852114e+02   1.0243870e+02
   2.0160000e+03   1.2000000e+01   2.1000000e+01   9.0000000e+00   3.9000000e+01   3.2000000e+01  -5.3893269e+01  -3.8850368e+01   4.9361094e+02   4.2377930e+00   5.1719289e+00   1.1175941e+00
   2.0160000e+03   1.2000000e+01   2.1000000e+01   9.0000000e+00   4.1000000e+01   1.1000099e+01  -5.3888850e+01  -3.8851918e+01   5.0145787e+02   5.9830541e+00   7.3682241e+00   2.9169030e-01
   2.0160000e+03   1.2000000e+01   2.1000000e+01   9.0000000e+00   4.2000000e+01   5.1000000e+01  -5.3884438e+01  -3.8853418e+01   5.0001449e+02   3.5158259e+00   4.2619418e+00   5.1174070e-01
   2.0160000e+03   1.2000000e+01   2.1000000e+01   9.0000000e+00   4.4000000e+01   3.1000000e+01  -5.3880029e+01  -3.8854843e+01   4.9874646e+02   2.9587440e+00   3.3879300e+00   1.2979127e+00
   2.0160000e+03   1.2000000e+01   2.1000000e+01   9.0000000e+00   4.6000000e+01   1.1000000e+01  -5.3875578e+01  -3.8855970e+01   5.0004227e+02   7.0354996e+00   9.2167762e+00   8.5958382e+00
   2.0160000e+03   1.2000000e+01   2.1000000e+01   9.0000000e+00   4.7000000e+01   4.9000000e+01  -5.3871146e+01  -3.8857212e+01   4.9918602e+02   1.1596671e+00   8.3321637e+00   3.6046637e+00
   2.0160000e+03   1.2000000e+01   2.1000000e+01   9.0000000e+00   4.9000000e+01   2.6000000e+01  -5.3866771e+01  -3.8858571e+01   4.9418365e+02   1.7330891e+01   2.3007492e+01   9.6091554e+00
   2.0160000e+03   1.2000000e+01   2.1000000e+01   9.0000000e+00   5.1000000e+01   3.0000992e+00  -5.3862299e+01  -3.8859880e+01   5.0430403e+02   9.0202323e-01   3.4199070e+00   0.0000000e+00
   2.0160000e+03   1.2000000e+01   2.1000000e+01   9.0000000e+00   5.2000000e+01   3.9000000e+01  -5.3857840e+01  -3.8861252e+01   5.0358868e+02   1.1758563e+01   1.6071276e+01   0.0000000e+00
   2.0160000e+03   1.2000000e+01   2.1000000e+01   9.0000000e+00   5.4000000e+01   1.6000000e+01  -5.3853496e+01  -3.8862781e+01   4.9304361e+02   5.4048256e+00   3.4516452e+01   2.7704236e+01
   2.0160000e+03   1.2000000e+01   2.1000000e+01   9.0000000e+00   5.5000000e+01   5.5000000e+01  -5.3849048e+01  -3.8864168e+01   5.0256881e+02   2.2648958e+00   2.3172870e+00   0.0000000e+00
   2.0160000e+03   1.2000000e+01   2.1000000e+01   9.0000000e+00   5.7000000e+01   3.5000000e+01  -5.3844684e+01  -3.8865551e+01   4.9324834e+02   2.0573886e+00   2.1635957e+00   9.5842631e-03
   2.0160000e+03   1.2000000e+01   2.1000000e+01   9.0000000e+00   5.9000000e+01   1.3000099e+01  -5.3840286e+01  -3.8866916e+01   4.9680647e+02   5.3757452e-01   3.3297054e-01   0.0000000e+00
   2.0160000e+03   1.2000000e+01   2.1000000e+01   1.0000000e+01   0.0000000e+00   4.7999901e+01  -5.3835781e+01  -3.8868276e+01   5.0854283e+02   1.8679226e+00   2.0418967e+00   0.0000000e+00
   2.0160000e+03   1.2000000e+01   2.1000000e+01   1.0000000e+01   2.0000000e+00   2.3000000e+01  -5.3831425e+01  -3.8869609e+01   4.9181400e+02   2.7927456e+00   3.3866949e+00   0.0000000e+00
   2.0160000e+03   1.2000000e+01   2.1000000e+01   1.0000000e+01   4.0000000e+00   3.0000000e+00  -5.3826892e+01  -3.8871142e+01   5.1372080e+02   4.6775274e+00   6.1167570e+00   0.0000000e+00
   2.0160000e+03   1.2000000e+01   2.1000000e+01   1.0000000e+01   5.0000000e+00   5.9000000e+01  -5.3822401e+01  -3.8872605e+01   5.0815771e+02   4.3315847e+00   5.6033043e+00   0.0000000e+00
   2.0160000e+03   1.2000000e+01   2.1000000e+01   1.0000000e+01   8.0000000e+00   1.9000000e+01  -5.3818209e+01  -3.8873880e+01   4.7319425e+02   6.9848761e-01   1.5778298e+00   4.0127816e-02
   2.0160000e+03   1.2000000e+01   2.1000000e+01   1.0000000e+01   1.0000000e+01   4.5000000e+01  -5.3813896e+01  -3.8875076e+01   4.8565440e+02   2.3919821e+01   3.6293168e+01   1.8884916e+01
   2.0160000e+03   1.2000000e+01   2.1000000e+01   1.0000000e+01   1.2000000e+01   4.8999901e+01  -5.3809355e+01  -3.8876391e+01   5.1199305e+02   1.9949506e+01   2.5930723e+01   4.7812131e-02
   2.0160000e+03   1.2000000e+01   2.1000000e+01   1.0000000e+01   1.4000000e+01   3.2000000e+01  -5.3804918e+01  -3.8877801e+01   5.0165191e+02   3.8788306e+01   1.7336338e+02   1.1536656e+02
   2.0160000e+03   1.2000000e+01   2.1000000e+01   1.0000000e+01   1.6000000e+01   1.0000099e+01  -5.3800495e+01  -3.8879239e+01   5.0039560e+02   2.0878348e+00   2.6395089e+00   3.0767213e-01
   2.0160000e+03   1.2000000e+01   2.1000000e+01   1.0000000e+01   1.7000000e+01   4.6000000e+01  -5.3796059e+01  -3.8880713e+01   5.0232339e+02   4.0821434e+00   4.7855261e+00   2.5769236e-01
   2.0160000e+03   1.2000000e+01   2.1000000e+01   1.0000000e+01   1.9000000e+01   2.2000099e+01  -5.3791665e+01  -3.8881953e+01   4.9502808e+02   4.4181800e+00   5.8800443e+00   4.4029348e+00
   2.0160000e+03   1.2000000e+01   2.1000000e+01   1.0000000e+01   2.0000000e+01   5.8000000e+01  -5.3787233e+01  -3.8883264e+01   4.9997927e+02   2.0730995e+00   1.6338010e+00   1.4748890e-01
   2.0160000e+03   1.2000000e+01   2.1000000e+01   1.0000000e+01   2.2000000e+01   3.1999901e+01  -5.3782858e+01  -3.8884578e+01   4.9376496e+02   7.2868908e-01   2.1412383e+00   4.0932331e-02
   2.0160000e+03   1.2000000e+01   2.1000000e+01   1.0000000e+01   2.4000000e+01   7.0000000e+00  -5.3778396e+01  -3.8885956e+01   5.0394393e+02   1.0357638e+00   1.2775192e+00   4.5934930e-02
   2.0160000e+03   1.2000000e+01   2.1000000e+01   1.0000000e+01   2.5000000e+01   4.5000000e+01  -5.3773987e+01  -3.8887414e+01   4.9925087e+02   7.4017582e+00   9.7701477e+00   7.9584246e-02
   2.0160000e+03   1.2000000e+01   2.1000000e+01   1.0000000e+01   2.7000000e+01   2.4000000e+01  -5.3769550e+01  -3.8888842e+01   5.0185764e+02   1.0723506e+02   6.3050118e+02   6.2945752e+02
   2.0160000e+03   1.2000000e+01   2.1000000e+01   1.0000000e+01   2.9000000e+01   1.0000000e+00  -5.3765166e+01  -3.8890214e+01   4.9535171e+02   1.2285978e+00   1.4467049e+00   3.5958226e-02
   2.0160000e+03   1.2000000e+01   2.1000000e+01   1.0000000e+01   3.0000000e+01   3.8000000e+01  -5.3760723e+01  -3.8891632e+01   5.0249330e+02   1.2728350e+01   1.6908784e+01   1.6633806e+01
   2.0160000e+03   1.2000000e+01   2.1000000e+01   1.0000000e+01   3.2000000e+01   1.6000000e+01  -5.3756357e+01  -3.8892977e+01   4.9305980e+02   8.6059560e+01   1.5934180e+02   1.1392758e+02
   2.0160000e+03   1.2000000e+01   2.1000000e+01   1.0000000e+01   3.3000000e+01   5.4000000e+01  -5.3751945e+01  -3.8894446e+01   4.9967045e+02   2.7639494e+00   3.5232379e+00   7.2366837e-02
   2.0160000e+03   1.2000000e+01   2.1000000e+01   1.0000000e+01   3.5000000e+01   3.2000000e+01  -5.3747532e+01  -3.8895845e+01   4.9893903e+02   1.7857442e+02   2.9870796e+02   2.0042381e+02
   2.0160000e+03   1.2000000e+01   2.1000000e+01   1.0000000e+01   3.7000000e+01   8.0000000e+00  -5.3743079e+01  -3.8897138e+01   5.0204902e+02   1.3841741e+01   1.7869417e+01   4.8933831e-01
   2.0160000e+03   1.2000000e+01   2.1000000e+01   1.0000000e+01   3.8000000e+01   4.2999901e+01  -5.3738676e+01  -3.8898423e+01   4.9652710e+02   8.6311592e+00   1.1356247e+01   4.0366513e-01
   2.0160000e+03   1.2000000e+01   2.1000000e+01   1.0000000e+01   4.0000000e+01   1.9000000e+01  -5.3734205e+01  -3.8899832e+01   5.0532685e+02   2.4579664e+01   3.2638775e+01   2.4165553e+01
   2.0160000e+03   1.2000000e+01   2.1000000e+01   1.0000000e+01   4.1000000e+01   5.6000000e+01  -5.3729752e+01  -3.8901171e+01   5.0258485e+02   1.5772638e+01   2.0637011e+01   1.7921551e+01
   2.0160000e+03   1.2000000e+01   2.1000000e+01   1.0000000e+01   4.3000000e+01   3.5000000e+01  -5.3725391e+01  -3.8902551e+01   4.9303202e+02   1.0383842e+01   1.3411807e+01   0.0000000e+00
   2.0160000e+03   1.2000000e+01   2.1000000e+01   1.0000000e+01   4.5000000e+01   1.4000000e+01  -5.3720968e+01  -3.8903962e+01   5.0023600e+02   2.8449054e+01   3.7590661e+01   3.6519897e+01
   2.0160000e+03   1.2000000e+01   2.1000000e+01   1.0000000e+01   4.6000000e+01   5.2000000e+01  -5.3716582e+01  -3.8905416e+01   4.9663996e+02   7.7987537e-01   5.8099411e-01   8.7698593e-02
   2.0160000e+03   1.2000000e+01   2.1000000e+01   1.0000000e+01   4.8000000e+01   3.1000000e+01  -5.3712160e+01  -3.8906798e+01   4.9971463e+02   1.1372145e+00   1.1057356e+00   7.7389213e-01
   2.0160000e+03   1.2000000e+01   2.1000000e+01   1.0000000e+01   5.0000000e+01   8.9999008e+00  -5.3707729e+01  -3.8908134e+01   5.0013495e+02   1.3895546e+00   1.7053859e+00   1.4838536e+00
   2.0160000e+03   1.2000000e+01   2.1000000e+01   1.0000000e+01   5.1000000e+01   4.6000000e+01  -5.3703307e+01  -3.8909485e+01   4.9929657e+02   5.3057940e+01   7.1284431e+01   5.8865063e+01
   2.0160000e+03   1.2000000e+01   2.1000000e+01   1.0000000e+01   5.3000000e+01   2.4000000e+01  -5.3698891e+01  -3.8910813e+01   4.9843289e+02   2.5080689e+02   3.3371444e+02   2.6189878e+02
   2.0160000e+03   1.2000000e+01   2.1000000e+01   1.0000000e+01   5.5000000e+01   2.0000992e+00  -5.3694475e+01  -3.8912142e+01   4.9840074e+02   3.9368180e+00   5.3147356e+00   3.0761994e+00
   2.0160000e+03   1.2000000e+01   2.1000000e+01   1.0000000e+01   5.6000000e+01   3.9999901e+01  -5.3690031e+01  -3.8913451e+01   5.0134054e+02   5.1253859e+00   7.5664817e+00   4.4940686e+00
   2.0160000e+03   1.2000000e+01   2.1000000e+01   1.0000000e+01   5.8000000e+01   1.9000000e+01  -5.3685665e+01  -3.8914825e+01   4.9342104e+02   9.6156799e+01   1.2881240e+02   5.3716376e+01
   2.0160000e+03   1.2000000e+01   2.1000000e+01   1.0000000e+01   5.9000000e+01   5.8000099e+01  -5.3681205e+01  -3.8916223e+01   5.0416050e+02   1.1875428e+01   1.5174950e+01   2.9053759e+00
   2.0160000e+03   1.2000000e+01   2.1000000e+01   1.1000000e+01   1.0000000e+00   3.4000000e+01  -5.3676806e+01  -3.8917634e+01   4.9754321e+02   1.0897556e+02   1.4937659e+02   1.4074189e+02
   2.0160000e+03   1.2000000e+01   2.1000000e+01   1.1000000e+01   3.0000000e+00   9.0000000e+00  -5.3672423e+01  -3.8919020e+01   4.9547323e+02   3.9828978e+00   5.3504987e+00   2.0232600e+00
   2.0160000e+03   1.2000000e+01   2.1000000e+01   1.1000000e+01   4.0000000e+00   4.5999901e+01  -5.3668000e+01  -3.8920446e+01   5.0037570e+02   3.4514992e+01   4.5516623e+01   3.9572150e+01
   2.0160000e+03   1.2000000e+01   2.1000000e+01   1.1000000e+01   6.0000000e+00   2.3000000e+01  -5.3663534e+01  -3.8921888e+01   5.0531964e+02   2.6191272e+00   4.5870367e+00   2.5617228e+00
   2.0160000e+03   1.2000000e+01   2.1000000e+01   1.1000000e+01   8.0000000e+00   0.0000000e+00  -5.3659079e+01  -3.8923275e+01   5.0332339e+02   1.9134614e+02   2.5487345e+02   2.4523574e+02
   2.0160000e+03   1.2000000e+01   2.1000000e+01   1.1000000e+01   9.0000000e+00   5.4000099e+01  -5.3654558e+01  -3.8924727e+01   5.1146233e+02   1.8519019e+00   2.5539973e+00   3.4728252e-01
   2.0160000e+03   1.2000000e+01   2.1000000e+01   1.1000000e+01   1.2000000e+01   2.0000000e+01  -5.3650386e+01  -3.8926248e+01   4.7427095e+02   1.7403535e+00   2.8344886e+00   7.1334185e-01
   2.0160000e+03   1.2000000e+01   2.1000000e+01   1.1000000e+01   1.4000000e+01   5.7000000e+01  -5.3645978e+01  -3.8927749e+01   4.9969218e+02   2.0284422e+00   4.2174483e+00   1.9219486e+00
   2.0160000e+03   1.2000000e+01   2.1000000e+01   1.1000000e+01   1.7000000e+01   3.6000000e+01  -5.3641485e+01  -3.8929060e+01   5.0664947e+02   8.0600420e-01   1.4426277e+00   5.7155303e-01
   2.0160000e+03   1.2000000e+01   2.1000000e+01   1.1000000e+01   2.0000000e+01   2.1000000e+01  -5.3637141e+01  -3.8930455e+01   4.9139738e+02   1.5446036e+02   3.7995058e+02   3.7067724e+02
   2.0160000e+03   1.2000000e+01   2.1000000e+01   1.1000000e+01   2.2000000e+01   5.1999901e+01  -5.3632855e+01  -3.8931833e+01   4.8477588e+02   5.6905928e+02   7.5662507e+02   7.1341591e+02
   2.0160000e+03   1.2000000e+01   2.1000000e+01   1.1000000e+01   2.4000000e+01   5.8000000e+01  -5.3628318e+01  -3.8933182e+01   5.1196224e+02   1.4478038e+01   2.3110400e+01   1.1560118e+00
   2.0160000e+03   1.2000000e+01   2.1000000e+01   1.1000000e+01   2.6000000e+01   4.9000000e+01  -5.3623878e+01  -3.8934381e+01   4.9961666e+02   4.3370677e+00   7.1223420e+00   1.4410278e+00
   2.0160000e+03   1.2000000e+01   2.1000000e+01   1.1000000e+01   2.8000000e+01   3.7000000e+01  -5.3619421e+01  -3.8935577e+01   5.0156073e+02   6.5855729e+00   8.1781233e+00   2.6113628e+00
   2.0160000e+03   1.2000000e+01   2.1000000e+01   1.1000000e+01   3.0000000e+01   2.2000000e+01  -5.3615033e+01  -3.8936860e+01   4.9488669e+02   3.9038227e+00   5.5095269e+00   2.3932643e+00
   2.0160000e+03   1.2000000e+01   2.1000000e+01   1.1000000e+01   3.2000000e+01   3.0000000e+00  -5.3610577e+01  -3.8938171e+01   5.0261393e+02   3.3492523e+00   3.7861172e+00   1.7468871e+00
   2.0160000e+03   1.2000000e+01   2.1000000e+01   1.1000000e+01   3.3000000e+01   4.1000099e+01  -5.3606123e+01  -3.8939406e+01   5.0162021e+02   9.2407886e+00   1.2702080e+01   2.4167748e+00
   2.0160000e+03   1.2000000e+01   2.1000000e+01   1.1000000e+01   3.5000000e+01   1.8000000e+01  -5.3601693e+01  -3.8940632e+01   4.9880943e+02   5.6923556e+01   7.5108092e+01   7.1837551e+01
   2.0160000e+03   1.2000000e+01   2.1000000e+01   1.1000000e+01   3.6000000e+01   5.5000000e+01  -5.3597277e+01  -3.8941996e+01   4.9884715e+02   3.1899404e+00   4.9231296e+00   2.0274270e+00
   2.0160000e+03   1.2000000e+01   2.1000000e+01   1.1000000e+01   3.8000000e+01   3.0000099e+01  -5.3592859e+01  -3.8943508e+01   5.0103303e+02   3.1084206e+00   4.4550496e+00   1.8251015e+00
   2.0160000e+03   1.2000000e+01   2.1000000e+01   1.1000000e+01   4.0000000e+01   4.0000000e+00  -5.3588435e+01  -3.8945003e+01   5.0133325e+02   3.2058093e+00   5.7647834e+00   3.4674127e+00
   2.0160000e+03   1.2000000e+01   2.1000000e+01   1.1000000e+01   4.1000000e+01   3.9000000e+01  -5.3584053e+01  -3.8946474e+01   4.9651420e+02   3.4497736e+00   5.0736677e+00   1.2813378e+00
   2.0160000e+03   1.2000000e+01   2.1000000e+01   1.1000000e+01   4.3000000e+01   1.5000000e+01  -5.3579647e+01  -3.8947940e+01   4.9907795e+02   3.9016808e+00   7.4474884e+00   3.7958650e+00
   2.0160000e+03   1.2000000e+01   2.1000000e+01   1.1000000e+01   4.4000000e+01   5.2000000e+01  -5.3575265e+01  -3.8949402e+01   4.9637690e+02   4.0657949e+00   6.8496368e+00   2.8863350e+00
   2.0160000e+03   1.2000000e+01   2.1000000e+01   1.1000000e+01   4.6000000e+01   2.9000000e+01  -5.3570863e+01  -3.8950814e+01   4.9788221e+02   3.5814760e+00   4.6578214e+00   5.7065035e-01
   2.0160000e+03   1.2000000e+01   2.1000000e+01   1.1000000e+01   4.8000000e+01   7.0000000e+00  -5.3566408e+01  -3.8952155e+01   5.0298095e+02   2.2781863e+00   6.0591978e+00   2.5508267e+00
   2.0160000e+03   1.2000000e+01   2.1000000e+01   1.1000000e+01   4.9000000e+01   5.2000099e+01  -5.3561963e+01  -3.8953424e+01   5.0095694e+02   2.1772298e+00   4.9506708e+00   2.6744129e+00
   2.0160000e+03   1.2000000e+01   2.1000000e+01   1.1000000e+01   5.1000000e+01   4.4000099e+01  -5.3557587e+01  -3.8954666e+01   4.9309859e+02   2.0759137e+00   8.2348691e+00   4.8834799e+00
   2.0160000e+03   1.2000000e+01   2.1000000e+01   1.1000000e+01   5.3000000e+01   3.4000099e+01  -5.3553182e+01  -3.8956113e+01   4.9869256e+02   2.6862464e+00   4.1076442e+00   1.3108584e+00
   2.0160000e+03   1.2000000e+01   2.1000000e+01   1.1000000e+01   5.5000000e+01   1.6000000e+01  -5.3548808e+01  -3.8957497e+01   4.9455654e+02   2.0543794e+00   6.2783534e+00   3.0906406e+00
   2.0160000e+03   1.2000000e+01   2.1000000e+01   1.1000000e+01   5.6000000e+01   5.2000000e+01  -5.3544341e+01  -3.8958727e+01   5.0294635e+02   2.5036044e+00   4.4391588e+00   9.1015302e-01
   2.0160000e+03   1.2000000e+01   2.1000000e+01   1.1000000e+01   5.8000000e+01   2.7000099e+01  -5.3539872e+01  -3.8960044e+01   5.0414258e+02   2.9330382e+00   3.7454567e+00   1.5533220e+00
   2.0160000e+03   1.2000000e+01   2.1000000e+01   1.2000000e+01   0.0000000e+00   3.0000000e+00  -5.3535474e+01  -3.8961375e+01   4.9663279e+02   1.8472999e+00   4.4029539e+00   1.7386427e+00
   2.0160000e+03   1.2000000e+01   2.1000000e+01   1.2000000e+01   1.0000000e+00   4.1000000e+01  -5.3531071e+01  -3.8962850e+01   4.9888508e+02   2.4573651e+00   4.1419324e+00   2.1744059e+00
   2.0160000e+03   1.2000000e+01   2.1000000e+01   1.2000000e+01   3.0000000e+00   1.9000000e+01  -5.3526640e+01  -3.8964211e+01   5.0046439e+02   2.1046421e+00   2.5143228e+00   1.2593860e+00
   2.0160000e+03   1.2000000e+01   2.1000000e+01   1.2000000e+01   4.0000000e+00   5.4000000e+01  -5.3522230e+01  -3.8965543e+01   4.9790297e+02   2.9708895e+00   4.0948879e+00   1.9506358e+00
   2.0160000e+03   1.2000000e+01   2.1000000e+01   1.2000000e+01   6.0000000e+00   2.8000000e+01  -5.3517800e+01  -3.8966858e+01   4.9988132e+02   2.6641756e+00   3.2685591e+00   1.3972183e+00
   2.0160000e+03   1.2000000e+01   2.1000000e+01   1.2000000e+01   8.0000000e+00   2.0000000e+00  -5.3513396e+01  -3.8968202e+01   4.9735641e+02   2.4581747e+00   2.9218556e+00   1.2155897e+00
   2.0160000e+03   1.2000000e+01   2.1000000e+01   1.2000000e+01   9.0000000e+00   3.7000000e+01  -5.3509029e+01  -3.8969667e+01   4.9479509e+02   2.7568855e+01   3.8064165e+01   3.4000821e+01
   2.0160000e+03   1.2000000e+01   2.1000000e+01   1.2000000e+01   1.1000000e+01   1.3000000e+01  -5.3504594e+01  -3.8971061e+01   5.0130524e+02   2.7636088e+00   8.8597986e+00   1.6169831e+00
   2.0160000e+03   1.2000000e+01   2.1000000e+01   1.2000000e+01   1.2000000e+01   5.0000000e+01  -5.3500145e+01  -3.8972394e+01   5.0222500e+02   1.9549945e+02   2.4031913e+02   2.3658111e+02
   2.0160000e+03   1.2000000e+01   2.1000000e+01   1.2000000e+01   1.4000000e+01   2.7000000e+01  -5.3495723e+01  -3.8973720e+01   4.9906718e+02   3.9350307e+00   5.0378357e+00   1.7102903e+00
   2.0160000e+03   1.2000000e+01   2.1000000e+01   1.2000000e+01   1.6000000e+01   2.0000000e+00  -5.3491303e+01  -3.8975009e+01   4.9855692e+02   3.2853679e+00   6.1938975e+00   2.9117915e+00
   2.0160000e+03   1.2000000e+01   2.1000000e+01   1.2000000e+01   1.7000000e+01   3.6000099e+01  -5.3486918e+01  -3.8976359e+01   4.9529591e+02   1.9162353e+00   2.6126936e+00   2.1596260e+00
   2.0160000e+03   1.2000000e+01   2.1000000e+01   1.2000000e+01   1.9000000e+01   1.2000000e+01  -5.3482428e+01  -3.8977720e+01   5.0697707e+02   2.0701571e+00   4.0231963e+00   2.8031791e+00
   2.0160000e+03   1.2000000e+01   2.1000000e+01   1.2000000e+01   2.0000000e+01   5.1000000e+01  -5.3477984e+01  -3.8979211e+01   5.0354699e+02   1.9324182e+00   2.8831220e+00   8.2171743e-01
   2.0160000e+03   1.2000000e+01   2.1000000e+01   1.2000000e+01   2.2000000e+01   5.0000000e+01  -5.3473414e+01  -3.8980692e+01   5.1722183e+02   1.7043225e+00   2.5353716e+00   1.3864670e+00
   2.0160000e+03   1.2000000e+01   2.1000000e+01   1.2000000e+01   2.5000000e+01   2.7000000e+01  -5.3469255e+01  -3.8982242e+01   4.7343983e+02   4.8853061e-01   1.4091067e+00   5.4235680e-01
   2.0160000e+03   1.2000000e+01   2.1000000e+01   1.2000000e+01   2.8000000e+01   1.7000000e+01  -5.3464933e+01  -3.8983723e+01   4.9005523e+02   2.7037467e+00   3.9105618e+00   2.1109162e+00
   2.0160000e+03   1.2000000e+01   2.1000000e+01   1.2000000e+01   3.0000000e+01   5.8000099e+01  -5.3460402e+01  -3.8984781e+01   5.0839852e+02   2.3669314e+00   3.0983690e+00   8.3623486e-01
   2.0160000e+03   1.2000000e+01   2.1000000e+01   1.2000000e+01   3.3000000e+01   3.4000000e+01  -5.3456040e+01  -3.8985874e+01   4.9009055e+02   1.2303167e+00   1.5517697e+00   4.4592515e-01
   2.0160000e+03   1.2000000e+01   2.1000000e+01   1.2000000e+01   3.5000000e+01   4.8000000e+01  -5.3451713e+01  -3.8987172e+01   4.8834736e+02   2.4171740e+00   3.3739216e+00   1.1152074e+00
   2.0160000e+03   1.2000000e+01   2.1000000e+01   1.2000000e+01   3.7000000e+01   3.5000000e+01  -5.3447212e+01  -3.8988509e+01   5.0795707e+02   1.8451630e+00   2.9682449e+00   1.8217767e+00
   2.0160000e+03   1.2000000e+01   2.1000000e+01   1.2000000e+01   3.9000000e+01   1.4000000e+01  -5.3442765e+01  -3.8989904e+01   5.0271871e+02   3.3234381e+00   5.1454606e+00   3.6671036e+00
   2.0160000e+03   1.2000000e+01   2.1000000e+01   1.2000000e+01   4.0000000e+01   5.1000000e+01  -5.3438337e+01  -3.8991390e+01   5.0178829e+02   1.6895518e+00   2.3670357e+00   1.2446545e+00
   2.0160000e+03   1.2000000e+01   2.1000000e+01   1.2000000e+01   4.2000000e+01   2.7000099e+01  -5.3433918e+01  -3.8992862e+01   5.0056037e+02   1.7114322e+00   2.9621213e+00   2.3472803e+00
   2.0160000e+03   1.2000000e+01   2.1000000e+01   1.2000000e+01   4.4000000e+01   3.0000000e+00  -5.3429488e+01  -3.8994247e+01   5.0073080e+02   2.3832758e+00   3.2863018e+00   1.6693347e+00
   2.0160000e+03   1.2000000e+01   2.1000000e+01   1.2000000e+01   4.5000000e+01   3.9000000e+01  -5.3425077e+01  -3.8995544e+01   4.9759641e+02   2.7586395e+00   4.1006790e+00   1.3647657e+00
   2.0160000e+03   1.2000000e+01   2.1000000e+01   1.2000000e+01   4.7000000e+01   1.4999901e+01  -5.3420680e+01  -3.8996837e+01   4.9609513e+02   3.1421911e+00   3.5549396e+00   1.4446476e+00
   2.0160000e+03   1.2000000e+01   2.1000000e+01   1.2000000e+01   4.8000000e+01   5.0000000e+01  -5.3416271e+01  -3.8998099e+01   4.9697782e+02   3.3811766e+00   6.0898948e+00   1.1265376e+00
   2.0160000e+03   1.2000000e+01   2.1000000e+01   1.2000000e+01   5.0000000e+01   2.5000000e+01  -5.3411798e+01  -3.8999363e+01   5.0406775e+02   4.3575200e+00   4.9517320e+00   1.3192395e+00
   2.0160000e+03   1.2000000e+01   2.1000000e+01   1.2000000e+01   5.2000000e+01   0.0000000e+00  -5.3407343e+01  -3.9000760e+01   5.0355784e+02   1.8084805e+00   4.2505146e+00   8.6973692e-01
   2.0160000e+03   1.2000000e+01   2.1000000e+01   1.2000000e+01   5.3000000e+01   3.3999901e+01  -5.3402946e+01  -3.9002142e+01   4.9716834e+02   2.9204581e+00   3.8575574e+00   3.1229283e-01
   2.0160000e+03   1.2000000e+01   2.1000000e+01   1.2000000e+01   5.5000000e+01   7.9999008e+00  -5.3398530e+01  -3.9003552e+01   4.9951364e+02   3.1902650e+00   4.4774721e+00   1.8586711e+00
   2.0160000e+03   1.2000000e+01   2.1000000e+01   1.2000000e+01   5.6000000e+01   4.2000000e+01  -5.3394155e+01  -3.9004976e+01   4.9515828e+02   3.1706192e+00   4.7560601e+00   3.2833117e+00
   2.0160000e+03   1.2000000e+01   2.1000000e+01   1.2000000e+01   5.8000000e+01   1.6000000e+01  -5.3389755e+01  -3.9006387e+01   4.9785330e+02   2.2635844e+00   3.2183409e+00   2.1061919e+00
   2.0160000e+03   1.2000000e+01   2.1000000e+01   1.2000000e+01   5.9000000e+01   5.1000000e+01  -5.3385337e+01  -3.9007829e+01   5.0011729e+02   3.3937428e+00   4.1260655e+00   1.1511464e+00
   2.0160000e+03   1.2000000e+01   2.1000000e+01   1.3000000e+01   1.0000000e+00   2.6000000e+01  -5.3380916e+01  -3.9009242e+01   5.0005960e+02   2.1888906e+00   4.2123758e+00   2.3198380e-01
   2.0160000e+03   1.2000000e+01   2.1000000e+01   1.3000000e+01   3.0000000e+00   0.0000000e+00  -5.3376535e+01  -3.9010615e+01   4.9529149e+02   5.9577893e+01   7.4742768e+01   6.2181247e-01
   2.0160000e+03   1.2000000e+01   2.1000000e+01   1.3000000e+01   4.0000000e+00   3.4000099e+01  -5.3372116e+01  -3.9011947e+01   4.9897435e+02   2.2985976e+00   3.4043459e+00   5.0811440e-01
   2.0160000e+03   1.2000000e+01   2.1000000e+01   1.3000000e+01   6.0000000e+00   9.0000992e+00  -5.3367667e+01  -3.9013295e+01   5.0230281e+02   3.7218414e+00   4.7528499e+00   4.5810445e-01
   2.0160000e+03   1.2000000e+01   2.1000000e+01   1.3000000e+01   7.0000000e+00   4.3999901e+01  -5.3363238e+01  -3.9014641e+01   5.0018911e+02   2.8317076e+00   4.1518133e+00   9.3436413e-01
   2.0160000e+03   1.2000000e+01   2.1000000e+01   1.3000000e+01   9.0000000e+00   1.8000000e+01  -5.3358806e+01  -3.9016002e+01   5.0067100e+02   2.9178596e+00   4.4438920e+00   1.4682833e+00
   2.0160000e+03   1.2000000e+01   2.1000000e+01   1.3000000e+01   1.0000000e+01   5.1000000e+01  -5.3354406e+01  -3.9017394e+01   4.9764392e+02   2.8515038e+00   4.0480893e+00   1.0087638e+00
   2.0160000e+03   1.2000000e+01   2.1000000e+01   1.3000000e+01   1.2000000e+01   2.5000099e+01  -5.3349991e+01  -3.9018762e+01   4.9885937e+02   2.1810808e+00   2.8919384e+00   6.0770425e-01
   2.0160000e+03   1.2000000e+01   2.1000000e+01   1.3000000e+01   1.4000000e+01   0.0000000e+00  -5.3345580e+01  -3.9020167e+01   4.9898841e+02   2.4561825e+00   4.1902636e+00   1.6193066e+00
   2.0160000e+03   1.2000000e+01   2.1000000e+01   1.3000000e+01   1.5000000e+01   3.5000000e+01  -5.3341155e+01  -3.9021561e+01   5.0029849e+02   2.7452217e+00   4.5234655e+00   1.2843233e+00
   2.0160000e+03   1.2000000e+01   2.1000000e+01   1.3000000e+01   1.7000000e+01   1.0000000e+01  -5.3336733e+01  -3.9022973e+01   5.0021594e+02   3.7504687e+00   5.0350587e+00   2.3334889e+00
   2.0160000e+03   1.2000000e+01   2.1000000e+01   1.3000000e+01   1.8000000e+01   4.3000000e+01  -5.3332350e+01  -3.9024381e+01   4.9592773e+02   3.6012072e+00   4.9860242e+00   1.6161946e+00
   2.0160000e+03   1.2000000e+01   2.1000000e+01   1.3000000e+01   2.0000000e+01   1.6000000e+01  -5.3327953e+01  -3.9025782e+01   4.9729654e+02   4.6499340e+00   8.0707332e+00   4.4532691e+00
   2.0160000e+03   1.2000000e+01   2.1000000e+01   1.3000000e+01   2.1000000e+01   5.1000000e+01  -5.3323527e+01  -3.9027109e+01   4.9973273e+02   4.2553987e+00   6.4514266e+00   3.6967789e+00
   2.0160000e+03   1.2000000e+01   2.1000000e+01   1.3000000e+01   2.3000000e+01   2.6000000e+01  -5.3319076e+01  -3.9028371e+01   5.0162766e+02   3.3429846e+00   6.1280983e+00   2.5664395e+00
   2.0160000e+03   1.2000000e+01   2.1000000e+01   1.3000000e+01   2.5000000e+01   1.0000000e+00  -5.3314658e+01  -3.9029643e+01   4.9807275e+02   2.4372503e+00   4.0063846e+00   1.6971473e+00
   2.0160000e+03   1.2000000e+01   2.1000000e+01   1.3000000e+01   2.6000000e+01   3.6000000e+01  -5.3310239e+01  -3.9030928e+01   4.9838719e+02   2.1431534e+00   3.6381274e+00   1.4827838e+00
   2.0160000e+03   1.2000000e+01   2.1000000e+01   1.3000000e+01   2.8000000e+01   1.1000000e+01  -5.3305818e+01  -3.9032219e+01   4.9875165e+02   1.9801570e+00   2.3323441e+00   1.8596126e+00
   2.0160000e+03   1.2000000e+01   2.1000000e+01   1.3000000e+01   2.9000000e+01   4.8000000e+01  -5.3301348e+01  -3.9033473e+01   5.0355265e+02   1.5350153e+00   3.7812782e+00   1.8308516e+00
   2.0160000e+03   1.2000000e+01   2.1000000e+01   1.3000000e+01   3.1000000e+01   4.1000000e+01  -5.3296744e+01  -3.9034751e+01   5.1859739e+02   2.3749650e+00   3.6522807e+00   1.7194254e+00
   2.0160000e+03   1.2000000e+01   2.1000000e+01   1.3000000e+01   3.4000000e+01   6.0000000e+00  -5.3292557e+01  -3.9036114e+01   4.7400070e+02   1.2889408e+00   2.9770302e+00   1.1990084e+00
   2.0160000e+03   1.2000000e+01   2.1000000e+01   1.3000000e+01   3.6000000e+01   4.8000000e+01  -5.3288142e+01  -3.9037740e+01   5.0238421e+02   1.7778777e+00   2.5667221e+00   1.4652111e+00
   2.0160000e+03   1.2000000e+01   2.1000000e+01   1.3000000e+01   3.9000000e+01   2.8000000e+01  -5.3283803e+01  -3.9039312e+01   4.9332107e+02   1.9966933e+00   3.6153474e+00   1.3788088e+00
   2.0160000e+03   1.2000000e+01   2.1000000e+01   1.3000000e+01   4.2000000e+01   6.9999008e+00  -5.3279380e+01  -3.9040902e+01   5.0269803e+02   1.4080732e+00   2.4596706e+00   1.0604204e+00
