   1.9970000e+03   1.0000000e+00   1.0000000e+00   8.0000000e+00   0.0000000e+00   5.0000000e+00  -5.3210338e+01  -3.8308471e+01   4.8106371e+02   4.9253148e+00   1.5369989e+01   3.9644040e+00
   1.9970000e+03   1.0000000e+00   1.0000000e+00   8.0000000e+00   1.0000000e+00   3.0000099e+01  -5.3214804e+01  -3.8307370e+01   5.0156011e+02   6.8494981e+00   1.9299602e+01   1.2671961e+01
   1.9970000e+03   1.0000000e+00   1.0000000e+00   8.0000000e+00   2.0000000e+00   5.3999901e+01  -5.3219191e+01  -3.8306098e+01   4.9483295e+02   6.0880992e+00   1.6372777e+01   1.2335993e+01
   1.9970000e+03   1.0000000e+00   1.0000000e+00   8.0000000e+00   4.0000000e+00   2.0000000e+01  -5.3223523e+01  -3.8304565e+01   4.9210540e+02   5.6644228e+00   1.5363318e+01   1.3594772e+01
   1.9970000e+03   1.0000000e+00   1.0000000e+00   8.0000000e+00   5.0000000e+00   4.5000000e+01  -5.3227828e+01  -3.8303145e+01   4.8757651e+02   5.4156576e+00   1.4564374e+01   6.5750980e+00
   1.9970000e+03   1.0000000e+00   1.0000000e+00   8.0000000e+00   7.0000000e+00   1.0000000e+00  -5.3231336e+01  -3.8301816e+01   3.9969591e+02   4.2441056e+00   1.4398910e+01   9.1120262e+00
   1.9970000e+03   1.0000000e+00   1.0000000e+00   8.0000000e+00   8.0000000e+00   2.0000000e+01  -5.3235803e+01  -3.8300825e+01   5.0076342e+02   5.5320650e+00   1.6195672e+01   9.6464468e+00
   1.9970000e+03   1.0000000e+00   1.0000000e+00   8.0000000e+00   9.0000000e+00   4.5000000e+01  -5.3240193e+01  -3.8299551e+01   4.9508665e+02   6.7846822e+00   2.0622280e+01   7.1292784e+00
   1.9970000e+03   1.0000000e+00   1.0000000e+00   8.0000000e+00   1.1000000e+01   6.0000000e+00  -5.3244743e+01  -3.8298696e+01   5.0873855e+02   7.8030997e+00   2.0984943e+01   8.4225975e+00
   1.9970000e+03   1.0000000e+00   1.0000000e+00   8.0000000e+00   1.2000000e+01   3.0000000e+01  -5.3249158e+01  -3.8297631e+01   4.9567899e+02   4.5810942e+00   1.2319976e+01   2.5011232e+00
   1.9970000e+03   1.0000000e+00   1.0000000e+00   8.0000000e+00   1.3000000e+01   5.7000000e+01  -5.3253398e+01  -3.8295910e+01   4.8487688e+02   1.9835207e+00   5.6840015e+00   2.7353007e+00
   1.9970000e+03   1.0000000e+00   1.0000000e+00   8.0000000e+00   1.5000000e+01   2.5000000e+01  -5.3257833e+01  -3.8294281e+01   5.0458341e+02   1.9161636e+00   5.1531551e+00   2.3638927e+00
   1.9970000e+03   1.0000000e+00   1.0000000e+00   8.0000000e+00   1.6000000e+01   5.4000000e+01  -5.3262241e+01  -3.8292828e+01   4.9919223e+02   1.5500528e+00   5.0994675e+00   2.5345165e+00
   1.9970000e+03   1.0000000e+00   1.0000000e+00   8.0000000e+00   1.8000000e+01   2.1000000e+01  -5.3266665e+01  -3.8291526e+01   4.9926376e+02   1.8532916e+00   5.0450161e+00   1.6811855e+00
   1.9970000e+03   1.0000000e+00   1.0000000e+00   8.0000000e+00   1.9000000e+01   4.6000000e+01  -5.3271105e+01  -3.8290266e+01   5.0042811e+02   1.9939581e+00   6.2113720e+00   2.9154670e+00
   1.9970000e+03   1.0000000e+00   1.0000000e+00   8.0000000e+00   2.1000000e+01   1.1000000e+01  -5.3275486e+01  -3.8288746e+01   4.9707548e+02   1.7433637e+00   5.2318365e+00   2.1795482e+00
   1.9970000e+03   1.0000000e+00   1.0000000e+00   8.0000000e+00   2.2000000e+01   3.7000099e+01  -5.3279878e+01  -3.8287381e+01   4.9640551e+02   4.1209540e+00   1.1171737e+01   1.4736425e+00
   1.9970000e+03   1.0000000e+00   1.0000000e+00   8.0000000e+00   2.4000000e+01   2.0000000e+00  -5.3284278e+01  -3.8286130e+01   4.9597877e+02   3.4303389e+00   1.0043218e+01   3.0211987e-01
   1.9970000e+03   1.0000000e+00   1.0000000e+00   8.0000000e+00   2.5000000e+01   2.5000000e+01  -5.3288763e+01  -3.8285010e+01   5.0386047e+02   2.1085485e+00   7.9711348e+00   9.1276538e-01
   1.9970000e+03   1.0000000e+00   1.0000000e+00   8.0000000e+00   2.6000000e+01   4.7000099e+01  -5.3293128e+01  -3.8283870e+01   4.9089330e+02   2.0771468e+00   5.5860887e+00   1.6300646e+00
   1.9970000e+03   1.0000000e+00   1.0000000e+00   8.0000000e+00   2.8000000e+01   1.0000099e+01  -5.3297123e+01  -3.8282251e+01   4.5676917e+02   1.5218316e+00   7.3922241e+00   4.7108935e+00
   1.9970000e+03   1.0000000e+00   1.0000000e+00   8.0000000e+00   2.9000000e+01   3.2000000e+01  -5.3301347e+01  -3.8281297e+01   4.7371210e+02   1.3712394e+00   4.9447003e+00   3.3536934e+00
   1.9970000e+03   1.0000000e+00   1.0000000e+00   8.0000000e+00   3.0000000e+01   5.7000099e+01  -5.3305618e+01  -3.8279620e+01   4.8739027e+02   1.3362880e+00   4.8955688e+00   1.1706715e+00
   1.9970000e+03   1.0000000e+00   1.0000000e+00   8.0000000e+00   3.2000000e+01   2.4000000e+01  -5.3310042e+01  -3.8278096e+01   5.0196192e+02   2.3901094e+00   9.9592464e+00   1.3613154e+00
   1.9970000e+03   1.0000000e+00   1.0000000e+00   8.0000000e+00   3.3000000e+01   4.6000000e+01  -5.3314285e+01  -3.8276723e+01   4.8021264e+02   3.3144135e+00   1.6693277e+01   2.5320631e+00
   1.9970000e+03   1.0000000e+00   1.0000000e+00   8.0000000e+00   3.5000000e+01   6.9999008e+00  -5.3318517e+01  -3.8275531e+01   4.7687611e+02   2.4169737e+00   1.1055358e+01   3.3399452e+00
   1.9970000e+03   1.0000000e+00   1.0000000e+00   8.0000000e+00   3.6000000e+01   3.1000000e+01  -5.3322815e+01  -3.8274193e+01   4.8577496e+02   1.3257942e+01   3.8795335e+01   2.6835806e+01
   1.9970000e+03   1.0000000e+00   1.0000000e+00   8.0000000e+00   3.7000000e+01   5.5000000e+01  -5.3327063e+01  -3.8272886e+01   4.7989332e+02   1.8090525e+01   4.8651003e+01   3.9836580e+01
   1.9970000e+03   1.0000000e+00   1.0000000e+00   8.0000000e+00   3.9000000e+01   1.9000000e+01  -5.3331240e+01  -3.8271396e+01   4.7461138e+02   4.1269692e+00   1.1098694e+01   6.9053953e+00
   1.9970000e+03   1.0000000e+00   1.0000000e+00   8.0000000e+00   4.0000000e+01   4.4000000e+01  -5.3335600e+01  -3.8270358e+01   4.8935478e+02   2.3135521e+00   8.4698359e+00   1.9226965e+00
   1.9970000e+03   1.0000000e+00   1.0000000e+00   8.0000000e+00   4.2000000e+01   1.0000000e+01  -5.3340022e+01  -3.8269056e+01   4.9891425e+02   2.9889006e+00   8.0380759e+00   2.5137554e+00
   1.9970000e+03   1.0000000e+00   1.0000000e+00   8.0000000e+00   4.3000000e+01   3.6000000e+01  -5.3344315e+01  -3.8267329e+01   4.9053827e+02   9.5018261e-01   3.2070351e+00   1.7010436e+00
   1.9970000e+03   1.0000000e+00   1.0000000e+00   8.0000000e+00   4.5000000e+01   2.0000000e+00  -5.3348587e+01  -3.8265781e+01   4.8574007e+02   1.0626963e+00   4.1685645e+00   1.4025878e+00
   1.9970000e+03   1.0000000e+00   1.0000000e+00   8.0000000e+00   4.6000000e+01   3.0000099e+01  -5.3352942e+01  -3.8264436e+01   4.9208935e+02   1.2225123e+00   3.4674305e+00   8.2541485e-01
   1.9970000e+03   1.0000000e+00   1.0000000e+00   8.0000000e+00   4.7000000e+01   5.7000000e+01  -5.3357287e+01  -3.8262791e+01   4.9498068e+02   1.6315573e+00   4.3877610e+00   3.2946762e+00
   1.9970000e+03   1.0000000e+00   1.0000000e+00   8.0000000e+00   4.9000000e+01   2.4000000e+01  -5.3361750e+01  -3.8261346e+01   5.0504717e+02   1.3059563e+00   3.5538143e+00   6.3224666e-01
   1.9970000e+03   1.0000000e+00   1.0000000e+00   8.0000000e+00   5.0000000e+01   4.9000099e+01  -5.3366089e+01  -3.8260198e+01   4.8823263e+02   1.3819717e+00   5.2256513e+00   2.9922490e+00
   1.9970000e+03   1.0000000e+00   1.0000000e+00   8.0000000e+00   5.2000000e+01   1.4000000e+01  -5.3370310e+01  -3.8258919e+01   4.7662600e+02   1.5028510e+00   5.4538468e+00   2.2781041e+00
   1.9970000e+03   1.0000000e+00   1.0000000e+00   8.0000000e+00   5.3000000e+01   3.7000000e+01  -5.3374337e+01  -3.8257301e+01   4.6011579e+02   3.0783002e+01   8.4175252e+01   8.1341400e+01
   1.9970000e+03   1.0000000e+00   1.0000000e+00   8.0000000e+00   5.5000000e+01   6.0000000e+00  -5.3378855e+01  -3.8255533e+01   5.1548585e+02   7.7123119e-01   2.0740786e+00   1.7587429e+00
   1.9970000e+03   1.0000000e+00   1.0000000e+00   8.0000000e+00   5.6000000e+01   3.6000000e+01  -5.3382895e+01  -3.8254483e+01   4.5428750e+02   1.4984662e+00   5.2144703e+00   2.8747539e+00
   1.9970000e+03   1.0000000e+00   1.0000000e+00   8.0000000e+00   5.7000000e+01   5.7000000e+01  -5.3387007e+01  -3.8253241e+01   4.6430339e+02   3.6465543e-01   4.8435498e+00   2.4158005e+00
   1.9970000e+03   1.0000000e+00   1.0000000e+00   8.0000000e+00   5.9000000e+01   1.8999901e+01  -5.3391050e+01  -3.8251917e+01   4.5773023e+02   2.7138283e+01   7.3003938e+01   6.9362325e+01
   1.9970000e+03   1.0000000e+00   1.0000000e+00   9.0000000e+00   0.0000000e+00   4.1000099e+01  -5.3395384e+01  -3.8250453e+01   4.9131368e+02   2.4735266e+00   8.6217861e+00   4.4167621e+00
   1.9970000e+03   1.0000000e+00   1.0000000e+00   9.0000000e+00   2.0000000e+00   1.0000000e+00  -5.3399612e+01  -3.8249075e+01   4.7865333e+02   4.2654899e+00   1.4106870e+01   9.3794229e+00
   1.9970000e+03   1.0000000e+00   1.0000000e+00   9.0000000e+00   3.0000000e+00   2.6000000e+01  -5.3403674e+01  -3.8247593e+01   4.6187534e+02   3.4285149e+00   9.4399188e+00   3.5179273e+00
   1.9970000e+03   1.0000000e+00   1.0000000e+00   9.0000000e+00   4.0000000e+00   5.4000000e+01  -5.3407759e+01  -3.8246178e+01   4.6350219e+02   2.3802214e+00   9.2623512e+00   3.5009814e+00
   1.9970000e+03   1.0000000e+00   1.0000000e+00   9.0000000e+00   6.0000000e+00   1.7000000e+01  -5.3412067e+01  -3.8244801e+01   4.8725949e+02   5.4181202e+00   1.6182574e+01   2.7337291e+00
   1.9970000e+03   1.0000000e+00   1.0000000e+00   9.0000000e+00   7.0000000e+00   3.7000099e+01  -5.3416516e+01  -3.8243092e+01   5.0720155e+02   2.7689875e+00   7.7048607e+00   3.5177812e+00
   1.9970000e+03   1.0000000e+00   1.0000000e+00   9.0000000e+00   8.0000000e+00   5.7000000e+01  -5.3420817e+01  -3.8241181e+01   4.9436131e+02   2.2372994e+00   6.1854987e+00   3.2398633e+00
   1.9970000e+03   1.0000000e+00   1.0000000e+00   9.0000000e+00   1.0000000e+01   2.5000000e+01  -5.3424977e+01  -3.8239471e+01   4.7600074e+02   2.8326289e+00   1.6629493e+01   3.1894391e+00
   1.9970000e+03   1.0000000e+00   1.0000000e+00   9.0000000e+00   1.1000000e+01   5.5000000e+01  -5.3429342e+01  -3.8237851e+01   4.9668100e+02   2.2179710e+00   1.8840634e+01   4.7730164e+00
   1.9970000e+03   1.0000000e+00   1.0000000e+00   9.0000000e+00   1.3000000e+01   2.4000000e+01  -5.3433839e+01  -3.8236638e+01   5.0617508e+02   1.5871738e+00   9.7544933e+00   3.0410342e+00
   1.9970000e+03   1.0000000e+00   1.0000000e+00   9.0000000e+00   1.4000000e+01   5.6000000e+01  -5.3438223e+01  -3.8235497e+01   4.9303157e+02   2.1506176e+00   5.7836742e+00   3.5854729e+00
   1.9970000e+03   1.0000000e+00   1.0000000e+00   9.0000000e+00   1.6000000e+01   2.6000000e+01  -5.3442563e+01  -3.8233803e+01   4.9511327e+02   1.2787040e+00   7.4058979e+00   4.7857690e+00
   1.9970000e+03   1.0000000e+00   1.0000000e+00   9.0000000e+00   1.7000000e+01   5.1000000e+01  -5.3446970e+01  -3.8232423e+01   4.9811720e+02   2.1228571e+00   5.7721421e+00   2.7788604e+00
   1.9970000e+03   1.0000000e+00   1.0000000e+00   9.0000000e+00   1.9000000e+01   1.6000000e+01  -5.3451413e+01  -3.8231097e+01   5.0148455e+02   4.6822295e+00   1.2591960e+01   3.1065099e+00
   1.9970000e+03   1.0000000e+00   1.0000000e+00   9.0000000e+00   2.0000000e+01   4.3999901e+01  -5.3455959e+01  -3.8229597e+01   5.1470091e+02   5.2632978e+00   1.5471491e+01   4.2539953e+00
   1.9970000e+03   1.0000000e+00   1.0000000e+00   9.0000000e+00   2.2000000e+01   1.5000000e+01  -5.3460137e+01  -3.8228496e+01   4.6997031e+02   1.0093878e+01   2.7465143e+01   2.3140096e+01
   1.9970000e+03   1.0000000e+00   1.0000000e+00   9.0000000e+00   2.3000000e+01   4.2000000e+01  -5.3464056e+01  -3.8227112e+01   4.4502488e+02   3.3912777e+01   9.1952158e+01   3.2926757e+01
   1.9970000e+03   1.0000000e+00   1.0000000e+00   9.0000000e+00   2.5000000e+01   2.0000992e+00  -5.3468125e+01  -3.8225342e+01   4.6708253e+02   9.9280553e+00   3.2360733e+01   2.9352906e+01
   1.9970000e+03   1.0000000e+00   1.0000000e+00   9.0000000e+00   2.6000000e+01   2.4000000e+01  -5.3472573e+01  -3.8223759e+01   5.0518240e+02   3.1460415e+00   8.4606765e+00   3.2165829e+00
   1.9970000e+03   1.0000000e+00   1.0000000e+00   9.0000000e+00   2.7000000e+01   4.8999901e+01  -5.3476769e+01  -3.8222458e+01   4.7409435e+02   1.9925617e+00   5.8416751e+00   2.0505803e+00
   1.9970000e+03   1.0000000e+00   1.0000000e+00   9.0000000e+00   2.9000000e+01   1.6000000e+01  -5.3481143e+01  -3.8221240e+01   4.9269189e+02   2.5502380e+00   7.3030915e+00   1.9188743e+00
   1.9970000e+03   1.0000000e+00   1.0000000e+00   9.0000000e+00   3.0000000e+01   4.4999901e+01  -5.3485456e+01  -3.8220008e+01   4.8615955e+02   1.8457390e+00   4.9637618e+00   2.4545849e+00
   1.9970000e+03   1.0000000e+00   1.0000000e+00   9.0000000e+00   3.2000000e+01   1.4000000e+01  -5.3489828e+01  -3.8218818e+01   4.9215138e+02   2.1522374e+00   6.7710805e+00   2.2203561e+00
   1.9970000e+03   1.0000000e+00   1.0000000e+00   9.0000000e+00   3.3000000e+01   4.0000099e+01  -5.3493805e+01  -3.8217372e+01   4.5211017e+02   2.4538397e+00   6.5991321e+00   1.0718796e+00
   1.9970000e+03   1.0000000e+00   1.0000000e+00   9.0000000e+00   3.5000000e+01   2.0000000e+00  -5.3498096e+01  -3.8215962e+01   4.8582923e+02   2.5003895e+00   7.7454958e+00   8.9666703e-01
   1.9970000e+03   1.0000000e+00   1.0000000e+00   9.0000000e+00   3.6000000e+01   2.5000000e+01  -5.3502371e+01  -3.8214676e+01   4.8258156e+02   3.5944541e+00   1.0000393e+01   2.7061278e+00
   1.9970000e+03   1.0000000e+00   1.0000000e+00   9.0000000e+00   3.7000000e+01   4.6000000e+01  -5.3505983e+01  -3.8213323e+01   4.1125279e+02   1.8702690e+00   6.0976039e+00   2.3649843e+00
   1.9970000e+03   1.0000000e+00   1.0000000e+00   9.0000000e+00   3.9000000e+01   6.0000000e+00  -5.3510220e+01  -3.8212480e+01   4.7405881e+02   5.2331232e+00   1.5298082e+01   2.8792904e+00
   1.9970000e+03   1.0000000e+00   1.0000000e+00   9.0000000e+00   4.0000000e+01   2.6000000e+01  -5.3514239e+01  -3.8211536e+01   4.5101479e+02   2.1695784e+00   7.0486210e+00   3.8103236e+00
   1.9970000e+03   1.0000000e+00   1.0000000e+00   9.0000000e+00   4.1000000e+01   4.6000000e+01  -5.3518213e+01  -3.8210767e+01   4.4440790e+02   2.4336636e+00   6.5448724e+00   2.0493160e+00
   1.9970000e+03   1.0000000e+00   1.0000000e+00   9.0000000e+00   4.3000000e+01   4.9999008e+00  -5.3522145e+01  -3.8209816e+01   4.4142691e+02   1.4169150e+00   4.4592833e+00   1.9166282e+00
   1.9970000e+03   1.0000000e+00   1.0000000e+00   9.0000000e+00   4.4000000e+01   2.2000000e+01  -5.3526157e+01  -3.8208298e+01   4.5702690e+02   2.4780630e+00   7.8166723e+00   5.1305199e+00
   1.9970000e+03   1.0000000e+00   1.0000000e+00   9.0000000e+00   4.5000000e+01   4.1999901e+01  -5.3530386e+01  -3.8206642e+01   4.8240510e+02   2.5497890e+00   7.3528621e+00   1.4414356e+00
   1.9970000e+03   1.0000000e+00   1.0000000e+00   9.0000000e+00   4.7000000e+01   6.0000000e+00  -5.3534453e+01  -3.8205523e+01   4.5793417e+02   3.2226733e+00   1.1098390e+01   3.1717248e+00
   1.9970000e+03   1.0000000e+00   1.0000000e+00   9.0000000e+00   4.8000000e+01   3.0000000e+01  -5.3538600e+01  -3.8204192e+01   4.6917038e+02   4.4348274e+00   1.5762932e+01   3.0643368e+00
   1.9970000e+03   1.0000000e+00   1.0000000e+00   9.0000000e+00   4.9000000e+01   5.4000000e+01  -5.3543079e+01  -3.8203458e+01   5.0005771e+02   6.7174227e+00   1.8443753e+01   7.6127792e+00
   1.9970000e+03   1.0000000e+00   1.0000000e+00   9.0000000e+00   5.1000000e+01   2.2000000e+01  -5.3547326e+01  -3.8202621e+01   4.7515525e+02   5.2701383e+00   1.4173028e+01   4.5718043e+00
   1.9970000e+03   1.0000000e+00   1.0000000e+00   9.0000000e+00   5.2000000e+01   5.4000099e+01  -5.3551617e+01  -3.8201247e+01   4.8542236e+02   3.7358083e+00   1.4460713e+01   5.4171247e+00
   1.9970000e+03   1.0000000e+00   1.0000000e+00   9.0000000e+00   5.4000000e+01   1.9000099e+01  -5.3556138e+01  -3.8199546e+01   5.1466827e+02   3.4148366e+00   9.4211670e+00   3.1315462e+00
   1.9970000e+03   1.0000000e+00   1.0000000e+00   9.0000000e+00   5.5000000e+01   4.0000000e+01  -5.3559526e+01  -3.8198058e+01   3.8912102e+02   2.5106351e+00   6.9150028e+00   2.8444814e+00
   1.9970000e+03   1.0000000e+00   1.0000000e+00   9.0000000e+00   5.7000000e+01   4.0000000e+00  -5.3563988e+01  -3.8195870e+01   5.1636592e+02   2.2813076e+00   6.7232646e+00   1.9173846e+00
   1.9970000e+03   1.0000000e+00   1.0000000e+00   9.0000000e+00   5.8000000e+01   2.4000000e+01  -5.3568349e+01  -3.8195074e+01   4.8749116e+02   1.5273785e+00   4.2836230e+00   3.3165342e+00
   1.9970000e+03   1.0000000e+00   1.0000000e+00   9.0000000e+00   5.9000000e+01   4.4000000e+01  -5.3572898e+01  -3.8194219e+01   5.0856931e+02   1.8480567e+00   5.1508266e+00   3.9405262e+00
   1.9970000e+03   1.0000000e+00   1.0000000e+00   1.0000000e+01   1.0000000e+00   9.0000000e+00  -5.3577197e+01  -3.8193229e+01   4.8226011e+02   1.3340360e+00   4.9088865e+00   3.6036548e+00
   1.9970000e+03   1.0000000e+00   1.0000000e+00   1.0000000e+01   2.0000000e+00   3.2000000e+01  -5.3581483e+01  -3.8192251e+01   4.8055503e+02   1.1920892e+00   3.2058957e+00   1.9443517e+00
   1.9970000e+03   1.0000000e+00   1.0000000e+00   1.0000000e+01   3.0000000e+00   5.2000099e+01  -5.3585475e+01  -3.8191221e+01   4.4870491e+02   1.7945747e+00   5.3377343e+00   3.4923246e+00
   1.9970000e+03   1.0000000e+00   1.0000000e+00   1.0000000e+01   5.0000000e+00   9.0000000e+00  -5.3589544e+01  -3.8190365e+01   4.5576349e+02   2.4506542e+00   7.8310351e+00   6.7063240e+00
   1.9970000e+03   1.0000000e+00   1.0000000e+00   1.0000000e+01   6.0000000e+00   2.6000000e+01  -5.3593912e+01  -3.8189474e+01   4.8887114e+02   1.1183363e+00   3.1645573e+00   2.2277374e+00
   1.9970000e+03   1.0000000e+00   1.0000000e+00   1.0000000e+01   7.0000000e+00   4.6000000e+01  -5.3597752e+01  -3.8188384e+01   4.3271314e+02   3.0128683e+00   8.3986537e+00   7.3909155e+00
   1.9970000e+03   1.0000000e+00   1.0000000e+00   1.0000000e+01   9.0000000e+00   5.0000000e+00  -5.3601913e+01  -3.8187214e+01   4.6879345e+02   1.9502249e+00   5.2447565e+00   4.0309806e+00
   1.9970000e+03   1.0000000e+00   1.0000000e+00   1.0000000e+01   1.0000000e+01   2.5000000e+01  -5.3605960e+01  -3.8186161e+01   4.5501686e+02   2.1482448e+00   7.9367482e+00   6.9395972e+00
   1.9970000e+03   1.0000000e+00   1.0000000e+00   1.0000000e+01   1.1000000e+01   4.9000000e+01  -5.3610167e+01  -3.8184909e+01   4.7469608e+02   1.8782273e+00   5.2825357e+00   4.1225882e+00
   1.9970000e+03   1.0000000e+00   1.0000000e+00   1.0000000e+01   1.3000000e+01   1.5000000e+01  -5.3614300e+01  -3.8183896e+01   4.6402882e+02   1.9618337e+00   5.2759763e+00   2.6637789e+00
   1.9970000e+03   1.0000000e+00   1.0000000e+00   1.0000000e+01   1.4000000e+01   4.0000099e+01  -5.3618389e+01  -3.8182880e+01   4.5938942e+02   1.3821658e+02   3.7176945e+02   3.6489415e+02
   1.9970000e+03   1.0000000e+00   1.0000000e+00   1.0000000e+01   1.6000000e+01   2.0000000e+00  -5.3622671e+01  -3.8181644e+01   4.8269567e+02   1.0243130e+01   2.7546936e+01   2.1739477e+01
   1.9970000e+03   1.0000000e+00   1.0000000e+00   1.0000000e+01   1.7000000e+01   2.5000000e+01  -5.3626790e+01  -3.8180432e+01   4.6455200e+02   2.1519326e+01   6.1215434e+01   5.7615219e+01
   1.9970000e+03   1.0000000e+00   1.0000000e+00   1.0000000e+01   1.8000000e+01   4.7000099e+01  -5.3631253e+01  -3.8179540e+01   4.9947409e+02   4.4806315e+00   1.2049801e+01   3.5251572e+00
   1.9970000e+03   1.0000000e+00   1.0000000e+00   1.0000000e+01   2.0000000e+01   1.0000000e+01  -5.3635569e+01  -3.8178976e+01   4.8101273e+02   1.1621152e+01   3.2829355e+01   2.3307619e+01
   1.9970000e+03   1.0000000e+00   1.0000000e+00   1.0000000e+01   2.1000000e+01   3.4000000e+01  -5.3640026e+01  -3.8178007e+01   4.9941276e+02   1.1166795e+01   3.0030959e+01   2.6460893e+01
   1.9970000e+03   1.0000000e+00   1.0000000e+00   1.0000000e+01   2.2000000e+01   5.6000000e+01  -5.3644151e+01  -3.8176917e+01   4.6395995e+02   5.6076082e+00   1.5585238e+01   1.3060319e+01
   1.9970000e+03   1.0000000e+00   1.0000000e+00   1.0000000e+01   2.4000000e+01   2.0000099e+01  -5.3648589e+01  -3.8175580e+01   5.0090211e+02   1.7107548e+01   4.7861161e+01   4.6763891e+01
   1.9970000e+03   1.0000000e+00   1.0000000e+00   1.0000000e+01   2.5000000e+01   4.5999901e+01  -5.3652902e+01  -3.8174624e+01   4.8332632e+02   3.7294366e+00   1.0029606e+01   8.7146111e+00
   1.9970000e+03   1.0000000e+00   1.0000000e+00   1.0000000e+01   2.7000000e+01   1.0000000e+01  -5.3657239e+01  -3.8173616e+01   4.8652826e+02   1.3864917e+00   5.0614222e+00   4.4320111e+00
   1.9970000e+03   1.0000000e+00   1.0000000e+00   1.0000000e+01   2.8000000e+01   3.4000000e+01  -5.3661536e+01  -3.8172339e+01   4.8489075e+02   4.3812044e-01   1.1782411e+00   1.1782411e+00
   1.9970000e+03   1.0000000e+00   1.0000000e+00   1.0000000e+01   3.0000000e+01   0.0000000e+00  -5.3665809e+01  -3.8171016e+01   4.8267931e+02   3.2755547e-01   1.2877113e+00   7.1160515e-01
   1.9970000e+03   1.0000000e+00   1.0000000e+00   1.0000000e+01   3.1000000e+01   2.4000000e+01  -5.3670148e+01  -3.8169689e+01   4.8998452e+02   5.4488725e+01   1.4695929e+02   1.4429019e+02
   1.9970000e+03   1.0000000e+00   1.0000000e+00   1.0000000e+01   3.2000000e+01   4.6000000e+01  -5.3674522e+01  -3.8168834e+01   4.8925365e+02   1.3994535e+00   3.7635622e+00   2.9001555e+00
   1.9970000e+03   1.0000000e+00   1.0000000e+00   1.0000000e+01   3.4000000e+01   1.2000099e+01  -5.3678754e+01  -3.8167931e+01   4.7405205e+02   2.3986596e+00   6.4507357e+00   6.4507357e+00
   1.9970000e+03   1.0000000e+00   1.0000000e+00   1.0000000e+01   3.5000000e+01   3.6000000e+01  -5.3682981e+01  -3.8166821e+01   4.7532617e+02   1.7810242e+01   4.8745883e+01   4.8745883e+01
   1.9970000e+03   1.0000000e+00   1.0000000e+00   1.0000000e+01   3.6000000e+01   5.7000000e+01  -5.3687078e+01  -3.8165443e+01   4.6418565e+02   1.0817394e+01   2.9091312e+01   2.9091312e+01
   1.9970000e+03   1.0000000e+00   1.0000000e+00   1.0000000e+01   3.8000000e+01   2.2000000e+01  -5.3691364e+01  -3.8163781e+01   4.8863953e+02   2.3209023e+00   6.2416224e+00   5.7492168e+00
   1.9970000e+03   1.0000000e+00   1.0000000e+00   1.0000000e+01   3.9000000e+01   4.9000000e+01  -5.3695696e+01  -3.8162688e+01   4.8677564e+02   1.3795578e+02   3.7234164e+02   3.7234164e+02
   1.9970000e+03   1.0000000e+00   1.0000000e+00   1.0000000e+01   4.1000000e+01   1.2000000e+01  -5.3700105e+01  -3.8161556e+01   4.9552940e+02   6.0026494e+01   1.6158932e+02   1.6144666e+02
   1.9970000e+03   1.0000000e+00   1.0000000e+00   1.0000000e+01   4.2000000e+01   3.3999901e+01  -5.3704225e+01  -3.8160341e+01   4.6474134e+02   1.3044579e+01   3.5080897e+01   3.5080897e+01
   1.9970000e+03   1.0000000e+00   1.0000000e+00   1.0000000e+01   4.3000000e+01   5.5000000e+01  -5.3708181e+01  -3.8158978e+01   4.4868376e+02   9.2667575e-03   1.9699792e-01   1.9699792e-01
   1.9970000e+03   1.0000000e+00   1.0000000e+00   1.0000000e+01   4.5000000e+01   1.9000099e+01  -5.3712416e+01  -3.8157538e+01   4.8000837e+02   1.6439664e-01   6.1269899e-01   4.8571549e-01
   1.9970000e+03   1.0000000e+00   1.0000000e+00   1.0000000e+01   4.6000000e+01   4.2000000e+01  -5.3716633e+01  -3.8156172e+01   4.7710504e+02   1.0768079e-01   2.8958688e-01   2.8958688e-01
   1.9970000e+03   1.0000000e+00   1.0000000e+00   1.0000000e+01   4.8000000e+01   6.0000992e+00  -5.3720981e+01  -3.8154828e+01   4.9118630e+02   1.8151647e-02   4.8815381e-02   4.8815381e-02
   1.9970000e+03   1.0000000e+00   1.0000000e+00   1.0000000e+01   4.9000000e+01   2.6000000e+01  -5.3725237e+01  -3.8153364e+01   4.8264202e+02   4.8139220e-02   1.2946122e-01   1.2946122e-01
   1.9970000e+03   1.0000000e+00   1.0000000e+00   1.0000000e+01   5.0000000e+01   4.6000000e+01  -5.3729561e+01  -3.8152764e+01   4.8207042e+02   9.7008419e-02   2.6088557e-01   2.6088557e-01
   1.9970000e+03   1.0000000e+00   1.0000000e+00   1.0000000e+01   5.2000000e+01   1.0000000e+01  -5.3733767e+01  -3.8151310e+01   4.7709756e+02   3.7664779e-02   1.0129221e-01   1.0129221e-01
   1.9970000e+03   1.0000000e+00   1.0000000e+00   1.0000000e+01   5.3000000e+01   3.2000000e+01  -5.3738053e+01  -3.8149303e+01   4.9414564e+02   8.7056967e-02   2.3412305e-01   2.3412305e-01
   1.9970000e+03   1.0000000e+00   1.0000000e+00   1.0000000e+01   5.4000000e+01   5.4000000e+01  -5.3742296e+01  -3.8147730e+01   4.8262593e+02   6.6231093e-02   1.7811585e-01   1.7811585e-01
   1.9970000e+03   1.0000000e+00   1.0000000e+00   1.0000000e+01   5.6000000e+01   1.6000099e+01  -5.3746671e+01  -3.8146914e+01   4.8909917e+02   8.1006857e-02   2.1785244e-01   1.5167438e-01
   1.9970000e+03   1.0000000e+00   1.0000000e+00   1.0000000e+01   5.7000000e+01   4.2000000e+01  -5.3750903e+01  -3.8145753e+01   4.7646335e+02   0.0000000e+00   2.7913482e-02   0.0000000e+00
   1.9970000e+03   1.0000000e+00   1.0000000e+00   1.0000000e+01   5.9000000e+01   7.0000000e+00  -5.3755284e+01  -3.8144286e+01   4.9632026e+02   2.1941508e-02   5.9007486e-02   5.9007486e-02
   1.9970000e+03   1.0000000e+00   1.0000000e+00   1.1000000e+01   0.0000000e+00   3.0000000e+01  -5.3759588e+01  -3.8143204e+01   4.8346224e+02   2.9976376e-03   5.5239308e-02   5.5239308e-02
   1.9970000e+03   1.0000000e+00   1.0000000e+00   1.1000000e+01   1.0000000e+00   5.2000000e+01  -5.3763813e+01  -3.8142011e+01   4.7596882e+02   4.4027761e-02   1.1840423e-01   1.1840423e-01
   1.9970000e+03   1.0000000e+00   1.0000000e+00   1.1000000e+01   3.0000000e+00   1.6000000e+01  -5.3768041e+01  -3.8140326e+01   4.8262998e+02   7.9797856e-02   2.3827473e-01   2.1460106e-01
   1.9970000e+03   1.0000000e+00   1.0000000e+00   1.1000000e+01   4.0000000e+00   4.4000099e+01  -5.3772326e+01  -3.8138278e+01   4.9478141e+02   5.1782691e-02   2.1859465e-01   2.1859465e-01
   1.9970000e+03   1.0000000e+00   1.0000000e+00   1.1000000e+01   6.0000000e+00   1.2000000e+01  -5.3776563e+01  -3.8136363e+01   4.8737426e+02   1.0162788e-01   3.8936057e-01   3.8936057e-01
   1.9970000e+03   1.0000000e+00   1.0000000e+00   1.1000000e+01   7.0000000e+00   3.7000000e+01  -5.3781033e+01  -3.8134891e+01   5.0597518e+02   1.5934624e-01   4.2853121e-01   2.5405777e-01
   1.9970000e+03   1.0000000e+00   1.0000000e+00   1.1000000e+01   9.0000000e+00   0.0000000e+00  -5.3785397e+01  -3.8133636e+01   4.9197191e+02   1.0886262e-01   3.8281442e-01   3.8281442e-01
   1.9970000e+03   1.0000000e+00   1.0000000e+00   1.1000000e+01   1.0000000e+01   2.6000000e+01  -5.3789706e+01  -3.8132074e+01   4.8962550e+02   1.9917033e-01   5.3563046e-01   5.1541143e-01
   1.9970000e+03   1.0000000e+00   1.0000000e+00   1.1000000e+01   1.1000000e+01   5.5000000e+01  -5.3793877e+01  -3.8130283e+01   4.7821299e+02   3.5049219e+00   9.4258164e+00   9.4258164e+00
   1.9970000e+03   1.0000000e+00   1.0000000e+00   1.1000000e+01   1.3000000e+01   2.2000099e+01  -5.3797953e+01  -3.8128103e+01   4.7488243e+02   4.6775100e+01   1.2579268e+02   1.2579268e+02
   1.9970000e+03   1.0000000e+00   1.0000000e+00   1.1000000e+01   1.4000000e+01   4.6000099e+01  -5.3802130e+01  -3.8125862e+01   4.8694504e+02   2.2292804e+01   5.9952228e+01   5.9766218e+01
   1.9970000e+03   1.0000000e+00   1.0000000e+00   1.1000000e+01   1.6000000e+01   5.0000000e+00  -5.3805748e+01  -3.8124223e+01   4.1611672e+02   2.4141435e+02   6.4928010e+02   6.4925871e+02
   1.9970000e+03   1.0000000e+00   1.0000000e+00   1.1000000e+01   1.7000000e+01   2.6000000e+01  -5.3809742e+01  -3.8122278e+01   4.6185192e+02   6.8563322e+02   1.8443549e+03   1.8443454e+03
   1.9970000e+03   1.0000000e+00   1.0000000e+00   1.1000000e+01   1.8000000e+01   4.9000000e+01  -5.3814155e+01  -3.8120708e+01   5.0107449e+02   2.9495599e+02   7.9322768e+02   7.9222201e+02
   1.9970000e+03   1.0000000e+00   1.0000000e+00   1.1000000e+01   2.0000000e+01   1.1000000e+01  -5.3818480e+01  -3.8119094e+01   4.9211960e+02   1.4673523e+02   3.9461632e+02   3.9403665e+02
   1.9970000e+03   1.0000000e+00   1.0000000e+00   1.1000000e+01   2.1000000e+01   3.7000000e+01  -5.3822672e+01  -3.8117253e+01   4.8126800e+02   4.0133041e+01   1.0793013e+02   1.0780346e+02
   1.9970000e+03   1.0000000e+00   1.0000000e+00   1.1000000e+01   2.3000000e+01   5.9999008e+00  -5.3826910e+01  -3.8115318e+01   4.8765797e+02   3.7951785e+02   1.0206406e+03   1.0204760e+03
   1.9970000e+03   1.0000000e+00   1.0000000e+00   1.1000000e+01   2.4000000e+01   3.4000000e+01  -5.3831019e+01  -3.8113280e+01   4.7582968e+02   7.5937084e+00   2.0527729e+01   2.0369419e+01
   1.9970000e+03   1.0000000e+00   1.0000000e+00   1.1000000e+01   2.5000000e+01   5.7000000e+01  -5.3835104e+01  -3.8111343e+01   4.7125639e+02   2.2140374e+00   6.1685098e+00   6.0380531e+00
   1.9970000e+03   1.0000000e+00   1.0000000e+00   1.1000000e+01   2.7000000e+01   2.4000099e+01  -5.3839082e+01  -3.8109471e+01   4.5877584e+02   1.1898055e+02   3.2037133e+02   3.1999961e+02
   1.9970000e+03   1.0000000e+00   1.0000000e+00   1.1000000e+01   2.8000000e+01   5.1000000e+01  -5.3843247e+01  -3.8107807e+01   4.7550853e+02   3.5002308e+02   9.4132007e+02   9.4132007e+02
   1.9970000e+03   1.0000000e+00   1.0000000e+00   1.1000000e+01   3.0000000e+01   1.6000000e+01  -5.3847374e+01  -3.8105983e+01   4.7391436e+02   2.4915641e+01   6.7151632e+01   6.7151632e+01
   1.9970000e+03   1.0000000e+00   1.0000000e+00   1.1000000e+01   3.1000000e+01   4.1000099e+01  -5.3851419e+01  -3.8103928e+01   4.6931517e+02   1.4534217e+02   3.9101215e+02   3.9101215e+02
   1.9970000e+03   1.0000000e+00   1.0000000e+00   1.1000000e+01   3.3000000e+01   6.0000000e+00  -5.3855765e+01  -3.8102084e+01   4.9781305e+02   3.9317564e-02   4.3713438e-01   2.9108680e-01
   1.9970000e+03   1.0000000e+00   1.0000000e+00   1.1000000e+01   3.4000000e+01   3.1000000e+01  -5.3859950e+01  -3.8100538e+01   4.7584789e+02   1.9533617e-01   9.0360511e-01   9.0360511e-01
   1.9970000e+03   1.0000000e+00   1.0000000e+00   1.1000000e+01   3.5000000e+01   5.7000000e+01  -5.3864192e+01  -3.8099363e+01   4.7767338e+02   1.4269983e+00   4.0950671e+00   3.8295817e+00
   1.9970000e+03   1.0000000e+00   1.0000000e+00   1.1000000e+01   3.7000000e+01   2.4000099e+01  -5.3868374e+01  -3.8097408e+01   4.8199375e+02   1.2181430e+00   3.4985090e+00   3.2261927e+00
   1.9970000e+03   1.0000000e+00   1.0000000e+00   1.1000000e+01   3.8000000e+01   5.0000000e+01  -5.3872537e+01  -3.8095283e+01   4.8313091e+02   1.0650753e-01   5.9157700e-01   2.8643160e-01
   1.9970000e+03   1.0000000e+00   1.0000000e+00   1.1000000e+01   4.0000000e+01   1.6000000e+01  -5.3876799e+01  -3.8093363e+01   4.9002330e+02   2.2562624e-01   6.0677858e-01   2.5434474e-01
   1.9970000e+03   1.0000000e+00   1.0000000e+00   1.1000000e+01   4.1000000e+01   4.2000099e+01  -5.3881132e+01  -3.8091825e+01   4.9184903e+02   3.3472302e-01   9.0017349e-01   8.7629035e-01
   1.9970000e+03   1.0000000e+00   1.0000000e+00   1.1000000e+01   4.3000000e+01   1.0000000e+01  -5.3885337e+01  -3.8090033e+01   4.8177080e+02   3.1570423e-01   8.5847731e-01   1.8914537e-01
   1.9970000e+03   1.0000000e+00   1.0000000e+00   1.1000000e+01   4.4000000e+01   3.7000000e+01  -5.3889572e+01  -3.8087853e+01   4.9177377e+02   4.7484265e-01   1.2769984e+00   1.2769984e+00
   1.9970000e+03   1.0000000e+00   1.0000000e+00   1.1000000e+01   4.6000000e+01   6.0000000e+00  -5.3893839e+01  -3.8085754e+01   4.9372730e+02   7.5682889e-01   2.0353464e+00   4.9279439e-01
   1.9970000e+03   1.0000000e+00   1.0000000e+00   1.1000000e+01   4.7000000e+01   3.5000000e+01  -5.3898027e+01  -3.8084033e+01   4.7876252e+02   5.6587309e-01   1.7283548e+00   1.6452981e+00
   1.9970000e+03   1.0000000e+00   1.0000000e+00   1.1000000e+01   4.9000000e+01   2.0000000e+00  -5.3902272e+01  -3.8082433e+01   4.8319607e+02   8.6127377e-01   2.9523720e+00   2.6658372e+00
