   2.0180000e+03   1.0000000e+00   8.0000000e+00   9.0000000e+00   3.4000000e+01   1.0000000e+01  -5.4046527e+01  -3.9394552e+01   5.4647713e+02   5.2342744e+00   9.4334017e+00   7.4383695e+00
   2.0180000e+03   1.0000000e+00   8.0000000e+00   9.0000000e+00   3.6000000e+01   2.3000000e+01  -5.4042160e+01  -3.9395910e+01   4.9321117e+02   4.4191946e+00   1.0299609e+01   5.7728335e+00
   2.0180000e+03   1.0000000e+00   8.0000000e+00   9.0000000e+00   3.8000000e+01   2.7000099e+01  -5.4037719e+01  -3.9397340e+01   5.0225517e+02   4.3964524e+00   1.1237083e+01   7.4451732e+00
   2.0180000e+03   1.0000000e+00   8.0000000e+00   9.0000000e+00   4.0000000e+01   1.9000000e+01  -5.4033322e+01  -3.9398591e+01   4.9532638e+02   4.7396274e+00   1.2378918e+01   7.3898561e+00
   2.0180000e+03   1.0000000e+00   8.0000000e+00   9.0000000e+00   4.2000000e+01   0.0000000e+00  -5.4028862e+01  -3.9399805e+01   5.0187731e+02   2.6807831e+00   9.0777446e+00   5.3657181e+00
   2.0180000e+03   1.0000000e+00   8.0000000e+00   9.0000000e+00   4.3000000e+01   3.5000000e+01  -5.4024319e+01  -3.9401043e+01   5.1133443e+02   2.6001792e+00   8.2432943e+00   2.0320003e+00
   2.0180000e+03   1.0000000e+00   8.0000000e+00   9.0000000e+00   4.5000000e+01   1.0000000e+01  -5.4019928e+01  -3.9402350e+01   4.9532848e+02   1.7883663e+00   5.9084964e+00   3.6444888e+00
   2.0180000e+03   1.0000000e+00   8.0000000e+00   9.0000000e+00   4.6000000e+01   4.6000099e+01  -5.4015497e+01  -3.9403527e+01   4.9825224e+02   1.8688237e+00   7.8765090e+00   2.5907476e+00
   2.0180000e+03   1.0000000e+00   8.0000000e+00   9.0000000e+00   5.0000000e+01   9.9182129e-05  -5.4006654e+01  -3.9406081e+01   9.9668810e+02   1.8137986e+00   3.9004352e+00   3.2873609e+00
   2.0180000e+03   1.0000000e+00   8.0000000e+00   9.0000000e+00   5.1000000e+01   3.6000000e+01  -5.4002283e+01  -3.9407522e+01   4.9474350e+02   2.1350708e+00   4.2175676e+00   2.9309432e+00
   2.0180000e+03   1.0000000e+00   8.0000000e+00   9.0000000e+00   5.3000000e+01   1.3000000e+01  -5.3997848e+01  -3.9408958e+01   5.0174689e+02   1.9281834e+00   4.5852797e+00   3.7090848e+00
   2.0180000e+03   1.0000000e+00   8.0000000e+00   9.0000000e+00   5.4000000e+01   5.1000000e+01  -5.3993434e+01  -3.9410228e+01   4.9738181e+02   2.7146667e+00   2.5938190e+00   2.1942122e+00
   2.0180000e+03   1.0000000e+00   8.0000000e+00   9.0000000e+00   5.6000000e+01   2.8999901e+01  -5.3988994e+01  -3.9411488e+01   5.0024098e+02   3.0182358e+00   3.7510792e+00   2.2416117e+00
   2.0180000e+03   1.0000000e+00   8.0000000e+00   9.0000000e+00   5.8000000e+01   6.0000000e+00  -5.3984570e+01  -3.9412809e+01   4.9912315e+02   3.7484045e+00   3.2916249e+00   2.3677207e+00
   2.0180000e+03   1.0000000e+00   8.0000000e+00   9.0000000e+00   5.9000000e+01   4.2000099e+01  -5.3980134e+01  -3.9414114e+01   5.0023136e+02   4.4310207e+00   3.2010856e+00   1.7825032e+00
   2.0180000e+03   1.0000000e+00   8.0000000e+00   1.0000000e+01   1.0000000e+00   1.9000000e+01  -5.3975751e+01  -3.9415362e+01   4.9383395e+02   1.1475344e+01   5.6622578e+00   4.8071075e+00
   2.0180000e+03   1.0000000e+00   8.0000000e+00   1.0000000e+01   2.0000000e+00   5.7000099e+01  -5.3971289e+01  -3.9416785e+01   5.0438092e+02   9.4096668e+00   5.7982498e+00   1.8772798e+00
   2.0180000e+03   1.0000000e+00   8.0000000e+00   1.0000000e+01   4.0000000e+00   3.5000000e+01  -5.3966883e+01  -3.9418245e+01   4.9884746e+02   3.3709912e+00   6.0926164e+00   2.9445168e+00
   2.0180000e+03   1.0000000e+00   8.0000000e+00   1.0000000e+01   7.0000000e+00   4.9000000e+01  -5.3958037e+01  -3.9420700e+01   9.9597116e+02   3.1995582e+00   4.5796488e+00   3.2633650e+00
   2.0180000e+03   1.0000000e+00   8.0000000e+00   1.0000000e+01   9.0000000e+00   2.6000000e+01  -5.3953630e+01  -3.9422133e+01   4.9858467e+02   2.8322666e+00   5.9034155e+00   3.4680322e+00
   2.0180000e+03   1.0000000e+00   8.0000000e+00   1.0000000e+01   1.1000000e+01   2.0000000e+00  -5.3949233e+01  -3.9423401e+01   4.9561349e+02   2.0353849e+00   4.5610275e+00   3.0711955e+00
   2.0180000e+03   1.0000000e+00   8.0000000e+00   1.0000000e+01   1.2000000e+01   3.9000099e+01  -5.3944813e+01  -3.9424613e+01   4.9746537e+02   1.9684489e+00   3.3023410e+00   2.1667863e+00
   2.0180000e+03   1.0000000e+00   8.0000000e+00   1.0000000e+01   1.4000000e+01   1.7000000e+01  -5.3940371e+01  -3.9425854e+01   5.0029043e+02   2.9261569e+00   7.6974281e+00   5.1123322e+00
   2.0180000e+03   1.0000000e+00   8.0000000e+00   1.0000000e+01   1.5000000e+01   5.4000099e+01  -5.3935977e+01  -3.9427405e+01   4.9865848e+02   2.6193291e+00   6.6418682e+00   3.9441330e+00
   2.0180000e+03   1.0000000e+00   8.0000000e+00   1.0000000e+01   1.7000000e+01   3.1000000e+01  -5.3931530e+01  -3.9428662e+01   5.0096676e+02   2.4395510e+00   7.1100445e+00   4.9742744e+00
   2.0180000e+03   1.0000000e+00   8.0000000e+00   1.0000000e+01   1.9000000e+01   7.9999008e+00  -5.3927087e+01  -3.9430101e+01   5.0258783e+02   1.2290531e+00   2.5572256e+00   2.1024700e+00
   2.0180000e+03   1.0000000e+00   8.0000000e+00   1.0000000e+01   2.0000000e+01   4.4000000e+01  -5.3922662e+01  -3.9431428e+01   4.9927580e+02   1.9781512e+00   5.6159142e+00   4.2466932e+00
   2.0180000e+03   1.0000000e+00   8.0000000e+00   1.0000000e+01   2.2000000e+01   2.1000000e+01  -5.3918236e+01  -3.9432628e+01   4.9808183e+02   2.4325092e+00   4.6004259e+00   4.4519532e+00
   2.0180000e+03   1.0000000e+00   8.0000000e+00   1.0000000e+01   2.5000000e+01   3.6000099e+01  -5.3909444e+01  -3.9435470e+01   9.9455252e+02   2.9485404e+00   7.1784147e+00   4.2282853e+00
   2.0180000e+03   1.0000000e+00   8.0000000e+00   1.0000000e+01   2.7000000e+01   1.2000000e+01  -5.3905054e+01  -3.9436689e+01   4.9430832e+02   3.3302194e+00   1.0777747e+01   7.6737704e+00
   2.0180000e+03   1.0000000e+00   8.0000000e+00   1.0000000e+01   2.8000000e+01   4.9000000e+01  -5.3900581e+01  -3.9437902e+01   5.0333951e+02   3.8618750e+00   4.8515681e+00   3.2492178e+00
   2.0180000e+03   1.0000000e+00   8.0000000e+00   1.0000000e+01   3.0000000e+01   2.7000000e+01  -5.3896179e+01  -3.9439283e+01   4.9743247e+02   3.8053268e+00   1.0303394e+01   7.7716564e+00
   2.0180000e+03   1.0000000e+00   8.0000000e+00   1.0000000e+01   3.2000000e+01   5.0000000e+00  -5.3891679e+01  -3.9440722e+01   5.0882337e+02   3.0470738e+00   8.0369403e+00   6.5361762e+00
   2.0180000e+03   1.0000000e+00   8.0000000e+00   1.0000000e+01   3.3000000e+01   5.4000000e+01  -5.3887254e+01  -3.9442081e+01   4.9968714e+02   3.7922911e+00   9.4214356e+00   4.2752801e+00
   2.0180000e+03   1.0000000e+00   8.0000000e+00   1.0000000e+01   3.6000000e+01   1.0000000e+00  -5.3882836e+01  -3.9443152e+01   4.9594023e+02   5.1722073e+00   2.1645033e+01   1.2146726e+01
   2.0180000e+03   1.0000000e+00   8.0000000e+00   1.0000000e+01   4.0000000e+01   3.7000000e+01  -5.3874194e+01  -3.9445467e+01   9.7219182e+02   2.9630968e+00   2.5914144e+00   1.1874069e+00
   2.0180000e+03   1.0000000e+00   8.0000000e+00   1.0000000e+01   4.2000000e+01   3.5000000e+01  -5.3869765e+01  -3.9447103e+01   5.0361601e+02   2.0995608e+00   5.7026564e+00   2.3602266e+00
   2.0180000e+03   1.0000000e+00   8.0000000e+00   1.0000000e+01   4.4000000e+01   1.9000000e+01  -5.3865204e+01  -3.9448401e+01   5.1399055e+02   1.3233193e+00   4.8374536e+00   2.1345743e+00
   2.0180000e+03   1.0000000e+00   8.0000000e+00   1.0000000e+01   4.5000000e+01   5.6000099e+01  -5.3860811e+01  -3.9449865e+01   4.9746767e+02   1.4245029e+00   7.4533544e+00   5.0181373e+00
   2.0180000e+03   1.0000000e+00   8.0000000e+00   1.0000000e+01   4.9000000e+01   9.0000000e+00  -5.3852034e+01  -3.9452405e+01   9.8940097e+02   1.9241848e+00   6.3572206e+00   6.0610745e+00
   2.0180000e+03   1.0000000e+00   8.0000000e+00   1.0000000e+01   5.0000000e+01   4.7000000e+01  -5.3847634e+01  -3.9453789e+01   4.9722235e+02   2.0287163e+00   4.0138341e+00   1.6406600e+00
   2.0180000e+03   1.0000000e+00   8.0000000e+00   1.0000000e+01   5.2000000e+01   2.5000099e+01  -5.3843160e+01  -3.9455127e+01   5.0491140e+02   2.8745958e+00   3.2151389e+00   0.0000000e+00
   2.0180000e+03   1.0000000e+00   8.0000000e+00   1.0000000e+01   5.4000000e+01   2.0000000e+00  -5.3838753e+01  -3.9456417e+01   4.9690193e+02   3.2159813e+00   5.9054486e+00   2.9855902e+00
   2.0180000e+03   1.0000000e+00   8.0000000e+00   1.0000000e+01   5.5000000e+01   3.9000000e+01  -5.3834291e+01  -3.9457719e+01   5.0309277e+02   3.6558987e+00   7.3538695e+00   1.6163140e+00
   2.0180000e+03   1.0000000e+00   8.0000000e+00   1.0000000e+01   5.8000000e+01   5.3999901e+01  -5.3825499e+01  -3.9460445e+01   9.9319756e+02   2.4255395e+00   5.4536433e+00   1.2462118e+00
   2.0180000e+03   1.0000000e+00   8.0000000e+00   1.1000000e+01   0.0000000e+00   3.2000000e+01  -5.3821102e+01  -3.9461718e+01   4.9570108e+02   2.5492427e+00   4.9740294e+00   2.0297533e+00
   2.0180000e+03   1.0000000e+00   8.0000000e+00   1.1000000e+01   2.0000000e+00   1.0000000e+01  -5.3816630e+01  -3.9462870e+01   5.0263064e+02   3.3154873e+00   4.7281183e+00   1.3282333e+00
   2.0180000e+03   1.0000000e+00   8.0000000e+00   1.1000000e+01   3.0000000e+00   4.6000000e+01  -5.3812221e+01  -3.9464384e+01   4.9985829e+02   2.3864626e+00   3.1665038e+00   1.6698944e+00
   2.0180000e+03   1.0000000e+00   8.0000000e+00   1.1000000e+01   5.0000000e+00   2.3000000e+01  -5.3807809e+01  -3.9465777e+01   4.9878246e+02   2.2913424e+00   5.8272018e+00   1.1999701e+00
   2.0180000e+03   1.0000000e+00   8.0000000e+00   1.1000000e+01   7.0000000e+00   1.0000000e+00  -5.3803404e+01  -3.9467131e+01   4.9742441e+02   2.2019012e+00   3.8473952e+00   1.1855432e+00
   2.0180000e+03   1.0000000e+00   8.0000000e+00   1.1000000e+01   8.0000000e+00   3.8000000e+01  -5.3799002e+01  -3.9468351e+01   4.9565696e+02   3.5707247e+00   1.0333370e+01   1.9027610e+00
   2.0180000e+03   1.0000000e+00   8.0000000e+00   1.1000000e+01   1.0000000e+01   1.4000000e+01  -5.3794587e+01  -3.9469599e+01   4.9738713e+02   3.6630159e+00   9.2382166e+00   9.9663649e-01
   2.0180000e+03   1.0000000e+00   8.0000000e+00   1.1000000e+01   1.1000000e+01   5.1000000e+01  -5.3790158e+01  -3.9470917e+01   4.9968965e+02   3.9647015e+00   1.3229331e+01   3.9070781e+00
   2.0180000e+03   1.0000000e+00   8.0000000e+00   1.1000000e+01   1.3000000e+01   2.9000000e+01  -5.3785734e+01  -3.9472316e+01   5.0012252e+02   5.2803242e+00   8.9622231e+00   3.0932377e+00
   2.0180000e+03   1.0000000e+00   8.0000000e+00   1.1000000e+01   1.5000000e+01   8.0000000e+00  -5.3781339e+01  -3.9473602e+01   4.9558407e+02   6.2600514e+00   1.0175185e+01   2.9130295e+00
   2.0180000e+03   1.0000000e+00   8.0000000e+00   1.1000000e+01   1.6000000e+01   4.7000000e+01  -5.3776873e+01  -3.9474946e+01   5.0413990e+02   6.6568221e+00   1.2175987e+01   4.2936955e+00
   2.0180000e+03   1.0000000e+00   8.0000000e+00   1.1000000e+01   1.8000000e+01   2.4000000e+01  -5.3772493e+01  -3.9476339e+01   4.9517363e+02   4.9197061e+00   1.1477582e+01   1.8536049e+00
   2.0180000e+03   1.0000000e+00   8.0000000e+00   1.1000000e+01   2.0000000e+01   9.9182129e-05  -5.3768079e+01  -3.9477593e+01   4.9741237e+02   8.5353535e+00   1.1936132e+01   2.8712774e+00
   2.0180000e+03   1.0000000e+00   8.0000000e+00   1.1000000e+01   2.1000000e+01   3.6000000e+01  -5.3763667e+01  -3.9478916e+01   4.9780911e+02   5.8112793e+00   8.3427444e+00   1.9688638e+00
   2.0180000e+03   1.0000000e+00   8.0000000e+00   1.1000000e+01   2.3000000e+01   1.2000000e+01  -5.3759231e+01  -3.9480201e+01   5.0010630e+02   4.7562451e+00   1.3852775e+01   5.9991188e-01
   2.0180000e+03   1.0000000e+00   8.0000000e+00   1.1000000e+01   2.4000000e+01   4.9000000e+01  -5.3754766e+01  -3.9481386e+01   5.0229877e+02   5.1797018e+00   1.4308153e+01   3.0265200e+00
   2.0180000e+03   1.0000000e+00   8.0000000e+00   1.1000000e+01   2.6000000e+01   2.6000000e+01  -5.3750392e+01  -3.9482784e+01   4.9464392e+02   5.9758217e+00   1.5790920e+01   3.5386279e+00
   2.0180000e+03   1.0000000e+00   8.0000000e+00   1.1000000e+01   2.8000000e+01   2.0000000e+00  -5.3745960e+01  -3.9484091e+01   4.9982924e+02   6.7320296e+00   1.8236021e+01   3.4787209e+00
   2.0180000e+03   1.0000000e+00   8.0000000e+00   1.1000000e+01   2.9000000e+01   3.8000000e+01  -5.3741520e+01  -3.9485394e+01   5.0083112e+02   7.3140048e+00   2.0457762e+01   1.6041480e+00
   2.0180000e+03   1.0000000e+00   8.0000000e+00   1.1000000e+01   3.1000000e+01   1.5000099e+01  -5.3737100e+01  -3.9486747e+01   4.9911068e+02   8.7571674e+00   1.4953720e+01   3.4374974e+00
   2.0180000e+03   1.0000000e+00   8.0000000e+00   1.1000000e+01   3.2000000e+01   5.3000000e+01  -5.3732689e+01  -3.9487940e+01   4.9637497e+02   8.5899925e+00   1.3768845e+01   0.0000000e+00
   2.0180000e+03   1.0000000e+00   8.0000000e+00   1.1000000e+01   3.4000000e+01   3.0000000e+01  -5.3728305e+01  -3.9489492e+01   4.9769724e+02   9.7871864e+00   1.4146695e+01   2.8685405e+00
   2.0180000e+03   1.0000000e+00   8.0000000e+00   1.1000000e+01   3.6000000e+01   7.0000000e+00  -5.3723870e+01  -3.9490804e+01   5.0033706e+02   1.0177138e+01   1.4026869e+01   2.7456873e+00
   2.0180000e+03   1.0000000e+00   8.0000000e+00   1.1000000e+01   3.7000000e+01   4.3999901e+01  -5.3719443e+01  -3.9492060e+01   4.9880347e+02   9.8476013e+00   1.5396935e+01   2.6905558e+00
   2.0180000e+03   1.0000000e+00   8.0000000e+00   1.1000000e+01   3.9000000e+01   2.2000000e+01  -5.3715025e+01  -3.9493425e+01   4.9905417e+02   1.0118652e+01   2.1565037e+01   4.3546236e+00
   2.0180000e+03   1.0000000e+00   8.0000000e+00   1.1000000e+01   4.1000000e+01   0.0000000e+00  -5.3710574e+01  -3.9494736e+01   5.0206608e+02   1.0632177e+01   2.0007949e+01   1.9050685e+00
   2.0180000e+03   1.0000000e+00   8.0000000e+00   1.1000000e+01   4.2000000e+01   3.9999901e+01  -5.3706078e+01  -3.9496018e+01   5.0670528e+02   1.3372295e+01   2.3023532e+01   4.3862224e+00
   2.0180000e+03   1.0000000e+00   8.0000000e+00   1.1000000e+01   4.4000000e+01   3.6000000e+01  -5.3701601e+01  -3.9497352e+01   5.0514589e+02   9.8576208e+00   1.8273662e+01   4.1204106e+00
   2.0180000e+03   1.0000000e+00   8.0000000e+00   1.1000000e+01   4.9000000e+01   2.7000000e+01  -5.3692877e+01  -3.9499827e+01   9.8296305e+02   8.2810374e+00   1.2586652e+01   2.7394921e+00
   2.0180000e+03   1.0000000e+00   8.0000000e+00   1.1000000e+01   5.3000000e+01   3.7000000e+01  -5.3684166e+01  -3.9502480e+01   9.8355228e+02   1.1199555e+01   1.3532680e+01   2.8779605e+00
   2.0180000e+03   1.0000000e+00   8.0000000e+00   1.1000000e+01   5.5000000e+01   2.0000000e+01  -5.3679687e+01  -3.9503916e+01   5.0659950e+02   1.1492031e+01   1.7412705e+01   2.1513581e+00
   2.0180000e+03   1.0000000e+00   8.0000000e+00   1.1000000e+01   5.6000000e+01   5.8000000e+01  -5.3675254e+01  -3.9505110e+01   4.9879586e+02   1.1036482e+01   1.8792901e+01   5.2981043e+00
   2.0180000e+03   1.0000000e+00   8.0000000e+00   1.1000000e+01   5.8000000e+01   3.4000000e+01  -5.3670819e+01  -3.9506483e+01   5.0105567e+02   4.5884214e+00   1.3598815e+01   4.5502547e+00
   2.0180000e+03   1.0000000e+00   8.0000000e+00   1.2000000e+01   0.0000000e+00   1.0000000e+01  -5.3666416e+01  -3.9507802e+01   4.9696706e+02   8.7198844e+00   1.4133659e+01   2.8194901e+00
   2.0180000e+03   1.0000000e+00   8.0000000e+00   1.2000000e+01   1.0000000e+00   4.7000000e+01  -5.3661998e+01  -3.9509095e+01   4.9819200e+02   1.1083672e+01   1.9696391e+01   9.1312864e+00
   2.0180000e+03   1.0000000e+00   8.0000000e+00   1.2000000e+01   3.0000000e+00   2.5000000e+01  -5.3657594e+01  -3.9510369e+01   4.9658144e+02   1.0577816e+01   1.4744400e+01   2.8879712e+00
   2.0180000e+03   1.0000000e+00   8.0000000e+00   1.2000000e+01   5.0000000e+00   9.9990082e-01  -5.3653143e+01  -3.9511655e+01   5.0173511e+02   1.2843649e+01   2.3663335e+01   9.6603983e+00
   2.0180000e+03   1.0000000e+00   8.0000000e+00   1.2000000e+01   6.0000000e+00   3.7000000e+01  -5.3648748e+01  -3.9513189e+01   4.9867891e+02   1.4832933e+01   1.9699254e+01   3.3251459e+00
   2.0180000e+03   1.0000000e+00   8.0000000e+00   1.2000000e+01   8.0000000e+00   1.4000000e+01  -5.3644316e+01  -3.9514428e+01   4.9924814e+02   1.5315355e+01   2.1823620e+01   3.6969521e+00
   2.0180000e+03   1.0000000e+00   8.0000000e+00   1.2000000e+01   9.0000000e+00   5.0000000e+01  -5.3639941e+01  -3.9515743e+01   4.9379250e+02   1.4484133e+01   2.4827230e+01   6.7512968e+00
   2.0180000e+03   1.0000000e+00   8.0000000e+00   1.2000000e+01   1.1000000e+01   2.8000099e+01  -5.3635492e+01  -3.9517099e+01   5.0237956e+02   1.3142193e+01   2.1591944e+01   7.1598519e+00
   2.0180000e+03   1.0000000e+00   8.0000000e+00   1.2000000e+01   1.3000000e+01   7.0000000e+00  -5.3631064e+01  -3.9518228e+01   4.9770921e+02   1.0455487e+01   1.8912369e+01   3.3874263e+00
   2.0180000e+03   1.0000000e+00   8.0000000e+00   1.2000000e+01   1.4000000e+01   4.3000099e+01  -5.3626635e+01  -3.9519671e+01   5.0124927e+02   1.0222023e+01   2.4646280e+01   6.7002952e+00
   2.0180000e+03   1.0000000e+00   8.0000000e+00   1.2000000e+01   1.6000000e+01   1.8000000e+01  -5.3622235e+01  -3.9520952e+01   4.9608392e+02   8.6320971e+00   3.2349193e+01   1.3712876e+01
   2.0180000e+03   1.0000000e+00   8.0000000e+00   1.2000000e+01   1.7000000e+01   5.5000000e+01  -5.3617792e+01  -3.9522266e+01   5.0131043e+02   7.2854212e+00   2.5898765e+01   2.8121112e+00
   2.0180000e+03   1.0000000e+00   8.0000000e+00   1.2000000e+01   1.9000000e+01   3.3000000e+01  -5.3613371e+01  -3.9523548e+01   4.9839798e+02   9.7355164e+00   3.5030914e+01   7.0827435e+00
   2.0180000e+03   1.0000000e+00   8.0000000e+00   1.2000000e+01   2.1000000e+01   1.0000000e+01  -5.3608979e+01  -3.9524811e+01   4.9515609e+02   9.9478493e+00   2.9970308e+01   6.3949424e+00
   2.0180000e+03   1.0000000e+00   8.0000000e+00   1.2000000e+01   2.2000000e+01   4.8000000e+01  -5.3604555e+01  -3.9526030e+01   4.9806796e+02   1.1153143e+01   3.4008816e+01   5.5321817e+00
   2.0180000e+03   1.0000000e+00   8.0000000e+00   1.2000000e+01   2.4000000e+01   2.5000000e+01  -5.3600129e+01  -3.9527446e+01   5.0066467e+02   6.8665038e+00   2.6647066e+01   7.7542851e+00
   2.0180000e+03   1.0000000e+00   8.0000000e+00   1.2000000e+01   2.5000000e+01   5.9000000e+01  -5.3595754e+01  -3.9528982e+01   4.9656070e+02   6.4821316e+00   2.5923345e+01   3.5512779e+00
   2.0180000e+03   1.0000000e+00   8.0000000e+00   1.2000000e+01   2.7000000e+01   3.5000000e+01  -5.3591304e+01  -3.9530222e+01   5.0117993e+02   5.9636528e+00   1.8268397e+01   7.9280139e+00
   2.0180000e+03   1.0000000e+00   8.0000000e+00   1.2000000e+01   2.9000000e+01   1.2000099e+01  -5.3586864e+01  -3.9531498e+01   5.0048740e+02   5.3134341e+00   1.5852845e+01   7.0423626e+00
   2.0180000e+03   1.0000000e+00   8.0000000e+00   1.2000000e+01   3.0000000e+01   4.7000000e+01  -5.3582449e+01  -3.9532742e+01   4.9740623e+02   6.3245335e+00   2.1520008e+01   9.2499099e+00
   2.0180000e+03   1.0000000e+00   8.0000000e+00   1.2000000e+01   3.2000000e+01   2.2000000e+01  -5.3578021e+01  -3.9534012e+01   4.9910475e+02   6.4038847e+00   2.3185208e+01   1.0646751e+01
   2.0180000e+03   1.0000000e+00   8.0000000e+00   1.2000000e+01   3.4000000e+01   0.0000000e+00  -5.3573608e+01  -3.9535261e+01   4.9725933e+02   3.6758558e+00   1.6474432e+01   1.1286031e+01
   2.0180000e+03   1.0000000e+00   8.0000000e+00   1.2000000e+01   3.5000000e+01   4.0000000e+01  -5.3569229e+01  -3.9536653e+01   4.9527726e+02   8.4314994e+00   2.9488051e+01   1.6651481e+01
   2.0180000e+03   1.0000000e+00   8.0000000e+00   1.2000000e+01   3.7000000e+01   1.9000000e+01  -5.3564792e+01  -3.9537989e+01   5.0077640e+02   1.0033317e+01   3.3148588e+01   1.2644573e+01
   2.0180000e+03   1.0000000e+00   8.0000000e+00   1.2000000e+01   3.8000000e+01   5.7000000e+01  -5.3560354e+01  -3.9539297e+01   5.0069897e+02   1.1176036e+01   3.7269771e+01   4.8971071e+00
   2.0180000e+03   1.0000000e+00   8.0000000e+00   1.2000000e+01   4.0000000e+01   3.4000000e+01  -5.3555919e+01  -3.9540492e+01   4.9913080e+02   1.0983803e+01   3.2874101e+01   1.6594683e+00
   2.0180000e+03   1.0000000e+00   8.0000000e+00   1.2000000e+01   4.2000000e+01   1.0000000e+01  -5.3551550e+01  -3.9541880e+01   4.9397383e+02   1.3737119e+01   3.7720735e+01   1.1710991e+00
   2.0180000e+03   1.0000000e+00   8.0000000e+00   1.2000000e+01   4.3000000e+01   4.6000000e+01  -5.3547137e+01  -3.9543153e+01   4.9754971e+02   1.4905726e+01   4.8330634e+01   3.0320496e+00
   2.0180000e+03   1.0000000e+00   8.0000000e+00   1.2000000e+01   4.5000000e+01   2.2999901e+01  -5.3542708e+01  -3.9544563e+01   5.0089962e+02   1.4117054e+01   3.4338151e+01   2.0312879e+00
   2.0180000e+03   1.0000000e+00   8.0000000e+00   1.2000000e+01   4.7000000e+01   2.0000000e+00  -5.3538263e+01  -3.9545831e+01   5.0091104e+02   2.2482142e+01   2.7900152e+01   2.8153686e+00
   2.0180000e+03   1.0000000e+00   8.0000000e+00   1.2000000e+01   4.8000000e+01   4.3000000e+01  -5.3533805e+01  -3.9546965e+01   5.0109636e+02   6.5087720e+00   1.4656723e+01   7.9071864e+00
   2.0180000e+03   1.0000000e+00   8.0000000e+00   1.2000000e+01   5.0000000e+01   3.7000099e+01  -5.3529306e+01  -3.9548629e+01   5.1178572e+02   2.2705191e+00   7.1325085e+00   3.5541172e+00
   2.0180000e+03   1.0000000e+00   8.0000000e+00   1.2000000e+01   5.5000000e+01   1.0000000e+01  -5.3520550e+01  -3.9551264e+01   9.8845152e+02   3.5776217e+00   5.5268639e+00   3.6710024e+00
   2.0180000e+03   1.0000000e+00   8.0000000e+00   1.2000000e+01   5.9000000e+01   4.7000000e+01  -5.3511947e+01  -3.9553577e+01   9.6808425e+02   1.5941352e+00   2.5845346e+00   1.4484241e+00
   2.0180000e+03   1.0000000e+00   8.0000000e+00   1.3000000e+01   1.0000000e+00   3.9000000e+01  -5.3507495e+01  -3.9554859e+01   5.0186092e+02   2.7335990e+00   4.3718877e+00   2.5799849e+00
   2.0180000e+03   1.0000000e+00   8.0000000e+00   1.3000000e+01   3.0000000e+00   1.7000000e+01  -5.3503006e+01  -3.9556312e+01   5.0806843e+02   3.6831217e+00   2.2863505e+00   0.0000000e+00
   2.0180000e+03   1.0000000e+00   8.0000000e+00   1.3000000e+01   4.0000000e+00   5.3000000e+01  -5.3498525e+01  -3.9557523e+01   5.0426287e+02   3.7230289e+00   4.1764963e+00   1.5818052e+00
   2.0180000e+03   1.0000000e+00   8.0000000e+00   1.3000000e+01   6.0000000e+00   3.2000000e+01  -5.3494116e+01  -3.9558999e+01   4.9956260e+02   2.1084073e+00   3.6254349e+00   7.9170502e-01
   2.0180000e+03   1.0000000e+00   8.0000000e+00   1.3000000e+01   8.0000000e+00   1.0000000e+01  -5.3489747e+01  -3.9560454e+01   4.9489841e+02   1.2652173e+00   2.5110621e+00   1.8174237e+00
   2.0180000e+03   1.0000000e+00   8.0000000e+00   1.3000000e+01   9.0000000e+00   4.5000000e+01  -5.3485299e+01  -3.9561653e+01   5.0057120e+02   1.5202797e+00   4.7844484e-01   2.0762014e-01
   2.0180000e+03   1.0000000e+00   8.0000000e+00   1.3000000e+01   1.1000000e+01   2.2000000e+01  -5.3480816e+01  -3.9562811e+01   5.0398456e+02   1.7992473e+00   3.2708135e+00   2.8275400e+00
   2.0180000e+03   1.0000000e+00   8.0000000e+00   1.3000000e+01   1.4000000e+01   4.0000099e+01  -5.3472054e+01  -3.9565455e+01   9.8923479e+02   1.9603208e+00   3.8049457e+00   0.0000000e+00
   2.0180000e+03   1.0000000e+00   8.0000000e+00   1.3000000e+01   1.6000000e+01   1.6000000e+01  -5.3467614e+01  -3.9566829e+01   5.0172047e+02   2.1594062e+00   3.7463059e+00   2.2194720e+00
   2.0180000e+03   1.0000000e+00   8.0000000e+00   1.3000000e+01   1.7000000e+01   5.2000000e+01  -5.3463215e+01  -3.9568155e+01   4.9659071e+02   2.0585742e+00   5.1880791e+00   1.4729212e+00
   2.0180000e+03   1.0000000e+00   8.0000000e+00   1.3000000e+01   1.9000000e+01   2.9000000e+01  -5.3458788e+01  -3.9569374e+01   4.9851726e+02   3.0972617e+00   4.0063250e+00   1.0123520e+00
   2.0180000e+03   1.0000000e+00   8.0000000e+00   1.3000000e+01   2.1000000e+01   7.0000000e+00  -5.3454395e+01  -3.9570810e+01   4.9725915e+02   2.1242669e+00   4.3298650e+00   1.5662575e+00
   2.0180000e+03   1.0000000e+00   8.0000000e+00   1.3000000e+01   2.2000000e+01   4.5000000e+01  -5.3449911e+01  -3.9572115e+01   5.0567542e+02   3.4627050e+00   6.1364761e+00   0.0000000e+00
   2.0180000e+03   1.0000000e+00   8.0000000e+00   1.3000000e+01   2.5000000e+01   5.8000000e+01  -5.3441137e+01  -3.9574644e+01   9.8932812e+02   2.4934435e+00   7.2432305e+00   2.7103648e+00
   2.0180000e+03   1.0000000e+00   8.0000000e+00   1.3000000e+01   2.7000000e+01   3.5000000e+01  -5.3436692e+01  -3.9575922e+01   5.0105758e+02   3.4562321e+00   6.5002512e+00   4.2507235e+00
   2.0180000e+03   1.0000000e+00   8.0000000e+00   1.3000000e+01   2.9000000e+01   1.3000000e+01  -5.3432230e+01  -3.9577202e+01   5.0303963e+02   2.5837433e+00   6.8318603e+00   6.6001424e+00
   2.0180000e+03   1.0000000e+00   8.0000000e+00   1.3000000e+01   3.0000000e+01   5.0000000e+01  -5.3427862e+01  -3.9578595e+01   4.9400305e+02   1.9261546e+00   5.8837147e+00   3.4625937e+00
   2.0180000e+03   1.0000000e+00   8.0000000e+00   1.3000000e+01   3.2000000e+01   2.4000000e+01  -5.3423432e+01  -3.9579833e+01   4.9910071e+02   8.4134614e+00   2.9543691e+01   3.2902130e+00
   2.0180000e+03   1.0000000e+00   8.0000000e+00   1.3000000e+01   3.3000000e+01   5.7000000e+01  -5.3418971e+01  -3.9581072e+01   5.0245733e+02   7.5080958e+00   2.4798208e+01   3.2418653e+00
   2.0180000e+03   1.0000000e+00   8.0000000e+00   1.3000000e+01   3.5000000e+01   3.2000000e+01  -5.3414576e+01  -3.9582475e+01   4.9715324e+02   1.3407734e+01   4.4301385e+01   3.4195424e+00
   2.0180000e+03   1.0000000e+00   8.0000000e+00   1.3000000e+01   3.7000000e+01   9.0000000e+00  -5.3410136e+01  -3.9583670e+01   4.9956748e+02   1.1985097e+01   4.1143750e+01   5.5452445e+00
   2.0180000e+03   1.0000000e+00   8.0000000e+00   1.3000000e+01   3.8000000e+01   4.7000000e+01  -5.3405728e+01  -3.9585061e+01   4.9841985e+02   6.3125340e+00   2.0814491e+01   1.0771457e+01
   2.0180000e+03   1.0000000e+00   8.0000000e+00   1.3000000e+01   4.0000000e+01   2.5000000e+01  -5.3401313e+01  -3.9586317e+01   4.9770393e+02   5.1436243e+00   1.5814508e+01   4.9933502e+00
   2.0180000e+03   1.0000000e+00   8.0000000e+00   1.3000000e+01   4.2000000e+01   1.0000000e+00  -5.3396888e+01  -3.9587592e+01   4.9879772e+02   2.6885759e+00   9.5917870e+00   3.0128805e+00
   2.0180000e+03   1.0000000e+00   8.0000000e+00   1.3000000e+01   4.3000000e+01   3.6000099e+01  -5.3392434e+01  -3.9588908e+01   5.0259556e+02   5.8167514e+00   1.9446459e+01   8.3845956e+00
   2.0180000e+03   1.0000000e+00   8.0000000e+00   1.3000000e+01   4.5000000e+01   1.4000000e+01  -5.3388015e+01  -3.9590189e+01   4.9829123e+02   4.2411620e+00   1.3838626e+01   3.9703668e+00
   2.0180000e+03   1.0000000e+00   8.0000000e+00   1.3000000e+01   4.8000000e+01   3.2000099e+01  -5.3379215e+01  -3.9592781e+01   9.9287511e+02   1.9175099e+00   5.1237355e+00   5.7167660e-01
   2.0180000e+03   1.0000000e+00   8.0000000e+00   1.3000000e+01   5.0000000e+01   9.0000000e+00  -5.3374788e+01  -3.9594075e+01   4.9930563e+02   5.0538857e+00   2.7595147e+01   1.3444239e+01
   2.0180000e+03   1.0000000e+00   8.0000000e+00   1.3000000e+01   5.1000000e+01   4.5000000e+01  -5.3370387e+01  -3.9595398e+01   4.9693966e+02   2.7528873e+00   1.2137693e+01   5.0830244e+00
   2.0180000e+03   1.0000000e+00   8.0000000e+00   1.3000000e+01   5.3000000e+01   2.1000099e+01  -5.3365952e+01  -3.9596716e+01   5.0039884e+02   4.8292711e+00   3.2118671e+01   2.7687057e+01
   2.0180000e+03   1.0000000e+00   8.0000000e+00   1.3000000e+01   5.4000000e+01   5.8000000e+01  -5.3361511e+01  -3.9598044e+01   5.0136779e+02   2.4493009e+00   1.0432474e+01   4.5021899e+00
   2.0180000e+03   1.0000000e+00   8.0000000e+00   1.3000000e+01   5.6000000e+01   3.3000000e+01  -5.3357089e+01  -3.9599380e+01   4.9921692e+02   3.2430405e+00   1.5672476e+01   1.0949385e+01
   2.0180000e+03   1.0000000e+00   8.0000000e+00   1.3000000e+01   5.8000000e+01   1.4000000e+01  -5.3352550e+01  -3.9600766e+01   5.1268050e+02   2.1086850e+00   6.8818477e+00   3.9545757e+00
   2.0180000e+03   1.0000000e+00   8.0000000e+00   1.4000000e+01   0.0000000e+00   1.9000000e+01  -5.3348177e+01  -3.9602107e+01   4.9408540e+02   3.8797520e+00   2.1604833e+01   1.7295903e+01
   2.0180000e+03   1.0000000e+00   8.0000000e+00   1.4000000e+01   5.0000000e+00   0.0000000e+00  -5.3339404e+01  -3.9604391e+01   9.8650214e+02   2.1525425e+00   9.1764368e+00   7.0680593e+00
