   2.0180000e+03   1.0000000e+00   1.0000000e+01   1.4000000e+01   4.8000000e+01   4.9999901e+01  -5.3185497e+01  -3.8140516e+01   5.0215413e+02   2.0451712e+00   6.2651081e+00   3.1131497e+00
   2.0180000e+03   1.0000000e+00   1.0000000e+01   1.4000000e+01   5.0000000e+01   3.8000000e+01  -5.3189894e+01  -3.8139089e+01   4.9783134e+02   2.1524103e+00   5.5809873e+00   1.5383701e+00
   2.0180000e+03   1.0000000e+00   1.0000000e+01   1.4000000e+01   5.2000000e+01   1.5000000e+01  -5.3194350e+01  -3.8137342e+01   5.0852131e+02   2.7478870e+00   7.0687454e+00   9.8846168e-01
   2.0180000e+03   1.0000000e+00   1.0000000e+01   1.4000000e+01   5.3000000e+01   4.7000000e+01  -5.3198801e+01  -3.8136061e+01   5.0190527e+02   1.6718931e+00   3.7509001e+00   1.8329152e+00
   2.0180000e+03   1.0000000e+00   1.0000000e+01   1.4000000e+01   5.5000000e+01   1.6000000e+01  -5.3203210e+01  -3.8134604e+01   4.9950859e+02   2.3996543e+00   7.1986794e+00   3.5748043e+00
   2.0180000e+03   1.0000000e+00   1.0000000e+01   1.4000000e+01   5.6000000e+01   4.4000000e+01  -5.3207607e+01  -3.8133047e+01   4.9940573e+02   2.3372642e+00   6.8897385e+00   3.0866087e+00
   2.0180000e+03   1.0000000e+00   1.0000000e+01   1.4000000e+01   5.8000000e+01   1.3000000e+01  -5.3212030e+01  -3.8131444e+01   5.0292134e+02   2.2595697e+00   4.5307431e+00   2.4078432e+00
   2.0180000e+03   1.0000000e+00   1.0000000e+01   1.5000000e+01   1.0000000e+00   2.2000000e+01  -5.3220756e+01  -3.8128132e+01   9.9435142e+02   1.6900506e+00   5.6078005e+00   2.3985047e+00
   2.0180000e+03   1.0000000e+00   1.0000000e+01   1.5000000e+01   3.0000000e+00   2.0000000e+00  -5.3225160e+01  -3.8126979e+01   4.9536591e+02   1.9772678e+00   3.3111912e+00   1.6174134e+00
   2.0180000e+03   1.0000000e+00   1.0000000e+01   1.5000000e+01   4.0000000e+00   4.3000000e+01  -5.3229576e+01  -3.8125674e+01   4.9836170e+02   2.5051252e+00   3.7929121e+00   1.8940625e-01
   2.0180000e+03   1.0000000e+00   1.0000000e+01   1.5000000e+01   6.0000000e+00   2.3000099e+01  -5.3234018e+01  -3.8124422e+01   5.0061187e+02   2.5464681e+00   4.9673179e+00   1.4818630e+00
   2.0180000e+03   1.0000000e+00   1.0000000e+01   1.5000000e+01   8.0000000e+00   1.0000000e+00  -5.3238427e+01  -3.8123041e+01   4.9841075e+02   2.6814574e+00   2.9455154e+00   1.0717423e+00
   2.0180000e+03   1.0000000e+00   1.0000000e+01   1.5000000e+01   9.0000000e+00   3.8000099e+01  -5.3242840e+01  -3.8121601e+01   4.9968824e+02   1.7757576e+00   3.6167868e+00   1.5912997e+00
   2.0180000e+03   1.0000000e+00   1.0000000e+01   1.5000000e+01   1.1000000e+01   1.4000000e+01  -5.3247247e+01  -3.8120065e+01   5.0021864e+02   1.2416411e+00   3.1047819e+00   1.6211227e+00
   2.0180000e+03   1.0000000e+00   1.0000000e+01   1.5000000e+01   1.2000000e+01   4.9000000e+01  -5.3251651e+01  -3.8118589e+01   4.9912331e+02   2.3329388e+00   6.9981577e+00   1.9385423e+00
   2.0180000e+03   1.0000000e+00   1.0000000e+01   1.5000000e+01   1.4000000e+01   2.4000000e+01  -5.3256051e+01  -3.8117114e+01   4.9867054e+02   2.8304812e+00   7.6896531e+00   3.4400301e+00
   2.0180000e+03   1.0000000e+00   1.0000000e+01   1.5000000e+01   1.6000000e+01   0.0000000e+00  -5.3260465e+01  -3.8115626e+01   5.0035223e+02   1.4080636e+00   3.1585166e+00   1.7728479e+00
   2.0180000e+03   1.0000000e+00   1.0000000e+01   1.5000000e+01   1.7000000e+01   3.5000000e+01  -5.3264855e+01  -3.8114263e+01   4.9613881e+02   1.4801760e+00   1.4620674e+00   6.1804055e-01
   2.0180000e+03   1.0000000e+00   1.0000000e+01   1.5000000e+01   1.9000000e+01   1.0000099e+01  -5.3269274e+01  -3.8112978e+01   4.9838032e+02   2.0987089e+00   1.6587522e+00   0.0000000e+00
   2.0180000e+03   1.0000000e+00   1.0000000e+01   1.5000000e+01   2.0000000e+01   4.5000000e+01  -5.3273682e+01  -3.8111521e+01   4.9926656e+02   2.1192010e+00   2.6096165e+00   0.0000000e+00
   2.0180000e+03   1.0000000e+00   1.0000000e+01   1.5000000e+01   2.2000000e+01   2.0000000e+01  -5.3278101e+01  -3.8110097e+01   5.0006744e+02   1.0420845e+00   2.8165007e+00   1.8393227e+00
   2.0180000e+03   1.0000000e+00   1.0000000e+01   1.5000000e+01   2.3000000e+01   5.6000000e+01  -5.3282534e+01  -3.8108742e+01   5.0081503e+02   1.5708390e+00   1.9540295e+00   8.0961231e-01
   2.0180000e+03   1.0000000e+00   1.0000000e+01   1.5000000e+01   2.5000000e+01   3.1000000e+01  -5.3286922e+01  -3.8107407e+01   4.9560784e+02   1.9755493e+00   4.0915680e+00   2.1805416e+00
   2.0180000e+03   1.0000000e+00   1.0000000e+01   1.5000000e+01   2.7000000e+01   6.0000000e+00  -5.3291325e+01  -3.8106007e+01   4.9801124e+02   1.1584629e+00   2.1364981e+00   1.0106619e-02
   2.0180000e+03   1.0000000e+00   1.0000000e+01   1.5000000e+01   2.8000000e+01   4.1000000e+01  -5.3295743e+01  -3.8104494e+01   5.0114087e+02   2.9157312e+00   3.3376603e+00   0.0000000e+00
   2.0180000e+03   1.0000000e+00   1.0000000e+01   1.5000000e+01   3.0000000e+01   1.6000099e+01  -5.3300164e+01  -3.8103051e+01   5.0045099e+02   1.5081206e+00   8.4871445e+00   2.8269520e+00
   2.0180000e+03   1.0000000e+00   1.0000000e+01   1.5000000e+01   3.1000000e+01   5.2000000e+01  -5.3304580e+01  -3.8101572e+01   5.0050741e+02   1.1327233e+00   1.4211410e+01   3.3038595e-01
   2.0180000e+03   1.0000000e+00   1.0000000e+01   1.5000000e+01   3.3000000e+01   2.7000000e+01  -5.3308971e+01  -3.8100107e+01   4.9751448e+02   9.2477973e-01   3.1524875e+00   1.1554098e+00
   2.0180000e+03   1.0000000e+00   1.0000000e+01   1.5000000e+01   3.5000000e+01   2.0000000e+00  -5.3313379e+01  -3.8098606e+01   4.9982418e+02   9.1726395e-01   4.4135642e+00   1.2553263e+00
   2.0180000e+03   1.0000000e+00   1.0000000e+01   1.5000000e+01   3.6000000e+01   3.8000000e+01  -5.3317801e+01  -3.8097111e+01   5.0124815e+02   2.6378947e+00   6.9986241e+00   5.0404930e+00
   2.0180000e+03   1.0000000e+00   1.0000000e+01   1.5000000e+01   3.8000000e+01   1.4000000e+01  -5.3322185e+01  -3.8095753e+01   4.9547456e+02   1.1031460e+00   5.1746149e+00   4.0375904e+00
   2.0180000e+03   1.0000000e+00   1.0000000e+01   1.5000000e+01   3.9000000e+01   5.1000000e+01  -5.3326582e+01  -3.8094353e+01   4.9737071e+02   2.3711607e+00   1.0339262e+01   7.2526323e+00
   2.0180000e+03   1.0000000e+00   1.0000000e+01   1.5000000e+01   4.1000000e+01   2.9000000e+01  -5.3331017e+01  -3.8092909e+01   5.0200758e+02   3.5199253e+00   1.0935203e+01   8.5266045e+00
   2.0180000e+03   1.0000000e+00   1.0000000e+01   1.5000000e+01   4.3000000e+01   7.0000000e+00  -5.3335407e+01  -3.8091512e+01   4.9652294e+02   1.4585289e+00   2.6466148e+01   2.4485048e+01
   2.0180000e+03   1.0000000e+00   1.0000000e+01   1.5000000e+01   4.4000000e+01   4.5000000e+01  -5.3339815e+01  -3.8090036e+01   4.9956908e+02   1.2054033e+00   9.8604869e+00   6.9204260e+00
   2.0180000e+03   1.0000000e+00   1.0000000e+01   1.5000000e+01   4.6000000e+01   2.4000000e+01  -5.3344241e+01  -3.8088559e+01   5.0149504e+02   3.1630302e+00   9.6865067e+00   8.4416408e+00
   2.0180000e+03   1.0000000e+00   1.0000000e+01   1.5000000e+01   4.8000000e+01   3.0000000e+00  -5.3348656e+01  -3.8087086e+01   5.0020212e+02   6.9411094e-01   6.5291640e+00   5.0978271e+00
   2.0180000e+03   1.0000000e+00   1.0000000e+01   1.5000000e+01   4.9000000e+01   4.0000000e+01  -5.3353040e+01  -3.8085582e+01   4.9726111e+02   6.1043749e+00   3.3019216e+01   3.1402514e+01
   2.0180000e+03   1.0000000e+00   1.0000000e+01   1.5000000e+01   5.1000000e+01   1.7000000e+01  -5.3357427e+01  -3.8084101e+01   4.9724621e+02   3.9526993e+00   2.6130793e+01   2.4090304e+01
   2.0180000e+03   1.0000000e+00   1.0000000e+01   1.5000000e+01   5.2000000e+01   5.4000000e+01  -5.3361832e+01  -3.8082625e+01   4.9922840e+02   6.9519617e-01   2.6791488e+00   5.2451720e-01
   2.0180000e+03   1.0000000e+00   1.0000000e+01   1.5000000e+01   5.4000000e+01   3.1000000e+01  -5.3366244e+01  -3.8081150e+01   4.9986815e+02   1.2787866e+00   4.0052407e+00   2.3302814e+00
   2.0180000e+03   1.0000000e+00   1.0000000e+01   1.5000000e+01   5.6000000e+01   8.0000992e+00  -5.3370669e+01  -3.8079733e+01   5.0062868e+02   2.4298281e+00   5.8144386e+00   3.6216812e+00
   2.0180000e+03   1.0000000e+00   1.0000000e+01   1.5000000e+01   5.7000000e+01   4.4000000e+01  -5.3375078e+01  -3.8078359e+01   4.9832597e+02   2.3847827e+00   7.2756210e+00   5.2660032e+00
   2.0180000e+03   1.0000000e+00   1.0000000e+01   1.5000000e+01   5.9000000e+01   2.0000000e+01  -5.3379521e+01  -3.8077023e+01   5.0155170e+02   1.1626585e+00   4.2543454e+00   1.3529754e+00
   2.0180000e+03   1.0000000e+00   1.0000000e+01   1.6000000e+01   0.0000000e+00   5.6000099e+01  -5.3383905e+01  -3.8075464e+01   4.9801247e+02   1.3007670e+00   7.3592329e+00   4.8765428e+00
   2.0180000e+03   1.0000000e+00   1.0000000e+01   1.6000000e+01   2.0000000e+00   3.3000000e+01  -5.3388280e+01  -3.8074147e+01   4.9394233e+02   1.4141636e+00   5.7223132e+00   0.0000000e+00
   2.0180000e+03   1.0000000e+00   1.0000000e+01   1.6000000e+01   4.0000000e+00   1.2000000e+01  -5.3392701e+01  -3.8072759e+01   4.9979964e+02   1.5874895e+00   4.2244115e+00   0.0000000e+00
   2.0180000e+03   1.0000000e+00   1.0000000e+01   1.6000000e+01   5.0000000e+00   5.1000000e+01  -5.3397115e+01  -3.8071351e+01   4.9923953e+02   1.9274037e+00   5.1313169e+00   3.9567407e+00
   2.0180000e+03   1.0000000e+00   1.0000000e+01   1.6000000e+01   7.0000000e+00   3.1000000e+01  -5.3401499e+01  -3.8069836e+01   4.9742394e+02   8.4470438e-01   5.5721167e+00   3.7574481e+00
   2.0180000e+03   1.0000000e+00   1.0000000e+01   1.6000000e+01   9.0000000e+00   1.3000000e+01  -5.3405890e+01  -3.8068222e+01   4.9944787e+02   1.4760075e+00   4.5509193e+00   1.0639035e+00
   2.0180000e+03   1.0000000e+00   1.0000000e+01   1.6000000e+01   1.0000000e+01   5.3000000e+01  -5.3410257e+01  -3.8066826e+01   4.9398883e+02   7.3023522e-01   2.8839339e+00   2.4305361e-01
   2.0180000e+03   1.0000000e+00   1.0000000e+01   1.6000000e+01   1.2000000e+01   2.8000099e+01  -5.3414707e+01  -3.8065499e+01   5.0232579e+02   3.2984420e-01   1.9785641e+00   7.2609320e-01
   2.0180000e+03   1.0000000e+00   1.0000000e+01   1.6000000e+01   1.4000000e+01   0.0000000e+00  -5.3419140e+01  -3.8064218e+01   4.9981792e+02   6.3471524e-01   1.6686771e+00   0.0000000e+00
   2.0180000e+03   1.0000000e+00   1.0000000e+01   1.6000000e+01   1.5000000e+01   3.3000000e+01  -5.3423583e+01  -3.8062765e+01   5.0292583e+02   8.4393179e-01   2.2627458e+00   9.5113768e-01
   2.0180000e+03   1.0000000e+00   1.0000000e+01   1.6000000e+01   1.7000000e+01   7.0000000e+00  -5.3428010e+01  -3.8061206e+01   5.0267363e+02   6.6970318e-01   2.6379697e+00   1.8180551e-01
   2.0180000e+03   1.0000000e+00   1.0000000e+01   1.6000000e+01   1.8000000e+01   4.0999901e+01  -5.3432370e+01  -3.8059611e+01   4.9591319e+02   1.0707436e+00   2.3293032e+00   1.0977852e+00
   2.0180000e+03   1.0000000e+00   1.0000000e+01   1.6000000e+01   2.0000000e+01   1.5000000e+01  -5.3436750e+01  -3.8058015e+01   4.9796452e+02   5.1899633e-01   1.5918807e+00   2.2550438e-01
   2.0180000e+03   1.0000000e+00   1.0000000e+01   1.6000000e+01   2.1000000e+01   5.0000000e+01  -5.3441117e+01  -3.8056371e+01   4.9736910e+02   8.5059079e-01   3.1739287e+00   3.1222834e-01
   2.0180000e+03   1.0000000e+00   1.0000000e+01   1.6000000e+01   2.3000000e+01   2.6000099e+01  -5.3445540e+01  -3.8054908e+01   5.0084843e+02   9.6421160e-01   2.1304014e+00   5.4665367e-01
   2.0180000e+03   1.0000000e+00   1.0000000e+01   1.6000000e+01   2.5000000e+01   1.0000000e+00  -5.3449952e+01  -3.8053524e+01   4.9885362e+02   1.2866834e+00   3.4097997e+00   1.8765299e+00
   2.0180000e+03   1.0000000e+00   1.0000000e+01   1.6000000e+01   2.6000000e+01   3.6000000e+01  -5.3454373e+01  -3.8052092e+01   5.0031459e+02   7.2461927e-01   2.0193288e+00   3.0109900e-01
   2.0180000e+03   1.0000000e+00   1.0000000e+01   1.6000000e+01   2.8000000e+01   1.1000000e+01  -5.3458786e+01  -3.8050708e+01   4.9880218e+02   8.0219141e-01   2.0520275e+00   7.7801673e-01
   2.0180000e+03   1.0000000e+00   1.0000000e+01   1.6000000e+01   2.9000000e+01   4.6000099e+01  -5.3463170e+01  -3.8049258e+01   4.9650865e+02   1.6846480e+00   4.0051195e+00   1.6160176e+00
   2.0180000e+03   1.0000000e+00   1.0000000e+01   1.6000000e+01   3.1000000e+01   2.2000000e+01  -5.3467582e+01  -3.8047768e+01   5.0010165e+02   1.5597977e+00   4.1504297e+00   1.5808420e+00
   2.0180000e+03   1.0000000e+00   1.0000000e+01   1.6000000e+01   3.2000000e+01   5.7000000e+01  -5.3471954e+01  -3.8046172e+01   4.9712462e+02   1.3925493e+00   3.5576581e+00   1.2950983e+00
   2.0180000e+03   1.0000000e+00   1.0000000e+01   1.6000000e+01   3.4000000e+01   3.2000000e+01  -5.3476361e+01  -3.8044565e+01   5.0105933e+02   1.2169043e+00   3.2745002e+00   1.6619383e+00
   2.0180000e+03   1.0000000e+00   1.0000000e+01   1.6000000e+01   3.6000000e+01   8.0000000e+00  -5.3480779e+01  -3.8042906e+01   5.0303742e+02   1.2669145e+00   4.1055832e+00   8.1029734e-01
   2.0180000e+03   1.0000000e+00   1.0000000e+01   1.6000000e+01   3.7000000e+01   4.3000000e+01  -5.3485119e+01  -3.8041242e+01   4.9472273e+02   1.5252094e+00   5.0767251e+00   1.7257893e+00
   2.0180000e+03   1.0000000e+00   1.0000000e+01   1.6000000e+01   3.9000000e+01   1.8000000e+01  -5.3489502e+01  -3.8039557e+01   4.9964537e+02   1.4916530e+00   3.9238496e+00   6.4221978e-01
   2.0180000e+03   1.0000000e+00   1.0000000e+01   1.6000000e+01   4.0000000e+01   5.5000000e+01  -5.3493932e+01  -3.8038239e+01   4.9983033e+02   2.2460507e+00   6.5341345e+00   6.5978509e-01
   2.0180000e+03   1.0000000e+00   1.0000000e+01   1.6000000e+01   4.2000000e+01   3.3000099e+01  -5.3498377e+01  -3.8037049e+01   5.0016307e+02   1.6577424e+00   4.4626934e+00   2.7544143e-01
   2.0180000e+03   1.0000000e+00   1.0000000e+01   1.6000000e+01   4.4000000e+01   1.0000000e+01  -5.3502765e+01  -3.8035718e+01   4.9550392e+02   2.0419207e+00   3.3537949e+00   2.0551895e-01
   2.0180000e+03   1.0000000e+00   1.0000000e+01   1.6000000e+01   4.5000000e+01   4.7000000e+01  -5.3507180e+01  -3.8034382e+01   4.9851296e+02   1.9068928e+00   4.3034929e+00   1.2770071e+00
   2.0180000e+03   1.0000000e+00   1.0000000e+01   1.6000000e+01   4.7000000e+01   2.4000000e+01  -5.3511623e+01  -3.8033062e+01   5.0127843e+02   2.7023609e+00   5.4155201e+00   1.4110979e+00
   2.0180000e+03   1.0000000e+00   1.0000000e+01   1.6000000e+01   4.9000000e+01   0.0000000e+00  -5.3516011e+01  -3.8031720e+01   4.9559861e+02   2.6642859e+00   3.5999339e+00   8.8178606e-01
   2.0180000e+03   1.0000000e+00   1.0000000e+01   1.6000000e+01   5.0000000e+01   3.7000000e+01  -5.3520439e+01  -3.8030294e+01   5.0100784e+02   2.5932835e+00   3.0194703e+00   1.6638878e+00
   2.0180000e+03   1.0000000e+00   1.0000000e+01   1.6000000e+01   5.2000000e+01   1.4000000e+01  -5.3524839e+01  -3.8028625e+01   5.0124093e+02   2.6079323e+00   5.5540572e+00   1.9381258e+00
   2.0180000e+03   1.0000000e+00   1.0000000e+01   1.6000000e+01   5.3000000e+01   5.0000000e+01  -5.3529225e+01  -3.8027231e+01   4.9592823e+02   2.0392679e+00   4.2334251e+00   2.3353516e+00
   2.0180000e+03   1.0000000e+00   1.0000000e+01   1.6000000e+01   5.5000000e+01   2.7000000e+01  -5.3533627e+01  -3.8025759e+01   4.9870190e+02   1.0072014e+00   2.6264078e+00   1.0226564e+00
   2.0180000e+03   1.0000000e+00   1.0000000e+01   1.6000000e+01   5.7000000e+01   5.0000000e+00  -5.3538071e+01  -3.8024273e+01   5.0354503e+02   1.0943996e+00   2.3339982e+00   1.0140480e+00
   2.0180000e+03   1.0000000e+00   1.0000000e+01   1.6000000e+01   5.8000000e+01   4.3000000e+01  -5.3542439e+01  -3.8022763e+01   4.9545911e+02   1.7576535e+00   4.1422994e+00   1.0975939e+00
   2.0180000e+03   1.0000000e+00   1.0000000e+01   1.7000000e+01   0.0000000e+00   2.1000000e+01  -5.3546837e+01  -3.8021297e+01   4.9816371e+02   1.8985693e+00   4.7048900e+00   1.7509135e+00
   2.0180000e+03   1.0000000e+00   1.0000000e+01   1.7000000e+01   1.0000000e+00   5.9000000e+01  -5.3551220e+01  -3.8019828e+01   4.9669601e+02   1.6820275e+00   3.9902032e+00   2.3549152e+00
   2.0180000e+03   1.0000000e+00   1.0000000e+01   1.7000000e+01   3.0000000e+00   3.7000000e+01  -5.3555630e+01  -3.8018354e+01   4.9958092e+02   2.5783048e+00   6.7975032e+00   5.8833373e+00
   2.0180000e+03   1.0000000e+00   1.0000000e+01   1.7000000e+01   5.0000000e+00   1.5000000e+01  -5.3560035e+01  -3.8016876e+01   4.9907384e+02   3.5389293e+00   7.6684954e+00   2.9434233e+00
   2.0180000e+03   1.0000000e+00   1.0000000e+01   1.7000000e+01   6.0000000e+00   5.4000000e+01  -5.3564489e+01  -3.8015350e+01   5.0509063e+02   2.8761276e+00   7.5757472e+00   6.5014068e+00
   2.0180000e+03   1.0000000e+00   1.0000000e+01   1.7000000e+01   8.0000000e+00   3.3000000e+01  -5.3568871e+01  -3.8013844e+01   4.9699049e+02   2.5967047e+00   3.5609782e+00   2.0416073e+00
   2.0180000e+03   1.0000000e+00   1.0000000e+01   1.7000000e+01   1.0000000e+01   1.1000000e+01  -5.3573273e+01  -3.8012400e+01   4.9834506e+02   2.4131927e+00   6.2363143e+00   3.6567518e+00
   2.0180000e+03   1.0000000e+00   1.0000000e+01   1.7000000e+01   1.1000000e+01   4.8000000e+01  -5.3577691e+01  -3.8010937e+01   5.0030485e+02   1.3291521e+00   6.8514523e+00   3.3571376e+00
   2.0180000e+03   1.0000000e+00   1.0000000e+01   1.7000000e+01   1.3000000e+01   2.3000099e+01  -5.3582072e+01  -3.8009510e+01   4.9588108e+02   2.3376711e+00   9.6523929e+00   4.2555884e+00
   2.0180000e+03   1.0000000e+00   1.0000000e+01   1.7000000e+01   1.4000000e+01   5.8000000e+01  -5.3586477e+01  -3.8008027e+01   4.9909485e+02   2.4925420e+00   7.9832243e+00   4.9093631e+00
   2.0180000e+03   1.0000000e+00   1.0000000e+01   1.7000000e+01   1.6000000e+01   3.5000000e+01  -5.3590901e+01  -3.8006543e+01   5.0125507e+02   2.5916431e+00   6.6094134e+00   2.6302221e+00
   2.0180000e+03   1.0000000e+00   1.0000000e+01   1.7000000e+01   1.8000000e+01   1.2000000e+01  -5.3595331e+01  -3.8005082e+01   5.0161300e+02   4.8280064e+00   1.2446566e+01   2.7036190e+00
   2.0180000e+03   1.0000000e+00   1.0000000e+01   1.7000000e+01   1.9000000e+01   4.7000000e+01  -5.3599724e+01  -3.8003745e+01   4.9609376e+02   4.9519387e+00   1.7320575e+01   1.1457249e+01
   2.0180000e+03   1.0000000e+00   1.0000000e+01   1.7000000e+01   2.1000000e+01   2.3000099e+01  -5.3604168e+01  -3.8002419e+01   5.0140139e+02   5.6313061e+00   1.9136780e+01   1.2165827e+01
   2.0180000e+03   1.0000000e+00   1.0000000e+01   1.7000000e+01   2.3000000e+01   0.0000000e+00  -5.3608598e+01  -3.8001102e+01   4.9994109e+02   5.5888770e+00   1.8271563e+01   3.4081772e+00
   2.0180000e+03   1.0000000e+00   1.0000000e+01   1.7000000e+01   2.4000000e+01   3.7000000e+01  -5.3613020e+01  -3.7999810e+01   4.9864573e+02   5.7450814e+00   1.4619235e+01   8.8887940e+00
   2.0180000e+03   1.0000000e+00   1.0000000e+01   1.7000000e+01   2.6000000e+01   1.4000000e+01  -5.3617385e+01  -3.7998248e+01   4.9590512e+02   4.5893152e+00   1.0571629e+01   4.3169512e+00
   2.0180000e+03   1.0000000e+00   1.0000000e+01   1.7000000e+01   2.7000000e+01   5.1000000e+01  -5.3621738e+01  -3.7996636e+01   4.9515780e+02   4.2211078e+00   1.2133341e+01   7.5970839e+00
   2.0180000e+03   1.0000000e+00   1.0000000e+01   1.7000000e+01   2.9000000e+01   2.9000000e+01  -5.3626140e+01  -3.7995105e+01   4.9946919e+02   3.2130502e+00   9.3342523e+00   6.4544071e+00
   2.0180000e+03   1.0000000e+00   1.0000000e+01   1.7000000e+01   3.1000000e+01   7.0000000e+00  -5.3630536e+01  -3.7993518e+01   4.9959904e+02   5.1897614e+00   9.4253239e+00   3.9770333e+00
   2.0180000e+03   1.0000000e+00   1.0000000e+01   1.7000000e+01   3.2000000e+01   4.6000000e+01  -5.3634967e+01  -3.7992040e+01   5.0186771e+02   5.7986813e+00   8.4548563e+00   3.4992858e+00
   2.0180000e+03   1.0000000e+00   1.0000000e+01   1.7000000e+01   3.4000000e+01   2.5000000e+01  -5.3639370e+01  -3.7990689e+01   4.9732452e+02   3.4432652e+00   7.3116763e+00   3.9742063e+00
   2.0180000e+03   1.0000000e+00   1.0000000e+01   1.7000000e+01   3.6000000e+01   3.0000000e+00  -5.3643794e+01  -3.7989314e+01   4.9980118e+02   2.9861493e+00   6.3980631e+00   2.5827904e+00
   2.0180000e+03   1.0000000e+00   1.0000000e+01   1.7000000e+01   3.7000000e+01   4.2000000e+01  -5.3648210e+01  -3.7987940e+01   4.9902357e+02   3.5275567e+00   7.1584030e+00   0.0000000e+00
   2.0180000e+03   1.0000000e+00   1.0000000e+01   1.7000000e+01   3.9000000e+01   2.1000000e+01  -5.3652630e+01  -3.7986578e+01   4.9929660e+02   4.0204483e+00   4.3641412e+00   1.6706513e+00
   2.0180000e+03   1.0000000e+00   1.0000000e+01   1.7000000e+01   4.0000000e+01   5.8000000e+01  -5.3657073e+01  -3.7985180e+01   5.0215126e+02   2.0206416e+00   2.7930000e+00   1.6348812e+00
   2.0180000e+03   1.0000000e+00   1.0000000e+01   1.7000000e+01   4.2000000e+01   3.4000000e+01  -5.3661489e+01  -3.7983739e+01   4.9982677e+02   2.7406636e+00   3.1783236e+00   2.1068949e+00
   2.0180000e+03   1.0000000e+00   1.0000000e+01   1.7000000e+01   4.4000000e+01   1.0000000e+01  -5.3665882e+01  -3.7982178e+01   4.9886105e+02   3.0626867e+00   3.6043314e+00   2.7408653e+00
   2.0180000e+03   1.0000000e+00   1.0000000e+01   1.7000000e+01   4.5000000e+01   4.5000000e+01  -5.3670245e+01  -3.7980616e+01   4.9558752e+02   2.4366690e+00   3.9255541e+00   2.3604764e+00
   2.0180000e+03   1.0000000e+00   1.0000000e+01   1.7000000e+01   4.7000000e+01   2.0000000e+01  -5.3674597e+01  -3.7979078e+01   4.9414897e+02   3.9193224e+00   7.9962747e+00   3.1886885e+00
   2.0180000e+03   1.0000000e+00   1.0000000e+01   1.7000000e+01   4.8000000e+01   5.7000000e+01  -5.3679035e+01  -3.7977650e+01   5.0199874e+02   3.8030643e+01   4.0228008e+01   3.8850878e+01
   2.0180000e+03   1.0000000e+00   1.0000000e+01   1.7000000e+01   5.0000000e+01   3.5000000e+01  -5.3683464e+01  -3.7976490e+01   4.9804325e+02   1.8900372e+02   4.3335630e+02   4.0928454e+02
   2.0180000e+03   1.0000000e+00   1.0000000e+01   1.7000000e+01   5.2000000e+01   1.2000000e+01  -5.3687926e+01  -3.7975272e+01   5.0220346e+02   3.9385550e+00   3.0865530e+00   2.6096572e+00
   2.0180000e+03   1.0000000e+00   1.0000000e+01   1.7000000e+01   5.3000000e+01   4.9000000e+01  -5.3692294e+01  -3.7973795e+01   4.9504494e+02   2.9193258e+00   3.0577029e+00   2.8132781e+00
   2.0180000e+03   1.0000000e+00   1.0000000e+01   1.7000000e+01   5.5000000e+01   2.6000000e+01  -5.3696714e+01  -3.7972016e+01   5.0485753e+02   3.0375884e+00   4.7960763e+00   3.3164758e+00
   2.0180000e+03   1.0000000e+00   1.0000000e+01   1.7000000e+01   5.7000000e+01   1.0000000e+00  -5.3701085e+01  -3.7970328e+01   4.9823704e+02   1.9648554e+00   5.3387881e+00   4.0186529e+00
   2.0180000e+03   1.0000000e+00   1.0000000e+01   1.7000000e+01   5.8000000e+01   3.5000000e+01  -5.3705438e+01  -3.7968613e+01   4.9676380e+02   2.0842404e+00   3.3232151e+00   1.3612681e+00
   2.0180000e+03   1.0000000e+00   1.0000000e+01   1.8000000e+01   0.0000000e+00   9.0000000e+00  -5.3709783e+01  -3.7966853e+01   4.9649607e+02   2.4565733e+00   2.8304318e+00   7.5134233e-01
   2.0180000e+03   1.0000000e+00   1.0000000e+01   1.8000000e+01   1.0000000e+00   4.5000000e+01  -5.3714200e+01  -3.7965307e+01   5.0118744e+02   2.0420263e+00   4.3128260e+00   3.0707072e+00
   2.0180000e+03   1.0000000e+00   1.0000000e+01   1.8000000e+01   3.0000000e+00   2.2000000e+01  -5.3718655e+01  -3.7963895e+01   5.0367794e+02   2.1408034e+00   2.5363766e+00   6.4778901e-01
   2.0180000e+03   1.0000000e+00   1.0000000e+01   1.8000000e+01   4.0000000e+00   5.8000000e+01  -5.3723065e+01  -3.7962501e+01   4.9855983e+02   2.1871923e+00   2.3048903e+00   0.0000000e+00
   2.0180000e+03   1.0000000e+00   1.0000000e+01   1.8000000e+01   6.0000000e+00   3.4000000e+01  -5.3727424e+01  -3.7961089e+01   4.9314024e+02   2.4290250e+00   2.7823462e+00   2.0746459e+00
   2.0180000e+03   1.0000000e+00   1.0000000e+01   1.8000000e+01   8.0000000e+00   1.1000000e+01  -5.3731834e+01  -3.7959673e+01   4.9879109e+02   1.3975202e+00   2.5618498e+00   7.1675362e-01
   2.0180000e+03   1.0000000e+00   1.0000000e+01   1.8000000e+01   9.0000000e+00   4.8000000e+01  -5.3736238e+01  -3.7958288e+01   4.9782406e+02   1.7805932e+00   1.5902496e+00   4.6251332e-01
   2.0180000e+03   1.0000000e+00   1.0000000e+01   1.8000000e+01   1.1000000e+01   2.4000000e+01  -5.3740688e+01  -3.7956891e+01   5.0288208e+02   2.5924936e+00   2.5598890e+00   3.5988838e-01
   2.0180000e+03   1.0000000e+00   1.0000000e+01   1.8000000e+01   1.2000000e+01   5.9000000e+01  -5.3745108e+01  -3.7955467e+01   5.0005906e+02   2.2100528e+00   3.6822898e+00   8.3555719e-01
   2.0180000e+03   1.0000000e+00   1.0000000e+01   1.8000000e+01   1.4000000e+01   3.4000000e+01  -5.3749499e+01  -3.7954066e+01   4.9653317e+02   1.9526999e+00   2.6197751e+00   1.3705182e+00
   2.0180000e+03   1.0000000e+00   1.0000000e+01   1.8000000e+01   1.6000000e+01   9.0000000e+00  -5.3753891e+01  -3.7952643e+01   4.9693056e+02   2.1198704e+00   4.2924831e+00   2.9693918e+00
   2.0180000e+03   1.0000000e+00   1.0000000e+01   1.8000000e+01   1.7000000e+01   4.4000000e+01  -5.3758338e+01  -3.7951308e+01   5.0189058e+02   1.9569486e+00   2.7012766e+00   1.0305021e+00
   2.0180000e+03   1.0000000e+00   1.0000000e+01   1.8000000e+01   1.9000000e+01   1.9000000e+01  -5.3762782e+01  -3.7949901e+01   5.0231411e+02   2.5365826e+00   3.5970898e+00   6.4298146e-01
   2.0180000e+03   1.0000000e+00   1.0000000e+01   1.8000000e+01   2.0000000e+01   5.3000099e+01  -5.3767135e+01  -3.7948351e+01   4.9429147e+02   4.1454126e+00   1.6941776e+00   0.0000000e+00
   2.0180000e+03   1.0000000e+00   1.0000000e+01   1.8000000e+01   2.2000000e+01   2.8000000e+01  -5.3771496e+01  -3.7946659e+01   4.9721359e+02   2.2954642e+00   1.9499960e+00   1.0051168e+00
   2.0180000e+03   1.0000000e+00   1.0000000e+01   1.8000000e+01   2.4000000e+01   4.0000000e+00  -5.3775867e+01  -3.7944908e+01   4.9917492e+02   1.7109265e+00   1.5812713e+00   0.0000000e+00
   2.0180000e+03   1.0000000e+00   1.0000000e+01   1.8000000e+01   2.5000000e+01   4.0000000e+01  -5.3780230e+01  -3.7943243e+01   4.9698711e+02   2.9832230e+00   2.8316716e+00   3.3299475e-01
   2.0180000e+03   1.0000000e+00   1.0000000e+01   1.8000000e+01   2.7000000e+01   1.6000000e+01  -5.3784626e+01  -3.7941577e+01   5.0051915e+02   2.1028932e+00   2.7941155e+00   1.5690742e+00
   2.0180000e+03   1.0000000e+00   1.0000000e+01   1.8000000e+01   2.8000000e+01   5.3000099e+01  -5.3789062e+01  -3.7940159e+01   5.0170749e+02   2.2550422e+00   3.4117975e+00   1.5482199e+00
   2.0180000e+03   1.0000000e+00   1.0000000e+01   1.8000000e+01   3.0000000e+01   3.0000000e+01  -5.3793482e+01  -3.7938804e+01   4.9905915e+02   1.6975568e+00   3.3002837e+00   1.5308701e+00
   2.0180000e+03   1.0000000e+00   1.0000000e+01   1.8000000e+01   3.2000000e+01   6.0000000e+00  -5.3797904e+01  -3.7937477e+01   4.9905621e+02   1.7987555e+00   4.4244796e+00   3.2128892e+00
   2.0180000e+03   1.0000000e+00   1.0000000e+01   1.8000000e+01   3.3000000e+01   4.2000000e+01  -5.3802300e+01  -3.7936182e+01   4.9584357e+02   2.6696611e+00   3.3038220e+00   2.5721553e+00
   2.0180000e+03   1.0000000e+00   1.0000000e+01   1.8000000e+01   3.5000000e+01   1.9000000e+01  -5.3806739e+01  -3.7934831e+01   5.0113535e+02   3.3418084e+00   3.7876924e+00   2.1442596e+00
   2.0180000e+03   1.0000000e+00   1.0000000e+01   1.8000000e+01   3.6000000e+01   5.6000000e+01  -5.3811176e+01  -3.7933534e+01   5.0038692e+02   3.1050150e+00   3.2679919e+00   2.7014342e+00
   2.0180000e+03   1.0000000e+00   1.0000000e+01   1.8000000e+01   3.8000000e+01   3.3000000e+01  -5.3815570e+01  -3.7931939e+01   4.9932793e+02   2.5903460e+00   2.5730681e+00   1.4663292e+00
   2.0180000e+03   1.0000000e+00   1.0000000e+01   1.8000000e+01   4.0000000e+01   8.9999008e+00  -5.3819968e+01  -3.7930449e+01   4.9833968e+02   3.1978788e+00   2.6531803e+00   2.2983793e+00
   2.0180000e+03   1.0000000e+00   1.0000000e+01   1.8000000e+01   4.1000000e+01   4.4000000e+01  -5.3824378e+01  -3.7929041e+01   4.9871252e+02   4.1597470e+00   3.0686913e+00   6.9403235e-01
   2.0180000e+03   1.0000000e+00   1.0000000e+01   1.8000000e+01   4.3000000e+01   1.9000000e+01  -5.3828773e+01  -3.7927468e+01   4.9910109e+02   4.1965001e+00   3.7867013e+00   1.5456545e+00
   2.0180000e+03   1.0000000e+00   1.0000000e+01   1.8000000e+01   4.4000000e+01   5.4000099e+01  -5.3833165e+01  -3.7925903e+01   4.9869179e+02   2.2463056e+00   1.4866470e+00   4.9343673e-01
   2.0180000e+03   1.0000000e+00   1.0000000e+01   1.8000000e+01   4.6000000e+01   3.0000000e+01  -5.3837575e+01  -3.7924496e+01   4.9870580e+02   1.8902751e+00   4.1177155e+00   7.3848433e-01
   2.0180000e+03   1.0000000e+00   1.0000000e+01   1.8000000e+01   4.8000000e+01   6.0000000e+00  -5.3842001e+01  -3.7923079e+01   5.0049207e+02   1.3598224e+00   3.0055033e+00   1.3823818e+00
   2.0180000e+03   1.0000000e+00   1.0000000e+01   1.8000000e+01   4.9000000e+01   4.1000000e+01  -5.3846433e+01  -3.7921684e+01   5.0091818e+02   3.3966336e+00   2.0864426e+00   5.6784085e-01
   2.0180000e+03   1.0000000e+00   1.0000000e+01   1.8000000e+01   5.1000000e+01   1.5000000e+01  -5.3850806e+01  -3.7920303e+01   4.9432150e+02   2.3323908e+00   2.9986643e+00   8.3403865e-01
   2.0180000e+03   1.0000000e+00   1.0000000e+01   1.8000000e+01   5.2000000e+01   4.9000000e+01  -5.3855199e+01  -3.7918865e+01   4.9711302e+02   1.7557266e+00   2.5485844e+00   8.6896129e-01
   2.0180000e+03   1.0000000e+00   1.0000000e+01   1.8000000e+01   5.4000000e+01   2.4000000e+01  -5.3859616e+01  -3.7917448e+01   4.9958904e+02   1.7434027e+00   2.2292587e+00   1.3947472e+00
   2.0180000e+03   1.0000000e+00   1.0000000e+01   1.8000000e+01   5.6000000e+01   0.0000000e+00  -5.3864035e+01  -3.7915936e+01   5.0091769e+02   1.8192129e+00   1.2643099e+00   5.1674976e-01
   2.0180000e+03   1.0000000e+00   1.0000000e+01   1.8000000e+01   5.7000000e+01   3.5000000e+01  -5.3868465e+01  -3.7914347e+01   5.0310675e+02   1.6805292e+00   1.4099857e+00   4.0093664e-01
   2.0180000e+03   1.0000000e+00   1.0000000e+01   1.8000000e+01   5.9000000e+01   9.0000000e+00  -5.3872834e+01  -3.7912734e+01   4.9682101e+02   2.0817840e+00   1.2437601e+00   3.8779884e-01
   2.0180000e+03   1.0000000e+00   1.0000000e+01   1.9000000e+01   0.0000000e+00   4.3000000e+01  -5.3877225e+01  -3.7911155e+01   4.9881654e+02   3.1692348e+00   2.9982188e+00   1.8833094e+00
   2.0180000e+03   1.0000000e+00   1.0000000e+01   1.9000000e+01   2.0000000e+00   1.7000000e+01  -5.3881614e+01  -3.7909567e+01   4.9865125e+02   2.8477854e+00   2.0799728e+00   1.4441204e+00
   2.0180000e+03   1.0000000e+00   1.0000000e+01   1.9000000e+01   3.0000000e+00   5.1000000e+01  -5.3886002e+01  -3.7907981e+01   4.9854181e+02   1.9621156e+00   2.0853191e+00   8.7842415e-01
   2.0180000e+03   1.0000000e+00   1.0000000e+01   1.9000000e+01   5.0000000e+00   2.8000000e+01  -5.3890404e+01  -3.7906406e+01   4.9995109e+02   1.5108294e+00   2.8401836e+00   1.1032274e+00
   2.0180000e+03   1.0000000e+00   1.0000000e+01   1.9000000e+01   7.0000000e+00   2.0000000e+00  -5.3894759e+01  -3.7904891e+01   4.9393361e+02   2.4279496e+00   2.9061374e+00   1.1676268e+00
