   1.9960000e+03   1.2000000e+01   2.9000000e+01   7.0000000e+00   5.7000000e+01   5.2000000e+01  -5.4005009e+01  -3.8943000e+01   4.8003938e+02   4.5789727e+00   1.2871964e+01   8.3284608e+00
   1.9960000e+03   1.2000000e+01   2.9000000e+01   7.0000000e+00   5.9000000e+01   2.2000000e+01  -5.4000679e+01  -3.8943560e+01   4.8253764e+02   2.3936982e+00   6.4373932e+00   1.8610630e+00
   1.9960000e+03   1.2000000e+01   2.9000000e+01   8.0000000e+00   0.0000000e+00   5.3000000e+01  -5.3996397e+01  -3.8944053e+01   4.7695789e+02   2.7306998e+00   8.1586514e+00   4.7368885e+00
   1.9960000e+03   1.2000000e+01   2.9000000e+01   8.0000000e+00   2.0000000e+00   2.4000099e+01  -5.3992075e+01  -3.8944295e+01   4.8053053e+02   2.8359329e+00   8.1658649e+00   6.1627626e+00
   1.9960000e+03   1.2000000e+01   2.9000000e+01   8.0000000e+00   3.0000000e+00   5.0000000e+01  -5.3987901e+01  -3.8944751e+01   4.6473239e+02   2.9161757e+00   8.0421731e+00   6.5953489e+00
   1.9960000e+03   1.2000000e+01   2.9000000e+01   8.0000000e+00   5.0000000e+00   1.0000000e+01  -5.3983653e+01  -3.8945457e+01   4.7437471e+02   5.1836336e+00   1.5014532e+01   1.3291297e+01
   1.9960000e+03   1.2000000e+01   2.9000000e+01   8.0000000e+00   6.0000000e+00   3.3000000e+01  -5.3979570e+01  -3.8946665e+01   4.6045797e+02   1.7089569e+00   4.5959124e+00   4.2192053e+00
   1.9960000e+03   1.2000000e+01   2.9000000e+01   8.0000000e+00   8.0000000e+00   2.0000000e+00  -5.3975560e+01  -3.8948330e+01   4.5868356e+02   2.1995894e+00   6.0192458e+00   5.3484711e+00
   1.9960000e+03   1.2000000e+01   2.9000000e+01   8.0000000e+00   9.0000000e+00   3.3000000e+01  -5.3971297e+01  -3.8949813e+01   4.8345756e+02   1.0311140e+00   3.7725378e+00   1.5702184e+00
   1.9960000e+03   1.2000000e+01   2.9000000e+01   8.0000000e+00   1.1000000e+01   4.0000992e+00  -5.3966845e+01  -3.8950935e+01   5.0017240e+02   2.2791369e+00   7.1245218e+00   1.7165897e+00
   1.9960000e+03   1.2000000e+01   2.9000000e+01   8.0000000e+00   1.2000000e+01   3.8000000e+01  -5.3962430e+01  -3.8952282e+01   4.9844002e+02   2.8398718e+00   7.6372916e+00   1.0170512e+00
   1.9960000e+03   1.2000000e+01   2.9000000e+01   8.0000000e+00   1.4000000e+01   8.0000000e+00  -5.3958720e+01  -3.8953975e+01   4.2684626e+02   2.6787048e+00   8.5062671e+00   1.1732736e+00
   1.9960000e+03   1.2000000e+01   2.9000000e+01   8.0000000e+00   1.5000000e+01   3.7000000e+01  -5.3955030e+01  -3.8955590e+01   4.2341076e+02   2.1358509e+00   6.2980525e+00   1.1836380e+00
   1.9960000e+03   1.2000000e+01   2.9000000e+01   8.0000000e+00   1.7000000e+01   3.0000000e+00  -5.3950198e+01  -3.8956283e+01   5.3889323e+02   1.4486708e+00   4.3923453e+00   6.7917862e-01
   1.9960000e+03   1.2000000e+01   2.9000000e+01   8.0000000e+00   1.8000000e+01   2.5000000e+01  -5.3946290e+01  -3.8957097e+01   4.3746028e+02   6.8431254e-01   2.6107117e+00   7.2106656e-01
   1.9960000e+03   1.2000000e+01   2.9000000e+01   8.0000000e+00   1.9000000e+01   5.5000000e+01  -5.3942377e+01  -3.8958433e+01   4.4347869e+02   5.7805927e-01   2.6710592e+00   5.1640075e-01
   1.9960000e+03   1.2000000e+01   2.9000000e+01   8.0000000e+00   2.1000000e+01   2.9000000e+01  -5.3938255e+01  -3.8960455e+01   4.7670695e+02   1.2117140e+00   3.6239381e+00   2.0238949e+00
   1.9960000e+03   1.2000000e+01   2.9000000e+01   8.0000000e+00   2.3000000e+01   1.0000000e+00  -5.3933890e+01  -3.8962200e+01   4.9829123e+02   4.2347743e+00   1.1776793e+01   9.5046311e+00
   1.9960000e+03   1.2000000e+01   2.9000000e+01   8.0000000e+00   2.4000000e+01   3.4000000e+01  -5.3929440e+01  -3.8963290e+01   4.9961036e+02   5.1668567e+00   1.4364064e+01   1.2999517e+01
   1.9960000e+03   1.2000000e+01   2.9000000e+01   8.0000000e+00   2.6000000e+01   9.0000000e+00  -5.3925050e+01  -3.8964560e+01   4.9484335e+02   3.6536450e+00   1.0227603e+01   9.0905730e+00
   1.9960000e+03   1.2000000e+01   2.9000000e+01   8.0000000e+00   2.7000000e+01   4.4000000e+01  -5.3920746e+01  -3.8966320e+01   4.9202858e+02   1.2764255e+00   3.5840917e+00   3.5048762e+00
   1.9960000e+03   1.2000000e+01   2.9000000e+01   8.0000000e+00   2.9000000e+01   1.1000000e+01  -5.3916260e+01  -3.8967650e+01   5.0591767e+02   8.0129380e+00   2.1549263e+01   2.1384486e+01
   1.9960000e+03   1.2000000e+01   2.9000000e+01   8.0000000e+00   3.0000000e+01   3.9000000e+01  -5.3911670e+01  -3.8968385e+01   5.1231542e+02   3.6526721e+00   1.0068051e+01   9.5715292e+00
   1.9960000e+03   1.2000000e+01   2.9000000e+01   8.0000000e+00   3.2000000e+01   2.0000000e+01  -5.3907500e+01  -3.8970095e+01   4.7669604e+02   6.6317488e+00   1.8289147e+01   1.7299672e+01
   1.9960000e+03   1.2000000e+01   2.9000000e+01   8.0000000e+00   3.4000000e+01   4.0000000e+00  -5.3903210e+01  -3.8972220e+01   4.9658716e+02   3.7822875e+00   1.0598389e+01   1.0119554e+01
   1.9960000e+03   1.2000000e+01   2.9000000e+01   8.0000000e+00   3.5000000e+01   3.8000000e+01  -5.3898678e+01  -3.8973322e+01   5.0878732e+02   1.7218357e+00   5.1161195e+00   3.8106522e+00
   1.9960000e+03   1.2000000e+01   2.9000000e+01   8.0000000e+00   3.7000000e+01   1.0000000e+01  -5.3894233e+01  -3.8974377e+01   4.9873548e+02   2.0292926e+00   5.6620895e+00   3.6210804e+00
   1.9960000e+03   1.2000000e+01   2.9000000e+01   8.0000000e+00   3.8000000e+01   4.6000000e+01  -5.3889771e+01  -3.8975850e+01   5.0515636e+02   2.9613537e+00   8.3729690e+00   3.0185762e+00
   1.9960000e+03   1.2000000e+01   2.9000000e+01   8.0000000e+00   4.0000000e+01   2.4000000e+01  -5.3885541e+01  -3.8977630e+01   4.8424544e+02   7.2293841e+00   2.0128030e+01   7.1930057e+00
   1.9960000e+03   1.2000000e+01   2.9000000e+01   8.0000000e+00   4.1000000e+01   5.4000000e+01  -5.3881606e+01  -3.8979070e+01   4.4729178e+02   1.9773592e+01   5.3472614e+01   3.8746533e+01
   1.9960000e+03   1.2000000e+01   2.9000000e+01   8.0000000e+00   4.3000000e+01   1.8999901e+01  -5.3877636e+01  -3.8980185e+01   4.4715363e+02   1.4367298e+01   3.9055842e+01   3.3095299e+01
   1.9960000e+03   1.2000000e+01   2.9000000e+01   8.0000000e+00   4.4000000e+01   4.9000099e+01  -5.3873301e+01  -3.8981480e+01   4.8913815e+02   4.1620525e+00   1.1350467e+01   7.0468922e-01
   1.9960000e+03   1.2000000e+01   2.9000000e+01   8.0000000e+00   4.6000000e+01   2.1000099e+01  -5.3869111e+01  -3.8982890e+01   4.7467131e+02   1.1269057e+01   3.0598435e+01   8.7128637e+00
   1.9960000e+03   1.2000000e+01   2.9000000e+01   8.0000000e+00   4.7000000e+01   5.1000000e+01  -5.3865305e+01  -3.8984632e+01   4.3801346e+02   1.6151026e+01   4.3744361e+01   2.0671417e+01
   1.9960000e+03   1.2000000e+01   2.9000000e+01   8.0000000e+00   4.9000000e+01   2.1000000e+01  -5.3861111e+01  -3.8986200e+01   4.7724791e+02   1.5594209e+01   4.2066496e+01   3.8870853e+01
   1.9960000e+03   1.2000000e+01   2.9000000e+01   8.0000000e+00   5.0000000e+01   5.5000000e+01  -5.3856761e+01  -3.8987677e+01   4.9299940e+02   9.4690793e+00   2.5482948e+01   2.4976164e+01
   1.9960000e+03   1.2000000e+01   2.9000000e+01   8.0000000e+00   5.2000000e+01   3.1000099e+01  -5.3852401e+01  -3.8988880e+01   4.9083016e+02   1.8213354e+00   4.8981328e+00   4.8981328e+00
   1.9960000e+03   1.2000000e+01   2.9000000e+01   8.0000000e+00   5.4000000e+01   9.0000000e+00  -5.3848211e+01  -3.8990215e+01   4.7376689e+02   4.7888561e-01   1.4290408e+00   1.4290408e+00
   1.9960000e+03   1.2000000e+01   2.9000000e+01   8.0000000e+00   5.5000000e+01   4.8000000e+01  -5.3843818e+01  -3.8991557e+01   4.9593913e+02   8.3856672e-01   2.3804348e+00   1.8795673e+00
   1.9960000e+03   1.2000000e+01   2.9000000e+01   8.0000000e+00   5.7000000e+01   1.3000000e+01  -5.3840771e+01  -3.8992542e+01   3.4476753e+02   7.1136258e-02   1.9130735e-01   1.9130735e-01
   1.9960000e+03   1.2000000e+01   2.9000000e+01   8.0000000e+00   5.8000000e+01   3.6000000e+01  -5.3836421e+01  -3.8994080e+01   4.9373206e+02   8.5712938e-02   2.6017569e-01   2.6017569e-01
   1.9960000e+03   1.2000000e+01   2.9000000e+01   9.0000000e+00   0.0000000e+00   1.5000000e+01  -5.3832141e+01  -3.8995517e+01   4.8484068e+02   1.2501618e-01   3.3620707e-01   3.1096041e-01
   1.9960000e+03   1.2000000e+01   2.9000000e+01   9.0000000e+00   1.0000000e+00   5.1000000e+01  -5.3827871e+01  -3.8997469e+01   4.9141932e+02   1.6448062e-01   4.4233915e-01   4.1889266e-01
   1.9960000e+03   1.2000000e+01   2.9000000e+01   9.0000000e+00   3.0000000e+00   2.5000000e+01  -5.3823424e+01  -3.8999117e+01   5.0588551e+02   3.8347778e-01   1.0312901e+00   8.9764794e-01
   1.9960000e+03   1.2000000e+01   2.9000000e+01   9.0000000e+00   5.0000000e+00   9.9182129e-05  -5.3819034e+01  -3.9000267e+01   4.9361476e+02   5.0258661e-01   1.3516105e+00   1.3516105e+00
   1.9960000e+03   1.2000000e+01   2.9000000e+01   9.0000000e+00   6.0000000e+00   3.1000000e+01  -5.3814982e+01  -3.9001400e+01   4.5640121e+02   4.5266567e-01   1.2173577e+00   1.1702960e+00
   1.9960000e+03   1.2000000e+01   2.9000000e+01   9.0000000e+00   7.0000000e+00   5.9000000e+01  -5.3812271e+01  -3.9002470e+01   3.0922229e+02   2.9646757e-01   1.0490163e+00   8.8036897e-01
   1.9960000e+03   1.2000000e+01   2.9000000e+01   9.0000000e+00   9.0000000e+00   2.5000000e+01  -5.3807740e+01  -3.9003979e+01   5.1317500e+02   1.8446718e-01   4.9608917e-01   4.9608917e-01
   1.9960000e+03   1.2000000e+01   2.9000000e+01   9.0000000e+00   1.0000000e+01   5.6000000e+01  -5.3803026e+01  -3.9005595e+01   5.3444431e+02   2.8304061e-01   7.6118355e-01   7.0363170e-01
   1.9960000e+03   1.2000000e+01   2.9000000e+01   9.0000000e+00   1.2000000e+01   3.3000099e+01  -5.3799339e+01  -3.9007063e+01   4.2090174e+02   6.2199415e-01   2.0867777e+00   2.0227089e+00
   1.9960000e+03   1.2000000e+01   2.9000000e+01   9.0000000e+00   1.4000000e+01   4.0000000e+00  -5.3794761e+01  -3.9008529e+01   5.1767769e+02   3.4226388e-01   1.0601951e+00   5.6814910e-01
   1.9960000e+03   1.2000000e+01   2.9000000e+01   9.0000000e+00   1.5000000e+01   3.0000000e+01  -5.3790674e+01  -3.9009714e+01   4.6078221e+02   6.5137311e-01   1.9540044e+00   1.0029701e+00
   1.9960000e+03   1.2000000e+01   2.9000000e+01   9.0000000e+00   1.6000000e+01   5.8000000e+01  -5.3786261e+01  -3.9011269e+01   5.0085022e+02   1.4261106e+00   3.8352514e+00   3.5995266e+00
   1.9960000e+03   1.2000000e+01   2.9000000e+01   9.0000000e+00   1.8000000e+01   3.5000000e+01  -5.3781872e+01  -3.9012754e+01   4.9743063e+02   1.7659664e+00   4.7492285e+00   4.3131100e+00
   1.9960000e+03   1.2000000e+01   2.9000000e+01   9.0000000e+00   2.0000000e+01   1.5999901e+01  -5.3777652e+01  -3.9013980e+01   4.7577904e+02   1.4150526e+00   3.8055130e+00   3.8055130e+00
   1.9960000e+03   1.2000000e+01   2.9000000e+01   9.0000000e+00   2.1000000e+01   4.8000099e+01  -5.3773130e+01  -3.9015466e+01   5.1189152e+02   1.0283325e+00   2.7655033e+00   2.6952781e+00
   1.9960000e+03   1.2000000e+01   2.9000000e+01   9.0000000e+00   2.3000000e+01   1.8000000e+01  -5.3768600e+01  -3.9017174e+01   5.1571869e+02   1.1458108e+02   3.0820820e+02   3.0773474e+02
   1.9960000e+03   1.2000000e+01   2.9000000e+01   9.0000000e+00   2.5000000e+01   2.9999008e+00  -5.3764542e+01  -3.9018984e+01   4.6632190e+02   4.4784844e-01   1.2044026e+00   1.2044026e+00
   1.9960000e+03   1.2000000e+01   2.9000000e+01   9.0000000e+00   2.6000000e+01   4.3000000e+01  -5.3760139e+01  -3.9020604e+01   5.0060219e+02   2.2344245e+00   6.0090568e+00   5.9913638e+00
   1.9960000e+03   1.2000000e+01   2.9000000e+01   9.0000000e+00   2.8000000e+01   1.0000000e+01  -5.3755445e+01  -3.9021877e+01   5.2836759e+02   2.3537812e+01   6.3431526e+01   6.2901112e+01
   1.9960000e+03   1.2000000e+01   2.9000000e+01   9.0000000e+00   2.9000000e+01   4.9000099e+01  -5.3751836e+01  -3.9022905e+01   4.0659759e+02   8.5171293e+01   2.2951413e+02   2.2884961e+02
   1.9960000e+03   1.2000000e+01   2.9000000e+01   9.0000000e+00   3.1000000e+01   3.0000099e+01  -5.3747534e+01  -3.9024110e+01   4.8452224e+02   8.7958267e+01   2.3697708e+02   2.3453972e+02
   1.9960000e+03   1.2000000e+01   2.9000000e+01   9.0000000e+00   3.3000000e+01   3.0000992e+00  -5.3743032e+01  -3.9025694e+01   5.1107724e+02   1.9482888e+01   5.2395498e+01   5.1965063e+01
   1.9960000e+03   1.2000000e+01   2.9000000e+01   9.0000000e+00   3.4000000e+01   3.4000000e+01  -5.3738757e+01  -3.9027189e+01   4.8504422e+02   3.3764108e+02   9.0802105e+02   8.5477733e+02
   1.9960000e+03   1.2000000e+01   2.9000000e+01   9.0000000e+00   3.6000000e+01   6.0000992e+00  -5.3734292e+01  -3.9028570e+01   5.0432717e+02   7.8010783e+00   2.0979507e+01   2.0039857e+01
   1.9960000e+03   1.2000000e+01   2.9000000e+01   9.0000000e+00   3.7000000e+01   4.0999901e+01  -5.3729832e+01  -3.9029790e+01   5.0209667e+02   8.7070098e+00   3.1747810e+01   3.1116958e+01
   1.9960000e+03   1.2000000e+01   2.9000000e+01   9.0000000e+00   3.9000000e+01   2.2999901e+01  -5.3725442e+01  -3.9030902e+01   4.9326897e+02   3.5215307e+01   1.0010667e+02   9.3703139e+01
   1.9960000e+03   1.2000000e+01   2.9000000e+01   9.0000000e+00   4.1000000e+01   6.0000000e+00  -5.3721162e+01  -3.9032160e+01   4.8273222e+02   5.9459254e+00   1.6480244e+01   1.5269131e+01
   1.9960000e+03   1.2000000e+01   2.9000000e+01   9.0000000e+00   4.2000000e+01   4.4000000e+01  -5.3716827e+01  -3.9033903e+01   4.9510556e+02   1.0834509e+01   3.5280374e+01   2.6409611e+01
   1.9960000e+03   1.2000000e+01   2.9000000e+01   9.0000000e+00   4.4000000e+01   1.4000000e+01  -5.3712628e+01  -3.9035829e+01   4.8357646e+02   1.0890780e+01   3.0148795e+01   1.0392724e+01
   1.9960000e+03   1.2000000e+01   2.9000000e+01   9.0000000e+00   4.5000000e+01   4.5000000e+01  -5.3708462e+01  -3.9037494e+01   4.7564697e+02   5.4074505e+00   1.4542303e+01   3.5279795e+00
   1.9960000e+03   1.2000000e+01   2.9000000e+01   9.0000000e+00   4.7000000e+01   1.5000000e+01  -5.3704372e+01  -3.9038857e+01   4.6323863e+02   1.7417925e+01   5.0481629e+01   2.8067835e+01
   1.9960000e+03   1.2000000e+01   2.9000000e+01   9.0000000e+00   4.8000000e+01   3.9000000e+01  -5.3700276e+01  -3.9040419e+01   4.6663207e+02   1.0101672e+01   3.3374586e+01   1.8849757e+01
   1.9960000e+03   1.2000000e+01   2.9000000e+01   9.0000000e+00   5.0000000e+01   9.0000992e+00  -5.3696522e+01  -3.9041689e+01   4.2539786e+02   3.6108247e+00   1.0181287e+01   4.7069911e+00
   1.9960000e+03   1.2000000e+01   2.9000000e+01   9.0000000e+00   5.1000000e+01   3.9000000e+01  -5.3692727e+01  -3.9043034e+01   4.3083748e+02   1.3851152e+00   4.3133438e+00   2.3708937e+00
   1.9960000e+03   1.2000000e+01   2.9000000e+01   9.0000000e+00   5.3000000e+01   5.0000992e+00  -5.3688595e+01  -3.9044664e+01   4.7152952e+02   9.5668325e-01   5.1852119e+00   8.5621082e-01
   1.9960000e+03   1.2000000e+01   2.9000000e+01   9.0000000e+00   5.4000000e+01   3.5000000e+01  -5.3684405e+01  -3.9046207e+01   4.7650553e+02   1.0368826e+00   3.6645834e+00   3.1028454e+00
   1.9960000e+03   1.2000000e+01   2.9000000e+01   9.0000000e+00   5.6000000e+01   5.0000000e+00  -5.3680715e+01  -3.9047764e+01   4.2264101e+02   2.1903122e+00   6.6135782e+00   8.2568366e-01
   1.9960000e+03   1.2000000e+01   2.9000000e+01   9.0000000e+00   5.7000000e+01   3.8000000e+01  -5.3676342e+01  -3.9049646e+01   5.0147645e+02   1.9617402e+00   6.3135136e+00   1.6225712e+00
   1.9960000e+03   1.2000000e+01   2.9000000e+01   9.0000000e+00   5.9000000e+01   1.0000000e+01  -5.3672285e+01  -3.9051324e+01   4.6413854e+02   1.8783185e+00   6.3781045e+00   3.6914588e+00
   1.9960000e+03   1.2000000e+01   2.9000000e+01   1.0000000e+01   0.0000000e+00   4.0000000e+01  -5.3667806e+01  -3.9052984e+01   5.0967095e+02   1.1919950e+00   3.2531682e+00   9.1539190e-01
   1.9960000e+03   1.2000000e+01   2.9000000e+01   1.0000000e+01   2.0000000e+00   1.0000099e+01  -5.3663686e+01  -3.9054705e+01   4.7162282e+02   8.9639985e-01   2.4106958e+00   0.0000000e+00
   1.9960000e+03   1.2000000e+01   2.9000000e+01   1.0000000e+01   3.0000000e+00   4.5000000e+01  -5.3659386e+01  -3.9056550e+01   4.9302568e+02   1.5836099e+00   4.8062471e+00   2.5940226e+00
   1.9960000e+03   1.2000000e+01   2.9000000e+01   1.0000000e+01   5.0000000e+00   2.1000000e+01  -5.3655223e+01  -3.9058150e+01   4.7437864e+02   2.8693786e+00   8.2072174e+00   5.8464805e+00
   1.9960000e+03   1.2000000e+01   2.9000000e+01   1.0000000e+01   6.0000000e+00   5.3000000e+01  -5.3650900e+01  -3.9059924e+01   4.9432528e+02   1.6602657e+00   8.5094932e+00   3.3249288e+00
   1.9960000e+03   1.2000000e+01   2.9000000e+01   1.0000000e+01   8.0000000e+00   2.5000000e+01  -5.3646485e+01  -3.9061614e+01   5.0306407e+02   4.7691982e+00   1.3096121e+01   5.7541439e+00
   1.9960000e+03   1.2000000e+01   2.9000000e+01   1.0000000e+01   1.0000000e+01   2.9999008e+00  -5.3642092e+01  -3.9063364e+01   5.0158034e+02   2.2597270e+00   1.2659613e+01   2.7808891e+00
   1.9960000e+03   1.2000000e+01   2.9000000e+01   1.0000000e+01   1.1000000e+01   3.8000000e+01  -5.3637784e+01  -3.9064985e+01   4.9055688e+02   1.9932658e+00   1.0318737e+01   1.0819787e+00
   1.9960000e+03   1.2000000e+01   2.9000000e+01   1.0000000e+01   1.3000000e+01   6.0000000e+00  -5.3633834e+01  -3.9066789e+01   4.5475751e+02   3.3294907e+00   1.7553322e+01   2.7273171e+00
   1.9960000e+03   1.2000000e+01   2.9000000e+01   1.0000000e+01   1.4000000e+01   3.5000000e+01  -5.3629556e+01  -3.9068597e+01   4.9000973e+02   4.1616694e+00   1.4538554e+01   3.5944786e+00
   1.9960000e+03   1.2000000e+01   2.9000000e+01   1.0000000e+01   1.6000000e+01   1.0000099e+01  -5.3625373e+01  -3.9070154e+01   4.7602338e+02   6.5863618e+01   2.8355836e+02   1.9241413e+02
   1.9960000e+03   1.2000000e+01   2.9000000e+01   1.0000000e+01   1.7000000e+01   4.4999901e+01  -5.3621116e+01  -3.9071994e+01   4.8831216e+02   1.7322039e+00   5.2916105e+00   2.9065976e+00
   1.9960000e+03   1.2000000e+01   2.9000000e+01   1.0000000e+01   1.9000000e+01   1.4000000e+01  -5.3616648e+01  -3.9074099e+01   5.1545224e+02   5.0446135e+00   1.3714175e+01   1.1872818e+00
   1.9960000e+03   1.2000000e+01   2.9000000e+01   1.0000000e+01   2.0000000e+01   4.4000000e+01  -5.3612253e+01  -3.9075789e+01   5.0099293e+02   1.6186424e+03   4.3533540e+03   4.3474561e+03
   1.9960000e+03   1.2000000e+01   2.9000000e+01   1.0000000e+01   2.2000000e+01   1.8000000e+01  -5.3607943e+01  -3.9077674e+01   4.9478675e+02   2.8932047e+00   9.2970642e+00   3.6177679e+00
   1.9960000e+03   1.2000000e+01   2.9000000e+01   1.0000000e+01   2.3000000e+01   5.4000099e+01  -5.3603648e+01  -3.9079599e+01   4.9377276e+02   2.9710163e+00   1.4532510e+01   1.8893794e+00
   1.9960000e+03   1.2000000e+01   2.9000000e+01   1.0000000e+01   2.5000000e+01   3.1000000e+01  -5.3599414e+01  -3.9081359e+01   4.8469155e+02   1.0857015e+00   3.0960681e+00   1.4810088e+00
   1.9960000e+03   1.2000000e+01   2.9000000e+01   1.0000000e+01   2.7000000e+01   6.0000000e+00  -5.3595173e+01  -3.9083238e+01   4.8725067e+02   6.3136053e-01   3.3747990e+00   8.2510353e-01
   1.9960000e+03   1.2000000e+01   2.9000000e+01   1.0000000e+01   2.8000000e+01   3.8000000e+01  -5.3591011e+01  -3.9084965e+01   4.7625023e+02   1.0222069e+00   2.7490298e+00   1.1907143e+00
   1.9960000e+03   1.2000000e+01   2.9000000e+01   1.0000000e+01   3.0000000e+01   6.0000000e+00  -5.3586854e+01  -3.9086798e+01   4.7752196e+02   2.7722287e+00   1.2220137e+01   1.1340180e+00
   1.9960000e+03   1.2000000e+01   2.9000000e+01   1.0000000e+01   3.1000000e+01   3.1000000e+01  -5.3582794e+01  -3.9088758e+01   4.6929321e+02   3.0850115e+00   8.8322360e+00   1.2161243e+00
   1.9960000e+03   1.2000000e+01   2.9000000e+01   1.0000000e+01   3.3000000e+01   1.0000000e+00  -5.3578653e+01  -3.9090398e+01   4.7268659e+02   1.7419770e+00   5.3171273e+00   3.4134391e+00
   1.9960000e+03   1.2000000e+01   2.9000000e+01   1.0000000e+01   3.4000000e+01   4.0000000e+01  -5.3574353e+01  -3.9091993e+01   4.8926711e+02   9.9761350e+01   2.6831596e+02   2.1267123e+02
   1.9960000e+03   1.2000000e+01   2.9000000e+01   1.0000000e+01   3.6000000e+01   2.0000000e+01  -5.3570093e+01  -3.9094053e+01   4.9250024e+02   2.3998210e-01   1.3164294e+00   2.8914492e-01
   1.9960000e+03   1.2000000e+01   2.9000000e+01   1.0000000e+01   3.7000000e+01   5.8000000e+01  -5.3565862e+01  -3.9095753e+01   4.8342347e+02   2.2357441e+00   6.2689030e+00   4.9838036e+00
   1.9960000e+03   1.2000000e+01   2.9000000e+01   1.0000000e+01   3.9000000e+01   3.1000000e+01  -5.3561464e+01  -3.9097408e+01   5.0069726e+02   2.3168348e+00   7.1988819e+00   7.3569421e-01
   1.9960000e+03   1.2000000e+01   2.9000000e+01   1.0000000e+01   4.1000000e+01   0.0000000e+00  -5.3557227e+01  -3.9099573e+01   4.9209218e+02   1.2871227e+00   3.4614702e+00   2.7195947e+00
   1.9960000e+03   1.2000000e+01   2.9000000e+01   1.0000000e+01   4.2000000e+01   2.8000000e+01  -5.3552911e+01  -3.9101222e+01   4.9167309e+02   1.0891240e+00   5.8366586e+00   1.1015693e+00
   1.9960000e+03   1.2000000e+01   2.9000000e+01   1.0000000e+01   4.4000000e+01   0.0000000e+00  -5.3548623e+01  -3.9102517e+01   4.8413100e+02   7.0518551e-01   2.3742907e+00   8.6430516e-01
   1.9960000e+03   1.2000000e+01   2.9000000e+01   1.0000000e+01   4.5000000e+01   3.6000099e+01  -5.3544263e+01  -3.9103808e+01   4.9192555e+02   3.0143256e+00   1.0549604e+01   5.4154799e+00
   1.9960000e+03   1.2000000e+01   2.9000000e+01   1.0000000e+01   4.7000000e+01   1.4000000e+01  -5.3539874e+01  -3.9105562e+01   5.0133852e+02   1.9367128e+00   5.4483316e+00   5.0024900e+00
   1.9960000e+03   1.2000000e+01   2.9000000e+01   1.0000000e+01   4.8000000e+01   4.9000000e+01  -5.3535619e+01  -3.9107348e+01   4.8719943e+02   8.3006287e-01   2.2322952e+00   1.6218512e+00
   1.9960000e+03   1.2000000e+01   2.9000000e+01   1.0000000e+01   5.0000000e+01   1.8000000e+01  -5.3531692e+01  -3.9108683e+01   4.4524096e+02   1.8597043e+00   5.1076620e+00   1.3345702e+00
   1.9960000e+03   1.2000000e+01   2.9000000e+01   1.0000000e+01   5.1000000e+01   4.4000000e+01  -5.3527289e+01  -3.9110204e+01   4.9941349e+02   8.8505546e-01   2.3801872e+00   4.8059354e-01
   1.9960000e+03   1.2000000e+01   2.9000000e+01   1.0000000e+01   5.3000000e+01   1.1000099e+01  -5.3522736e+01  -3.9111738e+01   5.1603329e+02   1.4323377e+00   3.8519981e+00   2.4655604e+00
   1.9960000e+03   1.2000000e+01   2.9000000e+01   1.0000000e+01   5.4000000e+01   4.0000000e+01  -5.3518606e+01  -3.9113188e+01   4.6878557e+02   1.3254394e+00   3.5645156e+00   0.0000000e+00
   1.9960000e+03   1.2000000e+01   2.9000000e+01   1.0000000e+01   5.6000000e+01   1.3000000e+01  -5.3514292e+01  -3.9115042e+01   4.9479627e+02   2.4614405e+00   6.6195730e+00   6.6195730e+00
   1.9960000e+03   1.2000000e+01   2.9000000e+01   1.0000000e+01   5.7000000e+01   4.8000099e+01  -5.3509904e+01  -3.9116903e+01   5.0291489e+02   4.6232785e+00   1.2433422e+01   1.0058552e+00
   1.9960000e+03   1.2000000e+01   2.9000000e+01   1.0000000e+01   5.9000000e+01   2.1000099e+01  -5.3505524e+01  -3.9118479e+01   4.9772289e+02   1.0303999e+00   1.5400515e+01   5.5926605e-02
   1.9960000e+03   1.2000000e+01   2.9000000e+01   1.1000000e+01   0.0000000e+00   5.3000099e+01  -5.3501324e+01  -3.9119935e+01   4.7651740e+02   2.7690214e+00   1.2612362e+01   5.8155494e-01
   1.9960000e+03   1.2000000e+01   2.9000000e+01   1.1000000e+01   2.0000000e+00   2.3000000e+01  -5.3497084e+01  -3.9121141e+01   4.7784909e+02   1.3971873e+00   7.1322680e+00   3.6680363e+00
   1.9960000e+03   1.2000000e+01   2.9000000e+01   1.1000000e+01   3.0000000e+00   5.8000099e+01  -5.3492642e+01  -3.9122312e+01   4.9954551e+02   1.2380848e+00   8.3750584e+00   1.4021109e+00
   1.9960000e+03   1.2000000e+01   2.9000000e+01   1.1000000e+01   5.0000000e+00   3.8000000e+01  -5.3488446e+01  -3.9123865e+01   4.7745045e+02   1.0152720e+00   8.2507855e+00   3.6962336e-01
   1.9960000e+03   1.2000000e+01   2.9000000e+01   1.1000000e+01   7.0000000e+00   1.6000000e+01  -5.3484224e+01  -3.9125418e+01   4.8027145e+02   1.7455836e+00   4.6944129e+00   4.5986036e-02
   1.9960000e+03   1.2000000e+01   2.9000000e+01   1.1000000e+01   8.0000000e+00   4.8000000e+01  -5.3479853e+01  -3.9126603e+01   4.9204041e+02   6.9072970e-01   1.8575853e+00   1.0378190e-01
   1.9960000e+03   1.2000000e+01   2.9000000e+01   1.1000000e+01   1.0000000e+01   8.9999008e+00  -5.3475660e+01  -3.9128364e+01   4.8020593e+02   7.4420766e-01   2.0014040e+00   1.0425091e+00
   1.9960000e+03   1.2000000e+01   2.9000000e+01   1.1000000e+01   1.1000000e+01   3.3000000e+01  -5.3471702e+01  -3.9129612e+01   4.4743038e+02   1.1760400e+00   3.1627346e+00   7.6334863e-01
   1.9960000e+03   1.2000000e+01   2.9000000e+01   1.1000000e+01   1.3000000e+01   3.0000000e+00  -5.3467584e+01  -3.9130790e+01   4.6423890e+02   9.4966192e-01   2.5539339e+00   2.1522180e+00
   1.9960000e+03   1.2000000e+01   2.9000000e+01   1.1000000e+01   1.4000000e+01   3.1000000e+01  -5.3463315e+01  -3.9132008e+01   4.8116511e+02   2.8262851e+00   7.7498078e+00   3.2392615e+00
   1.9960000e+03   1.2000000e+01   2.9000000e+01   1.1000000e+01   1.5000000e+01   5.9000099e+01  -5.3459100e+01  -3.9133394e+01   4.7726195e+02   1.1756519e+00   1.2003109e+01   3.9624107e-02
   1.9960000e+03   1.2000000e+01   2.9000000e+01   1.1000000e+01   1.7000000e+01   3.0000000e+01  -5.3454814e+01  -3.9134757e+01   4.8471702e+02   3.4286932e+00   9.2208140e+00   6.4194987e-03
   1.9960000e+03   1.2000000e+01   2.9000000e+01   1.1000000e+01   1.9000000e+01   4.0000992e+00  -5.3450460e+01  -3.9136168e+01   4.9274932e+02   1.7828568e+00   4.7946521e+00   1.4524195e+00
   1.9960000e+03   1.2000000e+01   2.9000000e+01   1.1000000e+01   2.0000000e+01   3.7999901e+01  -5.3446134e+01  -3.9137841e+01   4.9329754e+02   1.4671745e+00   3.9456849e+00   2.1559290e+00
   1.9960000e+03   1.2000000e+01   2.9000000e+01   1.1000000e+01   2.2000000e+01   1.1000000e+01  -5.3441845e+01  -3.9138869e+01   4.8136607e+02   1.9255881e+00   5.1785005e+00   7.5603768e-01
   1.9960000e+03   1.2000000e+01   2.9000000e+01   1.1000000e+01   2.3000000e+01   4.0000099e+01  -5.3437518e+01  -3.9139916e+01   4.8584352e+02   1.0058240e+00   2.7049711e+00   1.1084410e+00
   1.9960000e+03   1.2000000e+01   2.9000000e+01   1.1000000e+01   2.5000000e+01   8.0000000e+00  -5.3433404e+01  -3.9140916e+01   4.6186722e+02   1.9614395e+00   5.2749161e+00   2.6618875e+00
   1.9960000e+03   1.2000000e+01   2.9000000e+01   1.1000000e+01   2.6000000e+01   3.6000000e+01  -5.3429275e+01  -3.9142228e+01   4.6695135e+02   1.3024842e+00   3.5027820e+00   1.8766582e+00
   1.9960000e+03   1.2000000e+01   2.9000000e+01   1.1000000e+01   2.8000000e+01   5.0000000e+00  -5.3425248e+01  -3.9143853e+01   4.6028707e+02   9.6184777e-01   6.0485326e+00   0.0000000e+00
   1.9960000e+03   1.2000000e+01   2.9000000e+01   1.1000000e+01   2.9000000e+01   3.8000000e+01  -5.3420914e+01  -3.9145653e+01   4.9608090e+02   6.8009059e-01   2.6934181e+00   2.0709149e+00
   1.9960000e+03   1.2000000e+01   2.9000000e+01   1.1000000e+01   3.1000000e+01   1.0000000e+01  -5.3416518e+01  -3.9147013e+01   4.9676057e+02   5.1300062e-01   1.3796170e+00   3.6418964e-01
   1.9960000e+03   1.2000000e+01   2.9000000e+01   1.1000000e+01   3.2000000e+01   4.1000000e+01  -5.3412174e+01  -3.9147919e+01   4.8637724e+02   2.4379361e+00   7.2986897e+00   6.1932862e+00
   1.9960000e+03   1.2000000e+01   2.9000000e+01   1.1000000e+01   3.4000000e+01   1.6000000e+01  -5.3407854e+01  -3.9148969e+01   4.8505041e+02   2.3951880e+00   7.0208944e+00   1.9041249e+00
   1.9960000e+03   1.2000000e+01   2.9000000e+01   1.1000000e+01   3.5000000e+01   5.0000000e+01  -5.3403498e+01  -3.9150273e+01   4.9172876e+02   1.4592032e+00   3.9242476e+00   1.4352176e+00
   1.9960000e+03   1.2000000e+01   2.9000000e+01   1.1000000e+01   3.7000000e+01   2.0000000e+01  -5.3399038e+01  -3.9151546e+01   5.0272659e+02   1.2106523e+00   3.2558177e+00   2.3178726e+00
   1.9960000e+03   1.2000000e+01   2.9000000e+01   1.1000000e+01   3.8000000e+01   5.1000000e+01  -5.3394566e+01  -3.9152768e+01   5.0350042e+02   1.3675913e+00   4.5609249e+00   1.5570154e+00
   1.9960000e+03   1.2000000e+01   2.9000000e+01   1.1000000e+01   4.0000000e+01   2.4000000e+01  -5.3390221e+01  -3.9153964e+01   4.8925237e+02   2.2739614e+00   6.1153838e+00   3.4017280e+00
   1.9960000e+03   1.2000000e+01   2.9000000e+01   1.1000000e+01   4.1000000e+01   5.9000000e+01  -5.3385821e+01  -3.9154684e+01   4.9125078e+02   6.5733331e-01   2.3350515e+00   1.3759303e+00
   1.9960000e+03   1.2000000e+01   2.9000000e+01   1.1000000e+01   4.3000000e+01   3.6000000e+01  -5.3381346e+01  -3.9155828e+01   5.0300743e+02   2.6843411e+00   7.7928564e+00   6.0603796e+00
   1.9960000e+03   1.2000000e+01   2.9000000e+01   1.1000000e+01   4.5000000e+01   9.0000000e+00  -5.3377072e+01  -3.9156806e+01   4.7928857e+02   1.4214037e+00   3.9752400e+00   2.5026975e+00
   1.9960000e+03   1.2000000e+01   2.9000000e+01   1.1000000e+01   4.6000000e+01   3.9000000e+01  -5.3372735e+01  -3.9157207e+01   4.8272807e+02   6.4507907e+00   1.8531816e+01   1.7717941e+01
   1.9960000e+03   1.2000000e+01   2.9000000e+01   1.1000000e+01   4.8000000e+01   1.1000000e+01  -5.3368345e+01  -3.9157788e+01   4.8933210e+02   2.3093529e+00   6.4760355e+00   5.9742363e+00
   1.9960000e+03   1.2000000e+01   2.9000000e+01   1.1000000e+01   4.9000000e+01   4.1000000e+01  -5.3364140e+01  -3.9158739e+01   4.7152789e+02   4.6227951e+01   1.2432123e+02   9.5050134e+01
   1.9960000e+03   1.2000000e+01   2.9000000e+01   1.1000000e+01   5.1000000e+01   1.3000000e+01  -5.3360243e+01  -3.9159460e+01   4.3555983e+02   2.0322862e+03   5.4704338e+03   5.4686013e+03
   1.9960000e+03   1.2000000e+01   2.9000000e+01   1.1000000e+01   5.2000000e+01   4.4000000e+01  -5.3355861e+01  -3.9160518e+01   4.9200826e+02   4.4414256e-01   2.3268641e+00   8.5180539e-01
   1.9960000e+03   1.2000000e+01   2.9000000e+01   1.1000000e+01   5.4000000e+01   1.3000099e+01  -5.3351654e+01  -3.9161250e+01   4.6998225e+02   3.1789630e-01   1.2108496e+00   1.2108496e+00
   1.9960000e+03   1.2000000e+01   2.9000000e+01   1.1000000e+01   5.5000000e+01   3.8000000e+01  -5.3347400e+01  -3.9161595e+01   4.7321866e+02   4.9999109e-01   1.3446303e+00   1.3446303e+00
   1.9960000e+03   1.2000000e+01   2.9000000e+01   1.1000000e+01   5.7000000e+01   1.0000000e+00  -5.3343526e+01  -3.9162263e+01   4.3277753e+02   8.1003926e-01   2.4615682e+00   1.6720177e+00
   1.9960000e+03   1.2000000e+01   2.9000000e+01   1.1000000e+01   5.8000000e+01   3.3000000e+01  -5.3339425e+01  -3.9162680e+01   4.5655335e+02   1.4416735e+00   4.1673188e+00   3.3254261e+00
   1.9960000e+03   1.2000000e+01   2.9000000e+01   1.2000000e+01   0.0000000e+00   9.0000000e+00  -5.3335095e+01  -3.9163564e+01   4.8470903e+02   7.7630234e-01   3.6203160e+00   2.8864906e+00
   1.9960000e+03   1.2000000e+01   2.9000000e+01   1.2000000e+01   1.0000000e+00   4.4000099e+01  -5.3330772e+01  -3.9164517e+01   4.8459953e+02   4.1403123e+00   1.1248676e+01   4.1073269e+00
   1.9960000e+03   1.2000000e+01   2.9000000e+01   1.2000000e+01   3.0000000e+00   1.3000000e+01  -5.3326556e+01  -3.9165276e+01   4.7107969e+02   3.1141031e-01   1.9965899e+00   1.5321722e+00
   1.9960000e+03   1.2000000e+01   2.9000000e+01   1.2000000e+01   4.0000000e+00   4.1000099e+01  -5.3322505e+01  -3.9166189e+01   4.5422668e+02   1.3320139e-01   5.9703109e-01   3.6992494e-01
   1.9960000e+03   1.2000000e+01   2.9000000e+01   1.2000000e+01   6.0000000e+00   1.4000099e+01  -5.3318451e+01  -3.9167280e+01   4.5623422e+02   4.9023659e-03   1.1078241e+00   1.1078241e+00
   1.9960000e+03   1.2000000e+01   2.9000000e+01   1.2000000e+01   7.0000000e+00   4.0000000e+01  -5.3314279e+01  -3.9167860e+01   4.6526069e+02   2.7239344e-01   7.3255000e-01   1.6383538e-01
   1.9960000e+03   1.2000000e+01   2.9000000e+01   1.2000000e+01   9.0000000e+00   4.0000000e+00  -5.3310244e+01  -3.9168060e+01   4.4852044e+02   7.8277911e-01   2.4361315e+00   1.7587969e+00
   1.9960000e+03   1.2000000e+01   2.9000000e+01   1.2000000e+01   1.0000000e+01   3.3000099e+01  -5.3306004e+01  -3.9169000e+01   4.7529226e+02   1.4459229e+00   4.0025003e+00   3.4809333e+00
