   2.0180000e+03   1.0000000e+00   1.0000000e+01   9.0000000e+00   2.0000000e+00   5.7000000e+01  -5.3920821e+01  -3.8222359e+01   5.2587177e+02   1.7984315e+00   1.5422894e+00   6.6847770e-01
   2.0180000e+03   1.0000000e+00   1.0000000e+01   9.0000000e+00   4.0000000e+00   4.2000000e+01  -5.3916306e+01  -3.8224203e+01   5.1593490e+02   8.5521237e-01   6.5994215e-01   2.3773470e-01
   2.0180000e+03   1.0000000e+00   1.0000000e+01   9.0000000e+00   6.0000000e+00   2.0000000e+01  -5.3911807e+01  -3.8225363e+01   5.0568001e+02   1.8777111e+00   1.1707180e+00   8.2312103e-01
   2.0180000e+03   1.0000000e+00   1.0000000e+01   9.0000000e+00   8.0000000e+00   1.0000000e+00  -5.3907417e+01  -3.8226542e+01   4.9391463e+02   2.4534294e+00   4.2043590e+00   3.6192793e+00
   2.0180000e+03   1.0000000e+00   1.0000000e+01   9.0000000e+00   9.0000000e+00   4.1000000e+01  -5.3903002e+01  -3.8228077e+01   5.0076898e+02   3.4328398e+00   4.0411319e+00   4.0411319e+00
   2.0180000e+03   1.0000000e+00   1.0000000e+01   9.0000000e+00   1.1000000e+01   1.7000000e+01  -5.3898583e+01  -3.8229559e+01   5.0058979e+02   1.6087745e+00   3.3893276e-01   0.0000000e+00
   2.0180000e+03   1.0000000e+00   1.0000000e+01   9.0000000e+00   1.2000000e+01   5.3000000e+01  -5.3894167e+01  -3.8231039e+01   5.0013968e+02   2.9525935e+00   0.0000000e+00   0.0000000e+00
   2.0180000e+03   1.0000000e+00   1.0000000e+01   9.0000000e+00   1.4000000e+01   3.1000000e+01  -5.3889737e+01  -3.8232454e+01   5.0085329e+02   3.4282575e+00   3.4372824e+00   0.0000000e+00
   2.0180000e+03   1.0000000e+00   1.0000000e+01   9.0000000e+00   1.6000000e+01   9.0000000e+00  -5.3885326e+01  -3.8233848e+01   4.9865606e+02   3.6543080e+00   0.0000000e+00   0.0000000e+00
   2.0180000e+03   1.0000000e+00   1.0000000e+01   9.0000000e+00   1.7000000e+01   4.5000000e+01  -5.3880960e+01  -3.8235403e+01   4.9568802e+02   2.4864823e+00   4.9889130e+00   0.0000000e+00
   2.0180000e+03   1.0000000e+00   1.0000000e+01   9.0000000e+00   1.9000000e+01   2.0000000e+01  -5.3876517e+01  -3.8236839e+01   5.0258282e+02   3.5769078e+00   1.3352482e+00   0.0000000e+00
   2.0180000e+03   1.0000000e+00   1.0000000e+01   9.0000000e+00   2.0000000e+01   5.7000000e+01  -5.3872070e+01  -3.8238181e+01   5.0189261e+02   8.2593937e+00   1.0192270e+00   1.0192270e+00
   2.0180000e+03   1.0000000e+00   1.0000000e+01   9.0000000e+00   2.2000000e+01   3.6000000e+01  -5.3867695e+01  -3.8239529e+01   4.9417770e+02   2.0253454e+00   1.9502125e+00   1.1403054e+00
   2.0180000e+03   1.0000000e+00   1.0000000e+01   9.0000000e+00   2.4000000e+01   1.4000000e+01  -5.3863327e+01  -3.8241105e+01   4.9616063e+02   1.8990402e+00   8.0370271e-01   8.0370271e-01
   2.0180000e+03   1.0000000e+00   1.0000000e+01   9.0000000e+00   2.5000000e+01   5.1000000e+01  -5.3858938e+01  -3.8242685e+01   4.9856144e+02   3.7988107e+00   2.1413860e+00   0.0000000e+00
   2.0180000e+03   1.0000000e+00   1.0000000e+01   9.0000000e+00   2.7000000e+01   2.9000000e+01  -5.3854487e+01  -3.8243911e+01   5.0112044e+02   5.4293230e+00   3.9951887e+00   0.0000000e+00
   2.0180000e+03   1.0000000e+00   1.0000000e+01   9.0000000e+00   2.9000000e+01   6.0000000e+00  -5.3850080e+01  -3.8245268e+01   4.9773366e+02   4.5091039e+00   5.3833429e+00   0.0000000e+00
   2.0180000e+03   1.0000000e+00   1.0000000e+01   9.0000000e+00   3.0000000e+01   4.3000000e+01  -5.3845731e+01  -3.8247040e+01   4.9700651e+02   2.7314730e+00   4.9557893e+00   0.0000000e+00
   2.0180000e+03   1.0000000e+00   1.0000000e+01   9.0000000e+00   3.2000000e+01   2.1000000e+01  -5.3841357e+01  -3.8248629e+01   4.9707778e+02   5.2198000e+00   5.0748115e+00   0.0000000e+00
   2.0180000e+03   1.0000000e+00   1.0000000e+01   9.0000000e+00   3.3000000e+01   5.9000000e+01  -5.3836896e+01  -3.8249944e+01   5.0314070e+02   5.6698560e+00   3.2490281e+00   0.0000000e+00
   2.0180000e+03   1.0000000e+00   1.0000000e+01   9.0000000e+00   3.5000000e+01   3.6000000e+01  -5.3832433e+01  -3.8251251e+01   5.0328395e+02   5.5626809e+00   6.4375869e-01   0.0000000e+00
   2.0180000e+03   1.0000000e+00   1.0000000e+01   9.0000000e+00   3.7000000e+01   1.3000000e+01  -5.3828032e+01  -3.8252572e+01   4.9669804e+02   7.2971704e+00   1.1564910e-01   0.0000000e+00
   2.0180000e+03   1.0000000e+00   1.0000000e+01   9.0000000e+00   3.8000000e+01   5.1000000e+01  -5.3823648e+01  -3.8254113e+01   4.9754469e+02   5.9914050e+00   2.5152125e+00   0.0000000e+00
   2.0180000e+03   1.0000000e+00   1.0000000e+01   9.0000000e+00   4.0000000e+01   2.8000000e+01  -5.3819244e+01  -3.8255628e+01   4.9930292e+02   3.9372003e+00   6.8989162e-01   0.0000000e+00
   2.0180000e+03   1.0000000e+00   1.0000000e+01   9.0000000e+00   4.2000000e+01   5.0000000e+00  -5.3814814e+01  -3.8256815e+01   4.9837651e+02   4.2218293e+00   4.9124281e+00   1.9856219e+00
   2.0180000e+03   1.0000000e+00   1.0000000e+01   9.0000000e+00   4.3000000e+01   4.2000000e+01  -5.3810391e+01  -3.8258296e+01   5.0104805e+02   3.9975790e+00   5.5238987e+00   2.2500219e+00
   2.0180000e+03   1.0000000e+00   1.0000000e+01   9.0000000e+00   4.5000000e+01   1.8000000e+01  -5.3806024e+01  -3.8259956e+01   4.9728521e+02   4.8811906e+00   1.3935877e+01   9.0171842e-01
   2.0180000e+03   1.0000000e+00   1.0000000e+01   9.0000000e+00   4.6000000e+01   5.5000000e+01  -5.3801611e+01  -3.8261345e+01   4.9882705e+02   4.8829597e+00   6.4797158e+00   1.2223338e+00
   2.0180000e+03   1.0000000e+00   1.0000000e+01   9.0000000e+00   4.8000000e+01   3.2000000e+01  -5.3797148e+01  -3.8262606e+01   5.0272107e+02   5.5848043e+00   4.2331464e+00   1.5968239e+00
   2.0180000e+03   1.0000000e+00   1.0000000e+01   9.0000000e+00   5.0000000e+01   9.0000000e+00  -5.3792705e+01  -3.8263818e+01   5.0012452e+02   3.5918144e+00   2.8107905e+00   1.0310172e+00
   2.0180000e+03   1.0000000e+00   1.0000000e+01   9.0000000e+00   5.1000000e+01   4.7000000e+01  -5.3788329e+01  -3.8265267e+01   4.9548733e+02   5.3902070e+00   2.8433134e+00   5.3855444e-01
   2.0180000e+03   1.0000000e+00   1.0000000e+01   9.0000000e+00   5.3000000e+01   2.4000099e+01  -5.3783948e+01  -3.8266966e+01   4.9934429e+02   4.9975096e+00   2.4648225e+00   3.7994617e-01
   2.0180000e+03   1.0000000e+00   1.0000000e+01   9.0000000e+00   5.5000000e+01   0.0000000e+00  -5.3779584e+01  -3.8268825e+01   5.0014753e+02   5.0951759e+00   3.8629059e+00   0.0000000e+00
   2.0180000e+03   1.0000000e+00   1.0000000e+01   9.0000000e+00   5.6000000e+01   3.6000000e+01  -5.3775175e+01  -3.8270209e+01   4.9819260e+02   4.8981619e+00   2.7261366e+00   4.0539149e-01
   2.0180000e+03   1.0000000e+00   1.0000000e+01   9.0000000e+00   5.8000000e+01   1.2000000e+01  -5.3770756e+01  -3.8271389e+01   4.9721376e+02   5.0004809e+00   6.7189063e+00   7.9995916e-01
   2.0180000e+03   1.0000000e+00   1.0000000e+01   9.0000000e+00   5.9000000e+01   4.9000000e+01  -5.3766345e+01  -3.8272675e+01   4.9736855e+02   3.3909773e+00   5.6398495e+00   2.7719903e-01
   2.0180000e+03   1.0000000e+00   1.0000000e+01   1.0000000e+01   1.0000000e+00   2.7000000e+01  -5.3761941e+01  -3.8274162e+01   4.9898075e+02   3.2236395e+00   1.1102497e+01   6.3642307e+00
   2.0180000e+03   1.0000000e+00   1.0000000e+01   1.0000000e+01   3.0000000e+00   5.0000000e+00  -5.3757475e+01  -3.8275632e+01   5.0557980e+02   3.1102552e+00   1.1481273e+01   7.7189004e+00
   2.0180000e+03   1.0000000e+00   1.0000000e+01   1.0000000e+01   4.0000000e+00   4.8000099e+01  -5.3753016e+01  -3.8277186e+01   5.0588031e+02   2.6361091e+00   9.4718953e+00   2.3203705e+00
   2.0180000e+03   1.0000000e+00   1.0000000e+01   1.0000000e+01   1.0000000e+01   4.8999901e+01  -5.3739935e+01  -3.8281364e+01   1.4792314e+03   6.2798794e-01   6.6831266e+00   1.9229667e+00
   2.0180000e+03   1.0000000e+00   1.0000000e+01   1.0000000e+01   1.5000000e+01   4.8000000e+01  -5.3726357e+01  -3.8285905e+01   1.5380399e+03   1.3237904e+00   5.4621349e+00   5.9075401e-01
   2.0180000e+03   1.0000000e+00   1.0000000e+01   1.0000000e+01   1.8000000e+01   5.5000000e+01  -5.3717821e+01  -3.8288529e+01   9.6409271e+02   1.7320734e+00   6.0263651e+00   2.3073174e+00
   2.0180000e+03   1.0000000e+00   1.0000000e+01   1.0000000e+01   2.0000000e+01   3.2000000e+01  -5.3713382e+01  -3.8289645e+01   4.9871990e+02   8.8849484e-01   3.7888829e+00   2.3119051e+00
   2.0180000e+03   1.0000000e+00   1.0000000e+01   1.0000000e+01   2.2000000e+01   1.0000000e+01  -5.3708973e+01  -3.8291023e+01   4.9818119e+02   4.1927962e+00   1.4906937e+01   6.2413689e+00
   2.0180000e+03   1.0000000e+00   1.0000000e+01   1.0000000e+01   2.3000000e+01   4.9000000e+01  -5.3704537e+01  -3.8292628e+01   5.0410758e+02   4.8145228e+00   1.2198060e+01   0.0000000e+00
   2.0180000e+03   1.0000000e+00   1.0000000e+01   1.0000000e+01   2.5000000e+01   2.7000099e+01  -5.3700175e+01  -3.8294397e+01   4.9853802e+02   1.8076445e+00   6.5068318e+00   1.0383248e+00
   2.0180000e+03   1.0000000e+00   1.0000000e+01   1.0000000e+01   2.7000000e+01   4.0000000e+00  -5.3695798e+01  -3.8295740e+01   4.9429775e+02   1.3375526e+00   5.9136486e+00   1.8311704e+00
   2.0180000e+03   1.0000000e+00   1.0000000e+01   1.0000000e+01   2.8000000e+01   4.1000099e+01  -5.3691366e+01  -3.8296866e+01   4.9806816e+02   1.6304216e+00   5.7075304e+00   3.6520911e+00
   2.0180000e+03   1.0000000e+00   1.0000000e+01   1.0000000e+01   3.0000000e+01   1.8000000e+01  -5.3686956e+01  -3.8298202e+01   4.9781704e+02   1.5375331e+00   6.9762684e+00   4.1875961e+00
   2.0180000e+03   1.0000000e+00   1.0000000e+01   1.0000000e+01   3.1000000e+01   5.5000000e+01  -5.3682554e+01  -3.8299936e+01   5.0234390e+02   1.9823671e+00   7.7301477e+00   4.2096517e+00
   2.0180000e+03   1.0000000e+00   1.0000000e+01   1.0000000e+01   3.3000000e+01   3.2000000e+01  -5.3678146e+01  -3.8301555e+01   5.0119308e+02   2.4661099e+00   7.7410272e+00   3.5355158e+00
   2.0180000e+03   1.0000000e+00   1.0000000e+01   1.0000000e+01   3.5000000e+01   9.0000992e+00  -5.3673733e+01  -3.8302915e+01   4.9856626e+02   2.9480189e+00   9.1286958e+00   3.9558402e+00
   2.0180000e+03   1.0000000e+00   1.0000000e+01   1.0000000e+01   3.6000000e+01   4.6000000e+01  -5.3669334e+01  -3.8304202e+01   4.9605929e+02   2.4557394e+00   9.0886220e+00   2.8222302e+00
   2.0180000e+03   1.0000000e+00   1.0000000e+01   1.0000000e+01   3.8000000e+01   2.3000000e+01  -5.3664947e+01  -3.8305518e+01   4.9509309e+02   2.0307242e+00   8.4068200e+00   1.1000912e+00
   2.0180000e+03   1.0000000e+00   1.0000000e+01   1.0000000e+01   4.0000000e+01   1.0000000e+00  -5.3660508e+01  -3.8306922e+01   5.0186968e+02   2.2893110e+00   6.7482024e+00   2.9332888e-01
   2.0180000e+03   1.0000000e+00   1.0000000e+01   1.0000000e+01   4.1000000e+01   3.7999901e+01  -5.3656063e+01  -3.8308346e+01   5.0273705e+02   1.5739112e+00   4.2146506e+00   0.0000000e+00
   2.0180000e+03   1.0000000e+00   1.0000000e+01   1.0000000e+01   4.3000000e+01   1.4000000e+01  -5.3651657e+01  -3.8309858e+01   4.9958576e+02   1.6261646e+00   6.7407785e+00   1.2057403e+00
   2.0180000e+03   1.0000000e+00   1.0000000e+01   1.0000000e+01   4.4000000e+01   5.2000099e+01  -5.3647264e+01  -3.8311318e+01   4.9757976e+02   2.1128128e+00   6.7540096e+00   6.7740508e-01
   2.0180000e+03   1.0000000e+00   1.0000000e+01   1.0000000e+01   4.6000000e+01   3.2000000e+01  -5.3642869e+01  -3.8312635e+01   4.9597301e+02   1.2840209e+00   4.9198476e+00   4.9348444e-01
   2.0180000e+03   1.0000000e+00   1.0000000e+01   1.0000000e+01   4.8000000e+01   1.0000000e+01  -5.3638464e+01  -3.8314218e+01   5.0050634e+02   1.2345884e+00   3.1936676e+00   6.5859460e-01
   2.0180000e+03   1.0000000e+00   1.0000000e+01   1.0000000e+01   4.9000000e+01   4.6000099e+01  -5.3634076e+01  -3.8315776e+01   4.9831475e+02   5.3656291e-01   1.8309501e+00   6.5590432e-01
   2.0180000e+03   1.0000000e+00   1.0000000e+01   1.0000000e+01   5.1000000e+01   2.3000000e+01  -5.3629626e+01  -3.8316819e+01   4.9920084e+02   6.2494545e-01   3.4754432e+00   3.1552357e+00
   2.0180000e+03   1.0000000e+00   1.0000000e+01   1.0000000e+01   5.3000000e+01   0.0000000e+00  -5.3625197e+01  -3.8318186e+01   5.0034342e+02   5.0463320e-01   1.9379243e+00   7.4321951e-01
   2.0180000e+03   1.0000000e+00   1.0000000e+01   1.0000000e+01   5.4000000e+01   3.7000000e+01  -5.3620853e+01  -3.8319965e+01   4.9677925e+02   6.3808156e-01   3.0420270e+00   1.9019071e+00
   2.0180000e+03   1.0000000e+00   1.0000000e+01   1.0000000e+01   5.6000000e+01   1.5000000e+01  -5.3616452e+01  -3.8321529e+01   4.9972023e+02   4.2392608e-01   1.5562114e+00   1.2926449e-01
   2.0180000e+03   1.0000000e+00   1.0000000e+01   1.0000000e+01   5.7000000e+01   5.2000000e+01  -5.3611991e+01  -3.8322874e+01   5.0356289e+02   5.1233799e-01   4.5638717e-01   1.2730642e-01
   2.0180000e+03   1.0000000e+00   1.0000000e+01   1.0000000e+01   5.9000000e+01   2.9000000e+01  -5.3607586e+01  -3.8324112e+01   4.9627316e+02   1.9055072e+00   3.2112168e+00   2.3078041e-01
   2.0180000e+03   1.0000000e+00   1.0000000e+01   1.1000000e+01   1.0000000e+00   7.0000000e+00  -5.3603181e+01  -3.8325464e+01   4.9750964e+02   1.9458665e+00   6.9605764e+00   1.9674723e+00
   2.0180000e+03   1.0000000e+00   1.0000000e+01   1.1000000e+01   2.0000000e+00   4.4999901e+01  -5.3598818e+01  -3.8327008e+01   4.9539562e+02   1.9397967e+00   5.8103971e+00   2.7466838e+00
   2.0180000e+03   1.0000000e+00   1.0000000e+01   1.1000000e+01   4.0000000e+00   2.3000000e+01  -5.3594364e+01  -3.8328418e+01   5.0361207e+02   1.3981231e+00   5.5063682e+00   0.0000000e+00
   2.0180000e+03   1.0000000e+00   1.0000000e+01   1.1000000e+01   6.0000000e+00   0.0000000e+00  -5.3589966e+01  -3.8329917e+01   4.9856694e+02   1.3251148e+00   4.0667337e+00   1.1977928e+00
   2.0180000e+03   1.0000000e+00   1.0000000e+01   1.1000000e+01   7.0000000e+00   3.6000000e+01  -5.3585571e+01  -3.8331300e+01   4.9681561e+02   1.4557377e+00   5.9139149e+01   1.8726888e+00
   2.0180000e+03   1.0000000e+00   1.0000000e+01   1.1000000e+01   9.0000000e+00   1.4000000e+01  -5.3581055e+01  -3.8332700e+01   5.1032862e+02   7.9719019e-01   3.8704552e+00   1.8476530e+00
   2.0180000e+03   1.0000000e+00   1.0000000e+01   1.1000000e+01   1.1000000e+01   8.0000000e+00  -5.3576557e+01  -3.8334136e+01   5.0861927e+02   7.2544004e-01   2.9561141e+00   1.3695426e+00
   2.0180000e+03   1.0000000e+00   1.0000000e+01   1.1000000e+01   1.5000000e+01   4.5000000e+01  -5.3567878e+01  -3.8336952e+01   9.8218516e+02   6.3625360e-01   2.1732169e+00   0.0000000e+00
   2.0180000e+03   1.0000000e+00   1.0000000e+01   1.1000000e+01   1.8000000e+01   1.0000000e+00  -5.3563589e+01  -3.8338489e+01   4.8731641e+02   6.2696891e-01   2.0714121e+00   0.0000000e+00
   2.0180000e+03   1.0000000e+00   1.0000000e+01   1.1000000e+01   2.0000000e+01   3.0000000e+00  -5.3559185e+01  -3.8339738e+01   4.9627932e+02   1.5001937e+00   3.9327748e+00   1.9132696e+00
   2.0180000e+03   1.0000000e+00   1.0000000e+01   1.1000000e+01   2.1000000e+01   4.6000000e+01  -5.3554722e+01  -3.8341098e+01   5.0393467e+02   1.0999755e+00   2.9212424e+00   2.4310389e+00
   2.0180000e+03   1.0000000e+00   1.0000000e+01   1.1000000e+01   2.3000000e+01   2.2000000e+01  -5.3550242e+01  -3.8342631e+01   5.0800785e+02   7.5065008e-01   7.7748055e+00   7.7337695e-01
   2.0180000e+03   1.0000000e+00   1.0000000e+01   1.1000000e+01   2.4000000e+01   5.9000000e+01  -5.3545819e+01  -3.8344150e+01   5.0164145e+02   9.0240646e-01   2.9322377e+00   3.1865520e-01
   2.0180000e+03   1.0000000e+00   1.0000000e+01   1.1000000e+01   2.6000000e+01   3.6000000e+01  -5.3541460e+01  -3.8345558e+01   4.9319757e+02   1.2973704e+00   3.6879293e+00   4.1148601e-01
   2.0180000e+03   1.0000000e+00   1.0000000e+01   1.1000000e+01   2.8000000e+01   1.3000000e+01  -5.3537029e+01  -3.8346930e+01   5.0062959e+02   7.5884338e-01   2.3326689e+00   1.1811076e+00
   2.0180000e+03   1.0000000e+00   1.0000000e+01   1.1000000e+01   2.9000000e+01   5.0000099e+01  -5.3532603e+01  -3.8348350e+01   5.0063753e+02   1.0797772e+00   1.0002812e+01   5.1299930e+00
   2.0180000e+03   1.0000000e+00   1.0000000e+01   1.1000000e+01   3.1000000e+01   2.4999901e+01  -5.3528211e+01  -3.8349764e+01   4.9691651e+02   6.8865301e-01   1.0675579e+01   5.0254153e-01
   2.0180000e+03   1.0000000e+00   1.0000000e+01   1.1000000e+01   3.3000000e+01   1.0000000e+00  -5.3523786e+01  -3.8351158e+01   5.0022148e+02   4.4347215e-01   6.3617093e+00   3.1420518e-01
   2.0180000e+03   1.0000000e+00   1.0000000e+01   1.1000000e+01   3.4000000e+01   3.9000099e+01  -5.3519411e+01  -3.8352536e+01   4.9466057e+02   4.8107703e-01   1.4938757e+00   9.2742638e-01
   2.0180000e+03   1.0000000e+00   1.0000000e+01   1.1000000e+01   3.6000000e+01   1.6000000e+01  -5.3514983e+01  -3.8353980e+01   5.0123746e+02   4.2637786e-01   2.5715464e+00   2.3036070e+00
   2.0180000e+03   1.0000000e+00   1.0000000e+01   1.1000000e+01   3.7000000e+01   5.2000099e+01  -5.3510592e+01  -3.8355602e+01   4.9952290e+02   5.8379886e-01   5.9327485e+00   0.0000000e+00
   2.0180000e+03   1.0000000e+00   1.0000000e+01   1.1000000e+01   3.9000000e+01   2.9000000e+01  -5.3506192e+01  -3.8356922e+01   4.9668073e+02   4.0489643e-01   2.6490395e+00   5.9072614e-01
   2.0180000e+03   1.0000000e+00   1.0000000e+01   1.1000000e+01   4.1000000e+01   7.0000992e+00  -5.3501782e+01  -3.8358370e+01   4.9928720e+02   3.8873275e-01   4.8634098e+00   4.4088167e+00
   2.0180000e+03   1.0000000e+00   1.0000000e+01   1.1000000e+01   4.2000000e+01   4.6000000e+01  -5.3497340e+01  -3.8359815e+01   5.0270841e+02   3.4080678e-01   3.9647311e+00   3.0124619e+00
   2.0180000e+03   1.0000000e+00   1.0000000e+01   1.1000000e+01   4.4000000e+01   2.4000000e+01  -5.3492934e+01  -3.8361239e+01   4.9857819e+02   8.7101863e-01   1.6273496e+00   4.4672169e-01
   2.0180000e+03   1.0000000e+00   1.0000000e+01   1.1000000e+01   4.6000000e+01   2.0000000e+00  -5.3488522e+01  -3.8362685e+01   4.9951535e+02   4.5354906e-01   1.9294600e+00   1.1472179e+00
   2.0180000e+03   1.0000000e+00   1.0000000e+01   1.1000000e+01   4.7000000e+01   4.1000000e+01  -5.3484093e+01  -3.8364033e+01   5.0018640e+02   5.0073521e-01   1.6543547e+00   1.3807856e+00
   2.0180000e+03   1.0000000e+00   1.0000000e+01   1.1000000e+01   4.9000000e+01   1.9000000e+01  -5.3479713e+01  -3.8365451e+01   4.9561712e+02   1.0970722e+00   4.8237471e+00   1.8338403e+00
   2.0180000e+03   1.0000000e+00   1.0000000e+01   1.1000000e+01   5.0000000e+01   5.8000099e+01  -5.3475305e+01  -3.8366855e+01   4.9855912e+02   2.1789695e+00   7.1014940e+00   5.7864596e+00
   2.0180000e+03   1.0000000e+00   1.0000000e+01   1.1000000e+01   5.2000000e+01   3.6000000e+01  -5.3470884e+01  -3.8368249e+01   4.9978071e+02   2.4675923e+00   8.1008749e+00   2.3976128e+00
   2.0180000e+03   1.0000000e+00   1.0000000e+01   1.1000000e+01   5.4000000e+01   1.3000099e+01  -5.3466468e+01  -3.8369774e+01   5.0094745e+02   9.3850364e-01   2.1463415e+00   4.7198636e-01
   2.0180000e+03   1.0000000e+00   1.0000000e+01   1.1000000e+01   5.5000000e+01   5.0000000e+01  -5.3462033e+01  -3.8371319e+01   5.0338514e+02   7.1671427e-01   2.7549101e+00   1.9260456e+00
   2.0180000e+03   1.0000000e+00   1.0000000e+01   1.1000000e+01   5.7000000e+01   2.6000000e+01  -5.3457651e+01  -3.8372656e+01   4.9487631e+02   4.9566325e-01   3.2750941e+00   1.8922154e+00
   2.0180000e+03   1.0000000e+00   1.0000000e+01   1.1000000e+01   5.9000000e+01   3.0000000e+00  -5.3453252e+01  -3.8373965e+01   4.9644032e+02   1.2684799e+00   1.3110265e+01   3.7317005e+00
   2.0180000e+03   1.0000000e+00   1.0000000e+01   1.2000000e+01   0.0000000e+00   4.0000000e+01  -5.3448798e+01  -3.8375282e+01   5.0253173e+02   2.2739698e+00   8.3280302e+00   2.7752627e+00
   2.0180000e+03   1.0000000e+00   1.0000000e+01   1.2000000e+01   2.0000000e+00   1.6000000e+01  -5.3444395e+01  -3.8376616e+01   4.9719014e+02   2.7868224e+00   9.2072471e+00   7.1389450e+00
   2.0180000e+03   1.0000000e+00   1.0000000e+01   1.2000000e+01   3.0000000e+00   5.3000000e+01  -5.3439972e+01  -3.8377947e+01   4.9931248e+02   1.2159739e+00   4.0173970e+00   7.3473971e-01
   2.0180000e+03   1.0000000e+00   1.0000000e+01   1.2000000e+01   5.0000000e+00   3.0000000e+01  -5.3435528e+01  -3.8379135e+01   4.9995976e+02   1.6543697e+00   6.3973405e+00   7.9273203e-01
   2.0180000e+03   1.0000000e+00   1.0000000e+01   1.2000000e+01   7.0000000e+00   6.0000000e+00  -5.3431090e+01  -3.8380393e+01   5.0012344e+02   1.9025548e+00   6.2857582e+00   3.2967305e-01
   2.0180000e+03   1.0000000e+00   1.0000000e+01   1.2000000e+01   8.0000000e+00   4.2000099e+01  -5.3426715e+01  -3.8382034e+01   4.9814366e+02   1.6110227e+00   5.8206146e+00   4.9803523e-01
   2.0180000e+03   1.0000000e+00   1.0000000e+01   1.2000000e+01   1.0000000e+01   1.9000000e+01  -5.3422333e+01  -3.8383603e+01   4.9797417e+02   1.6095518e+00   1.4897919e+01   1.0099307e+01
   2.0180000e+03   1.0000000e+00   1.0000000e+01   1.2000000e+01   1.1000000e+01   5.6000000e+01  -5.3417939e+01  -3.8385126e+01   4.9857373e+02   2.0748540e+00   1.2661742e+01   7.7062772e-02
   2.0180000e+03   1.0000000e+00   1.0000000e+01   1.2000000e+01   1.3000000e+01   3.2000000e+01  -5.3413566e+01  -3.8386705e+01   4.9698666e+02   4.9751571e-01   1.6437180e+00   1.5337024e+00
   2.0180000e+03   1.0000000e+00   1.0000000e+01   1.2000000e+01   1.5000000e+01   8.0000000e+00  -5.3409157e+01  -3.8388197e+01   4.9984693e+02   1.9016938e-01   1.5490529e+00   6.2829135e-01
   2.0180000e+03   1.0000000e+00   1.0000000e+01   1.2000000e+01   1.6000000e+01   4.5000000e+01  -5.3404760e+01  -3.8389693e+01   4.9850938e+02   2.8520880e-02   3.2093065e+00   2.6694039e+00
   2.0180000e+03   1.0000000e+00   1.0000000e+01   1.2000000e+01   1.8000000e+01   3.4000099e+01  -5.3400202e+01  -3.8391096e+01   5.1495751e+02   6.4559946e-01   4.2745522e+00   2.0509303e+00
   2.0180000e+03   1.0000000e+00   1.0000000e+01   1.2000000e+01   2.3000000e+01   1.1000000e+01  -5.3391519e+01  -3.8393906e+01   9.8260791e+02   1.2070721e+00   4.3534792e+00   2.0100391e+00
   2.0180000e+03   1.0000000e+00   1.0000000e+01   1.2000000e+01   2.5000000e+01   2.8000000e+01  -5.3387187e+01  -3.8395307e+01   4.9030336e+02   1.3884080e+00   4.6312078e+00   1.4033310e+00
   2.0180000e+03   1.0000000e+00   1.0000000e+01   1.2000000e+01   2.7000000e+01   2.9000000e+01  -5.3382797e+01  -3.8396779e+01   4.9745751e+02   7.2853786e-01   2.7073937e+00   1.0334968e+00
   2.0180000e+03   1.0000000e+00   1.0000000e+01   1.2000000e+01   2.9000000e+01   1.2000099e+01  -5.3378298e+01  -3.8398249e+01   5.0937809e+02   6.8877762e-01   3.7105337e+00   1.1415661e+00
   2.0180000e+03   1.0000000e+00   1.0000000e+01   1.2000000e+01   3.0000000e+01   4.7000000e+01  -5.3373847e+01  -3.8399705e+01   5.0385562e+02   6.6785364e-01   2.2064892e+00   4.6093903e-01
   2.0180000e+03   1.0000000e+00   1.0000000e+01   1.2000000e+01   3.2000000e+01   2.3000000e+01  -5.3369422e+01  -3.8401095e+01   5.0029810e+02   5.5460322e-01   2.8889650e+00   6.5166603e-01
   2.0180000e+03   1.0000000e+00   1.0000000e+01   1.2000000e+01   3.4000000e+01   1.0000000e+00  -5.3365048e+01  -3.8402440e+01   4.9412844e+02   7.1168190e-01   3.0963385e+00   1.2604731e-01
   2.0180000e+03   1.0000000e+00   1.0000000e+01   1.2000000e+01   3.5000000e+01   3.8000000e+01  -5.3360643e+01  -3.8403728e+01   4.9693180e+02   6.8411629e-01   6.8016225e+00   1.3457214e-01
   2.0180000e+03   1.0000000e+00   1.0000000e+01   1.2000000e+01   3.7000000e+01   1.4000000e+01  -5.3356263e+01  -3.8405247e+01   4.9693917e+02   1.1840813e+00   3.0819368e+00   1.1529399e+00
   2.0180000e+03   1.0000000e+00   1.0000000e+01   1.2000000e+01   3.8000000e+01   5.0000000e+01  -5.3351845e+01  -3.8406823e+01   5.0195821e+02   1.8039070e+00   4.2868838e+00   1.5614070e+00
   2.0180000e+03   1.0000000e+00   1.0000000e+01   1.2000000e+01   4.0000000e+01   2.5000000e+01  -5.3347414e+01  -3.8408136e+01   5.0005380e+02   1.6761510e+00   1.5730108e+00   0.0000000e+00
   2.0180000e+03   1.0000000e+00   1.0000000e+01   1.2000000e+01   4.2000000e+01   1.0000000e+00  -5.3343001e+01  -3.8409463e+01   4.9822583e+02   2.0575530e+00   3.9210333e+00   1.3647077e+00
   2.0180000e+03   1.0000000e+00   1.0000000e+01   1.2000000e+01   4.3000000e+01   4.0000000e+01  -5.3338571e+01  -3.8410902e+01   5.0143292e+02   1.2139519e+00   2.9811901e+00   0.0000000e+00
   2.0180000e+03   1.0000000e+00   1.0000000e+01   1.2000000e+01   4.5000000e+01   2.0000000e+01  -5.3334164e+01  -3.8412340e+01   4.9890042e+02   1.2191515e+00   4.0963251e+00   1.4464950e+00
   2.0180000e+03   1.0000000e+00   1.0000000e+01   1.2000000e+01   4.6000000e+01   5.8000000e+01  -5.3329756e+01  -3.8413882e+01   5.0032558e+02   1.8967076e+00   4.6901779e+00   3.6787467e+00
   2.0180000e+03   1.0000000e+00   1.0000000e+01   1.2000000e+01   4.8000000e+01   3.3000000e+01  -5.3325381e+01  -3.8415445e+01   4.9714918e+02   1.2726621e+00   1.8793306e+00   0.0000000e+00
   2.0180000e+03   1.0000000e+00   1.0000000e+01   1.2000000e+01   5.0000000e+01   8.0000000e+00  -5.3320960e+01  -3.8416764e+01   4.9901664e+02   1.4380691e+00   2.7182872e+00   5.9306264e-01
   2.0180000e+03   1.0000000e+00   1.0000000e+01   1.2000000e+01   5.1000000e+01   4.4000000e+01  -5.3316530e+01  -3.8418055e+01   4.9959833e+02   1.2363589e+00   2.1408366e+00   8.7146021e-01
   2.0180000e+03   1.0000000e+00   1.0000000e+01   1.2000000e+01   5.3000000e+01   2.1000000e+01  -5.3312145e+01  -3.8419470e+01   4.9631391e+02   1.0823200e+00   5.0149721e+00   4.1366149e+00
   2.0180000e+03   1.0000000e+00   1.0000000e+01   1.2000000e+01   5.4000000e+01   5.9000000e+01  -5.3307717e+01  -3.8420900e+01   5.0103539e+02   1.0899659e+00   2.1607679e+00   0.0000000e+00
   2.0180000e+03   1.0000000e+00   1.0000000e+01   1.2000000e+01   5.6000000e+01   3.7000099e+01  -5.3303298e+01  -3.8422322e+01   5.0008835e+02   1.1213701e+00   2.0091220e+00   0.0000000e+00
   2.0180000e+03   1.0000000e+00   1.0000000e+01   1.2000000e+01   5.8000000e+01   1.5000000e+01  -5.3298887e+01  -3.8423729e+01   4.9894472e+02   1.6704520e+00   5.3055405e+00   0.0000000e+00
   2.0180000e+03   1.0000000e+00   1.0000000e+01   1.2000000e+01   5.9000000e+01   5.3000000e+01  -5.3294451e+01  -3.8425143e+01   5.0182669e+02   1.3538451e+00   1.3542237e+00   0.0000000e+00
   2.0180000e+03   1.0000000e+00   1.0000000e+01   1.3000000e+01   1.0000000e+00   3.0000000e+01  -5.3290081e+01  -3.8426621e+01   4.9545708e+02   1.0500896e+00   1.6049633e+00   4.6093742e-01
   2.0180000e+03   1.0000000e+00   1.0000000e+01   1.3000000e+01   3.0000000e+00   7.0000000e+00  -5.3285663e+01  -3.8428167e+01   5.0146901e+02   4.6639704e-01   3.9401123e+00   1.7477553e+00
   2.0180000e+03   1.0000000e+00   1.0000000e+01   1.3000000e+01   4.0000000e+00   4.2000000e+01  -5.3281298e+01  -3.8429575e+01   4.9403842e+02   1.8753318e+00   5.2187463e+00   2.2338234e+00
   2.0180000e+03   1.0000000e+00   1.0000000e+01   1.3000000e+01   6.0000000e+00   2.2000000e+01  -5.3276729e+01  -3.8430968e+01   5.1599698e+02   1.1468394e+00   2.4961881e+00   1.8190393e+00
   2.0180000e+03   1.0000000e+00   1.0000000e+01   1.3000000e+01   9.0000000e+00   3.2000000e+01  -5.3267998e+01  -3.8433727e+01   9.8738776e+02   1.3974587e+00   9.6215756e+00   8.1339488e+00
   2.0180000e+03   1.0000000e+00   1.0000000e+01   1.3000000e+01   1.1000000e+01   8.0000000e+00  -5.3263579e+01  -3.8435201e+01   5.0075834e+02   3.1972630e+00   7.4647737e+00   7.1766346e+00
   2.0180000e+03   1.0000000e+00   1.0000000e+01   1.3000000e+01   1.2000000e+01   4.4000000e+01  -5.3259185e+01  -3.8436588e+01   4.9684095e+02   2.4212362e+00   7.3191468e+00   6.3290395e+00
   2.0180000e+03   1.0000000e+00   1.0000000e+01   1.3000000e+01   1.4000000e+01   2.1000099e+01  -5.3254794e+01  -3.8437983e+01   4.9663564e+02   1.9742071e+00   6.1239161e+00   5.1098226e+00
   2.0180000e+03   1.0000000e+00   1.0000000e+01   1.3000000e+01   1.5000000e+01   5.9000000e+01  -5.3250366e+01  -3.8439360e+01   5.0051899e+02   2.3516555e+00   5.9310890e+00   4.6071396e+00
   2.0180000e+03   1.0000000e+00   1.0000000e+01   1.3000000e+01   1.7000000e+01   3.7000000e+01  -5.3245990e+01  -3.8440883e+01   4.9666998e+02   2.2832453e+00   7.8424241e+00   6.6536965e+00
   2.0180000e+03   1.0000000e+00   1.0000000e+01   1.3000000e+01   1.9000000e+01   1.5000000e+01  -5.3241566e+01  -3.8442220e+01   4.9961769e+02   2.2955906e+00   5.5989551e+00   4.7483771e+00
   2.0180000e+03   1.0000000e+00   1.0000000e+01   1.3000000e+01   2.0000000e+01   5.3000000e+01  -5.3237193e+01  -3.8443764e+01   4.9666587e+02   1.7261789e+00   6.1297201e+00   4.7911154e+00
   2.0180000e+03   1.0000000e+00   1.0000000e+01   1.3000000e+01   2.2000000e+01   3.1000099e+01  -5.3232765e+01  -3.8445127e+01   5.0034676e+02   1.7839438e+00   6.5766686e+00   3.5793486e+00
   2.0180000e+03   1.0000000e+00   1.0000000e+01   1.3000000e+01   2.4000000e+01   1.0000000e+01  -5.3228308e+01  -3.8446569e+01   5.0442400e+02   1.0611898e+00   7.4324931e+00   6.1455043e+00
   2.0180000e+03   1.0000000e+00   1.0000000e+01   1.3000000e+01   2.5000000e+01   5.9000000e+01  -5.3223820e+01  -3.8447975e+01   5.0737770e+02   2.0465189e+00   5.8043915e+00   4.9282299e+00
