   1.9960000e+03   1.2000000e+01   3.1000000e+01   1.2000000e+01   4.2000000e+01   2.9000000e+01  -5.3250493e+01  -3.8436781e+01   4.8744764e+02   5.9070141e+00   1.6911889e+01   2.7337127e+00
   1.9960000e+03   1.2000000e+01   3.1000000e+01   1.2000000e+01   4.3000000e+01   5.4000000e+01  -5.3254993e+01  -3.8435823e+01   5.0403251e+02   1.1865451e+00   3.1909859e+00   1.7555513e+00
   1.9960000e+03   1.2000000e+01   3.1000000e+01   1.2000000e+01   4.5000000e+01   2.2999901e+01  -5.3259350e+01  -3.8434494e+01   4.9219421e+02   1.0852033e+00   4.4777314e+00   4.4777314e+00
   1.9960000e+03   1.2000000e+01   3.1000000e+01   1.2000000e+01   4.6000000e+01   5.2000000e+01  -5.3263688e+01  -3.8433310e+01   4.8836563e+02   3.1137356e+00   8.4918715e+00   2.1688065e+00
   1.9960000e+03   1.2000000e+01   3.1000000e+01   1.2000000e+01   4.8000000e+01   1.8000099e+01  -5.3268210e+01  -3.8432548e+01   5.0508554e+02   2.1732327e+00   5.8444934e+00   2.3894237e+00
   1.9960000e+03   1.2000000e+01   3.1000000e+01   1.2000000e+01   4.9000000e+01   4.6000000e+01  -5.3272715e+01  -3.8431868e+01   5.0263105e+02   4.8205762e+00   1.2964017e+01   6.7421697e-01
   1.9960000e+03   1.2000000e+01   3.1000000e+01   1.2000000e+01   5.1000000e+01   1.4000099e+01  -5.3277043e+01  -3.8430601e+01   4.8818010e+02   2.0658101e+00   8.7243865e+00   2.3849801e+00
   1.9960000e+03   1.2000000e+01   3.1000000e+01   1.2000000e+01   5.2000000e+01   4.2000000e+01  -5.3281478e+01  -3.8429306e+01   5.0027164e+02   2.4028675e+00   6.8133524e+00   4.6846765e+00
   1.9960000e+03   1.2000000e+01   3.1000000e+01   1.2000000e+01   5.4000000e+01   6.0000000e+00  -5.3285895e+01  -3.8428459e+01   4.9409095e+02   6.3909159e+00   1.7264534e+01   1.0456954e+00
   1.9960000e+03   1.2000000e+01   3.1000000e+01   1.2000000e+01   5.5000000e+01   2.3000000e+01  -5.3290376e+01  -3.8427704e+01   5.0044804e+02   4.2022321e-01   3.2764920e+00   1.6753483e+00
   1.9960000e+03   1.2000000e+01   3.1000000e+01   1.2000000e+01   5.6000000e+01   3.9000000e+01  -5.3294883e+01  -3.8426683e+01   5.0533321e+02   5.0074989e-01   3.2398571e+00   1.0612424e+00
   1.9960000e+03   1.2000000e+01   3.1000000e+01   1.2000000e+01   5.8000000e+01   3.0000000e+00  -5.3298970e+01  -3.8425734e+01   4.5855493e+02   1.8421739e+01   4.9541741e+01   4.7435725e+01
   1.9960000e+03   1.2000000e+01   3.1000000e+01   1.2000000e+01   5.9000000e+01   3.1000000e+01  -5.3303385e+01  -3.8424569e+01   4.9665717e+02   4.6638627e+00   1.2542566e+01   1.1622083e+01
   1.9960000e+03   1.2000000e+01   3.1000000e+01   1.3000000e+01   0.0000000e+00   5.4000000e+01  -5.3307782e+01  -3.8423500e+01   4.9367563e+02   1.1524650e+00   3.8430433e+00   3.8430433e+00
   1.9960000e+03   1.2000000e+01   3.1000000e+01   1.3000000e+01   2.0000000e+00   1.6000000e+01  -5.3312117e+01  -3.8422076e+01   4.9097327e+02   2.5638478e+00   6.8949778e+00   4.9727365e+00
   1.9960000e+03   1.2000000e+01   3.1000000e+01   1.3000000e+01   3.0000000e+00   3.7000000e+01  -5.3316410e+01  -3.8420873e+01   4.8368900e+02   2.0628657e+00   7.7699325e+00   5.7837119e+00
   1.9960000e+03   1.2000000e+01   3.1000000e+01   1.3000000e+01   4.0000000e+00   5.7999901e+01  -5.3320790e+01  -3.8419618e+01   4.9368499e+02   1.0745087e+00   3.4018246e+00   3.4018246e+00
   1.9960000e+03   1.2000000e+01   3.1000000e+01   1.3000000e+01   6.0000000e+00   1.9000000e+01  -5.3325312e+01  -3.8417902e+01   5.1529385e+02   7.3442213e+00   2.1570360e+01   2.1054826e+01
   1.9960000e+03   1.2000000e+01   3.1000000e+01   1.3000000e+01   7.0000000e+00   4.3999901e+01  -5.3329702e+01  -3.8416680e+01   4.9450772e+02   1.1281929e+00   3.0340590e+00   2.3373915e+00
   1.9960000e+03   1.2000000e+01   3.1000000e+01   1.3000000e+01   9.0000000e+00   1.3000000e+01  -5.3334079e+01  -3.8415534e+01   4.9233537e+02   3.5186029e+00   1.1275596e+01   3.6950747e+00
   1.9960000e+03   1.2000000e+01   3.1000000e+01   1.3000000e+01   1.0000000e+01   4.2000000e+01  -5.3338464e+01  -3.8413963e+01   4.9818702e+02   5.1022062e+00   1.6229430e+01   4.1922913e+00
   1.9960000e+03   1.2000000e+01   3.1000000e+01   1.3000000e+01   1.2000000e+01   1.1000099e+01  -5.3342844e+01  -3.8412329e+01   4.9873172e+02   5.2453106e+00   1.6881197e+01   4.7206609e-01
   1.9960000e+03   1.2000000e+01   3.1000000e+01   1.3000000e+01   1.3000000e+01   4.1000000e+01  -5.3347274e+01  -3.8410608e+01   5.0532587e+02   2.1948739e+00   6.4235299e+00   1.5739047e+00
   1.9960000e+03   1.2000000e+01   3.1000000e+01   1.3000000e+01   1.5000000e+01   1.1000000e+01  -5.3351625e+01  -3.8408788e+01   4.9821931e+02   2.0135473e+00   1.6514120e+01   1.3045868e+01
   1.9960000e+03   1.2000000e+01   3.1000000e+01   1.3000000e+01   1.6000000e+01   3.7000000e+01  -5.3355947e+01  -3.8407460e+01   4.8831889e+02   2.2645258e+00   7.1440455e+00   6.5701107e+00
   1.9960000e+03   1.2000000e+01   3.1000000e+01   1.3000000e+01   1.8000000e+01   2.0000992e+00  -5.3360347e+01  -3.8406477e+01   4.9321123e+02   3.1408136e+00   8.4466170e+00   3.0802465e+00
   1.9960000e+03   1.2000000e+01   3.1000000e+01   1.3000000e+01   1.9000000e+01   2.9000000e+01  -5.3364801e+01  -3.8405023e+01   5.0433250e+02   2.9258805e+00   9.4632245e+00   9.1832310e+00
   1.9960000e+03   1.2000000e+01   3.1000000e+01   1.3000000e+01   2.0000000e+01   5.3000000e+01  -5.3368996e+01  -3.8403385e+01   4.7860864e+02   2.6438373e+00   8.4932323e+00   8.0139071e+00
   1.9960000e+03   1.2000000e+01   3.1000000e+01   1.3000000e+01   2.2000000e+01   1.4000000e+01  -5.3373292e+01  -3.8401795e+01   4.8879184e+02   1.7899942e+00   5.3130310e+00   4.3870086e+00
   1.9960000e+03   1.2000000e+01   3.1000000e+01   1.3000000e+01   2.3000000e+01   3.6000099e+01  -5.3377545e+01  -3.8400118e+01   4.8552061e+02   2.9015213e+00   7.8030862e+00   9.9816384e-01
   1.9960000e+03   1.2000000e+01   3.1000000e+01   1.3000000e+01   2.4000000e+01   5.7000099e+01  -5.3381894e+01  -3.8398297e+01   4.9816278e+02   3.0522345e+01   1.2476170e+02   3.6234201e+01
   1.9960000e+03   1.2000000e+01   3.1000000e+01   1.3000000e+01   2.6000000e+01   1.9000000e+01  -5.3386072e+01  -3.8396783e+01   4.7489198e+02   1.7722096e+00   4.7660185e+00   1.3917536e+00
   1.9960000e+03   1.2000000e+01   3.1000000e+01   1.3000000e+01   2.7000000e+01   4.3000000e+01  -5.3390279e+01  -3.8395334e+01   4.7729956e+02   1.8516226e+00   4.9795847e+00   3.0365562e+00
   1.9960000e+03   1.2000000e+01   3.1000000e+01   1.3000000e+01   2.9000000e+01   8.0000000e+00  -5.3394753e+01  -3.8393778e+01   5.0774937e+02   2.7899186e+00   7.5029520e+00   7.2999124e-01
   1.9960000e+03   1.2000000e+01   3.1000000e+01   1.3000000e+01   3.0000000e+01   3.4000000e+01  -5.3399082e+01  -3.8392362e+01   4.9003485e+02   2.0323596e+00   2.1587275e+01   1.7445784e+01
   1.9960000e+03   1.2000000e+01   3.1000000e+01   1.3000000e+01   3.1000000e+01   5.9000000e+01  -5.3403332e+01  -3.8390773e+01   4.8384088e+02   6.8428524e+00   1.8402542e+01   1.1945002e+00
   1.9960000e+03   1.2000000e+01   3.1000000e+01   1.3000000e+01   3.3000000e+01   2.4000000e+01  -5.3407741e+01  -3.8389122e+01   5.0210115e+02   3.4842961e+00   9.8518429e+00   8.5460160e+00
   1.9960000e+03   1.2000000e+01   3.1000000e+01   1.3000000e+01   3.4000000e+01   5.2000000e+01  -5.3412019e+01  -3.8387538e+01   4.8677824e+02   8.8084404e-01   3.0879888e+00   1.8170166e+00
   1.9960000e+03   1.2000000e+01   3.1000000e+01   1.3000000e+01   3.6000000e+01   1.7000000e+01  -5.3416369e+01  -3.8385834e+01   4.9637972e+02   1.0151449e+00   3.0567854e+00   1.9192335e+00
   1.9960000e+03   1.2000000e+01   3.1000000e+01   1.3000000e+01   3.7000000e+01   4.2000000e+01  -5.3420786e+01  -3.8384184e+01   5.0281134e+02   1.3149032e+00   3.8087650e+01   3.1107077e+00
   1.9960000e+03   1.2000000e+01   3.1000000e+01   1.3000000e+01   3.9000000e+01   7.0000000e+00  -5.3425123e+01  -3.8382827e+01   4.9024735e+02   1.2466956e+01   3.4046429e+01   3.3048731e+01
   1.9960000e+03   1.2000000e+01   3.1000000e+01   1.3000000e+01   4.0000000e+01   3.2000099e+01  -5.3429356e+01  -3.8381524e+01   4.7820247e+02   1.5730181e+01   4.2303310e+01   4.1018716e+01
   1.9960000e+03   1.2000000e+01   3.1000000e+01   1.3000000e+01   4.1000000e+01   5.8000000e+01  -5.3433663e+01  -3.8379984e+01   4.8930136e+02   3.3263321e+00   8.9455333e+00   1.8940134e+00
   1.9960000e+03   1.2000000e+01   3.1000000e+01   1.3000000e+01   4.3000000e+01   2.3000000e+01  -5.3437851e+01  -3.8378231e+01   4.7960020e+02   4.3932860e+00   1.1814902e+01   8.5982068e+00
   1.9960000e+03   1.2000000e+01   3.1000000e+01   1.3000000e+01   4.4000000e+01   4.4000000e+01  -5.3442101e+01  -3.8376794e+01   4.8179664e+02   4.7520497e+00   1.2779728e+01   1.0992637e+01
   1.9960000e+03   1.2000000e+01   3.1000000e+01   1.3000000e+01   4.6000000e+01   6.0000992e+00  -5.3446389e+01  -3.8375765e+01   4.8127947e+02   3.7721796e+00   1.0452167e+01   2.4158930e+00
   1.9960000e+03   1.2000000e+01   3.1000000e+01   1.3000000e+01   4.7000000e+01   2.9000099e+01  -5.3450468e+01  -3.8374220e+01   4.6466409e+02   2.0001127e+00   2.0317633e+01   3.2171652e+00
   1.9960000e+03   1.2000000e+01   3.1000000e+01   1.3000000e+01   4.8000000e+01   5.2999901e+01  -5.3454789e+01  -3.8372624e+01   4.9159068e+02   4.6548119e+00   1.3989182e+01   5.8023526e-01
   1.9960000e+03   1.2000000e+01   3.1000000e+01   1.3000000e+01   5.0000000e+01   1.9000000e+01  -5.3459161e+01  -3.8370954e+01   4.9828328e+02   1.0343829e+01   2.9367627e+01   1.4020143e+00
   1.9960000e+03   1.2000000e+01   3.1000000e+01   1.3000000e+01   5.1000000e+01   4.6000099e+01  -5.3463492e+01  -3.8369162e+01   4.9566503e+02   1.3258286e+01   3.7206476e+01   3.5496710e+01
   1.9960000e+03   1.2000000e+01   3.1000000e+01   1.3000000e+01   5.3000000e+01   1.1000099e+01  -5.3467943e+01  -3.8367679e+01   5.0421440e+02   1.9940440e+00   6.6931776e+00   2.9957545e+00
   1.9960000e+03   1.2000000e+01   3.1000000e+01   1.3000000e+01   5.4000000e+01   3.4000099e+01  -5.3472180e+01  -3.8366330e+01   4.7924802e+02   7.9193516e+00   2.5372874e+01   2.0730325e+01
   1.9960000e+03   1.2000000e+01   3.1000000e+01   1.3000000e+01   5.5000000e+01   5.7000099e+01  -5.3476366e+01  -3.8364967e+01   4.7369485e+02   1.2062815e+00   3.2440633e+00   1.1436991e+00
   1.9960000e+03   1.2000000e+01   3.1000000e+01   1.3000000e+01   5.7000000e+01   2.1000099e+01  -5.3480804e+01  -3.8363529e+01   5.0224771e+02   3.1044189e-01   2.2707994e+01   5.8834953e-01
   1.9960000e+03   1.2000000e+01   3.1000000e+01   1.3000000e+01   5.8000000e+01   4.4000099e+01  -5.3485157e+01  -3.8362041e+01   4.9366371e+02   4.5366689e+00   1.2549418e+01   2.0241632e+00
   1.9960000e+03   1.2000000e+01   3.1000000e+01   1.4000000e+01   0.0000000e+00   7.0000992e+00  -5.3489215e+01  -3.8360947e+01   4.5673399e+02   1.7577945e+00   4.7272518e+00   1.9879123e+00
   1.9960000e+03   1.2000000e+01   3.1000000e+01   1.4000000e+01   1.0000000e+00   3.2000000e+01  -5.3493535e+01  -3.8360054e+01   4.8365581e+02   5.3420627e+00   1.5333768e+01   5.5116276e+00
   1.9960000e+03   1.2000000e+01   3.1000000e+01   1.4000000e+01   2.0000000e+00   5.7000000e+01  -5.3497655e+01  -3.8358371e+01   4.7113965e+02   6.6705258e-01   2.7793037e+01   2.7037032e+01
   1.9960000e+03   1.2000000e+01   3.1000000e+01   1.4000000e+01   4.0000000e+00   1.7999901e+01  -5.3501768e+01  -3.8356659e+01   4.7078121e+02   6.0984677e+00   1.6400661e+01   1.6400661e+01
   1.9960000e+03   1.2000000e+01   3.1000000e+01   1.4000000e+01   5.0000000e+00   4.2000000e+01  -5.3505935e+01  -3.8355314e+01   4.7154697e+02   1.8158372e+01   4.8921313e+01   4.8105213e+01
   1.9960000e+03   1.2000000e+01   3.1000000e+01   1.4000000e+01   7.0000000e+00   3.9999008e+00  -5.3509833e+01  -3.8353698e+01   4.4602178e+02   5.7845398e-01   1.7086061e+00   1.5332018e+00
   1.9960000e+03   1.2000000e+01   3.1000000e+01   1.4000000e+01   8.0000000e+00   2.6000099e+01  -5.3514143e+01  -3.8352529e+01   4.8510073e+02   8.2423233e+00   2.2166151e+01   1.2341659e+00
   1.9960000e+03   1.2000000e+01   3.1000000e+01   1.4000000e+01   9.0000000e+00   4.8000099e+01  -5.3518444e+01  -3.8351210e+01   4.8586891e+02   4.7369769e+00   1.2891506e+01   1.2203474e+01
   1.9960000e+03   1.2000000e+01   3.1000000e+01   1.4000000e+01   1.1000000e+01   1.2000000e+01  -5.3522564e+01  -3.8349680e+01   4.6886067e+02   1.2277049e+01   3.3016773e+01   3.0789591e-01
   1.9960000e+03   1.2000000e+01   3.1000000e+01   1.4000000e+01   1.2000000e+01   3.8000000e+01  -5.3526798e+01  -3.8347874e+01   4.8529952e+02   8.9255451e+00   2.4003545e+01   2.4003545e+01
   1.9960000e+03   1.2000000e+01   3.1000000e+01   1.4000000e+01   1.4000000e+01   3.0000000e+00  -5.3531158e+01  -3.8346215e+01   4.9672088e+02   4.1395282e+00   1.1278216e+01   2.2817926e+00
   1.9960000e+03   1.2000000e+01   3.1000000e+01   1.4000000e+01   1.5000000e+01   2.8000000e+01  -5.3535427e+01  -3.8344619e+01   4.8604252e+02   5.6317279e+00   1.5145454e+01   3.4612660e+00
   1.9960000e+03   1.2000000e+01   3.1000000e+01   1.4000000e+01   1.6000000e+01   5.4000000e+01  -5.3539710e+01  -3.8343224e+01   4.8470638e+02   8.0991576e+00   2.1781134e+01   2.1707848e+01
   1.9960000e+03   1.2000000e+01   3.1000000e+01   1.4000000e+01   1.8000000e+01   2.2000000e+01  -5.3544175e+01  -3.8341704e+01   5.0620082e+02   9.6144285e-01   2.9237234e+00   2.6866802e+00
   1.9960000e+03   1.2000000e+01   3.1000000e+01   1.4000000e+01   1.9000000e+01   4.8000000e+01  -5.3548507e+01  -3.8340154e+01   4.9217744e+02   3.1768253e+00   8.5942677e+00   7.0981950e+00
   1.9960000e+03   1.2000000e+01   3.1000000e+01   1.4000000e+01   2.1000000e+01   1.6000000e+01  -5.3552932e+01  -3.8338690e+01   5.0112110e+02   1.9867251e+00   2.6631860e+01   2.5701687e+00
   1.9960000e+03   1.2000000e+01   3.1000000e+01   1.4000000e+01   2.2000000e+01   4.8000000e+01  -5.3557337e+01  -3.8337280e+01   4.9825412e+02   4.6559322e+00   1.2897413e+01   2.3935687e+00
   1.9960000e+03   1.2000000e+01   3.1000000e+01   1.4000000e+01   2.4000000e+01   1.6000000e+01  -5.3560834e+01  -3.8335865e+01   3.9962439e+02   3.0981386e+00   9.1754263e+00   2.4706727e+00
   1.9960000e+03   1.2000000e+01   3.1000000e+01   1.4000000e+01   2.5000000e+01   3.9000000e+01  -5.3565469e+01  -3.8334284e+01   5.2553003e+02   5.7853916e+00   1.7206294e+01   1.4002927e+01
   1.9960000e+03   1.2000000e+01   3.1000000e+01   1.4000000e+01   2.7000000e+01   1.1000000e+01  -5.3569712e+01  -3.8332730e+01   4.8241668e+02   2.5225598e+00   7.4216995e+00   1.6103509e+00
   1.9960000e+03   1.2000000e+01   3.1000000e+01   1.4000000e+01   2.8000000e+01   4.4000000e+01  -5.3573990e+01  -3.8331622e+01   4.8094465e+02   2.4778786e+00   4.9794309e+01   4.7570043e+01
   1.9960000e+03   1.2000000e+01   3.1000000e+01   1.4000000e+01   3.0000000e+01   1.4000000e+01  -5.3578420e+01  -3.8330356e+01   4.9929570e+02   3.0453890e+00   9.4561753e+00   2.2526604e+00
   1.9960000e+03   1.2000000e+01   3.1000000e+01   1.4000000e+01   3.1000000e+01   4.3000099e+01  -5.3582827e+01  -3.8328815e+01   5.0021058e+02   5.4191769e+00   1.6675253e+01   1.1858493e+01
   1.9960000e+03   1.2000000e+01   3.1000000e+01   1.4000000e+01   3.3000000e+01   1.2000000e+01  -5.3587095e+01  -3.8327164e+01   4.8654094e+02   1.5304074e+00   2.2844564e+01   6.7244678e+00
   1.9960000e+03   1.2000000e+01   3.1000000e+01   1.4000000e+01   3.4000000e+01   3.9000099e+01  -5.3591182e+01  -3.8325742e+01   4.6374360e+02   2.3682501e+00   7.2857966e+00   4.3335699e+00
   1.9960000e+03   1.2000000e+01   3.1000000e+01   1.4000000e+01   3.6000000e+01   8.0000000e+00  -5.3595557e+01  -3.8324509e+01   4.9294678e+02   7.8927185e+00   2.5256278e+01   6.8447590e+00
   1.9960000e+03   1.2000000e+01   3.1000000e+01   1.4000000e+01   3.7000000e+01   3.9000000e+01  -5.3599930e+01  -3.8323036e+01   4.9548551e+02   3.1284685e+00   9.4889636e+00   6.9998836e+00
   1.9960000e+03   1.2000000e+01   3.1000000e+01   1.4000000e+01   3.9000000e+01   1.2000000e+01  -5.3604225e+01  -3.8320944e+01   4.9679682e+02   6.1282350e+00   1.7153689e+01   4.7027562e+00
   1.9960000e+03   1.2000000e+01   3.1000000e+01   1.4000000e+01   4.0000000e+01   4.1000000e+01  -5.3608502e+01  -3.8319780e+01   4.8147236e+02   3.9368875e+00   1.0587505e+01   1.0587505e+01
   1.9960000e+03   1.2000000e+01   3.1000000e+01   1.4000000e+01   4.2000000e+01   7.0000000e+00  -5.3612874e+01  -3.8318467e+01   4.9346624e+02   2.6508726e+00   7.2489346e+00   7.1290145e+00
   1.9960000e+03   1.2000000e+01   3.1000000e+01   1.4000000e+01   4.3000000e+01   3.7000000e+01  -5.3617294e+01  -3.8317144e+01   4.9883035e+02   8.3791989e-01   2.5502729e+00   2.2534252e+00
   1.9960000e+03   1.2000000e+01   3.1000000e+01   1.4000000e+01   4.5000000e+01   1.1000000e+01  -5.3621691e+01  -3.8315650e+01   4.9848213e+02   3.1112555e+00   8.4544532e+00   8.3671261e+00
   1.9960000e+03   1.2000000e+01   3.1000000e+01   1.4000000e+01   4.6000000e+01   4.3000000e+01  -5.3625966e+01  -3.8313599e+01   4.9388161e+02   9.4939022e-01   3.2235635e+00   3.0097188e+00
   1.9960000e+03   1.2000000e+01   3.1000000e+01   1.4000000e+01   4.8000000e+01   1.2000099e+01  -5.3630214e+01  -3.8311352e+01   4.9467929e+02   1.8148143e+00   5.1269320e+00   4.2434467e+00
   1.9960000e+03   1.2000000e+01   3.1000000e+01   1.4000000e+01   4.9000000e+01   4.3000000e+01  -5.3634627e+01  -3.8309349e+01   5.0775486e+02   9.8012506e-01   3.5390617e+00   3.5390617e+00
   1.9960000e+03   1.2000000e+01   3.1000000e+01   1.4000000e+01   5.1000000e+01   1.7000099e+01  -5.3638934e+01  -3.8307874e+01   4.8841456e+02   1.6074657e+00   6.3062204e+00   2.6105421e+00
   1.9960000e+03   1.2000000e+01   3.1000000e+01   1.4000000e+01   5.2000000e+01   4.9000099e+01  -5.3643289e+01  -3.8306294e+01   4.9499453e+02   8.5845118e-01   2.6890051e+00   9.4996180e-01
   1.9960000e+03   1.2000000e+01   3.1000000e+01   1.4000000e+01   5.4000000e+01   2.2999901e+01  -5.3647627e+01  -3.8304494e+01   4.9635680e+02   1.9252215e+00   5.2133592e+00   1.9515555e+00
   1.9960000e+03   1.2000000e+01   3.1000000e+01   1.4000000e+01   5.5000000e+01   5.4000099e+01  -5.3652065e+01  -3.8302943e+01   5.0370405e+02   1.2099222e+00   1.8861638e+01   1.8143397e+01
   1.9960000e+03   1.2000000e+01   3.1000000e+01   1.4000000e+01   5.7000000e+01   2.3000000e+01  -5.3656541e+01  -3.8301424e+01   5.0732253e+02   1.7714307e+00   4.8088032e+00   4.6035719e+00
   1.9960000e+03   1.2000000e+01   3.1000000e+01   1.4000000e+01   5.8000000e+01   5.7000000e+01  -5.3660863e+01  -3.8300227e+01   4.8671898e+02   8.1477945e+00   2.1911933e+01   1.9358012e+01
   1.9960000e+03   1.2000000e+01   3.1000000e+01   1.5000000e+01   0.0000000e+00   3.1000099e+01  -5.3665201e+01  -3.8298990e+01   4.8880190e+02   6.5237924e-01   1.9465008e+00   1.9465008e+00
   1.9960000e+03   1.2000000e+01   3.1000000e+01   1.5000000e+01   2.0000000e+00   1.0000000e+00  -5.3669661e+01  -3.8297080e+01   5.1132044e+02   7.5972657e-01   3.3263273e+00   1.7515520e+00
   1.9960000e+03   1.2000000e+01   3.1000000e+01   1.5000000e+01   3.0000000e+00   3.4000000e+01  -5.3673821e+01  -3.8295105e+01   4.8017293e+02   3.9622646e-01   1.0655752e+00   6.2643918e-01
   1.9960000e+03   1.2000000e+01   3.1000000e+01   1.5000000e+01   5.0000000e+00   9.0000992e+00  -5.3678129e+01  -3.8293702e+01   4.8748972e+02   2.6852766e-01   7.2215374e-01   4.8885705e-01
   1.9960000e+03   1.2000000e+01   3.1000000e+01   1.5000000e+01   6.0000000e+00   3.9000000e+01  -5.3682579e+01  -3.8292477e+01   5.0101781e+02   2.2874178e-01   1.0556918e+00   5.6765976e-01
   1.9960000e+03   1.2000000e+01   3.1000000e+01   1.5000000e+01   8.0000000e+00   7.0000000e+00  -5.3687113e+01  -3.8290967e+01   5.1362815e+02   6.7800670e-01   2.0720420e+00   1.6996114e+00
   1.9960000e+03   1.2000000e+01   3.1000000e+01   1.5000000e+01   9.0000000e+00   4.2000000e+01  -5.3691441e+01  -3.8289770e+01   4.8726093e+02   1.5039818e+00   4.1533727e+00   3.7789196e+00
   1.9960000e+03   1.2000000e+01   3.1000000e+01   1.5000000e+01   1.1000000e+01   2.1000000e+01  -5.3695771e+01  -3.8288840e+01   4.8504847e+02   1.6772032e+01   4.7459286e+01   4.4751875e+01
   1.9960000e+03   1.2000000e+01   3.1000000e+01   1.5000000e+01   1.2000000e+01   5.1999901e+01  -5.3699976e+01  -3.8288125e+01   4.6964470e+02   2.8473847e+01   7.6574960e+01   7.1376652e+01
   1.9960000e+03   1.2000000e+01   3.1000000e+01   1.5000000e+01   1.4000000e+01   1.8000000e+01  -5.3704346e+01  -3.8286760e+01   4.9379981e+02   5.4498171e+01   1.4730213e+02   1.4724392e+02
   1.9960000e+03   1.2000000e+01   3.1000000e+01   1.5000000e+01   1.5000000e+01   4.7999901e+01  -5.3708646e+01  -3.8285460e+01   4.8535415e+02   7.0115525e+01   1.8879287e+02   1.8862015e+02
   1.9960000e+03   1.2000000e+01   3.1000000e+01   1.5000000e+01   1.7000000e+01   2.3000000e+01  -5.3712996e+01  -3.8284750e+01   4.8562219e+02   4.1651041e-01   1.1201250e+00   5.3544358e-01
   1.9960000e+03   1.2000000e+01   3.1000000e+01   1.5000000e+01   1.8000000e+01   5.6000000e+01  -5.3717471e+01  -3.8283650e+01   5.0249493e+02   6.6834935e-02   1.7973976e-01   0.0000000e+00
   1.9960000e+03   1.2000000e+01   3.1000000e+01   1.5000000e+01   2.0000000e+01   2.6000000e+01  -5.3721930e+01  -3.8282360e+01   5.0278840e+02   5.2504617e-01   1.4120112e+00   3.1550401e-01
   1.9960000e+03   1.2000000e+01   3.1000000e+01   1.5000000e+01   2.1000000e+01   5.7999901e+01  -5.3726285e+01  -3.8281780e+01   4.8543930e+02   4.7397814e-01   2.3244688e+00   1.3761065e+00
   1.9960000e+03   1.2000000e+01   3.1000000e+01   1.5000000e+01   2.3000000e+01   2.7000000e+01  -5.3730703e+01  -3.8281116e+01   4.9281466e+02   1.0070141e+01   2.7350257e+01   2.6869311e+01
   1.9960000e+03   1.2000000e+01   3.1000000e+01   1.5000000e+01   2.4000000e+01   5.1000099e+01  -5.3734620e+01  -3.8280450e+01   4.3750509e+02   3.2954133e+01   8.8623833e+01   8.7496016e+01
   1.9960000e+03   1.2000000e+01   3.1000000e+01   1.5000000e+01   2.6000000e+01   1.9000000e+01  -5.3739168e+01  -3.8279562e+01   5.0867318e+02   9.4860837e-01   2.9614623e+00   2.9614623e+00
   1.9960000e+03   1.2000000e+01   3.1000000e+01   1.5000000e+01   2.7000000e+01   4.7000000e+01  -5.3743583e+01  -3.8279017e+01   4.9190054e+02   1.6247858e-01   1.1296196e+00   2.2578425e-01
   1.9960000e+03   1.2000000e+01   3.1000000e+01   1.5000000e+01   2.9000000e+01   1.1000000e+01  -5.3747760e+01  -3.8278140e+01   4.6777154e+02   1.4088949e+01   3.7889532e+01   2.6082945e+01
   1.9960000e+03   1.2000000e+01   3.1000000e+01   1.5000000e+01   3.0000000e+01   3.9000000e+01  -5.3752038e+01  -3.8277482e+01   4.7727510e+02   2.3001927e+00   7.2897256e+00   7.1983766e+00
   1.9960000e+03   1.2000000e+01   3.1000000e+01   1.5000000e+01   3.2000000e+01   1.2000000e+01  -5.3756493e+01  -3.8276817e+01   4.9691239e+02   1.5221699e+00   6.2780323e+00   3.2619370e+00
   1.9960000e+03   1.2000000e+01   3.1000000e+01   1.5000000e+01   3.3000000e+01   3.6000000e+01  -5.3760143e+01  -3.8276613e+01   4.0582559e+02   4.4946071e-01   1.2087385e+00   1.2087385e+00
   1.9960000e+03   1.2000000e+01   3.1000000e+01   1.5000000e+01   3.4000000e+01   5.8000000e+01  -5.3764415e+01  -3.8275460e+01   4.8074534e+02   1.2755692e+00   3.4303992e+00   3.2387934e+00
   1.9960000e+03   1.2000000e+01   3.1000000e+01   1.5000000e+01   3.6000000e+01   2.8000000e+01  -5.3768865e+01  -3.8274255e+01   5.0077771e+02   9.7930402e-03   2.6336507e-02   0.0000000e+00
   1.9960000e+03   1.2000000e+01   3.1000000e+01   1.5000000e+01   3.7000000e+01   5.2000000e+01  -5.3772492e+01  -3.8273482e+01   4.0616735e+02   1.6160203e+00   4.3459771e+00   2.1092557e+00
   1.9960000e+03   1.2000000e+01   3.1000000e+01   1.5000000e+01   3.9000000e+01   1.8000000e+01  -5.3777005e+01  -3.8272150e+01   5.0910355e+02   2.7419530e+00   7.7414756e+00   7.7414756e+00
   1.9960000e+03   1.2000000e+01   3.1000000e+01   1.5000000e+01   4.0000000e+01   5.6000000e+01  -5.3781400e+01  -3.8270790e+01   4.9646935e+02   6.0816673e+00   1.9470334e+01   1.9318854e+01
   1.9960000e+03   1.2000000e+01   3.1000000e+01   1.5000000e+01   4.2000000e+01   3.4000000e+01  -5.3785717e+01  -3.8269123e+01   4.9209309e+02   1.1114280e+00   2.9889728e+00   1.9562691e+00
   1.9960000e+03   1.2000000e+01   3.1000000e+01   1.5000000e+01   4.4000000e+01   9.0000000e+00  -5.3790127e+01  -3.8267812e+01   4.9752789e+02   3.9726141e-01   1.0683585e+00   1.0683585e+00
   1.9960000e+03   1.2000000e+01   3.1000000e+01   1.5000000e+01   4.5000000e+01   4.2000000e+01  -5.3794530e+01  -3.8266323e+01   4.9888665e+02   4.3162852e-01   1.1607823e+00   1.1607823e+00
   1.9960000e+03   1.2000000e+01   3.1000000e+01   1.5000000e+01   4.7000000e+01   1.4000099e+01  -5.3798787e+01  -3.8264805e+01   4.8345007e+02   2.4567911e+00   6.7015882e+00   6.6070693e+00
   1.9960000e+03   1.2000000e+01   3.1000000e+01   1.5000000e+01   4.8000000e+01   4.9000000e+01  -5.3803087e+01  -3.8263645e+01   4.8379912e+02   7.7696875e-01   2.0895087e+00   8.9573396e-01
   1.9960000e+03   1.2000000e+01   3.1000000e+01   1.5000000e+01   5.0000000e+01   2.2000000e+01  -5.3807292e+01  -3.8262815e+01   4.7042313e+02   4.2126490e-01   1.1329113e+00   1.1329113e+00
   1.9960000e+03   1.2000000e+01   3.1000000e+01   1.5000000e+01   5.1000000e+01   4.9000099e+01  -5.3811377e+01  -3.8261565e+01   4.6127525e+02   2.9813551e-01   8.0177838e-01   8.0177838e-01
   1.9960000e+03   1.2000000e+01   3.1000000e+01   1.5000000e+01   5.3000000e+01   1.8000000e+01  -5.3815585e+01  -3.8259940e+01   4.7953853e+02   1.8073594e-01   1.7053321e+00   1.7053321e+00
   1.9960000e+03   1.2000000e+01   3.1000000e+01   1.5000000e+01   5.4000000e+01   4.9000000e+01  -5.3819947e+01  -3.8258703e+01   4.9151251e+02   5.5750312e-01   1.4992979e+00   1.4992979e+00
   1.9960000e+03   1.2000000e+01   3.1000000e+01   1.5000000e+01   5.6000000e+01   2.3000000e+01  -5.3824124e+01  -3.8257240e+01   4.7401118e+02   1.8087097e-01   4.8641785e-01   4.0605942e-01
   1.9960000e+03   1.2000000e+01   3.1000000e+01   1.5000000e+01   5.7000000e+01   5.7000000e+01  -5.3828362e+01  -3.8255448e+01   4.8532722e+02   5.8398703e-01   1.9989206e+00   1.9317023e+00
   1.9960000e+03   1.2000000e+01   3.1000000e+01   1.5000000e+01   5.9000000e+01   2.5000000e+01  -5.3832685e+01  -3.8253980e+01   4.8995398e+02   1.7178597e+00   4.6198549e+00   4.6198549e+00
   1.9960000e+03   1.2000000e+01   3.1000000e+01   1.6000000e+01   0.0000000e+00   5.0000000e+01  -5.3836769e+01  -3.8252840e+01   4.5994512e+02   2.0238664e-02   5.4428013e-02   0.0000000e+00
   1.9960000e+03   1.2000000e+01   3.1000000e+01   1.6000000e+01   2.0000000e+00   2.3000000e+01  -5.3841090e+01  -3.8251090e+01   4.9357359e+02   4.9326633e-01   1.3265454e+00   1.3265454e+00
   1.9960000e+03   1.2000000e+01   3.1000000e+01   1.6000000e+01   4.0000000e+00   2.0000000e+00  -5.3845227e+01  -3.8249433e+01   4.7243208e+02   7.3303683e-01   1.9713622e+00   1.9713622e+00
   1.9960000e+03   1.2000000e+01   3.1000000e+01   1.6000000e+01   5.0000000e+00   3.4000000e+01  -5.3849399e+01  -3.8248085e+01   4.7193693e+02   0.0000000e+00   8.3937071e-03   0.0000000e+00
   1.9960000e+03   1.2000000e+01   3.1000000e+01   1.6000000e+01   7.0000000e+00   4.0000000e+00  -5.3853650e+01  -3.8246675e+01   4.8131467e+02   5.2335485e-01   1.4074627e+00   1.4074627e+00
   1.9960000e+03   1.2000000e+01   3.1000000e+01   1.6000000e+01   8.0000000e+00   3.7000000e+01  -5.3857962e+01  -3.8244933e+01   4.9250249e+02   4.4427083e-02   2.3203149e-01   0.0000000e+00
   1.9960000e+03   1.2000000e+01   3.1000000e+01   1.6000000e+01   1.0000000e+01   9.0000000e+00  -5.3862276e+01  -3.8243063e+01   4.9490234e+02   1.9796939e-01   5.3240078e-01   4.8970820e-02
   1.9960000e+03   1.2000000e+01   3.1000000e+01   1.6000000e+01   1.1000000e+01   4.5000000e+01  -5.3866589e+01  -3.8241760e+01   4.8676814e+02   3.9531546e+00   1.0631253e+01   9.8979498e+00
   1.9960000e+03   1.2000000e+01   3.1000000e+01   1.6000000e+01   1.3000000e+01   2.5000000e+01  -5.3870749e+01  -3.8240550e+01   4.6900839e+02   7.5592107e-01   2.0874770e+00   2.3280470e-01
   1.9960000e+03   1.2000000e+01   3.1000000e+01   1.6000000e+01   1.4000000e+01   5.7000000e+01  -5.3874972e+01  -3.8239015e+01   4.7990133e+02   1.0318822e+00   2.9572792e+00   5.4291838e-01
   1.9960000e+03   1.2000000e+01   3.1000000e+01   1.6000000e+01   1.6000000e+01   2.7000000e+01  -5.3879219e+01  -3.8237475e+01   4.8259902e+02   7.4023864e-01   2.1755493e+00   1.9907301e+00
