   1.9960000e+03   1.2000000e+01   3.1000000e+01   8.0000000e+00   2.0000000e+00   2.4000000e+01  -5.3930724e+01  -3.8314223e+01   4.8260905e+02   0.0000000e+00   0.0000000e+00   0.0000000e+00
   1.9960000e+03   1.2000000e+01   3.1000000e+01   8.0000000e+00   3.0000000e+00   4.4000000e+01  -5.3926480e+01  -3.8315444e+01   4.7825530e+02   0.0000000e+00   1.4791187e+00   1.4791187e+00
   1.9960000e+03   1.2000000e+01   3.1000000e+01   8.0000000e+00   4.0000000e+00   5.7000000e+01  -5.3922766e+01  -3.8316611e+01   4.1969525e+02   1.5292268e+00   4.7407568e+00   4.7407568e+00
   1.9960000e+03   1.2000000e+01   3.1000000e+01   8.0000000e+00   6.0000000e+00   2.0000000e+01  -5.3918247e+01  -3.8317868e+01   5.0892699e+02   1.0463575e+00   2.8139781e+00   2.8139781e+00
   1.9960000e+03   1.2000000e+01   3.1000000e+01   8.0000000e+00   7.0000000e+00   4.5000000e+01  -5.3914091e+01  -3.8319348e+01   4.7187395e+02   1.8479812e+00   4.9697916e+00   4.8037543e+00
   1.9960000e+03   1.2000000e+01   3.1000000e+01   8.0000000e+00   9.0000000e+00   9.0000000e+00  -5.3910163e+01  -3.8320913e+01   4.4828371e+02   2.1460510e-02   1.2732227e-01   6.2340790e-02
   1.9960000e+03   1.2000000e+01   3.1000000e+01   8.0000000e+00   1.0000000e+01   3.5000000e+01  -5.3906041e+01  -3.8322458e+01   4.6912314e+02   3.7616432e-01   1.2132259e+00   9.8483107e-01
   1.9960000e+03   1.2000000e+01   3.1000000e+01   8.0000000e+00   1.2000000e+01   4.0000000e+00  -5.3901803e+01  -3.8323971e+01   4.8118396e+02   0.0000000e+00   0.0000000e+00   0.0000000e+00
   1.9960000e+03   1.2000000e+01   3.1000000e+01   8.0000000e+00   1.3000000e+01   3.2000000e+01  -5.3897596e+01  -3.8325569e+01   4.7909352e+02   0.0000000e+00   0.0000000e+00   0.0000000e+00
   1.9960000e+03   1.2000000e+01   3.1000000e+01   8.0000000e+00   1.4000000e+01   5.7000000e+01  -5.3893517e+01  -3.8327029e+01   4.6321945e+02   1.1905087e-02   2.2585710e+00   2.1211319e+00
   1.9960000e+03   1.2000000e+01   3.1000000e+01   8.0000000e+00   1.6000000e+01   2.1000000e+01  -5.3889008e+01  -3.8328413e+01   5.0912622e+02   0.0000000e+00   0.0000000e+00   0.0000000e+00
   1.9960000e+03   1.2000000e+01   3.1000000e+01   8.0000000e+00   1.7000000e+01   5.0000000e+01  -5.3884650e+01  -3.8330138e+01   4.9721020e+02   0.0000000e+00   0.0000000e+00   0.0000000e+00
   1.9960000e+03   1.2000000e+01   3.1000000e+01   8.0000000e+00   1.9000000e+01   2.4000000e+01  -5.3880383e+01  -3.8331963e+01   4.8903858e+02   3.3706956e-02   5.7947534e-01   0.0000000e+00
   1.9960000e+03   1.2000000e+01   3.1000000e+01   8.0000000e+00   2.0000000e+01   5.7000000e+01  -5.3876016e+01  -3.8333618e+01   4.9727792e+02   0.0000000e+00   0.0000000e+00   0.0000000e+00
   1.9960000e+03   1.2000000e+01   3.1000000e+01   8.0000000e+00   2.2000000e+01   2.7000000e+01  -5.3871596e+01  -3.8335168e+01   5.0149999e+02   0.0000000e+00   2.5338482e+00   2.5338482e+00
   1.9960000e+03   1.2000000e+01   3.1000000e+01   8.0000000e+00   2.3000000e+01   5.4000000e+01  -5.3867192e+01  -3.8336601e+01   4.9826514e+02   1.1671751e-03   8.1518245e-02   3.1388939e-03
   1.9960000e+03   1.2000000e+01   3.1000000e+01   8.0000000e+00   2.5000000e+01   1.7000000e+01  -5.3862737e+01  -3.8337789e+01   5.0111775e+02   0.0000000e+00   0.0000000e+00   0.0000000e+00
   1.9960000e+03   1.2000000e+01   3.1000000e+01   8.0000000e+00   2.6000000e+01   4.1000000e+01  -5.3858268e+01  -3.8339293e+01   5.0624667e+02   0.0000000e+00   3.7306250e-02   0.0000000e+00
   1.9960000e+03   1.2000000e+01   3.1000000e+01   8.0000000e+00   2.8000000e+01   7.0000000e+00  -5.3853936e+01  -3.8341048e+01   4.9497745e+02   0.0000000e+00   0.0000000e+00   0.0000000e+00
   1.9960000e+03   1.2000000e+01   3.1000000e+01   8.0000000e+00   2.9000000e+01   3.6000000e+01  -5.3849528e+01  -3.8342773e+01   5.0264379e+02   0.0000000e+00   1.4231713e+00   1.4231713e+00
   1.9960000e+03   1.2000000e+01   3.1000000e+01   8.0000000e+00   3.1000000e+01   7.0000000e+00  -5.3845185e+01  -3.8344668e+01   4.9840144e+02   1.6042859e+00   5.0753191e+00   5.0753191e+00
   1.9960000e+03   1.2000000e+01   3.1000000e+01   8.0000000e+00   3.2000000e+01   3.6000000e+01  -5.3840715e+01  -3.8346188e+01   5.0655096e+02   7.1952120e+01   4.2962439e+02   2.4603934e+02
   1.9960000e+03   1.2000000e+01   3.1000000e+01   8.0000000e+00   3.4000000e+01   0.0000000e+00  -5.3836901e+01  -3.8347804e+01   4.3688957e+02   6.5792118e+00   1.7693531e+01   1.7693531e+01
   1.9960000e+03   1.2000000e+01   3.1000000e+01   8.0000000e+00   3.5000000e+01   2.4000000e+01  -5.3832433e+01  -3.8349303e+01   5.0606395e+02   1.3368882e+01   3.8106886e+01   3.6919770e+01
   1.9960000e+03   1.2000000e+01   3.1000000e+01   8.0000000e+00   3.6000000e+01   4.9000000e+01  -5.3828133e+01  -3.8351043e+01   4.9125280e+02   1.4165405e+00   3.8095146e+00   3.8095146e+00
   1.9960000e+03   1.2000000e+01   3.1000000e+01   8.0000000e+00   3.8000000e+01   1.3999901e+01  -5.3823574e+01  -3.8352293e+01   5.1329685e+02   4.8406125e+00   1.3017901e+01   1.3017901e+01
   1.9960000e+03   1.2000000e+01   3.1000000e+01   8.0000000e+00   3.9000000e+01   4.0000000e+01  -5.3819471e+01  -3.8353811e+01   4.6658072e+02   1.4416763e+01   3.8771123e+01   1.1054255e+01
   1.9960000e+03   1.2000000e+01   3.1000000e+01   8.0000000e+00   4.1000000e+01   7.0000992e+00  -5.3815167e+01  -3.8355239e+01   4.8744220e+02   1.0503499e+02   2.8411567e+02   2.8359837e+02
   1.9960000e+03   1.2000000e+01   3.1000000e+01   8.0000000e+00   4.2000000e+01   3.2000000e+01  -5.3810986e+01  -3.8356627e+01   4.7333293e+02   3.3515250e+00   1.0416797e+01   1.0416797e+01
   1.9960000e+03   1.2000000e+01   3.1000000e+01   8.0000000e+00   4.3000000e+01   5.3999901e+01  -5.3806974e+01  -3.8358292e+01   4.5905790e+02   2.3511886e+01   6.3835262e+01   6.3718376e+01
   1.9960000e+03   1.2000000e+01   3.1000000e+01   8.0000000e+00   4.5000000e+01   1.5000000e+01  -5.3803205e+01  -3.8359627e+01   4.2785341e+02   1.8560304e+01   4.9914386e+01   4.9914386e+01
   1.9960000e+03   1.2000000e+01   3.1000000e+01   8.0000000e+00   4.6000000e+01   4.0000099e+01  -5.3798631e+01  -3.8361024e+01   5.1642439e+02   1.4940967e+00   4.0180871e+00   4.0180871e+00
   1.9960000e+03   1.2000000e+01   3.1000000e+01   8.0000000e+00   4.8000000e+01   3.9999008e+00  -5.3794304e+01  -3.8362242e+01   4.8747894e+02   6.1860072e+00   1.6636082e+01   0.0000000e+00
   1.9960000e+03   1.2000000e+01   3.1000000e+01   8.0000000e+00   4.9000000e+01   2.6000099e+01  -5.3789989e+01  -3.8363372e+01   4.8518603e+02   5.0324166e-01   1.8440648e+00   1.3533721e+00
   1.9960000e+03   1.2000000e+01   3.1000000e+01   8.0000000e+00   5.0000000e+01   5.1000000e+01  -5.3785509e+01  -3.8364516e+01   5.0344858e+02   4.9034214e-01   1.3186813e+00   9.3751915e-01
   1.9960000e+03   1.2000000e+01   3.1000000e+01   8.0000000e+00   5.2000000e+01   1.5000000e+01  -5.3781232e+01  -3.8365921e+01   4.8418267e+02   1.1182209e+00   3.5330997e+00   2.7502246e+00
   1.9960000e+03   1.2000000e+01   3.1000000e+01   8.0000000e+00   5.3000000e+01   4.0000000e+01  -5.3776932e+01  -3.8367157e+01   4.8466251e+02   4.3924760e-01   2.8197630e+00   2.8197630e+00
   1.9960000e+03   1.2000000e+01   3.1000000e+01   8.0000000e+00   5.5000000e+01   7.0000000e+00  -5.3772400e+01  -3.8368246e+01   5.0861450e+02   2.3395397e+00   6.2917442e+00   6.2917442e+00
   1.9960000e+03   1.2000000e+01   3.1000000e+01   8.0000000e+00   5.6000000e+01   3.5000000e+01  -5.3767962e+01  -3.8369634e+01   5.0149320e+02   3.6825039e+00   9.9033893e+00   9.9033893e+00
   1.9960000e+03   1.2000000e+01   3.1000000e+01   8.0000000e+00   5.8000000e+01   2.0000992e+00  -5.3763567e+01  -3.8370889e+01   4.9526116e+02   0.0000000e+00   0.0000000e+00   0.0000000e+00
   1.9960000e+03   1.2000000e+01   3.1000000e+01   8.0000000e+00   5.9000000e+01   2.9000000e+01  -5.3759114e+01  -3.8372232e+01   5.0256458e+02   0.0000000e+00   0.0000000e+00   0.0000000e+00
   1.9960000e+03   1.2000000e+01   3.1000000e+01   9.0000000e+00   0.0000000e+00   5.2000000e+01  -5.3755127e+01  -3.8373197e+01   4.4760949e+02   6.4493586e-01   1.7344315e+00   1.7344315e+00
   1.9960000e+03   1.2000000e+01   3.1000000e+01   9.0000000e+00   2.0000000e+00   1.2000000e+01  -5.3751367e+01  -3.8374289e+01   4.2391980e+02   5.2791454e-02   1.4197251e-01   1.4197251e-01
   1.9960000e+03   1.2000000e+01   3.1000000e+01   9.0000000e+00   3.0000000e+00   3.2000000e+01  -5.3747057e+01  -3.8374859e+01   4.8038944e+02   9.6784716e-01   2.6028397e+00   2.6028397e+00
   1.9960000e+03   1.2000000e+01   3.1000000e+01   9.0000000e+00   4.0000000e+00   5.4000000e+01  -5.3743286e+01  -3.8375761e+01   4.2325363e+02   2.1896234e+00   5.8885730e+00   5.8885730e+00
   1.9960000e+03   1.2000000e+01   3.1000000e+01   9.0000000e+00   6.0000000e+00   2.2000000e+01  -5.3739157e+01  -3.8376937e+01   4.6523565e+02   6.9938290e-03   1.8808564e-02   1.8808564e-02
   1.9960000e+03   1.2000000e+01   3.1000000e+01   9.0000000e+00   7.0000000e+00   5.6000099e+01  -5.3734479e+01  -3.8378126e+01   5.2560508e+02   1.4376788e-01   7.2274494e-01   3.4117891e-01
   1.9960000e+03   1.2000000e+01   3.1000000e+01   9.0000000e+00   9.0000000e+00   2.5000000e+01  -5.3730062e+01  -3.8379404e+01   4.9800377e+02   1.3055607e+01   3.5762248e+01   2.6238417e+00
   1.9960000e+03   1.2000000e+01   3.1000000e+01   9.0000000e+00   1.0000000e+01   5.2000099e+01  -5.3725627e+01  -3.8380857e+01   5.0199673e+02   2.6593267e+00   7.1517502e+00   7.1517502e+00
   1.9960000e+03   1.2000000e+01   3.1000000e+01   9.0000000e+00   1.2000000e+01   2.0000000e+01  -5.3721192e+01  -3.8382117e+01   4.9973158e+02   3.2684102e+00   8.7897635e+00   8.5366042e+00
   1.9960000e+03   1.2000000e+01   3.1000000e+01   9.0000000e+00   1.3000000e+01   5.0000000e+01  -5.3716782e+01  -3.8383194e+01   4.9508060e+02   1.0902267e+00   2.9319559e+00   2.2839306e+00
   1.9960000e+03   1.2000000e+01   3.1000000e+01   9.0000000e+00   1.5000000e+01   2.1000000e+01  -5.3712320e+01  -3.8384206e+01   5.0031104e+02   6.6662875e+00   1.7927704e+01   1.5144985e+01
   1.9960000e+03   1.2000000e+01   3.1000000e+01   9.0000000e+00   1.6000000e+01   5.0000099e+01  -5.3707782e+01  -3.8385203e+01   5.0845711e+02   4.9164711e+00   1.3399934e+01   1.2688013e+01
   1.9960000e+03   1.2000000e+01   3.1000000e+01   9.0000000e+00   1.8000000e+01   1.9000000e+01  -5.3703465e+01  -3.8386762e+01   4.9059029e+02   5.5344942e+01   1.4883963e+02   1.4790266e+02
   1.9960000e+03   1.2000000e+01   3.1000000e+01   9.0000000e+00   1.9000000e+01   4.6000099e+01  -5.3699130e+01  -3.8388706e+01   4.9839089e+02   4.7491323e+00   1.2859356e+01   1.2771882e+01
   1.9960000e+03   1.2000000e+01   3.1000000e+01   9.0000000e+00   2.1000000e+01   1.0000000e+01  -5.3694777e+01  -3.8390193e+01   4.9346609e+02   5.1209716e+00   1.4090247e+01   1.3771873e+01
   1.9960000e+03   1.2000000e+01   3.1000000e+01   9.0000000e+00   2.2000000e+01   3.2000000e+01  -5.3690896e+01  -3.8391338e+01   4.3778964e+02   9.2594512e-01   2.4901521e+00   2.4901521e+00
   1.9960000e+03   1.2000000e+01   3.1000000e+01   9.0000000e+00   2.3000000e+01   5.7000000e+01  -5.3686598e+01  -3.8392899e+01   4.8859270e+02   5.9227730e-01   1.5928164e+00   1.5928164e+00
   1.9960000e+03   1.2000000e+01   3.1000000e+01   9.0000000e+00   2.5000000e+01   2.4000000e+01  -5.3682275e+01  -3.8394480e+01   4.9146272e+02   6.9256005e+00   1.8705109e+01   1.7468511e+01
   1.9960000e+03   1.2000000e+01   3.1000000e+01   9.0000000e+00   2.6000000e+01   4.7000000e+01  -5.3677829e+01  -3.8395798e+01   5.0160289e+02   8.4367029e+00   2.3381651e+01   2.2475137e+01
   1.9960000e+03   1.2000000e+01   3.1000000e+01   9.0000000e+00   2.8000000e+01   1.4000099e+01  -5.3673384e+01  -3.8397156e+01   5.0194565e+02   1.1909807e+01   3.2029145e+01   3.1201704e+01
   1.9960000e+03   1.2000000e+01   3.1000000e+01   9.0000000e+00   2.9000000e+01   4.5000000e+01  -5.3669053e+01  -3.8398720e+01   4.9220815e+02   6.6854479e+02   1.7979232e+03   1.6658011e+03
   1.9960000e+03   1.2000000e+01   3.1000000e+01   9.0000000e+00   3.1000000e+01   1.4000000e+01  -5.3664796e+01  -3.8400221e+01   4.8324510e+02   2.9129960e-01   9.1524930e-01   3.4624197e-01
   1.9960000e+03   1.2000000e+01   3.1000000e+01   9.0000000e+00   3.2000000e+01   3.7000000e+01  -5.3660488e+01  -3.8401448e+01   4.8542504e+02   4.8382157e-01   1.3011455e+00   1.0058592e+00
   1.9960000e+03   1.2000000e+01   3.1000000e+01   9.0000000e+00   3.3000000e+01   5.8999901e+01  -5.3656045e+01  -3.8402911e+01   5.0295687e+02   7.2784942e-01   2.4594846e+00   1.1249144e+00
   1.9960000e+03   1.2000000e+01   3.1000000e+01   9.0000000e+00   3.5000000e+01   1.7000000e+01  -5.3651638e+01  -3.8404177e+01   4.9680624e+02   8.1806540e-01   3.0901999e+00   1.1355662e+00
   1.9960000e+03   1.2000000e+01   3.1000000e+01   9.0000000e+00   3.6000000e+01   3.9000000e+01  -5.3648174e+01  -3.8405565e+01   3.9565290e+02   5.6979403e-01   1.6717276e+00   1.0514382e+00
   1.9960000e+03   1.2000000e+01   3.1000000e+01   9.0000000e+00   3.8000000e+01   5.0000000e+00  -5.3643783e+01  -3.8407267e+01   5.0061521e+02   2.5724420e-01   1.5010516e+00   1.4627064e+00
   1.9960000e+03   1.2000000e+01   3.1000000e+01   9.0000000e+00   3.9000000e+01   3.0000000e+01  -5.3639783e+01  -3.8408617e+01   4.5328948e+02   3.4875284e-01   1.1880470e+00   1.0407789e+00
   1.9960000e+03   1.2000000e+01   3.1000000e+01   9.0000000e+00   4.0000000e+01   5.1000000e+01  -5.3635540e+01  -3.8410132e+01   4.8187684e+02   4.6894486e-02   1.9232253e+00   1.9020041e+00
   1.9960000e+03   1.2000000e+01   3.1000000e+01   9.0000000e+00   4.2000000e+01   1.1000000e+01  -5.3631285e+01  -3.8411783e+01   4.8518968e+02   9.4936140e-01   3.7066524e+00   3.1395963e+00
   1.9960000e+03   1.2000000e+01   3.1000000e+01   9.0000000e+00   4.3000000e+01   3.2000099e+01  -5.3627178e+01  -3.8413377e+01   4.6833393e+02   7.9568456e-01   2.5577482e+00   2.5577482e+00
   1.9960000e+03   1.2000000e+01   3.1000000e+01   9.0000000e+00   4.4000000e+01   5.5999901e+01  -5.3623120e+01  -3.8414684e+01   4.5902056e+02   9.6671605e-01   5.2984990e+00   5.2678673e+00
   1.9960000e+03   1.2000000e+01   3.1000000e+01   9.0000000e+00   4.6000000e+01   1.8999901e+01  -5.3618759e+01  -3.8416292e+01   4.9608971e+02   7.9865272e-01   2.5329479e+00   1.9523730e+00
   1.9960000e+03   1.2000000e+01   3.1000000e+01   9.0000000e+00   4.7000000e+01   4.0000000e+01  -5.3614233e+01  -3.8417923e+01   5.1427916e+02   1.2006803e+00   5.0209646e+00   2.8512799e+00
   1.9960000e+03   1.2000000e+01   3.1000000e+01   9.0000000e+00   4.9000000e+01   6.0000000e+00  -5.3610101e+01  -3.8419357e+01   4.6881381e+02   1.2703220e+00   3.4162879e+00   2.9555157e+00
   1.9960000e+03   1.2000000e+01   3.1000000e+01   9.0000000e+00   5.0000000e+01   3.6000000e+01  -5.3605741e+01  -3.8421032e+01   4.9689748e+02   1.3121837e+00   3.5288670e+00   3.4930093e+00
   1.9960000e+03   1.2000000e+01   3.1000000e+01   9.0000000e+00   5.2000000e+01   7.0000000e+00  -5.3601407e+01  -3.8422688e+01   4.9384865e+02   2.4498745e+00   6.9491476e+00   6.1290013e+00
   1.9960000e+03   1.2000000e+01   3.1000000e+01   9.0000000e+00   5.3000000e+01   3.4000000e+01  -5.3597166e+01  -3.8424442e+01   4.8521333e+02   1.5534822e+00   4.4307109e+00   3.9406484e+00
   1.9960000e+03   1.2000000e+01   3.1000000e+01   9.0000000e+00   5.4000000e+01   5.4000099e+01  -5.3593175e+01  -3.8426162e+01   4.5773498e+02   1.1491598e+00   3.2619512e+00   2.8407721e+00
   1.9960000e+03   1.2000000e+01   3.1000000e+01   9.0000000e+00   5.6000000e+01   1.7000000e+01  -5.3588948e+01  -3.8427688e+01   4.8034345e+02   9.7870100e-01   3.7202142e+00   2.8106608e+00
   1.9960000e+03   1.2000000e+01   3.1000000e+01   9.0000000e+00   5.7000000e+01   4.5000000e+01  -5.3584614e+01  -3.8429063e+01   4.9016917e+02   7.6417050e-01   2.2173319e+00   4.5796409e-01
   1.9960000e+03   1.2000000e+01   3.1000000e+01   9.0000000e+00   5.9000000e+01   1.1000000e+01  -5.3580331e+01  -3.8430687e+01   4.8778304e+02   1.2890849e+00   3.7622026e+00   1.9980610e+00
   1.9960000e+03   1.2000000e+01   3.1000000e+01   1.0000000e+01   0.0000000e+00   3.4000000e+01  -5.3575981e+01  -3.8432643e+01   5.0025735e+02   1.0195001e+00   4.0809022e+00   1.9162620e+00
   1.9960000e+03   1.2000000e+01   3.1000000e+01   1.0000000e+01   1.0000000e+00   5.9000000e+01  -5.3571586e+01  -3.8434602e+01   5.0521887e+02   4.4524798e-01   3.5956876e+00   2.7693060e+00
   1.9960000e+03   1.2000000e+01   3.1000000e+01   1.0000000e+01   3.0000000e+00   2.7000000e+01  -5.3567389e+01  -3.8436435e+01   4.8185962e+02   4.6701247e-01   1.5842478e+00   7.8309248e-01
   1.9960000e+03   1.2000000e+01   3.1000000e+01   1.0000000e+01   4.0000000e+00   5.6000000e+01  -5.3563141e+01  -3.8438361e+01   4.8876404e+02   1.2469059e+00   3.8374271e+00   1.2921646e+00
   1.9960000e+03   1.2000000e+01   3.1000000e+01   1.0000000e+01   6.0000000e+00   2.5000000e+01  -5.3558754e+01  -3.8440036e+01   4.9990476e+02   9.6911215e-01   2.6062416e+00   9.8919444e-01
   1.9960000e+03   1.2000000e+01   3.1000000e+01   1.0000000e+01   7.0000000e+00   5.2000000e+01  -5.3554387e+01  -3.8441576e+01   4.9577218e+02   4.6823925e-01   2.7330183e+00   2.1228741e+00
   1.9960000e+03   1.2000000e+01   3.1000000e+01   1.0000000e+01   9.0000000e+00   2.0000000e+01  -5.3550044e+01  -3.8443200e+01   4.9436928e+02   1.1892938e+00   3.3750904e+00   2.6655989e+00
   1.9960000e+03   1.2000000e+01   3.1000000e+01   1.0000000e+01   1.0000000e+01   4.7000000e+01  -5.3545727e+01  -3.8445296e+01   4.9925930e+02   9.6614070e-01   2.7248137e+00   2.0196396e+00
   1.9960000e+03   1.2000000e+01   3.1000000e+01   1.0000000e+01   1.2000000e+01   1.7000000e+01  -5.3541429e+01  -3.8447236e+01   4.9449525e+02   1.7147360e+00   5.5187300e+00   3.9565599e+00
   1.9960000e+03   1.2000000e+01   3.1000000e+01   1.0000000e+01   1.3000000e+01   4.6000000e+01  -5.3537226e+01  -3.8448761e+01   4.7779278e+02   1.1651852e+00   3.8763817e+00   9.1549774e-01
   1.9960000e+03   1.2000000e+01   3.1000000e+01   1.0000000e+01   1.5000000e+01   1.0000000e+01  -5.3532784e+01  -3.8450576e+01   5.0791937e+02   7.7721164e-01   2.2479396e+00   9.1917425e-01
   1.9960000e+03   1.2000000e+01   3.1000000e+01   1.0000000e+01   1.6000000e+01   3.5000000e+01  -5.3528384e+01  -3.8452410e+01   5.0369754e+02   7.1668123e-01   2.4833713e+00   1.4524567e+00
   1.9960000e+03   1.2000000e+01   3.1000000e+01   1.0000000e+01   1.8000000e+01   5.0000000e+00  -5.3524024e+01  -3.8454223e+01   4.9907489e+02   7.9871249e-01   5.4538388e+00   3.5250425e+00
   1.9960000e+03   1.2000000e+01   3.1000000e+01   1.0000000e+01   1.9000000e+01   3.5000099e+01  -5.3519684e+01  -3.8455876e+01   4.9447279e+02   7.3291761e-01   1.9710416e+00   1.2498116e+00
   1.9960000e+03   1.2000000e+01   3.1000000e+01   1.0000000e+01   2.1000000e+01   2.0000000e+00  -5.3515359e+01  -3.8457516e+01   4.9265382e+02   4.1615132e+00   1.1895615e+01   7.0911458e-01
   1.9960000e+03   1.2000000e+01   3.1000000e+01   1.0000000e+01   2.2000000e+01   3.0000000e+01  -5.3511094e+01  -3.8459649e+01   4.9438811e+02   2.8561201e+00   9.5681817e+00   1.9344311e+00
   1.9960000e+03   1.2000000e+01   3.1000000e+01   1.0000000e+01   2.4000000e+01   0.0000000e+00  -5.3506828e+01  -3.8461676e+01   4.9269415e+02   1.6246097e+00   4.9390886e+00   4.2871702e+00
   1.9960000e+03   1.2000000e+01   3.1000000e+01   1.0000000e+01   2.5000000e+01   3.0000000e+01  -5.3502484e+01  -3.8463466e+01   4.9689311e+02   1.4619629e+00   3.9316693e+00   3.4960516e+00
   1.9960000e+03   1.2000000e+01   3.1000000e+01   1.0000000e+01   2.6000000e+01   5.5000000e+01  -5.3498174e+01  -3.8465519e+01   4.9778140e+02   3.2037617e+00   9.8196037e+00   2.2678106e+00
   1.9960000e+03   1.2000000e+01   3.1000000e+01   1.0000000e+01   2.8000000e+01   2.0000000e+01  -5.3493988e+01  -3.8467656e+01   4.8621910e+02   2.5975167e+00   6.9855239e+00   6.1722328e+00
   1.9960000e+03   1.2000000e+01   3.1000000e+01   1.0000000e+01   2.9000000e+01   4.9000000e+01  -5.3489797e+01  -3.8469531e+01   4.8186488e+02   1.7288125e+00   6.4440394e+00   2.2563001e+00
   1.9960000e+03   1.2000000e+01   3.1000000e+01   1.0000000e+01   3.1000000e+01   1.7000000e+01  -5.3485631e+01  -3.8471222e+01   4.7620453e+02   3.4280536e+00   9.3282011e+00   5.6638192e+00
   1.9960000e+03   1.2000000e+01   3.1000000e+01   1.0000000e+01   3.2000000e+01   4.5000000e+01  -5.3481235e+01  -3.8473206e+01   5.0588581e+02   1.2521972e+00   7.5249619e+00   1.1273563e+00
   1.9960000e+03   1.2000000e+01   3.1000000e+01   1.0000000e+01   3.4000000e+01   1.0000000e+01  -5.3477171e+01  -3.8474956e+01   4.6608715e+02   3.3225529e+00   1.0948232e+01   8.5742758e+00
   1.9960000e+03   1.2000000e+01   3.1000000e+01   1.0000000e+01   3.5000000e+01   3.1000000e+01  -5.3472892e+01  -3.8476557e+01   4.8716681e+02   2.2555788e+00   7.4700680e+00   3.6667175e+00
   1.9960000e+03   1.2000000e+01   3.1000000e+01   1.0000000e+01   3.6000000e+01   5.5000000e+01  -5.3468595e+01  -3.8478576e+01   4.9586600e+02   2.3322211e+00   7.3799657e+00   2.4141699e+00
   1.9960000e+03   1.2000000e+01   3.1000000e+01   1.0000000e+01   3.8000000e+01   2.5000000e+01  -5.3464335e+01  -3.8480556e+01   4.9113834e+02   1.4374938e+00   4.9879872e+00   3.9279055e+00
   1.9960000e+03   1.2000000e+01   3.1000000e+01   1.0000000e+01   3.9000000e+01   5.6999901e+01  -5.3460050e+01  -3.8482644e+01   4.9574211e+02   2.8987840e+00   1.0662692e+01   5.8261693e+00
   1.9960000e+03   1.2000000e+01   3.1000000e+01   1.0000000e+01   4.1000000e+01   2.8999901e+01  -5.3455737e+01  -3.8484511e+01   4.9486956e+02   2.4067486e-01   4.1120339e+00   5.9380185e-01
   1.9960000e+03   1.2000000e+01   3.1000000e+01   1.0000000e+01   4.2000000e+01   5.9000099e+01  -5.3451507e+01  -3.8486341e+01   4.8538433e+02   2.3591996e+00   9.1531436e+00   4.0790122e-02
   1.9960000e+03   1.2000000e+01   3.1000000e+01   1.0000000e+01   4.4000000e+01   2.6000000e+01  -5.3447143e+01  -3.8488321e+01   5.0242506e+02   1.2615117e+00   3.5799683e+00   3.3925943e+00
   1.9960000e+03   1.2000000e+01   3.1000000e+01   1.0000000e+01   4.5000000e+01   5.2000000e+01  -5.3442700e+01  -3.8489976e+01   5.0565621e+02   3.1481482e+00   8.7590503e+00   5.1475850e+00
   1.9960000e+03   1.2000000e+01   3.1000000e+01   1.0000000e+01   4.7000000e+01   2.1000000e+01  -5.3438222e+01  -3.8491551e+01   5.0834397e+02   2.5359936e+00   6.8200694e+00   2.3015160e-01
   1.9960000e+03   1.2000000e+01   3.1000000e+01   1.0000000e+01   4.8000000e+01   5.4000000e+01  -5.3434008e+01  -3.8493291e+01   4.8227165e+02   1.5916953e+00   4.2805599e+00   2.2148896e+00
   1.9960000e+03   1.2000000e+01   3.1000000e+01   1.0000000e+01   5.0000000e+01   2.6000000e+01  -5.3429643e+01  -3.8495281e+01   5.0266588e+02   1.5265487e+00   7.2343592e+00   7.0187254e+00
   1.9960000e+03   1.2000000e+01   3.1000000e+01   1.0000000e+01   5.1000000e+01   5.6000000e+01  -5.3425288e+01  -3.8497301e+01   5.0201546e+02   1.9647914e+00   6.1038671e+00   7.6278223e-01
   1.9960000e+03   1.2000000e+01   3.1000000e+01   1.0000000e+01   5.3000000e+01   2.6000000e+01  -5.3421188e+01  -3.8499096e+01   4.7083277e+02   2.2920792e+00   6.6362218e+00   8.8380191e-01
   1.9960000e+03   1.2000000e+01   3.1000000e+01   1.0000000e+01   5.4000000e+01   5.7000000e+01  -5.3416956e+01  -3.8500830e+01   4.8408463e+02   1.6506075e-01   1.9293928e+00   5.7802059e-01
   1.9960000e+03   1.2000000e+01   3.1000000e+01   1.0000000e+01   5.6000000e+01   2.5999901e+01  -5.3412663e+01  -3.8502661e+01   4.9220817e+02   8.9146208e-01   4.2600362e+00   2.8216983e+00
   1.9960000e+03   1.2000000e+01   3.1000000e+01   1.0000000e+01   5.7000000e+01   5.1000000e+01  -5.3408413e+01  -3.8504411e+01   4.8627582e+02   9.1488775e-01   3.3598928e+00   2.6837592e+00
   1.9960000e+03   1.2000000e+01   3.1000000e+01   1.0000000e+01   5.9000000e+01   2.0000000e+01  -5.3404096e+01  -3.8506216e+01   4.9443583e+02   4.1843819e-01   3.2162260e+00   2.8941585e+00
   1.9960000e+03   1.2000000e+01   3.1000000e+01   1.1000000e+01   0.0000000e+00   5.2000000e+01  -5.3399890e+01  -3.8507916e+01   4.8064092e+02   2.4089234e+00   6.9058284e+00   6.7960455e+00
   1.9960000e+03   1.2000000e+01   3.1000000e+01   1.1000000e+01   2.0000000e+00   2.1000000e+01  -5.3395693e+01  -3.8509041e+01   4.7234448e+02   1.2744478e+00   4.1313778e+00   3.9114639e+00
   1.9960000e+03   1.2000000e+01   3.1000000e+01   1.1000000e+01   3.0000000e+00   4.5000000e+01  -5.3391605e+01  -3.8510673e+01   4.6690053e+02   3.1336505e+00   8.7062728e+00   8.1524737e+00
   1.9960000e+03   1.2000000e+01   3.1000000e+01   1.1000000e+01   5.0000000e+00   1.1000000e+01  -5.3387633e+01  -3.8511705e+01   4.4669559e+02   2.6772371e+00   7.6947089e+00   1.3372065e+00
   1.9960000e+03   1.2000000e+01   3.1000000e+01   1.1000000e+01   6.0000000e+00   4.2000000e+01  -5.3383548e+01  -3.8513008e+01   4.6201668e+02   3.0464714e+00   8.2878991e+00   6.0491012e+00
   1.9960000e+03   1.2000000e+01   3.1000000e+01   1.1000000e+01   8.0000000e+00   1.4000000e+01  -5.3379388e+01  -3.8514060e+01   4.6749351e+02   3.7510865e+00   1.0087829e+01   7.5688945e+00
   1.9960000e+03   1.2000000e+01   3.1000000e+01   1.1000000e+01   9.0000000e+00   4.2000000e+01  -5.3375161e+01  -3.8515020e+01   4.7409097e+02   8.3345290e+00   2.4240147e+01   3.4038369e+00
   1.9960000e+03   1.2000000e+01   3.1000000e+01   1.1000000e+01   1.1000000e+01   1.1000099e+01  -5.3370833e+01  -3.8516165e+01   4.8683018e+02   5.9273881e+00   1.8734865e+01   1.6963728e+01
   1.9960000e+03   1.2000000e+01   3.1000000e+01   1.1000000e+01   1.2000000e+01   4.1000000e+01  -5.3366630e+01  -3.8516932e+01   4.6974523e+02   5.2016639e+00   1.4938126e+01   1.3213089e+01
   1.9960000e+03   1.2000000e+01   3.1000000e+01   1.1000000e+01   1.4000000e+01   1.5000000e+01  -5.3362409e+01  -3.8517626e+01   4.7135909e+02   2.8173047e+00   9.0884305e+00   8.9657041e+00
   1.9960000e+03   1.2000000e+01   3.1000000e+01   1.1000000e+01   1.5000000e+01   4.6000000e+01  -5.3358243e+01  -3.8519071e+01   4.7266337e+02   2.5545525e+00   7.1405333e+00   5.7873928e+00
   1.9960000e+03   1.2000000e+01   3.1000000e+01   1.1000000e+01   1.7000000e+01   1.5000000e+01  -5.3354166e+01  -3.8520513e+01   4.6307738e+02   3.0939858e+00   9.3587221e+00   8.2424078e+00
   1.9960000e+03   1.2000000e+01   3.1000000e+01   1.1000000e+01   1.8000000e+01   4.9000000e+01  -5.3349829e+01  -3.8521350e+01   4.8517121e+02   3.3232094e+00   1.0738856e+01   9.2437079e+00
   1.9960000e+03   1.2000000e+01   3.1000000e+01   1.1000000e+01   2.0000000e+01   2.2000000e+01  -5.3345521e+01  -3.8522446e+01   4.8413528e+02   1.6426362e+00   6.6727141e+00   5.6709030e+00
   1.9960000e+03   1.2000000e+01   3.1000000e+01   1.1000000e+01   2.1000000e+01   5.6000000e+01  -5.3341053e+01  -3.8523675e+01   5.0308700e+02   2.4825876e+00   9.2484640e+00   7.6714621e+00
   1.9960000e+03   1.2000000e+01   3.1000000e+01   1.1000000e+01   2.3000000e+01   3.4000000e+01  -5.3336609e+01  -3.8524830e+01   4.9980470e+02   2.6869278e+00   7.6874320e+00   7.0167419e+00
   1.9960000e+03   1.2000000e+01   3.1000000e+01   1.1000000e+01   2.5000000e+01   1.2000000e+01  -5.3332171e+01  -3.8525790e+01   4.9722305e+02   2.4515304e+00   7.3884249e+00   6.8643704e+00
   1.9960000e+03   1.2000000e+01   3.1000000e+01   1.1000000e+01   2.6000000e+01   5.1000000e+01  -5.3327774e+01  -3.8526575e+01   4.9142126e+02   1.6325193e+00   5.3682012e+00   4.1420841e+00
   1.9960000e+03   1.2000000e+01   3.1000000e+01   1.1000000e+01   2.8000000e+01   2.9000099e+01  -5.3323599e+01  -3.8527400e+01   4.6711281e+02   3.4119651e+00   1.0339540e+01   2.5890676e+00
   1.9960000e+03   1.2000000e+01   3.1000000e+01   1.1000000e+01   2.9000000e+01   5.7000000e+01  -5.3319591e+01  -3.8528575e+01   4.5209438e+02   2.3863971e-01   2.6477474e+00   1.7095520e+00
   1.9960000e+03   1.2000000e+01   3.1000000e+01   1.1000000e+01   3.1000000e+01   2.4000099e+01  -5.3315729e+01  -3.8529870e+01   4.3769841e+02   1.9773029e+00   5.4135531e+00   4.9757137e+00
   1.9960000e+03   1.2000000e+01   3.1000000e+01   1.1000000e+01   3.2000000e+01   5.6000000e+01  -5.3311613e+01  -3.8530493e+01   4.5926328e+02   1.9243980e-01   2.1644751e+00   1.9622312e+00
   1.9960000e+03   1.2000000e+01   3.1000000e+01   1.1000000e+01   3.4000000e+01   2.7000000e+01  -5.3307231e+01  -3.8530670e+01   4.8698369e+02   1.3818447e+00   4.9270467e+00   2.9312185e+00
   1.9960000e+03   1.2000000e+01   3.1000000e+01   1.1000000e+01   3.5000000e+01   5.6000000e+01  -5.3302839e+01  -3.8530743e+01   4.8815534e+02   3.2384420e+00   9.7725296e+00   2.2519155e+00
   1.9960000e+03   1.2000000e+01   3.1000000e+01   1.1000000e+01   3.7000000e+01   2.7000000e+01  -5.3298679e+01  -3.8531048e+01   4.6264300e+02   2.9227954e-01   3.8611044e+00   3.4110858e+00
   1.9960000e+03   1.2000000e+01   3.1000000e+01   1.1000000e+01   3.9000000e+01   0.0000000e+00  -5.3294747e+01  -3.8531233e+01   4.3717431e+02   1.9245530e+00   5.7420693e+00   4.6134677e+00
   1.9960000e+03   1.2000000e+01   3.1000000e+01   1.1000000e+01   4.0000000e+01   3.0000099e+01  -5.3290546e+01  -3.8532043e+01   4.6979468e+02   2.3419646e+00   6.6870823e+00   6.1814493e+00
   1.9960000e+03   1.2000000e+01   3.1000000e+01   1.1000000e+01   4.1000000e+01   5.7000000e+01  -5.3286439e+01  -3.8532850e+01   4.5954279e+02   2.2111228e+00   8.1727423e+00   2.4953609e+00
   1.9960000e+03   1.2000000e+01   3.1000000e+01   1.1000000e+01   4.3000000e+01   3.0000000e+01  -5.3282419e+01  -3.8533150e+01   4.4714676e+02   1.8774724e+00   6.2605474e+00   5.3680688e+00
   1.9960000e+03   1.2000000e+01   3.1000000e+01   1.1000000e+01   4.5000000e+01   7.0000992e+00  -5.3278339e+01  -3.8533628e+01   4.5447913e+02   3.3955460e+00   1.0154148e+01   8.5872570e+00
   1.9960000e+03   1.2000000e+01   3.1000000e+01   1.1000000e+01   4.6000000e+01   4.4000000e+01  -5.3274409e+01  -3.8534080e+01   4.3771563e+02   3.3800104e+00   9.0898910e+00   8.2271708e+00
   1.9960000e+03   1.2000000e+01   3.1000000e+01   1.1000000e+01   4.8000000e+01   1.6000000e+01  -5.3270165e+01  -3.8534595e+01   4.7293027e+02   3.2443831e+00   8.7251473e+00   2.5926963e+00
   1.9960000e+03   1.2000000e+01   3.1000000e+01   1.1000000e+01   4.9000000e+01   5.0000000e+01  -5.3266020e+01  -3.8534930e+01   4.6111873e+02   3.8435248e+00   1.1213013e+01   9.7974419e+00
   1.9960000e+03   1.2000000e+01   3.1000000e+01   1.1000000e+01   5.1000000e+01   2.6000099e+01  -5.3261685e+01  -3.8535300e+01   4.8234361e+02   8.6541339e-01   6.1234081e+00   3.2939397e+00
   1.9960000e+03   1.2000000e+01   3.1000000e+01   1.1000000e+01   5.2000000e+01   5.9000099e+01  -5.3257430e+01  -3.8535621e+01   4.7324070e+02   5.0584113e+00   1.5115181e+01   1.3742275e+01
   1.9960000e+03   1.2000000e+01   3.1000000e+01   1.1000000e+01   5.4000000e+01   3.5000000e+01  -5.3253390e+01  -3.8536345e+01   4.5149744e+02   2.9512256e-01   4.5560058e+00   3.4450326e+00
   1.9960000e+03   1.2000000e+01   3.1000000e+01   1.1000000e+01   5.6000000e+01   1.0000000e+01  -5.3249040e+01  -3.8536530e+01   4.8357323e+02   7.5348166e-02   3.8612160e+00   8.4303216e-01
   1.9960000e+03   1.2000000e+01   3.1000000e+01   1.1000000e+01   5.7000000e+01   4.4000000e+01  -5.3245294e+01  -3.8537150e+01   4.1826154e+02   3.5643918e+00   1.0392793e+01   9.1725646e+00
   1.9960000e+03   1.2000000e+01   3.1000000e+01   1.1000000e+01   5.9000000e+01   1.6000099e+01  -5.3241097e+01  -3.8537728e+01   4.6795685e+02   2.9968281e+00   1.0824869e+01   4.4548943e+00
