   1.9970000e+03   1.0000000e+00   1.0000000e+00   1.8000000e+01   3.6000000e+01   4.7000000e+01  -5.3895583e+01  -3.7905016e+01   4.8974182e+02   1.0184232e+00   2.9996835e+00   2.6908456e+00
   1.9970000e+03   1.0000000e+00   1.0000000e+00   1.8000000e+01   3.9000000e+01   0.0000000e+00  -5.3891257e+01  -3.7906640e+01   4.9229895e+02   4.5579685e-01   1.5175255e+00   1.4203136e+00
   1.9970000e+03   1.0000000e+00   1.0000000e+00   1.8000000e+01   4.0000000e+01   4.7000000e+01  -5.3886767e+01  -3.7908187e+01   5.0911217e+02   5.9577141e-01   1.6022132e+00   4.2360277e-01
   1.9970000e+03   1.0000000e+00   1.0000000e+00   1.8000000e+01   4.2000000e+01   2.5000099e+01  -5.3882586e+01  -3.7909551e+01   4.7306621e+02   3.4858882e-01   1.8479392e+00   1.8479392e+00
   1.9970000e+03   1.0000000e+00   1.0000000e+00   1.8000000e+01   4.3000000e+01   5.2000000e+01  -5.3878276e+01  -3.7910306e+01   4.8155112e+02   1.5916840e+02   4.2805293e+02   3.1126148e+02
   1.9970000e+03   1.0000000e+00   1.0000000e+00   1.8000000e+01   4.5000000e+01   1.8000000e+01  -5.3873979e+01  -3.7910888e+01   4.7895150e+02   6.4002806e-01   1.7212329e+00   1.7030997e+00
   1.9970000e+03   1.0000000e+00   1.0000000e+00   1.8000000e+01   4.6000000e+01   5.0000000e+01  -5.3869657e+01  -3.7912162e+01   4.8748660e+02   2.7040489e-01   8.5420118e-01   3.6703802e-01
   1.9970000e+03   1.0000000e+00   1.0000000e+00   1.8000000e+01   4.8000000e+01   2.7000000e+01  -5.3865182e+01  -3.7913986e+01   5.1141935e+02   3.3019034e-01   9.1541094e-01   4.3101912e-01
   1.9970000e+03   1.0000000e+00   1.0000000e+00   1.8000000e+01   5.0000000e+01   1.1000000e+01  -5.3861238e+01  -3.7915676e+01   4.5208561e+02   4.0828436e-01   1.0980026e+00   1.0980026e+00
   1.9970000e+03   1.0000000e+00   1.0000000e+00   1.8000000e+01   5.1000000e+01   4.6000000e+01  -5.3856935e+01  -3.7917063e+01   4.8672237e+02   3.0990491e-01   8.3342992e-01   4.3629164e-01
   1.9970000e+03   1.0000000e+00   1.0000000e+00   1.8000000e+01   5.3000000e+01   1.3000000e+01  -5.3852439e+01  -3.7918358e+01   5.0664471e+02   1.6351961e-01   4.3975470e-01   6.8319213e-02
   1.9970000e+03   1.0000000e+00   1.0000000e+00   1.8000000e+01   5.4000000e+01   4.3000000e+01  -5.3848359e+01  -3.7919796e+01   4.6312911e+02   2.4495198e-01   7.4370884e-01   3.2778812e-01
   1.9970000e+03   1.0000000e+00   1.0000000e+00   1.8000000e+01   5.6000000e+01   8.0000992e+00  -5.3844110e+01  -3.7920966e+01   4.7838432e+02   3.9686456e-01   1.0942473e+00   6.2090183e-01
   1.9970000e+03   1.0000000e+00   1.0000000e+00   1.8000000e+01   5.7000000e+01   3.0000000e+01  -5.3839897e+01  -3.7922341e+01   4.7669462e+02   1.2557334e+01   3.3770546e+01   3.3543519e+01
   1.9970000e+03   1.0000000e+00   1.0000000e+00   1.8000000e+01   5.8000000e+01   5.2000000e+01  -5.3835649e+01  -3.7924034e+01   4.8487818e+02   3.8866329e+01   1.0452355e+02   1.0404775e+02
   1.9970000e+03   1.0000000e+00   1.0000000e+00   1.9000000e+01   0.0000000e+00   1.5000000e+01  -5.3831357e+01  -3.7925802e+01   4.9082725e+02   3.7993006e+02   1.0217492e+03   1.0215727e+03
   1.9970000e+03   1.0000000e+00   1.0000000e+00   1.9000000e+01   1.0000000e+00   3.7000000e+01  -5.3826992e+01  -3.7927431e+01   4.9663339e+02   3.3594347e+02   9.0357012e+02   9.0306035e+02
   1.9970000e+03   1.0000000e+00   1.0000000e+00   1.9000000e+01   3.0000000e+00   1.0000000e+00  -5.3822645e+01  -3.7928946e+01   4.9323172e+02   9.6544873e+01   2.5978857e+02   2.5919663e+02
   1.9970000e+03   1.0000000e+00   1.0000000e+00   1.9000000e+01   4.0000000e+00   2.5000000e+01  -5.3818387e+01  -3.7930571e+01   4.8498383e+02   6.4927253e+01   1.7460942e+02   1.7421639e+02
   1.9970000e+03   1.0000000e+00   1.0000000e+00   1.9000000e+01   5.0000000e+00   4.7000000e+01  -5.3814182e+01  -3.7931961e+01   4.7601975e+02   1.9144744e+00   5.1815788e+00   4.6340313e+00
   1.9970000e+03   1.0000000e+00   1.0000000e+00   1.9000000e+01   7.0000000e+00   1.0000000e+01  -5.3809648e+01  -3.7933201e+01   5.1045410e+02   1.6227046e+01   4.3761590e+01   4.3139471e+01
   1.9970000e+03   1.0000000e+00   1.0000000e+00   1.9000000e+01   8.0000000e+00   3.2000000e+01  -5.3805377e+01  -3.7934641e+01   4.8385346e+02   7.6490638e+00   2.0636016e+01   2.0636016e+01
   1.9970000e+03   1.0000000e+00   1.0000000e+00   1.9000000e+01   9.0000000e+00   5.6000000e+01  -5.3801075e+01  -3.7936086e+01   4.8737650e+02   8.2528829e+00   2.2194549e+01   2.1696270e+01
   1.9970000e+03   1.0000000e+00   1.0000000e+00   1.9000000e+01   1.1000000e+01   2.0000000e+01  -5.3796827e+01  -3.7937371e+01   4.7943300e+02   1.5192720e+00   4.2841261e+00   3.8226392e+00
   1.9970000e+03   1.0000000e+00   1.0000000e+00   1.9000000e+01   1.2000000e+01   4.1000000e+01  -5.3792585e+01  -3.7938806e+01   4.8074365e+02   3.1396659e+00   8.4435304e+00   8.4435304e+00
   1.9970000e+03   1.0000000e+00   1.0000000e+00   1.9000000e+01   1.4000000e+01   2.9999008e+00  -5.3788228e+01  -3.7940237e+01   4.9321025e+02   1.6731095e+01   4.4995077e+01   4.4905061e+01
   1.9970000e+03   1.0000000e+00   1.0000000e+00   1.9000000e+01   1.5000000e+01   2.8000000e+01  -5.3783790e+01  -3.7941518e+01   5.0023731e+02   1.0833847e+00   2.9942285e+00   2.8400170e+00
   1.9970000e+03   1.0000000e+00   1.0000000e+00   1.9000000e+01   1.6000000e+01   5.2000000e+01  -5.3779423e+01  -3.7942671e+01   4.9113523e+02   2.4872834e-01   6.8040796e-01   2.2547869e-01
   1.9970000e+03   1.0000000e+00   1.0000000e+00   1.9000000e+01   1.8000000e+01   1.2999901e+01  -5.3775033e+01  -3.7944136e+01   4.9724820e+02   7.2350841e-01   2.0571256e+00   1.2236368e+00
   1.9970000e+03   1.0000000e+00   1.0000000e+00   1.9000000e+01   1.9000000e+01   3.5000000e+01  -5.3770548e+01  -3.7945851e+01   5.1089723e+02   1.3429281e-01   3.6115481e-01   6.1546766e-02
   1.9970000e+03   1.0000000e+00   1.0000000e+00   1.9000000e+01   2.0000000e+01   5.7000000e+01  -5.3766148e+01  -3.7947385e+01   4.9925190e+02   1.0841472e-01   3.5424863e-01   2.6979210e-01
   1.9970000e+03   1.0000000e+00   1.0000000e+00   1.9000000e+01   2.2000000e+01   1.7000000e+01  -5.3761783e+01  -3.7948701e+01   4.9263041e+02   8.9024764e-02   2.3941506e-01   1.5850307e-01
   1.9970000e+03   1.0000000e+00   1.0000000e+00   1.9000000e+01   2.3000000e+01   3.6000000e+01  -5.3757493e+01  -3.7949949e+01   4.8374573e+02   1.1344800e-01   3.0509668e-01   6.7790012e-02
   1.9970000e+03   1.0000000e+00   1.0000000e+00   1.9000000e+01   2.4000000e+01   5.6000000e+01  -5.3753023e+01  -3.7951323e+01   5.0484468e+02   8.4778111e-02   2.2799450e-01   4.6480253e-02
   1.9970000e+03   1.0000000e+00   1.0000000e+00   1.9000000e+01   2.6000000e+01   1.7000000e+01  -5.3748623e+01  -3.7952955e+01   5.0051232e+02   1.0246424e-01   2.7555795e-01   2.1097193e-01
   1.9970000e+03   1.0000000e+00   1.0000000e+00   1.9000000e+01   2.7000000e+01   4.1000000e+01  -5.3744166e+01  -3.7954736e+01   5.0894678e+02   6.8150641e-02   2.0813683e-01   2.0813683e-01
   1.9970000e+03   1.0000000e+00   1.0000000e+00   1.9000000e+01   2.9000000e+01   6.0000000e+00  -5.3739896e+01  -3.7956536e+01   4.8900611e+02   8.0322657e-02   2.3196063e-01   1.7762207e-01
   1.9970000e+03   1.0000000e+00   1.0000000e+00   1.9000000e+01   3.0000000e+01   3.1000000e+01  -5.3735585e+01  -3.7958183e+01   4.9100990e+02   4.6158415e-02   1.2413422e-01   3.1954454e-02
   1.9970000e+03   1.0000000e+00   1.0000000e+00   1.9000000e+01   3.1000000e+01   5.5000000e+01  -5.3731118e+01  -3.7959681e+01   5.0610486e+02   2.8477063e-02   7.6583609e-02   7.6583609e-02
   1.9970000e+03   1.0000000e+00   1.0000000e+00   1.9000000e+01   3.3000000e+01   1.6000000e+01  -5.3726666e+01  -3.7961266e+01   5.0555150e+02   2.6553892e-01   7.1411608e-01   3.6977614e-01
   1.9970000e+03   1.0000000e+00   1.0000000e+00   1.9000000e+01   3.4000000e+01   3.6000000e+01  -5.3722316e+01  -3.7963056e+01   4.9749213e+02   8.9065931e-02   2.3952577e-01   2.3952577e-01
   1.9970000e+03   1.0000000e+00   1.0000000e+00   1.9000000e+01   3.5000000e+01   5.6000000e+01  -5.3718006e+01  -3.7964706e+01   4.9106198e+02   1.1025391e-01   2.9650679e-01   2.9650679e-01
   1.9970000e+03   1.0000000e+00   1.0000000e+00   1.9000000e+01   3.7000000e+01   1.3000000e+01  -5.3713731e+01  -3.7966226e+01   4.8544006e+02   1.6926130e-01   4.5519586e-01   4.5519586e-01
   1.9970000e+03   1.0000000e+00   1.0000000e+00   1.9000000e+01   3.8000000e+01   3.0000000e+01  -5.3709439e+01  -3.7967771e+01   4.8768926e+02   2.3699220e-01   6.3734515e-01   4.2105995e-01
   1.9970000e+03   1.0000000e+00   1.0000000e+00   1.9000000e+01   3.9000000e+01   4.8000000e+01  -5.3705151e+01  -3.7969303e+01   4.8697308e+02   9.4629954e-01   2.5448915e+00   4.1787013e-01
   1.9970000e+03   1.0000000e+00   1.0000000e+00   1.9000000e+01   4.1000000e+01   1.0000000e+01  -5.3700818e+01  -3.7970790e+01   4.9126241e+02   6.1451406e-02   1.6526179e-01   1.6526179e-01
   1.9970000e+03   1.0000000e+00   1.0000000e+00   1.9000000e+01   4.2000000e+01   3.2000000e+01  -5.3696388e+01  -3.7972491e+01   5.0484286e+02   1.0483976e-01   2.8194645e-01   8.6431623e-02
   1.9970000e+03   1.0000000e+00   1.0000000e+00   1.9000000e+01   4.3000000e+01   5.6000000e+01  -5.3692126e+01  -3.7974288e+01   4.8816267e+02   3.1759310e+00   8.5410584e+00   7.2700158e+00
   1.9970000e+03   1.0000000e+00   1.0000000e+00   1.9000000e+01   4.5000000e+01   2.0000000e+01  -5.3687748e+01  -3.7975921e+01   4.9814313e+02   1.5375654e-02   1.9033473e+00   1.9033473e+00
   1.9970000e+03   1.0000000e+00   1.0000000e+00   1.9000000e+01   4.6000000e+01   4.3000000e+01  -5.3683381e+01  -3.7977536e+01   4.9680344e+02   6.6412262e-01   2.0436755e+00   2.0436755e+00
   1.9970000e+03   1.0000000e+00   1.0000000e+00   1.9000000e+01   4.8000000e+01   8.0000000e+00  -5.3679112e+01  -3.7979045e+01   4.8473464e+02   3.1527651e+02   8.5110202e+02   8.4791845e+02
   1.9970000e+03   1.0000000e+00   1.0000000e+00   1.9000000e+01   4.9000000e+01   3.2000000e+01  -5.3674629e+01  -3.7980676e+01   5.0954356e+02   9.3730492e+02   2.5210188e+03   1.8851964e+03
   1.9970000e+03   1.0000000e+00   1.0000000e+00   1.9000000e+01   5.0000000e+01   5.3000000e+01  -5.3670234e+01  -3.7982318e+01   5.0019220e+02   5.2768810e+02   1.4197233e+03   1.2072147e+03
   1.9970000e+03   1.0000000e+00   1.0000000e+00   1.9000000e+01   5.2000000e+01   1.5000000e+01  -5.3665869e+01  -3.7983900e+01   4.9610430e+02   1.7181626e+00   5.2520467e+00   5.2520467e+00
   1.9970000e+03   1.0000000e+00   1.0000000e+00   1.9000000e+01   5.3000000e+01   4.0000000e+01  -5.3661499e+01  -3.7985420e+01   4.9577826e+02   1.4041540e+02   3.7762034e+02   3.7340246e+02
   1.9970000e+03   1.0000000e+00   1.0000000e+00   1.9000000e+01   5.5000000e+01   3.0000000e+00  -5.3657121e+01  -3.7986895e+01   4.9602969e+02   3.6098163e+00   9.7079099e+00   5.2620913e+00
   1.9970000e+03   1.0000000e+00   1.0000000e+00   1.9000000e+01   5.6000000e+01   2.2000000e+01  -5.3652679e+01  -3.7988470e+01   5.0445121e+02   1.8235322e+00   7.4041340e+00   9.4896983e-01
   1.9970000e+03   1.0000000e+00   1.0000000e+00   1.9000000e+01   5.7000000e+01   4.2000000e+01  -5.3648349e+01  -3.7990190e+01   4.9430540e+02   1.0179695e+00   2.7376341e+00   1.3569047e+00
   1.9970000e+03   1.0000000e+00   1.0000000e+00   1.9000000e+01   5.9000000e+01   7.0000000e+00  -5.3644089e+01  -3.7991866e+01   4.8606159e+02   1.1732408e+00   3.1552066e+00   3.1552066e+00
   1.9970000e+03   1.0000000e+00   1.0000000e+00   2.0000000e+01   0.0000000e+00   3.2000000e+01  -5.3639634e+01  -3.7993410e+01   5.0536933e+02   3.6437992e+00   9.9430413e+00   9.2567975e+00
   1.9970000e+03   1.0000000e+00   1.0000000e+00   2.0000000e+01   1.0000000e+00   5.5000000e+01  -5.3635239e+01  -3.7995030e+01   4.9989872e+02   6.3812663e-01   1.8384880e+00   9.6074732e-01
   1.9970000e+03   1.0000000e+00   1.0000000e+00   2.0000000e+01   3.0000000e+00   1.7000000e+01  -5.3630929e+01  -3.7996765e+01   4.9236473e+02   4.2773690e-01   1.5886404e+00   1.5886404e+00
   1.9970000e+03   1.0000000e+00   1.0000000e+00   2.0000000e+01   4.0000000e+00   4.1000000e+01  -5.3626600e+01  -3.7998648e+01   4.9683402e+02   4.6616327e-01   1.4888211e+00   1.4888211e+00
   1.9970000e+03   1.0000000e+00   1.0000000e+00   2.0000000e+01   6.0000000e+00   8.0000000e+00  -5.3622232e+01  -3.8000455e+01   4.9973066e+02   7.0421791e-01   1.9500463e+00   1.3507443e+00
   1.9970000e+03   1.0000000e+00   1.0000000e+00   2.0000000e+01   7.0000000e+00   3.5000000e+01  -5.3617900e+01  -3.8002250e+01   4.9575249e+02   8.7414925e-01   3.0754978e+00   2.1931299e+00
   1.9970000e+03   1.0000000e+00   1.0000000e+00   2.0000000e+01   8.0000000e+00   5.6000000e+01  -5.3613467e+01  -3.8003938e+01   5.0494354e+02   1.4601797e+00   3.9268737e+00   2.7135937e+00
   1.9970000e+03   1.0000000e+00   1.0000000e+00   2.0000000e+01   1.0000000e+01   1.7999901e+01  -5.3609119e+01  -3.8005419e+01   4.9296258e+02   1.3302170e+00   4.0061790e+00   2.9715548e+00
   1.9970000e+03   1.0000000e+00   1.0000000e+00   2.0000000e+01   1.1000000e+01   4.5000000e+01  -5.3604740e+01  -3.8007020e+01   4.9792314e+02   7.9960879e-01   2.5108561e+00   1.6328989e+00
   1.9970000e+03   1.0000000e+00   1.0000000e+00   2.0000000e+01   1.3000000e+01   1.0000000e+01  -5.3600436e+01  -3.8008789e+01   4.9221096e+02   1.3503051e+01   3.6580285e+01   2.9852114e+01
   1.9970000e+03   1.0000000e+00   1.0000000e+00   2.0000000e+01   1.4000000e+01   3.0000000e+01  -5.3596139e+01  -3.8010610e+01   4.9231264e+02   9.4514839e+00   2.5417957e+01   2.5417957e+01
   1.9970000e+03   1.0000000e+00   1.0000000e+00   2.0000000e+01   1.5000000e+01   4.8000000e+01  -5.3591894e+01  -3.8012353e+01   4.8551331e+02   6.6951242e+00   1.8005255e+01   1.0668092e+01
   1.9970000e+03   1.0000000e+00   1.0000000e+00   2.0000000e+01   1.7000000e+01   8.0000000e+00  -5.3587622e+01  -3.8014163e+01   4.8952903e+02   4.5832497e+00   1.3808916e+01   1.2212741e+01
   1.9970000e+03   1.0000000e+00   1.0000000e+00   2.0000000e+01   1.8000000e+01   2.8000099e+01  -5.3583373e+01  -3.8016064e+01   4.8846889e+02   2.2134772e+00   6.1802297e+00   3.3365145e+00
   1.9970000e+03   1.0000000e+00   1.0000000e+00   2.0000000e+01   1.9000000e+01   4.8000000e+01  -5.3579065e+01  -3.8017795e+01   4.9218846e+02   2.6678966e+00   9.5952950e+00   2.8710920e+00
   1.9970000e+03   1.0000000e+00   1.0000000e+00   2.0000000e+01   2.1000000e+01   1.0000000e+01  -5.3574690e+01  -3.8019280e+01   4.9592442e+02   2.2027874e+00   5.9239750e+00   1.8126554e+00
   1.9970000e+03   1.0000000e+00   1.0000000e+00   2.0000000e+01   2.2000000e+01   3.1000000e+01  -5.3570427e+01  -3.8020825e+01   4.8449569e+02   1.8747824e+00   5.3369421e+00   1.9850546e+00
   1.9970000e+03   1.0000000e+00   1.0000000e+00   2.0000000e+01   2.3000000e+01   5.1999901e+01  -5.3565915e+01  -3.8022665e+01   5.1592094e+02   1.8320624e+00   5.7414320e+00   1.7168714e+00
   1.9970000e+03   1.0000000e+00   1.0000000e+00   2.0000000e+01   2.5000000e+01   1.7000000e+01  -5.3561590e+01  -3.8024385e+01   4.9381810e+02   2.7166204e+00   8.0665212e+00   3.2318093e+00
   1.9970000e+03   1.0000000e+00   1.0000000e+00   2.0000000e+01   2.6000000e+01   4.5000099e+01  -5.3557280e+01  -3.8025920e+01   4.8952653e+02   3.1699619e+00   1.0320046e+01   2.9505231e+00
   1.9970000e+03   1.0000000e+00   1.0000000e+00   2.0000000e+01   2.8000000e+01   7.0000000e+00  -5.3553005e+01  -3.8027290e+01   4.8356957e+02   4.9325566e+00   1.3517512e+01   3.0776665e+00
   1.9970000e+03   1.0000000e+00   1.0000000e+00   2.0000000e+01   2.9000000e+01   2.3000000e+01  -5.3548642e+01  -3.8028937e+01   4.9681262e+02   1.7058310e+00   7.1945752e+00   3.6108639e+00
   1.9970000e+03   1.0000000e+00   1.0000000e+00   2.0000000e+01   3.0000000e+01   4.0000000e+01  -5.3544920e+01  -3.8030624e+01   4.2837414e+02   1.7585693e+00   5.6921406e+00   4.1272899e+00
   1.9970000e+03   1.0000000e+00   1.0000000e+00   2.0000000e+01   3.1000000e+01   5.7000000e+01  -5.3540761e+01  -3.8032278e+01   4.7489627e+02   1.1311776e+00   3.2242990e+00   6.9382664e-01
   1.9970000e+03   1.0000000e+00   1.0000000e+00   2.0000000e+01   3.3000000e+01   1.2000000e+01  -5.3536685e+01  -3.8033490e+01   4.5991992e+02   2.6292693e+00   8.2761022e+00   4.6337656e+00
   1.9970000e+03   1.0000000e+00   1.0000000e+00   2.0000000e+01   3.4000000e+01   2.7000000e+01  -5.3532980e+01  -3.8034415e+01   4.1615149e+02   2.5946597e+00   7.9771699e+00   2.9084589e+00
   1.9970000e+03   1.0000000e+00   1.0000000e+00   2.0000000e+01   3.5000000e+01   4.3000099e+01  -5.3528536e+01  -3.8036125e+01   5.0661477e+02   5.4468303e+00   1.4888256e+01   6.5003057e+00
   1.9970000e+03   1.0000000e+00   1.0000000e+00   2.0000000e+01   3.7000000e+01   2.0000000e+00  -5.3524220e+01  -3.8037745e+01   4.9141396e+02   2.8152334e+00   8.8735841e+00   5.0945861e+00
   1.9970000e+03   1.0000000e+00   1.0000000e+00   2.0000000e+01   3.8000000e+01   2.2000000e+01  -5.3520135e+01  -3.8039060e+01   4.6208800e+02   3.0522442e+00   8.8201228e+00   3.1211553e+00
   1.9970000e+03   1.0000000e+00   1.0000000e+00   2.0000000e+01   3.9000000e+01   4.2000000e+01  -5.3515855e+01  -3.8040405e+01   4.8382291e+02   3.7613121e+00   1.0826535e+01   6.0803909e+00
   1.9970000e+03   1.0000000e+00   1.0000000e+00   2.0000000e+01   4.1000000e+01   3.0000000e+00  -5.3511953e+01  -3.8042039e+01   4.4683996e+02   3.1395979e+00   9.9867272e+00   4.3640337e+00
   1.9970000e+03   1.0000000e+00   1.0000000e+00   2.0000000e+01   4.2000000e+01   2.3000000e+01  -5.3507633e+01  -3.8043720e+01   4.9277280e+02   6.2620790e+00   1.6840663e+01   8.8200612e+00
   1.9970000e+03   1.0000000e+00   1.0000000e+00   2.0000000e+01   4.3000000e+01   4.4000099e+01  -5.3503200e+01  -3.8044970e+01   4.9941810e+02   3.1927524e+00   1.6026982e+01   4.3211047e+00
   1.9970000e+03   1.0000000e+00   1.0000000e+00   2.0000000e+01   4.5000000e+01   9.0000000e+00  -5.3498901e+01  -3.8046150e+01   4.8413829e+02   6.3118327e+00   1.7858389e+01   5.5325317e+00
   1.9970000e+03   1.0000000e+00   1.0000000e+00   2.0000000e+01   4.6000000e+01   3.3000000e+01  -5.3494503e+01  -3.8047617e+01   4.9818688e+02   6.7152664e+00   1.9373497e+01   1.1951697e+01
   1.9970000e+03   1.0000000e+00   1.0000000e+00   2.0000000e+01   4.7000000e+01   5.2000000e+01  -5.3490081e+01  -3.8049150e+01   5.0175040e+02   6.4586133e+00   1.9474448e+01   3.2607860e+00
   1.9970000e+03   1.0000000e+00   1.0000000e+00   2.0000000e+01   4.9000000e+01   9.0000000e+00  -5.3485851e+01  -3.8050603e+01   4.7974433e+02   2.0233652e+00   7.7367824e+00   2.0828497e+00
   1.9970000e+03   1.0000000e+00   1.0000000e+00   2.0000000e+01   5.0000000e+01   3.1999901e+01  -5.3481986e+01  -3.8052014e+01   4.3947027e+02   1.8095819e+00   6.0914479e+00   1.5435790e+00
   1.9970000e+03   1.0000000e+00   1.0000000e+00   2.0000000e+01   5.1000000e+01   5.8000000e+01  -5.3477663e+01  -3.8053465e+01   4.8979616e+02   4.4071149e+00   1.4317648e+01   6.3883838e+00
   1.9970000e+03   1.0000000e+00   1.0000000e+00   2.0000000e+01   5.3000000e+01   2.1000000e+01  -5.3473206e+01  -3.8054645e+01   5.0140547e+02   4.9298419e+00   1.3257866e+01   1.1765941e+01
   1.9970000e+03   1.0000000e+00   1.0000000e+00   2.0000000e+01   5.4000000e+01   3.9000000e+01  -5.3468691e+01  -3.8055902e+01   5.0855751e+02   3.2647364e+00   8.7798836e+00   5.4254418e+00
   1.9970000e+03   1.0000000e+00   1.0000000e+00   2.0000000e+01   5.6000000e+01   4.0000992e+00  -5.3464291e+01  -3.8057180e+01   4.9619834e+02   3.7971844e+00   1.0816702e+01   6.3087380e+00
   1.9970000e+03   1.0000000e+00   1.0000000e+00   2.0000000e+01   5.7000000e+01   3.3000000e+01  -5.3459873e+01  -3.8058425e+01   4.9773241e+02   2.3561614e+00   9.6152527e+00   2.2591020e+00
   1.9970000e+03   1.0000000e+00   1.0000000e+00   2.0000000e+01   5.8000000e+01   5.6000000e+01  -5.3455498e+01  -3.8059865e+01   4.9539782e+02   2.2649039e+00   8.7444439e+00   6.2261471e+00
   1.9970000e+03   1.0000000e+00   1.0000000e+00   2.1000000e+01   0.0000000e+00   1.3999901e+01  -5.3451101e+01  -3.8061300e+01   4.9777096e+02   1.7390568e+00   7.5373364e+00   2.3229268e+00
   1.9970000e+03   1.0000000e+00   1.0000000e+00   2.1000000e+01   1.0000000e+00   3.6999901e+01  -5.3446716e+01  -3.8062475e+01   4.9344839e+02   6.1091086e+00   1.8283328e+01   1.0723255e+01
   1.9970000e+03   1.0000000e+00   1.0000000e+00   2.1000000e+01   3.0000000e+00   2.0000000e+00  -5.3442486e+01  -3.8063580e+01   4.7569080e+02   7.2837223e+00   1.9921789e+01   1.1888379e+01
   1.9970000e+03   1.0000000e+00   1.0000000e+00   2.1000000e+01   4.0000000e+00   2.3000099e+01  -5.3438056e+01  -3.8064992e+01   5.0103701e+02   5.9726076e+00   1.7112411e+01   7.6011346e+00
   1.9970000e+03   1.0000000e+00   1.0000000e+00   2.1000000e+01   5.0000000e+00   4.3000000e+01  -5.3433596e+01  -3.8066452e+01   5.0491590e+02   2.6799216e+00   1.1754214e+01   6.5938069e+00
   1.9970000e+03   1.0000000e+00   1.0000000e+00   2.1000000e+01   7.0000000e+00   3.0000000e+00  -5.3429277e+01  -3.8067697e+01   4.8701580e+02   2.7015843e+00   9.1232346e+00   3.3151153e+00
   1.9970000e+03   1.0000000e+00   1.0000000e+00   2.1000000e+01   8.0000000e+00   2.3000099e+01  -5.3424817e+01  -3.8068894e+01   5.0189428e+02   2.3893398e+00   6.7805884e+00   2.7076698e+00
   1.9970000e+03   1.0000000e+00   1.0000000e+00   2.1000000e+01   9.0000000e+00   4.4000000e+01  -5.3420621e+01  -3.8070180e+01   4.7388705e+02   3.0471949e+00   8.1948474e+00   4.9182779e+00
   1.9970000e+03   1.0000000e+00   1.0000000e+00   2.1000000e+01   1.1000000e+01   6.0000000e+00  -5.3416227e+01  -3.8071584e+01   4.9712032e+02   1.5242402e+00   4.5692456e+00   7.6853923e-01
   1.9970000e+03   1.0000000e+00   1.0000000e+00   2.1000000e+01   1.2000000e+01   2.6000000e+01  -5.3411717e+01  -3.8072772e+01   5.0728820e+02   2.4014611e+00   6.4582698e+00   4.8229535e+00
   1.9970000e+03   1.0000000e+00   1.0000000e+00   2.1000000e+01   1.3000000e+01   4.4000000e+01  -5.3407417e+01  -3.8073951e+01   4.8413389e+02   1.8063199e+00   7.0331050e+00   3.2361341e+00
   1.9970000e+03   1.0000000e+00   1.0000000e+00   2.1000000e+01   1.5000000e+01   1.0000992e+00  -5.3402875e+01  -3.8075484e+01   5.1484795e+02   2.8392108e+00   7.6355141e+00   4.0228367e+00
   1.9970000e+03   1.0000000e+00   1.0000000e+00   2.1000000e+01   1.6000000e+01   1.8000000e+01  -5.3399144e+01  -3.8076484e+01   4.1982558e+02   4.2253625e+00   1.1363304e+01   2.3375925e+00
   1.9970000e+03   1.0000000e+00   1.0000000e+00   2.1000000e+01   1.7000000e+01   4.1000000e+01  -5.3394797e+01  -3.8077712e+01   4.8986296e+02   3.7843467e+00   1.0177276e+01   5.1998068e+00
   1.9970000e+03   1.0000000e+00   1.0000000e+00   2.1000000e+01   1.9000000e+01   4.0000000e+00  -5.3390322e+01  -3.8079159e+01   5.0642453e+02   2.1116130e+00   6.4568992e+00   5.9799021e+00
   1.9970000e+03   1.0000000e+00   1.0000000e+00   2.1000000e+01   2.0000000e+01   2.6000000e+01  -5.3385907e+01  -3.8080694e+01   5.0103038e+02   2.9143934e+00   9.3743448e+00   7.4280924e+00
   1.9970000e+03   1.0000000e+00   1.0000000e+00   2.1000000e+01   2.1000000e+01   4.8000099e+01  -5.3381547e+01  -3.8082097e+01   4.9327247e+02   5.3734824e+00   1.4771133e+01   5.9036900e+00
   1.9970000e+03   1.0000000e+00   1.0000000e+00   2.1000000e+01   2.3000000e+01   1.4000000e+01  -5.3377202e+01  -3.8083290e+01   4.8927658e+02   4.1965062e+00   1.1285700e+01   4.6305953e+00
   1.9970000e+03   1.0000000e+00   1.0000000e+00   2.1000000e+01   2.4000000e+01   4.2000000e+01  -5.3372782e+01  -3.8084505e+01   4.9766267e+02   2.6899127e+00   7.2340053e+00   4.0600065e+00
   1.9970000e+03   1.0000000e+00   1.0000000e+00   2.1000000e+01   2.6000000e+01   7.0000992e+00  -5.3368427e+01  -3.8085695e+01   4.9036043e+02   2.7715544e+00   7.7302486e+00   5.1950913e+00
   1.9970000e+03   1.0000000e+00   1.0000000e+00   2.1000000e+01   2.7000000e+01   2.7000000e+01  -5.3364052e+01  -3.8086865e+01   4.9225683e+02   1.9024325e+00   5.9508075e+00   4.0686035e+00
   1.9970000e+03   1.0000000e+00   1.0000000e+00   2.1000000e+01   2.8000000e+01   4.6000000e+01  -5.3359527e+01  -3.8088134e+01   5.0981746e+02   1.6881253e+00   4.6945259e+00   2.1993186e+00
   1.9970000e+03   1.0000000e+00   1.0000000e+00   2.1000000e+01   3.0000000e+01   7.9999008e+00  -5.3355104e+01  -3.8089504e+01   4.9980031e+02   1.3619968e+00   3.7842094e+00   1.9572682e+00
   1.9970000e+03   1.0000000e+00   1.0000000e+00   2.1000000e+01   3.1000000e+01   3.6000000e+01  -5.3350830e+01  -3.8091106e+01   4.8677755e+02   2.8007543e+00   8.3118762e+00   3.7918857e+00
   1.9970000e+03   1.0000000e+00   1.0000000e+00   2.1000000e+01   3.3000000e+01   2.0000992e+00  -5.3346437e+01  -3.8092699e+01   4.9940022e+02   2.0125204e+00   6.8308310e+00   4.6624014e+00
   1.9970000e+03   1.0000000e+00   1.0000000e+00   2.1000000e+01   3.4000000e+01   2.3000000e+01  -5.3342144e+01  -3.8094094e+01   4.8587719e+02   2.8588672e+00   7.6883762e+00   4.1499428e+00
   1.9970000e+03   1.0000000e+00   1.0000000e+00   2.1000000e+01   3.5000000e+01   4.4000000e+01  -5.3337752e+01  -3.8095239e+01   4.9392692e+02   3.7312754e+00   1.0182345e+01   3.2271448e+00
   1.9970000e+03   1.0000000e+00   1.0000000e+00   2.1000000e+01   3.7000000e+01   8.0000000e+00  -5.3333438e+01  -3.8096327e+01   4.8485705e+02   3.8271959e+00   1.0409197e+01   5.6190506e+00
   1.9970000e+03   1.0000000e+00   1.0000000e+00   2.1000000e+01   3.8000000e+01   3.1000000e+01  -5.3329060e+01  -3.8097702e+01   4.9492838e+02   5.5693465e+00   1.4977691e+01   5.1597004e+00
   1.9970000e+03   1.0000000e+00   1.0000000e+00   2.1000000e+01   3.9000000e+01   5.2000000e+01  -5.3324613e+01  -3.8099329e+01   5.0581036e+02   3.1518827e+00   8.4763851e+00   4.4396670e+00
   1.9970000e+03   1.0000000e+00   1.0000000e+00   2.1000000e+01   4.1000000e+01   1.3999901e+01  -5.3320183e+01  -3.8100819e+01   5.0215201e+02   4.4330773e+00   1.1921913e+01   4.6940768e+00
   1.9970000e+03   1.0000000e+00   1.0000000e+00   2.1000000e+01   4.2000000e+01   3.6000099e+01  -5.3315928e+01  -3.8102216e+01   4.8176908e+02   3.7127640e+00   9.9847680e+00   3.9885989e+00
   1.9970000e+03   1.0000000e+00   1.0000000e+00   2.1000000e+01   4.3000000e+01   5.7000000e+01  -5.3311477e+01  -3.8103539e+01   5.0227825e+02   3.3401387e+00   1.0523553e+01   6.2745936e+00
   1.9970000e+03   1.0000000e+00   1.0000000e+00   2.1000000e+01   4.5000000e+01   2.2000000e+01  -5.3307197e+01  -3.8104749e+01   4.8233099e+02   4.2477827e+00   1.4853992e+01   7.6162773e+00
   1.9970000e+03   1.0000000e+00   1.0000000e+00   2.1000000e+01   4.6000000e+01   5.1000000e+01  -5.3303000e+01  -3.8106032e+01   4.7414236e+02   3.9084379e+00   1.1818222e+01   5.7827576e+00
   1.9970000e+03   1.0000000e+00   1.0000000e+00   2.1000000e+01   4.8000000e+01   1.7000000e+01  -5.3298607e+01  -3.8107264e+01   4.9489829e+02   5.3726676e+00   1.4745103e+01   9.2808029e+00
   1.9970000e+03   1.0000000e+00   1.0000000e+00   2.1000000e+01   4.9000000e+01   3.9000000e+01  -5.3294223e+01  -3.8108778e+01   4.9754116e+02   5.1927815e+00   1.3964992e+01   6.1415157e+00
   1.9970000e+03   1.0000000e+00   1.0000000e+00   2.1000000e+01   5.1000000e+01   1.0000000e+00  -5.3289840e+01  -3.8110214e+01   4.9622959e+02   2.7251378e+00   8.8681690e+00   5.3360688e+00
   1.9970000e+03   1.0000000e+00   1.0000000e+00   2.1000000e+01   5.2000000e+01   1.9000099e+01  -5.3285433e+01  -3.8111378e+01   4.9581628e+02   4.1331448e+00   1.1810529e+01   4.5732170e+00
   1.9970000e+03   1.0000000e+00   1.0000000e+00   2.1000000e+01   5.3000000e+01   3.8000000e+01  -5.3281259e+01  -3.8112457e+01   4.6930358e+02   4.0964496e+00   1.2192614e+01   7.7055652e+00
   1.9970000e+03   1.0000000e+00   1.0000000e+00   2.1000000e+01   5.4000000e+01   5.9000000e+01  -5.3277133e+01  -3.8113529e+01   4.6395245e+02   3.9107535e+00   1.0517223e+01   7.0576006e+00
   1.9970000e+03   1.0000000e+00   1.0000000e+00   2.1000000e+01   5.6000000e+01   2.1000000e+01  -5.3272849e+01  -3.8114672e+01   4.8210354e+02   5.6516048e+00   1.5489942e+01   9.6466722e+00
   1.9970000e+03   1.0000000e+00   1.0000000e+00   2.1000000e+01   5.7000000e+01   4.2000099e+01  -5.3268778e+01  -3.8116179e+01   4.6327717e+02   5.5237539e+00   1.5132642e+01   9.9520231e+00
   1.9970000e+03   1.0000000e+00   1.0000000e+00   2.1000000e+01   5.9000000e+01   3.0000000e+00  -5.3264436e+01  -3.8117214e+01   4.8741669e+02   4.8363712e+00   2.4378166e+01   1.7599139e+01
   1.9970000e+03   1.0000000e+00   1.0000000e+00   2.2000000e+01   0.0000000e+00   2.2000000e+01  -5.3260082e+01  -3.8118288e+01   4.8900142e+02   6.0477988e+00   1.6477963e+01   4.7238405e+00
   1.9970000e+03   1.0000000e+00   1.0000000e+00   2.2000000e+01   1.0000000e+00   4.1000099e+01  -5.3255630e+01  -3.8119644e+01   5.0279399e+02   4.0489697e+00   1.1395020e+01   2.5604566e+00
   1.9970000e+03   1.0000000e+00   1.0000000e+00   2.2000000e+01   3.0000000e+00   1.0000000e+00  -5.3251280e+01  -3.8121064e+01   4.9250409e+02   2.6101860e+00   1.0993317e+01   7.3322508e+00
   1.9970000e+03   1.0000000e+00   1.0000000e+00   2.2000000e+01   4.0000000e+00   2.2000000e+01  -5.3247318e+01  -3.8121974e+01   4.4445584e+02   3.2845254e+00   9.5920219e+00   6.0511923e+00
   1.9970000e+03   1.0000000e+00   1.0000000e+00   2.2000000e+01   5.0000000e+00   4.7000000e+01  -5.3242988e+01  -3.8123354e+01   4.8982138e+02   8.8179283e+01   3.0042840e+02   2.9885932e+02
   1.9970000e+03   1.0000000e+00   1.0000000e+00   2.2000000e+01   7.0000000e+00   1.1000000e+01  -5.3238560e+01  -3.8124542e+01   4.9828120e+02   1.5248826e+00   7.3801388e+00   5.3324830e+00
   1.9970000e+03   1.0000000e+00   1.0000000e+00   2.2000000e+01   8.0000000e+00   2.9000099e+01  -5.3234354e+01  -3.8125979e+01   4.7710576e+02   2.5800634e+00   6.9385866e+00   6.1544596e+00
   1.9970000e+03   1.0000000e+00   1.0000000e+00   2.2000000e+01   9.0000000e+00   4.6000000e+01  -5.3230071e+01  -3.8127324e+01   4.8424875e+02   1.7489285e+00   7.4300157e+00   5.2630970e+00
   1.9970000e+03   1.0000000e+00   1.0000000e+00   2.2000000e+01   1.1000000e+01   4.0000000e+00  -5.3225686e+01  -3.8128557e+01   4.9409097e+02   2.4191720e+01   6.5757876e+01   4.8399418e+01
   1.9970000e+03   1.0000000e+00   1.0000000e+00   2.2000000e+01   1.2000000e+01   2.8000099e+01  -5.3221376e+01  -3.8129837e+01   4.8646581e+02   3.2022377e+00   8.8386820e+00   3.2392013e+00
   1.9970000e+03   1.0000000e+00   1.0000000e+00   2.2000000e+01   1.3000000e+01   4.9000000e+01  -5.3217144e+01  -3.8131229e+01   4.7934497e+02   4.7595201e+00   1.6120140e+01   1.0869040e+01
   1.9970000e+03   1.0000000e+00   1.0000000e+00   2.2000000e+01   1.5000000e+01   1.1000000e+01  -5.3212801e+01  -3.8132474e+01   4.8959820e+02   3.4438075e+00   1.4244802e+01   1.0023596e+01
   1.9970000e+03   1.0000000e+00   1.0000000e+00   2.2000000e+01   1.6000000e+01   3.4000000e+01  -5.3208374e+01  -3.8134019e+01   5.0254560e+02   4.2495135e+00   1.1517127e+01   1.0714672e+01
   1.9970000e+03   1.0000000e+00   1.0000000e+00   2.2000000e+01   1.7000000e+01   5.7000000e+01  -5.3203984e+01  -3.8135303e+01   4.9524062e+02   4.8490766e+00   1.3040663e+01   6.0933845e+00
   1.9970000e+03   1.0000000e+00   1.0000000e+00   2.2000000e+01   1.9000000e+01   1.7999901e+01  -5.3199639e+01  -3.8136317e+01   4.8751002e+02   2.7015433e+00   7.2652836e+00   5.2539965e+00
   1.9970000e+03   1.0000000e+00   1.0000000e+00   2.2000000e+01   2.0000000e+01   3.9000000e+01  -5.3195273e+01  -3.8137729e+01   4.9413594e+02   5.2526758e+00   1.4126066e+01   5.5848514e+00
   1.9970000e+03   1.0000000e+00   1.0000000e+00   2.2000000e+01   2.2000000e+01   1.0000000e+00  -5.3191029e+01  -3.8139274e+01   4.8271237e+02   4.8870879e+00   1.3142887e+01   7.5910226e+00
   1.9970000e+03   1.0000000e+00   1.0000000e+00   2.2000000e+01   2.3000000e+01   2.3000000e+01  -5.3186786e+01  -3.8140474e+01   4.7822578e+02   4.5325317e+00   1.3506945e+01   6.3293006e+00
