   1.9960000e+03   1.2000000e+01   2.9000000e+01   1.2000000e+01   5.2000000e+01   5.5000000e+01  -5.3282035e+01  -3.9051724e+01   4.8955298e+02   1.2378626e+00   4.1304470e+00   2.7937232e+00
   1.9960000e+03   1.2000000e+01   2.9000000e+01   1.2000000e+01   5.4000000e+01   1.9999901e+01  -5.3286467e+01  -3.9050554e+01   4.9857461e+02   1.7957598e+01   4.9260213e+01   7.9502493e+00
   1.9960000e+03   1.2000000e+01   2.9000000e+01   1.2000000e+01   5.5000000e+01   4.5000000e+01  -5.3290890e+01  -3.9049474e+01   4.9659791e+02   1.2858184e+00   3.7230462e+00   1.4981917e+00
   1.9960000e+03   1.2000000e+01   2.9000000e+01   1.2000000e+01   5.7000000e+01   1.1000000e+01  -5.3295212e+01  -3.9048412e+01   4.8547275e+02   3.6883572e-01   1.1065611e+00   4.2533474e-01
   1.9960000e+03   1.2000000e+01   2.9000000e+01   1.2000000e+01   5.8000000e+01   4.0000000e+01  -5.3299600e+01  -3.9047164e+01   4.9452832e+02   2.4002970e+00   6.8824434e+00   4.5603727e+00
   1.9960000e+03   1.2000000e+01   2.9000000e+01   1.3000000e+01   0.0000000e+00   8.0000000e+00  -5.3304015e+01  -3.9046029e+01   4.9635058e+02   6.0464886e+00   1.7484293e+01   5.9053033e+00
   1.9960000e+03   1.2000000e+01   2.9000000e+01   1.3000000e+01   1.0000000e+00   3.3000099e+01  -5.3308255e+01  -3.9045088e+01   4.7527281e+02   1.4534425e+00   5.4375926e+00   3.0457377e+00
   1.9960000e+03   1.2000000e+01   2.9000000e+01   1.3000000e+01   3.0000000e+00   0.0000000e+00  -5.3312709e+01  -3.9043894e+01   5.0134746e+02   8.0197591e-01   4.6101384e+00   4.4037097e+00
   1.9960000e+03   1.2000000e+01   2.9000000e+01   1.3000000e+01   4.0000000e+00   2.9000099e+01  -5.3317207e+01  -3.9042197e+01   5.1226594e+02   9.1010279e-01   5.0144986e+00   2.5960043e+00
   1.9960000e+03   1.2000000e+01   2.9000000e+01   1.3000000e+01   5.0000000e+00   5.6000000e+01  -5.3321342e+01  -3.9041072e+01   4.6549754e+02   9.8180979e-01   2.9412034e+00   1.8257424e+00
   1.9960000e+03   1.2000000e+01   2.9000000e+01   1.3000000e+01   7.0000000e+00   2.3000099e+01  -5.3325804e+01  -3.9040349e+01   4.9818627e+02   4.0893151e-01   2.4841848e+00   9.3979583e-01
   1.9960000e+03   1.2000000e+01   2.9000000e+01   1.3000000e+01   8.0000000e+00   4.6000000e+01  -5.3330211e+01  -3.9039423e+01   4.9360018e+02   5.6279163e-01   2.7367395e+00   1.2991744e+00
   1.9960000e+03   1.2000000e+01   2.9000000e+01   1.3000000e+01   1.0000000e+01   1.0000000e+01  -5.3334473e+01  -3.9037968e+01   4.8330238e+02   2.5699242e-01   1.3496212e+00   5.7656362e-01
   1.9960000e+03   1.2000000e+01   2.9000000e+01   1.3000000e+01   1.1000000e+01   3.8000000e+01  -5.3338683e+01  -3.9036458e+01   4.7842362e+02   8.6605247e-01   2.4616116e+00   8.7104750e-01
   1.9960000e+03   1.2000000e+01   2.9000000e+01   1.3000000e+01   1.3000000e+01   5.0000992e+00  -5.3343039e+01  -3.9035174e+01   4.9145799e+02   1.7066433e+00   6.1808178e+00   3.9679809e+00
   1.9960000e+03   1.2000000e+01   2.9000000e+01   1.3000000e+01   1.4000000e+01   3.0000099e+01  -5.3347445e+01  -3.9034104e+01   4.9469140e+02   2.0684419e+00   6.0381173e+00   2.8786217e+00
   1.9960000e+03   1.2000000e+01   2.9000000e+01   1.3000000e+01   1.5000000e+01   5.4000099e+01  -5.3351870e+01  -3.9032727e+01   5.0012339e+02   8.0875303e-01   2.8260652e+00   7.3022594e-01
   1.9960000e+03   1.2000000e+01   2.9000000e+01   1.3000000e+01   1.7000000e+01   1.6000000e+01  -5.3356310e+01  -3.9031253e+01   5.0295622e+02   1.4074679e+02   3.9507968e+02   3.7837124e+02
   1.9960000e+03   1.2000000e+01   2.9000000e+01   1.3000000e+01   1.8000000e+01   4.0999901e+01  -5.3360790e+01  -3.9029882e+01   5.0606064e+02   2.3459676e+00   9.3525231e+00   5.7225982e+00
   1.9960000e+03   1.2000000e+01   2.9000000e+01   1.3000000e+01   2.0000000e+01   1.2999901e+01  -5.3365144e+01  -3.9028960e+01   4.8767921e+02   2.3885108e+00   7.3768830e+00   5.0362030e+00
   1.9960000e+03   1.2000000e+01   2.9000000e+01   1.3000000e+01   2.1000000e+01   4.6000000e+01  -5.3369573e+01  -3.9027954e+01   4.9663586e+02   2.1278651e+00   6.2111152e+00   3.6807433e+00
   1.9960000e+03   1.2000000e+01   2.9000000e+01   1.3000000e+01   2.3000000e+01   1.5000000e+01  -5.3373999e+01  -3.9026589e+01   5.0004057e+02   1.0317065e+00   2.7745772e+00   1.7404937e+00
   1.9960000e+03   1.2000000e+01   2.9000000e+01   1.3000000e+01   2.4000000e+01   4.1000099e+01  -5.3378391e+01  -3.9025462e+01   4.9377697e+02   3.7559358e-01   3.8209705e+00   3.2618985e+00
   1.9960000e+03   1.2000000e+01   2.9000000e+01   1.3000000e+01   2.6000000e+01   8.0000000e+00  -5.3382844e+01  -3.9024153e+01   5.0231407e+02   8.6042260e-01   3.4989700e+00   1.1850281e+00
   1.9960000e+03   1.2000000e+01   2.9000000e+01   1.3000000e+01   2.7000000e+01   3.5000000e+01  -5.3387184e+01  -3.9022444e+01   4.9544849e+02   2.3702299e-01   8.2092085e-01   1.4100135e-01
   1.9960000e+03   1.2000000e+01   2.9000000e+01   1.3000000e+01   2.9000000e+01   1.0000000e+00  -5.3391462e+01  -3.9020840e+01   4.8712069e+02   0.0000000e+00   7.2506236e-01   0.0000000e+00
   1.9960000e+03   1.2000000e+01   2.9000000e+01   1.3000000e+01   3.0000000e+01   2.5000000e+01  -5.3395739e+01  -3.9019719e+01   4.8095314e+02   1.3266967e-01   3.5678968e-01   1.2384637e-02
   1.9960000e+03   1.2000000e+01   2.9000000e+01   1.3000000e+01   3.1000000e+01   5.1000000e+01  -5.3400081e+01  -3.9018854e+01   4.8593012e+02   9.5788056e-02   2.5760364e-01   0.0000000e+00
   1.9960000e+03   1.2000000e+01   2.9000000e+01   1.3000000e+01   3.3000000e+01   1.5000000e+01  -5.3404484e+01  -3.9017494e+01   4.9750158e+02   1.0788564e-01   2.9013778e-01   0.0000000e+00
   1.9960000e+03   1.2000000e+01   2.9000000e+01   1.3000000e+01   3.4000000e+01   3.1000000e+01  -5.3408713e+01  -3.9016386e+01   4.7557292e+02   1.3948780e-01   1.4040745e+00   6.8867900e-02
   1.9960000e+03   1.2000000e+01   2.9000000e+01   1.3000000e+01   3.5000000e+01   5.1000000e+01  -5.3412811e+01  -3.9015404e+01   4.6002742e+02   1.0275537e-01   2.7634091e-01   4.4051684e-02
   1.9960000e+03   1.2000000e+01   2.9000000e+01   1.3000000e+01   3.7000000e+01   1.6000000e+01  -5.3417121e+01  -3.9014164e+01   4.8591163e+02   4.9348551e-02   1.2976988e+00   9.7079285e-01
   1.9960000e+03   1.2000000e+01   2.9000000e+01   1.3000000e+01   3.8000000e+01   3.6000000e+01  -5.3421399e+01  -3.9012754e+01   4.8441679e+02   6.9477776e-01   2.1564401e+00   1.3566465e+00
   1.9960000e+03   1.2000000e+01   2.9000000e+01   1.3000000e+01   3.9000000e+01   5.6000099e+01  -5.3425770e+01  -3.9011484e+01   4.9302794e+02   4.0047690e-01   1.0770060e+00   1.0936309e-01
   1.9960000e+03   1.2000000e+01   2.9000000e+01   1.3000000e+01   4.1000000e+01   2.1000000e+01  -5.3430110e+01  -3.9010324e+01   4.8833809e+02   3.4886366e-01   9.3820202e-01   4.0037283e-01
   1.9960000e+03   1.2000000e+01   2.9000000e+01   1.3000000e+01   4.2000000e+01   4.9000000e+01  -5.3434585e+01  -3.9009207e+01   5.0272934e+02   1.2050770e+00   3.2408238e+00   0.0000000e+00
   1.9960000e+03   1.2000000e+01   2.9000000e+01   1.3000000e+01   4.4000000e+01   1.5000099e+01  -5.3438908e+01  -3.9007799e+01   4.8927669e+02   9.9037522e-01   2.6634246e+00   2.6634246e+00
   1.9960000e+03   1.2000000e+01   2.9000000e+01   1.3000000e+01   4.5000000e+01   4.1000000e+01  -5.3443151e+01  -3.9006384e+01   4.8063983e+02   1.1651678e+00   3.1334956e+00   6.3537626e-01
   1.9960000e+03   1.2000000e+01   2.9000000e+01   1.3000000e+01   4.7000000e+01   4.0000000e+00  -5.3447021e+01  -3.9004752e+01   4.4347191e+02   9.0655499e-01   2.4380061e+00   1.7524682e+00
   1.9960000e+03   1.2000000e+01   2.9000000e+01   1.3000000e+01   4.8000000e+01   2.6000000e+01  -5.3451671e+01  -3.9003924e+01   5.1951840e+02   1.1908599e+00   3.8700494e+00   2.5771205e+00
   1.9960000e+03   1.2000000e+01   2.9000000e+01   1.3000000e+01   4.9000000e+01   5.4000000e+01  -5.3455985e+01  -3.9002394e+01   4.9005398e+02   1.6013319e+00   4.5785126e+00   7.9387889e-01
   1.9960000e+03   1.2000000e+01   2.9000000e+01   1.3000000e+01   5.1000000e+01   2.0999901e+01  -5.3460440e+01  -3.9001234e+01   5.0095351e+02   1.1505670e+00   3.8333959e+00   2.7350062e+00
   1.9960000e+03   1.2000000e+01   2.9000000e+01   1.3000000e+01   5.2000000e+01   5.0000000e+01  -5.3464912e+01  -3.8999613e+01   5.0835140e+02   1.2787864e+00   4.2396551e+00   1.0383721e+00
   1.9960000e+03   1.2000000e+01   2.9000000e+01   1.3000000e+01   5.4000000e+01   2.3000000e+01  -5.3469133e+01  -3.8997479e+01   4.8976096e+02   6.0946876e-01   1.8693269e+00   2.1970043e-01
   1.9960000e+03   1.2000000e+01   2.9000000e+01   1.3000000e+01   5.5000000e+01   5.4000000e+01  -5.3473528e+01  -3.8995964e+01   4.9856655e+02   1.5690477e+00   4.2196535e+00   9.8933393e-01
   1.9960000e+03   1.2000000e+01   2.9000000e+01   1.3000000e+01   5.7000000e+01   1.9000099e+01  -5.3478018e+01  -3.8995027e+01   5.0276235e+02   4.5298875e-01   1.3661828e+00   2.5986968e-01
   1.9960000e+03   1.2000000e+01   2.9000000e+01   1.3000000e+01   5.8000000e+01   4.1000000e+01  -5.3482518e+01  -3.8994144e+01   5.0343764e+02   2.1795480e-01   5.8614770e-01   0.0000000e+00
   1.9960000e+03   1.2000000e+01   2.9000000e+01   1.4000000e+01   0.0000000e+00   6.0000000e+00  -5.3486940e+01  -3.8992796e+01   4.9939094e+02   8.7709107e-01   2.3587685e+00   5.6750078e-01
   1.9960000e+03   1.2000000e+01   2.9000000e+01   1.4000000e+01   1.0000000e+00   3.6000000e+01  -5.3491202e+01  -3.8990876e+01   4.9031021e+02   1.0270999e+00   2.7621886e+00   9.4769886e-01
   1.9960000e+03   1.2000000e+01   2.9000000e+01   1.4000000e+01   3.0000000e+00   1.0000992e+00  -5.3495419e+01  -3.8989160e+01   4.8212184e+02   2.4732206e-01   1.1823489e+00   7.1091431e-01
   1.9960000e+03   1.2000000e+01   2.9000000e+01   1.4000000e+01   4.0000000e+00   1.9000000e+01  -5.3499693e+01  -3.8987890e+01   4.8225705e+02   2.1780610e-01   7.6209404e-01   2.2105864e-01
   1.9960000e+03   1.2000000e+01   2.9000000e+01   1.4000000e+01   5.0000000e+00   4.3000000e+01  -5.3504033e+01  -3.8986668e+01   4.8895545e+02   2.9950786e-01   1.5590693e+00   7.5360025e-01
   1.9960000e+03   1.2000000e+01   2.9000000e+01   1.4000000e+01   7.0000000e+00   1.4000000e+01  -5.3508377e+01  -3.8985201e+01   4.9237773e+02   5.0735197e-01   1.8442733e+00   1.0873473e+00
   1.9960000e+03   1.2000000e+01   2.9000000e+01   1.4000000e+01   8.0000000e+00   4.3000099e+01  -5.3512713e+01  -3.8983770e+01   4.9104251e+02   3.2653863e-01   8.7816315e-01   2.1725282e-01
   1.9960000e+03   1.2000000e+01   2.9000000e+01   1.4000000e+01   1.0000000e+01   8.0000992e+00  -5.3517263e+01  -3.8982419e+01   5.1335513e+02   6.5392729e-01   1.7586123e+00   8.1234070e-01
   1.9960000e+03   1.2000000e+01   2.9000000e+01   1.4000000e+01   1.1000000e+01   3.4000000e+01  -5.3521502e+01  -3.8980814e+01   4.8284821e+02   3.8212601e-01   1.1664290e+00   3.9586067e-01
   1.9960000e+03   1.2000000e+01   2.9000000e+01   1.4000000e+01   1.3000000e+01   0.0000000e+00  -5.3525887e+01  -3.8979534e+01   4.9457691e+02   7.2799565e-01   3.5075488e+00   1.2814960e+00
   1.9960000e+03   1.2000000e+01   2.9000000e+01   1.4000000e+01   1.4000000e+01   2.3000000e+01  -5.3530372e+01  -3.8978350e+01   5.0447416e+02   2.2136211e+00   6.0952387e+00   3.2996471e-01
   1.9960000e+03   1.2000000e+01   2.9000000e+01   1.4000000e+01   1.5000000e+01   4.4000000e+01  -5.3534772e+01  -3.8977384e+01   4.9302389e+02   3.3135570e-01   6.6362679e+00   3.8117058e-01
   1.9960000e+03   1.2000000e+01   2.9000000e+01   1.4000000e+01   1.7000000e+01   8.0000000e+00  -5.3538802e+01  -3.8975769e+01   4.6038836e+02   5.2624914e+00   1.4425518e+01   7.2113387e-01
   1.9960000e+03   1.2000000e+01   2.9000000e+01   1.4000000e+01   1.8000000e+01   3.6000000e+01  -5.3543149e+01  -3.8974182e+01   4.9432545e+02   2.1612679e+00   5.8123162e+00   1.2780635e+00
   1.9960000e+03   1.2000000e+01   2.9000000e+01   1.4000000e+01   2.0000000e+01   9.9999008e+00  -5.3547442e+01  -3.8972064e+01   4.9702280e+02   3.1710719e+00   8.5279909e+00   6.1778069e+00
   1.9960000e+03   1.2000000e+01   2.9000000e+01   1.4000000e+01   2.1000000e+01   4.1000000e+01  -5.3551600e+01  -3.8970004e+01   4.8161887e+02   3.4416594e+00   9.8612082e+00   2.6677618e+00
   1.9960000e+03   1.2000000e+01   2.9000000e+01   1.4000000e+01   2.3000000e+01   5.9999008e+00  -5.3555820e+01  -3.8968422e+01   4.8041596e+02   2.3237657e+00   7.0561020e+00   2.9761852e+00
   1.9960000e+03   1.2000000e+01   2.9000000e+01   1.4000000e+01   2.4000000e+01   2.8000099e+01  -5.3560052e+01  -3.8966809e+01   4.8221433e+02   1.7769516e+00   5.3972971e+00   3.5279157e+00
   1.9960000e+03   1.2000000e+01   2.9000000e+01   1.4000000e+01   2.5000000e+01   4.8000000e+01  -5.3563782e+01  -3.8965109e+01   4.2939559e+02   2.5603994e+00   6.8857041e+00   1.9752783e+00
   1.9960000e+03   1.2000000e+01   2.9000000e+01   1.4000000e+01   2.7000000e+01   1.3000000e+01  -5.3568132e+01  -3.8964049e+01   4.8840759e+02   2.1677372e+00   6.4225871e+00   2.6915409e+00
   1.9960000e+03   1.2000000e+01   2.9000000e+01   1.4000000e+01   2.8000000e+01   4.1000000e+01  -5.3572427e+01  -3.8962024e+01   4.9559201e+02   1.9069041e+00   6.0407544e+00   3.3411821e+00
   1.9960000e+03   1.2000000e+01   2.9000000e+01   1.4000000e+01   3.0000000e+01   6.0000000e+00  -5.3576857e+01  -3.8960434e+01   5.0331291e+02   2.1894704e+00   8.0240771e+00   5.8102831e+00
   1.9960000e+03   1.2000000e+01   2.9000000e+01   1.4000000e+01   3.1000000e+01   3.3000099e+01  -5.3581302e+01  -3.8959210e+01   5.0046037e+02   3.5367076e+00   1.0756758e+01   8.8253240e+00
   1.9960000e+03   1.2000000e+01   2.9000000e+01   1.4000000e+01   3.3000000e+01   1.0000000e+00  -5.3585679e+01  -3.8957872e+01   4.9436481e+02   2.2384175e+00   6.7907725e+00   4.2822086e+00
   1.9960000e+03   1.2000000e+01   2.9000000e+01   1.4000000e+01   3.4000000e+01   2.9000099e+01  -5.3590064e+01  -3.8956264e+01   4.9866829e+02   1.1168700e+00   3.9169242e+00   2.8164417e+00
   1.9960000e+03   1.2000000e+01   2.9000000e+01   1.4000000e+01   3.5000000e+01   5.8000000e+01  -5.3594472e+01  -3.8954419e+01   5.0465132e+02   3.9320760e+00   1.0932215e+01   5.2286914e+00
   1.9960000e+03   1.2000000e+01   2.9000000e+01   1.4000000e+01   3.7000000e+01   2.9000000e+01  -5.3598824e+01  -3.8952644e+01   4.9761308e+02   5.5866227e+00   1.6548009e+01   5.5634699e+00
   1.9960000e+03   1.2000000e+01   2.9000000e+01   1.4000000e+01   3.9000000e+01   0.0000000e+00  -5.3603107e+01  -3.8950765e+01   4.9174808e+02   1.8627612e+00   5.6645451e+00   2.7100262e+00
   1.9960000e+03   1.2000000e+01   2.9000000e+01   1.4000000e+01   4.0000000e+01   3.0000099e+01  -5.3607386e+01  -3.8949345e+01   4.8472132e+02   1.5876929e+00   1.2199337e+01   2.4277347e+00
   1.9960000e+03   1.2000000e+01   2.9000000e+01   1.4000000e+01   4.1000000e+01   5.9000000e+01  -5.3611854e+01  -3.8947987e+01   5.0443092e+02   3.1553722e+00   8.8836221e+00   2.5690602e+00
   1.9960000e+03   1.2000000e+01   2.9000000e+01   1.4000000e+01   4.3000000e+01   2.6000099e+01  -5.3616239e+01  -3.8946564e+01   4.9620550e+02   2.9196466e+00   7.8518307e+00   4.4634013e+00
   1.9960000e+03   1.2000000e+01   2.9000000e+01   1.4000000e+01   4.4000000e+01   5.4000000e+01  -5.3620451e+01  -3.8944935e+01   4.8019823e+02   1.7315032e+00   4.6565465e+00   2.1415250e+00
   1.9960000e+03   1.2000000e+01   2.9000000e+01   1.4000000e+01   4.6000000e+01   2.3000000e+01  -5.3624781e+01  -3.8943070e+01   4.9658831e+02   4.0250662e+00   1.1600510e+01   2.0685515e+00
   1.9960000e+03   1.2000000e+01   2.9000000e+01   1.4000000e+01   4.7000000e+01   5.3000000e+01  -5.3629181e+01  -3.8941540e+01   4.9923472e+02   4.8358532e+00   1.3005101e+01   5.4500282e+00
   1.9960000e+03   1.2000000e+01   2.9000000e+01   1.4000000e+01   4.9000000e+01   2.0000000e+01  -5.3633566e+01  -3.8939900e+01   4.9910301e+02   4.5404006e+00   1.7683572e+01   2.6334178e+00
   1.9960000e+03   1.2000000e+01   2.9000000e+01   1.4000000e+01   5.0000000e+01   4.8000000e+01  -5.3637941e+01  -3.8938250e+01   4.9813461e+02   2.3475639e+00   1.0295259e+01   3.3189348e+00
   1.9960000e+03   1.2000000e+01   2.9000000e+01   1.4000000e+01   5.2000000e+01   1.8000000e+01  -5.3642241e+01  -3.8936610e+01   4.8990002e+02   4.5135925e+00   1.2657712e+01   3.6693179e+00
   1.9960000e+03   1.2000000e+01   2.9000000e+01   1.4000000e+01   5.3000000e+01   4.5000099e+01  -5.3646696e+01  -3.8934744e+01   5.1005837e+02   4.0774267e+00   1.1220386e+01   4.5763997e+00
   1.9960000e+03   1.2000000e+01   2.9000000e+01   1.4000000e+01   5.5000000e+01   1.1000000e+01  -5.3651059e+01  -3.8932867e+01   5.0028504e+02   2.1664187e+00   1.3576327e+01   5.5905681e+00
   1.9960000e+03   1.2000000e+01   2.9000000e+01   1.4000000e+01   5.6000000e+01   4.0000000e+01  -5.3655416e+01  -3.8931545e+01   4.9197165e+02   1.9075804e+00   2.3847494e+01   4.3953531e+00
   1.9960000e+03   1.2000000e+01   2.9000000e+01   1.4000000e+01   5.8000000e+01   1.0000000e+01  -5.3659776e+01  -3.8930260e+01   4.9181499e+02   2.6739098e+00   2.5262674e+01   7.2880007e+00
   1.9960000e+03   1.2000000e+01   2.9000000e+01   1.4000000e+01   5.9000000e+01   4.0000000e+01  -5.3664156e+01  -3.8928735e+01   4.9695830e+02   6.4135832e+00   2.3507054e+01   1.3710334e+01
   1.9960000e+03   1.2000000e+01   2.9000000e+01   1.5000000e+01   1.0000000e+00   9.0000992e+00  -5.3668553e+01  -3.8927557e+01   4.9473456e+02   5.0344684e+00   2.0761988e+01   1.8481149e+01
   1.9960000e+03   1.2000000e+01   2.9000000e+01   1.5000000e+01   2.0000000e+00   3.5000000e+01  -5.3673065e+01  -3.8926560e+01   5.0568047e+02   4.8653670e+00   1.5748041e+01   1.4969557e+01
   1.9960000e+03   1.2000000e+01   2.9000000e+01   1.5000000e+01   4.0000000e+00   3.0000000e+00  -5.3677601e+01  -3.8925380e+01   5.0987984e+02   4.1193565e+00   1.4945602e+01   7.4137606e+00
   1.9960000e+03   1.2000000e+01   2.9000000e+01   1.5000000e+01   5.0000000e+00   3.4000000e+01  -5.3681933e+01  -3.8924117e+01   4.8854668e+02   6.9012549e+00   1.8901566e+01   1.0449630e+01
   1.9960000e+03   1.2000000e+01   2.9000000e+01   1.5000000e+01   7.0000000e+00   6.0000000e+00  -5.3686308e+01  -3.8922725e+01   4.9471287e+02   7.9625227e+00   2.7305775e+01   1.1357893e+01
   1.9960000e+03   1.2000000e+01   2.9000000e+01   1.5000000e+01   8.0000000e+00   3.6000000e+01  -5.3690718e+01  -3.8921175e+01   5.0054086e+02   1.0117356e+01   3.4126061e+01   1.4160876e+01
   1.9960000e+03   1.2000000e+01   2.9000000e+01   1.5000000e+01   1.0000000e+01   4.0000000e+00  -5.3695106e+01  -3.8919585e+01   4.9864758e+02   6.5630507e+00   4.7498680e+01   9.9274593e+00
   1.9960000e+03   1.2000000e+01   2.9000000e+01   1.5000000e+01   1.1000000e+01   3.1000000e+01  -5.3699558e+01  -3.8918410e+01   5.0075120e+02   2.0106831e+01   5.4073473e+01   4.0181465e+00
   1.9960000e+03   1.2000000e+01   2.9000000e+01   1.5000000e+01   1.3000000e+01   9.9182129e-05  -5.3704015e+01  -3.8917355e+01   5.0015653e+02   1.3308917e+01   3.7307076e+01   2.4865223e+01
   1.9960000e+03   1.2000000e+01   2.9000000e+01   1.5000000e+01   1.4000000e+01   2.8000000e+01  -5.3708430e+01  -3.8916340e+01   4.9511738e+02   4.3884885e+00   1.1953043e+01   8.7313800e+00
   1.9960000e+03   1.2000000e+01   2.9000000e+01   1.5000000e+01   1.5000000e+01   5.5000000e+01  -5.3712675e+01  -3.8914550e+01   4.8617297e+02   1.5663813e+02   4.2135178e+02   4.2056281e+02
   1.9960000e+03   1.2000000e+01   2.9000000e+01   1.5000000e+01   1.7000000e+01   2.4000000e+01  -5.3717003e+01  -3.8912665e+01   4.9657273e+02   3.1931532e+00   8.7426057e+00   8.3130608e+00
   1.9960000e+03   1.2000000e+01   2.9000000e+01   1.5000000e+01   1.8000000e+01   5.2999901e+01  -5.3721380e+01  -3.8910980e+01   4.9884894e+02   2.6795264e-01   1.4521175e+00   1.1213003e+00
   1.9960000e+03   1.2000000e+01   2.9000000e+01   1.5000000e+01   2.0000000e+01   2.1000000e+01  -5.3725698e+01  -3.8908858e+01   4.9964417e+02   1.8965788e-01   5.1004857e-01   2.3838766e-01
   1.9960000e+03   1.2000000e+01   2.9000000e+01   1.5000000e+01   2.1000000e+01   5.0000000e+01  -5.3729935e+01  -3.8906630e+01   4.9311624e+02   2.3783102e-01   7.0863631e-01   4.6650305e-01
   1.9960000e+03   1.2000000e+01   2.9000000e+01   1.5000000e+01   2.3000000e+01   1.9000000e+01  -5.3734232e+01  -3.8904775e+01   4.9286044e+02   1.8397930e+00   4.9477710e+00   4.7956423e+00
   1.9960000e+03   1.2000000e+01   2.9000000e+01   1.5000000e+01   2.4000000e+01   4.6000000e+01  -5.3738618e+01  -3.8903015e+01   5.0080481e+02   1.1450424e+00   3.0793723e+00   3.0793723e+00
   1.9960000e+03   1.2000000e+01   2.9000000e+01   1.5000000e+01   2.6000000e+01   1.4000099e+01  -5.3742913e+01  -3.8900983e+01   4.9560108e+02   6.7806894e-01   1.8609691e+00   1.5655743e+00
   1.9960000e+03   1.2000000e+01   2.9000000e+01   1.5000000e+01   2.7000000e+01   4.1000000e+01  -5.3747157e+01  -3.8899103e+01   4.8761439e+02   8.2291787e-01   2.2653705e+00   2.0845112e+00
   1.9960000e+03   1.2000000e+01   2.9000000e+01   1.5000000e+01   2.9000000e+01   1.1000000e+01  -5.3751368e+01  -3.8897225e+01   4.8380800e+02   1.9795866e+00   5.3237191e+00   5.3237191e+00
   1.9960000e+03   1.2000000e+01   2.9000000e+01   1.5000000e+01   3.0000000e+01   4.0000000e+01  -5.3755585e+01  -3.8895110e+01   4.8881557e+02   3.0668428e+00   8.2476865e+00   8.0020463e+00
   1.9960000e+03   1.2000000e+01   2.9000000e+01   1.5000000e+01   3.2000000e+01   6.0000000e+00  -5.3759798e+01  -3.8893115e+01   4.8609445e+02   1.4753240e+00   3.9676013e+00   3.8037824e+00
   1.9960000e+03   1.2000000e+01   2.9000000e+01   1.5000000e+01   3.3000000e+01   3.4000000e+01  -5.3764122e+01  -3.8891608e+01   4.9066399e+02   3.5419884e+02   9.5254998e+02   9.5207581e+02
   1.9960000e+03   1.2000000e+01   2.9000000e+01   1.5000000e+01   3.5000000e+01   2.0000000e+00  -5.3768550e+01  -3.8890230e+01   5.0021342e+02   2.2493075e+01   6.0490818e+01   6.0490818e+01
   1.9960000e+03   1.2000000e+01   2.9000000e+01   1.5000000e+01   3.6000000e+01   3.2000000e+01  -5.3772920e+01  -3.8888580e+01   4.9752732e+02   1.3513590e+00   3.8622717e+00   3.8622717e+00
   1.9960000e+03   1.2000000e+01   2.9000000e+01   1.5000000e+01   3.8000000e+01   1.0000000e+00  -5.3777257e+01  -3.8886645e+01   4.9845093e+02   1.4529173e-01   9.7854974e-01   9.7854974e-01
   1.9960000e+03   1.2000000e+01   2.9000000e+01   1.5000000e+01   3.9000000e+01   2.9000000e+01  -5.3781652e+01  -3.8884985e+01   5.0038758e+02   5.0997347e+02   1.3715268e+03   1.3712523e+03
   1.9960000e+03   1.2000000e+01   2.9000000e+01   1.5000000e+01   4.0000000e+01   5.6000000e+01  -5.3786010e+01  -3.8883603e+01   4.9265125e+02   6.0025092e+02   1.6147487e+03   1.5473844e+03
   1.9960000e+03   1.2000000e+01   2.9000000e+01   1.5000000e+01   4.2000000e+01   2.1000000e+01  -5.3790123e+01  -3.8881978e+01   4.6939159e+02   2.8963670e+00   7.7892246e+00   4.7956883e+00
   1.9960000e+03   1.2000000e+01   2.9000000e+01   1.5000000e+01   4.3000000e+01   4.5000000e+01  -5.3794049e+01  -3.8880210e+01   4.5143486e+02   6.7924734e+02   1.8325804e+03   1.3363344e+03
   1.9960000e+03   1.2000000e+01   2.9000000e+01   1.5000000e+01   4.5000000e+01   1.0000000e+01  -5.3798514e+01  -3.8878380e+01   5.1049297e+02   3.4000977e+01   9.2522792e+01   9.2136225e+01
   1.9960000e+03   1.2000000e+01   2.9000000e+01   1.5000000e+01   4.6000000e+01   3.6000099e+01  -5.3802516e+01  -3.8876621e+01   4.5934923e+02   1.5895157e+01   4.2746981e+01   4.1971364e+01
   1.9960000e+03   1.2000000e+01   2.9000000e+01   1.5000000e+01   4.8000000e+01   5.0000000e+00  -5.3806567e+01  -3.8874878e+01   4.6447743e+02   7.6160808e-01   2.0764891e+00   1.7326442e+00
   1.9960000e+03   1.2000000e+01   2.9000000e+01   1.5000000e+01   4.9000000e+01   3.1000000e+01  -5.3810827e+01  -3.8872938e+01   4.9020536e+02   9.1555252e-01   2.5695182e+00   2.2104230e+00
   1.9960000e+03   1.2000000e+01   2.9000000e+01   1.5000000e+01   5.0000000e+01   5.2000000e+01  -5.3815059e+01  -3.8871000e+01   4.8715701e+02   1.6824760e-01   2.1116714e+00   9.8140256e-01
   1.9960000e+03   1.2000000e+01   2.9000000e+01   1.5000000e+01   5.2000000e+01   1.7000099e+01  -5.3819409e+01  -3.8869410e+01   4.9447908e+02   2.2510147e+00   6.2792688e+00   6.0536731e+00
   1.9960000e+03   1.2000000e+01   2.9000000e+01   1.5000000e+01   5.3000000e+01   4.4000000e+01  -5.3823496e+01  -3.8868464e+01   4.5840597e+02   1.4235386e-01   5.0707574e-01   3.8283346e-01
   1.9960000e+03   1.2000000e+01   2.9000000e+01   1.5000000e+01   5.5000000e+01   5.0000992e+00  -5.3827374e+01  -3.8867300e+01   4.3759357e+02   7.1850231e-01   1.9322744e+00   8.4633712e-01
   1.9960000e+03   1.2000000e+01   2.9000000e+01   1.5000000e+01   5.6000000e+01   2.4000000e+01  -5.3831432e+01  -3.8865445e+01   4.6699368e+02   7.2183920e+00   1.9412483e+01   0.0000000e+00
   1.9960000e+03   1.2000000e+01   2.9000000e+01   1.5000000e+01   5.7000000e+01   4.5000000e+01  -5.3835441e+01  -3.8864094e+01   4.5429783e+02   0.0000000e+00   2.5846010e-01   2.5846010e-01
   1.9960000e+03   1.2000000e+01   2.9000000e+01   1.5000000e+01   5.9000000e+01   9.0000000e+00  -5.3839401e+01  -3.8863085e+01   4.4499703e+02   1.4903795e-01   4.0080903e-01   4.0080903e-01
   1.9960000e+03   1.2000000e+01   2.9000000e+01   1.6000000e+01   0.0000000e+00   3.2000000e+01  -5.3843229e+01  -3.8861350e+01   4.4026441e+02   6.4848004e+00   1.7439629e+01   1.7439629e+01
   1.9960000e+03   1.2000000e+01   2.9000000e+01   1.6000000e+01   1.0000000e+00   5.7000000e+01  -5.3847369e+01  -3.8859980e+01   4.6871947e+02   0.0000000e+00   0.0000000e+00   0.0000000e+00
   1.9960000e+03   1.2000000e+01   2.9000000e+01   1.6000000e+01   3.0000000e+00   1.9000000e+01  -5.3851164e+01  -3.8857933e+01   4.4251870e+02   7.6961759e-02   2.0697392e-01   2.0697392e-01
   1.9960000e+03   1.2000000e+01   2.9000000e+01   1.6000000e+01   4.0000000e+00   4.1000000e+01  -5.3855646e+01  -3.8856873e+01   5.0294322e+02   8.1786072e-02   2.1994798e-01   2.1994798e-01
   1.9960000e+03   1.2000000e+01   2.9000000e+01   1.6000000e+01   6.0000000e+00   1.1000099e+01  -5.3860046e+01  -3.8856073e+01   4.9173112e+02   7.3282062e-02   1.9707808e-01   1.9707808e-01
   1.9960000e+03   1.2000000e+01   2.9000000e+01   1.6000000e+01   7.0000000e+00   4.2000000e+01  -5.3864429e+01  -3.8854890e+01   4.9306644e+02   4.2428658e-03   1.1410375e-02   1.1410375e-02
   1.9960000e+03   1.2000000e+01   2.9000000e+01   1.6000000e+01   9.0000000e+00   9.0000000e+00  -5.3869081e+01  -3.8853360e+01   5.2660767e+02   2.2964598e-01   6.1758890e-01   6.1758890e-01
   1.9960000e+03   1.2000000e+01   2.9000000e+01   1.6000000e+01   1.0000000e+01   3.5000000e+01  -5.3873314e+01  -3.8852810e+01   4.7169379e+02   1.2030203e-01   3.2352927e-01   2.8352476e-01
   1.9960000e+03   1.2000000e+01   2.9000000e+01   1.6000000e+01   1.2000000e+01   0.0000000e+00  -5.3877784e+01  -3.8852051e+01   4.9919147e+02   5.3151009e-01   1.4729565e+00   1.4729565e+00
   1.9960000e+03   1.2000000e+01   2.9000000e+01   1.6000000e+01   1.3000000e+01   2.2000000e+01  -5.3882349e+01  -3.8851231e+01   5.1009857e+02   1.4666317e+00   4.0681319e+00   3.9785237e+00
   1.9960000e+03   1.2000000e+01   2.9000000e+01   1.6000000e+01   1.4000000e+01   5.1000000e+01  -5.3886806e+01  -3.8850643e+01   4.9681128e+02   1.0827928e+00   2.9697143e+00   2.9119640e+00
   1.9960000e+03   1.2000000e+01   2.9000000e+01   1.6000000e+01   1.6000000e+01   1.9000000e+01  -5.3890869e+01  -3.8850086e+01   4.5291626e+02   5.7538668e-01   2.3101564e+00   9.1543220e-01
   1.9960000e+03   1.2000000e+01   2.9000000e+01   1.6000000e+01   1.7000000e+01   4.2000000e+01  -5.3894869e+01  -3.8849031e+01   4.4979807e+02   1.0400770e+00   2.7970880e+00   1.0489800e+00
   1.9960000e+03   1.2000000e+01   2.9000000e+01   1.6000000e+01   1.9000000e+01   6.0000000e+00  -5.3899356e+01  -3.8847983e+01   5.0334836e+02   1.0800799e+00   2.9501547e+00   2.7021324e-01
   1.9960000e+03   1.2000000e+01   2.9000000e+01   1.6000000e+01   2.0000000e+01   3.1000099e+01  -5.3903569e+01  -3.8847323e+01   4.7011631e+02   7.7633313e-01   2.4029562e+00   1.8496712e-01
   1.9960000e+03   1.2000000e+01   2.9000000e+01   1.6000000e+01   2.1000000e+01   5.7000000e+01  -5.3908029e+01  -3.8846330e+01   4.9980281e+02   3.7083036e-01   1.5626400e+00   5.5270484e-01
   1.9960000e+03   1.2000000e+01   2.9000000e+01   1.6000000e+01   2.3000000e+01   2.5000000e+01  -5.3912259e+01  -3.8845440e+01   4.7364291e+02   8.1496995e-01   2.5643187e+00   7.0562185e-01
   1.9960000e+03   1.2000000e+01   2.9000000e+01   1.6000000e+01   2.4000000e+01   5.5000000e+01  -5.3916748e+01  -3.8844391e+01   5.0352649e+02   2.8847524e+00   7.8766186e+00   4.4215293e+00
   1.9960000e+03   1.2000000e+01   2.9000000e+01   1.6000000e+01   2.6000000e+01   2.4000000e+01  -5.3921190e+01  -3.8843638e+01   4.9614760e+02   5.8620446e-01   2.1906650e+00   1.3069193e+00
   1.9960000e+03   1.2000000e+01   2.9000000e+01   1.6000000e+01   2.7000000e+01   5.0000000e+01  -5.3925583e+01  -3.8842721e+01   4.9176984e+02   1.6568994e+00   4.4559137e+00   4.4559137e+00
   1.9960000e+03   1.2000000e+01   2.9000000e+01   1.6000000e+01   2.9000000e+01   1.7000000e+01  -5.3929938e+01  -3.8841201e+01   4.9403555e+02   3.8880151e+00   1.0922077e+01   1.0922077e+01
   1.9960000e+03   1.2000000e+01   2.9000000e+01   1.6000000e+01   3.0000000e+01   4.6000000e+01  -5.3934325e+01  -3.8839966e+01   4.9419263e+02   2.5547616e+00   6.8705424e+00   6.8064400e+00
   1.9960000e+03   1.2000000e+01   2.9000000e+01   1.6000000e+01   3.2000000e+01   1.2000000e+01  -5.3938748e+01  -3.8838421e+01   5.0171287e+02   4.4754788e+00   1.2035944e+01   1.1681272e+01
   1.9960000e+03   1.2000000e+01   2.9000000e+01   1.6000000e+01   3.3000000e+01   3.6000000e+01  -5.3942741e+01  -3.8837124e+01   4.5169932e+02   9.6748603e+00   2.6018685e+01   2.5939703e+01
   1.9960000e+03   1.2000000e+01   2.9000000e+01   1.6000000e+01   3.5000000e+01   1.0000000e+00  -5.3947105e+01  -3.8835943e+01   4.9113374e+02   3.4984695e+00   9.4420790e+00   9.4420790e+00
   1.9960000e+03   1.2000000e+01   2.9000000e+01   1.6000000e+01   3.6000000e+01   2.9000000e+01  -5.3951341e+01  -3.8834808e+01   4.7641049e+02   5.3864484e+00   1.4485822e+01   1.4128886e+01
   1.9960000e+03   1.2000000e+01   2.9000000e+01   1.6000000e+01   3.7000000e+01   5.9000000e+01  -5.3955641e+01  -3.8833468e+01   4.8578318e+02   2.9273028e+00   7.9811285e+00   5.4112884e+00
   1.9960000e+03   1.2000000e+01   2.9000000e+01   1.6000000e+01   3.9000000e+01   3.1000000e+01  -5.3959975e+01  -3.8831906e+01   4.9240068e+02   4.8562499e+00   1.3835451e+01   1.1876879e+01
   1.9960000e+03   1.2000000e+01   2.9000000e+01   1.6000000e+01   4.1000000e+01   2.0000000e+00  -5.3964357e+01  -3.8830561e+01   4.9481323e+02   4.9948236e+00   1.3480664e+01   1.0378543e+01
   1.9960000e+03   1.2000000e+01   2.9000000e+01   1.6000000e+01   4.2000000e+01   2.9000000e+01  -5.3968790e+01  -3.8829158e+01   5.0100479e+02   4.2900832e+00   1.1940306e+01   1.0198924e+01
   1.9960000e+03   1.2000000e+01   2.9000000e+01   1.6000000e+01   4.3000000e+01   5.2000000e+01  -5.3973258e+01  -3.8827710e+01   5.0536342e+02   5.9676939e+00   1.6048970e+01   1.3334254e+01
   1.9960000e+03   1.2000000e+01   2.9000000e+01   1.6000000e+01   4.5000000e+01   2.1000000e+01  -5.3977678e+01  -3.8826313e+01   4.9962452e+02   3.3119457e+00   8.9819990e+00   5.7238413e+00
   1.9960000e+03   1.2000000e+01   2.9000000e+01   1.6000000e+01   4.6000000e+01   5.2000099e+01  -5.3981978e+01  -3.8824431e+01   4.9333515e+02   1.6965624e+00   4.5978326e+00   1.3454824e+00
