   2.0180000e+03   1.0000000e+00   9.0000000e+00   1.4000000e+01   4.5000000e+01   3.7000000e+01  -5.3961172e+01  -3.8526882e+01   5.2947908e+02   2.0857971e+00   5.2710188e-01   4.2652989e-01
   2.0180000e+03   1.0000000e+00   9.0000000e+00   1.4000000e+01   4.7000000e+01   2.6000000e+01  -5.3956798e+01  -3.8528380e+01   4.9578528e+02   2.7099215e+00   1.3899215e+00   8.8891778e-01
   2.0180000e+03   1.0000000e+00   9.0000000e+00   1.4000000e+01   4.9000000e+01   5.0000000e+00  -5.3952347e+01  -3.8529726e+01   5.0233364e+02   3.6498821e+00   2.1858230e+00   5.8348507e-01
   2.0180000e+03   1.0000000e+00   9.0000000e+00   1.4000000e+01   5.0000000e+01   3.8000000e+01  -5.3947907e+01  -3.8531173e+01   5.0238802e+02   2.7371432e+00   2.1529104e+00   3.2620394e-01
   2.0180000e+03   1.0000000e+00   9.0000000e+00   1.4000000e+01   5.2000000e+01   1.1000000e+01  -5.3943503e+01  -3.8532733e+01   4.9987741e+02   4.1009931e+00   1.9666790e+00   6.0608145e-01
   2.0180000e+03   1.0000000e+00   9.0000000e+00   1.4000000e+01   5.3000000e+01   4.5000000e+01  -5.3939084e+01  -3.8534242e+01   5.0091592e+02   2.5873471e+00   2.4496237e+00   0.0000000e+00
   2.0180000e+03   1.0000000e+00   9.0000000e+00   1.4000000e+01   5.6000000e+01   5.4000000e+01  -5.3930251e+01  -3.8536909e+01   9.9684475e+02   2.3104126e+00   3.1877746e+00   0.0000000e+00
   2.0180000e+03   1.0000000e+00   9.0000000e+00   1.4000000e+01   5.8000000e+01   3.0000000e+01  -5.3925844e+01  -3.8538204e+01   4.9695941e+02   2.7721718e+00   2.5144604e+00   0.0000000e+00
   2.0180000e+03   1.0000000e+00   9.0000000e+00   1.5000000e+01   0.0000000e+00   6.0000000e+00  -5.3921459e+01  -3.8539681e+01   4.9678536e+02   2.0372884e+00   2.3505906e+00   0.0000000e+00
   2.0180000e+03   1.0000000e+00   9.0000000e+00   1.5000000e+01   1.0000000e+00   4.3000000e+01  -5.3917040e+01  -3.8541127e+01   5.0011332e+02   2.0060505e+00   3.0778845e+00   0.0000000e+00
   2.0180000e+03   1.0000000e+00   9.0000000e+00   1.5000000e+01   3.0000000e+00   2.0000000e+01  -5.3912605e+01  -3.8542568e+01   5.0173764e+02   2.3074218e+00   4.6154344e+00   2.5953890e+00
   2.0180000e+03   1.0000000e+00   9.0000000e+00   1.5000000e+01   4.0000000e+00   5.5000000e+01  -5.3908192e+01  -3.8543953e+01   4.9862115e+02   1.4871314e+00   1.9149474e+00   0.0000000e+00
   2.0180000e+03   1.0000000e+00   9.0000000e+00   1.5000000e+01   6.0000000e+00   3.0000000e+01  -5.3903796e+01  -3.8545343e+01   4.9687733e+02   1.8539672e+00   2.5161982e+00   4.0954884e-01
   2.0180000e+03   1.0000000e+00   9.0000000e+00   1.5000000e+01   8.0000000e+00   5.0000000e+00  -5.3899376e+01  -3.8546713e+01   4.9931851e+02   3.8950657e+00   4.8116685e+00   2.2188487e+00
   2.0180000e+03   1.0000000e+00   9.0000000e+00   1.5000000e+01   9.0000000e+00   4.0000000e+01  -5.3894974e+01  -3.8548160e+01   4.9823584e+02   2.7476969e+00   3.1098521e+00   5.1048639e-01
   2.0180000e+03   1.0000000e+00   9.0000000e+00   1.5000000e+01   1.1000000e+01   1.6000000e+01  -5.3890552e+01  -3.8549635e+01   5.0077238e+02   2.1541351e+00   3.3469779e+00   6.0833004e-01
   2.0180000e+03   1.0000000e+00   9.0000000e+00   1.5000000e+01   1.2000000e+01   5.2000000e+01  -5.3886157e+01  -3.8551156e+01   4.9848256e+02   2.0630815e+00   2.6471528e+00   0.0000000e+00
   2.0180000e+03   1.0000000e+00   9.0000000e+00   1.5000000e+01   1.4000000e+01   2.8000000e+01  -5.3881736e+01  -3.8552535e+01   4.9949959e+02   1.8049982e+00   1.5668782e+00   0.0000000e+00
   2.0180000e+03   1.0000000e+00   9.0000000e+00   1.5000000e+01   1.6000000e+01   3.0000000e+00  -5.3877326e+01  -3.8553900e+01   4.9811741e+02   2.6912948e+00   2.4118382e+00   0.0000000e+00
   2.0180000e+03   1.0000000e+00   9.0000000e+00   1.5000000e+01   1.7000000e+01   3.8000000e+01  -5.3872940e+01  -3.8555220e+01   4.9498717e+02   3.6441136e+00   2.7958158e+00   4.7459034e-01
   2.0180000e+03   1.0000000e+00   9.0000000e+00   1.5000000e+01   1.9000000e+01   1.4000000e+01  -5.3868516e+01  -3.8556560e+01   4.9937751e+02   6.0179378e+00   3.2858134e+00   0.0000000e+00
   2.0180000e+03   1.0000000e+00   9.0000000e+00   1.5000000e+01   2.0000000e+01   5.0000000e+01  -5.3864109e+01  -3.8558027e+01   4.9897244e+02   1.5979020e+00   3.2102611e+00   1.8175459e-01
   2.0180000e+03   1.0000000e+00   9.0000000e+00   1.5000000e+01   2.2000000e+01   2.6000000e+01  -5.3859676e+01  -3.8559539e+01   5.0252958e+02   2.9768656e+00   2.8674824e+00   7.7036078e-01
   2.0180000e+03   1.0000000e+00   9.0000000e+00   1.5000000e+01   2.4000000e+01   2.0000000e+00  -5.3855270e+01  -3.8561060e+01   4.9957485e+02   2.4103116e+00   1.6871799e+00   7.2482337e-01
   2.0180000e+03   1.0000000e+00   9.0000000e+00   1.5000000e+01   2.5000000e+01   3.8000000e+01  -5.3850865e+01  -3.8562606e+01   4.9987902e+02   2.6633913e+00   3.0659935e+00   9.0513983e-01
   2.0180000e+03   1.0000000e+00   9.0000000e+00   1.5000000e+01   2.7000000e+01   1.3000000e+01  -5.3846480e+01  -3.8564128e+01   4.9736743e+02   2.5490445e+00   1.1257493e+00   7.6405828e-01
   2.0180000e+03   1.0000000e+00   9.0000000e+00   1.5000000e+01   2.8000000e+01   4.8000000e+01  -5.3842070e+01  -3.8565432e+01   4.9743258e+02   1.4958177e+00   2.3073233e+00   1.6454959e+00
   2.0180000e+03   1.0000000e+00   9.0000000e+00   1.5000000e+01   3.0000000e+01   2.3000000e+01  -5.3837631e+01  -3.8566720e+01   5.0043201e+02   3.3505488e+00   3.3766534e+00   2.7203889e+00
   2.0180000e+03   1.0000000e+00   9.0000000e+00   1.5000000e+01   3.1000000e+01   5.7000000e+01  -5.3833195e+01  -3.8568061e+01   5.0068700e+02   3.9561201e+00   2.7360867e+00   1.4471355e+00
   2.0180000e+03   1.0000000e+00   9.0000000e+00   1.5000000e+01   3.3000000e+01   3.2000000e+01  -5.3828816e+01  -3.8569508e+01   4.9578111e+02   2.9043013e+00   4.0157327e+00   2.9273835e+00
   2.0180000e+03   1.0000000e+00   9.0000000e+00   1.5000000e+01   3.5000000e+01   8.0000000e+00  -5.3824403e+01  -3.8570933e+01   4.9919196e+02   2.9911556e+00   4.5902839e+00   3.4079210e+00
   2.0180000e+03   1.0000000e+00   9.0000000e+00   1.5000000e+01   3.6000000e+01   4.6000000e+01  -5.3819971e+01  -3.8572354e+01   5.0131915e+02   3.3926318e+00   4.5165557e+00   2.4434815e+00
   2.0180000e+03   1.0000000e+00   9.0000000e+00   1.5000000e+01   3.8000000e+01   2.5000000e+01  -5.3815556e+01  -3.8573846e+01   5.0022667e+02   4.5870323e+00   3.9294976e+00   2.7778784e+00
   2.0180000e+03   1.0000000e+00   9.0000000e+00   1.5000000e+01   4.0000000e+01   3.0000000e+00  -5.3811143e+01  -3.8575274e+01   4.9920198e+02   4.7411872e+00   3.0758176e+00   2.0958014e+00
   2.0180000e+03   1.0000000e+00   9.0000000e+00   1.5000000e+01   4.1000000e+01   4.1000099e+01  -5.3806719e+01  -3.8576702e+01   5.0047955e+02   5.4846935e+00   2.2269334e+00   5.8621662e-01
   2.0180000e+03   1.0000000e+00   9.0000000e+00   1.5000000e+01   4.4000000e+01   5.7000000e+01  -5.3797944e+01  -3.8579821e+01   9.9630170e+02   5.1619428e+00   5.9983169e+00   3.1129846e+00
   2.0180000e+03   1.0000000e+00   9.0000000e+00   1.5000000e+01   4.6000000e+01   3.5000000e+01  -5.3793558e+01  -3.8581356e+01   4.9774364e+02   6.0694782e+00   6.9121419e+00   5.5797099e+00
   2.0180000e+03   1.0000000e+00   9.0000000e+00   1.5000000e+01   4.8000000e+01   1.4000000e+01  -5.3789164e+01  -3.8582834e+01   4.9776126e+02   6.1941086e+00   7.0164477e+00   2.1482658e+00
   2.0180000e+03   1.0000000e+00   9.0000000e+00   1.5000000e+01   4.9000000e+01   5.2000000e+01  -5.3784754e+01  -3.8584343e+01   4.9999009e+02   1.1301865e+01   1.4209719e+00   2.6949270e-01
   2.0180000e+03   1.0000000e+00   9.0000000e+00   1.5000000e+01   5.1000000e+01   2.9000000e+01  -5.3780335e+01  -3.8585774e+01   4.9989007e+02   1.0098578e+01   1.8396620e+00   8.6370456e-01
   2.0180000e+03   1.0000000e+00   9.0000000e+00   1.5000000e+01   5.3000000e+01   6.0000000e+00  -5.3775946e+01  -3.8587135e+01   4.9584794e+02   6.1326771e+00   2.5362067e+00   1.4561813e+00
   2.0180000e+03   1.0000000e+00   9.0000000e+00   1.5000000e+01   5.4000000e+01   4.2000000e+01  -5.3771543e+01  -3.8588510e+01   4.9752433e+02   8.3982872e+00   6.9941735e+00   2.4577256e+00
   2.0180000e+03   1.0000000e+00   9.0000000e+00   1.5000000e+01   5.6000000e+01   1.9000099e+01  -5.3767100e+01  -3.8589895e+01   5.0195638e+02   9.9605195e+00   1.1187726e+01   7.1857179e-01
   2.0180000e+03   1.0000000e+00   9.0000000e+00   1.5000000e+01   5.7000000e+01   5.6000000e+01  -5.3762661e+01  -3.8591255e+01   5.0135102e+02   8.4773873e+00   5.8037290e+00   3.2997992e+00
   2.0180000e+03   1.0000000e+00   9.0000000e+00   1.5000000e+01   5.9000000e+01   3.3000099e+01  -5.3758244e+01  -3.8592556e+01   4.9818755e+02   6.1170733e+00   5.5683270e+00   2.0462342e+00
   2.0180000e+03   1.0000000e+00   9.0000000e+00   1.6000000e+01   1.0000000e+00   1.0000000e+01  -5.3753841e+01  -3.8593971e+01   4.9799572e+02   5.2098383e+00   9.0037002e+00   2.3009093e+00
   2.0180000e+03   1.0000000e+00   9.0000000e+00   1.6000000e+01   2.0000000e+00   4.7000099e+01  -5.3749443e+01  -3.8595420e+01   4.9796216e+02   6.1718961e+00   6.0214123e+00   1.4256224e+00
   2.0180000e+03   1.0000000e+00   9.0000000e+00   1.6000000e+01   4.0000000e+00   2.4000000e+01  -5.3745034e+01  -3.8596891e+01   4.9936841e+02   4.4299461e+00   2.9761976e+00   6.4382569e-01
   2.0180000e+03   1.0000000e+00   9.0000000e+00   1.6000000e+01   6.0000000e+00   0.0000000e+00  -5.3740640e+01  -3.8598345e+01   4.9743719e+02   5.0962373e+00   3.9172474e+00   1.9292896e-01
   2.0180000e+03   1.0000000e+00   9.0000000e+00   1.6000000e+01   7.0000000e+00   3.7000000e+01  -5.3736208e+01  -3.8599807e+01   5.0184406e+02   5.0159242e+00   9.2172412e+00   2.5256144e+00
   2.0180000e+03   1.0000000e+00   9.0000000e+00   1.6000000e+01   9.0000000e+00   1.4000000e+01  -5.3731769e+01  -3.8601233e+01   5.0209553e+02   5.3231046e+00   7.9543345e+00   2.0585503e+00
   2.0180000e+03   1.0000000e+00   9.0000000e+00   1.6000000e+01   1.2000000e+01   2.7000000e+01  -5.3722927e+01  -3.8603842e+01   9.9732931e+02   4.0931684e+00   8.6658110e+00   1.4719810e+00
   2.0180000e+03   1.0000000e+00   9.0000000e+00   1.6000000e+01   1.4000000e+01   4.0000000e+00  -5.3718511e+01  -3.8605103e+01   4.9769686e+02   3.9998082e+00   8.0387172e+00   1.5585125e+00
   2.0180000e+03   1.0000000e+00   9.0000000e+00   1.6000000e+01   1.5000000e+01   4.1000000e+01  -5.3714087e+01  -3.8606389e+01   4.9877013e+02   4.1582969e+00   6.4630831e+00   8.9894936e-01
   2.0180000e+03   1.0000000e+00   9.0000000e+00   1.6000000e+01   1.7000000e+01   1.8000000e+01  -5.3709693e+01  -3.8607964e+01   4.9912344e+02   2.7880639e+00   5.1819830e+00   9.0422538e-01
   2.0180000e+03   1.0000000e+00   9.0000000e+00   1.6000000e+01   1.8000000e+01   5.4000000e+01  -5.3705333e+01  -3.8609475e+01   4.9462868e+02   3.2365641e+00   5.5494737e+00   4.7183151e+00
   2.0180000e+03   1.0000000e+00   9.0000000e+00   1.6000000e+01   2.0000000e+01   3.1000099e+01  -5.3700904e+01  -3.8610712e+01   4.9880024e+02   2.6724065e+00   1.8936203e+00   1.3560366e+00
   2.0180000e+03   1.0000000e+00   9.0000000e+00   1.6000000e+01   2.2000000e+01   9.0000000e+00  -5.3696475e+01  -3.8612113e+01   5.0070197e+02   8.0842155e+00   2.8084722e+00   1.0635814e+00
   2.0180000e+03   1.0000000e+00   9.0000000e+00   1.6000000e+01   2.3000000e+01   4.5999901e+01  -5.3692029e+01  -3.8613464e+01   5.0201822e+02   4.1036088e+00   1.8645708e+00   2.2074025e-01
   2.0180000e+03   1.0000000e+00   9.0000000e+00   1.6000000e+01   2.5000000e+01   2.2000000e+01  -5.3687637e+01  -3.8614866e+01   4.9659499e+02   2.5889467e+00   1.1948795e+00   2.4080877e-01
   2.0180000e+03   1.0000000e+00   9.0000000e+00   1.6000000e+01   2.6000000e+01   5.8000000e+01  -5.3683228e+01  -3.8616251e+01   4.9841865e+02   2.0878201e+00   7.1674923e+00   0.0000000e+00
   2.0180000e+03   1.0000000e+00   9.0000000e+00   1.6000000e+01   2.8000000e+01   3.4000000e+01  -5.3678805e+01  -3.8617676e+01   5.0029304e+02   1.6246030e+00   1.2228851e+01   0.0000000e+00
   2.0180000e+03   1.0000000e+00   9.0000000e+00   1.6000000e+01   3.0000000e+01   1.0000000e+01  -5.3674401e+01  -3.8619087e+01   4.9812652e+02   1.3625553e+00   4.4096625e+00   0.0000000e+00
   2.0180000e+03   1.0000000e+00   9.0000000e+00   1.6000000e+01   3.1000000e+01   4.6000099e+01  -5.3670001e+01  -3.8620473e+01   4.9739012e+02   1.7475710e+00   4.9830806e+00   5.2543004e-01
   2.0180000e+03   1.0000000e+00   9.0000000e+00   1.6000000e+01   3.3000000e+01   2.3000000e+01  -5.3665576e+01  -3.8621705e+01   4.9827758e+02   1.9670465e+00   7.1188272e+00   0.0000000e+00
   2.0180000e+03   1.0000000e+00   9.0000000e+00   1.6000000e+01   3.5000000e+01   9.9990082e-01  -5.3661163e+01  -3.8623200e+01   5.0023843e+02   1.5644097e+00   4.0654119e+00   3.4722764e-01
   2.0180000e+03   1.0000000e+00   9.0000000e+00   1.6000000e+01   3.6000000e+01   3.8000000e+01  -5.3656739e+01  -3.8624608e+01   5.0028411e+02   3.5209526e+00   9.2590468e+00   5.0499757e-01
   2.0180000e+03   1.0000000e+00   9.0000000e+00   1.6000000e+01   3.8000000e+01   1.4000000e+01  -5.3652348e+01  -3.8625914e+01   4.9536545e+02   2.2529260e+00   3.9394616e+00   2.8956143e+00
   2.0180000e+03   1.0000000e+00   9.0000000e+00   1.6000000e+01   3.9000000e+01   5.1000000e+01  -5.3647903e+01  -3.8627320e+01   5.0259403e+02   2.0209703e+00   5.4517265e+00   7.0308784e-01
   2.0180000e+03   1.0000000e+00   9.0000000e+00   1.6000000e+01   4.1000000e+01   2.7000000e+01  -5.3643495e+01  -3.8628784e+01   4.9920067e+02   2.0724732e+00   6.5372091e+00   0.0000000e+00
   2.0180000e+03   1.0000000e+00   9.0000000e+00   1.6000000e+01   4.3000000e+01   2.0000000e+00  -5.3639119e+01  -3.8630262e+01   4.9586225e+02   2.1043518e+00   2.7634242e+00   6.7658818e-01
   2.0180000e+03   1.0000000e+00   9.0000000e+00   1.6000000e+01   4.4000000e+01   3.8000000e+01  -5.3634665e+01  -3.8631797e+01   5.0515753e+02   1.1674973e+00   1.9298594e+00   4.4718749e-01
   2.0180000e+03   1.0000000e+00   9.0000000e+00   1.6000000e+01   4.6000000e+01   1.3000099e+01  -5.3630281e+01  -3.8633272e+01   4.9675979e+02   1.9352778e+00   3.9402045e+00   1.1796019e+00
   2.0180000e+03   1.0000000e+00   9.0000000e+00   1.6000000e+01   4.7000000e+01   4.7999901e+01  -5.3625911e+01  -3.8634594e+01   4.9332410e+02   3.1328238e+00   3.8254801e+00   9.4319818e-01
   2.0180000e+03   1.0000000e+00   9.0000000e+00   1.6000000e+01   4.9000000e+01   2.4000000e+01  -5.3621464e+01  -3.8635813e+01   5.0071032e+02   2.0935055e+00   6.3082527e+00   2.7799207e+00
   2.0180000e+03   1.0000000e+00   9.0000000e+00   1.6000000e+01   5.1000000e+01   0.0000000e+00  -5.3617028e+01  -3.8637070e+01   4.9982625e+02   2.7084990e+00   5.7292611e+00   2.6742656e+00
   2.0180000e+03   1.0000000e+00   9.0000000e+00   1.6000000e+01   5.2000000e+01   3.7000000e+01  -5.3612577e+01  -3.8638334e+01   5.0153230e+02   3.8952170e+00   5.2017031e+00   1.8082101e+00
   2.0180000e+03   1.0000000e+00   9.0000000e+00   1.6000000e+01   5.4000000e+01   1.3000000e+01  -5.3608149e+01  -3.8639802e+01   5.0149009e+02   2.7471972e+00   7.9987806e+00   3.0845703e+00
   2.0180000e+03   1.0000000e+00   9.0000000e+00   1.6000000e+01   5.5000000e+01   4.8000000e+01  -5.3603789e+01  -3.8641263e+01   4.9392730e+02   2.3749813e+00   4.6269722e+00   2.3954569e+00
   2.0180000e+03   1.0000000e+00   9.0000000e+00   1.6000000e+01   5.7000000e+01   2.4000000e+01  -5.3599377e+01  -3.8642783e+01   5.0049849e+02   2.4217223e+00   6.4884807e+00   2.6984224e+00
   2.0180000e+03   1.0000000e+00   9.0000000e+00   1.6000000e+01   5.9000000e+01   0.0000000e+00  -5.3594977e+01  -3.8644126e+01   4.9679435e+02   1.9613976e+00   4.9987163e+00   3.1497098e+00
   2.0180000e+03   1.0000000e+00   9.0000000e+00   1.7000000e+01   0.0000000e+00   3.6000000e+01  -5.3590541e+01  -3.8645394e+01   5.0004862e+02   3.3760984e+00   5.5802433e+00   3.8058564e+00
   2.0180000e+03   1.0000000e+00   9.0000000e+00   1.7000000e+01   2.0000000e+00   1.2000000e+01  -5.3586104e+01  -3.8646701e+01   5.0049858e+02   2.2514723e+00   4.3245316e+00   1.9472687e+00
   2.0180000e+03   1.0000000e+00   9.0000000e+00   1.7000000e+01   3.0000000e+00   4.8000000e+01  -5.3581665e+01  -3.8647985e+01   5.0041875e+02   2.7105596e+00   4.1849509e+00   1.5258878e+00
   2.0180000e+03   1.0000000e+00   9.0000000e+00   1.7000000e+01   5.0000000e+00   2.3000000e+01  -5.3577264e+01  -3.8649373e+01   4.9761221e+02   1.4137389e+00   3.9917550e+00   3.2382348e-01
   2.0180000e+03   1.0000000e+00   9.0000000e+00   1.7000000e+01   6.0000000e+00   5.8000000e+01  -5.3572842e+01  -3.8650774e+01   5.0000280e+02   1.4277263e+00   2.4181557e+00   8.5371694e-01
   2.0180000e+03   1.0000000e+00   9.0000000e+00   1.7000000e+01   8.0000000e+00   3.3000000e+01  -5.3568393e+01  -3.8652165e+01   5.0280666e+02   2.3869529e+00   3.2044030e+00   0.0000000e+00
   2.0180000e+03   1.0000000e+00   9.0000000e+00   1.7000000e+01   1.0000000e+01   7.0000000e+00  -5.3564005e+01  -3.8653547e+01   4.9603409e+02   1.0125584e+00   1.8101006e+00   2.5963050e-01
   2.0180000e+03   1.0000000e+00   9.0000000e+00   1.7000000e+01   1.1000000e+01   4.2000000e+01  -5.3559609e+01  -3.8654903e+01   4.9664655e+02   3.0231596e+00   8.9991242e+00   1.2562059e+00
   2.0180000e+03   1.0000000e+00   9.0000000e+00   1.7000000e+01   1.3000000e+01   1.7000000e+01  -5.3555180e+01  -3.8656266e+01   5.0022860e+02   1.3351738e+00   1.1953067e+00   0.0000000e+00
   2.0180000e+03   1.0000000e+00   9.0000000e+00   1.7000000e+01   1.4000000e+01   5.2000000e+01  -5.3550806e+01  -3.8657893e+01   4.9780516e+02   1.4477474e+00   2.2560933e+00   0.0000000e+00
   2.0180000e+03   1.0000000e+00   9.0000000e+00   1.7000000e+01   1.6000000e+01   2.7999901e+01  -5.3546408e+01  -3.8659472e+01   4.9973929e+02   1.4655404e+00   2.3283255e+00   2.0553331e+00
   2.0180000e+03   1.0000000e+00   9.0000000e+00   1.7000000e+01   1.8000000e+01   4.0000000e+00  -5.3542048e+01  -3.8661069e+01   4.9573286e+02   2.4582789e+00   5.7413129e+00   3.5563476e+00
   2.0180000e+03   1.0000000e+00   9.0000000e+00   1.7000000e+01   1.9000000e+01   4.1000099e+01  -5.3537614e+01  -3.8662639e+01   5.0353253e+02   1.2839408e+00   4.2219576e+00   0.0000000e+00
   2.0180000e+03   1.0000000e+00   9.0000000e+00   1.7000000e+01   2.1000000e+01   1.8000000e+01  -5.3533172e+01  -3.8664005e+01   5.0175657e+02   1.0500977e+00   1.8798119e+00   3.0868097e-01
   2.0180000e+03   1.0000000e+00   9.0000000e+00   1.7000000e+01   2.2000000e+01   5.4000000e+01  -5.3528751e+01  -3.8665191e+01   4.9752787e+02   8.1446667e-01   1.0909789e+00   2.4142144e-01
   2.0180000e+03   1.0000000e+00   9.0000000e+00   1.7000000e+01   2.4000000e+01   3.0000000e+01  -5.3524316e+01  -3.8666379e+01   4.9895721e+02   8.9605167e-01   2.3543653e+00   0.0000000e+00
   2.0180000e+03   1.0000000e+00   9.0000000e+00   1.7000000e+01   2.6000000e+01   6.0000000e+00  -5.3519901e+01  -3.8667670e+01   4.9795294e+02   7.4205946e-01   1.7924956e+00   0.0000000e+00
   2.0180000e+03   1.0000000e+00   9.0000000e+00   1.7000000e+01   2.7000000e+01   4.2000099e+01  -5.3515478e+01  -3.8668948e+01   4.9874491e+02   5.9233806e-01   1.7804310e+00   4.2241166e-01
   2.0180000e+03   1.0000000e+00   9.0000000e+00   1.7000000e+01   2.9000000e+01   1.9000000e+01  -5.3511083e+01  -3.8670295e+01   4.9638377e+02   9.8119622e-01   1.9028409e+00   9.6106205e-01
   2.0180000e+03   1.0000000e+00   9.0000000e+00   1.7000000e+01   5.5000000e+01   3.8000000e+01  -5.3492774e+01  -3.8675818e+01   2.0669387e+03   6.6838827e+00   9.8049517e+00   4.3181916e+00
   2.0180000e+03   1.0000000e+00   9.0000000e+00   1.7000000e+01   5.7000000e+01   1.9000000e+01  -5.3488356e+01  -3.8677351e+01   5.0127916e+02   5.3526009e+00   1.7299258e+01   1.3357333e+00
   2.0180000e+03   1.0000000e+00   9.0000000e+00   1.7000000e+01   5.8000000e+01   5.6000000e+01  -5.3483927e+01  -3.8678819e+01   5.0165940e+02   8.6352493e+00   2.7765963e+01   1.1694707e+00
   2.0180000e+03   1.0000000e+00   9.0000000e+00   1.8000000e+01   0.0000000e+00   3.1000099e+01  -5.3479511e+01  -3.8680265e+01   4.9990137e+02   8.1427906e+00   1.9502373e+01   9.4719258e-01
   2.0180000e+03   1.0000000e+00   9.0000000e+00   1.8000000e+01   2.0000000e+00   4.0000000e+00  -5.3475143e+01  -3.8681480e+01   4.9204727e+02   7.0714863e+00   2.2267893e+01   7.2511389e-01
   2.0180000e+03   1.0000000e+00   9.0000000e+00   1.8000000e+01   3.0000000e+00   3.9000000e+01  -5.3470661e+01  -3.8682677e+01   5.0424585e+02   5.2253504e+00   1.3120741e+01   1.5058311e+00
   2.0180000e+03   1.0000000e+00   9.0000000e+00   1.8000000e+01   5.0000000e+00   1.3000000e+01  -5.3466290e+01  -3.8684185e+01   4.9585129e+02   3.6866928e+00   9.6669110e+00   2.9360386e-01
   2.0180000e+03   1.0000000e+00   9.0000000e+00   1.8000000e+01   6.0000000e+00   4.7000000e+01  -5.3461855e+01  -3.8685598e+01   5.0163334e+02   2.8829849e+00   7.0152680e+00   0.0000000e+00
   2.0180000e+03   1.0000000e+00   9.0000000e+00   1.8000000e+01   8.0000000e+00   2.1000000e+01  -5.3457437e+01  -3.8686983e+01   4.9934531e+02   2.1375594e+00   2.7672240e+00   4.3746305e-01
   2.0180000e+03   1.0000000e+00   9.0000000e+00   1.8000000e+01   9.0000000e+00   5.5000000e+01  -5.3453036e+01  -3.8688373e+01   4.9762810e+02   2.0867560e+00   1.0151532e+00   0.0000000e+00
   2.0180000e+03   1.0000000e+00   9.0000000e+00   1.8000000e+01   1.1000000e+01   3.0000000e+01  -5.3448588e+01  -3.8689772e+01   5.0290584e+02   1.0842605e+00   9.8329018e-01   0.0000000e+00
   2.0180000e+03   1.0000000e+00   9.0000000e+00   1.8000000e+01   1.3000000e+01   5.0000000e+00  -5.3444153e+01  -3.8691334e+01   5.0350741e+02   1.1835325e+00   2.0647387e+00   1.1139880e+00
   2.0180000e+03   1.0000000e+00   9.0000000e+00   1.8000000e+01   1.6000000e+01   1.3000099e+01  -5.3435399e+01  -3.8694329e+01   9.9280990e+02   1.0702550e+00   1.8824443e+00   2.3085277e-01
   2.0180000e+03   1.0000000e+00   9.0000000e+00   1.8000000e+01   1.7000000e+01   4.7000099e+01  -5.3430990e+01  -3.8695644e+01   4.9755576e+02   1.6140619e+00   8.7145431e-01   1.7605886e-01
   2.0180000e+03   1.0000000e+00   9.0000000e+00   1.8000000e+01   1.9000000e+01   2.2000000e+01  -5.3426533e+01  -3.8696939e+01   5.0259481e+02   6.9052024e-01   2.7494073e+00   2.7181312e-01
   2.0180000e+03   1.0000000e+00   9.0000000e+00   1.8000000e+01   2.0000000e+01   5.7000000e+01  -5.3422100e+01  -3.8698245e+01   5.0020386e+02   9.1206495e-01   1.5513878e+00   3.3438733e-01
   2.0180000e+03   1.0000000e+00   9.0000000e+00   1.8000000e+01   2.2000000e+01   3.2000000e+01  -5.3417680e+01  -3.8699534e+01   4.9849231e+02   7.5096207e-01   2.5678028e+00   7.8453149e-01
   2.0180000e+03   1.0000000e+00   9.0000000e+00   1.8000000e+01   2.4000000e+01   6.9999008e+00  -5.3413287e+01  -3.8700952e+01   4.9713054e+02   6.9965301e+00   2.3216035e+01   2.0360767e+00
   2.0180000e+03   1.0000000e+00   9.0000000e+00   1.8000000e+01   2.5000000e+01   4.1000000e+01  -5.3408874e+01  -3.8702396e+01   4.9957995e+02   6.7795383e+00   1.4150919e+01   0.0000000e+00
   2.0180000e+03   1.0000000e+00   9.0000000e+00   1.8000000e+01   2.7000000e+01   1.8000000e+01  -5.3404500e+01  -3.8703783e+01   4.9460836e+02   7.0397259e+00   1.9169713e+01   3.1922311e+00
   2.0180000e+03   1.0000000e+00   9.0000000e+00   1.8000000e+01   2.8000000e+01   5.3999901e+01  -5.3400084e+01  -3.8705277e+01   5.0062111e+02   3.7009404e+00   1.7289935e+01   3.2769016e+00
   2.0180000e+03   1.0000000e+00   9.0000000e+00   1.8000000e+01   3.0000000e+01   3.0000000e+01  -5.3395647e+01  -3.8706611e+01   5.0091692e+02   3.3479424e+00   1.4761987e+01   6.9693312e+00
   2.0180000e+03   1.0000000e+00   9.0000000e+00   1.8000000e+01   3.2000000e+01   6.0000000e+00  -5.3391228e+01  -3.8707946e+01   4.9886738e+02   4.2400781e+00   1.5410384e+01   1.7085660e+00
   2.0180000e+03   1.0000000e+00   9.0000000e+00   1.8000000e+01   3.3000000e+01   4.2000000e+01  -5.3386819e+01  -3.8709261e+01   4.9764368e+02   4.6031123e+00   1.7614372e+01   2.9461345e+00
   2.0180000e+03   1.0000000e+00   9.0000000e+00   1.8000000e+01   3.5000000e+01   1.9000000e+01  -5.3382377e+01  -3.8710589e+01   5.0142340e+02   5.0428071e+00   1.8590352e+01   1.3425611e+00
   2.0180000e+03   1.0000000e+00   9.0000000e+00   1.8000000e+01   3.6000000e+01   5.6000000e+01  -5.3377926e+01  -3.8711892e+01   5.0203715e+02   5.2961269e+00   1.9670592e+01   1.5395600e+00
   2.0180000e+03   1.0000000e+00   9.0000000e+00   1.8000000e+01   4.0000000e+01   8.0000992e+00  -5.3369125e+01  -3.8714633e+01   9.9476368e+02   4.2033222e+00   1.5028960e+01   1.6087364e+00
   2.0180000e+03   1.0000000e+00   9.0000000e+00   1.8000000e+01   4.1000000e+01   4.4000000e+01  -5.3364731e+01  -3.8716070e+01   4.9739328e+02   4.3585398e+00   1.7484860e+01   4.2424276e+00
   2.0180000e+03   1.0000000e+00   9.0000000e+00   1.8000000e+01   4.3000000e+01   2.0000000e+01  -5.3360317e+01  -3.8717549e+01   5.0024401e+02   3.0563311e+00   1.5806069e+01   2.3515351e+00
   2.0180000e+03   1.0000000e+00   9.0000000e+00   1.8000000e+01   4.4000000e+01   5.5000099e+01  -5.3355920e+01  -3.8719020e+01   4.9818330e+02   3.0208666e+00   1.1105133e+01   1.1266155e+00
   2.0180000e+03   1.0000000e+00   9.0000000e+00   1.8000000e+01   4.6000000e+01   3.0000000e+01  -5.3351495e+01  -3.8720487e+01   5.0122265e+02   2.0296260e+00   6.9927257e+00   2.5177285e+00
   2.0180000e+03   1.0000000e+00   9.0000000e+00   1.8000000e+01   4.8000000e+01   6.0000000e+00  -5.3347105e+01  -3.8721957e+01   4.9756303e+02   2.2864940e+00   2.9794319e+00   7.1830807e-01
   2.0180000e+03   1.0000000e+00   9.0000000e+00   1.8000000e+01   4.9000000e+01   4.0000000e+01  -5.3342720e+01  -3.8723378e+01   4.9623931e+02   2.2706244e+00   7.8433407e+00   2.8363328e+00
   2.0180000e+03   1.0000000e+00   9.0000000e+00   1.8000000e+01   5.1000000e+01   1.8000000e+01  -5.3338313e+01  -3.8724840e+01   4.9919708e+02   2.2135369e+00   7.3131970e+00   4.1492848e+00
   2.0180000e+03   1.0000000e+00   9.0000000e+00   1.8000000e+01   5.2000000e+01   5.6000099e+01  -5.3333853e+01  -3.8726248e+01   5.0436123e+02   1.5846868e+00   5.5349047e+00   2.3649993e+00
   2.0180000e+03   1.0000000e+00   9.0000000e+00   1.8000000e+01   5.4000000e+01   3.2000000e+01  -5.3329477e+01  -3.8727605e+01   4.9449269e+02   2.0679989e+00   6.8160322e+00   5.1861189e-01
   2.0180000e+03   1.0000000e+00   9.0000000e+00   1.8000000e+01   5.6000000e+01   9.0000000e+00  -5.3325067e+01  -3.8728993e+01   4.9868704e+02   1.7557792e+00   6.6323758e+00   1.3812385e+00
   2.0180000e+03   1.0000000e+00   9.0000000e+00   1.8000000e+01   5.7000000e+01   4.7000000e+01  -5.3320650e+01  -3.8730410e+01   4.9967853e+02   1.6534767e+00   6.5054211e+00   1.0724471e+00
   2.0180000e+03   1.0000000e+00   9.0000000e+00   1.8000000e+01   5.9000000e+01   2.5000000e+01  -5.3316199e+01  -3.8731828e+01   5.0356612e+02   1.9240114e+00   3.7515273e+00   7.4205635e-01
   2.0180000e+03   1.0000000e+00   9.0000000e+00   1.9000000e+01   1.0000000e+00   2.0000000e+00  -5.3311778e+01  -3.8733072e+01   4.9804411e+02   3.5713611e+00   1.4779442e+00   1.4779442e+00
   2.0180000e+03   1.0000000e+00   9.0000000e+00   1.9000000e+01   2.0000000e+00   4.0000000e+01  -5.3307372e+01  -3.8734305e+01   4.9642064e+02   6.4989053e+00   1.3387050e+01   1.9627998e+00
   2.0180000e+03   1.0000000e+00   9.0000000e+00   1.9000000e+01   4.0000000e+00   2.0000099e+01  -5.3302899e+01  -3.8735582e+01   5.0421879e+02   1.1512016e+01   8.2675700e+00   7.5379552e+00
   2.0180000e+03   1.0000000e+00   9.0000000e+00   1.9000000e+01   7.0000000e+00   3.7000000e+01  -5.3294118e+01  -3.8738647e+01   9.9682005e+02   7.7759189e+00   1.2328066e+01   8.7858185e+00
   2.0180000e+03   1.0000000e+00   9.0000000e+00   1.9000000e+01   9.0000000e+00   1.5000099e+01  -5.3289754e+01  -3.8740125e+01   4.9475900e+02   7.5934307e+00   7.5824844e+00   5.3113032e+00
   2.0180000e+03   1.0000000e+00   9.0000000e+00   1.9000000e+01   1.0000000e+01   5.3000000e+01  -5.3285340e+01  -3.8741311e+01   4.9672342e+02   4.0667546e+00   1.2269686e+01   4.9036272e+00
   2.0180000e+03   1.0000000e+00   9.0000000e+00   1.9000000e+01   1.2000000e+01   3.0000099e+01  -5.3280888e+01  -3.8742483e+01   5.0075658e+02   3.4528236e+00   9.8698565e+00   3.4392973e+00
   2.0180000e+03   1.0000000e+00   9.0000000e+00   1.9000000e+01   1.4000000e+01   6.0000000e+00  -5.3276506e+01  -3.8743999e+01   4.9725282e+02   2.2644567e+00   8.9718532e+00   7.4449630e+00
   2.0180000e+03   1.0000000e+00   9.0000000e+00   1.9000000e+01   1.5000000e+01   4.3000000e+01  -5.3272116e+01  -3.8745670e+01   5.0036104e+02   6.4157280e+00   9.1101158e+00   2.2029311e+00
   2.0180000e+03   1.0000000e+00   9.0000000e+00   1.9000000e+01   1.7000000e+01   2.0000000e+01  -5.3267695e+01  -3.8747040e+01   4.9956869e+02   5.7106056e+00   6.4335443e+00   8.2165020e-01
   2.0180000e+03   1.0000000e+00   9.0000000e+00   1.9000000e+01   1.8000000e+01   5.6000000e+01  -5.3263277e+01  -3.8748408e+01   4.9928556e+02   2.4661739e+00   5.4892794e+00   4.3933064e+00
   2.0180000e+03   1.0000000e+00   9.0000000e+00   1.9000000e+01   2.0000000e+01   3.2000000e+01  -5.3258819e+01  -3.8749636e+01   5.0210289e+02   7.4008048e+00   1.1153656e+01   6.4672962e+00
