   1.9960000e+03   1.2000000e+01   3.0000000e+01   1.2000000e+01   2.3000000e+01   5.8000000e+01  -5.3958946e+01  -3.8527708e+01   4.8756423e+02   3.5281687e-02   9.4883343e-02   0.0000000e+00
   1.9960000e+03   1.2000000e+01   3.0000000e+01   1.2000000e+01   2.5000000e+01   2.7000000e+01  -5.3955023e+01  -3.8529070e+01   4.4494057e+02   2.3858916e-02   1.2635465e-01   0.0000000e+00
   1.9960000e+03   1.2000000e+01   3.0000000e+01   1.2000000e+01   2.7000000e+01   4.0000000e+00  -5.3950646e+01  -3.8530158e+01   4.9149334e+02   2.8487108e-02   7.6610623e-02   0.0000000e+00
   1.9960000e+03   1.2000000e+01   3.0000000e+01   1.2000000e+01   2.8000000e+01   4.3000000e+01  -5.3946181e+01  -3.8531130e+01   5.0030190e+02   0.0000000e+00   2.9251764e-02   0.0000000e+00
   1.9960000e+03   1.2000000e+01   3.0000000e+01   1.2000000e+01   3.0000000e+01   2.1000000e+01  -5.3941826e+01  -3.8532171e+01   4.8869261e+02   0.0000000e+00   0.0000000e+00   0.0000000e+00
   1.9960000e+03   1.2000000e+01   3.0000000e+01   1.2000000e+01   3.1000000e+01   5.6000000e+01  -5.3937386e+01  -3.8533521e+01   5.0111418e+02   0.0000000e+00   0.0000000e+00   0.0000000e+00
   1.9960000e+03   1.2000000e+01   3.0000000e+01   1.2000000e+01   3.3000000e+01   3.1000000e+01  -5.3932935e+01  -3.8534600e+01   4.9959624e+02   1.4258209e-02   3.8344725e-02   0.0000000e+00
   1.9960000e+03   1.2000000e+01   3.0000000e+01   1.2000000e+01   3.5000000e+01   7.0000000e+00  -5.3928466e+01  -3.8535440e+01   4.9963790e+02   2.7956379e-02   7.5183330e-02   0.0000000e+00
   1.9960000e+03   1.2000000e+01   3.0000000e+01   1.2000000e+01   3.6000000e+01   4.8000000e+01  -5.3924086e+01  -3.8536220e+01   4.8937407e+02   0.0000000e+00   0.0000000e+00   0.0000000e+00
   1.9960000e+03   1.2000000e+01   3.0000000e+01   1.2000000e+01   3.8000000e+01   2.8000000e+01  -5.3919676e+01  -3.8537378e+01   4.9586035e+02   0.0000000e+00   0.0000000e+00   0.0000000e+00
   1.9960000e+03   1.2000000e+01   3.0000000e+01   1.2000000e+01   4.0000000e+01   2.0000000e+00  -5.3915213e+01  -3.8538893e+01   5.0579503e+02   4.0494290e-02   1.5897913e-01   0.0000000e+00
   1.9960000e+03   1.2000000e+01   3.0000000e+01   1.2000000e+01   4.1000000e+01   3.7000000e+01  -5.3910823e+01  -3.8540083e+01   4.9397657e+02   2.5066270e-02   8.2507120e-02   0.0000000e+00
   1.9960000e+03   1.2000000e+01   3.0000000e+01   1.2000000e+01   4.3000000e+01   1.4000000e+01  -5.3906457e+01  -3.8540987e+01   4.8878005e+02   0.0000000e+00   0.0000000e+00   0.0000000e+00
   1.9960000e+03   1.2000000e+01   3.0000000e+01   1.2000000e+01   4.4000000e+01   4.9000000e+01  -5.3901938e+01  -3.8542095e+01   5.0728886e+02   8.6910741e-02   2.3372980e-01   2.3372980e-01
   1.9960000e+03   1.2000000e+01   3.0000000e+01   1.2000000e+01   4.6000000e+01   2.3000000e+01  -5.3897541e+01  -3.8543526e+01   4.9754966e+02   7.4119405e-02   1.9932995e-01   1.9530138e-01
   1.9960000e+03   1.2000000e+01   3.0000000e+01   1.2000000e+01   4.8000000e+01   2.0000000e+00  -5.3893197e+01  -3.8544513e+01   4.8703880e+02   6.1543867e-01   1.6551045e+00   1.5876156e+00
   1.9960000e+03   1.2000000e+01   3.0000000e+01   1.2000000e+01   4.9000000e+01   4.2000000e+01  -5.3888787e+01  -3.8545407e+01   4.9351846e+02   1.8027668e-01   5.3255357e-01   4.8481962e-01
   1.9960000e+03   1.2000000e+01   3.0000000e+01   1.2000000e+01   5.1000000e+01   1.6000000e+01  -5.3884517e+01  -3.8546741e+01   4.8246120e+02   3.9474658e-02   1.0615954e-01   8.2333525e-02
   1.9960000e+03   1.2000000e+01   3.0000000e+01   1.2000000e+01   5.2000000e+01   5.2000000e+01  -5.3880357e+01  -3.8548067e+01   4.7034510e+02   0.0000000e+00   0.0000000e+00   0.0000000e+00
   1.9960000e+03   1.2000000e+01   3.0000000e+01   1.2000000e+01   5.4000000e+01   3.4000000e+01  -5.3875987e+01  -3.8549008e+01   4.8949686e+02   0.0000000e+00   0.0000000e+00   0.0000000e+00
   1.9960000e+03   1.2000000e+01   3.0000000e+01   1.2000000e+01   5.6000000e+01   8.0000992e+00  -5.3871661e+01  -3.8549980e+01   4.8487983e+02   5.1010343e-01   1.3718255e+00   1.3718255e+00
   1.9960000e+03   1.2000000e+01   3.0000000e+01   1.2000000e+01   5.7000000e+01   3.4000000e+01  -5.3867399e+01  -3.8550930e+01   4.7772126e+02   4.2711626e-01   1.1486474e+00   1.1486474e+00
   1.9960000e+03   1.2000000e+01   3.0000000e+01   1.2000000e+01   5.9000000e+01   3.0000000e+00  -5.3863217e+01  -3.8551781e+01   4.6796569e+02   0.0000000e+00   0.0000000e+00   0.0000000e+00
   1.9960000e+03   1.2000000e+01   3.0000000e+01   1.3000000e+01   0.0000000e+00   3.4000000e+01  -5.3858829e+01  -3.8553096e+01   4.9517071e+02   0.0000000e+00   0.0000000e+00   0.0000000e+00
   1.9960000e+03   1.2000000e+01   3.0000000e+01   1.3000000e+01   2.0000000e+00   7.0000000e+00  -5.3854424e+01  -3.8554680e+01   5.0036063e+02   2.7070821e-01   7.2801791e-01   7.2801791e-01
   1.9960000e+03   1.2000000e+01   3.0000000e+01   1.3000000e+01   3.0000000e+00   4.1000099e+01  -5.3850027e+01  -3.8556330e+01   5.0048120e+02   1.0844025e-01   2.9162929e-01   2.9162929e-01
   1.9960000e+03   1.2000000e+01   3.0000000e+01   1.3000000e+01   5.0000000e+00   1.3000000e+01  -5.3845722e+01  -3.8557571e+01   4.8524398e+02   2.6336265e-01   7.0826343e-01   7.0826343e-01
   1.9960000e+03   1.2000000e+01   3.0000000e+01   1.3000000e+01   6.0000000e+00   4.9000000e+01  -5.3841487e+01  -3.8558706e+01   4.7636296e+02   1.3156939e+01   3.5383069e+01   3.5383069e+01
   1.9960000e+03   1.2000000e+01   3.0000000e+01   1.3000000e+01   8.0000000e+00   3.1000000e+01  -5.3837097e+01  -3.8559930e+01   4.9436995e+02   6.9363581e+00   1.8654007e+01   1.8654007e+01
   1.9960000e+03   1.2000000e+01   3.0000000e+01   1.3000000e+01   1.0000000e+01   8.0000000e+00  -5.3832846e+01  -3.8561000e+01   4.7756516e+02   4.6792054e+00   1.2593825e+01   1.2593825e+01
   1.9960000e+03   1.2000000e+01   3.0000000e+01   1.3000000e+01   1.1000000e+01   4.4000099e+01  -5.3828739e+01  -3.8562356e+01   4.6496850e+02   2.6314815e+00   7.0768658e+00   7.0768658e+00
   1.9960000e+03   1.2000000e+01   3.0000000e+01   1.3000000e+01   1.3000000e+01   1.8000000e+01  -5.3824361e+01  -3.8563946e+01   4.9747090e+02   6.5667081e+00   1.7697306e+01   1.6443418e+01
   1.9960000e+03   1.2000000e+01   3.0000000e+01   1.3000000e+01   1.4000000e+01   4.9000099e+01  -5.3819949e+01  -3.8565566e+01   5.0168285e+02   1.0026004e+02   2.6963019e+02   2.5673587e+02
   1.9960000e+03   1.2000000e+01   3.0000000e+01   1.3000000e+01   1.6000000e+01   2.4000000e+01  -5.3815508e+01  -3.8567268e+01   5.0602226e+02   1.0312292e+01   2.7732934e+01   1.9934825e+01
   1.9960000e+03   1.2000000e+01   3.0000000e+01   1.3000000e+01   1.8000000e+01   1.0000992e+00  -5.3811167e+01  -3.8568441e+01   4.8842934e+02   6.2633701e+00   1.7023305e+01   1.6844135e+01
   1.9960000e+03   1.2000000e+01   3.0000000e+01   1.3000000e+01   1.9000000e+01   3.7000000e+01  -5.3806664e+01  -3.8569233e+01   5.0300867e+02   9.1349917e+00   2.5032580e+01   2.5032580e+01
   1.9960000e+03   1.2000000e+01   3.0000000e+01   1.3000000e+01   2.1000000e+01   1.6000000e+01  -5.3802288e+01  -3.8570371e+01   4.9206174e+02   5.5633319e+00   1.4961516e+01   1.4226880e+01
   1.9960000e+03   1.2000000e+01   3.0000000e+01   1.3000000e+01   2.2000000e+01   5.3000000e+01  -5.3798012e+01  -3.8572001e+01   4.8699873e+02   2.1362225e+03   5.7449697e+03   5.4755469e+03
   1.9960000e+03   1.2000000e+01   3.0000000e+01   1.3000000e+01   2.4000000e+01   2.8000000e+01  -5.3793518e+01  -3.8573606e+01   5.1039894e+02   2.5487047e+03   6.8550751e+03   6.8526310e+03
   1.9960000e+03   1.2000000e+01   3.0000000e+01   1.3000000e+01   2.6000000e+01   4.0000992e+00  -5.3789129e+01  -3.8574810e+01   4.9397327e+02   5.8583987e+00   1.6653260e+01   1.5755042e+01
   1.9960000e+03   1.2000000e+01   3.0000000e+01   1.3000000e+01   2.7000000e+01   3.9000000e+01  -5.3784680e+01  -3.8575838e+01   4.9906891e+02   3.8617604e+00   1.0803037e+01   1.0241563e+01
   1.9960000e+03   1.2000000e+01   3.0000000e+01   1.3000000e+01   2.9000000e+01   1.3000000e+01  -5.3780262e+01  -3.8577541e+01   5.0344728e+02   2.5136981e+01   6.7601097e+01   5.3532423e+00
   1.9960000e+03   1.2000000e+01   3.0000000e+01   1.3000000e+01   3.0000000e+01   4.9000000e+01  -5.3776050e+01  -3.8579308e+01   4.8224546e+02   2.2724800e+00   6.1113999e+00   5.3653099e+00
   1.9960000e+03   1.2000000e+01   3.0000000e+01   1.3000000e+01   3.2000000e+01   2.7000000e+01  -5.3771778e+01  -3.8580986e+01   4.8728176e+02   2.2085246e+00   6.0705983e+00   4.6178741e+00
   1.9960000e+03   1.2000000e+01   3.0000000e+01   1.3000000e+01   3.4000000e+01   6.0000000e+00  -5.3767368e+01  -3.8582711e+01   5.0301852e+02   2.1759172e+00   5.8781010e+00   5.0122822e+00
   1.9960000e+03   1.2000000e+01   3.0000000e+01   1.3000000e+01   3.5000000e+01   4.3000000e+01  -5.3763048e+01  -3.8583736e+01   4.8467691e+02   2.0191668e+00   5.5129012e+00   5.1186122e+00
   1.9960000e+03   1.2000000e+01   3.0000000e+01   1.3000000e+01   3.7000000e+01   2.1000000e+01  -5.3758697e+01  -3.8584701e+01   4.8756592e+02   1.9032028e+00   5.1182996e+00   3.9512125e+00
   1.9960000e+03   1.2000000e+01   3.0000000e+01   1.3000000e+01   3.8000000e+01   5.6000000e+01  -5.3754418e+01  -3.8585960e+01   4.8273790e+02   9.1820270e-01   2.4693304e+00   1.4043862e+00
   1.9960000e+03   1.2000000e+01   3.0000000e+01   1.3000000e+01   4.0000000e+01   2.6000000e+01  -5.3749868e+01  -3.8587381e+01   5.1415005e+02   9.9016181e-01   2.6628506e+00   2.2021834e+00
   1.9960000e+03   1.2000000e+01   3.0000000e+01   1.3000000e+01   4.1000000e+01   5.8999901e+01  -5.3745420e+01  -3.8588838e+01   5.0338805e+02   1.0673511e+00   2.8704366e+00   2.3800854e+00
   1.9960000e+03   1.2000000e+01   3.0000000e+01   1.3000000e+01   4.3000000e+01   3.8000099e+01  -5.3741078e+01  -3.8590621e+01   4.9650725e+02   3.6622369e+00   1.0163394e+01   1.8244653e+00
   1.9960000e+03   1.2000000e+01   3.0000000e+01   1.3000000e+01   4.5000000e+01   1.7000000e+01  -5.3736785e+01  -3.8592113e+01   4.8701243e+02   9.5670729e-01   2.6036240e+00   1.5675644e+00
   1.9960000e+03   1.2000000e+01   3.0000000e+01   1.3000000e+01   4.6000000e+01   5.2999901e+01  -5.3732353e+01  -3.8593301e+01   4.9869105e+02   1.6577790e+03   4.4582794e+03   4.4578188e+03
   1.9960000e+03   1.2000000e+01   3.0000000e+01   1.3000000e+01   4.8000000e+01   2.7000000e+01  -5.3727985e+01  -3.8594883e+01   4.9629164e+02   8.5600551e-01   2.4602086e+00   1.9054632e+00
   1.9960000e+03   1.2000000e+01   3.0000000e+01   1.3000000e+01   5.0000000e+01   1.0000000e+00  -5.3723728e+01  -3.8596401e+01   4.8344706e+02   1.0260399e+00   2.8047368e+00   2.0092973e+00
   1.9960000e+03   1.2000000e+01   3.0000000e+01   1.3000000e+01   5.1000000e+01   3.7000000e+01  -5.3719258e+01  -3.8597623e+01   5.0316403e+02   1.2907751e+00   3.4972557e+00   3.1059887e+00
   1.9960000e+03   1.2000000e+01   3.0000000e+01   1.3000000e+01   5.3000000e+01   1.3000000e+01  -5.3714963e+01  -3.8599071e+01   4.8670832e+02   2.4892508e+00   6.8425178e+00   6.6236082e+00
   1.9960000e+03   1.2000000e+01   3.0000000e+01   1.3000000e+01   5.4000000e+01   5.1000099e+01  -5.3710718e+01  -3.8600821e+01   4.8549799e+02   1.9688720e+00   5.2949044e+00   3.3237499e+00
   1.9960000e+03   1.2000000e+01   3.0000000e+01   1.3000000e+01   5.6000000e+01   2.2000000e+01  -5.3706628e+01  -3.8602323e+01   4.6509478e+02   1.3201517e+00   3.6037895e+00   3.2050534e+00
   1.9960000e+03   1.2000000e+01   3.0000000e+01   1.3000000e+01   5.7000000e+01   4.7000000e+01  -5.3702504e+01  -3.8603516e+01   4.6492915e+02   1.2186324e+00   3.4430451e+00   3.1672078e+00
   1.9960000e+03   1.2000000e+01   3.0000000e+01   1.3000000e+01   5.9000000e+01   1.9000099e+01  -5.3698576e+01  -3.8604912e+01   4.4605131e+02   1.1620297e+00   3.1250563e+00   2.6808329e+00
   1.9960000e+03   1.2000000e+01   3.0000000e+01   1.4000000e+01   0.0000000e+00   5.2000000e+01  -5.3694298e+01  -3.8606276e+01   4.8375051e+02   2.4358351e+01   6.5750523e+01   6.3818124e+01
   1.9960000e+03   1.2000000e+01   3.0000000e+01   1.4000000e+01   2.0000000e+00   1.9000000e+01  -5.3690061e+01  -3.8607870e+01   4.8245614e+02   5.3262847e+00   1.4324023e+01   1.2420850e+01
   1.9960000e+03   1.2000000e+01   3.0000000e+01   1.4000000e+01   3.0000000e+00   4.9000099e+01  -5.3685781e+01  -3.8609384e+01   4.8590766e+02   3.6150536e+00   1.0152733e+01   9.0866564e+00
   1.9960000e+03   1.2000000e+01   3.0000000e+01   1.4000000e+01   5.0000000e+00   2.4000000e+01  -5.3681549e+01  -3.8610990e+01   4.8196698e+02   4.7448687e+00   1.2954600e+01   1.2760416e+01
   1.9960000e+03   1.2000000e+01   3.0000000e+01   1.4000000e+01   6.0000000e+00   5.9000000e+01  -5.3677311e+01  -3.8612858e+01   4.8668599e+02   1.7929851e+00   5.2964739e+00   2.4052598e+00
   1.9960000e+03   1.2000000e+01   3.0000000e+01   1.4000000e+01   8.0000000e+00   3.2000000e+01  -5.3673256e+01  -3.8614640e+01   4.6561188e+02   4.3900835e+00   1.2399705e+01   1.1442555e+01
   1.9960000e+03   1.2000000e+01   3.0000000e+01   1.4000000e+01   1.0000000e+01   3.0000000e+00  -5.3669155e+01  -3.8616257e+01   4.6793928e+02   5.2334836e+00   1.4161432e+01   1.3046126e+01
   1.9960000e+03   1.2000000e+01   3.0000000e+01   1.4000000e+01   1.1000000e+01   3.6000000e+01  -5.3664839e+01  -3.8617920e+01   4.9202189e+02   5.3893728e+00   1.7391459e+01   1.7084447e+01
   1.9960000e+03   1.2000000e+01   3.0000000e+01   1.4000000e+01   1.3000000e+01   1.3999901e+01  -5.3660569e+01  -3.8619718e+01   4.8898794e+02   6.1502555e+00   1.6827789e+01   1.5959383e+01
   1.9960000e+03   1.2000000e+01   3.0000000e+01   1.4000000e+01   1.4000000e+01   5.7000000e+01  -5.3656369e+01  -3.8621616e+01   4.8314581e+02   8.5717735e+00   2.3451380e+01   2.3052144e+01
   1.9960000e+03   1.2000000e+01   3.0000000e+01   1.4000000e+01   1.6000000e+01   3.4000000e+01  -5.3651901e+01  -3.8623328e+01   5.0910611e+02   5.0091634e+00   1.3520316e+01   1.3099988e+01
   1.9960000e+03   1.2000000e+01   3.0000000e+01   1.4000000e+01   1.8000000e+01   7.0000000e+00  -5.3647506e+01  -3.8624628e+01   4.9582810e+02   4.1905132e+00   1.1269583e+01   1.1003391e+01
   1.9960000e+03   1.2000000e+01   3.0000000e+01   1.4000000e+01   1.9000000e+01   4.3000000e+01  -5.3643159e+01  -3.8626331e+01   4.9590275e+02   4.4022075e+00   1.1838894e+01   1.0204249e+01
   1.9960000e+03   1.2000000e+01   3.0000000e+01   1.4000000e+01   2.1000000e+01   2.2000000e+01  -5.3638909e+01  -3.8628257e+01   4.8898239e+02   1.1859503e+01   3.1893864e+01   3.1227950e+01
   1.9960000e+03   1.2000000e+01   3.0000000e+01   1.4000000e+01   2.2000000e+01   5.6000099e+01  -5.3634659e+01  -3.8629960e+01   4.8542184e+02   6.0682229e+00   1.6319324e+01   1.5718911e+01
   1.9960000e+03   1.2000000e+01   3.0000000e+01   1.4000000e+01   2.4000000e+01   2.4000000e+01  -5.3630239e+01  -3.8631495e+01   5.0143437e+02   7.9656956e+00   2.1856471e+01   2.0994082e+01
   1.9960000e+03   1.2000000e+01   3.0000000e+01   1.4000000e+01   2.5000000e+01   5.7000000e+01  -5.3625897e+01  -3.8632990e+01   4.9250901e+02   1.9776454e+01   5.3184987e+01   5.2599256e+01
   1.9960000e+03   1.2000000e+01   3.0000000e+01   1.4000000e+01   2.7000000e+01   3.2000000e+01  -5.3621667e+01  -3.8634495e+01   4.8039381e+02   1.0211792e+01   2.7462660e+01   2.7462660e+01
   1.9960000e+03   1.2000000e+01   3.0000000e+01   1.4000000e+01   2.9000000e+01   2.0000000e+00  -5.3617197e+01  -3.8635973e+01   5.0616010e+02   3.9007284e+00   1.0490262e+01   1.0084285e+01
   1.9960000e+03   1.2000000e+01   3.0000000e+01   1.4000000e+01   3.0000000e+01   3.3000000e+01  -5.3612774e+01  -3.8637415e+01   5.0054268e+02   4.9759028e+00   1.3916087e+01   1.3793502e+01
   1.9960000e+03   1.2000000e+01   3.0000000e+01   1.4000000e+01   3.2000000e+01   6.0000000e+00  -5.3608629e+01  -3.8638460e+01   4.6569584e+02   1.5554625e+00   5.5138861e+00   5.3730633e+00
   1.9960000e+03   1.2000000e+01   3.0000000e+01   1.4000000e+01   3.3000000e+01   3.4000099e+01  -5.3604362e+01  -3.8640055e+01   4.8574638e+02   1.4098349e+00   3.7914810e+00   3.7914810e+00
   1.9960000e+03   1.2000000e+01   3.0000000e+01   1.4000000e+01   3.5000000e+01   2.0000000e+00  -5.3600197e+01  -3.8641235e+01   4.6930937e+02   1.8564692e+00   6.6158646e+00   5.5277893e+00
   1.9960000e+03   1.2000000e+01   3.0000000e+01   1.4000000e+01   3.6000000e+01   3.1000000e+01  -5.3595929e+01  -3.8642600e+01   4.8264568e+02   1.1631320e+00   3.1280207e+00   2.1572230e+00
   1.9960000e+03   1.2000000e+01   3.0000000e+01   1.4000000e+01   3.8000000e+01   1.0000992e+00  -5.3591690e+01  -3.8644430e+01   4.8633011e+02   1.1845180e+00   3.6154301e+00   5.6463866e-01
   1.9960000e+03   1.2000000e+01   3.0000000e+01   1.4000000e+01   3.9000000e+01   3.3000000e+01  -5.3587574e+01  -3.8646115e+01   4.7056950e+02   1.6533753e+00   4.4464363e+00   2.5433831e+00
   1.9960000e+03   1.2000000e+01   3.0000000e+01   1.4000000e+01   4.1000000e+01   7.0000992e+00  -5.3583217e+01  -3.8647713e+01   4.9553922e+02   2.0072243e+00   5.3980455e+00   1.0878446e+00
   1.9960000e+03   1.2000000e+01   3.0000000e+01   1.4000000e+01   4.2000000e+01   3.8000000e+01  -5.3578850e+01  -3.8648500e+01   4.8807756e+02   1.0870643e+00   2.9234515e+00   2.5950234e+00
   1.9960000e+03   1.2000000e+01   3.0000000e+01   1.4000000e+01   4.4000000e+01   9.0000000e+00  -5.3574612e+01  -3.8649735e+01   4.7788217e+02   5.5570477e-01   5.8892483e+00   2.4905759e-01
   1.9960000e+03   1.2000000e+01   3.0000000e+01   1.4000000e+01   4.5000000e+01   4.1000000e+01  -5.3570290e+01  -3.8651040e+01   4.8796513e+02   4.6819101e-01   4.5361087e+00   8.5461303e-01
   1.9960000e+03   1.2000000e+01   3.0000000e+01   1.4000000e+01   4.7000000e+01   1.1000000e+01  -5.3565840e+01  -3.8652660e+01   5.0591620e+02   1.1348331e+00   9.6201634e+00   5.7114478e+00
   1.9960000e+03   1.2000000e+01   3.0000000e+01   1.4000000e+01   4.8000000e+01   4.2000000e+01  -5.3561407e+01  -3.8654035e+01   5.0082931e+02   1.3554693e+00   3.6452753e+00   2.7745688e+00
   1.9960000e+03   1.2000000e+01   3.0000000e+01   1.4000000e+01   5.0000000e+01   1.4000000e+01  -5.3557030e+01  -3.8655125e+01   4.9170849e+02   1.1000367e+00   3.0588127e+00   6.5842330e-01
   1.9960000e+03   1.2000000e+01   3.0000000e+01   1.4000000e+01   5.1000000e+01   4.8000000e+01  -5.3552634e+01  -3.8656525e+01   4.9704918e+02   1.1339628e+00   3.3930815e+00   2.4106103e+00
   1.9960000e+03   1.2000000e+01   3.0000000e+01   1.4000000e+01   5.3000000e+01   2.1000000e+01  -5.3548170e+01  -3.8657930e+01   5.0472214e+02   8.0592747e-01   5.3413382e+00   3.2497454e+00
   1.9960000e+03   1.2000000e+01   3.0000000e+01   1.4000000e+01   5.4000000e+01   5.2000000e+01  -5.3543758e+01  -3.8659013e+01   4.9546740e+02   1.4909311e+00   9.3964344e+00   6.5663394e+00
   1.9960000e+03   1.2000000e+01   3.0000000e+01   1.4000000e+01   5.6000000e+01   2.6000000e+01  -5.3539420e+01  -3.8659860e+01   4.8522094e+02   1.3446148e+00   1.1170624e+01   4.4199404e+00
   1.9960000e+03   1.2000000e+01   3.0000000e+01   1.4000000e+01   5.7000000e+01   5.9000000e+01  -5.3534843e+01  -3.8660440e+01   5.1009189e+02   2.1317335e+00   1.4006003e+01   6.5438308e+00
   1.9960000e+03   1.2000000e+01   3.0000000e+01   1.4000000e+01   5.9000000e+01   3.6000099e+01  -5.3530350e+01  -3.8661590e+01   5.0495153e+02   3.3569445e+00   1.5336740e+01   8.1952234e+00
   1.9960000e+03   1.2000000e+01   3.0000000e+01   1.5000000e+01   1.0000000e+00   4.0000000e+00  -5.3526338e+01  -3.8663133e+01   4.5725359e+02   2.2187656e+00   9.4489139e+00   1.6341782e+00
   1.9960000e+03   1.2000000e+01   3.0000000e+01   1.5000000e+01   2.0000000e+00   3.4000000e+01  -5.3523110e+01  -3.8664667e+01   3.7280563e+02   2.0529720e+00   9.9020103e+00   9.0499343e+00
   1.9960000e+03   1.2000000e+01   3.0000000e+01   1.5000000e+01   3.0000000e+00   5.8000000e+01  -5.3518761e+01  -3.8665815e+01   4.8920257e+02   5.0095920e+00   1.4710467e+01   2.3052554e+00
   1.9960000e+03   1.2000000e+01   3.0000000e+01   1.5000000e+01   5.0000000e+00   1.3000000e+01  -5.3513940e+01  -3.8666715e+01   5.3896766e+02   2.8360777e+00   7.8185676e+00   7.8185676e+00
   1.9960000e+03   1.2000000e+01   3.0000000e+01   1.5000000e+01   6.0000000e+00   4.3000000e+01  -5.3509805e+01  -3.8668030e+01   4.6762521e+02   4.9763840e+00   1.3383032e+01   9.6782627e+00
   1.9960000e+03   1.2000000e+01   3.0000000e+01   1.5000000e+01   8.0000000e+00   1.8000000e+01  -5.3505390e+01  -3.8669305e+01   4.9777776e+02   1.2234857e+00   5.3768119e+00   5.0747426e+00
   1.9960000e+03   1.2000000e+01   3.0000000e+01   1.5000000e+01   9.0000000e+00   4.9000000e+01  -5.3500993e+01  -3.8670115e+01   4.9152743e+02   8.8406316e-01   4.2670327e+00   3.7929579e+00
   1.9960000e+03   1.2000000e+01   3.0000000e+01   1.5000000e+01   1.1000000e+01   1.5000000e+01  -5.3496906e+01  -3.8671184e+01   4.5961558e+02   5.2974056e-01   4.2894846e+00   3.7175713e+00
   1.9960000e+03   1.2000000e+01   3.0000000e+01   1.5000000e+01   1.2000000e+01   4.2000099e+01  -5.3492516e+01  -3.8672450e+01   4.9497505e+02   5.8916241e-01   2.8045543e+00   2.1580861e+00
   1.9960000e+03   1.2000000e+01   3.0000000e+01   1.5000000e+01   1.4000000e+01   7.0000000e+00  -5.3488148e+01  -3.8673642e+01   4.9168834e+02   8.5841709e-01   3.0563248e+00   3.0563248e+00
   1.9960000e+03   1.2000000e+01   3.0000000e+01   1.5000000e+01   1.5000000e+01   2.8000000e+01  -5.3483885e+01  -3.8675225e+01   4.8506554e+02   2.3140015e+00   7.1511758e+00   3.0727278e+00
   1.9960000e+03   1.2000000e+01   3.0000000e+01   1.5000000e+01   1.6000000e+01   5.2000099e+01  -5.3479758e+01  -3.8676532e+01   4.6672815e+02   1.2913957e+00   3.4729616e+00   1.4682717e+00
   1.9960000e+03   1.2000000e+01   3.0000000e+01   1.5000000e+01   1.8000000e+01   2.0000000e+01  -5.3475610e+01  -3.8677870e+01   4.6928126e+02   1.7045105e+00   6.1613849e+00   3.0393527e+00
   1.9960000e+03   1.2000000e+01   3.0000000e+01   1.5000000e+01   1.9000000e+01   4.9000000e+01  -5.3471393e+01  -3.8679405e+01   4.7951731e+02   1.5586922e+00   4.2344016e+00   2.1559272e+00
   1.9960000e+03   1.2000000e+01   3.0000000e+01   1.5000000e+01   2.1000000e+01   1.4000000e+01  -5.3467066e+01  -3.8680807e+01   4.8972861e+02   8.0815051e-01   9.0799469e+00   2.3120713e+00
   1.9960000e+03   1.2000000e+01   3.0000000e+01   1.5000000e+01   2.2000000e+01   3.9000000e+01  -5.3462650e+01  -3.8681647e+01   4.9375377e+02   2.6632966e+00   7.1624263e+00   2.5629826e+00
   1.9960000e+03   1.2000000e+01   3.0000000e+01   1.5000000e+01   2.4000000e+01   4.0000000e+00  -5.3458346e+01  -3.8682492e+01   4.8150688e+02   9.7992482e-01   1.0089215e+01   9.6184151e+00
   1.9960000e+03   1.2000000e+01   3.0000000e+01   1.5000000e+01   2.5000000e+01   3.0000099e+01  -5.3454090e+01  -3.8683600e+01   4.7857257e+02   2.4968208e+00   8.2508263e+00   3.1566809e+00
   1.9960000e+03   1.2000000e+01   3.0000000e+01   1.5000000e+01   2.7000000e+01   2.0000992e+00  -5.3449858e+01  -3.8684795e+01   4.7685555e+02   1.5961276e+00   4.2924795e+00   2.0279044e+00
   1.9960000e+03   1.2000000e+01   3.0000000e+01   1.5000000e+01   2.8000000e+01   3.3000099e+01  -5.3445541e+01  -3.8685980e+01   4.8614961e+02   3.7413105e+00   1.0094445e+01   8.5176478e+00
   1.9960000e+03   1.2000000e+01   3.0000000e+01   1.5000000e+01   3.0000000e+01   2.0000000e+00  -5.3441079e+01  -3.8687155e+01   5.0191211e+02   2.4300328e+00   6.5351081e+00   4.8320212e+00
   1.9960000e+03   1.2000000e+01   3.0000000e+01   1.5000000e+01   3.1000000e+01   2.4000000e+01  -5.3436836e+01  -3.8688448e+01   4.7917491e+02   2.2838606e+00   6.1617914e+00   5.9259541e+00
   1.9960000e+03   1.2000000e+01   3.0000000e+01   1.5000000e+01   3.2000000e+01   4.4000099e+01  -5.3432634e+01  -3.8689875e+01   4.7639772e+02   5.1576415e+01   1.3870490e+02   1.3686438e+02
   1.9960000e+03   1.2000000e+01   3.0000000e+01   1.5000000e+01   3.4000000e+01   9.0000000e+00  -5.3428344e+01  -3.8691635e+01   4.9073881e+02   6.2192980e+02   1.6746055e+03   1.6710511e+03
   1.9960000e+03   1.2000000e+01   3.0000000e+01   1.5000000e+01   3.5000000e+01   3.5000000e+01  -5.3424081e+01  -3.8693140e+01   4.8401779e+02   1.0681277e+00   2.8725250e+00   2.3573682e+00
   1.9960000e+03   1.2000000e+01   3.0000000e+01   1.5000000e+01   3.7000000e+01   2.0000000e+00  -5.3419701e+01  -3.8694131e+01   4.9113960e+02   2.2407346e+00   6.0260267e+00   2.0108973e+00
   1.9960000e+03   1.2000000e+01   3.0000000e+01   1.5000000e+01   3.8000000e+01   3.2000000e+01  -5.3415279e+01  -3.8695332e+01   4.9779895e+02   1.6143750e+00   4.3415526e+00   2.8874565e+00
   1.9960000e+03   1.2000000e+01   3.0000000e+01   1.5000000e+01   4.0000000e+01   4.0000000e+00  -5.3410991e+01  -3.8696330e+01   4.8100976e+02   9.5456594e-01   2.5671224e+00   1.9990264e+00
   1.9960000e+03   1.2000000e+01   3.0000000e+01   1.5000000e+01   4.1000000e+01   3.1999901e+01  -5.3406700e+01  -3.8697211e+01   4.8034748e+02   4.7940251e-01   1.2892613e+00   1.0178461e+00
   1.9960000e+03   1.2000000e+01   3.0000000e+01   1.5000000e+01   4.2000000e+01   5.7000000e+01  -5.3402309e+01  -3.8698605e+01   4.9660174e+02   1.1941420e+00   3.2114162e+00   2.1475048e+00
   1.9960000e+03   1.2000000e+01   3.0000000e+01   1.5000000e+01   4.4000000e+01   2.7000099e+01  -5.3397999e+01  -3.8700412e+01   4.9365765e+02   1.0319687e+00   4.0621898e+00   2.8996033e+00
   1.9960000e+03   1.2000000e+01   3.0000000e+01   1.5000000e+01   4.5000000e+01   5.7000000e+01  -5.3393644e+01  -3.8701848e+01   4.9321452e+02   1.4411507e+00   5.4656642e+00   6.1027883e-01
   1.9960000e+03   1.2000000e+01   3.0000000e+01   1.5000000e+01   4.7000000e+01   2.4000000e+01  -5.3389444e+01  -3.8703604e+01   4.8097318e+02   3.3241625e+00   9.7790460e+00   4.1248268e+00
   1.9960000e+03   1.2000000e+01   3.0000000e+01   1.5000000e+01   4.8000000e+01   5.3000000e+01  -5.3385187e+01  -3.8705369e+01   4.8733917e+02   1.7250271e+00   7.7391826e+00   6.2179487e+00
   1.9960000e+03   1.2000000e+01   3.0000000e+01   1.5000000e+01   5.0000000e+01   2.0000000e+01  -5.3381062e+01  -3.8706710e+01   4.6690253e+02   1.5431840e+00   4.1500978e+00   2.2559897e+00
   1.9960000e+03   1.2000000e+01   3.0000000e+01   1.5000000e+01   5.1000000e+01   4.5000000e+01  -5.3376911e+01  -3.8708309e+01   4.7317755e+02   1.4872172e+00   4.6291968e+00   2.8114264e+00
   1.9960000e+03   1.2000000e+01   3.0000000e+01   1.5000000e+01   5.3000000e+01   1.0000000e+01  -5.3372541e+01  -3.8709929e+01   4.9732800e+02   1.1493025e+00   3.0908292e+00   1.6137807e+00
   1.9960000e+03   1.2000000e+01   3.0000000e+01   1.5000000e+01   5.4000000e+01   3.7000099e+01  -5.3368299e+01  -3.8711530e+01   4.8322247e+02   9.4460016e-01   5.2167292e+00   5.2167292e+00
   1.9960000e+03   1.2000000e+01   3.0000000e+01   1.5000000e+01   5.6000000e+01   3.0000000e+00  -5.3364017e+01  -3.8712999e+01   4.8574270e+02   1.2952967e+00   3.4834526e+00   1.3822249e+00
   1.9960000e+03   1.2000000e+01   3.0000000e+01   1.5000000e+01   5.7000000e+01   2.7000000e+01  -5.3359609e+01  -3.8714634e+01   5.0161851e+02   1.1716473e+00   3.1509212e+00   2.2282206e+00
   1.9960000e+03   1.2000000e+01   3.0000000e+01   1.5000000e+01   5.8000000e+01   4.9000000e+01  -5.3355314e+01  -3.8716163e+01   4.8793695e+02   1.8632406e+00   5.3821513e+00   3.0064869e+00
   1.9960000e+03   1.2000000e+01   3.0000000e+01   1.6000000e+01   0.0000000e+00   1.5000000e+01  -5.3351122e+01  -3.8717549e+01   4.7477290e+02   9.5643773e-01   2.9381061e+00   1.4185662e+00
   1.9960000e+03   1.2000000e+01   3.0000000e+01   1.6000000e+01   1.0000000e+00   4.4000000e+01  -5.3346815e+01  -3.8719284e+01   4.9229058e+02   1.2963281e+00   6.2059587e+00   5.7758407e+00
   1.9960000e+03   1.2000000e+01   3.0000000e+01   1.6000000e+01   3.0000000e+00   9.0000000e+00  -5.3342565e+01  -3.8721131e+01   4.8789763e+02   1.1605537e+00   3.1210871e+00   2.5295876e+00
   1.9960000e+03   1.2000000e+01   3.0000000e+01   1.6000000e+01   4.0000000e+00   3.2000000e+01  -5.3338219e+01  -3.8722824e+01   4.9570812e+02   8.7361260e-01   2.3494138e+00   1.6691286e+00
   1.9960000e+03   1.2000000e+01   3.0000000e+01   1.6000000e+01   5.0000000e+00   5.8000000e+01  -5.3333877e+01  -3.8723935e+01   4.8813097e+02   1.4616478e+00   3.9308221e+00   3.0124600e+00
   1.9960000e+03   1.2000000e+01   3.0000000e+01   1.6000000e+01   7.0000000e+00   2.8000000e+01  -5.3329557e+01  -3.8725224e+01   4.8760191e+02   1.6361152e+00   4.4000185e+00   3.7585580e+00
   1.9960000e+03   1.2000000e+01   3.0000000e+01   1.6000000e+01   8.0000000e+00   5.4000000e+01  -5.3325204e+01  -3.8726964e+01   4.9725041e+02   3.7736094e+00   1.0148400e+01   8.2199320e+00
   1.9960000e+03   1.2000000e+01   3.0000000e+01   1.6000000e+01   1.0000000e+01   1.8000000e+01  -5.3320787e+01  -3.8728689e+01   5.0404801e+02   2.1653469e+00   6.7852152e+00   6.0280603e+00
   1.9960000e+03   1.2000000e+01   3.0000000e+01   1.6000000e+01   1.1000000e+01   4.5000000e+01  -5.3316512e+01  -3.8730539e+01   4.9064728e+02   2.0151652e+00   5.4194009e+00   2.1001189e+00
   1.9960000e+03   1.2000000e+01   3.0000000e+01   1.6000000e+01   1.3000000e+01   1.9000000e+01  -5.3312262e+01  -3.8732507e+01   4.9004629e+02   1.3719771e+00   3.6896697e+00   8.2240394e-01
   1.9960000e+03   1.2000000e+01   3.0000000e+01   1.6000000e+01   1.4000000e+01   4.9000099e+01  -5.3307852e+01  -3.8734444e+01   5.0661948e+02   1.4630938e+00   3.9347107e+00   3.1204543e+00
   1.9960000e+03   1.2000000e+01   3.0000000e+01   1.6000000e+01   1.6000000e+01   1.7000000e+01  -5.3303860e+01  -3.8735992e+01   4.5531254e+02   1.8377577e+00   4.9422974e+00   3.4216490e+00
   1.9960000e+03   1.2000000e+01   3.0000000e+01   1.6000000e+01   1.7000000e+01   5.0000000e+01  -5.3299492e+01  -3.8737629e+01   4.9734935e+02   1.3492735e+00   3.6286128e+00   2.4473418e+00
   1.9960000e+03   1.2000000e+01   3.0000000e+01   1.6000000e+01   1.9000000e+01   2.3000000e+01  -5.3295142e+01  -3.8738959e+01   4.9142470e+02   2.0282455e+00   5.4545780e+00   4.3521198e+00
   1.9960000e+03   1.2000000e+01   3.0000000e+01   1.6000000e+01   2.0000000e+01   4.8000000e+01  -5.3290723e+01  -3.8740499e+01   5.0157938e+02   1.3066439e+00   4.3345570e+00   3.9068871e+00
   1.9960000e+03   1.2000000e+01   3.0000000e+01   1.6000000e+01   2.2000000e+01   7.0000000e+00  -5.3286368e+01  -3.8742214e+01   4.9715570e+02   3.4004240e+00   9.1447893e+00   8.2703983e+00
   1.9960000e+03   1.2000000e+01   3.0000000e+01   1.6000000e+01   2.3000000e+01   3.2000000e+01  -5.3282020e+01  -3.8743600e+01   4.9184512e+02   1.3428927e+00   3.7176643e+00   2.9661330e+00
   1.9960000e+03   1.2000000e+01   3.0000000e+01   1.6000000e+01   2.5000000e+01   3.0000000e+00  -5.3277913e+01  -3.8744669e+01   4.6182377e+02   1.9684834e+00   5.2938593e+00   4.8680242e+00
   1.9960000e+03   1.2000000e+01   3.0000000e+01   1.6000000e+01   2.6000000e+01   3.1999901e+01  -5.3273460e+01  -3.8746054e+01   5.0334245e+02   1.2776633e+00   3.4360309e+00   2.1823519e+00
   1.9960000e+03   1.2000000e+01   3.0000000e+01   1.6000000e+01   2.7000000e+01   5.5000099e+01  -5.3269073e+01  -3.8747399e+01   4.9566408e+02   1.2936366e+02   3.4789880e+02   2.5850186e+02
   1.9960000e+03   1.2000000e+01   3.0000000e+01   1.6000000e+01   2.9000000e+01   1.8000099e+01  -5.3264747e+01  -3.8749069e+01   4.9324315e+02   9.1502459e-01   2.8430248e+00   9.2057010e-01
   1.9960000e+03   1.2000000e+01   3.0000000e+01   1.6000000e+01   3.0000000e+01   4.4000000e+01  -5.3260355e+01  -3.8750914e+01   5.0326389e+02   7.5620298e-01   2.0336632e+00   2.1790159e-01
   1.9960000e+03   1.2000000e+01   3.0000000e+01   1.6000000e+01   3.1000000e+01   5.4000000e+01  -5.3256915e+01  -3.8752307e+01   3.9325466e+02   1.1284679e+00   4.3513683e+00   3.7028838e+00
