   2.0180000e+03   1.0000000e+00   1.1000000e+01   1.4000000e+01   8.0000000e+00   2.1000000e+01  -5.3148366e+01  -3.7832572e+01   5.0510163e+02   2.8288846e+00   1.0088059e+01   7.0681965e+00
   2.0180000e+03   1.0000000e+00   1.1000000e+01   1.4000000e+01   1.3000000e+01   1.7000000e+01  -5.3156891e+01  -3.7829463e+01   9.6966046e+02   3.0842030e+00   1.0539875e+01   9.2455976e+00
   2.0180000e+03   1.0000000e+00   1.1000000e+01   1.4000000e+01   1.5000000e+01   2.0000000e+01  -5.3161286e+01  -3.7828218e+01   4.9541324e+02   2.6920017e+00   1.1589257e+01   1.0080254e+01
   2.0180000e+03   1.0000000e+00   1.1000000e+01   1.4000000e+01   1.7000000e+01   7.0000000e+00  -5.3165692e+01  -3.7826348e+01   5.0518861e+02   3.1019099e+00   9.0237976e+00   5.6186356e+00
   2.0180000e+03   1.0000000e+00   1.1000000e+01   1.4000000e+01   1.8000000e+01   4.8000000e+01  -5.3170083e+01  -3.7824889e+01   4.9752555e+02   3.0096820e+00   9.7824212e+00   5.2066639e+00
   2.0180000e+03   1.0000000e+00   1.1000000e+01   1.4000000e+01   2.0000000e+01   2.7000099e+01  -5.3174517e+01  -3.7823362e+01   5.0306552e+02   4.3857694e+00   1.2823171e+01   7.0513645e+00
   2.0180000e+03   1.0000000e+00   1.1000000e+01   1.4000000e+01   2.2000000e+01   4.0000000e+00  -5.3178924e+01  -3.7821913e+01   4.9910314e+02   2.1184685e+00   7.6382678e+00   2.1326146e+00
   2.0180000e+03   1.0000000e+00   1.1000000e+01   1.4000000e+01   2.3000000e+01   4.1000000e+01  -5.3183335e+01  -3.7820546e+01   4.9860745e+02   2.1920986e+00   7.5451432e+00   3.4418021e+00
   2.0180000e+03   1.0000000e+00   1.1000000e+01   1.4000000e+01   2.5000000e+01   1.8000000e+01  -5.3187721e+01  -3.7819019e+01   4.9777062e+02   1.6800595e+00   6.2520668e+00   3.9384501e+00
   2.0180000e+03   1.0000000e+00   1.1000000e+01   1.4000000e+01   2.6000000e+01   5.5000000e+01  -5.3192103e+01  -3.7817458e+01   4.9792858e+02   1.4603478e+00   4.9410750e+00   1.6829363e+00
   2.0180000e+03   1.0000000e+00   1.1000000e+01   1.4000000e+01   2.8000000e+01   3.2000000e+01  -5.3196528e+01  -3.7816071e+01   5.0033034e+02   1.7869941e+00   5.5574973e+00   3.4146866e+00
   2.0180000e+03   1.0000000e+00   1.1000000e+01   1.4000000e+01   3.0000000e+01   8.0000000e+00  -5.3200950e+01  -3.7814698e+01   4.9973795e+02   2.1147372e+01   7.0024542e+01   2.6478063e+01
   2.0180000e+03   1.0000000e+00   1.1000000e+01   1.4000000e+01   3.1000000e+01   4.4000000e+01  -5.3205337e+01  -3.7813079e+01   4.9929183e+02   2.9432968e+00   8.4558860e+00   3.5289940e+00
   2.0180000e+03   1.0000000e+00   1.1000000e+01   1.4000000e+01   3.3000000e+01   2.0000000e+01  -5.3209708e+01  -3.7811683e+01   4.9454098e+02   1.6728510e+00   4.5469442e+00   1.0059214e+00
   2.0180000e+03   1.0000000e+00   1.1000000e+01   1.4000000e+01   3.4000000e+01   5.7000099e+01  -5.3214110e+01  -3.7810208e+01   4.9889767e+02   1.1287478e+00   3.1426698e+00   1.1122738e+00
   2.0180000e+03   1.0000000e+00   1.1000000e+01   1.4000000e+01   3.6000000e+01   3.5000000e+01  -5.3218544e+01  -3.7808611e+01   5.0400686e+02   1.1190157e+00   2.9807071e+00   1.6774630e+00
   2.0180000e+03   1.0000000e+00   1.1000000e+01   1.4000000e+01   3.8000000e+01   1.2000000e+01  -5.3222922e+01  -3.7806993e+01   4.9827540e+02   1.7607431e+00   5.8172334e+00   7.2524897e-01
   2.0180000e+03   1.0000000e+00   1.1000000e+01   1.4000000e+01   3.9000000e+01   4.9000000e+01  -5.3227309e+01  -3.7805696e+01   4.9501975e+02   1.4024638e+00   4.0045819e+00   1.0737545e+00
   2.0180000e+03   1.0000000e+00   1.1000000e+01   1.4000000e+01   4.1000000e+01   2.5999901e+01  -5.3231739e+01  -3.7804309e+01   5.0081508e+02   1.1809972e+00   4.1941205e+00   3.5071433e+00
   2.0180000e+03   1.0000000e+00   1.1000000e+01   1.4000000e+01   4.3000000e+01   3.0000000e+00  -5.3236139e+01  -3.7802605e+01   5.0194362e+02   2.2241317e+00   4.4119711e+00   1.6367840e+00
   2.0180000e+03   1.0000000e+00   1.1000000e+01   1.4000000e+01   4.4000000e+01   4.2000000e+01  -5.3240468e+01  -3.7801350e+01   4.8817664e+02   1.8939801e+00   2.0442472e+00   1.1425374e+00
   2.0180000e+03   1.0000000e+00   1.1000000e+01   1.4000000e+01   4.6000000e+01   2.0000000e+01  -5.3244942e+01  -3.7799868e+01   5.0682934e+02   1.1566272e+00   1.5889819e+00   2.9701293e-01
   2.0180000e+03   1.0000000e+00   1.1000000e+01   1.4000000e+01   4.7000000e+01   5.6000000e+01  -5.3249356e+01  -3.7798306e+01   5.0142131e+02   9.5411457e-01   2.4373725e+00   1.6894430e+00
   2.0180000e+03   1.0000000e+00   1.1000000e+01   1.4000000e+01   4.9000000e+01   3.1000000e+01  -5.3253729e+01  -3.7796782e+01   4.9634650e+02   8.3868218e-01   3.2972697e+00   2.4168092e+00
   2.0180000e+03   1.0000000e+00   1.1000000e+01   1.4000000e+01   5.1000000e+01   7.0000000e+00  -5.3258159e+01  -3.7795341e+01   5.0148433e+02   7.6049548e-01   1.9019200e+00   1.2609679e+00
   2.0180000e+03   1.0000000e+00   1.1000000e+01   1.4000000e+01   5.2000000e+01   4.4000000e+01  -5.3262536e+01  -3.7793920e+01   4.9543292e+02   2.0098021e+00   5.3551645e+00   1.7922362e+00
   2.0180000e+03   1.0000000e+00   1.1000000e+01   1.4000000e+01   5.4000000e+01   2.1000000e+01  -5.3266936e+01  -3.7792525e+01   4.9763201e+02   9.8643853e-01   2.9742202e+00   1.7484430e+00
   2.0180000e+03   1.0000000e+00   1.1000000e+01   1.4000000e+01   5.5000000e+01   5.8000000e+01  -5.3271326e+01  -3.7791010e+01   4.9813215e+02   9.2785467e-01   1.9266642e+00   7.3746857e-01
   2.0180000e+03   1.0000000e+00   1.1000000e+01   1.4000000e+01   5.7000000e+01   3.4000000e+01  -5.3275717e+01  -3.7789487e+01   4.9835690e+02   1.6560814e+00   4.2642649e+00   1.8561231e+00
   2.0180000e+03   1.0000000e+00   1.1000000e+01   1.4000000e+01   5.9000000e+01   1.0000000e+01  -5.3280158e+01  -3.7787938e+01   5.0408958e+02   1.8065627e+00   3.4882202e+00   2.4338862e+00
   2.0180000e+03   1.0000000e+00   1.1000000e+01   1.5000000e+01   0.0000000e+00   4.5000000e+01  -5.3284526e+01  -3.7786348e+01   4.9668628e+02   2.0152437e+00   3.6002249e+00   2.7653378e+00
   2.0180000e+03   1.0000000e+00   1.1000000e+01   1.5000000e+01   2.0000000e+00   2.0000000e+01  -5.3288874e+01  -3.7784815e+01   4.9376874e+02   2.3470361e+00   4.4452246e+00   2.2151319e+00
   2.0180000e+03   1.0000000e+00   1.1000000e+01   1.5000000e+01   3.0000000e+00   5.5999901e+01  -5.3293301e+01  -3.7783384e+01   5.0101293e+02   2.7626303e+00   3.7765325e+00   2.8455625e+00
   2.0180000e+03   1.0000000e+00   1.1000000e+01   1.5000000e+01   5.0000000e+00   3.2000000e+01  -5.3297743e+01  -3.7781921e+01   5.0309063e+02   2.3632277e+00   8.9036942e+00   8.5516794e+00
   2.0180000e+03   1.0000000e+00   1.1000000e+01   1.5000000e+01   7.0000000e+00   7.0000000e+00  -5.3302108e+01  -3.7780492e+01   4.9425626e+02   2.4880805e+00   1.0055206e+01   7.3290459e+00
   2.0180000e+03   1.0000000e+00   1.1000000e+01   1.5000000e+01   8.0000000e+00   4.2000099e+01  -5.3306506e+01  -3.7779007e+01   4.9852892e+02   1.9535289e+00   5.0676074e+00   4.4225993e+00
   2.0180000e+03   1.0000000e+00   1.1000000e+01   1.5000000e+01   1.0000000e+01   1.8000000e+01  -5.3310905e+01  -3.7777457e+01   4.9952052e+02   1.3124522e+00   4.3361471e+00   2.1742906e+00
   2.0180000e+03   1.0000000e+00   1.1000000e+01   1.5000000e+01   1.1000000e+01   5.5000000e+01  -5.3315315e+01  -3.7775820e+01   5.0197216e+02   2.9910130e+00   1.0170076e+01   9.5437737e+00
   2.0180000e+03   1.0000000e+00   1.1000000e+01   1.5000000e+01   1.3000000e+01   3.3000000e+01  -5.3319710e+01  -3.7774415e+01   4.9719205e+02   3.4715690e+00   1.1649098e+01   6.8630560e+00
   2.0180000e+03   1.0000000e+00   1.1000000e+01   1.5000000e+01   1.5000000e+01   2.6000000e+01  -5.3324416e+01  -3.7773077e+01   5.3044493e+02   2.5928628e+00   8.5664333e+00   4.5369619e+00
   2.0180000e+03   1.0000000e+00   1.1000000e+01   1.5000000e+01   2.0000000e+01   4.0000000e+00  -5.3333013e+01  -3.7771904e+01   9.5841739e+02   2.3644352e+00   9.0031695e+00   8.6014176e+00
   2.0180000e+03   1.0000000e+00   1.1000000e+01   1.5000000e+01   2.2000000e+01   1.0000000e+01  -5.3337397e+01  -3.7770643e+01   4.9431215e+02   2.8399502e+00   1.0306949e+01   6.1431608e+00
   2.0180000e+03   1.0000000e+00   1.1000000e+01   1.5000000e+01   2.4000000e+01   6.0000992e+00  -5.3341831e+01  -3.7769432e+01   4.9926342e+02   3.1232367e+00   1.0152677e+01   9.8169081e+00
   2.0180000e+03   1.0000000e+00   1.1000000e+01   1.5000000e+01   2.5000000e+01   5.0000000e+01  -5.3346284e+01  -3.7768149e+01   5.0204235e+02   2.7694499e+00   9.1335039e+00   4.6521597e+00
   2.0180000e+03   1.0000000e+00   1.1000000e+01   1.5000000e+01   2.7000000e+01   2.7000000e+01  -5.3350739e+01  -3.7766778e+01   5.0334396e+02   2.5944107e+00   8.5715475e+00   6.2483688e+00
   2.0180000e+03   1.0000000e+00   1.1000000e+01   1.5000000e+01   2.9000000e+01   2.0000992e+00  -5.3355129e+01  -3.7765168e+01   4.9938561e+02   2.9171795e+00   9.5965565e+00   6.4477235e+00
   2.0180000e+03   1.0000000e+00   1.1000000e+01   1.5000000e+01   3.0000000e+01   3.8000000e+01  -5.3359525e+01  -3.7763550e+01   5.0005900e+02   3.0750684e+00   7.1157499e+00   3.2422860e+00
   2.0180000e+03   1.0000000e+00   1.1000000e+01   1.5000000e+01   3.2000000e+01   1.5000000e+01  -5.3363886e+01  -3.7761928e+01   4.9639064e+02   3.0688734e+00   1.0590771e+01   6.4615860e+00
   2.0180000e+03   1.0000000e+00   1.1000000e+01   1.5000000e+01   3.3000000e+01   5.2000000e+01  -5.3368247e+01  -3.7760057e+01   5.0026430e+02   3.0283722e+00   4.9639769e+00   2.7326760e+00
   2.0180000e+03   1.0000000e+00   1.1000000e+01   1.5000000e+01   3.5000000e+01   2.7000000e+01  -5.3372583e+01  -3.7758197e+01   4.9732254e+02   2.8733631e+00   3.6094594e+00   2.7458203e+00
   2.0180000e+03   1.0000000e+00   1.1000000e+01   1.5000000e+01   3.7000000e+01   2.0000000e+00  -5.3376931e+01  -3.7756372e+01   4.9808869e+02   3.3839320e+00   1.0185850e+01   4.4633924e+00
   2.0180000e+03   1.0000000e+00   1.1000000e+01   1.5000000e+01   3.8000000e+01   3.8000000e+01  -5.3381301e+01  -3.7754493e+01   5.0127240e+02   3.3889202e+00   7.0647762e+00   2.6548730e+00
   2.0180000e+03   1.0000000e+00   1.1000000e+01   1.5000000e+01   4.0000000e+01   1.3000000e+01  -5.3385657e+01  -3.7752645e+01   4.9937168e+02   2.6565999e+00   7.0471932e+00   2.7561869e+00
   2.0180000e+03   1.0000000e+00   1.1000000e+01   1.5000000e+01   4.1000000e+01   4.8000000e+01  -5.3390020e+01  -3.7750784e+01   5.0021880e+02   2.9715183e+00   8.7961031e+00   3.6952722e+00
   2.0180000e+03   1.0000000e+00   1.1000000e+01   1.5000000e+01   4.3000000e+01   2.4000000e+01  -5.3394369e+01  -3.7748900e+01   4.9911763e+02   3.0634690e+00   6.4426287e+00   3.7765003e+00
   2.0180000e+03   1.0000000e+00   1.1000000e+01   1.5000000e+01   4.5000000e+01   0.0000000e+00  -5.3398699e+01  -3.7747002e+01   4.9725281e+02   3.7273680e+00   7.5176455e+00   3.7603753e+00
   2.0180000e+03   1.0000000e+00   1.1000000e+01   1.5000000e+01   4.6000000e+01   3.6000099e+01  -5.3402996e+01  -3.7745124e+01   4.9350104e+02   2.7834422e+00   4.1884505e+00   2.9238313e+00
   2.0180000e+03   1.0000000e+00   1.1000000e+01   1.5000000e+01   4.8000000e+01   1.2000000e+01  -5.3407343e+01  -3.7743225e+01   4.9910315e+02   3.2872635e+00   5.1830089e+00   4.1216611e+00
   2.0180000e+03   1.0000000e+00   1.1000000e+01   1.5000000e+01   4.9000000e+01   4.8000000e+01  -5.3411699e+01  -3.7741377e+01   4.9927965e+02   3.2433546e+00   7.6282807e+00   2.5428260e+00
   2.0180000e+03   1.0000000e+00   1.1000000e+01   1.5000000e+01   5.1000000e+01   2.3999901e+01  -5.3416063e+01  -3.7739525e+01   5.0022998e+02   3.5324518e+00   6.6296979e+00   2.5752862e+00
   2.0180000e+03   1.0000000e+00   1.1000000e+01   1.5000000e+01   5.3000000e+01   0.0000000e+00  -5.3420481e+01  -3.7738152e+01   4.9924454e+02   4.8669222e+00   8.6002384e+00   1.9312922e+00
   2.0180000e+03   1.0000000e+00   1.1000000e+01   1.5000000e+01   5.4000000e+01   3.6000000e+01  -5.3424924e+01  -3.7736800e+01   5.0172599e+02   4.8944821e+00   7.6167311e+00   1.6501336e+00
   2.0180000e+03   1.0000000e+00   1.1000000e+01   1.5000000e+01   5.6000000e+01   1.2000000e+01  -5.3429319e+01  -3.7735447e+01   4.9657916e+02   4.2231463e+00   1.0895757e+01   4.5508791e+00
   2.0180000e+03   1.0000000e+00   1.1000000e+01   1.5000000e+01   5.7000000e+01   4.8000000e+01  -5.3433723e+01  -3.7734202e+01   4.9629475e+02   4.3757275e+00   9.7381987e+00   3.6298121e+00
   2.0180000e+03   1.0000000e+00   1.1000000e+01   1.5000000e+01   5.9000000e+01   2.5000000e+01  -5.3438173e+01  -3.7732989e+01   5.0094367e+02   2.4718967e+00   6.4884689e+00   2.7269455e+00
   2.0180000e+03   1.0000000e+00   1.1000000e+01   1.6000000e+01   1.0000000e+00   2.0000000e+00  -5.3442661e+01  -3.7731852e+01   5.0436680e+02   2.4831548e+00   5.5212320e+00   2.7432474e+00
   2.0180000e+03   1.0000000e+00   1.1000000e+01   1.6000000e+01   2.0000000e+00   3.7000000e+01  -5.3447060e+01  -3.7730784e+01   4.9389905e+02   2.6846367e+00   7.5397278e+00   4.6210176e+00
   2.0180000e+03   1.0000000e+00   1.1000000e+01   1.6000000e+01   4.0000000e+00   1.2000000e+01  -5.3451474e+01  -3.7729728e+01   4.9537102e+02   3.2666356e+00   8.5268972e+00   5.0233436e+00
   2.0180000e+03   1.0000000e+00   1.1000000e+01   1.6000000e+01   5.0000000e+00   4.9000000e+01  -5.3455950e+01  -3.7728619e+01   5.0281015e+02   3.1541156e+00   3.1547736e+00   2.1371311e+00
   2.0180000e+03   1.0000000e+00   1.1000000e+01   1.6000000e+01   7.0000000e+00   2.5999901e+01  -5.3460401e+01  -3.7727461e+01   5.0047383e+02   2.8794192e+00   1.9474987e+00   0.0000000e+00
   2.0180000e+03   1.0000000e+00   1.1000000e+01   1.6000000e+01   9.0000000e+00   2.0000000e+00  -5.3464751e+01  -3.7725983e+01   4.9315586e+02   1.7544070e+00   4.5239850e+00   1.3893919e+00
   2.0180000e+03   1.0000000e+00   1.1000000e+01   1.6000000e+01   1.0000000e+01   3.9000000e+01  -5.3469169e+01  -3.7724404e+01   5.0191816e+02   1.8582069e+00   2.7579702e+00   9.8540155e-01
   2.0180000e+03   1.0000000e+00   1.1000000e+01   1.6000000e+01   1.2000000e+01   1.7000000e+01  -5.3473563e+01  -3.7722850e+01   4.9896776e+02   9.6095024e-01   2.0394868e+00   8.7802482e-01
   2.0180000e+03   1.0000000e+00   1.1000000e+01   1.6000000e+01   1.3000000e+01   5.3999901e+01  -5.3477933e+01  -3.7721274e+01   4.9668293e+02   1.3603088e+00   2.2693115e+00   1.5940237e+00
   2.0180000e+03   1.0000000e+00   1.1000000e+01   1.6000000e+01   1.5000000e+01   3.1000000e+01  -5.3482344e+01  -3.7719679e+01   5.0133995e+02   1.4127890e+00   3.1092962e+00   1.8250250e+00
   2.0180000e+03   1.0000000e+00   1.1000000e+01   1.6000000e+01   1.7000000e+01   9.0000000e+00  -5.3486748e+01  -3.7718145e+01   4.9979635e+02   1.8623260e+00   1.7188741e+00   5.0387622e-01
   2.0180000e+03   1.0000000e+00   1.1000000e+01   1.6000000e+01   1.8000000e+01   4.7000000e+01  -5.3491114e+01  -3.7716711e+01   4.9427337e+02   1.4089857e+00   2.1136358e+00   1.0006127e+00
   2.0180000e+03   1.0000000e+00   1.1000000e+01   1.6000000e+01   2.0000000e+01   3.1000099e+01  -5.3495726e+01  -3.7715325e+01   5.2069523e+02   2.1586429e+00   3.9174329e+00   1.8748891e+00
   2.0180000e+03   1.0000000e+00   1.1000000e+01   1.6000000e+01   2.2000000e+01   3.8000000e+01  -5.3500046e+01  -3.7713794e+01   4.9057773e+02   2.7138193e+00   3.8573828e+00   3.2705251e+00
   2.0180000e+03   1.0000000e+00   1.1000000e+01   1.6000000e+01   2.5000000e+01   5.0000000e+00  -5.3504333e+01  -3.7712352e+01   4.8579323e+02   3.3288352e+00   4.5084436e+00   3.1430021e+00
   2.0180000e+03   1.0000000e+00   1.1000000e+01   1.6000000e+01   2.7000000e+01   3.0000000e+01  -5.3508714e+01  -3.7710797e+01   4.9755318e+02   2.0468661e+00   3.8484608e+00   1.2933734e+00
   2.0180000e+03   1.0000000e+00   1.1000000e+01   1.6000000e+01   2.9000000e+01   4.0000000e+01  -5.3513039e+01  -3.7709270e+01   4.9110060e+02   2.3495604e+00   5.1298584e+00   1.6091405e+00
   2.0180000e+03   1.0000000e+00   1.1000000e+01   1.6000000e+01   3.1000000e+01   3.3000000e+01  -5.3517532e+01  -3.7707666e+01   5.1030466e+02   3.5011240e+00   2.2295267e+00   0.0000000e+00
   2.0180000e+03   1.0000000e+00   1.1000000e+01   1.6000000e+01   3.3000000e+01   1.8000000e+01  -5.3521929e+01  -3.7706270e+01   4.9723210e+02   1.7215181e+00   2.7127437e+00   1.3198741e+00
   2.0180000e+03   1.0000000e+00   1.1000000e+01   1.6000000e+01   3.5000000e+01   9.9990082e-01  -5.3526351e+01  -3.7704903e+01   4.9958072e+02   1.0623561e+00   5.6887365e+00   2.8368168e+00
   2.0180000e+03   1.0000000e+00   1.1000000e+01   1.6000000e+01   3.6000000e+01   4.1000099e+01  -5.3530697e+01  -3.7703264e+01   4.9491398e+02   1.6668911e+00   5.8056705e+00   2.2148650e+00
   2.0180000e+03   1.0000000e+00   1.1000000e+01   1.6000000e+01   3.8000000e+01   1.8000000e+01  -5.3535086e+01  -3.7701662e+01   4.9910266e+02   1.4140353e+00   6.0188888e+00   2.4829345e+00
   2.0180000e+03   1.0000000e+00   1.1000000e+01   1.6000000e+01   3.9000000e+01   5.4000099e+01  -5.3539540e+01  -3.7700170e+01   5.0465412e+02   1.8263883e+00   2.7074832e+00   6.3362527e-01
   2.0180000e+03   1.0000000e+00   1.1000000e+01   1.6000000e+01   4.1000000e+01   3.0000000e+01  -5.3543961e+01  -3.7698750e+01   5.0006590e+02   2.3614325e+00   5.7109089e+00   1.3698449e+00
   2.0180000e+03   1.0000000e+00   1.1000000e+01   1.6000000e+01   4.3000000e+01   7.0000000e+00  -5.3548365e+01  -3.7697363e+01   4.9790023e+02   2.7626533e+00   6.2900726e+00   2.8140463e-01
   2.0180000e+03   1.0000000e+00   1.1000000e+01   1.6000000e+01   4.4000000e+01   4.4000000e+01  -5.3552789e+01  -3.7695980e+01   5.0002554e+02   2.9466378e+00   7.7703458e+00   0.0000000e+00
   2.0180000e+03   1.0000000e+00   1.1000000e+01   1.6000000e+01   4.6000000e+01   2.0000000e+01  -5.3557199e+01  -3.7694566e+01   4.9879506e+02   2.5651471e+00   7.6227859e+00   1.7668692e+00
   2.0180000e+03   1.0000000e+00   1.1000000e+01   1.6000000e+01   4.7000000e+01   5.6000099e+01  -5.3561610e+01  -3.7693074e+01   4.9996235e+02   3.8972514e+00   8.7541323e+00   3.3373681e+00
   2.0180000e+03   1.0000000e+00   1.1000000e+01   1.6000000e+01   4.9000000e+01   3.2000000e+01  -5.3565931e+01  -3.7691205e+01   4.9577097e+02   3.2089803e+00   7.2719547e+00   3.2372400e+00
   2.0180000e+03   1.0000000e+00   1.1000000e+01   1.6000000e+01   5.1000000e+01   9.0000992e+00  -5.3570285e+01  -3.7689422e+01   4.9789623e+02   2.7779511e+00   1.6812146e+00   1.5242540e+00
   2.0180000e+03   1.0000000e+00   1.1000000e+01   1.6000000e+01   5.2000000e+01   4.6000000e+01  -5.3574671e+01  -3.7687632e+01   5.0148439e+02   3.9887256e+00   1.9165275e+00   1.7968058e+00
   2.0180000e+03   1.0000000e+00   1.1000000e+01   1.6000000e+01   5.4000000e+01   2.2000000e+01  -5.3579006e+01  -3.7685908e+01   4.9493493e+02   4.5377150e+00   1.4577444e+00   9.7559243e-01
   2.0180000e+03   1.0000000e+00   1.1000000e+01   1.6000000e+01   5.5000000e+01   5.9000000e+01  -5.3583416e+01  -3.7684432e+01   4.9965176e+02   2.7907240e+00   2.0967588e+00   0.0000000e+00
   2.0180000e+03   1.0000000e+00   1.1000000e+01   1.6000000e+01   5.7000000e+01   3.8000000e+01  -5.3587794e+01  -3.7682961e+01   4.9605834e+02   2.3872084e+00   2.2875780e+00   1.2053892e+00
   2.0180000e+03   1.0000000e+00   1.1000000e+01   1.6000000e+01   5.9000000e+01   1.8000000e+01  -5.3592207e+01  -3.7681627e+01   4.9821683e+02   1.5719685e+00   7.4052280e-01   1.5487007e-01
   2.0180000e+03   1.0000000e+00   1.1000000e+01   1.7000000e+01   0.0000000e+00   5.8000000e+01  -5.3596668e+01  -3.7680413e+01   5.0216485e+02   1.4834899e+00   2.6062047e+00   0.0000000e+00
   2.0180000e+03   1.0000000e+00   1.1000000e+01   1.7000000e+01   2.0000000e+00   3.5000099e+01  -5.3601114e+01  -3.7679220e+01   5.0017713e+02   4.0863222e+00   6.8030810e+00   8.4746643e-01
   2.0180000e+03   1.0000000e+00   1.1000000e+01   1.7000000e+01   4.0000000e+00   9.0000000e+00  -5.3605530e+01  -3.7677967e+01   4.9768277e+02   2.3333618e+00   3.0409791e+00   2.6079152e-01
   2.0180000e+03   1.0000000e+00   1.1000000e+01   1.7000000e+01   5.0000000e+00   4.4000000e+01  -5.3609928e+01  -3.7676316e+01   5.0068072e+02   4.3094773e+00   3.7115430e+00   1.2843420e-01
   2.0180000e+03   1.0000000e+00   1.1000000e+01   1.7000000e+01   7.0000000e+00   1.9000000e+01  -5.3614319e+01  -3.7674690e+01   4.9954436e+02   7.4447455e+00   2.6813636e+00   0.0000000e+00
   2.0180000e+03   1.0000000e+00   1.1000000e+01   1.7000000e+01   8.0000000e+00   5.4000099e+01  -5.3618710e+01  -3.7673049e+01   4.9979059e+02   4.0532969e+00   2.9538842e+00   0.0000000e+00
   2.0180000e+03   1.0000000e+00   1.1000000e+01   1.7000000e+01   1.0000000e+01   3.0000000e+01  -5.3623138e+01  -3.7671719e+01   4.9980810e+02   3.4351863e+00   2.1873587e+00   7.3516745e-01
   2.0180000e+03   1.0000000e+00   1.1000000e+01   1.7000000e+01   1.2000000e+01   5.0000000e+00  -5.3627545e+01  -3.7670438e+01   4.9691904e+02   4.0724234e+00   8.0036385e-01   4.6491575e-01
   2.0180000e+03   1.0000000e+00   1.1000000e+01   1.7000000e+01   1.3000000e+01   4.0000099e+01  -5.3631970e+01  -3.7669074e+01   4.9978728e+02   3.3756021e+00   1.7967082e+00   2.3199234e-01
   2.0180000e+03   1.0000000e+00   1.1000000e+01   1.7000000e+01   1.5000000e+01   1.5000000e+01  -5.3636378e+01  -3.7667673e+01   4.9846549e+02   5.1319705e+00   3.3962390e+00   8.2853910e-01
   2.0180000e+03   1.0000000e+00   1.1000000e+01   1.7000000e+01   1.6000000e+01   4.9000000e+01  -5.3640809e+01  -3.7666296e+01   5.0068964e+02   3.9758473e+00   5.0999422e+00   1.2250579e+00
   2.0180000e+03   1.0000000e+00   1.1000000e+01   1.7000000e+01   1.8000000e+01   2.3000000e+01  -5.3645189e+01  -3.7664832e+01   4.9609592e+02   1.2078449e+01   9.3052366e+00   3.2207392e-01
   2.0180000e+03   1.0000000e+00   1.1000000e+01   1.7000000e+01   1.9000000e+01   5.7000000e+01  -5.3649574e+01  -3.7663342e+01   4.9711007e+02   5.1374332e+00   8.8126660e+00   0.0000000e+00
   2.0180000e+03   1.0000000e+00   1.1000000e+01   1.7000000e+01   2.1000000e+01   3.1000000e+01  -5.3653951e+01  -3.7661854e+01   4.9606928e+02   5.1062476e+00   8.3807647e+00   0.0000000e+00
   2.0180000e+03   1.0000000e+00   1.1000000e+01   1.7000000e+01   2.3000000e+01   6.0000000e+00  -5.3658394e+01  -3.7660345e+01   5.0367231e+02   1.9100011e+00   1.7878130e+00   9.4792371e-01
   2.0180000e+03   1.0000000e+00   1.1000000e+01   1.7000000e+01   2.4000000e+01   4.1000000e+01  -5.3662819e+01  -3.7658843e+01   5.0156052e+02   2.8073144e+00   1.9248546e+00   9.6116336e-01
   2.0180000e+03   1.0000000e+00   1.1000000e+01   1.7000000e+01   2.6000000e+01   1.5000000e+01  -5.3667194e+01  -3.7657356e+01   4.9589341e+02   1.1236990e+01   2.3068319e+01   0.0000000e+00
   2.0180000e+03   1.0000000e+00   1.1000000e+01   1.7000000e+01   2.7000000e+01   5.5000000e+01  -5.3671713e+01  -3.7655798e+01   5.1247709e+02   1.3594877e+01   2.8402784e+01   4.7852868e+00
   2.0180000e+03   1.0000000e+00   1.1000000e+01   1.7000000e+01   2.9000000e+01   5.7000000e+01  -5.3676107e+01  -3.7654297e+01   4.9817137e+02   3.5977524e+00   2.3008396e+00   1.9211485e+00
   2.0180000e+03   1.0000000e+00   1.1000000e+01   1.7000000e+01   3.2000000e+01   1.9000000e+01  -5.3680323e+01  -3.7652774e+01   4.7909351e+02   2.1598767e+00   1.7633931e+00   1.3248735e+00
   2.0180000e+03   1.0000000e+00   1.1000000e+01   1.7000000e+01   3.4000000e+01   4.0000000e+01  -5.3684765e+01  -3.7651264e+01   5.0351225e+02   2.6652790e+00   1.2382000e+00   0.0000000e+00
   2.0180000e+03   1.0000000e+00   1.1000000e+01   1.7000000e+01   3.6000000e+01   5.0000000e+01  -5.3689080e+01  -3.7649794e+01   4.8918846e+02   5.3611050e+00   6.2877538e-01   0.0000000e+00
   2.0180000e+03   1.0000000e+00   1.1000000e+01   1.7000000e+01   3.8000000e+01   4.6000000e+01  -5.3693550e+01  -3.7648206e+01   5.0749208e+02   1.9563328e+00   9.3788838e-01   3.4029424e-01
   2.0180000e+03   1.0000000e+00   1.1000000e+01   1.7000000e+01   4.0000000e+01   3.2000000e+01  -5.3697976e+01  -3.7646826e+01   5.0018337e+02   1.4722413e+00   4.7531771e-01   3.2519194e-01
   2.0180000e+03   1.0000000e+00   1.1000000e+01   1.7000000e+01   4.2000000e+01   1.5000000e+01  -5.3702396e+01  -3.7645375e+01   5.0035982e+02   1.0117496e+00   2.3662943e-01   0.0000000e+00
   2.0180000e+03   1.0000000e+00   1.1000000e+01   1.7000000e+01   4.3000000e+01   5.6000000e+01  -5.3706757e+01  -3.7643803e+01   4.9551943e+02   9.3725828e-01   1.3796675e+00   1.0258355e+00
   2.0180000e+03   1.0000000e+00   1.1000000e+01   1.7000000e+01   4.5000000e+01   3.5000000e+01  -5.3711154e+01  -3.7642220e+01   4.9955017e+02   1.6875274e+00   8.8546046e-01   4.5758677e-01
   2.0180000e+03   1.0000000e+00   1.1000000e+01   1.7000000e+01   4.7000000e+01   1.2000000e+01  -5.3715553e+01  -3.7640668e+01   4.9937474e+02   1.5492803e+00   6.2382525e-01   1.6777846e-01
   2.0180000e+03   1.0000000e+00   1.1000000e+01   1.7000000e+01   4.8000000e+01   4.9000000e+01  -5.3719945e+01  -3.7639147e+01   4.9812708e+02   2.8672109e+00   1.3689498e+00   1.3689498e+00
   2.0180000e+03   1.0000000e+00   1.1000000e+01   1.7000000e+01   5.0000000e+01   2.7000000e+01  -5.3724372e+01  -3.7637654e+01   5.0159755e+02   2.3170450e+00   0.0000000e+00   0.0000000e+00
   2.0180000e+03   1.0000000e+00   1.1000000e+01   1.7000000e+01   5.2000000e+01   4.0000000e+00  -5.3728766e+01  -3.7636152e+01   4.9823010e+02   5.9192827e+00   7.1326243e+00   0.0000000e+00
   2.0180000e+03   1.0000000e+00   1.1000000e+01   1.7000000e+01   5.3000000e+01   4.0000000e+01  -5.3733166e+01  -3.7634699e+01   4.9813545e+02   1.0300220e+00   5.7469063e-01   0.0000000e+00
   2.0180000e+03   1.0000000e+00   1.1000000e+01   1.7000000e+01   5.5000000e+01   1.6000000e+01  -5.3737609e+01  -3.7633205e+01   5.0330350e+02   1.7817553e+00   5.6056119e-01   0.0000000e+00
   2.0180000e+03   1.0000000e+00   1.1000000e+01   1.7000000e+01   5.6000000e+01   5.2000000e+01  -5.3742012e+01  -3.7631756e+01   4.9853361e+02   1.7039191e+00   5.3382247e-01   0.0000000e+00
   2.0180000e+03   1.0000000e+00   1.1000000e+01   1.7000000e+01   5.8000000e+01   2.9000000e+01  -5.3746401e+01  -3.7630297e+01   4.9702806e+02   1.2506416e+00   6.2639653e-01   0.0000000e+00
   2.0180000e+03   1.0000000e+00   1.1000000e+01   1.8000000e+01   0.0000000e+00   6.0000000e+00  -5.3750821e+01  -3.7628819e+01   5.0062938e+02   1.4010006e+00   5.4040477e-01   0.0000000e+00
   2.0180000e+03   1.0000000e+00   1.1000000e+01   1.8000000e+01   1.0000000e+00   4.2000000e+01  -5.3755208e+01  -3.7627377e+01   4.9662369e+02   2.0342459e+00   1.9573399e+00   0.0000000e+00
   2.0180000e+03   1.0000000e+00   1.1000000e+01   1.8000000e+01   3.0000000e+00   1.8000099e+01  -5.3759571e+01  -3.7625830e+01   4.9532584e+02   1.2946650e+00   1.8250786e+00   3.8554488e-01
   2.0180000e+03   1.0000000e+00   1.1000000e+01   1.8000000e+01   4.0000000e+00   5.5000000e+01  -5.3763984e+01  -3.7624319e+01   5.0033853e+02   1.3214272e+00   1.4402230e+00   0.0000000e+00
   2.0180000e+03   1.0000000e+00   1.1000000e+01   1.8000000e+01   6.0000000e+00   3.1000000e+01  -5.3768405e+01  -3.7622840e+01   5.0081871e+02   2.8634292e+01   9.0631874e+01   4.3837156e+01
   2.0180000e+03   1.0000000e+00   1.1000000e+01   1.8000000e+01   8.0000000e+00   5.0000992e+00  -5.3772782e+01  -3.7621384e+01   4.9561065e+02   4.4742358e+02   1.3735259e+03   1.1301601e+03
   2.0180000e+03   1.0000000e+00   1.1000000e+01   1.8000000e+01   9.0000000e+00   4.0000000e+01  -5.3777221e+01  -3.7619962e+01   5.0209061e+02   8.0080644e+02   2.6306243e+03   2.5932931e+03
   2.0180000e+03   1.0000000e+00   1.1000000e+01   1.8000000e+01   1.1000000e+01   1.5000000e+01  -5.3781668e+01  -3.7618487e+01   5.0350560e+02   7.8177950e+02   2.5641758e+03   2.3838032e+03
   2.0180000e+03   1.0000000e+00   1.1000000e+01   1.8000000e+01   1.2000000e+01   5.0000000e+01  -5.3786035e+01  -3.7616894e+01   4.9643433e+02   7.4325734e+02   2.2953496e+03   2.2952808e+03
   2.0180000e+03   1.0000000e+00   1.1000000e+01   1.8000000e+01   1.4000000e+01   2.6000000e+01  -5.3790412e+01  -3.7615301e+01   4.9746609e+02   1.0331820e+03   3.3702505e+03   3.3101234e+03
   2.0180000e+03   1.0000000e+00   1.1000000e+01   1.8000000e+01   1.6000000e+01   2.0000000e+00  -5.3794773e+01  -3.7613704e+01   4.9584582e+02   8.9598956e+02   2.9507912e+03   2.9466911e+03
   2.0180000e+03   1.0000000e+00   1.1000000e+01   1.8000000e+01   1.7000000e+01   3.8999901e+01  -5.3799155e+01  -3.7612180e+01   4.9702044e+02   8.2656890e+02   2.7046843e+03   2.6996361e+03
   2.0180000e+03   1.0000000e+00   1.1000000e+01   1.8000000e+01   1.9000000e+01   1.7000000e+01  -5.3803581e+01  -3.7610690e+01   5.0146604e+02   7.0181066e+02   2.2505382e+03   2.2440576e+03
   2.0180000e+03   1.0000000e+00   1.1000000e+01   1.8000000e+01   2.0000000e+01   5.4000000e+01  -5.3808017e+01  -3.7609191e+01   5.0262846e+02   6.6442133e+02   1.7693313e+03   1.2925933e+03
   2.0180000e+03   1.0000000e+00   1.1000000e+01   1.8000000e+01   2.2000000e+01   3.0000000e+01  -5.3812427e+01  -3.7607749e+01   4.9914821e+02   7.5133437e+02   2.0382498e+03   1.9808124e+03
   2.0180000e+03   1.0000000e+00   1.1000000e+01   1.8000000e+01   2.4000000e+01   6.0000000e+00  -5.3816820e+01  -3.7606209e+01   4.9849965e+02   5.8634741e+02   1.7374707e+03   1.2052662e+03
   2.0180000e+03   1.0000000e+00   1.1000000e+01   1.8000000e+01   2.5000000e+01   4.1000000e+01  -5.3821181e+01  -3.7604600e+01   4.9590409e+02   5.9125124e+02   1.7373342e+03   1.5992056e+03
   2.0180000e+03   1.0000000e+00   1.1000000e+01   1.8000000e+01   2.7000000e+01   1.6000000e+01  -5.3825552e+01  -3.7602972e+01   4.9731084e+02   6.1917265e+02   1.6629998e+03   1.3211187e+03
   2.0180000e+03   1.0000000e+00   1.1000000e+01   1.8000000e+01   2.8000000e+01   5.2000000e+01  -5.3829974e+01  -3.7601387e+01   5.0224919e+02   4.5340561e+02   1.1240660e+03   2.1152809e+02
   2.0180000e+03   1.0000000e+00   1.1000000e+01   1.8000000e+01   3.0000000e+01   2.7000000e+01  -5.3834384e+01  -3.7599833e+01   5.0048265e+02   4.3835134e+02   5.0390774e+02   1.1118761e+00
   2.0180000e+03   1.0000000e+00   1.1000000e+01   1.8000000e+01   3.2000000e+01   2.0000000e+00  -5.3838784e+01  -3.7598236e+01   5.0007361e+02   3.0950807e+01   7.1111955e+01   5.8576797e-01
   2.0180000e+03   1.0000000e+00   1.1000000e+01   1.8000000e+01   3.3000000e+01   3.8000000e+01  -5.3843192e+01  -3.7596930e+01   4.9728183e+02   2.3479124e+01   7.3942081e+01   1.2071771e+01
   2.0180000e+03   1.0000000e+00   1.1000000e+01   1.8000000e+01   3.5000000e+01   1.9000000e+01  -5.3847614e+01  -3.7595599e+01   4.9904472e+02   4.0768367e+00   3.2841410e+00   0.0000000e+00
   2.0180000e+03   1.0000000e+00   1.1000000e+01   1.8000000e+01   3.7000000e+01   1.2000000e+01  -5.3852171e+01  -3.7594218e+01   5.1442001e+02   2.8086120e+00   3.7961202e+00   0.0000000e+00
