   1.9960000e+03   1.2000000e+01   3.0000000e+01   8.0000000e+00   5.0000000e+00   3.6000000e+01  -5.3267445e+01  -3.8835718e+01   4.7966732e+02   1.6475007e+00   4.4306378e+00   7.5350238e-01
   1.9960000e+03   1.2000000e+01   3.0000000e+01   8.0000000e+00   7.0000000e+00   1.0000000e+00  -5.3271833e+01  -3.8834485e+01   4.9437121e+02   2.2772067e-01   1.4517593e+00   6.4356315e-01
   1.9960000e+03   1.2000000e+01   3.0000000e+01   8.0000000e+00   8.0000000e+00   2.6000099e+01  -5.3276305e+01  -3.8833100e+01   5.0539853e+02   6.4193098e-01   1.7263505e+00   1.0134934e+00
   1.9960000e+03   1.2000000e+01   3.0000000e+01   8.0000000e+00   9.0000000e+00   5.1000000e+01  -5.3280772e+01  -3.8831775e+01   5.0415207e+02   7.8887005e-01   2.1215150e+00   3.9873696e-01
   1.9960000e+03   1.2000000e+01   3.0000000e+01   8.0000000e+00   1.1000000e+01   1.6000000e+01  -5.3285102e+01  -3.8830388e+01   4.8990097e+02   1.0251560e+00   2.7569608e+00   2.4420418e+00
   1.9960000e+03   1.2000000e+01   3.0000000e+01   8.0000000e+00   1.2000000e+01   4.1000000e+01  -5.3289542e+01  -3.8829025e+01   5.0160462e+02   6.6849574e-01   4.0881237e+00   4.0881237e+00
   1.9960000e+03   1.2000000e+01   3.0000000e+01   8.0000000e+00   1.4000000e+01   6.0000000e+00  -5.3294042e+01  -3.8827675e+01   5.0801612e+02   8.9155116e-01   2.6389812e+00   2.6389812e+00
   1.9960000e+03   1.2000000e+01   3.0000000e+01   8.0000000e+00   1.5000000e+01   3.1000099e+01  -5.3298422e+01  -3.8826415e+01   4.9384709e+02   1.6492923e+00   6.9430952e+00   6.9430952e+00
   1.9960000e+03   1.2000000e+01   3.0000000e+01   8.0000000e+00   1.6000000e+01   5.5999901e+01  -5.3302762e+01  -3.8824935e+01   4.9217370e+02   1.4916017e+00   4.0113771e+00   4.0113771e+00
   1.9960000e+03   1.2000000e+01   3.0000000e+01   8.0000000e+00   1.8000000e+01   2.1000000e+01  -5.3307152e+01  -3.8823620e+01   4.9557212e+02   1.4435527e+00   3.8821586e+00   3.4990780e+00
   1.9960000e+03   1.2000000e+01   3.0000000e+01   8.0000000e+00   1.9000000e+01   4.7000000e+01  -5.3311555e+01  -3.8822590e+01   4.9396058e+02   9.4200431e-01   3.3408500e+00   1.1866387e+00
   1.9960000e+03   1.2000000e+01   3.0000000e+01   8.0000000e+00   2.1000000e+01   1.3000000e+01  -5.3315937e+01  -3.8821455e+01   4.9277814e+02   2.1071719e+00   5.6668355e+00   5.2759085e+00
   1.9960000e+03   1.2000000e+01   3.0000000e+01   8.0000000e+00   2.2000000e+01   3.7000099e+01  -5.3320449e+01  -3.8820360e+01   5.0666070e+02   1.6380663e+00   5.7409529e+00   3.4033847e+00
   1.9960000e+03   1.2000000e+01   3.0000000e+01   8.0000000e+00   2.3000000e+01   5.9000000e+01  -5.3324949e+01  -3.8819040e+01   5.0765496e+02   8.3562227e-01   2.2472461e+00   2.2472461e+00
   1.9960000e+03   1.2000000e+01   3.0000000e+01   8.0000000e+00   2.5000000e+01   2.3000000e+01  -5.3329307e+01  -3.8817363e+01   4.9684790e+02   1.5231355e-01   1.8835587e+00   1.5767885e+00
   1.9960000e+03   1.2000000e+01   3.0000000e+01   8.0000000e+00   2.6000000e+01   4.9000000e+01  -5.3333679e+01  -3.8815801e+01   4.9675459e+02   1.1532241e+00   4.0114037e+00   4.0114037e+00
   1.9960000e+03   1.2000000e+01   3.0000000e+01   8.0000000e+00   2.8000000e+01   1.9000099e+01  -5.3338069e+01  -3.8814480e+01   4.9562420e+02   1.2634963e+00   3.3979315e+00   3.3979315e+00
   1.9960000e+03   1.2000000e+01   3.0000000e+01   8.0000000e+00   2.9000000e+01   4.9000000e+01  -5.3342519e+01  -3.8813230e+01   5.0138798e+02   1.3054983e+00   3.8297181e+00   1.2708030e+00
   1.9960000e+03   1.2000000e+01   3.0000000e+01   8.0000000e+00   3.1000000e+01   1.7000000e+01  -5.3346964e+01  -3.8812025e+01   5.0035521e+02   2.5414934e+00   6.8348601e+00   1.5787884e+00
   1.9960000e+03   1.2000000e+01   3.0000000e+01   8.0000000e+00   3.2000000e+01   4.4000000e+01  -5.3351299e+01  -3.8810570e+01   4.9128112e+02   8.5621480e-01   9.8485871e+00   9.6105856e+00
   1.9960000e+03   1.2000000e+01   3.0000000e+01   8.0000000e+00   3.4000000e+01   1.1000099e+01  -5.3355752e+01  -3.8809438e+01   5.0042901e+02   2.8540675e+00   8.4719004e+00   6.5768911e+00
   1.9960000e+03   1.2000000e+01   3.0000000e+01   8.0000000e+00   3.5000000e+01   3.2000099e+01  -5.3360095e+01  -3.8808560e+01   4.8616141e+02   2.2056698e+00   5.9317266e+00   5.1396182e+00
   1.9960000e+03   1.2000000e+01   3.0000000e+01   8.0000000e+00   3.6000000e+01   5.3000000e+01  -5.3364287e+01  -3.8807065e+01   4.7617557e+02   2.5306725e+00   6.8057593e+00   5.5234569e+00
   1.9960000e+03   1.2000000e+01   3.0000000e+01   8.0000000e+00   3.8000000e+01   1.7000000e+01  -5.3368680e+01  -3.8805740e+01   4.9605687e+02   2.4197031e+00   7.6955171e+00   5.7778800e+00
   1.9960000e+03   1.2000000e+01   3.0000000e+01   8.0000000e+00   3.9000000e+01   3.9000000e+01  -5.3373019e+01  -3.8804730e+01   4.8674975e+02   3.8020610e+00   1.0224915e+01   2.5850284e+00
   1.9960000e+03   1.2000000e+01   3.0000000e+01   8.0000000e+00   4.1000000e+01   3.0000000e+00  -5.3377207e+01  -3.8803195e+01   4.7633028e+02   5.2355774e+00   1.5699053e+01   1.2352561e+01
   1.9960000e+03   1.2000000e+01   3.0000000e+01   8.0000000e+00   4.2000000e+01   2.9000000e+01  -5.3381499e+01  -3.8802020e+01   4.8329493e+02   1.1934118e+00   6.9072388e+00   1.6023814e-01
   1.9960000e+03   1.2000000e+01   3.0000000e+01   8.0000000e+00   4.3000000e+01   5.2000000e+01  -5.3385794e+01  -3.8801161e+01   4.8060043e+02   2.0211937e+00   5.7950439e+00   4.7207605e+00
   1.9960000e+03   1.2000000e+01   3.0000000e+01   8.0000000e+00   4.5000000e+01   1.2000000e+01  -5.3389984e+01  -3.8799961e+01   4.7233567e+02   7.2443138e-01   2.2458024e+00   1.5787405e+00
   1.9960000e+03   1.2000000e+01   3.0000000e+01   8.0000000e+00   4.6000000e+01   3.3000000e+01  -5.3394146e+01  -3.8799100e+01   4.6603929e+02   1.7249045e+00   4.7508502e+00   2.8781160e+00
   1.9960000e+03   1.2000000e+01   3.0000000e+01   8.0000000e+00   4.7000000e+01   5.7000000e+01  -5.3398363e+01  -3.8797621e+01   4.7879008e+02   3.7933926e+00   1.0201603e+01   5.8534526e+00
   1.9960000e+03   1.2000000e+01   3.0000000e+01   8.0000000e+00   4.9000000e+01   2.2000000e+01  -5.3402433e+01  -3.8796111e+01   4.6319082e+02   3.9682718e+00   1.0671907e+01   6.1289915e-01
   1.9960000e+03   1.2000000e+01   3.0000000e+01   8.0000000e+00   5.0000000e+01   4.4000000e+01  -5.3406568e+01  -3.8794795e+01   4.6760922e+02   1.8246398e+00   4.9070194e+00   3.5273763e-01
   1.9960000e+03   1.2000000e+01   3.0000000e+01   8.0000000e+00   5.2000000e+01   3.0000992e+00  -5.3410706e+01  -3.8793760e+01   4.6490671e+02   3.7591263e+00   1.0549397e+01   9.1705421e+00
   1.9960000e+03   1.2000000e+01   3.0000000e+01   8.0000000e+00   5.3000000e+01   2.1000000e+01  -5.3414640e+01  -3.8792525e+01   4.4472822e+02   2.5337846e+00   9.3979804e+00   9.3565291e+00
   1.9960000e+03   1.2000000e+01   3.0000000e+01   8.0000000e+00   5.4000000e+01   3.9000000e+01  -5.3418492e+01  -3.8791423e+01   4.3416144e+02   1.5067056e+00   5.4052498e+00   4.5844737e+00
   1.9960000e+03   1.2000000e+01   3.0000000e+01   8.0000000e+00   5.6000000e+01   2.0000992e+00  -5.3422804e+01  -3.8790031e+01   4.8794031e+02   4.0512910e+00   1.2395657e+01   1.0597078e+01
   1.9960000e+03   1.2000000e+01   3.0000000e+01   8.0000000e+00   5.7000000e+01   2.7999901e+01  -5.3427086e+01  -3.8788688e+01   4.8409898e+02   8.4026034e-01   5.3092788e+00   6.9639736e-01
   1.9960000e+03   1.2000000e+01   3.0000000e+01   8.0000000e+00   5.8000000e+01   4.9000000e+01  -5.3431465e+01  -3.8787368e+01   4.9443598e+02   1.8389845e+00   4.9455966e+00   2.0739290e+00
   1.9960000e+03   1.2000000e+01   3.0000000e+01   9.0000000e+00   0.0000000e+00   1.1000000e+01  -5.3435620e+01  -3.8786343e+01   4.6662938e+02   1.8614233e+00   7.1546291e+00   6.1986486e+00
   1.9960000e+03   1.2000000e+01   3.0000000e+01   9.0000000e+00   1.0000000e+00   3.6000099e+01  -5.3439850e+01  -3.8785327e+01   4.7486155e+02   4.3713858e+00   1.2209144e+01   1.0668949e+01
   1.9960000e+03   1.2000000e+01   3.0000000e+01   9.0000000e+00   3.0000000e+00   1.0000000e+00  -5.3444173e+01  -3.8784208e+01   4.8595051e+02   1.5360259e+00   6.3406193e+00   4.6880621e+00
   1.9960000e+03   1.2000000e+01   3.0000000e+01   9.0000000e+00   4.0000000e+00   2.7000000e+01  -5.3448453e+01  -3.8782901e+01   4.8344034e+02   1.3080958e+00   4.1301321e+00   2.8896614e+00
   1.9960000e+03   1.2000000e+01   3.0000000e+01   9.0000000e+00   5.0000000e+00   5.2000000e+01  -5.3452543e+01  -3.8781651e+01   4.6194692e+02   1.8267000e+00   5.1692012e+00   4.4612380e+00
   1.9960000e+03   1.2000000e+01   3.0000000e+01   9.0000000e+00   7.0000000e+00   1.2000000e+01  -5.3456928e+01  -3.8780321e+01   4.9510059e+02   1.1938765e+00   4.2350114e+00   1.9200412e+00
   1.9960000e+03   1.2000000e+01   3.0000000e+01   9.0000000e+00   8.0000000e+00   2.9000000e+01  -5.3461128e+01  -3.8779141e+01   4.7318862e+02   1.3479909e+00   3.6251634e+00   1.9230034e+00
   1.9960000e+03   1.2000000e+01   3.0000000e+01   9.0000000e+00   9.0000000e+00   4.7000099e+01  -5.3464913e+01  -3.8777990e+01   4.2746755e+02   1.8305089e+00   4.9228034e+00   1.2036839e+00
   1.9960000e+03   1.2000000e+01   3.0000000e+01   9.0000000e+00   1.1000000e+01   7.0000000e+00  -5.3469328e+01  -3.8776541e+01   4.9982907e+02   1.8269160e+00   6.1305654e+00   2.9298524e+00
   1.9960000e+03   1.2000000e+01   3.0000000e+01   9.0000000e+00   1.2000000e+01   3.1000000e+01  -5.3473600e+01  -3.8774946e+01   4.8638327e+02   1.6930594e+00   6.6522135e+00   5.3407846e+00
   1.9960000e+03   1.2000000e+01   3.0000000e+01   9.0000000e+00   1.3000000e+01   5.6999901e+01  -5.3477868e+01  -3.8773525e+01   4.8337574e+02   2.4015897e+00   6.4586157e+00   2.7483492e+00
   1.9960000e+03   1.2000000e+01   3.0000000e+01   9.0000000e+00   1.5000000e+01   2.2000000e+01  -5.3482343e+01  -3.8772261e+01   5.0428847e+02   2.0098086e+00   5.5969654e+00   2.0694939e+00
   1.9960000e+03   1.2000000e+01   3.0000000e+01   9.0000000e+00   1.6000000e+01   4.9000000e+01  -5.3486798e+01  -3.8770741e+01   5.0512966e+02   4.3469964e+00   1.1690415e+01   7.3667755e+00
   1.9960000e+03   1.2000000e+01   3.0000000e+01   9.0000000e+00   1.8000000e+01   2.1000000e+01  -5.3490950e+01  -3.8768886e+01   4.7739805e+02   3.5242782e+00   1.0916732e+01   1.0352349e+01
   1.9960000e+03   1.2000000e+01   3.0000000e+01   9.0000000e+00   1.9000000e+01   4.6000099e+01  -5.3495320e+01  -3.8767366e+01   4.9588185e+02   3.5552754e+00   1.0250708e+01   5.5171654e+00
   1.9960000e+03   1.2000000e+01   3.0000000e+01   9.0000000e+00   2.1000000e+01   6.0000000e+00  -5.3499710e+01  -3.8766238e+01   4.9348216e+02   6.3188937e+00   2.1409326e+01   1.0962169e+01
   1.9960000e+03   1.2000000e+01   3.0000000e+01   9.0000000e+00   2.2000000e+01   2.4000099e+01  -5.3504167e+01  -3.8765061e+01   5.0133415e+02   2.3553285e+00   6.3342052e+00   2.2063559e+00
   1.9960000e+03   1.2000000e+01   3.0000000e+01   9.0000000e+00   2.3000000e+01   4.4000000e+01  -5.3508598e+01  -3.8763751e+01   4.9986544e+02   1.4081735e+00   4.1244876e+00   3.4886787e+00
   1.9960000e+03   1.2000000e+01   3.0000000e+01   9.0000000e+00   2.5000000e+01   9.0000000e+00  -5.3513017e+01  -3.8762322e+01   5.0015784e+02   2.7123244e+00   7.2942771e+00   7.1712252e+00
   1.9960000e+03   1.2000000e+01   3.0000000e+01   9.0000000e+00   2.6000000e+01   3.4000099e+01  -5.3517388e+01  -3.8760651e+01   4.9798047e+02   2.2535610e+00   7.9657157e+00   6.7595908e+00
   1.9960000e+03   1.2000000e+01   3.0000000e+01   9.0000000e+00   2.7000000e+01   5.6000099e+01  -5.3521500e+01  -3.8759242e+01   4.6636566e+02   1.8860713e+00   6.6813005e+00   6.6813005e+00
   1.9960000e+03   1.2000000e+01   3.0000000e+01   9.0000000e+00   2.9000000e+01   1.9000099e+01  -5.3525608e+01  -3.8758110e+01   4.6250539e+02   2.0968799e+00   6.6791677e+00   3.9716959e+00
   1.9960000e+03   1.2000000e+01   3.0000000e+01   9.0000000e+00   3.0000000e+01   4.4000099e+01  -5.3529858e+01  -3.8756940e+01   4.7854164e+02   9.2261501e-01   2.9302970e+00   7.7053159e-01
   1.9960000e+03   1.2000000e+01   3.0000000e+01   9.0000000e+00   3.2000000e+01   6.0000000e+00  -5.3533990e+01  -3.8755898e+01   4.6433676e+02   2.2417481e+00   6.7119663e+00   4.8296972e+00
   1.9960000e+03   1.2000000e+01   3.0000000e+01   9.0000000e+00   3.3000000e+01   2.9000000e+01  -5.3538298e+01  -3.8754851e+01   4.8361780e+02   2.2861635e+00   6.7471787e+00   4.6793982e+00
   1.9960000e+03   1.2000000e+01   3.0000000e+01   9.0000000e+00   3.4000000e+01   5.4000099e+01  -5.3542647e+01  -3.8753441e+01   4.9221695e+02   1.5592096e+00   4.1931956e+00   1.6841645e+00
   1.9960000e+03   1.2000000e+01   3.0000000e+01   9.0000000e+00   3.6000000e+01   1.7999901e+01  -5.3546891e+01  -3.8751766e+01   4.8441302e+02   2.9081917e+00   7.8210250e+00   5.5913922e+00
   1.9960000e+03   1.2000000e+01   3.0000000e+01   9.0000000e+00   3.7000000e+01   4.3000000e+01  -5.3551254e+01  -3.8750406e+01   4.9307165e+02   2.5146321e+00   1.1949093e+01   5.8724308e+00
   1.9960000e+03   1.2000000e+01   3.0000000e+01   9.0000000e+00   3.9000000e+01   7.0000000e+00  -5.3556002e+01  -3.8749426e+01   5.3149888e+02   4.6100863e+00   1.2397945e+01   7.8200609e+00
   1.9960000e+03   1.2000000e+01   3.0000000e+01   9.0000000e+00   4.0000000e+01   3.2000000e+01  -5.3559732e+01  -3.8748150e+01   4.2294321e+02   2.7526752e+00   7.6621393e+00   1.4331969e+00
   1.9960000e+03   1.2000000e+01   3.0000000e+01   9.0000000e+00   4.1000000e+01   5.4000000e+01  -5.3563897e+01  -3.8747061e+01   4.6836050e+02   1.3938852e+00   4.1292420e+00   3.7374679e+00
   1.9960000e+03   1.2000000e+01   3.0000000e+01   9.0000000e+00   4.3000000e+01   1.1000000e+01  -5.3568091e+01  -3.8746108e+01   4.7030673e+02   7.4517690e-01   9.8342123e+00   8.5660052e+00
   1.9960000e+03   1.2000000e+01   3.0000000e+01   9.0000000e+00   4.4000000e+01   2.6000000e+01  -5.3571747e+01  -3.8744768e+01   4.1576086e+02   6.8386662e-01   1.8075748e+01   6.1806673e+00
   1.9960000e+03   1.2000000e+01   3.0000000e+01   9.0000000e+00   4.5000000e+01   4.3000000e+01  -5.3576309e+01  -3.8743950e+01   5.0972234e+02   1.1791982e+00   3.1712279e+00   2.5913429e+00
   1.9960000e+03   1.2000000e+01   3.0000000e+01   9.0000000e+00   4.7000000e+01   8.0000000e+00  -5.3580534e+01  -3.8742826e+01   4.7538922e+02   6.9608968e-01   6.3273424e+00   6.0293263e+00
   1.9960000e+03   1.2000000e+01   3.0000000e+01   9.0000000e+00   4.8000000e+01   3.6000000e+01  -5.3584910e+01  -3.8741718e+01   4.9161495e+02   1.5294878e+00   4.2745305e+00   3.6291592e+00
   1.9960000e+03   1.2000000e+01   3.0000000e+01   9.0000000e+00   5.0000000e+01   3.0000000e+00  -5.3589354e+01  -3.8740443e+01   5.0103700e+02   1.9041710e+00   5.1209035e+00   2.4610496e+00
   1.9960000e+03   1.2000000e+01   3.0000000e+01   9.0000000e+00   5.1000000e+01   3.2000099e+01  -5.3593642e+01  -3.8739280e+01   4.8252045e+02   1.2960746e+00   3.9962052e+00   1.9405149e+00
   1.9960000e+03   1.2000000e+01   3.0000000e+01   9.0000000e+00   5.2000000e+01   5.8000000e+01  -5.3598104e+01  -3.8738326e+01   4.9983268e+02   1.3072265e+00   4.1299461e+00   6.2299649e-01
   1.9960000e+03   1.2000000e+01   3.0000000e+01   9.0000000e+00   5.4000000e+01   2.8999901e+01  -5.3602627e+01  -3.8737160e+01   5.0839177e+02   1.5707232e+00   4.2241594e+00   2.6749248e+00
   1.9960000e+03   1.2000000e+01   3.0000000e+01   9.0000000e+00   5.6000000e+01   6.0000000e+00  -5.3606829e+01  -3.8735956e+01   4.7367667e+02   8.7249647e-01   3.0247999e+00   2.7321361e+00
   1.9960000e+03   1.2000000e+01   3.0000000e+01   9.0000000e+00   5.7000000e+01   3.3999901e+01  -5.3611317e+01  -3.8734761e+01   5.0483607e+02   1.6051173e+00   6.2522108e+00   4.8412546e+00
   1.9960000e+03   1.2000000e+01   3.0000000e+01   9.0000000e+00   5.8000000e+01   5.6000099e+01  -5.3615579e+01  -3.8733516e+01   4.8070663e+02   1.0249892e+00   2.7565122e+00   4.0613426e-03
   1.9960000e+03   1.2000000e+01   3.0000000e+01   1.0000000e+01   0.0000000e+00   1.9000099e+01  -5.3619267e+01  -3.8732751e+01   4.1292872e+02   1.1535706e+00   3.3373816e+00   2.0171162e+00
   1.9960000e+03   1.2000000e+01   3.0000000e+01   1.0000000e+01   1.0000000e+00   4.2000000e+01  -5.3623472e+01  -3.8731316e+01   4.7665886e+02   2.7475206e+00   8.3794691e+00   2.3129734e+00
   1.9960000e+03   1.2000000e+01   3.0000000e+01   1.0000000e+01   2.0000000e+00   5.9000000e+01  -5.3627915e+01  -3.8729471e+01   5.0855957e+02   1.7453595e+00   4.6938102e+00   3.0781656e+00
   1.9960000e+03   1.2000000e+01   3.0000000e+01   1.0000000e+01   4.0000000e+00   1.9000000e+01  -5.3632197e+01  -3.8728041e+01   4.8494421e+02   6.3899871e-01   2.1846467e+00   1.1148826e+00
   1.9960000e+03   1.2000000e+01   3.0000000e+01   1.0000000e+01   5.0000000e+00   4.1000000e+01  -5.3636531e+01  -3.8727078e+01   4.8579054e+02   2.4993455e+00   7.2539759e+00   6.1490259e+00
   1.9960000e+03   1.2000000e+01   3.0000000e+01   1.0000000e+01   7.0000000e+00   8.0000000e+00  -5.3640920e+01  -3.8726088e+01   4.9210917e+02   1.9017824e+00   5.1144796e+00   2.6566012e+00
   1.9960000e+03   1.2000000e+01   3.0000000e+01   1.0000000e+01   8.0000000e+00   3.8000099e+01  -5.3644784e+01  -3.8725423e+01   4.3152476e+02   1.6314965e+00   4.3875976e+00   7.4509982e-01
   1.9960000e+03   1.2000000e+01   3.0000000e+01   1.0000000e+01   9.0000000e+00   5.6000000e+01  -5.3649028e+01  -3.8724168e+01   4.7886937e+02   1.4343513e+00   7.4077689e+00   2.6103016e+00
   1.9960000e+03   1.2000000e+01   3.0000000e+01   1.0000000e+01   1.1000000e+01   1.1000000e+01  -5.3652750e+01  -3.8722787e+01   4.2344902e+02   1.5942052e+00   4.2873097e+00   3.7691137e+00
   1.9960000e+03   1.2000000e+01   3.0000000e+01   1.0000000e+01   1.2000000e+01   3.3000000e+01  -5.3656753e+01  -3.8721200e+01   4.5695282e+02   3.9018198e+00   1.0493198e+01   7.0740555e+00
   1.9960000e+03   1.2000000e+01   3.0000000e+01   1.0000000e+01   1.3000000e+01   5.7000000e+01  -5.3660401e+01  -3.8719676e+01   4.1755236e+02   2.0613982e+00   6.3025089e+00   4.1133819e+00
   1.9960000e+03   1.2000000e+01   3.0000000e+01   1.0000000e+01   1.5000000e+01   1.4000000e+01  -5.3664526e+01  -3.8718362e+01   4.6646617e+02   1.6954239e+00   4.8482064e+00   3.0499306e+00
   1.9960000e+03   1.2000000e+01   3.0000000e+01   1.0000000e+01   1.6000000e+01   3.6000000e+01  -5.3668436e+01  -3.8717285e+01   4.4023420e+02   6.0433223e-01   1.6252358e+00   8.4331381e-01
   1.9960000e+03   1.2000000e+01   3.0000000e+01   1.0000000e+01   1.7000000e+01   5.8000000e+01  -5.3673214e+01  -3.8716167e+01   5.3594510e+02   1.2140403e+00   3.5707921e+00   1.4522920e+00
   1.9960000e+03   1.2000000e+01   3.0000000e+01   1.0000000e+01   1.9000000e+01   1.4000000e+01  -5.3676986e+01  -3.8714931e+01   4.2701961e+02   2.1963846e+00   7.0840200e+00   4.4440197e+00
   1.9960000e+03   1.2000000e+01   3.0000000e+01   1.0000000e+01   2.0000000e+01   3.6000000e+01  -5.3681130e+01  -3.8713597e+01   4.6880421e+02   1.0008907e+00   2.6917038e+00   1.4137117e+00
   1.9960000e+03   1.2000000e+01   3.0000000e+01   1.0000000e+01   2.1000000e+01   5.8000000e+01  -5.3685364e+01  -3.8712017e+01   4.8175668e+02   2.3108326e+00   6.2145419e+00   2.6615261e+00
   1.9960000e+03   1.2000000e+01   3.0000000e+01   1.0000000e+01   2.3000000e+01   1.7000099e+01  -5.3689191e+01  -3.8710786e+01   4.3295478e+02   3.8184256e+00   1.0923882e+01   1.0108898e+01
   1.9960000e+03   1.2000000e+01   3.0000000e+01   1.0000000e+01   2.4000000e+01   3.8000000e+01  -5.3693347e+01  -3.8709351e+01   4.7133977e+02   3.2273512e+00   1.2717835e+01   8.9300315e+00
   1.9960000e+03   1.2000000e+01   3.0000000e+01   1.0000000e+01   2.6000000e+01   3.0000000e+00  -5.3697643e+01  -3.8708350e+01   4.8194357e+02   6.8766716e+00   1.8581078e+01   1.5119476e+01
   1.9960000e+03   1.2000000e+01   3.0000000e+01   1.0000000e+01   2.7000000e+01   3.1000000e+01  -5.3701948e+01  -3.8706877e+01   4.8806455e+02   3.9812923e+00   1.0706924e+01   7.5650679e+00
   1.9960000e+03   1.2000000e+01   3.0000000e+01   1.0000000e+01   2.8000000e+01   5.7000000e+01  -5.3706205e+01  -3.8705326e+01   4.8386968e+02   3.2003708e+00   9.2260950e+00   7.6256634e+00
   1.9960000e+03   1.2000000e+01   3.0000000e+01   1.0000000e+01   3.0000000e+01   1.8000000e+01  -5.3710512e+01  -3.8703908e+01   4.8767985e+02   2.3701756e+00   6.7836679e+00   5.6302998e+00
   1.9960000e+03   1.2000000e+01   3.0000000e+01   1.0000000e+01   3.1000000e+01   3.9000000e+01  -5.3714826e+01  -3.8702571e+01   4.8727409e+02   2.2614888e+00   7.0871774e+00   4.7839370e+00
   1.9960000e+03   1.2000000e+01   3.0000000e+01   1.0000000e+01   3.3000000e+01   6.0000000e+00  -5.3719178e+01  -3.8701518e+01   4.8857669e+02   2.1536014e+00   5.8498789e+00   5.3440214e+00
   1.9960000e+03   1.2000000e+01   3.0000000e+01   1.0000000e+01   3.4000000e+01   3.1000000e+01  -5.3723248e+01  -3.8700438e+01   4.5779940e+02   1.4957711e+00   4.0618683e+00   3.6601031e+00
   1.9960000e+03   1.2000000e+01   3.0000000e+01   1.0000000e+01   3.5000000e+01   5.1000000e+01  -5.3727578e+01  -3.8699297e+01   4.8696825e+02   3.6461189e+00   1.0592276e+01   9.2195984e+00
   1.9960000e+03   1.2000000e+01   3.0000000e+01   1.0000000e+01   3.7000000e+01   1.2000000e+01  -5.3731681e+01  -3.8697472e+01   4.7139219e+02   1.5068332e+00   4.6380391e+00   3.7824535e+00
   1.9960000e+03   1.2000000e+01   3.0000000e+01   1.0000000e+01   3.8000000e+01   3.7000000e+01  -5.3735851e+01  -3.8695816e+01   4.7598256e+02   2.0791648e+00   5.5915157e+00   3.9603785e+00
   1.9960000e+03   1.2000000e+01   3.0000000e+01   1.0000000e+01   3.9000000e+01   5.9000000e+01  -5.3740100e+01  -3.8694633e+01   4.7857149e+02   1.7243905e+00   4.8364643e+00   4.8364643e+00
   1.9960000e+03   1.2000000e+01   3.0000000e+01   1.0000000e+01   4.1000000e+01   2.1000000e+01  -5.3744458e+01  -3.8693250e+01   4.9270641e+02   1.1775130e+00   3.1833579e+00   2.8370008e+00
   1.9960000e+03   1.2000000e+01   3.0000000e+01   1.0000000e+01   4.2000000e+01   4.6000000e+01  -5.3748919e+01  -3.8691878e+01   5.0379265e+02   1.7957967e+00   4.8804265e+00   4.6215971e+00
   1.9960000e+03   1.2000000e+01   3.0000000e+01   1.0000000e+01   4.4000000e+01   9.0000000e+00  -5.3753129e+01  -3.8690709e+01   4.7417638e+02   2.4591532e+00   6.6134219e+00   5.3597119e+00
   1.9960000e+03   1.2000000e+01   3.0000000e+01   1.0000000e+01   4.5000000e+01   3.1000000e+01  -5.3757288e+01  -3.8689719e+01   4.6660079e+02   3.1399514e+00   9.0130921e+00   6.5419576e+00
   1.9960000e+03   1.2000000e+01   3.0000000e+01   1.0000000e+01   4.6000000e+01   5.2000099e+01  -5.3761550e+01  -3.8688449e+01   4.8093470e+02   3.8351634e+00   1.0313938e+01   7.7420717e+00
   1.9960000e+03   1.2000000e+01   3.0000000e+01   1.0000000e+01   4.8000000e+01   1.3000000e+01  -5.3765822e+01  -3.8686844e+01   4.8629739e+02   1.0933799e+01   2.9539271e+01   2.7823738e+01
   1.9960000e+03   1.2000000e+01   3.0000000e+01   1.0000000e+01   4.9000000e+01   3.4000000e+01  -5.3770024e+01  -3.8685391e+01   4.7655132e+02   9.8269525e+01   2.6492083e+02   1.6820968e+02
   1.9960000e+03   1.2000000e+01   3.0000000e+01   1.0000000e+01   5.1000000e+01   2.0000992e+00  -5.3774260e+01  -3.8684102e+01   4.7825549e+02   2.2737572e+01   6.1148348e+01   6.1002475e+01
   1.9960000e+03   1.2000000e+01   3.0000000e+01   1.0000000e+01   5.2000000e+01   2.9000000e+01  -5.3778485e+01  -3.8682391e+01   4.8273857e+02   1.0169126e+01   3.0351710e+01   2.9435403e+01
   1.9960000e+03   1.2000000e+01   3.0000000e+01   1.0000000e+01   5.3000000e+01   5.3000000e+01  -5.3782869e+01  -3.8680927e+01   4.9654304e+02   1.1150987e+03   2.9992237e+03   2.9978659e+03
   1.9960000e+03   1.2000000e+01   3.0000000e+01   1.0000000e+01   5.5000000e+01   1.9000000e+01  -5.3787235e+01  -3.8679322e+01   4.9646089e+02   1.1923950e+03   3.3006981e+03   3.1951969e+03
   1.9960000e+03   1.2000000e+01   3.0000000e+01   1.0000000e+01   5.6000000e+01   4.3000000e+01  -5.3791447e+01  -3.8677919e+01   4.7705442e+02   1.2832807e+03   3.8600604e+03   3.3899813e+03
   1.9960000e+03   1.2000000e+01   3.0000000e+01   1.0000000e+01   5.8000000e+01   3.0000000e+00  -5.3795672e+01  -3.8676761e+01   4.7561353e+02   1.3001631e+02   3.4965398e+02   3.4955626e+02
   1.9960000e+03   1.2000000e+01   3.0000000e+01   1.0000000e+01   5.9000000e+01   2.6000000e+01  -5.3799602e+01  -3.8674993e+01   4.5183115e+02   7.8049272e+01   2.0989858e+02   2.0904704e+02
   1.9960000e+03   1.2000000e+01   3.0000000e+01   1.1000000e+01   0.0000000e+00   4.9000000e+01  -5.3803694e+01  -3.8673373e+01   4.6697774e+02   5.2667158e+00   1.4163824e+01   1.3990668e+01
   1.9960000e+03   1.2000000e+01   3.0000000e+01   1.1000000e+01   2.0000000e+00   9.0000000e+00  -5.3807894e+01  -3.8672092e+01   4.7421516e+02   3.1709720e+00   8.5277221e+00   8.5277221e+00
   1.9960000e+03   1.2000000e+01   3.0000000e+01   1.1000000e+01   3.0000000e+00   2.9000000e+01  -5.3812202e+01  -3.8670726e+01   4.8692704e+02   4.6233674e+00   1.2451044e+01   1.2291956e+01
   1.9960000e+03   1.2000000e+01   3.0000000e+01   1.1000000e+01   4.0000000e+00   5.2000099e+01  -5.3816370e+01  -3.8669532e+01   4.6971265e+02   4.2379697e+00   1.1397208e+01   1.1238757e+01
   1.9960000e+03   1.2000000e+01   3.0000000e+01   1.1000000e+01   6.0000000e+00   1.6000000e+01  -5.3820603e+01  -3.8667864e+01   4.8299095e+02   3.4804405e+00   9.3599785e+00   9.3599785e+00
   1.9960000e+03   1.2000000e+01   3.0000000e+01   1.1000000e+01   7.0000000e+00   4.7000000e+01  -5.3824716e+01  -3.8665692e+01   4.7867869e+02   9.0583654e+00   2.4360740e+01   2.4234264e+01
   1.9960000e+03   1.2000000e+01   3.0000000e+01   1.1000000e+01   9.0000000e+00   2.1000000e+01  -5.3828836e+01  -3.8663396e+01   4.8195232e+02   6.5778808e+00   1.7715516e+01   1.0749484e+01
   1.9960000e+03   1.2000000e+01   3.0000000e+01   1.1000000e+01   1.0000000e+01   4.7000000e+01  -5.3833053e+01  -3.8661282e+01   4.8874867e+02   8.2942204e+00   2.2305718e+01   2.2305718e+01
   1.9960000e+03   1.2000000e+01   3.0000000e+01   1.1000000e+01   1.2000000e+01   1.2000000e+01  -5.3837096e+01  -3.8659396e+01   4.6587384e+02   5.7892554e+00   1.5569094e+01   1.5569094e+01
   1.9960000e+03   1.2000000e+01   3.0000000e+01   1.1000000e+01   1.3000000e+01   3.8000000e+01  -5.3841412e+01  -3.8657211e+01   5.0059430e+02   4.2688030e+01   1.1480128e+02   1.1435136e+02
   1.9960000e+03   1.2000000e+01   3.0000000e+01   1.1000000e+01   1.5000000e+01   4.0000000e+00  -5.3845696e+01  -3.8654952e+01   4.9849347e+02   5.8712246e+01   1.5795497e+02   1.5789535e+02
   1.9960000e+03   1.2000000e+01   3.0000000e+01   1.1000000e+01   1.6000000e+01   3.3000000e+01  -5.3849986e+01  -3.8653074e+01   4.9234557e+02   1.0747024e+01   2.8902064e+01   2.8902064e+01
   1.9960000e+03   1.2000000e+01   3.0000000e+01   1.1000000e+01   1.7000000e+01   5.9000000e+01  -5.3854304e+01  -3.8651392e+01   4.9235997e+02   2.0536796e+00   5.5229782e+00   3.6868971e+00
   1.9960000e+03   1.2000000e+01   3.0000000e+01   1.1000000e+01   1.9000000e+01   2.2000000e+01  -5.3858639e+01  -3.8649472e+01   4.9787011e+02   1.5667893e+00   4.2135798e+00   4.2135798e+00
   1.9960000e+03   1.2000000e+01   3.0000000e+01   1.1000000e+01   2.0000000e+01   4.6000000e+01  -5.3862925e+01  -3.8647176e+01   4.9949002e+02   9.3200824e-01   2.5381137e+00   7.0175403e-01
   1.9960000e+03   1.2000000e+01   3.0000000e+01   1.1000000e+01   2.2000000e+01   1.2000000e+01  -5.3867059e+01  -3.8644739e+01   4.8632405e+02   5.2397895e-01   1.4091411e+00   1.4091411e+00
   1.9960000e+03   1.2000000e+01   3.0000000e+01   1.1000000e+01   2.3000000e+01   4.1000000e+01  -5.3871206e+01  -3.8642796e+01   4.7812089e+02   5.6153076e-01   1.5101295e+00   4.8632618e-01
   1.9960000e+03   1.2000000e+01   3.0000000e+01   1.1000000e+01   2.5000000e+01   7.0000000e+00  -5.3875329e+01  -3.8640856e+01   4.7539196e+02   0.0000000e+00   0.0000000e+00   0.0000000e+00
   1.9960000e+03   1.2000000e+01   3.0000000e+01   1.1000000e+01   2.6000000e+01   3.1000000e+01  -5.3879557e+01  -3.8639316e+01   4.8047330e+02   2.0436267e-02   5.4959429e-02   5.4959429e-02
   1.9960000e+03   1.2000000e+01   3.0000000e+01   1.1000000e+01   2.7000000e+01   5.3000000e+01  -5.3883861e+01  -3.8637351e+01   4.9538378e+02   6.8149538e-01   1.8327514e+00   1.8327514e+00
   1.9960000e+03   1.2000000e+01   3.0000000e+01   1.1000000e+01   2.9000000e+01   1.4000000e+01  -5.3888034e+01  -3.8635072e+01   4.8707520e+02   0.0000000e+00   0.0000000e+00   0.0000000e+00
   1.9960000e+03   1.2000000e+01   3.0000000e+01   1.1000000e+01   3.0000000e+01   3.6000099e+01  -5.3891954e+01  -3.8633192e+01   4.5264623e+02   3.7245499e-01   1.0558144e+00   1.0016464e+00
   1.9960000e+03   1.2000000e+01   3.0000000e+01   1.1000000e+01   3.1000000e+01   5.6000000e+01  -5.3895767e+01  -3.8631459e+01   4.3860096e+02   3.0624267e-01   8.2358102e-01   7.4531726e-01
   1.9960000e+03   1.2000000e+01   3.0000000e+01   1.1000000e+01   3.3000000e+01   1.8000000e+01  -5.3900062e+01  -3.8629721e+01   4.9063313e+02   9.3903253e-02   2.5253482e-01   0.0000000e+00
   1.9960000e+03   1.2000000e+01   3.0000000e+01   1.1000000e+01   3.4000000e+01   4.3000000e+01  -5.3904331e+01  -3.8627994e+01   4.8772113e+02   1.8006277e-01   4.8424436e-01   2.7163212e-01
   1.9960000e+03   1.2000000e+01   3.0000000e+01   1.1000000e+01   3.6000000e+01   3.0000000e+00  -5.3908354e+01  -3.8626481e+01   4.5781434e+02   2.1544474e-01   7.2787222e-01   7.2787222e-01
   1.9960000e+03   1.2000000e+01   3.0000000e+01   1.1000000e+01   3.7000000e+01   2.3000099e+01  -5.3912391e+01  -3.8624641e+01   4.6452704e+02   2.3125216e-01   6.2190842e-01   6.2190842e-01
   1.9960000e+03   1.2000000e+01   3.0000000e+01   1.1000000e+01   3.8000000e+01   4.4000000e+01  -5.3916504e+01  -3.8622485e+01   4.7827474e+02   2.9015630e-01   1.4865515e+00   1.0846278e-01
   1.9960000e+03   1.2000000e+01   3.0000000e+01   1.1000000e+01   4.0000000e+01   2.0000000e+00  -5.3920580e+01  -3.8620006e+01   4.8115864e+02   2.3947047e-01   6.4400999e-01   6.4400999e-01
   1.9960000e+03   1.2000000e+01   3.0000000e+01   1.1000000e+01   4.1000000e+01   2.1000000e+01  -5.3924719e+01  -3.8618348e+01   4.7252951e+02   1.5524351e-01   4.1749769e-01   3.1694548e-01
   1.9960000e+03   1.2000000e+01   3.0000000e+01   1.1000000e+01   4.2000000e+01   3.8000000e+01  -5.3928810e+01  -3.8616681e+01   4.6747105e+02   1.2353876e-01   3.5885688e-01   3.3223386e-01
   1.9960000e+03   1.2000000e+01   3.0000000e+01   1.1000000e+01   4.3000000e+01   5.7000000e+01  -5.3932972e+01  -3.8614796e+01   4.7870107e+02   5.1478975e-01   1.5921929e+00   1.5921929e+00
   1.9960000e+03   1.2000000e+01   3.0000000e+01   1.1000000e+01   4.5000000e+01   1.8000000e+01  -5.3936987e+01  -3.8613140e+01   4.5911503e+02   7.9494915e-01   2.1378635e+00   2.1378635e+00
   1.9960000e+03   1.2000000e+01   3.0000000e+01   1.1000000e+01   4.6000000e+01   3.7000000e+01  -5.3940995e+01  -3.8612614e+01   4.4663779e+02   5.9195586e-01   1.5919520e+00   1.5919520e+00
   1.9960000e+03   1.2000000e+01   3.0000000e+01   1.1000000e+01   4.7000000e+01   5.6000000e+01  -5.3945056e+01  -3.8611739e+01   4.5490982e+02   1.8242495e-01   6.0288950e-01   4.2954621e-01
   1.9960000e+03   1.2000000e+01   3.0000000e+01   1.1000000e+01   4.9000000e+01   1.8000000e+01  -5.3949251e+01  -3.8610688e+01   4.7119034e+02   5.5426671e-01   1.4905942e+00   1.4905942e+00
   1.9960000e+03   1.2000000e+01   3.0000000e+01   1.1000000e+01   5.0000000e+01   4.2000000e+01  -5.3953498e+01  -3.8609710e+01   4.7628507e+02   2.1727060e-01   5.8430767e-01   5.8430767e-01
   1.9960000e+03   1.2000000e+01   3.0000000e+01   1.1000000e+01   5.2000000e+01   1.0000000e+00  -5.3957516e+01  -3.8608836e+01   4.5007624e+02   1.1694146e-01   3.7929114e-01   3.7929114e-01
   1.9960000e+03   1.2000000e+01   3.0000000e+01   1.1000000e+01   5.3000000e+01   1.8000000e+01  -5.3961810e+01  -3.8608650e+01   4.7735662e+02   6.8492165e-02   1.8419657e-01   1.4337766e-01
   1.9960000e+03   1.2000000e+01   3.0000000e+01   1.1000000e+01   5.4000000e+01   4.1000099e+01  -5.3965853e+01  -3.8608186e+01   4.5018538e+02   0.0000000e+00   0.0000000e+00   0.0000000e+00
