   2.0180000e+03   1.0000000e+00   9.0000000e+00   9.0000000e+00   9.0000000e+00   3.1000000e+01  -5.3294312e+01  -3.9035563e+01   4.9899149e+02   2.0185394e+00   8.1986553e+00   4.7305089e-01
   2.0180000e+03   1.0000000e+00   9.0000000e+00   9.0000000e+00   1.1000000e+01   5.6000000e+01  -5.3298309e+01  -3.9032997e+01   4.7575495e+02   2.2762029e+00   1.0731984e+01   2.2112083e-01
   2.0180000e+03   1.0000000e+00   9.0000000e+00   9.0000000e+00   1.4000000e+01   1.0000000e+01  -5.3302762e+01  -3.9031859e+01   5.0057314e+02   5.3118600e+00   9.9254582e+00   2.2179782e+00
   2.0180000e+03   1.0000000e+00   9.0000000e+00   9.0000000e+00   1.6000000e+01   8.0000000e+00  -5.3307312e+01  -3.9031160e+01   5.0765338e+02   1.9971435e+00   3.8289829e+00   2.7582891e+00
   2.0180000e+03   1.0000000e+00   9.0000000e+00   9.0000000e+00   1.7000000e+01   5.6000099e+01  -5.3311730e+01  -3.9030525e+01   4.9279116e+02   1.9788546e+00   2.0242521e+00   9.4421715e-01
   2.0180000e+03   1.0000000e+00   9.0000000e+00   9.0000000e+00   1.9000000e+01   3.6000000e+01  -5.3316206e+01  -3.9029234e+01   5.0466947e+02   1.1967265e+00   2.2274748e+00   3.1678181e-01
   2.0180000e+03   1.0000000e+00   9.0000000e+00   9.0000000e+00   2.1000000e+01   1.3000000e+01  -5.3320629e+01  -3.9027699e+01   5.0198754e+02   2.2045485e+00   3.8423764e+00   2.7629841e+00
   2.0180000e+03   1.0000000e+00   9.0000000e+00   9.0000000e+00   2.2000000e+01   5.1000000e+01  -5.3325030e+01  -3.9026364e+01   4.9700888e+02   1.4291542e+00   2.4465754e+00   1.2201753e+00
   2.0180000e+03   1.0000000e+00   9.0000000e+00   9.0000000e+00   2.4000000e+01   2.8000000e+01  -5.3329469e+01  -3.9025097e+01   5.0033005e+02   1.5800151e+00   5.8022308e+00   5.6127485e+00
   2.0180000e+03   1.0000000e+00   9.0000000e+00   9.0000000e+00   2.6000000e+01   4.0000000e+00  -5.3333897e+01  -3.9023741e+01   5.0025831e+02   1.4562228e+00   8.7655013e+00   1.4455880e+00
   2.0180000e+03   1.0000000e+00   9.0000000e+00   9.0000000e+00   2.7000000e+01   4.2000000e+01  -5.3338320e+01  -3.9022371e+01   4.9978287e+02   2.5749572e+00   5.3415212e+00   2.7559231e+00
   2.0180000e+03   1.0000000e+00   9.0000000e+00   9.0000000e+00   2.9000000e+01   2.2000000e+01  -5.3342687e+01  -3.9020977e+01   4.9394113e+02   1.2175864e+00   2.8697434e+00   1.2467211e+00
   2.0180000e+03   1.0000000e+00   9.0000000e+00   9.0000000e+00   3.1000000e+01   1.0000992e+00  -5.3347119e+01  -3.9019587e+01   5.0112374e+02   1.0995525e+00   6.7537984e+00   2.1695259e+00
   2.0180000e+03   1.0000000e+00   9.0000000e+00   9.0000000e+00   3.2000000e+01   3.8000000e+01  -5.3351546e+01  -3.9018148e+01   5.0104005e+02   1.7174291e+00   3.8852857e+00   1.5441671e+00
   2.0180000e+03   1.0000000e+00   9.0000000e+00   9.0000000e+00   3.4000000e+01   1.3000000e+01  -5.3355954e+01  -3.9016853e+01   4.9737696e+02   2.1301770e+00   8.5429021e+00   2.5738201e+00
   2.0180000e+03   1.0000000e+00   9.0000000e+00   9.0000000e+00   3.5000000e+01   4.9000000e+01  -5.3360360e+01  -3.9015567e+01   4.9691341e+02   2.4911514e+00   7.4673268e+00   6.2941790e+00
   2.0180000e+03   1.0000000e+00   9.0000000e+00   9.0000000e+00   3.7000000e+01   2.7000000e+01  -5.3364770e+01  -3.9014192e+01   4.9840149e+02   5.0520227e+00   9.8294515e+00   8.9978935e+00
   2.0180000e+03   1.0000000e+00   9.0000000e+00   9.0000000e+00   3.9000000e+01   5.0000000e+00  -5.3369171e+01  -3.9012698e+01   4.9904478e+02   3.2303180e+00   1.5973168e+01   1.1983259e+01
   2.0180000e+03   1.0000000e+00   9.0000000e+00   9.0000000e+00   4.0000000e+01   4.2000000e+01  -5.3373636e+01  -3.9011366e+01   5.0389007e+02   8.7672041e+00   4.0911610e+01   2.7775187e+01
   2.0180000e+03   1.0000000e+00   9.0000000e+00   9.0000000e+00   4.2000000e+01   1.8000099e+01  -5.3378071e+01  -3.9010012e+01   5.0092132e+02   1.5674600e+01   5.1444761e+01   2.0895777e+01
   2.0180000e+03   1.0000000e+00   9.0000000e+00   9.0000000e+00   4.3000000e+01   5.4000000e+01  -5.3382435e+01  -3.9008634e+01   4.9344307e+02   8.0851242e+00   1.0205750e+01   6.6619270e+00
   2.0180000e+03   1.0000000e+00   9.0000000e+00   9.0000000e+00   4.5000000e+01   3.2000099e+01  -5.3386846e+01  -3.9007346e+01   4.9755851e+02   5.6815730e+00   1.9578063e+01   1.7792084e+01
   2.0180000e+03   1.0000000e+00   9.0000000e+00   9.0000000e+00   4.7000000e+01   1.0000000e+01  -5.3391314e+01  -3.9006004e+01   5.0434967e+02   5.6718532e+00   1.9080765e+01   5.2648401e+00
   2.0180000e+03   1.0000000e+00   9.0000000e+00   9.0000000e+00   4.8000000e+01   4.6000099e+01  -5.3395733e+01  -3.9004515e+01   5.0089842e+02   6.0772646e+00   1.9714618e+01   1.8127421e+00
   2.0180000e+03   1.0000000e+00   9.0000000e+00   9.0000000e+00   5.0000000e+01   2.2000000e+01  -5.3400103e+01  -3.9003031e+01   4.9541397e+02   6.0502246e+00   1.9170886e+01   7.6126595e+00
   2.0180000e+03   1.0000000e+00   9.0000000e+00   9.0000000e+00   5.2000000e+01   0.0000000e+00  -5.3404522e+01  -3.9001683e+01   4.9918257e+02   7.3416161e+00   2.2912115e+01   8.6334817e+00
   2.0180000e+03   1.0000000e+00   9.0000000e+00   9.0000000e+00   5.3000000e+01   3.9000000e+01  -5.3408971e+01  -3.9000348e+01   5.0220159e+02   6.9227075e+00   2.4780221e+01   2.4294367e+00
   2.0180000e+03   1.0000000e+00   9.0000000e+00   9.0000000e+00   5.5000000e+01   1.6000000e+01  -5.3413353e+01  -3.8999011e+01   4.9493430e+02   8.3920490e+00   3.2325051e+01   5.1877092e+00
   2.0180000e+03   1.0000000e+00   9.0000000e+00   9.0000000e+00   5.6000000e+01   5.2000000e+01  -5.3417766e+01  -3.8997706e+01   4.9785051e+02   8.0231761e+00   2.5931144e+01   5.0456398e+00
   2.0180000e+03   1.0000000e+00   9.0000000e+00   9.0000000e+00   5.8000000e+01   2.8000099e+01  -5.3422181e+01  -3.8996322e+01   4.9911267e+02   8.5679728e+00   2.9994018e+01   2.1668394e+00
   2.0180000e+03   1.0000000e+00   9.0000000e+00   1.0000000e+01   0.0000000e+00   6.0000000e+00  -5.3426577e+01  -3.8994962e+01   4.9667961e+02   1.3649880e+01   3.0869145e+01   2.0583574e+00
   2.0180000e+03   1.0000000e+00   9.0000000e+00   1.0000000e+01   1.0000000e+00   4.5000000e+01  -5.3431020e+01  -3.8993541e+01   5.0259128e+02   2.0589157e+01   1.9744442e+01   1.2546402e+00
   2.0180000e+03   1.0000000e+00   9.0000000e+00   1.0000000e+01   3.0000000e+00   2.3000000e+01  -5.3435478e+01  -3.8992208e+01   5.0318463e+02   2.2893330e+01   2.0901176e+01   8.2495127e+00
   2.0180000e+03   1.0000000e+00   9.0000000e+00   1.0000000e+01   5.0000000e+00   0.0000000e+00  -5.3439880e+01  -3.8990827e+01   4.9758599e+02   1.1077724e+01   1.1809489e+01   1.3077805e+00
   2.0180000e+03   1.0000000e+00   9.0000000e+00   1.0000000e+01   6.0000000e+00   3.7000000e+01  -5.3444285e+01  -3.8989447e+01   4.9803014e+02   1.1442336e+01   1.8218878e+01   4.0416685e+00
   2.0180000e+03   1.0000000e+00   9.0000000e+00   1.0000000e+01   8.0000000e+00   1.5000000e+01  -5.3448719e+01  -3.8988193e+01   4.9962926e+02   1.1556700e+01   9.4916443e+00   8.8563242e+00
   2.0180000e+03   1.0000000e+00   9.0000000e+00   1.0000000e+01   9.0000000e+00   5.4000000e+01  -5.3453172e+01  -3.8986724e+01   5.0423239e+02   1.2237148e+01   2.8114629e+01   1.1881189e+01
   2.0180000e+03   1.0000000e+00   9.0000000e+00   1.0000000e+01   1.1000000e+01   4.4000099e+01  -5.3457539e+01  -3.8985026e+01   4.9811383e+02   1.3692590e+01   1.8320763e+01   4.0174764e-01
   2.0180000e+03   1.0000000e+00   9.0000000e+00   1.0000000e+01   1.3000000e+01   5.3000099e+01  -5.3461922e+01  -3.8983530e+01   4.9699767e+02   1.3971801e+01   2.1764785e+01   1.3164155e+01
   2.0180000e+03   1.0000000e+00   9.0000000e+00   1.0000000e+01   1.6000000e+01   1.2999901e+01  -5.3466263e+01  -3.8982410e+01   4.8807535e+02   9.1742799e+00   2.5094823e+01   5.0443636e+00
   2.0180000e+03   1.0000000e+00   9.0000000e+00   1.0000000e+01   1.8000000e+01   3.2000000e+01  -5.3470759e+01  -3.8981339e+01   5.0456456e+02   8.2642478e+00   2.4676818e+01   1.1352431e+01
   2.0180000e+03   1.0000000e+00   9.0000000e+00   1.0000000e+01   2.0000000e+01   4.5000000e+01  -5.3475095e+01  -3.8980027e+01   4.8951851e+02   6.0261254e+00   1.2905961e+01   9.8726245e+00
   2.0180000e+03   1.0000000e+00   9.0000000e+00   1.0000000e+01   2.2000000e+01   4.6000000e+01  -5.3479458e+01  -3.8978287e+01   4.9833102e+02   7.6854088e+00   2.3981321e+01   7.5824206e+00
   2.0180000e+03   1.0000000e+00   9.0000000e+00   1.0000000e+01   2.4000000e+01   3.3000000e+01  -5.3483949e+01  -3.8976946e+01   5.0689283e+02   1.1886888e+01   2.4832330e+01   1.5548130e+01
   2.0180000e+03   1.0000000e+00   9.0000000e+00   1.0000000e+01   2.6000000e+01   1.2000000e+01  -5.3488412e+01  -3.8975953e+01   5.0021025e+02   4.2743090e+00   1.6035787e+01   4.3997714e+00
   2.0180000e+03   1.0000000e+00   9.0000000e+00   1.0000000e+01   2.7000000e+01   4.8000000e+01  -5.3492810e+01  -3.8974513e+01   4.9792462e+02   5.0014280e+00   1.1878491e+01   9.1960604e+00
   2.0180000e+03   1.0000000e+00   9.0000000e+00   1.0000000e+01   2.9000000e+01   2.5000000e+01  -5.3497245e+01  -3.8972922e+01   5.0383643e+02   4.0646318e+00   1.1441931e+01   4.6045661e+00
   2.0180000e+03   1.0000000e+00   9.0000000e+00   1.0000000e+01   3.1000000e+01   4.0000000e+00  -5.3501592e+01  -3.8971471e+01   4.9251773e+02   5.5363984e+00   1.8084090e+01   1.6983715e+01
   2.0180000e+03   1.0000000e+00   9.0000000e+00   1.0000000e+01   3.2000000e+01   4.4000000e+01  -5.3506040e+01  -3.8970264e+01   5.0067176e+02   6.5641013e+00   1.4937086e+01   1.1499081e+01
   2.0180000e+03   1.0000000e+00   9.0000000e+00   1.0000000e+01   3.4000000e+01   2.3000099e+01  -5.3510519e+01  -3.8969067e+01   5.0395045e+02   7.4614212e+00   2.0887100e+01   8.6125823e+00
   2.0180000e+03   1.0000000e+00   9.0000000e+00   1.0000000e+01   3.6000000e+01   0.0000000e+00  -5.3514845e+01  -3.8967522e+01   4.9136997e+02   9.3237936e+00   2.2327562e+00   1.4406122e+00
   2.0180000e+03   1.0000000e+00   9.0000000e+00   1.0000000e+01   3.7000000e+01   3.6000000e+01  -5.3519255e+01  -3.8966057e+01   4.9951741e+02   8.1425696e+00   1.6979554e+01   9.6671382e-01
   2.0180000e+03   1.0000000e+00   9.0000000e+00   1.0000000e+01   3.9000000e+01   1.3000000e+01  -5.3523697e+01  -3.8964740e+01   5.0121609e+02   1.1413161e+00   2.6402724e+00   0.0000000e+00
   2.0180000e+03   1.0000000e+00   9.0000000e+00   1.0000000e+01   4.0000000e+01   5.0000000e+01  -5.3528154e+01  -3.8963557e+01   5.0135340e+02   1.4166930e+00   3.5062637e+00   0.0000000e+00
   2.0180000e+03   1.0000000e+00   9.0000000e+00   1.0000000e+01   4.2000000e+01   2.6000000e+01  -5.3532586e+01  -3.8962300e+01   4.9946850e+02   2.4408529e+00   3.7168507e+00   7.2780578e-01
   2.0180000e+03   1.0000000e+00   9.0000000e+00   1.0000000e+01   4.4000000e+01   3.0000000e+00  -5.3536982e+01  -3.8960706e+01   4.9966309e+02   3.1935916e+00   6.4687027e+00   1.7060611e+00
   2.0180000e+03   1.0000000e+00   9.0000000e+00   1.0000000e+01   4.5000000e+01   4.2000000e+01  -5.3541332e+01  -3.8959152e+01   4.9423277e+02   4.6978699e+00   5.2635317e+00   1.4629003e+00
   2.0180000e+03   1.0000000e+00   9.0000000e+00   1.0000000e+01   4.7000000e+01   2.0000099e+01  -5.3545774e+01  -3.8957839e+01   5.0111274e+02   2.9627929e+00   6.6641794e+00   1.4537039e+00
   2.0180000e+03   1.0000000e+00   9.0000000e+00   1.0000000e+01   4.8000000e+01   5.6000000e+01  -5.3550205e+01  -3.8956676e+01   4.9832683e+02   2.1072684e+00   4.9253960e+00   7.9941189e-01
   2.0180000e+03   1.0000000e+00   9.0000000e+00   1.0000000e+01   5.0000000e+01   3.4000099e+01  -5.3554610e+01  -3.8955320e+01   4.9755901e+02   2.3428730e+00   5.0706204e+00   7.3147643e-01
   2.0180000e+03   1.0000000e+00   9.0000000e+00   1.0000000e+01   5.2000000e+01   1.1000000e+01  -5.3559006e+01  -3.8953813e+01   4.9856526e+02   1.6338648e+00   1.9938170e+00   1.6824833e+00
   2.0180000e+03   1.0000000e+00   9.0000000e+00   1.0000000e+01   5.3000000e+01   4.8000099e+01  -5.3563434e+01  -3.8952371e+01   5.0108192e+02   2.4872338e+00   9.8168004e+00   9.2917541e-01
   2.0180000e+03   1.0000000e+00   9.0000000e+00   1.0000000e+01   5.5000000e+01   2.5000000e+01  -5.3567834e+01  -3.8950888e+01   4.9870221e+02   2.6489944e+00   1.1896646e+01   5.8218764e+00
   2.0180000e+03   1.0000000e+00   9.0000000e+00   1.0000000e+01   5.7000000e+01   3.0000000e+00  -5.3572239e+01  -3.8949510e+01   4.9783385e+02   5.2138458e+00   8.2141719e+00   6.4850041e+00
   2.0180000e+03   1.0000000e+00   9.0000000e+00   1.0000000e+01   5.8000000e+01   4.1000000e+01  -5.3576658e+01  -3.8948369e+01   4.9679801e+02   4.5454736e+00   1.0459753e+01   3.5023840e+00
   2.0180000e+03   1.0000000e+00   9.0000000e+00   1.1000000e+01   0.0000000e+00   1.8000000e+01  -5.3581107e+01  -3.8947229e+01   5.0004691e+02   2.7853306e+00   8.0925382e+00   4.2808911e+00
   2.0180000e+03   1.0000000e+00   9.0000000e+00   1.1000000e+01   1.0000000e+00   5.4000000e+01  -5.3585554e+01  -3.8945981e+01   5.0098578e+02   3.1539896e+00   8.4696713e+00   0.0000000e+00
   2.0180000e+03   1.0000000e+00   9.0000000e+00   1.1000000e+01   3.0000000e+00   3.1000099e+01  -5.3589966e+01  -3.8944432e+01   5.0072731e+02   2.0098617e+00   4.2133588e+00   0.0000000e+00
   2.0180000e+03   1.0000000e+00   9.0000000e+00   1.1000000e+01   5.0000000e+00   8.0000000e+00  -5.3594372e+01  -3.8943144e+01   4.9690669e+02   1.9581750e+00   5.7926570e+00   1.8672289e+00
   2.0180000e+03   1.0000000e+00   9.0000000e+00   1.1000000e+01   6.0000000e+00   4.3000000e+01  -5.3598809e+01  -3.8941867e+01   5.0021292e+02   1.9120718e+00   6.9076859e+00   1.4619162e+00
   2.0180000e+03   1.0000000e+00   9.0000000e+00   1.1000000e+01   8.0000000e+00   2.0000000e+01  -5.3603255e+01  -3.8940514e+01   5.0199297e+02   1.8395169e+00   4.6445681e+00   1.9299446e+00
   2.0180000e+03   1.0000000e+00   9.0000000e+00   1.1000000e+01   9.0000000e+00   5.9999901e+01  -5.3607682e+01  -3.8939185e+01   4.9974987e+02   2.2250609e+00   4.0034128e+00   2.2369773e+00
   2.0180000e+03   1.0000000e+00   9.0000000e+00   1.1000000e+01   1.1000000e+01   3.9000000e+01  -5.3612067e+01  -3.8937839e+01   4.9522986e+02   2.8284519e+00   8.5364930e+00   1.6948074e+00
   2.0180000e+03   1.0000000e+00   9.0000000e+00   1.1000000e+01   1.3000000e+01   1.7000000e+01  -5.3616489e+01  -3.8936484e+01   4.9943587e+02   2.1662932e+00   6.1469258e+00   1.6578640e+00
   2.0180000e+03   1.0000000e+00   9.0000000e+00   1.1000000e+01   1.4000000e+01   5.4000000e+01  -5.3620926e+01  -3.8935122e+01   5.0114372e+02   1.9223770e+00   4.2119153e+00   0.0000000e+00
   2.0180000e+03   1.0000000e+00   9.0000000e+00   1.1000000e+01   1.6000000e+01   3.1000000e+01  -5.3625334e+01  -3.8933793e+01   4.9761552e+02   2.4454050e+00   5.8534318e+00   0.0000000e+00
   2.0180000e+03   1.0000000e+00   9.0000000e+00   1.1000000e+01   1.8000000e+01   8.0000000e+00  -5.3629777e+01  -3.8932400e+01   5.0212194e+02   3.1307368e+00   6.8134609e+00   1.4009270e+00
   2.0180000e+03   1.0000000e+00   9.0000000e+00   1.1000000e+01   1.9000000e+01   4.9000099e+01  -5.3634322e+01  -3.8930990e+01   5.1349816e+02   2.1608555e+00   5.9760695e+00   8.7666816e-02
   2.0180000e+03   1.0000000e+00   9.0000000e+00   1.1000000e+01   2.1000000e+01   5.1000099e+01  -5.3638705e+01  -3.8929634e+01   4.9520886e+02   3.6127683e+00   4.8711140e+00   1.8369996e+00
   2.0180000e+03   1.0000000e+00   9.0000000e+00   1.1000000e+01   2.4000000e+01   8.0000000e+00  -5.3642939e+01  -3.8928372e+01   4.7771789e+02   2.0725346e+00   3.8838304e+00   1.2312023e+00
   2.0180000e+03   1.0000000e+00   9.0000000e+00   1.1000000e+01   2.6000000e+01   2.2000000e+01  -5.3647381e+01  -3.8926906e+01   5.0300169e+02   2.1357299e+00   7.0782035e+00   1.0958347e+00
   2.0180000e+03   1.0000000e+00   9.0000000e+00   1.1000000e+01   2.8000000e+01   3.0000000e+01  -5.3651714e+01  -3.8925598e+01   4.8907729e+02   2.9772237e+00   7.2674317e+00   1.0815798e+00
   2.0180000e+03   1.0000000e+00   9.0000000e+00   1.1000000e+01   3.0000000e+01   2.6000000e+01  -5.3656135e+01  -3.8924193e+01   4.9998322e+02   2.6903245e+00   6.3850303e+00   1.2402331e+00
   2.0180000e+03   1.0000000e+00   9.0000000e+00   1.1000000e+01   3.2000000e+01   9.0000000e+00  -5.3660605e+01  -3.8922771e+01   5.0538970e+02   1.1702979e+00   5.3628274e+00   2.3368278e+00
   2.0180000e+03   1.0000000e+00   9.0000000e+00   1.1000000e+01   3.3000000e+01   4.6000000e+01  -5.3665071e+01  -3.8921413e+01   5.0423564e+02   1.0347745e+00   4.5474475e+00   5.4158026e-01
   2.0180000e+03   1.0000000e+00   9.0000000e+00   1.1000000e+01   3.5000000e+01   2.1000000e+01  -5.3669474e+01  -3.8920149e+01   4.9628159e+02   1.7600536e+00   5.6499111e+00   6.7943712e-01
   2.0180000e+03   1.0000000e+00   9.0000000e+00   1.1000000e+01   3.6000000e+01   5.6000000e+01  -5.3673911e+01  -3.8918788e+01   5.0120822e+02   1.6633578e+00   3.8691913e+00   1.1138347e+00
   2.0180000e+03   1.0000000e+00   9.0000000e+00   1.1000000e+01   3.8000000e+01   3.2000000e+01  -5.3678334e+01  -3.8917342e+01   5.0055044e+02   1.2330023e+00   5.7773462e+00   4.4441199e-01
   2.0180000e+03   1.0000000e+00   9.0000000e+00   1.1000000e+01   4.0000000e+01   8.0000000e+00  -5.3682756e+01  -3.8915944e+01   4.9988752e+02   1.1680831e+00   3.3683151e+00   5.2484792e-01
   2.0180000e+03   1.0000000e+00   9.0000000e+00   1.1000000e+01   4.1000000e+01   4.5000000e+01  -5.3687164e+01  -3.8914599e+01   4.9775680e+02   1.6657780e+00   2.0736885e+00   3.1686329e-01
   2.0180000e+03   1.0000000e+00   9.0000000e+00   1.1000000e+01   4.3000000e+01   2.2000000e+01  -5.3691564e+01  -3.8913269e+01   4.9676236e+02   4.8958913e-01   1.5945533e+00   3.5095028e-01
   2.0180000e+03   1.0000000e+00   9.0000000e+00   1.1000000e+01   4.4000000e+01   5.8999901e+01  -5.3695959e+01  -3.8911849e+01   4.9719885e+02   1.1497771e+00   4.0966553e+00   6.2519317e-01
   2.0180000e+03   1.0000000e+00   9.0000000e+00   1.1000000e+01   4.6000000e+01   3.7000000e+01  -5.3700378e+01  -3.8910466e+01   4.9943438e+02   1.0773098e+00   1.1832329e+00   0.0000000e+00
   2.0180000e+03   1.0000000e+00   9.0000000e+00   1.1000000e+01   4.8000000e+01   1.5000000e+01  -5.3704807e+01  -3.8908999e+01   5.0145080e+02   1.0531881e+00   3.3495599e+00   2.3079011e+00
   2.0180000e+03   1.0000000e+00   9.0000000e+00   1.1000000e+01   4.9000000e+01   5.3000000e+01  -5.3709207e+01  -3.8907659e+01   4.9689501e+02   2.6116642e+00   6.8038700e+00   1.2261385e+00
   2.0180000e+03   1.0000000e+00   9.0000000e+00   1.1000000e+01   5.1000000e+01   3.1000000e+01  -5.3713665e+01  -3.8906261e+01   5.0379778e+02   2.2972985e+00   4.3866282e+00   1.5117487e+00
   2.0180000e+03   1.0000000e+00   9.0000000e+00   1.1000000e+01   5.3000000e+01   8.0000992e+00  -5.3718067e+01  -3.8904886e+01   4.9741765e+02   2.2606236e+00   2.1460537e+00   6.0014130e-01
   2.0180000e+03   1.0000000e+00   9.0000000e+00   1.1000000e+01   5.4000000e+01   4.4000000e+01  -5.3722495e+01  -3.8903544e+01   4.9986593e+02   2.3068530e+00   2.6357297e+00   1.3593347e+00
   2.0180000e+03   1.0000000e+00   9.0000000e+00   1.1000000e+01   5.6000000e+01   2.2000099e+01  -5.3726882e+01  -3.8902215e+01   4.9526692e+02   1.8013906e+00   1.4403667e+00   1.2146291e+00
   2.0180000e+03   1.0000000e+00   9.0000000e+00   1.1000000e+01   5.8000000e+01   1.0000000e+00  -5.3731280e+01  -3.8900855e+01   4.9686012e+02   1.5664750e+00   6.1942776e-01   0.0000000e+00
   2.0180000e+03   1.0000000e+00   9.0000000e+00   1.1000000e+01   5.9000000e+01   3.8000000e+01  -5.3735686e+01  -3.8899478e+01   4.9791327e+02   1.4785224e+00   2.2808107e+00   1.9679729e+00
   2.0180000e+03   1.0000000e+00   9.0000000e+00   1.2000000e+01   1.0000000e+00   1.7000000e+01  -5.3740125e+01  -3.8898115e+01   5.0125998e+02   7.0829059e-01   2.0948312e+00   1.0040732e+00
   2.0180000e+03   1.0000000e+00   9.0000000e+00   1.2000000e+01   2.0000000e+00   5.5000000e+01  -5.3744551e+01  -3.8896781e+01   4.9959564e+02   3.1307446e+00   1.6221974e+01   6.6565374e+00
   2.0180000e+03   1.0000000e+00   9.0000000e+00   1.2000000e+01   4.0000000e+00   3.2000000e+01  -5.3748948e+01  -3.8895294e+01   4.9825927e+02   6.0884209e+00   1.8612890e+01   6.9863573e+00
   2.0180000e+03   1.0000000e+00   9.0000000e+00   1.2000000e+01   6.0000000e+00   8.0000000e+00  -5.3753387e+01  -3.8893921e+01   5.0148660e+02   7.4603300e+00   1.5627087e+01   9.5838035e-01
   2.0180000e+03   1.0000000e+00   9.0000000e+00   1.2000000e+01   7.0000000e+00   4.5000000e+01  -5.3757804e+01  -3.8892620e+01   4.9812245e+02   9.9286133e+00   1.5982256e+01   4.3105737e+00
   2.0180000e+03   1.0000000e+00   9.0000000e+00   1.2000000e+01   9.0000000e+00   2.2000000e+01  -5.3762236e+01  -3.8891194e+01   5.0139159e+02   8.9532336e+00   8.8511377e+00   4.2840059e-01
   2.0180000e+03   1.0000000e+00   9.0000000e+00   1.2000000e+01   1.0000000e+01   5.9000000e+01  -5.3766664e+01  -3.8889861e+01   4.9974237e+02   7.3247728e+00   1.2251513e+01   2.5895603e+00
   2.0180000e+03   1.0000000e+00   9.0000000e+00   1.2000000e+01   1.2000000e+01   3.7000000e+01  -5.3771027e+01  -3.8888528e+01   4.9270429e+02   6.2683235e+00   1.2629867e+01   2.4037668e+00
   2.0180000e+03   1.0000000e+00   9.0000000e+00   1.2000000e+01   1.4000000e+01   1.5000099e+01  -5.3775479e+01  -3.8887193e+01   5.0231051e+02   4.5121120e+00   1.0806377e+01   1.1872767e+00
   2.0180000e+03   1.0000000e+00   9.0000000e+00   1.2000000e+01   1.5000000e+01   5.2000000e+01  -5.3779927e+01  -3.8885831e+01   5.0231966e+02   5.6369696e+00   1.0441690e+01   0.0000000e+00
   2.0180000e+03   1.0000000e+00   9.0000000e+00   1.2000000e+01   1.7000000e+01   2.8000000e+01  -5.3784327e+01  -3.8884311e+01   4.9899330e+02   4.6843797e+00   6.2934302e+00   0.0000000e+00
   2.0180000e+03   1.0000000e+00   9.0000000e+00   1.2000000e+01   1.9000000e+01   4.0000000e+00  -5.3788755e+01  -3.8882872e+01   5.0107284e+02   5.5050291e+00   4.5565132e+00   0.0000000e+00
   2.0180000e+03   1.0000000e+00   9.0000000e+00   1.2000000e+01   2.0000000e+01   4.1000000e+01  -5.3793139e+01  -3.8881592e+01   4.9432549e+02   5.5623765e+00   6.1696026e+00   3.1064441e-01
   2.0180000e+03   1.0000000e+00   9.0000000e+00   1.2000000e+01   2.2000000e+01   1.8000000e+01  -5.3797564e+01  -3.8880259e+01   4.9945095e+02   7.3490531e+00   7.2202520e+00   3.7182030e+00
   2.0180000e+03   1.0000000e+00   9.0000000e+00   1.2000000e+01   2.3000000e+01   5.4000000e+01  -5.3802022e+01  -3.8878933e+01   5.0290144e+02   8.0191534e+00   6.8727933e+00   0.0000000e+00
   2.0180000e+03   1.0000000e+00   9.0000000e+00   1.2000000e+01   2.5000000e+01   3.0000099e+01  -5.3806377e+01  -3.8877476e+01   4.9337424e+02   5.3862789e+00   7.7512716e+00   1.5914181e+00
   2.0180000e+03   1.0000000e+00   9.0000000e+00   1.2000000e+01   2.7000000e+01   8.0000000e+00  -5.3810819e+01  -3.8876002e+01   5.0293233e+02   5.1656993e+00   9.2499147e+00   0.0000000e+00
   2.0180000e+03   1.0000000e+00   9.0000000e+00   1.2000000e+01   2.9000000e+01   1.0000000e+00  -5.3815424e+01  -3.8874665e+01   5.1921454e+02   9.4309275e+00   7.1989935e+00   0.0000000e+00
   2.0180000e+03   1.0000000e+00   9.0000000e+00   1.2000000e+01   3.1000000e+01   1.7000000e+01  -5.3819637e+01  -3.8873371e+01   4.7573155e+02   5.1985097e+00   6.5811904e+00   1.3950469e+00
   2.0180000e+03   1.0000000e+00   9.0000000e+00   1.2000000e+01   3.3000000e+01   2.8000000e+01  -5.3823896e+01  -3.8871982e+01   4.8191976e+02   4.1856427e+00   6.9080108e+00   2.0402930e+00
   2.0180000e+03   1.0000000e+00   9.0000000e+00   1.2000000e+01   3.5000000e+01   1.6000000e+01  -5.3828415e+01  -3.8870456e+01   5.1211267e+02   5.8825641e+00   6.1419724e+00   1.7821151e+00
   2.0180000e+03   1.0000000e+00   9.0000000e+00   1.2000000e+01   3.6000000e+01   5.0000000e+01  -5.3832842e+01  -3.8869126e+01   4.9951197e+02   4.2191614e+00   6.7646946e+00   0.0000000e+00
   2.0180000e+03   1.0000000e+00   9.0000000e+00   1.2000000e+01   3.8000000e+01   1.8000000e+01  -5.3837299e+01  -3.8867855e+01   5.0222372e+02   3.1892838e+00   7.5249761e+00   1.7596201e+00
   2.0180000e+03   1.0000000e+00   9.0000000e+00   1.2000000e+01   3.9000000e+01   5.0000099e+01  -5.3841770e+01  -3.8866409e+01   5.0586685e+02   2.3303881e+00   3.9384158e+00   5.6644345e-01
   2.0180000e+03   1.0000000e+00   9.0000000e+00   1.2000000e+01   4.1000000e+01   2.6000000e+01  -5.3846142e+01  -3.8865024e+01   4.9418619e+02   1.8640144e+00   3.3425016e+00   1.2529592e+00
   2.0180000e+03   1.0000000e+00   9.0000000e+00   1.2000000e+01   4.3000000e+01   3.0000000e+00  -5.3850524e+01  -3.8863550e+01   4.9641454e+02   3.1502006e+00   1.2595710e+00   5.6565336e-01
   2.0180000e+03   1.0000000e+00   9.0000000e+00   1.2000000e+01   4.4000000e+01   4.1000000e+01  -5.3854974e+01  -3.8862159e+01   5.0280166e+02   3.1670585e+00   2.4900711e+00   4.5882230e-01
   2.0180000e+03   1.0000000e+00   9.0000000e+00   1.2000000e+01   4.6000000e+01   1.8000000e+01  -5.3859369e+01  -3.8860772e+01   4.9674375e+02   2.7372201e+00   3.5641327e+00   2.0367800e+00
   2.0180000e+03   1.0000000e+00   9.0000000e+00   1.2000000e+01   4.7000000e+01   5.5000000e+01  -5.3863784e+01  -3.8859491e+01   4.9781549e+02   2.8955945e+00   5.8689817e+00   2.4977490e+00
   2.0180000e+03   1.0000000e+00   9.0000000e+00   1.2000000e+01   4.9000000e+01   3.3000000e+01  -5.3868219e+01  -3.8858151e+01   5.0048734e+02   4.6651680e+00   7.1149266e+00   1.6094627e+00
   2.0180000e+03   1.0000000e+00   9.0000000e+00   1.2000000e+01   5.1000000e+01   1.0000000e+01  -5.3872620e+01  -3.8856652e+01   4.9880065e+02   3.7566662e+00   7.6411145e+00   4.0224292e-01
   2.0180000e+03   1.0000000e+00   9.0000000e+00   1.2000000e+01   5.2000000e+01   4.6000000e+01  -5.3877016e+01  -3.8855367e+01   4.9569889e+02   3.5771684e+00   4.0840637e+00   0.0000000e+00
   2.0180000e+03   1.0000000e+00   9.0000000e+00   1.2000000e+01   5.4000000e+01   2.2000000e+01  -5.3881451e+01  -3.8854025e+01   5.0067853e+02   3.3432778e+00   4.6262181e+00   0.0000000e+00
   2.0180000e+03   1.0000000e+00   9.0000000e+00   1.2000000e+01   5.5000000e+01   5.9000000e+01  -5.3885883e+01  -3.8852681e+01   5.0025551e+02   4.9188540e+00   4.5194819e+00   1.1081422e-01
   2.0180000e+03   1.0000000e+00   9.0000000e+00   1.2000000e+01   5.7000000e+01   3.7000000e+01  -5.3890323e+01  -3.8851324e+01   5.0132112e+02   7.1429058e+00   3.8638268e+00   0.0000000e+00
   2.0180000e+03   1.0000000e+00   9.0000000e+00   1.2000000e+01   5.9000000e+01   1.4000000e+01  -5.3894716e+01  -3.8849886e+01   4.9714791e+02   5.9994768e+00   5.2115722e+00   2.6357560e-01
   2.0180000e+03   1.0000000e+00   9.0000000e+00   1.3000000e+01   0.0000000e+00   5.1000000e+01  -5.3899130e+01  -3.8848561e+01   4.9811097e+02   6.1421558e+00   5.4379589e+00   1.2657207e-01
   2.0180000e+03   1.0000000e+00   9.0000000e+00   1.3000000e+01   2.0000000e+00   2.8000000e+01  -5.3903552e+01  -3.8847113e+01   5.0040847e+02   5.7327381e+00   5.3732696e+00   2.3981660e-01
   2.0180000e+03   1.0000000e+00   9.0000000e+00   1.3000000e+01   4.0000000e+00   5.0000000e+00  -5.3907955e+01  -3.8845781e+01   4.9700767e+02   7.2280884e+00   4.3657857e+00   3.1521503e-01
   2.0180000e+03   1.0000000e+00   9.0000000e+00   1.3000000e+01   5.0000000e+00   4.3000000e+01  -5.3912400e+01  -3.8844423e+01   5.0177684e+02   4.4566095e+00   5.0577447e+00   7.9070963e-01
   2.0180000e+03   1.0000000e+00   9.0000000e+00   1.3000000e+01   7.0000000e+00   2.0000000e+01  -5.3916825e+01  -3.8843080e+01   4.9948876e+02   5.7200185e+00   9.0596079e+00   1.1374908e+00
   2.0180000e+03   1.0000000e+00   9.0000000e+00   1.3000000e+01   8.0000000e+00   5.6000000e+01  -5.3921263e+01  -3.8841643e+01   5.0210669e+02   3.9295377e+00   5.7532334e+00   0.0000000e+00
   2.0180000e+03   1.0000000e+00   9.0000000e+00   1.3000000e+01   1.0000000e+01   3.2000000e+01  -5.3925645e+01  -3.8840257e+01   4.9524549e+02   4.1111229e+00   5.1587257e+00   2.4544479e-01
   2.0180000e+03   1.0000000e+00   9.0000000e+00   1.3000000e+01   1.2000000e+01   9.0000000e+00  -5.3930028e+01  -3.8838905e+01   4.9508994e+02   4.9659883e+00   2.8096874e+00   1.6004801e-01
   2.0180000e+03   1.0000000e+00   9.0000000e+00   1.3000000e+01   1.3000000e+01   4.6000000e+01  -5.3934466e+01  -3.8837536e+01   5.0113939e+02   2.5746924e+00   3.7065521e+00   1.1700201e+00
   2.0180000e+03   1.0000000e+00   9.0000000e+00   1.3000000e+01   1.5000000e+01   2.2000000e+01  -5.3938894e+01  -3.8836155e+01   5.0024514e+02   2.7011668e+00   2.6872319e+00   8.9872798e-01
   2.0180000e+03   1.0000000e+00   9.0000000e+00   1.3000000e+01   1.6000000e+01   5.8000000e+01  -5.3943345e+01  -3.8834790e+01   5.0266466e+02   3.4783543e+00   3.9226264e+00   1.4462001e+00
   2.0180000e+03   1.0000000e+00   9.0000000e+00   1.3000000e+01   1.8000000e+01   3.4000000e+01  -5.3947764e+01  -3.8833432e+01   4.9892920e+02   3.4084829e+00   3.8908727e+00   1.0629328e+00
   2.0180000e+03   1.0000000e+00   9.0000000e+00   1.3000000e+01   2.0000000e+01   1.1000000e+01  -5.3952165e+01  -3.8832143e+01   4.9625210e+02   3.7697170e+00   4.1507556e+00   1.5371404e+00
   2.0180000e+03   1.0000000e+00   9.0000000e+00   1.3000000e+01   2.1000000e+01   4.9000000e+01  -5.3956564e+01  -3.8830826e+01   4.9644246e+02   3.9632441e+00   6.4256889e+00   1.6799469e+00
   2.0180000e+03   1.0000000e+00   9.0000000e+00   1.3000000e+01   2.3000000e+01   2.7000000e+01  -5.3960964e+01  -3.8829400e+01   4.9767690e+02   5.8907422e+00   1.1430599e+01   2.1425036e+00
   2.0180000e+03   1.0000000e+00   9.0000000e+00   1.3000000e+01   2.5000000e+01   5.0000000e+00  -5.3965358e+01  -3.8827951e+01   4.9737619e+02   2.9229213e+00   2.7561960e+00   1.6309361e+00
   2.0180000e+03   1.0000000e+00   9.0000000e+00   1.3000000e+01   2.6000000e+01   4.4000000e+01  -5.3969783e+01  -3.8826599e+01   4.9958856e+02   5.2856542e+00   2.7215660e+00   1.4608313e-01
   2.0180000e+03   1.0000000e+00   9.0000000e+00   1.3000000e+01   2.8000000e+01   2.2000000e+01  -5.3974200e+01  -3.8825189e+01   4.9939645e+02   4.7104211e+00   4.4788474e+00   9.6516259e-01
   2.0180000e+03   1.0000000e+00   9.0000000e+00   1.3000000e+01   2.9000000e+01   5.8000000e+01  -5.3978663e+01  -3.8823845e+01   5.0367329e+02   1.3592991e+01   4.8112188e+00   0.0000000e+00
   2.0180000e+03   1.0000000e+00   9.0000000e+00   1.3000000e+01   3.1000000e+01   3.4000000e+01  -5.3983105e+01  -3.8822470e+01   5.0172235e+02   3.6527647e+00   2.4010610e+00   7.0188716e-01
   2.0180000e+03   1.0000000e+00   9.0000000e+00   1.3000000e+01   3.3000000e+01   1.4000000e+01  -5.3987574e+01  -3.8821018e+01   5.0557026e+02   3.5014527e+00   1.9376761e+00   1.5876210e-01
   2.0180000e+03   1.0000000e+00   9.0000000e+00   1.3000000e+01   3.5000000e+01   1.2000000e+01  -5.3992000e+01  -3.8819633e+01   4.9999192e+02   4.0788051e+00   3.7788229e+00   1.1403043e+00
