   2.0090000e+03   1.0000000e+00   3.0000000e+00   1.1000000e+01   4.0000000e+00   5.3000000e+01  -5.3153407e+01  -3.7830320e+01   5.0232637e+02   8.7679128e+00   7.6042500e+00   7.3581594e+00
   2.0090000e+03   1.0000000e+00   3.0000000e+00   1.1000000e+01   7.0000000e+00   1.6000000e+01  -5.3157659e+01  -3.7829100e+01   4.7941381e+02   1.1018286e+01   2.9681660e+01   2.0210660e+01
   2.0090000e+03   1.0000000e+00   3.0000000e+00   1.1000000e+01   9.0000000e+00   1.2000099e+01  -5.3162376e+01  -3.7827618e+01   5.3337596e+02   1.4139140e+01   2.9790755e+01   1.9007010e+01
   2.0090000e+03   1.0000000e+00   3.0000000e+00   1.1000000e+01   1.0000000e+01   5.6000000e+01  -5.3166723e+01  -3.7826298e+01   4.9097167e+02   1.5006171e+01   2.0452054e+01   1.4527699e+01
   2.0090000e+03   1.0000000e+00   3.0000000e+00   1.1000000e+01   1.2000000e+01   3.5000000e+01  -5.3171174e+01  -3.7824968e+01   5.0240156e+02   1.4534500e+01   4.9594962e+01   3.2102615e+01
   2.0090000e+03   1.0000000e+00   3.0000000e+00   1.1000000e+01   1.4000000e+01   1.2000000e+01  -5.3175583e+01  -3.7823566e+01   4.9880002e+02   1.1091417e+01   2.7553373e+01   2.1767939e+01
   2.0090000e+03   1.0000000e+00   3.0000000e+00   1.1000000e+01   1.5000000e+01   4.9000000e+01  -5.3180014e+01  -3.7822073e+01   5.0226641e+02   7.8193702e+00   2.8474378e+01   2.8474378e+01
   2.0090000e+03   1.0000000e+00   3.0000000e+00   1.1000000e+01   1.7000000e+01   2.6000000e+01  -5.3184412e+01  -3.7820571e+01   4.9892040e+02   5.1192158e+00   9.3236011e+00   6.5295638e+00
   2.0090000e+03   1.0000000e+00   3.0000000e+00   1.1000000e+01   1.9000000e+01   4.0000992e+00  -5.3188807e+01  -3.7819079e+01   4.9829792e+02   6.6572789e+00   1.4098839e+01   1.1867784e+01
   2.0090000e+03   1.0000000e+00   3.0000000e+00   1.1000000e+01   2.0000000e+01   4.1000000e+01  -5.3193229e+01  -3.7817559e+01   5.0173580e+02   6.7183179e+00   2.7553315e+01   2.1351009e+01
   2.0090000e+03   1.0000000e+00   3.0000000e+00   1.1000000e+01   2.2000000e+01   1.7000099e+01  -5.3197627e+01  -3.7816069e+01   4.9863209e+02   9.6719159e+00   2.8223995e+01   2.7476096e+01
   2.0090000e+03   1.0000000e+00   3.0000000e+00   1.1000000e+01   2.3000000e+01   5.3000000e+01  -5.3202061e+01  -3.7814541e+01   5.0310461e+02   1.0681465e+01   4.0502000e+01   3.4535723e+01
   2.0090000e+03   1.0000000e+00   3.0000000e+00   1.1000000e+01   2.5000000e+01   2.9000000e+01  -5.3206417e+01  -3.7812948e+01   4.9553084e+02   1.3540490e+01   3.8635571e+01   3.0319555e+01
   2.0090000e+03   1.0000000e+00   3.0000000e+00   1.1000000e+01   2.7000000e+01   5.0000000e+00  -5.3210796e+01  -3.7811491e+01   4.9612175e+02   1.7034169e+01   3.4299522e+01   2.8226771e+01
   2.0090000e+03   1.0000000e+00   3.0000000e+00   1.1000000e+01   2.8000000e+01   4.1000000e+01  -5.3215206e+01  -3.7809973e+01   5.0033586e+02   1.9112971e+01   2.7554520e+01   1.8828992e+01
   2.0090000e+03   1.0000000e+00   3.0000000e+00   1.1000000e+01   3.0000000e+01   1.6000000e+01  -5.3219618e+01  -3.7808449e+01   5.0062667e+02   2.4111525e+01   3.5121516e+01   3.5121516e+01
   2.0090000e+03   1.0000000e+00   3.0000000e+00   1.1000000e+01   3.1000000e+01   5.2000099e+01  -5.3223994e+01  -3.7806877e+01   4.9745758e+02   1.6765512e+01   3.5938497e+01   2.9463628e+01
   2.0090000e+03   1.0000000e+00   3.0000000e+00   1.1000000e+01   3.3000000e+01   2.9000000e+01  -5.3228408e+01  -3.7805333e+01   5.0104998e+02   1.7265916e+01   3.9670896e+01   3.4558757e+01
   2.0090000e+03   1.0000000e+00   3.0000000e+00   1.1000000e+01   3.5000000e+01   5.0000000e+00  -5.3232792e+01  -3.7803807e+01   4.9768370e+02   2.1878658e+01   4.4228559e+01   4.2665814e+01
   2.0090000e+03   1.0000000e+00   3.0000000e+00   1.1000000e+01   3.6000000e+01   4.2000000e+01  -5.3237193e+01  -3.7802296e+01   4.9920298e+02   1.3987892e+01   4.9117203e+01   4.3633392e+01
   2.0090000e+03   1.0000000e+00   3.0000000e+00   1.1000000e+01   3.8000000e+01   1.9000000e+01  -5.3241598e+01  -3.7800777e+01   4.9980684e+02   1.1886342e+01   3.3639586e+01   1.8107284e+01
   2.0090000e+03   1.0000000e+00   3.0000000e+00   1.1000000e+01   3.9000000e+01   5.6000000e+01  -5.3245988e+01  -3.7799309e+01   4.9747896e+02   1.3249458e+01   3.6057372e+01   1.5226447e+01
   2.0090000e+03   1.0000000e+00   3.0000000e+00   1.1000000e+01   4.1000000e+01   3.4000099e+01  -5.3250391e+01  -3.7797754e+01   5.0011127e+02   8.1488944e+00   2.2130973e+01   1.2688947e+01
   2.0090000e+03   1.0000000e+00   3.0000000e+00   1.1000000e+01   4.3000000e+01   1.2000000e+01  -5.3254790e+01  -3.7796229e+01   4.9924644e+02   1.3802308e+01   3.7499051e+01   3.5196863e+01
   2.0090000e+03   1.0000000e+00   3.0000000e+00   1.1000000e+01   4.4000000e+01   5.0000000e+01  -5.3259203e+01  -3.7794742e+01   5.0019098e+02   1.7793403e+01   3.8982696e+01   3.2905261e+01
   2.0090000e+03   1.0000000e+00   3.0000000e+00   1.1000000e+01   4.8000000e+01   4.0000000e+00  -5.3268033e+01  -3.7791734e+01   1.0013495e+03   1.6506787e+01   2.8633286e+01   2.2238728e+01
   2.0090000e+03   1.0000000e+00   3.0000000e+00   1.1000000e+01   4.9000000e+01   4.2000000e+01  -5.3272422e+01  -3.7790287e+01   4.9707299e+02   1.8180319e+01   4.6277674e+01   3.6693392e+01
   2.0090000e+03   1.0000000e+00   3.0000000e+00   1.1000000e+01   5.1000000e+01   2.1000000e+01  -5.3276854e+01  -3.7788817e+01   5.0205868e+02   1.3785581e+01   4.6605872e+01   2.9665082e+01
   2.0090000e+03   1.0000000e+00   3.0000000e+00   1.1000000e+01   5.3000000e+01   0.0000000e+00  -5.3281269e+01  -3.7787328e+01   5.0051160e+02   1.8261760e+01   6.8803838e+01   5.6542396e+01
   2.0090000e+03   1.0000000e+00   3.0000000e+00   1.1000000e+01   5.4000000e+01   3.8000000e+01  -5.3285677e+01  -3.7785811e+01   5.0013553e+02   1.8301028e+01   2.3573212e+01   1.6571638e+01
   2.0090000e+03   1.0000000e+00   3.0000000e+00   1.1000000e+01   5.6000000e+01   1.6000000e+01  -5.3290097e+01  -3.7784372e+01   5.0033264e+02   2.9000878e+01   3.6720354e+01   2.7057338e+01
   2.0090000e+03   1.0000000e+00   3.0000000e+00   1.1000000e+01   5.7000000e+01   5.4000099e+01  -5.3294464e+01  -3.7782875e+01   4.9535018e+02   2.8627499e+01   3.3210264e+01   2.6048771e+01
   2.0090000e+03   1.0000000e+00   3.0000000e+00   1.1000000e+01   5.9000000e+01   3.2000000e+01  -5.3298882e+01  -3.7781461e+01   4.9983801e+02   2.4167424e+01   3.0264482e+01   2.6836214e+01
   2.0090000e+03   1.0000000e+00   3.0000000e+00   1.2000000e+01   1.0000000e+00   9.9999008e+00  -5.3303337e+01  -3.7780074e+01   5.0354487e+02   1.4492317e+01   5.0689995e+01   4.4112985e+01
   2.0090000e+03   1.0000000e+00   3.0000000e+00   1.2000000e+01   2.0000000e+00   4.8000000e+01  -5.3307744e+01  -3.7778639e+01   4.9882670e+02   1.3152397e+01   3.5690718e+01   3.0540600e+01
   2.0090000e+03   1.0000000e+00   3.0000000e+00   1.2000000e+01   4.0000000e+00   3.4000000e+01  -5.3312179e+01  -3.7777192e+01   5.0211727e+02   1.2204410e+01   4.0537286e+01   3.5928020e+01
   2.0090000e+03   1.0000000e+00   3.0000000e+00   1.2000000e+01   6.0000000e+00   3.6000000e+01  -5.3316603e+01  -3.7775748e+01   5.0090295e+02   1.4004903e+01   4.0647132e+01   3.8218945e+01
   2.0090000e+03   1.0000000e+00   3.0000000e+00   1.2000000e+01   8.0000000e+00   5.7000000e+01  -5.3320971e+01  -3.7774267e+01   4.9521386e+02   1.1964070e+01   2.6188648e+01   2.5145622e+01
   2.0090000e+03   1.0000000e+00   3.0000000e+00   1.2000000e+01   1.1000000e+01   3.5000000e+01  -5.3325366e+01  -3.7772755e+01   4.9849670e+02   6.8700219e+00   2.0520417e+01   2.0076713e+01
   2.0090000e+03   1.0000000e+00   3.0000000e+00   1.2000000e+01   1.4000000e+01   2.3000000e+01  -5.3329728e+01  -3.7771290e+01   4.9433754e+02   7.6766570e+00   1.4170290e+01   1.4077463e+01
   2.0090000e+03   1.0000000e+00   3.0000000e+00   1.2000000e+01   1.6000000e+01   5.7000000e+01  -5.3333783e+01  -3.7769886e+01   4.6017406e+02   1.1673424e+01   2.3582046e+01   2.1358986e+01
   2.0090000e+03   1.0000000e+00   3.0000000e+00   1.2000000e+01   1.8000000e+01   5.4000000e+01  -5.3338550e+01  -3.7768391e+01   5.3890903e+02   5.0360062e+00   1.5317011e+01   1.2799885e+01
   2.0090000e+03   1.0000000e+00   3.0000000e+00   1.2000000e+01   2.0000000e+01   3.3000000e+01  -5.3342999e+01  -3.7767190e+01   5.0072578e+02   6.7575730e+00   1.9571098e+01   1.0837486e+01
   2.0090000e+03   1.0000000e+00   3.0000000e+00   1.2000000e+01   2.2000000e+01   1.3000000e+01  -5.3347425e+01  -3.7765937e+01   4.9882383e+02   8.0185019e+00   2.9345075e+01   2.7394853e+01
   2.0090000e+03   1.0000000e+00   3.0000000e+00   1.2000000e+01   2.3000000e+01   5.2000000e+01  -5.3351837e+01  -3.7764709e+01   4.9698959e+02   1.2904153e+01   3.8443245e+01   2.0307278e+01
   2.0090000e+03   1.0000000e+00   3.0000000e+00   1.2000000e+01   2.5000000e+01   3.0000099e+01  -5.3356283e+01  -3.7763463e+01   5.0090850e+02   1.6864470e+01   4.8393259e+01   3.4940408e+01
   2.0090000e+03   1.0000000e+00   3.0000000e+00   1.2000000e+01   2.7000000e+01   8.0000000e+00  -5.3360737e+01  -3.7762223e+01   5.0173011e+02   9.6649358e+00   3.3703298e+01   3.2057584e+01
   2.0090000e+03   1.0000000e+00   3.0000000e+00   1.2000000e+01   2.8000000e+01   4.6000000e+01  -5.3365144e+01  -3.7761005e+01   4.9624682e+02   1.4921050e+01   3.5344500e+01   3.0621357e+01
   2.0090000e+03   1.0000000e+00   3.0000000e+00   1.2000000e+01   3.0000000e+01   2.4000099e+01  -5.3369627e+01  -3.7759744e+01   5.0516514e+02   1.9209811e+01   3.4836780e+01   2.9840223e+01
   2.0090000e+03   1.0000000e+00   3.0000000e+00   1.2000000e+01   3.2000000e+01   3.0000000e+00  -5.3373949e+01  -3.7757945e+01   4.9489612e+02   1.3098901e+01   3.8314848e+01   3.3900126e+01
   2.0090000e+03   1.0000000e+00   3.0000000e+00   1.2000000e+01   3.3000000e+01   4.0000099e+01  -5.3378219e+01  -3.7755922e+01   4.9306119e+02   1.1254983e+01   2.1507846e+01   2.0088485e+01
   2.0090000e+03   1.0000000e+00   3.0000000e+00   1.2000000e+01   3.5000000e+01   1.8000000e+01  -5.3382568e+01  -3.7753898e+01   5.0149504e+02   9.6112734e+00   1.2612320e+01   9.8791978e+00
   2.0090000e+03   1.0000000e+00   3.0000000e+00   1.2000000e+01   3.6000000e+01   5.4000099e+01  -5.3386986e+01  -3.7752328e+01   5.0181834e+02   8.8167630e+00   1.5281925e+01   1.1477341e+01
   2.0090000e+03   1.0000000e+00   3.0000000e+00   1.2000000e+01   3.8000000e+01   3.0000000e+01  -5.3391381e+01  -3.7750924e+01   4.9716566e+02   3.5466795e+01   8.3536912e+01   8.3536912e+01
   2.0090000e+03   1.0000000e+00   3.0000000e+00   1.2000000e+01   4.0000000e+01   8.0000992e+00  -5.3395839e+01  -3.7749494e+01   5.0439155e+02   2.0151229e+01   2.1953889e+01   1.9797823e+01
   2.0090000e+03   1.0000000e+00   3.0000000e+00   1.2000000e+01   4.1000000e+01   4.5000000e+01  -5.3400241e+01  -3.7748066e+01   4.9821542e+02   2.1078120e+01   1.3398120e+01   1.8390738e+00
   2.0090000e+03   1.0000000e+00   3.0000000e+00   1.2000000e+01   4.3000000e+01   2.2000000e+01  -5.3404591e+01  -3.7746507e+01   4.9428928e+02   2.2773488e+01   3.6116876e+01   2.3837070e+01
   2.0090000e+03   1.0000000e+00   3.0000000e+00   1.2000000e+01   4.5000000e+01   0.0000000e+00  -5.3409014e+01  -3.7744880e+01   5.0318545e+02   2.1949787e+01   3.9311193e+01   3.8435549e+00
   2.0090000e+03   1.0000000e+00   3.0000000e+00   1.2000000e+01   4.6000000e+01   3.8000000e+01  -5.3413412e+01  -3.7743238e+01   5.0060916e+02   1.8611747e+01   3.4763501e+01   2.6241831e+01
   2.0090000e+03   1.0000000e+00   3.0000000e+00   1.2000000e+01   4.8000000e+01   1.6000000e+01  -5.3417821e+01  -3.7741706e+01   5.0033834e+02   1.7383999e+01   4.6959345e+01   2.8933773e+01
   2.0090000e+03   1.0000000e+00   3.0000000e+00   1.2000000e+01   4.9000000e+01   5.3000000e+01  -5.3422190e+01  -3.7740187e+01   4.9580021e+02   1.8622541e+01   4.5327009e+01   2.9829963e+01
   2.0090000e+03   1.0000000e+00   3.0000000e+00   1.2000000e+01   5.1000000e+01   3.0000000e+01  -5.3426581e+01  -3.7738668e+01   4.9816089e+02   2.0176602e+01   5.4309038e+01   3.3072237e+01
   2.0090000e+03   1.0000000e+00   3.0000000e+00   1.2000000e+01   5.3000000e+01   8.0000000e+00  -5.3430988e+01  -3.7737146e+01   4.9997456e+02   2.5254690e+01   4.5225111e+01   4.0181975e+01
   2.0090000e+03   1.0000000e+00   3.0000000e+00   1.2000000e+01   5.4000000e+01   4.6000000e+01  -5.3435380e+01  -3.7735640e+01   4.9814216e+02   1.3211938e+01   3.4188660e+01   2.8623590e+01
   2.0090000e+03   1.0000000e+00   3.0000000e+00   1.2000000e+01   5.6000000e+01   2.4000000e+01  -5.3439782e+01  -3.7734111e+01   4.9943922e+02   1.7631232e+01   3.9624317e+01   3.3659769e+01
   2.0090000e+03   1.0000000e+00   3.0000000e+00   1.2000000e+01   5.8000000e+01   1.0000992e+00  -5.3444177e+01  -3.7732567e+01   4.9896936e+02   2.2675335e+01   7.2126242e+01   6.5007465e+01
   2.0090000e+03   1.0000000e+00   3.0000000e+00   1.2000000e+01   5.9000000e+01   3.8000000e+01  -5.3448583e+01  -3.7731057e+01   4.9975648e+02   2.1521349e+01   4.5940443e+01   3.3178822e+01
   2.0090000e+03   1.0000000e+00   3.0000000e+00   1.3000000e+01   1.0000000e+00   1.5999901e+01  -5.3453000e+01  -3.7729487e+01   5.0166556e+02   1.3654666e+01   2.2663368e+01   1.7922617e+01
   2.0090000e+03   1.0000000e+00   3.0000000e+00   1.3000000e+01   2.0000000e+00   5.4000000e+01  -5.3457410e+01  -3.7727982e+01   5.0008759e+02   1.3828612e+01   3.2481887e+01   2.8097144e+01
   2.0090000e+03   1.0000000e+00   3.0000000e+00   1.3000000e+01   4.0000000e+00   3.2000000e+01  -5.3461827e+01  -3.7726481e+01   5.0072652e+02   1.9546385e+01   4.5105536e+01   2.7951431e+01
   2.0090000e+03   1.0000000e+00   3.0000000e+00   1.3000000e+01   6.0000000e+00   1.1000099e+01  -5.3466237e+01  -3.7725045e+01   4.9916239e+02   1.6277383e+01   3.7915468e+01   2.7251868e+01
   2.0090000e+03   1.0000000e+00   3.0000000e+00   1.3000000e+01   7.0000000e+00   5.0000000e+01  -5.3470652e+01  -3.7723593e+01   4.9990684e+02   1.7992237e+01   2.7924255e+01   1.6711502e+01
   2.0090000e+03   1.0000000e+00   3.0000000e+00   1.3000000e+01   9.0000000e+00   2.8000000e+01  -5.3475025e+01  -3.7722131e+01   4.9549926e+02   1.4416121e+01   1.8638553e+01   1.5253989e+01
   2.0090000e+03   1.0000000e+00   3.0000000e+00   1.3000000e+01   1.1000000e+01   7.0000992e+00  -5.3479429e+01  -3.7720726e+01   4.9805911e+02   1.4245417e+01   2.3197773e+01   1.1931928e+01
   2.0090000e+03   1.0000000e+00   3.0000000e+00   1.3000000e+01   1.2000000e+01   4.8000099e+01  -5.3483877e+01  -3.7719334e+01   5.0279492e+02   1.2436375e+01   8.9917412e+00   5.7171758e+00
   2.0090000e+03   1.0000000e+00   3.0000000e+00   1.3000000e+01   1.4000000e+01   3.0999901e+01  -5.3488427e+01  -3.7717837e+01   5.1517231e+02   1.4823284e+01   1.3152473e+01   1.0220552e+01
   2.0090000e+03   1.0000000e+00   3.0000000e+00   1.3000000e+01   1.6000000e+01   2.7000000e+01  -5.3492806e+01  -3.7716447e+01   4.9512807e+02   1.1505630e+01   1.2639657e+01   1.1242927e+01
   2.0090000e+03   1.0000000e+00   3.0000000e+00   1.3000000e+01   1.8000000e+01   4.9000099e+01  -5.3497183e+01  -3.7714843e+01   4.9784710e+02   7.2321684e+00   6.3980218e+00   6.3980218e+00
   2.0090000e+03   1.0000000e+00   3.0000000e+00   1.3000000e+01   2.1000000e+01   3.0000000e+01  -5.3501469e+01  -3.7713197e+01   4.8858762e+02   3.8283770e+00   3.9337657e+00   3.9337657e+00
   2.0090000e+03   1.0000000e+00   3.0000000e+00   1.3000000e+01   2.4000000e+01   1.3000099e+01  -5.3505827e+01  -3.7711684e+01   4.9438551e+02   5.8687742e+00   8.7882112e+00   8.7882112e+00
   2.0090000e+03   1.0000000e+00   3.0000000e+00   1.3000000e+01   2.6000000e+01   4.4000000e+01  -5.3510030e+01  -3.7710213e+01   4.7710617e+02   7.0535101e+00   9.8364822e+00   9.8364822e+00
   2.0090000e+03   1.0000000e+00   3.0000000e+00   1.3000000e+01   2.8000000e+01   4.4000000e+01  -5.3514607e+01  -3.7708667e+01   5.1873640e+02   9.1877121e+00   1.6370966e+01   1.6370966e+01
   2.0090000e+03   1.0000000e+00   3.0000000e+00   1.3000000e+01   3.0000000e+01   2.2999901e+01  -5.3519083e+01  -3.7707238e+01   5.0622910e+02   1.4548371e+01   2.1589846e+01   1.9872740e+01
   2.0090000e+03   1.0000000e+00   3.0000000e+00   1.3000000e+01   3.2000000e+01   2.0000000e+00  -5.3523522e+01  -3.7705845e+01   5.0178654e+02   1.2169696e+01   2.9304620e+01   2.4912218e+01
   2.0090000e+03   1.0000000e+00   3.0000000e+00   1.3000000e+01   3.3000000e+01   4.0000000e+01  -5.3527942e+01  -3.7704465e+01   4.9952782e+02   1.1573543e+01   2.4386792e+01   2.0599278e+01
   2.0090000e+03   1.0000000e+00   3.0000000e+00   1.3000000e+01   3.5000000e+01   1.8000099e+01  -5.3532317e+01  -3.7703106e+01   4.9438885e+02   1.0579507e+01   2.9585654e+01   1.4044450e+01
   2.0090000e+03   1.0000000e+00   3.0000000e+00   1.3000000e+01   3.6000000e+01   5.6000000e+01  -5.3536688e+01  -3.7701668e+01   4.9490406e+02   1.3483170e+01   2.6653361e+01   1.0090275e+01
   2.0090000e+03   1.0000000e+00   3.0000000e+00   1.3000000e+01   3.8000000e+01   3.4000000e+01  -5.3541117e+01  -3.7700157e+01   5.0217338e+02   1.4091615e+01   2.0440071e+01   9.1459673e+00
   2.0090000e+03   1.0000000e+00   3.0000000e+00   1.3000000e+01   4.0000000e+01   1.2000000e+01  -5.3545541e+01  -3.7698698e+01   5.0089024e+02   1.7346911e+01   3.6451418e+01   7.8973809e+00
   2.0090000e+03   1.0000000e+00   3.0000000e+00   1.3000000e+01   4.1000000e+01   5.0000000e+01  -5.3549989e+01  -3.7697224e+01   5.0375771e+02   2.1467112e+01   3.3982416e+01   1.1459644e+01
   2.0090000e+03   1.0000000e+00   3.0000000e+00   1.3000000e+01   4.3000000e+01   2.7000000e+01  -5.3554364e+01  -3.7695724e+01   4.9621414e+02   2.2236030e+01   2.5938348e+01   6.6667025e+00
   2.0090000e+03   1.0000000e+00   3.0000000e+00   1.3000000e+01   4.5000000e+01   5.0000000e+00  -5.3558781e+01  -3.7694171e+01   5.0137424e+02   2.1948506e+01   2.8564433e+01   9.8266236e+00
   2.0090000e+03   1.0000000e+00   3.0000000e+00   1.3000000e+01   4.6000000e+01   4.4000000e+01  -5.3563206e+01  -3.7692636e+01   5.0202131e+02   1.8180582e+01   2.7699727e+01   1.6872641e+01
   2.0090000e+03   1.0000000e+00   3.0000000e+00   1.3000000e+01   4.8000000e+01   2.2000000e+01  -5.3567579e+01  -3.7691157e+01   4.9560025e+02   1.9405380e+01   1.6798480e+01   5.6537142e+00
   2.0090000e+03   1.0000000e+00   3.0000000e+00   1.3000000e+01   5.0000000e+01   1.0000000e+00  -5.3571995e+01  -3.7689595e+01   5.0140837e+02   2.2025005e+01   1.3853240e+01   1.0046121e+01
   2.0090000e+03   1.0000000e+00   3.0000000e+00   1.3000000e+01   5.1000000e+01   4.0000000e+01  -5.3576403e+01  -3.7688067e+01   5.0008451e+02   1.8923168e+01   2.3403662e+01   1.5570840e+01
   2.0090000e+03   1.0000000e+00   3.0000000e+00   1.3000000e+01   5.3000000e+01   1.8000000e+01  -5.3580804e+01  -3.7686577e+01   4.9888557e+02   2.0975255e+01   2.4252256e+01   1.4340226e+01
   2.0090000e+03   1.0000000e+00   3.0000000e+00   1.3000000e+01   5.4000000e+01   5.6000000e+01  -5.3585183e+01  -3.7685045e+01   4.9694909e+02   2.0210785e+01   1.8194268e+01   1.2640312e+01
   2.0090000e+03   1.0000000e+00   3.0000000e+00   1.3000000e+01   5.6000000e+01   3.4999901e+01  -5.3589579e+01  -3.7683500e+01   4.9905002e+02   1.5543667e+01   2.1100067e+01   1.5984526e+01
   2.0090000e+03   1.0000000e+00   3.0000000e+00   1.3000000e+01   5.8000000e+01   1.4000000e+01  -5.3593978e+01  -3.7681944e+01   4.9941740e+02   1.4028926e+01   2.1297522e+01   1.4854404e+01
   2.0090000e+03   1.0000000e+00   3.0000000e+00   1.3000000e+01   5.9000000e+01   5.3000000e+01  -5.3598368e+01  -3.7680494e+01   4.9710815e+02   1.7337135e+01   2.6420791e+01   2.0265803e+01
   2.0090000e+03   1.0000000e+00   3.0000000e+00   1.4000000e+01   1.0000000e+00   3.2000000e+01  -5.3602800e+01  -3.7679061e+01   5.0148235e+02   2.9722941e+01   8.3674631e+01   3.7073567e+01
   2.0090000e+03   1.0000000e+00   3.0000000e+00   1.4000000e+01   3.0000000e+00   1.0000000e+01  -5.3607233e+01  -3.7677634e+01   5.0147066e+02   3.3671541e+01   6.2646873e+01   2.8090337e+01
   2.0090000e+03   1.0000000e+00   3.0000000e+00   1.4000000e+01   4.0000000e+00   4.8000000e+01  -5.3611647e+01  -3.7676155e+01   5.0006553e+02   3.1530177e+01   4.8829023e+01   2.2040235e+01
   2.0090000e+03   1.0000000e+00   3.0000000e+00   1.4000000e+01   6.0000000e+00   2.5000000e+01  -5.3616041e+01  -3.7674690e+01   4.9770507e+02   3.7471212e+01   4.5397559e+01   2.8937845e+01
   2.0090000e+03   1.0000000e+00   3.0000000e+00   1.4000000e+01   8.0000000e+00   3.0000000e+00  -5.3620425e+01  -3.7673189e+01   4.9712846e+02   1.4364178e+02   4.9013821e+02   4.6815355e+02
   2.0090000e+03   1.0000000e+00   3.0000000e+00   1.4000000e+01   9.0000000e+00   4.2000000e+01  -5.3624841e+01  -3.7671690e+01   5.0061408e+02   2.4685487e+02   8.9014825e+02   8.1918175e+02
   2.0090000e+03   1.0000000e+00   3.0000000e+00   1.4000000e+01   1.1000000e+01   2.0000000e+01  -5.3629252e+01  -3.7670192e+01   4.9992705e+02   3.0992940e+01   8.0818200e+01   6.5378114e+01
   2.0090000e+03   1.0000000e+00   3.0000000e+00   1.4000000e+01   1.2000000e+01   5.7000000e+01  -5.3633664e+01  -3.7668751e+01   4.9933370e+02   6.6811319e+01   2.1468200e+02   1.5571940e+02
   2.0090000e+03   1.0000000e+00   3.0000000e+00   1.4000000e+01   1.4000000e+01   3.5000000e+01  -5.3638060e+01  -3.7667266e+01   4.9827316e+02   4.5556928e+01   1.5151641e+02   1.3986607e+02
   2.0090000e+03   1.0000000e+00   3.0000000e+00   1.4000000e+01   1.6000000e+01   1.4000000e+01  -5.3642478e+01  -3.7665799e+01   5.0036361e+02   5.3956044e+01   1.6745205e+02   5.2056818e+01
   2.0090000e+03   1.0000000e+00   3.0000000e+00   1.4000000e+01   1.7000000e+01   5.3000000e+01  -5.3646884e+01  -3.7664321e+01   4.9915915e+02   3.6131750e+01   8.8717644e+01   8.7159348e+01
   2.0090000e+03   1.0000000e+00   3.0000000e+00   1.4000000e+01   1.9000000e+01   3.2000000e+01  -5.3651317e+01  -3.7662846e+01   5.0206749e+02   1.3952315e+01   1.2607246e+01   4.4955295e+00
   2.0090000e+03   1.0000000e+00   3.0000000e+00   1.4000000e+01   2.1000000e+01   1.0000000e+01  -5.3655728e+01  -3.7661443e+01   4.9876340e+02   1.0301377e+01   1.0409722e+00   1.0409722e+00
   2.0090000e+03   1.0000000e+00   3.0000000e+00   1.4000000e+01   2.2000000e+01   4.9000000e+01  -5.3660112e+01  -3.7660063e+01   4.9556836e+02   8.2568933e+00   1.3438079e+00   7.0989160e-01
   2.0090000e+03   1.0000000e+00   3.0000000e+00   1.4000000e+01   2.4000000e+01   3.3000000e+01  -5.3664670e+01  -3.7658560e+01   5.1604441e+02   9.4262026e+00   2.0148659e+00   1.5795317e+00
   2.0090000e+03   1.0000000e+00   3.0000000e+00   1.4000000e+01   2.6000000e+01   3.2000000e+01  -5.3669027e+01  -3.7657054e+01   4.9417807e+02   6.2636994e+00   2.1951582e+00   2.1951582e+00
   2.0090000e+03   1.0000000e+00   3.0000000e+00   1.4000000e+01   2.8000000e+01   4.9000000e+01  -5.3673336e+01  -3.7655311e+01   4.9236852e+02   1.8171992e+00   6.4013064e-01   0.0000000e+00
   2.0090000e+03   1.0000000e+00   3.0000000e+00   1.4000000e+01   3.1000000e+01   1.8000000e+01  -5.3677700e+01  -3.7653607e+01   4.9780884e+02   4.0708566e+00   0.0000000e+00   0.0000000e+00
   2.0090000e+03   1.0000000e+00   3.0000000e+00   1.4000000e+01   3.3000000e+01   3.0000000e+01  -5.3681852e+01  -3.7652042e+01   4.7271973e+02   6.2824882e+00   3.6643298e+00   3.0146176e+00
   2.0090000e+03   1.0000000e+00   3.0000000e+00   1.4000000e+01   3.5000000e+01   1.4000000e+01  -5.3686430e+01  -3.7650314e+01   5.2126026e+02   6.0551145e+00   7.2985210e+00   7.2985210e+00
   2.0090000e+03   1.0000000e+00   3.0000000e+00   1.4000000e+01   3.6000000e+01   5.3000000e+01  -5.3690871e+01  -3.7648912e+01   5.0199786e+02   8.0062376e+00   7.4890125e+00   7.1954979e+00
   2.0090000e+03   1.0000000e+00   3.0000000e+00   1.4000000e+01   3.8000000e+01   3.2000000e+01  -5.3695288e+01  -3.7647478e+01   4.9986624e+02   3.8320003e+00   2.3551623e+00   1.3386057e+00
   2.0090000e+03   1.0000000e+00   3.0000000e+00   1.4000000e+01   4.0000000e+01   1.0000000e+01  -5.3699666e+01  -3.7646011e+01   4.9587015e+02   4.9091821e+00   4.5715107e+00   3.4382844e+00
   2.0090000e+03   1.0000000e+00   3.0000000e+00   1.4000000e+01   4.1000000e+01   4.8000000e+01  -5.3704080e+01  -3.7644597e+01   4.9926663e+02   5.3822761e+00   4.1556077e+00   3.4244176e+00
   2.0090000e+03   1.0000000e+00   3.0000000e+00   1.4000000e+01   4.3000000e+01   2.6000000e+01  -5.3708529e+01  -3.7643113e+01   5.0393396e+02   1.8776506e+00   2.2913032e+00   1.2065256e+00
   2.0090000e+03   1.0000000e+00   3.0000000e+00   1.4000000e+01   4.5000000e+01   3.0000000e+00  -5.3712905e+01  -3.7641616e+01   4.9613424e+02   3.3664063e+00   3.2479863e+00   8.3624633e-01
   2.0090000e+03   1.0000000e+00   3.0000000e+00   1.4000000e+01   4.6000000e+01   4.0000000e+01  -5.3717340e+01  -3.7640057e+01   5.0338761e+02   4.1230835e+00   4.4587589e+00   2.9120003e+00
   2.0090000e+03   1.0000000e+00   3.0000000e+00   1.4000000e+01   4.8000000e+01   1.7000000e+01  -5.3721766e+01  -3.7638542e+01   5.0171314e+02   4.0364449e+00   5.0032957e+00   2.5531088e+00
   2.0090000e+03   1.0000000e+00   3.0000000e+00   1.4000000e+01   4.9000000e+01   5.3000000e+01  -5.3726156e+01  -3.7636996e+01   4.9835027e+02   4.4549253e+00   4.3736641e+00   1.9977438e+00
   2.0090000e+03   1.0000000e+00   3.0000000e+00   1.4000000e+01   5.1000000e+01   2.9000000e+01  -5.3730555e+01  -3.7635423e+01   4.9958665e+02   4.7643870e+00   5.3383666e+00   3.3578892e+00
   2.0090000e+03   1.0000000e+00   3.0000000e+00   1.4000000e+01   5.3000000e+01   5.0000000e+00  -5.3734979e+01  -3.7633857e+01   5.0231103e+02   4.7435707e+00   6.2553272e+00   4.2768003e+00
   2.0090000e+03   1.0000000e+00   3.0000000e+00   1.4000000e+01   5.4000000e+01   4.1000000e+01  -5.3739391e+01  -3.7632332e+01   5.0038006e+02   3.5912310e+00   2.2090287e+00   1.7718397e+00
   2.0090000e+03   1.0000000e+00   3.0000000e+00   1.4000000e+01   5.6000000e+01   1.7000000e+01  -5.3743763e+01  -3.7630839e+01   4.9559852e+02   5.3272657e+00   1.4421740e+00   1.4421740e+00
   2.0090000e+03   1.0000000e+00   3.0000000e+00   1.4000000e+01   5.7000000e+01   5.3000099e+01  -5.3748191e+01  -3.7629429e+01   5.0072843e+02   5.4289455e+00   4.5240059e+00   4.0268614e+00
   2.0090000e+03   1.0000000e+00   3.0000000e+00   1.4000000e+01   5.9000000e+01   2.9000000e+01  -5.3752596e+01  -3.7628033e+01   4.9802594e+02   3.9808704e+00   2.1171696e+00   9.6547032e-01
   2.0090000e+03   1.0000000e+00   3.0000000e+00   1.5000000e+01   1.0000000e+00   5.0000000e+00  -5.3756975e+01  -3.7626625e+01   4.9523956e+02   2.9246615e+00   2.9657655e-01   2.9657655e-01
   2.0090000e+03   1.0000000e+00   3.0000000e+00   1.5000000e+01   2.0000000e+00   4.1000099e+01  -5.3761413e+01  -3.7625195e+01   5.0207135e+02   2.3665213e+00   0.0000000e+00   0.0000000e+00
   2.0090000e+03   1.0000000e+00   3.0000000e+00   1.5000000e+01   4.0000000e+00   1.7000000e+01  -5.3765834e+01  -3.7623758e+01   5.0018825e+02   1.5446866e+00   1.5422309e-01   0.0000000e+00
   2.0090000e+03   1.0000000e+00   3.0000000e+00   1.5000000e+01   5.0000000e+00   5.3000000e+01  -5.3770260e+01  -3.7622335e+01   5.0066410e+02   1.4914802e+00   8.4355592e-02   0.0000000e+00
   2.0090000e+03   1.0000000e+00   3.0000000e+00   1.5000000e+01   7.0000000e+00   2.8999901e+01  -5.3774654e+01  -3.7620856e+01   4.9780475e+02   1.5204846e+00   0.0000000e+00   0.0000000e+00
   2.0090000e+03   1.0000000e+00   3.0000000e+00   1.5000000e+01   9.0000000e+00   6.0000000e+00  -5.3779058e+01  -3.7619194e+01   5.0143916e+02   2.9557241e+00   0.0000000e+00   0.0000000e+00
   2.0090000e+03   1.0000000e+00   3.0000000e+00   1.5000000e+01   1.0000000e+01   4.2000099e+01  -5.3783427e+01  -3.7617268e+01   5.0163382e+02   6.1453957e+00   1.5527527e-01   0.0000000e+00
   2.0090000e+03   1.0000000e+00   3.0000000e+00   1.5000000e+01   1.2000000e+01   1.7000000e+01  -5.3787765e+01  -3.7615358e+01   4.9812029e+02   2.6530205e+00   5.4258871e-01   9.9614568e-02
   2.0090000e+03   1.0000000e+00   3.0000000e+00   1.5000000e+01   1.3000000e+01   5.3000000e+01  -5.3792134e+01  -3.7613761e+01   4.9660646e+02   6.3437486e+00   3.1471615e-01   4.3527732e-02
   2.0090000e+03   1.0000000e+00   3.0000000e+00   1.5000000e+01   1.5000000e+01   2.9000099e+01  -5.3796574e+01  -3.7612301e+01   5.0266327e+02   3.3035691e+00   6.3051081e-02   0.0000000e+00
   2.0090000e+03   1.0000000e+00   3.0000000e+00   1.5000000e+01   1.7000000e+01   5.0000000e+00  -5.3801022e+01  -3.7610941e+01   5.0224635e+02   2.9265881e+00   1.1348321e-01   0.0000000e+00
   2.0090000e+03   1.0000000e+00   3.0000000e+00   1.5000000e+01   1.8000000e+01   4.1000099e+01  -5.3805455e+01  -3.7609613e+01   5.0025819e+02   2.7684203e+00   1.5011295e+00   0.0000000e+00
   2.0090000e+03   1.0000000e+00   3.0000000e+00   1.5000000e+01   2.0000000e+01   1.5999901e+01  -5.3809851e+01  -3.7608228e+01   4.9679982e+02   3.9431597e+00   2.0211933e+00   0.0000000e+00
   2.0090000e+03   1.0000000e+00   3.0000000e+00   1.5000000e+01   2.1000000e+01   5.1000000e+01  -5.3814273e+01  -3.7606831e+01   4.9989544e+02   4.0596081e+00   3.0360514e+00   8.2519068e-01
   2.0090000e+03   1.0000000e+00   3.0000000e+00   1.5000000e+01   2.3000000e+01   2.7000000e+01  -5.3818711e+01  -3.7605441e+01   5.0149961e+02   5.2547028e+00   2.1433447e+00   4.1037877e-01
   2.0090000e+03   1.0000000e+00   3.0000000e+00   1.5000000e+01   2.5000000e+01   2.0000000e+00  -5.3823127e+01  -3.7604090e+01   4.9861428e+02   3.8831745e+00   1.2354025e+00   0.0000000e+00
   2.0090000e+03   1.0000000e+00   3.0000000e+00   1.5000000e+01   2.6000000e+01   3.7000000e+01  -5.3827506e+01  -3.7602666e+01   4.9546548e+02   6.2646864e+00   3.1106375e+00   1.9731193e+00
   2.0090000e+03   1.0000000e+00   3.0000000e+00   1.5000000e+01   2.8000000e+01   1.3000000e+01  -5.3831891e+01  -3.7601190e+01   4.9678253e+02   8.7862015e+00   0.0000000e+00   0.0000000e+00
   2.0090000e+03   1.0000000e+00   3.0000000e+00   1.5000000e+01   2.9000000e+01   4.9000000e+01  -5.3836301e+01  -3.7599606e+01   5.0100583e+02   2.1774964e+00   0.0000000e+00   0.0000000e+00
   2.0090000e+03   1.0000000e+00   3.0000000e+00   1.5000000e+01   3.1000000e+01   2.9000000e+01  -5.3840859e+01  -3.7597831e+01   5.1959970e+02   3.1383880e+00   0.0000000e+00   0.0000000e+00
   2.0090000e+03   1.0000000e+00   3.0000000e+00   1.5000000e+01   3.3000000e+01   2.8000000e+01  -5.3845247e+01  -3.7596349e+01   4.9719691e+02   2.4048892e+00   4.0084093e-01   4.0084093e-01
   2.0090000e+03   1.0000000e+00   3.0000000e+00   1.5000000e+01   3.5000000e+01   5.5000000e+01  -5.3849602e+01  -3.7594757e+01   4.9508290e+02   2.2129120e+00   0.0000000e+00   0.0000000e+00
   2.0090000e+03   1.0000000e+00   3.0000000e+00   1.5000000e+01   3.8000000e+01   4.1000000e+01  -5.3853944e+01  -3.7593258e+01   4.9234776e+02   1.5079932e+00   1.6276117e+00   1.6276117e+00
   2.0090000e+03   1.0000000e+00   3.0000000e+00   1.5000000e+01   4.1000000e+01   1.6000000e+01  -5.3857837e+01  -3.7591141e+01   4.5434358e+02   4.8734894e+00   2.5627688e+00   2.5627688e+00
