   2.0090000e+03   1.0000000e+00   1.0000000e+00   9.0000000e+00   3.0000000e+00   2.3000000e+01  -5.3989633e+01  -3.8820481e+01   4.9841679e+02   2.2136274e+00   5.4229304e-01   0.0000000e+00
   2.0090000e+03   1.0000000e+00   1.0000000e+00   9.0000000e+00   5.0000000e+00   3.5000099e+01  -5.3985123e+01  -3.8821678e+01   5.0716908e+02   4.0674670e+00   7.6094259e+00   5.3456642e+00
   2.0090000e+03   1.0000000e+00   1.0000000e+00   9.0000000e+00   7.0000000e+00   3.1000000e+01  -5.3980807e+01  -3.8823057e+01   4.8804947e+02   5.8303107e+00   8.5886050e+00   4.0219213e+00
   2.0090000e+03   1.0000000e+00   1.0000000e+00   9.0000000e+00   9.0000000e+00   1.8000000e+01  -5.3976248e+01  -3.8824296e+01   5.1298727e+02   9.7233139e+00   8.4837948e+00   2.8741835e+00
   2.0090000e+03   1.0000000e+00   1.0000000e+00   9.0000000e+00   1.0000000e+01   5.8000000e+01  -5.3971892e+01  -3.8825713e+01   4.9286672e+02   1.2397864e+01   1.6747688e+01   1.5445431e+01
   2.0090000e+03   1.0000000e+00   1.0000000e+00   9.0000000e+00   1.2000000e+01   3.2000000e+01  -5.3967450e+01  -3.8827158e+01   5.0248871e+02   8.4865546e+00   1.4830020e+01   1.1850207e+01
   2.0090000e+03   1.0000000e+00   1.0000000e+00   9.0000000e+00   1.4000000e+01   6.0000000e+00  -5.3963027e+01  -3.8828549e+01   4.9988838e+02   1.0285012e+01   4.0482658e+00   2.6175443e+00
   2.0090000e+03   1.0000000e+00   1.0000000e+00   9.0000000e+00   1.5000000e+01   4.2000000e+01  -5.3958554e+01  -3.8829835e+01   5.0410278e+02   6.5595287e+00   5.3458713e+00   1.1542064e+00
   2.0090000e+03   1.0000000e+00   1.0000000e+00   9.0000000e+00   1.7000000e+01   1.9000000e+01  -5.3954166e+01  -3.8831231e+01   4.9602916e+02   6.2166723e+00   4.6606466e+00   8.0555182e-01
   2.0090000e+03   1.0000000e+00   1.0000000e+00   9.0000000e+00   1.8000000e+01   5.7000000e+01  -5.3949770e+01  -3.8832551e+01   4.9607509e+02   6.1448730e+00   3.7555431e+00   1.2091040e+00
   2.0090000e+03   1.0000000e+00   1.0000000e+00   9.0000000e+00   2.0000000e+01   3.8000000e+01  -5.3945280e+01  -3.8833991e+01   5.0772782e+02   5.0121609e+00   4.7344445e+00   1.0592135e+00
   2.0090000e+03   1.0000000e+00   1.0000000e+00   9.0000000e+00   2.2000000e+01   2.1000000e+01  -5.3940967e+01  -3.8835315e+01   4.8706439e+02   5.8370111e+00   4.9939339e+00   2.9586792e-01
   2.0090000e+03   1.0000000e+00   1.0000000e+00   9.0000000e+00   2.4000000e+01   1.0000000e+00  -5.3936530e+01  -3.8836792e+01   5.0237519e+02   6.7894228e+00   5.8396079e+00   3.2778255e+00
   2.0090000e+03   1.0000000e+00   1.0000000e+00   9.0000000e+00   2.5000000e+01   3.9000000e+01  -5.3932121e+01  -3.8838229e+01   4.9881490e+02   8.2752722e+00   9.3202488e+00   4.7985244e-01
   2.0090000e+03   1.0000000e+00   1.0000000e+00   9.0000000e+00   2.7000000e+01   1.5000000e+01  -5.3927645e+01  -3.8839594e+01   5.0537123e+02   1.1213887e+01   1.0796031e+01   2.5865900e+00
   2.0090000e+03   1.0000000e+00   1.0000000e+00   9.0000000e+00   2.8000000e+01   4.9000000e+01  -5.3923264e+01  -3.8840911e+01   4.9433242e+02   9.7337900e+00   1.5803589e+01   4.0050008e+00
   2.0090000e+03   1.0000000e+00   1.0000000e+00   9.0000000e+00   3.0000000e+01   2.4000099e+01  -5.3918795e+01  -3.8842149e+01   5.0326602e+02   8.0576855e+00   1.0412572e+01   1.4828020e+00
   2.0090000e+03   1.0000000e+00   1.0000000e+00   9.0000000e+00   3.2000000e+01   1.0000000e+00  -5.3914363e+01  -3.8843581e+01   5.0132784e+02   7.0140302e+00   9.9233168e+00   4.8573051e+00
   2.0090000e+03   1.0000000e+00   1.0000000e+00   9.0000000e+00   3.3000000e+01   4.0000099e+01  -5.3909971e+01  -3.8844831e+01   4.9477562e+02   7.2628317e+00   9.7146785e+00   2.9425111e+00
   2.0090000e+03   1.0000000e+00   1.0000000e+00   9.0000000e+00   3.5000000e+01   2.0000000e+01  -5.3905522e+01  -3.8846226e+01   5.0272020e+02   8.7252280e+00   8.9851612e+00   2.6979922e+00
   2.0090000e+03   1.0000000e+00   1.0000000e+00   9.0000000e+00   3.7000000e+01   1.0000000e+00  -5.3901156e+01  -3.8847768e+01   4.9557320e+02   1.0410751e+01   1.1820395e+01   3.6591413e+00
   2.0090000e+03   1.0000000e+00   1.0000000e+00   9.0000000e+00   3.8000000e+01   4.3000099e+01  -5.3896734e+01  -3.8849013e+01   4.9807358e+02   9.2741615e+00   6.6094515e+00   1.9793480e+00
   2.0090000e+03   1.0000000e+00   1.0000000e+00   9.0000000e+00   4.0000000e+01   2.1000000e+01  -5.3892330e+01  -3.8850513e+01   4.9910899e+02   8.6376828e+00   1.2967841e+01   7.9424330e+00
   2.0090000e+03   1.0000000e+00   1.0000000e+00   9.0000000e+00   4.1000000e+01   5.4000000e+01  -5.3887857e+01  -3.8852011e+01   5.0664629e+02   1.2114624e+01   7.8114686e+00   7.1031283e+00
   2.0090000e+03   1.0000000e+00   1.0000000e+00   9.0000000e+00   4.3000000e+01   2.7000000e+01  -5.3883504e+01  -3.8853233e+01   4.9034173e+02   7.6307565e+00   7.7461138e+00   6.2759524e+00
   2.0090000e+03   1.0000000e+00   1.0000000e+00   9.0000000e+00   4.5000000e+01   1.0000000e+00  -5.3879039e+01  -3.8854513e+01   5.0317538e+02   1.7921047e+01   1.0945808e+01   4.2080329e+00
   2.0090000e+03   1.0000000e+00   1.0000000e+00   9.0000000e+00   4.6000000e+01   4.0000000e+01  -5.3874609e+01  -3.8855947e+01   5.0115769e+02   2.2561048e+01   2.7277383e+01   4.6331218e+00
   2.0090000e+03   1.0000000e+00   1.0000000e+00   9.0000000e+00   4.8000000e+01   2.1000000e+01  -5.3870244e+01  -3.8857298e+01   4.9303492e+02   1.2159352e+01   1.5787170e+01   6.1686350e+00
   2.0090000e+03   1.0000000e+00   1.0000000e+00   9.0000000e+00   5.0000000e+01   9.9182129e-05  -5.3865823e+01  -3.8858697e+01   4.9965643e+02   1.2799044e+01   6.2436443e+00   8.3194306e-01
   2.0090000e+03   1.0000000e+00   1.0000000e+00   9.0000000e+00   5.1000000e+01   4.0000099e+01  -5.3861408e+01  -3.8860135e+01   4.9961752e+02   4.6378246e+00   5.3171907e+00   1.2207947e+00
   2.0090000e+03   1.0000000e+00   1.0000000e+00   9.0000000e+00   5.3000000e+01   2.0000000e+01  -5.3856997e+01  -3.8861497e+01   4.9824870e+02   1.0514526e+01   8.3470619e+00   1.4010241e+00
   2.0090000e+03   1.0000000e+00   1.0000000e+00   9.0000000e+00   5.5000000e+01   0.0000000e+00  -5.3852636e+01  -3.8863013e+01   4.9461483e+02   7.4694352e+00   4.1376638e+00   6.6789545e-01
   2.0090000e+03   1.0000000e+00   1.0000000e+00   9.0000000e+00   5.6000000e+01   4.3000000e+01  -5.3848102e+01  -3.8864615e+01   5.1469078e+02   8.1976428e+00   2.9175826e+00   9.2761166e-01
   2.0090000e+03   1.0000000e+00   1.0000000e+00   9.0000000e+00   5.8000000e+01   2.8000099e+01  -5.3843828e+01  -3.8865807e+01   4.8128222e+02   8.7348935e+00   1.4674412e+00   0.0000000e+00
   2.0090000e+03   1.0000000e+00   1.0000000e+00   1.0000000e+01   0.0000000e+00   8.0000992e+00  -5.3839351e+01  -3.8867198e+01   5.0578334e+02   1.6723098e+01   1.0184757e+01   8.8676040e+00
   2.0090000e+03   1.0000000e+00   1.0000000e+00   1.0000000e+01   1.0000000e+00   4.2000000e+01  -5.3834890e+01  -3.8868483e+01   5.0285744e+02   2.1448488e+01   6.7271937e+00   5.2468121e+00
   2.0090000e+03   1.0000000e+00   1.0000000e+00   1.0000000e+01   3.0000000e+00   1.5999901e+01  -5.3830453e+01  -3.8869848e+01   5.0108801e+02   2.1879421e+01   1.6292094e+01   8.6925211e+00
   2.0090000e+03   1.0000000e+00   1.0000000e+00   1.0000000e+01   5.0000000e+00   2.0000000e+00  -5.3825930e+01  -3.8871188e+01   5.1022706e+02   1.7526770e+01   1.3507414e+01   8.8724836e+00
   2.0090000e+03   1.0000000e+00   1.0000000e+00   1.0000000e+01   7.0000000e+00   6.0000000e+00  -5.3821625e+01  -3.8872437e+01   4.8534672e+02   3.8803901e+01   1.1161064e+01   8.3149753e+00
   2.0090000e+03   1.0000000e+00   1.0000000e+00   1.0000000e+01   9.0000000e+00   3.4000000e+01  -5.3817213e+01  -3.8873877e+01   4.9923015e+02   7.5217617e+02   1.0995401e+03   5.9461408e+02
   2.0090000e+03   1.0000000e+00   1.0000000e+00   1.0000000e+01   1.2000000e+01   1.3000000e+01  -5.3813224e+01  -3.8875192e+01   4.5152489e+02   3.6397768e+00   5.3401226e+00   1.9417180e+00
   2.0090000e+03   1.0000000e+00   1.0000000e+00   1.0000000e+01   1.4000000e+01   2.7000000e+01  -5.3808577e+01  -3.8876495e+01   5.2343630e+02   2.1346953e+00   7.5781526e+00   5.4196985e+00
   2.0090000e+03   1.0000000e+00   1.0000000e+00   1.0000000e+01   1.6000000e+01   1.4000000e+01  -5.3804102e+01  -3.8878029e+01   5.0735661e+02   5.7108624e+00   1.1986658e+01   1.0688833e+01
   2.0090000e+03   1.0000000e+00   1.0000000e+00   1.0000000e+01   1.7000000e+01   5.6000000e+01  -5.3799641e+01  -3.8879359e+01   5.0337706e+02   6.4122713e+00   1.6075085e+01   1.4781902e+01
   2.0090000e+03   1.0000000e+00   1.0000000e+00   1.0000000e+01   1.9000000e+01   3.8000000e+01  -5.3795274e+01  -3.8880644e+01   4.9254004e+02   6.6928321e+00   1.5421661e+01   1.3277177e+01
   2.0090000e+03   1.0000000e+00   1.0000000e+00   1.0000000e+01   2.1000000e+01   1.5000000e+01  -5.3790835e+01  -3.8882022e+01   5.0140223e+02   6.6588430e+00   9.2414546e+00   4.9500758e+00
   2.0090000e+03   1.0000000e+00   1.0000000e+00   1.0000000e+01   2.2000000e+01   4.9999901e+01  -5.3786375e+01  -3.8883546e+01   5.0562415e+02   7.0093474e+00   8.7521702e+00   6.5222746e+00
   2.0090000e+03   1.0000000e+00   1.0000000e+00   1.0000000e+01   2.4000000e+01   2.6000000e+01  -5.3781955e+01  -3.8884889e+01   4.9898848e+02   5.0154391e+00   1.4457080e+01   8.0894279e+00
   2.0090000e+03   1.0000000e+00   1.0000000e+00   1.0000000e+01   2.6000000e+01   3.0000000e+00  -5.3777585e+01  -3.8886362e+01   4.9516686e+02   6.9589376e+00   1.4296150e+01   5.6418212e+00
   2.0090000e+03   1.0000000e+00   1.0000000e+00   1.0000000e+01   2.7000000e+01   4.0000000e+01  -5.3773224e+01  -3.8887806e+01   4.9381569e+02   4.2926552e+00   1.2113867e+01   6.4040973e+00
   2.0090000e+03   1.0000000e+00   1.0000000e+00   1.0000000e+01   2.9000000e+01   1.6000000e+01  -5.3768791e+01  -3.8889085e+01   4.9961787e+02   5.3060980e+00   1.3161889e+01   6.3303389e+00
   2.0090000e+03   1.0000000e+00   1.0000000e+00   1.0000000e+01   3.0000000e+01   5.4000000e+01  -5.3764394e+01  -3.8890386e+01   4.9599685e+02   3.1692474e+00   9.9612473e+00   5.4405254e+00
   2.0090000e+03   1.0000000e+00   1.0000000e+00   1.0000000e+01   3.2000000e+01   3.2999901e+01  -5.3760023e+01  -3.8891779e+01   4.9432215e+02   3.5667563e+00   7.2926748e+00   2.4056507e+00
   2.0090000e+03   1.0000000e+00   1.0000000e+00   1.0000000e+01   3.4000000e+01   1.3000099e+01  -5.3755496e+01  -3.8893272e+01   5.1248477e+02   2.2542228e+00   6.3514405e+00   2.2152561e+00
   2.0090000e+03   1.0000000e+00   1.0000000e+00   1.0000000e+01   3.5000000e+01   5.3000000e+01  -5.3751129e+01  -3.8894468e+01   4.9155054e+02   3.1527481e+00   9.2006901e+00   4.5403063e+00
   2.0090000e+03   1.0000000e+00   1.0000000e+00   1.0000000e+01   3.7000000e+01   3.0000000e+01  -5.3746735e+01  -3.8895676e+01   4.9475259e+02   3.1123727e+00   9.2897351e+00   2.7614814e+00
   2.0090000e+03   1.0000000e+00   1.0000000e+00   1.0000000e+01   3.9000000e+01   5.0000000e+00  -5.3742301e+01  -3.8897168e+01   5.0234297e+02   7.1336808e+00   1.1048491e+01   5.5298295e+00
   2.0090000e+03   1.0000000e+00   1.0000000e+00   1.0000000e+01   4.0000000e+01   3.8000000e+01  -5.3737822e+01  -3.8898492e+01   5.0518769e+02   7.3416712e+00   1.6076031e+01   6.3554756e+00
   2.0090000e+03   1.0000000e+00   1.0000000e+00   1.0000000e+01   4.2000000e+01   1.4000099e+01  -5.3733327e+01  -3.8899849e+01   5.0740610e+02   9.5381086e+00   1.9928396e+01   1.0079705e+01
   2.0090000e+03   1.0000000e+00   1.0000000e+00   1.0000000e+01   4.3000000e+01   5.3000000e+01  -5.3729061e+01  -3.8901276e+01   4.8325920e+02   1.6739966e+01   1.7056442e+01   5.6302245e+00
   2.0090000e+03   1.0000000e+00   1.0000000e+00   1.0000000e+01   4.5000000e+01   3.0000000e+01  -5.3724656e+01  -3.8902708e+01   4.9849248e+02   1.4418534e+01   2.5470993e+01   2.2701758e+01
   2.0090000e+03   1.0000000e+00   1.0000000e+00   1.0000000e+01   4.7000000e+01   6.0000000e+00  -5.3720282e+01  -3.8904144e+01   4.9504134e+02   2.1054757e+01   3.0964029e+01   1.9957616e+01
   2.0090000e+03   1.0000000e+00   1.0000000e+00   1.0000000e+01   4.8000000e+01   4.2000000e+01  -5.3715825e+01  -3.8905615e+01   5.0464165e+02   1.9167142e+01   2.6025638e+01   1.1607292e+01
   2.0090000e+03   1.0000000e+00   1.0000000e+00   1.0000000e+01   5.0000000e+01   1.9000000e+01  -5.3711421e+01  -3.8906950e+01   4.9724624e+02   1.4910226e+01   2.8051612e+01   1.5795828e+01
   2.0090000e+03   1.0000000e+00   1.0000000e+00   1.0000000e+01   5.1000000e+01   5.7999901e+01  -5.3706977e+01  -3.8908306e+01   5.0179559e+02   2.1416088e+01   4.3994278e+01   2.2417138e+01
   2.0090000e+03   1.0000000e+00   1.0000000e+00   1.0000000e+01   5.3000000e+01   3.7000099e+01  -5.3702566e+01  -3.8909703e+01   4.9871328e+02   2.1279108e+01   3.0321201e+01   2.6033480e+01
   2.0090000e+03   1.0000000e+00   1.0000000e+00   1.0000000e+01   5.5000000e+01   1.8000000e+01  -5.3698160e+01  -3.8911234e+01   4.9975621e+02   2.1984096e+01   4.1242636e+01   1.7050424e+01
   2.0090000e+03   1.0000000e+00   1.0000000e+00   1.0000000e+01   5.6000000e+01   5.8000000e+01  -5.3693780e+01  -3.8912366e+01   4.9238836e+02   2.8043204e+01   4.8534840e+01   4.1987088e+01
   2.0090000e+03   1.0000000e+00   1.0000000e+00   1.0000000e+01   5.8000000e+01   3.6000000e+01  -5.3689344e+01  -3.8913847e+01   5.0253531e+02   2.6833543e+01   5.6715727e+01   5.0082185e+01
   2.0090000e+03   1.0000000e+00   1.0000000e+00   1.1000000e+01   0.0000000e+00   1.6000099e+01  -5.3684904e+01  -3.8915257e+01   5.0201371e+02   2.2731408e+01   5.1408939e+01   2.1150031e+01
   2.0090000e+03   1.0000000e+00   1.0000000e+00   1.1000000e+01   1.0000000e+00   5.3000000e+01  -5.3680546e+01  -3.8916527e+01   4.9137020e+02   2.3123812e+01   6.4582382e+01   2.6028469e+01
   2.0090000e+03   1.0000000e+00   1.0000000e+00   1.1000000e+01   3.0000000e+00   2.5000000e+01  -5.3676157e+01  -3.8917934e+01   4.9642832e+02   2.3042981e+01   3.8145955e+01   2.0803305e+01
   2.0090000e+03   1.0000000e+00   1.0000000e+00   1.1000000e+01   4.0000000e+00   5.8000000e+01  -5.3671728e+01  -3.8919243e+01   4.9969911e+02   2.3164794e+01   5.8258876e+01   3.1015949e+01
   2.0090000e+03   1.0000000e+00   1.0000000e+00   1.1000000e+01   6.0000000e+00   3.3000000e+01  -5.3667250e+01  -3.8920711e+01   5.0688256e+02   1.9774816e+01   4.9814953e+01   2.4981331e+01
   2.0090000e+03   1.0000000e+00   1.0000000e+00   1.1000000e+01   8.0000000e+00   1.0000000e+01  -5.3662838e+01  -3.8922116e+01   4.9888971e+02   2.1304124e+01   5.3588882e+01   1.8624006e+01
   2.0090000e+03   1.0000000e+00   1.0000000e+00   1.1000000e+01   9.0000000e+00   4.5000000e+01  -5.3658438e+01  -3.8923517e+01   4.9758808e+02   2.1648904e+01   3.4385297e+01   1.7253245e+01
   2.0090000e+03   1.0000000e+00   1.0000000e+00   1.1000000e+01   1.1000000e+01   1.8000000e+01  -5.3654067e+01  -3.8924927e+01   4.9438629e+02   1.7812181e+01   3.2160676e+01   2.5321093e+01
   2.0090000e+03   1.0000000e+00   1.0000000e+00   1.1000000e+01   1.3000000e+01   2.0000000e+00  -5.3649450e+01  -3.8926501e+01   5.2346155e+02   1.7360631e+01   3.6506201e+01   2.8424728e+01
   2.0090000e+03   1.0000000e+00   1.0000000e+00   1.1000000e+01   1.5000000e+01   2.0000000e+01  -5.3645156e+01  -3.8927735e+01   4.8403221e+02   1.1245174e+01   2.1559576e+01   1.7666768e+01
   2.0090000e+03   1.0000000e+00   1.0000000e+00   1.1000000e+01   1.7000000e+01   5.8000000e+01  -5.3640851e+01  -3.8928780e+01   4.8335101e+02   1.0106612e+01   2.1470568e+01   1.4923972e+01
   2.0090000e+03   1.0000000e+00   1.0000000e+00   1.1000000e+01   2.0000000e+01   2.4000000e+01  -5.3636512e+01  -3.8930374e+01   4.9341330e+02   1.7155482e+01   2.6420902e+01   2.2263952e+01
   2.0090000e+03   1.0000000e+00   1.0000000e+00   1.1000000e+01   2.2000000e+01   4.3000000e+01  -5.3632109e+01  -3.8931790e+01   4.9808965e+02   2.0343140e+01   3.4366022e+01   1.8657066e+01
   2.0090000e+03   1.0000000e+00   1.0000000e+00   1.1000000e+01   2.4000000e+01   5.9000000e+01  -5.3627830e+01  -3.8933471e+01   4.8822657e+02   2.5986313e+01   5.1073580e+01   4.4327295e+01
   2.0090000e+03   1.0000000e+00   1.0000000e+00   1.1000000e+01   2.7000000e+01   1.0000000e+00  -5.3623508e+01  -3.8934894e+01   4.8931125e+02   1.7010647e+01   5.8801569e+01   5.0909312e+01
   2.0090000e+03   1.0000000e+00   1.0000000e+00   1.1000000e+01   2.8000000e+01   5.0000000e+01  -5.3619010e+01  -3.8936630e+01   5.1270721e+02   1.4678276e+01   4.6915768e+01   3.7691335e+01
   2.0090000e+03   1.0000000e+00   1.0000000e+00   1.1000000e+01   3.0000000e+01   3.2000000e+01  -5.3614643e+01  -3.8938284e+01   4.9732359e+02   4.3133371e+00   1.7080115e+01   7.2586562e+00
   2.0090000e+03   1.0000000e+00   1.0000000e+00   1.1000000e+01   3.2000000e+01   1.3000000e+01  -5.3610230e+01  -3.8939648e+01   4.9855282e+02   5.9306327e+00   1.0522793e+01   5.4048884e+00
   2.0090000e+03   1.0000000e+00   1.0000000e+00   1.1000000e+01   3.3000000e+01   5.4000000e+01  -5.3605805e+01  -3.8940860e+01   4.9820447e+02   2.8306547e+00   7.6403400e+00   6.7159723e+00
   2.0090000e+03   1.0000000e+00   1.0000000e+00   1.1000000e+01   3.5000000e+01   3.6000000e+01  -5.3601286e+01  -3.8942079e+01   5.0857749e+02   3.3905354e+00   1.3116185e+01   7.7823894e+00
   2.0090000e+03   1.0000000e+00   1.0000000e+00   1.1000000e+01   3.7000000e+01   2.0000000e+01  -5.3596894e+01  -3.8943331e+01   4.9497555e+02   3.4494733e+00   1.0731531e+01   7.1538848e+00
   2.0090000e+03   1.0000000e+00   1.0000000e+00   1.1000000e+01   3.9000000e+01   4.0000000e+00  -5.3592483e+01  -3.8944546e+01   4.9658505e+02   4.9388700e+00   1.1869822e+01   8.3624574e+00
   2.0090000e+03   1.0000000e+00   1.0000000e+00   1.1000000e+01   4.0000000e+01   4.8999901e+01  -5.3588000e+01  -3.8945730e+01   5.0421584e+02   1.7740364e+00   5.4979373e+00   2.8198653e+00
   2.0090000e+03   1.0000000e+00   1.0000000e+00   1.1000000e+01   4.2000000e+01   3.3000000e+01  -5.3583619e+01  -3.8946853e+01   4.9244402e+02   3.1273669e+00   1.4525354e+01   1.1114987e+01
   2.0090000e+03   1.0000000e+00   1.0000000e+00   1.1000000e+01   4.4000000e+01   1.4000000e+01  -5.3579210e+01  -3.8948030e+01   4.9611817e+02   5.9313440e+00   1.0218162e+01   8.1375797e+00
   2.0090000e+03   1.0000000e+00   1.0000000e+00   1.1000000e+01   4.5000000e+01   5.5000000e+01  -5.3574773e+01  -3.8949450e+01   5.0181098e+02   4.4278656e+00   1.4063673e+01   1.1212938e+01
   2.0090000e+03   1.0000000e+00   1.0000000e+00   1.1000000e+01   4.7000000e+01   3.5999901e+01  -5.3570363e+01  -3.8950770e+01   4.9777057e+02   5.7571019e+00   1.5468190e+01   1.2822318e+01
   2.0090000e+03   1.0000000e+00   1.0000000e+00   1.1000000e+01   4.9000000e+01   1.7000099e+01  -5.3565960e+01  -3.8952064e+01   4.9663917e+02   6.3836821e+00   1.2298478e+01   9.5066352e+00
   2.0090000e+03   1.0000000e+00   1.0000000e+00   1.1000000e+01   5.1000000e+01   1.0000000e+00  -5.3561479e+01  -3.8953309e+01   5.0462772e+02   8.1774391e+00   7.1030804e+00   3.1521782e+00
   2.0090000e+03   1.0000000e+00   1.0000000e+00   1.1000000e+01   5.2000000e+01   4.6000000e+01  -5.3557138e+01  -3.8954531e+01   4.8911788e+02   6.4790607e+00   6.7721938e+00   2.8697785e+00
   2.0090000e+03   1.0000000e+00   1.0000000e+00   1.1000000e+01   5.4000000e+01   2.8000000e+01  -5.3552712e+01  -3.8955846e+01   4.9933854e+02   6.9717875e+00   1.3968827e+01   1.3020265e+01
   2.0090000e+03   1.0000000e+00   1.0000000e+00   1.1000000e+01   5.6000000e+01   7.0000000e+00  -5.3548282e+01  -3.8957257e+01   5.0101192e+02   4.3701257e+00   1.4176311e+01   1.3597564e+01
   2.0090000e+03   1.0000000e+00   1.0000000e+00   1.1000000e+01   5.7000000e+01   4.3000000e+01  -5.3543872e+01  -3.8958682e+01   4.9899306e+02   4.8468974e+00   1.6137458e+01   1.3648231e+01
   2.0090000e+03   1.0000000e+00   1.0000000e+00   1.1000000e+01   5.9000000e+01   2.0000000e+01  -5.3539453e+01  -3.8960102e+01   4.9990549e+02   5.7809940e+00   1.3421197e+01   8.3907914e+00
   2.0090000e+03   1.0000000e+00   1.0000000e+00   1.2000000e+01   0.0000000e+00   5.8000000e+01  -5.3535029e+01  -3.8961445e+01   4.9956842e+02   6.1950121e+00   8.8494602e+00   7.8446780e+00
   2.0090000e+03   1.0000000e+00   1.0000000e+00   1.2000000e+01   2.0000000e+00   3.6000000e+01  -5.3530535e+01  -3.8962958e+01   5.0922838e+02   3.7755763e+00   7.0739977e+00   9.6942706e-01
   2.0090000e+03   1.0000000e+00   1.0000000e+00   1.2000000e+01   4.0000000e+00   1.7000000e+01  -5.3526283e+01  -3.8964264e+01   4.8027125e+02   7.9866365e+00   1.3110086e+01   6.1088655e+00
   2.0090000e+03   1.0000000e+00   1.0000000e+00   1.2000000e+01   5.0000000e+00   5.9000000e+01  -5.3521814e+01  -3.8965480e+01   5.0313930e+02   5.3339970e+00   1.9333008e+01   1.1215065e+01
   2.0090000e+03   1.0000000e+00   1.0000000e+00   1.2000000e+01   7.0000000e+00   4.2000000e+01  -5.3517409e+01  -3.8967077e+01   5.0074187e+02   6.0391674e+00   1.5615487e+01   1.3523893e+01
   2.0090000e+03   1.0000000e+00   1.0000000e+00   1.2000000e+01   9.0000000e+00   2.4000000e+01  -5.3512945e+01  -3.8968413e+01   5.0375428e+02   4.5817926e+00   2.2577432e+01   1.9047504e+01
   2.0090000e+03   1.0000000e+00   1.0000000e+00   1.2000000e+01   1.1000000e+01   6.0000000e+00  -5.3508672e+01  -3.8969763e+01   4.8314663e+02   6.0443687e+00   2.2988036e+01   1.6753447e+01
   2.0090000e+03   1.0000000e+00   1.0000000e+00   1.2000000e+01   1.2000000e+01   5.1999901e+01  -5.3504250e+01  -3.8971127e+01   4.9955915e+02   9.5647055e-01   9.4677608e+00   7.2853730e+00
   2.0090000e+03   1.0000000e+00   1.0000000e+00   1.2000000e+01   1.4000000e+01   3.7000000e+01  -5.3499823e+01  -3.8972338e+01   4.9841540e+02   8.0037116e-01   9.9779738e+00   4.1210235e+00
   2.0090000e+03   1.0000000e+00   1.0000000e+00   1.2000000e+01   1.6000000e+01   1.8000000e+01  -5.3495377e+01  -3.8973525e+01   5.0017819e+02   1.3046749e+00   6.7195556e+00   5.6799079e+00
   2.0090000e+03   1.0000000e+00   1.0000000e+00   1.2000000e+01   1.7000000e+01   5.6000099e+01  -5.3491029e+01  -3.8975006e+01   4.9297910e+02   1.1646521e+00   2.7221929e+00   6.5923683e-01
   2.0090000e+03   1.0000000e+00   1.0000000e+00   1.2000000e+01   1.9000000e+01   3.1000000e+01  -5.3486587e+01  -3.8976429e+01   5.0251891e+02   1.9159225e+00   5.4060717e+00   2.4661719e+00
   2.0090000e+03   1.0000000e+00   1.0000000e+00   1.2000000e+01   2.1000000e+01   7.0000000e+00  -5.3482138e+01  -3.8977894e+01   5.0373318e+02   1.9718672e+00   4.5149146e+00   2.0285729e+00
   2.0090000e+03   1.0000000e+00   1.0000000e+00   1.2000000e+01   2.2000000e+01   4.3000099e+01  -5.3477777e+01  -3.8979296e+01   4.9340050e+02   1.2347118e+00   4.2035022e+00   1.4187663e+00
   2.0090000e+03   1.0000000e+00   1.0000000e+00   1.2000000e+01   2.4000000e+01   1.9000000e+01  -5.3473330e+01  -3.8980621e+01   5.0185854e+02   1.2768912e+00   4.3011303e+00   6.5533216e-01
   2.0090000e+03   1.0000000e+00   1.0000000e+00   1.2000000e+01   2.6000000e+01   4.0000000e+00  -5.3468790e+01  -3.8982020e+01   5.1292974e+02   2.3569065e+00   7.3326402e+00   2.4476732e+00
   2.0090000e+03   1.0000000e+00   1.0000000e+00   1.2000000e+01   2.8000000e+01   1.9000000e+01  -5.3464340e+01  -3.8983351e+01   5.0220977e+02   3.8410179e+00   1.1464128e+01   9.1786782e+00
   2.0090000e+03   1.0000000e+00   1.0000000e+00   1.2000000e+01   3.0000000e+01   5.6000000e+01  -5.3460241e+01  -3.8984252e+01   4.5936327e+02   2.7602940e+00   8.1313217e+00   6.4328005e+00
   2.0090000e+03   1.0000000e+00   1.0000000e+00   1.2000000e+01   3.3000000e+01   2.4000000e+01  -5.3455764e+01  -3.8985544e+01   5.0477900e+02   2.0198571e+00   4.0908419e+00   3.0513433e+00
   2.0090000e+03   1.0000000e+00   1.0000000e+00   1.2000000e+01   3.5000000e+01   3.6000000e+01  -5.3451537e+01  -3.8987147e+01   4.8158677e+02   2.7929571e+00   8.2699728e+00   4.0111625e+00
   2.0090000e+03   1.0000000e+00   1.0000000e+00   1.2000000e+01   3.7000000e+01   3.0000000e+01  -5.3447102e+01  -3.8989016e+01   5.0806449e+02   2.1388147e+00   5.0869170e+00   3.1568789e+00
   2.0090000e+03   1.0000000e+00   1.0000000e+00   1.2000000e+01   3.9000000e+01   1.5000000e+01  -5.3442759e+01  -3.8990880e+01   4.9815379e+02   1.7135346e+00   9.4847770e+00   9.4025503e+00
   2.0090000e+03   1.0000000e+00   1.0000000e+00   1.2000000e+01   4.0000000e+01   5.6000000e+01  -5.3438370e+01  -3.8992472e+01   4.9889516e+02   2.3428413e+00   5.4954996e+00   5.1281470e-01
   2.0090000e+03   1.0000000e+00   1.0000000e+00   1.2000000e+01   4.2000000e+01   3.3000000e+01  -5.3433839e+01  -3.8993959e+01   5.1309895e+02   1.7942696e+00   6.6800127e+00   3.9611613e+00
   2.0090000e+03   1.0000000e+00   1.0000000e+00   1.2000000e+01   4.4000000e+01   1.1000000e+01  -5.3429475e+01  -3.8995351e+01   4.9356986e+02   3.3308780e+00   8.1280431e+00   6.9316825e+00
   2.0090000e+03   1.0000000e+00   1.0000000e+00   1.2000000e+01   4.5000000e+01   4.9000000e+01  -5.3425158e+01  -3.8996751e+01   4.8856423e+02   2.9568656e+00   9.1964377e+00   4.6198511e+00
   2.0090000e+03   1.0000000e+00   1.0000000e+00   1.2000000e+01   4.7000000e+01   2.5000000e+01  -5.3420772e+01  -3.8998048e+01   4.9485724e+02   3.1392421e+00   8.7082481e+00   6.8319549e+00
   2.0090000e+03   1.0000000e+00   1.0000000e+00   1.2000000e+01   4.8000000e+01   5.9000000e+01  -5.3416238e+01  -3.8999261e+01   5.1027386e+02   4.4561044e+00   8.4217863e+00   7.6348691e+00
   2.0090000e+03   1.0000000e+00   1.0000000e+00   1.2000000e+01   5.0000000e+01   3.4000000e+01  -5.3411855e+01  -3.9000522e+01   4.9413106e+02   3.2577784e+00   9.5850194e+00   8.4293281e+00
   2.0090000e+03   1.0000000e+00   1.0000000e+00   1.2000000e+01   5.2000000e+01   1.0000099e+01  -5.3407497e+01  -3.9001654e+01   4.9002330e+02   3.0565335e+00   1.0954301e+01   8.2903622e+00
   2.0090000e+03   1.0000000e+00   1.0000000e+00   1.2000000e+01   5.3000000e+01   4.6000000e+01  -5.3403004e+01  -3.9002926e+01   5.0626857e+02   2.6849241e+00   1.1297317e+01   8.1418537e+00
   2.0090000e+03   1.0000000e+00   1.0000000e+00   1.2000000e+01   5.5000000e+01   2.2000000e+01  -5.3398596e+01  -3.9004201e+01   4.9706997e+02   5.0067427e+00   6.3716204e+00   1.4617919e+00
   2.0090000e+03   1.0000000e+00   1.0000000e+00   1.2000000e+01   5.6000000e+01   5.9000000e+01  -5.3394231e+01  -3.9005444e+01   4.9201307e+02   3.2080107e+00   5.4295679e+00   3.7301657e+00
   2.0090000e+03   1.0000000e+00   1.0000000e+00   1.2000000e+01   5.8000000e+01   3.6000099e+01  -5.3389774e+01  -3.9006769e+01   5.0301862e+02   7.0108169e+00   1.8199136e+01   1.4922773e+01
   2.0090000e+03   1.0000000e+00   1.0000000e+00   1.3000000e+01   0.0000000e+00   1.2000000e+01  -5.3385307e+01  -3.9008033e+01   5.0336964e+02   5.0628850e+00   1.3888352e+01   8.1902862e+00
   2.0090000e+03   1.0000000e+00   1.0000000e+00   1.3000000e+01   1.0000000e+00   4.7000000e+01  -5.3380935e+01  -3.9009265e+01   4.9259004e+02   3.1290266e+00   6.4571730e+00   4.7825957e+00
   2.0090000e+03   1.0000000e+00   1.0000000e+00   1.3000000e+01   3.0000000e+00   2.2000000e+01  -5.3376490e+01  -3.9010515e+01   5.0087173e+02   2.1396924e+00   7.0703175e+00   3.7278938e+00
   2.0090000e+03   1.0000000e+00   1.0000000e+00   1.3000000e+01   5.0000000e+00   1.0000000e+00  -5.3372104e+01  -3.9011729e+01   4.9392822e+02   2.3539795e+00   4.8393475e+00   1.1629518e+00
   2.0090000e+03   1.0000000e+00   1.0000000e+00   1.3000000e+01   6.0000000e+00   4.2000000e+01  -5.3367636e+01  -3.9012982e+01   5.0343213e+02   1.7791779e+00   9.4684048e+00   5.6924466e+00
   2.0090000e+03   1.0000000e+00   1.0000000e+00   1.3000000e+01   8.0000000e+00   2.3000000e+01  -5.3363140e+01  -3.9014169e+01   5.0572157e+02   1.5309493e+00   8.8500012e+00   6.4955925e+00
   2.0090000e+03   1.0000000e+00   1.0000000e+00   1.3000000e+01   1.0000000e+01   4.0000000e+00  -5.3358777e+01  -3.9015233e+01   4.8994438e+02   2.2311552e+00   6.7392680e+00   1.8990198e+00
   2.0090000e+03   1.0000000e+00   1.0000000e+00   1.3000000e+01   1.1000000e+01   4.0000000e+01  -5.3354366e+01  -3.9016529e+01   4.9755352e+02   2.0459280e+00   8.5825331e+00   5.9771320e+00
   2.0090000e+03   1.0000000e+00   1.0000000e+00   1.3000000e+01   1.3000000e+01   1.6000099e+01  -5.3349899e+01  -3.9017954e+01   5.0530501e+02   3.0913968e+00   1.0615525e+01   1.0001773e+01
   2.0090000e+03   1.0000000e+00   1.0000000e+00   1.3000000e+01   1.4000000e+01   5.8000099e+01  -5.3345509e+01  -3.9019319e+01   4.9622639e+02   3.7633268e+00   9.0059331e+00   7.2027872e+00
   2.0090000e+03   1.0000000e+00   1.0000000e+00   1.3000000e+01   1.6000000e+01   3.8000099e+01  -5.3341066e+01  -3.9020639e+01   5.0137645e+02   4.4813923e+00   1.0935928e+01   4.2669010e+00
   2.0090000e+03   1.0000000e+00   1.0000000e+00   1.3000000e+01   1.8000000e+01   1.1000000e+01  -5.3336674e+01  -3.9021985e+01   4.9614140e+02   3.9372406e+00   9.3958961e+00   3.3856157e+00
   2.0090000e+03   1.0000000e+00   1.0000000e+00   1.3000000e+01   1.9000000e+01   4.4000099e+01  -5.3332296e+01  -3.9023393e+01   4.9542963e+02   3.2746158e+00   1.2042212e+01   8.6249333e-01
   2.0090000e+03   1.0000000e+00   1.0000000e+00   1.3000000e+01   2.1000000e+01   1.7999901e+01  -5.3327936e+01  -3.9024633e+01   4.9140310e+02   1.9217739e+00   6.7141474e+00   4.6737294e-01
   2.0090000e+03   1.0000000e+00   1.0000000e+00   1.3000000e+01   2.2000000e+01   5.1000000e+01  -5.3323463e+01  -3.9026021e+01   5.0545874e+02   1.6976098e+00   7.4896751e+00   2.6683618e+00
   2.0090000e+03   1.0000000e+00   1.0000000e+00   1.3000000e+01   2.4000000e+01   2.8000000e+01  -5.3319028e+01  -3.9027418e+01   5.0145466e+02   1.6917842e+00   4.6275760e+00   1.6590603e+00
   2.0090000e+03   1.0000000e+00   1.0000000e+00   1.3000000e+01   2.6000000e+01   6.0000000e+00  -5.3314684e+01  -3.9028655e+01   4.8964245e+02   2.0746275e+00   4.5673493e+00   1.8761226e+00
   2.0090000e+03   1.0000000e+00   1.0000000e+00   1.3000000e+01   2.7000000e+01   4.2000000e+01  -5.3310249e+01  -3.9029978e+01   5.0060800e+02   2.4197240e+00   5.8542109e+00   5.2015882e+00
   2.0090000e+03   1.0000000e+00   1.0000000e+00   1.3000000e+01   2.9000000e+01   1.6000000e+01  -5.3305872e+01  -3.9031425e+01   4.9577932e+02   1.9919992e+00   7.1372535e+00   5.3603678e+00
   2.0090000e+03   1.0000000e+00   1.0000000e+00   1.3000000e+01   3.0000000e+01   4.9000000e+01  -5.3301447e+01  -3.9032941e+01   5.0188222e+02   2.1122848e+00   5.2069778e+00   3.0112630e+00
   2.0090000e+03   1.0000000e+00   1.0000000e+00   1.3000000e+01   3.2000000e+01   2.4000000e+01  -5.3297046e+01  -3.9034537e+01   5.0040444e+02   1.9980623e+00   5.5539877e+00   3.2951529e+00
   2.0090000e+03   1.0000000e+00   1.0000000e+00   1.3000000e+01   3.4000000e+01   7.0000000e+00  -5.3292539e+01  -3.9036061e+01   5.1093421e+02   2.3601253e+00   9.3253661e+00   8.8722059e+00
   2.0090000e+03   1.0000000e+00   1.0000000e+00   1.3000000e+01   3.6000000e+01   1.4000099e+01  -5.3288161e+01  -3.9037535e+01   4.9620805e+02   3.4064070e+00   8.7064921e+00   4.3315818e+00
   2.0090000e+03   1.0000000e+00   1.0000000e+00   1.3000000e+01   3.8000000e+01   4.8000000e+01  -5.3283902e+01  -3.9039173e+01   4.8564318e+02   3.1067258e+00   8.4836404e+00   6.6078080e+00
