   2.0080000e+03   1.2000000e+01   3.1000000e+01   1.4000000e+01   5.5000000e+01   2.0000000e+00  -5.4022137e+01  -3.9088955e+01   5.0165289e+02   8.0952780e+00   1.9750214e+01   6.4573466e+00
   2.0080000e+03   1.2000000e+01   3.1000000e+01   1.4000000e+01   5.6000000e+01   4.5000000e+01  -5.4017773e+01  -3.9090414e+01   4.9412035e+02   5.5424704e+00   8.8614363e+00   8.2531553e+00
   2.0080000e+03   1.2000000e+01   3.1000000e+01   1.4000000e+01   5.8000000e+01   2.2000000e+01  -5.4013250e+01  -3.9091966e+01   5.1270967e+02   6.9051824e+00   1.7235543e+01   1.3921322e+01
   2.0080000e+03   1.2000000e+01   3.1000000e+01   1.5000000e+01   0.0000000e+00   1.0000000e+00  -5.4008994e+01  -3.9093325e+01   4.8119384e+02   6.5582592e+00   1.3580915e+01   1.2101841e+01
   2.0080000e+03   1.2000000e+01   3.1000000e+01   1.5000000e+01   1.0000000e+00   4.0000000e+01  -5.4004413e+01  -3.9094742e+01   5.1738458e+02   6.5891021e+00   3.9958407e+00   1.9244510e+00
   2.0080000e+03   1.2000000e+01   3.1000000e+01   1.5000000e+01   3.0000000e+00   2.0999901e+01  -5.4000079e+01  -3.9095993e+01   4.8851716e+02   7.0057092e+00   5.0679215e+00   2.7342804e+00
   2.0080000e+03   1.2000000e+01   3.1000000e+01   1.5000000e+01   4.0000000e+00   5.9000000e+01  -5.3995635e+01  -3.9097318e+01   5.0128663e+02   9.8299844e+00   1.0975370e+01   1.0004128e+01
   2.0080000e+03   1.2000000e+01   3.1000000e+01   1.5000000e+01   6.0000000e+00   3.0000000e+01  -5.3991216e+01  -3.9098643e+01   4.9864450e+02   1.4737552e+01   1.4331503e+01   1.3279336e+01
   2.0080000e+03   1.2000000e+01   3.1000000e+01   1.5000000e+01   8.0000000e+00   2.0000000e+00  -5.3986720e+01  -3.9100110e+01   5.0873692e+02   1.2371829e+01   1.0151399e+01   8.2987677e+00
   2.0080000e+03   1.2000000e+01   3.1000000e+01   1.5000000e+01   9.0000000e+00   3.9000000e+01  -5.3982314e+01  -3.9101550e+01   4.9858117e+02   1.1480871e+01   1.6259984e+01   1.2902823e+01
   2.0080000e+03   1.2000000e+01   3.1000000e+01   1.5000000e+01   1.1000000e+01   1.6000000e+01  -5.3977936e+01  -3.9102931e+01   4.9473723e+02   8.9654126e+00   1.1621961e+01   8.2704271e+00
   2.0080000e+03   1.2000000e+01   3.1000000e+01   1.5000000e+01   1.2000000e+01   5.1000099e+01  -5.3973530e+01  -3.9104356e+01   4.9831915e+02   1.9758280e+01   4.9428894e+01   4.8314523e+01
   2.0080000e+03   1.2000000e+01   3.1000000e+01   1.5000000e+01   1.4000000e+01   2.4999901e+01  -5.3969126e+01  -3.9105862e+01   4.9919998e+02   6.6789606e+00   8.7063448e+00   4.7956971e+00
   2.0080000e+03   1.2000000e+01   3.1000000e+01   1.5000000e+01   1.6000000e+01   1.0000000e+00  -5.3964723e+01  -3.9106889e+01   4.9391827e+02   1.0902832e+01   6.0876215e+00   5.7442398e+00
   2.0080000e+03   1.2000000e+01   3.1000000e+01   1.5000000e+01   1.7000000e+01   3.8000099e+01  -5.3960194e+01  -3.9106086e+01   5.0593054e+02   9.3353048e+00   2.0003184e+01   1.0206094e+01
   2.0080000e+03   1.2000000e+01   3.1000000e+01   1.5000000e+01   1.9000000e+01   1.3000000e+01  -5.3955673e+01  -3.9105209e+01   5.0562293e+02   4.7819069e+00   8.3052423e+00   6.7769304e+00
   2.0080000e+03   1.2000000e+01   3.1000000e+01   1.5000000e+01   2.0000000e+01   4.7000000e+01  -5.3951244e+01  -3.9104321e+01   4.9558707e+02   6.1503249e+00   9.5124012e+00   7.5749649e+00
   2.0080000e+03   1.2000000e+01   3.1000000e+01   1.5000000e+01   2.2000000e+01   2.5999901e+01  -5.3946813e+01  -3.9103343e+01   4.9654733e+02   3.2897072e+00   7.3336583e+00   6.6203707e+00
   2.0080000e+03   1.2000000e+01   3.1000000e+01   1.5000000e+01   2.4000000e+01   6.0000992e+00  -5.3942415e+01  -3.9102335e+01   4.9306718e+02   4.2795968e+00   1.1428623e+01   9.7751572e+00
   2.0080000e+03   1.2000000e+01   3.1000000e+01   1.5000000e+01   2.5000000e+01   3.9999901e+01  -5.3937916e+01  -3.9101406e+01   5.0368407e+02   4.6129433e+00   1.0361359e+01   5.3413124e+00
   2.0080000e+03   1.2000000e+01   3.1000000e+01   1.5000000e+01   2.7000000e+01   1.3000000e+01  -5.3933380e+01  -3.9100516e+01   5.0732628e+02   7.0866346e+00   8.5002233e+00   2.8587199e+00
   2.0080000e+03   1.2000000e+01   3.1000000e+01   1.5000000e+01   2.8000000e+01   4.7000000e+01  -5.3928956e+01  -3.9100224e+01   4.9194272e+02   8.5246334e+00   4.8195740e+00   5.1404464e-01
   2.0080000e+03   1.2000000e+01   3.1000000e+01   1.5000000e+01   3.0000000e+01   2.3000000e+01  -5.3924463e+01  -3.9100074e+01   4.9937718e+02   7.4399436e+00   9.8625251e+00   7.6162890e+00
   2.0080000e+03   1.2000000e+01   3.1000000e+01   1.5000000e+01   3.1000000e+01   5.9000000e+01  -5.3919917e+01  -3.9100017e+01   5.0519440e+02   1.1459024e+01   2.2783279e+01   6.1859888e+00
   2.0080000e+03   1.2000000e+01   3.1000000e+01   1.5000000e+01   3.3000000e+01   3.5000000e+01  -5.3915389e+01  -3.9100202e+01   5.0331694e+02   8.2063760e+00   1.2265604e+01   6.0104971e+00
   2.0080000e+03   1.2000000e+01   3.1000000e+01   1.5000000e+01   3.5000000e+01   1.2000000e+01  -5.3910982e+01  -3.9100911e+01   4.9185060e+02   7.4465750e+00   1.9483392e+01   9.5650538e+00
   2.0080000e+03   1.2000000e+01   3.1000000e+01   1.5000000e+01   3.6000000e+01   4.7000000e+01  -5.3906515e+01  -3.9101617e+01   4.9856656e+02   7.1756337e+00   1.0648196e+01   4.7176827e+00
   2.0080000e+03   1.2000000e+01   3.1000000e+01   1.5000000e+01   3.8000000e+01   2.2000000e+01  -5.3902024e+01  -3.9102414e+01   5.0170884e+02   8.8497308e+00   1.2559887e+01   1.0614281e+01
   2.0080000e+03   1.2000000e+01   3.1000000e+01   1.5000000e+01   3.9000000e+01   5.6000000e+01  -5.3897743e+01  -3.9104585e+01   4.9650172e+02   1.2060928e+01   1.2308144e+01   3.1341374e+00
   2.0080000e+03   1.2000000e+01   3.1000000e+01   1.5000000e+01   4.1000000e+01   3.1999901e+01  -5.3893433e+01  -3.9106880e+01   5.0197421e+02   1.5239667e+01   1.8080812e+01   7.6987060e+00
   2.0080000e+03   1.2000000e+01   3.1000000e+01   1.5000000e+01   4.3000000e+01   1.1000099e+01  -5.3889164e+01  -3.9109133e+01   4.9678280e+02   1.8293962e+01   3.0872386e+01   2.5486681e+01
   2.0080000e+03   1.2000000e+01   3.1000000e+01   1.5000000e+01   4.4000000e+01   5.0000000e+01  -5.3884870e+01  -3.9111444e+01   5.0059921e+02   1.1173895e+01   1.2662927e+01   5.0604461e+00
   2.0080000e+03   1.2000000e+01   3.1000000e+01   1.5000000e+01   4.6000000e+01   3.1000000e+01  -5.3880560e+01  -3.9113751e+01   5.0217509e+02   7.6301393e+00   4.8102767e+00   2.0547212e+00
   2.0080000e+03   1.2000000e+01   3.1000000e+01   1.5000000e+01   4.8000000e+01   1.3000000e+01  -5.3876320e+01  -3.9115999e+01   4.9361747e+02   8.1725296e+00   8.7058678e+00   5.7136063e+00
   2.0080000e+03   1.2000000e+01   3.1000000e+01   1.5000000e+01   4.9000000e+01   5.2000000e+01  -5.3872015e+01  -3.9118410e+01   5.0378963e+02   2.0778432e+01   4.3133471e+01   1.2554214e+01
   2.0080000e+03   1.2000000e+01   3.1000000e+01   1.5000000e+01   5.1000000e+01   2.8000000e+01  -5.3867713e+01  -3.9120810e+01   5.0319334e+02   3.2463570e+01   6.9104436e+01   6.7937482e+01
   2.0080000e+03   1.2000000e+01   3.1000000e+01   1.5000000e+01   5.3000000e+01   3.0000992e+00  -5.3863505e+01  -3.9123151e+01   4.9212947e+02   1.8707918e+01   8.9096229e+00   3.3967055e+00
   2.0080000e+03   1.2000000e+01   3.1000000e+01   1.5000000e+01   5.4000000e+01   3.6000000e+01  -5.3859283e+01  -3.9125589e+01   4.9559592e+02   1.4225355e+01   1.5871763e+01   1.2730018e+01
   2.0080000e+03   1.2000000e+01   3.1000000e+01   1.5000000e+01   5.6000000e+01   1.0999901e+01  -5.3854973e+01  -3.9128202e+01   5.0861867e+02   1.6872874e+01   5.7532190e+01   1.2057765e+01
   2.0080000e+03   1.2000000e+01   3.1000000e+01   1.5000000e+01   5.7000000e+01   4.9000000e+01  -5.3850747e+01  -3.9130601e+01   4.9528674e+02   1.8262383e+01   6.5930034e+01   4.9215003e+01
   2.0080000e+03   1.2000000e+01   3.1000000e+01   1.5000000e+01   5.9000000e+01   2.7000000e+01  -5.3846461e+01  -3.9132935e+01   5.0014571e+02   1.6521961e+01   5.7337094e+01   3.3131798e+01
   2.0080000e+03   1.2000000e+01   3.1000000e+01   1.6000000e+01   1.0000000e+00   6.0000992e+00  -5.3842182e+01  -3.9135299e+01   5.0014436e+02   2.3853332e+01   6.8793353e+01   6.7802454e+01
   2.0080000e+03   1.2000000e+01   3.1000000e+01   1.6000000e+01   2.0000000e+00   4.6000000e+01  -5.3837944e+01  -3.9137637e+01   4.9525977e+02   2.7861216e+01   7.4037003e+01   5.0252658e+01
   2.0080000e+03   1.2000000e+01   3.1000000e+01   1.6000000e+01   4.0000000e+00   2.4000000e+01  -5.3833654e+01  -3.9139883e+01   4.9888644e+02   9.8494098e+00   2.0614898e+01   1.6737904e+01
   2.0080000e+03   1.2000000e+01   3.1000000e+01   1.6000000e+01   5.0000000e+00   5.9000000e+01  -5.3829300e+01  -3.9142164e+01   5.0647273e+02   9.3155310e+00   2.1478715e+01   1.4018947e+01
   2.0080000e+03   1.2000000e+01   3.1000000e+01   1.6000000e+01   7.0000000e+00   3.3000000e+01  -5.3825041e+01  -3.9144318e+01   4.9390718e+02   6.5620885e+00   5.2290191e+00   3.2926984e+00
   2.0080000e+03   1.2000000e+01   3.1000000e+01   1.6000000e+01   9.0000000e+00   9.0000000e+00  -5.3820731e+01  -3.9146498e+01   4.9976647e+02   1.4809491e+01   2.7871797e+01   1.7211280e+01
   2.0080000e+03   1.2000000e+01   3.1000000e+01   1.6000000e+01   1.0000000e+01   4.8000099e+01  -5.3816470e+01  -3.9148888e+01   4.9876081e+02   2.5828645e+01   3.7117287e+01   2.5444257e+01
   2.0080000e+03   1.2000000e+01   3.1000000e+01   1.6000000e+01   1.2000000e+01   2.7000000e+01  -5.3812128e+01  -3.9151184e+01   5.0541976e+02   2.6275714e+01   2.4686003e+01   1.1217198e+01
   2.0080000e+03   1.2000000e+01   3.1000000e+01   1.6000000e+01   1.4000000e+01   2.9999008e+00  -5.3807881e+01  -3.9153455e+01   4.9493878e+02   2.7724907e+01   3.1963478e+01   1.5356870e+01
   2.0080000e+03   1.2000000e+01   3.1000000e+01   1.6000000e+01   1.5000000e+01   3.9000000e+01  -5.3803525e+01  -3.9155310e+01   4.9910571e+02   2.5599648e+01   3.2913511e+01   2.0240942e+01
   2.0080000e+03   1.2000000e+01   3.1000000e+01   1.6000000e+01   1.7000000e+01   1.4000000e+01  -5.3799134e+01  -3.9156940e+01   4.9948747e+02   7.4194103e+01   2.3478082e+02   2.2128343e+02
   2.0080000e+03   1.2000000e+01   3.1000000e+01   1.6000000e+01   1.8000000e+01   4.8000000e+01  -5.3794679e+01  -3.9158686e+01   5.0816882e+02   1.4201552e+02   5.1623132e+02   4.8826166e+02
   2.0080000e+03   1.2000000e+01   3.1000000e+01   1.6000000e+01   2.0000000e+01   2.3000000e+01  -5.3790347e+01  -3.9160182e+01   4.9122657e+02   2.2870875e+01   7.5934857e+01   6.5500342e+01
   2.0080000e+03   1.2000000e+01   3.1000000e+01   1.6000000e+01   2.1000000e+01   5.7000000e+01  -5.3785893e+01  -3.9161516e+01   5.0262058e+02   1.3051201e+01   2.4642775e+01   1.3513675e+01
   2.0080000e+03   1.2000000e+01   3.1000000e+01   1.6000000e+01   2.3000000e+01   3.0000000e+01  -5.3781502e+01  -3.9162956e+01   4.9704118e+02   1.2487045e+01   2.8826707e+01   1.8650536e+01
   2.0080000e+03   1.2000000e+01   3.1000000e+01   1.6000000e+01   2.5000000e+01   5.0000000e+00  -5.3777067e+01  -3.9164343e+01   5.0115907e+02   1.1487361e+01   2.0530462e+01   1.5278921e+01
   2.0080000e+03   1.2000000e+01   3.1000000e+01   1.6000000e+01   2.6000000e+01   4.1000099e+01  -5.3772617e+01  -3.9165787e+01   5.0347352e+02   1.3578220e+01   2.5821946e+01   1.8060090e+01
   2.0080000e+03   1.2000000e+01   3.1000000e+01   1.6000000e+01   2.8000000e+01   1.8000000e+01  -5.3768225e+01  -3.9167078e+01   4.9537435e+02   1.5985429e+01   3.3870741e+01   2.2838553e+01
   2.0080000e+03   1.2000000e+01   3.1000000e+01   1.6000000e+01   2.9000000e+01   5.7000000e+01  -5.3763824e+01  -3.9168584e+01   4.9890856e+02   1.1661541e+01   2.9719531e+01   2.0027973e+01
   2.0080000e+03   1.2000000e+01   3.1000000e+01   1.6000000e+01   3.1000000e+01   3.8000000e+01  -5.3759406e+01  -3.9169994e+01   4.9964704e+02   1.5488468e+01   3.0912308e+01   3.0433321e+01
   2.0080000e+03   1.2000000e+01   3.1000000e+01   1.6000000e+01   3.3000000e+01   1.7000000e+01  -5.3754968e+01  -3.9171227e+01   4.9974094e+02   1.4815326e+01   4.1978730e+01   3.0535013e+01
   2.0080000e+03   1.2000000e+01   3.1000000e+01   1.6000000e+01   3.4000000e+01   5.3000000e+01  -5.3750511e+01  -3.9172553e+01   5.0282772e+02   1.8956285e+01   3.4919229e+01   2.9945626e+01
   2.0080000e+03   1.2000000e+01   3.1000000e+01   1.6000000e+01   3.6000000e+01   2.9000000e+01  -5.3746081e+01  -3.9173886e+01   4.9998614e+02   1.5433127e+01   2.7918802e+01   2.5001637e+01
   2.0080000e+03   1.2000000e+01   3.1000000e+01   1.6000000e+01   3.8000000e+01   5.0000992e+00  -5.3741666e+01  -3.9175260e+01   4.9885169e+02   1.0317085e+01   2.4777650e+01   2.3167815e+01
   2.0080000e+03   1.2000000e+01   3.1000000e+01   1.6000000e+01   3.9000000e+01   4.0000000e+01  -5.3737249e+01  -3.9176603e+01   4.9868519e+02   1.2732154e+01   3.0698410e+01   1.7729378e+01
   2.0080000e+03   1.2000000e+01   3.1000000e+01   1.6000000e+01   4.1000000e+01   1.6000000e+01  -5.3732921e+01  -3.9178028e+01   4.8997519e+02   2.0465511e+01   2.2774105e+01   1.4279743e+01
   2.0080000e+03   1.2000000e+01   3.1000000e+01   1.6000000e+01   4.2000000e+01   5.3000000e+01  -5.3728462e+01  -3.9179386e+01   5.0345482e+02   1.4134180e+01   2.3895706e+01   9.6165399e+00
   2.0080000e+03   1.2000000e+01   3.1000000e+01   1.6000000e+01   4.4000000e+01   3.1000000e+01  -5.3724040e+01  -3.9180637e+01   4.9822817e+02   1.1331731e+01   1.3446501e+01   6.5467697e+00
   2.0080000e+03   1.2000000e+01   3.1000000e+01   1.6000000e+01   4.6000000e+01   6.0000992e+00  -5.3719539e+01  -3.9182016e+01   5.0830595e+02   1.1302985e+01   1.2467736e+01   4.5366943e+00
   2.0080000e+03   1.2000000e+01   3.1000000e+01   1.6000000e+01   4.7000000e+01   4.3000000e+01  -5.3715102e+01  -3.9183325e+01   5.0055413e+02   1.8227469e+01   2.9802391e+01   2.1297717e+01
   2.0080000e+03   1.2000000e+01   3.1000000e+01   1.6000000e+01   4.9000000e+01   2.1000000e+01  -5.3710692e+01  -3.9184582e+01   4.9687802e+02   1.7761420e+01   8.7113298e+00   0.0000000e+00
   2.0080000e+03   1.2000000e+01   3.1000000e+01   1.6000000e+01   5.0000000e+01   5.7000000e+01  -5.3706275e+01  -3.9185883e+01   4.9823230e+02   1.2532272e+01   1.2172284e+01   5.5383857e+00
   2.0080000e+03   1.2000000e+01   3.1000000e+01   1.6000000e+01   5.2000000e+01   3.2000000e+01  -5.3701885e+01  -3.9187196e+01   4.9543301e+02   1.0859265e+01   1.0724177e+01   6.9098166e+00
   2.0080000e+03   1.2000000e+01   3.1000000e+01   1.6000000e+01   5.4000000e+01   6.0000992e+00  -5.3697390e+01  -3.9188550e+01   5.0738251e+02   1.3657889e+01   2.0074227e+01   7.4896134e+00
   2.0080000e+03   1.2000000e+01   3.1000000e+01   1.6000000e+01   5.5000000e+01   4.1000000e+01  -5.3693023e+01  -3.9189759e+01   4.9167670e+02   1.1254468e+01   2.5533273e+01   1.4924554e+01
   2.0080000e+03   1.2000000e+01   3.1000000e+01   1.6000000e+01   5.7000000e+01   1.7000000e+01  -5.3688585e+01  -3.9191057e+01   5.0054975e+02   1.4166514e+01   1.2343720e+01   1.7832365e+00
   2.0080000e+03   1.2000000e+01   3.1000000e+01   1.6000000e+01   5.8000000e+01   5.3000099e+01  -5.3684168e+01  -3.9192396e+01   4.9862409e+02   1.6129606e+01   1.5449413e+01   1.0347920e+00
   2.0080000e+03   1.2000000e+01   3.1000000e+01   1.7000000e+01   0.0000000e+00   2.9000000e+01  -5.3679728e+01  -3.9193706e+01   5.0086981e+02   1.7540030e+01   1.5680302e+01   4.7818308e+00
   2.0080000e+03   1.2000000e+01   3.1000000e+01   1.7000000e+01   2.0000000e+00   3.0000000e+00  -5.3675318e+01  -3.9195144e+01   4.9907230e+02   2.0262099e+01   2.5835045e+01   2.0023431e+01
   2.0080000e+03   1.2000000e+01   3.1000000e+01   1.7000000e+01   3.0000000e+00   3.5000000e+01  -5.3670913e+01  -3.9196548e+01   4.9814073e+02   1.5849957e+01   1.0411576e+01   3.3123864e+00
   2.0080000e+03   1.2000000e+01   3.1000000e+01   1.7000000e+01   5.0000000e+00   6.0000000e+00  -5.3666499e+01  -3.9197962e+01   4.9930261e+02   1.7850077e+01   1.8937954e+01   8.2618606e+00
   2.0080000e+03   1.2000000e+01   3.1000000e+01   1.7000000e+01   6.0000000e+00   3.9000000e+01  -5.3661999e+01  -3.9199328e+01   5.0797375e+02   2.3010643e+01   2.4416473e+01   1.5102397e+01
   2.0080000e+03   1.2000000e+01   3.1000000e+01   1.7000000e+01   8.0000000e+00   1.7000099e+01  -5.3657588e+01  -3.9200651e+01   4.9784727e+02   2.0403791e+01   1.7793224e+01   5.7304058e+00
   2.0080000e+03   1.2000000e+01   3.1000000e+01   1.7000000e+01   9.0000000e+00   5.8000000e+01  -5.3653193e+01  -3.9201958e+01   4.9587399e+02   1.6349368e+01   2.3477036e+01   1.3704842e+01
   2.0080000e+03   1.2000000e+01   3.1000000e+01   1.7000000e+01   1.1000000e+01   3.6000000e+01  -5.3648778e+01  -3.9203339e+01   4.9896117e+02   2.0236369e+01   1.3504569e+01   5.3076619e+00
   2.0080000e+03   1.2000000e+01   3.1000000e+01   1.7000000e+01   1.3000000e+01   1.2000000e+01  -5.3644292e+01  -3.9204694e+01   5.0649213e+02   1.3701344e+01   1.4651623e+01   7.3253210e+00
   2.0080000e+03   1.2000000e+01   3.1000000e+01   1.7000000e+01   1.4000000e+01   4.8000000e+01  -5.3639918e+01  -3.9206042e+01   4.9403853e+02   1.1501105e+01   1.3121413e+01   1.1220642e+01
   2.0080000e+03   1.2000000e+01   3.1000000e+01   1.7000000e+01   1.6000000e+01   2.3000000e+01  -5.3635465e+01  -3.9207413e+01   5.0300125e+02   1.1607149e+01   2.1857825e+01   1.9508998e+01
   2.0080000e+03   1.2000000e+01   3.1000000e+01   1.7000000e+01   1.7000000e+01   5.7000000e+01  -5.3631096e+01  -3.9208755e+01   4.9345263e+02   1.6242034e+01   2.2027016e+01   1.0075277e+01
   2.0080000e+03   1.2000000e+01   3.1000000e+01   1.7000000e+01   1.9000000e+01   3.1000000e+01  -5.3626665e+01  -3.9210118e+01   5.0050035e+02   1.3389433e+01   1.9526002e+01   4.9881134e+00
   2.0080000e+03   1.2000000e+01   3.1000000e+01   1.7000000e+01   2.1000000e+01   6.0000000e+00  -5.3622255e+01  -3.9211486e+01   4.9828858e+02   1.1121395e+01   1.4901187e+01   1.0343235e+01
   2.0080000e+03   1.2000000e+01   3.1000000e+01   1.7000000e+01   2.2000000e+01   4.1000000e+01  -5.3617822e+01  -3.9212838e+01   5.0058700e+02   8.7233425e+00   1.3241539e+01   6.4291065e+00
   2.0080000e+03   1.2000000e+01   3.1000000e+01   1.7000000e+01   2.4000000e+01   1.6000000e+01  -5.3613418e+01  -3.9214171e+01   4.9719474e+02   9.5199631e+00   7.3691366e+00   5.4375849e+00
   2.0080000e+03   1.2000000e+01   3.1000000e+01   1.7000000e+01   2.5000000e+01   5.2000099e+01  -5.3608953e+01  -3.9215510e+01   5.0388579e+02   1.2387979e+01   2.0715876e+01   1.9559851e+01
   2.0080000e+03   1.2000000e+01   3.1000000e+01   1.7000000e+01   2.7000000e+01   2.9000000e+01  -5.3604591e+01  -3.9216769e+01   4.9186045e+02   1.3535314e+00   6.5995875e+00   5.4225217e+00
   2.0080000e+03   1.2000000e+01   3.1000000e+01   1.7000000e+01   3.0000000e+01   4.9000000e+01  -5.3595687e+01  -3.9219281e+01   1.0031582e+03   1.7385831e+00   4.5251509e+00   3.3415349e+00
   2.0080000e+03   1.2000000e+01   3.1000000e+01   1.7000000e+01   3.2000000e+01   2.6000000e+01  -5.3591185e+01  -3.9220507e+01   5.0675281e+02   7.5863910e+00   2.3309150e+01   2.1067028e+00
   2.0080000e+03   1.2000000e+01   3.1000000e+01   1.7000000e+01   3.4000000e+01   4.0000000e+00  -5.3586800e+01  -3.9221828e+01   4.9498998e+02   7.8252444e+00   2.4300967e+01   7.5370219e+00
   2.0080000e+03   1.2000000e+01   3.1000000e+01   1.7000000e+01   3.5000000e+01   4.0000000e+01  -5.3582433e+01  -3.9223175e+01   4.9334609e+02   8.6240381e+00   2.4499649e+01   6.4888090e+00
   2.0080000e+03   1.2000000e+01   3.1000000e+01   1.7000000e+01   3.7000000e+01   1.4000000e+01  -5.3577979e+01  -3.9224581e+01   5.0354873e+02   1.0077311e+01   1.7557848e+01   1.4583415e+01
   2.0080000e+03   1.2000000e+01   3.1000000e+01   1.7000000e+01   3.8000000e+01   4.8999901e+01  -5.3573536e+01  -3.9226148e+01   5.0442158e+02   4.2707803e+00   1.2573997e+01   1.2573997e+01
   2.0080000e+03   1.2000000e+01   3.1000000e+01   1.7000000e+01   4.0000000e+01   2.7000000e+01  -5.3569148e+01  -3.9227461e+01   4.9516863e+02   4.6387945e+00   1.9928613e+01   1.4565258e+01
   2.0080000e+03   1.2000000e+01   3.1000000e+01   1.7000000e+01   4.2000000e+01   8.0000000e+00  -5.3564754e+01  -3.9228749e+01   4.9564535e+02   7.2298580e+00   2.3931961e+01   2.2590822e+01
   2.0080000e+03   1.2000000e+01   3.1000000e+01   1.7000000e+01   4.3000000e+01   4.8000000e+01  -5.3560301e+01  -3.9230076e+01   5.0245697e+02   4.3287739e+00   1.8718837e+01   1.3292691e+01
   2.0080000e+03   1.2000000e+01   3.1000000e+01   1.7000000e+01   4.5000000e+01   2.6000099e+01  -5.3555879e+01  -3.9231355e+01   4.9862896e+02   1.2770847e+01   2.0990814e+01   1.8519034e+01
   2.0080000e+03   1.2000000e+01   3.1000000e+01   1.7000000e+01   4.7000000e+01   4.0000000e+00  -5.3551457e+01  -3.9232693e+01   4.9918068e+02   6.5194051e+00   1.9552535e+01   1.5654242e+01
   2.0080000e+03   1.2000000e+01   3.1000000e+01   1.7000000e+01   4.8000000e+01   4.2000000e+01  -5.3547012e+01  -3.9234076e+01   5.0233892e+02   1.2363108e+01   2.3392346e+01   1.5755455e+01
   2.0080000e+03   1.2000000e+01   3.1000000e+01   1.7000000e+01   5.0000000e+01   1.9000000e+01  -5.3542545e+01  -3.9235497e+01   5.0512386e+02   4.2876927e+00   2.8439054e+01   9.8684156e+00
   2.0080000e+03   1.2000000e+01   3.1000000e+01   1.7000000e+01   5.1000000e+01   5.4000099e+01  -5.3538129e+01  -3.9236848e+01   4.9881674e+02   6.6181349e+00   2.7724068e+01   2.2192305e+01
   2.0080000e+03   1.2000000e+01   3.1000000e+01   1.7000000e+01   5.3000000e+01   3.0000000e+01  -5.3533778e+01  -3.9238272e+01   4.9248401e+02   4.7665119e+00   2.0737426e+01   1.8902462e+01
   2.0080000e+03   1.2000000e+01   3.1000000e+01   1.7000000e+01   5.5000000e+01   8.0000992e+00  -5.3529412e+01  -3.9239669e+01   4.9391710e+02   5.8738533e+00   2.1963534e+01   1.4133756e+01
   2.0080000e+03   1.2000000e+01   3.1000000e+01   1.7000000e+01   5.6000000e+01   4.3000000e+01  -5.3524952e+01  -3.9241117e+01   5.0473568e+02   4.9076540e+00   3.0655225e+01   1.3413936e+01
   2.0080000e+03   1.2000000e+01   3.1000000e+01   1.7000000e+01   5.8000000e+01   1.6000000e+01  -5.3520540e+01  -3.9242465e+01   4.9825385e+02   5.1504648e+00   1.4818192e+01   5.1447012e+00
   2.0080000e+03   1.2000000e+01   3.1000000e+01   1.7000000e+01   5.9000000e+01   5.1000000e+01  -5.3516102e+01  -3.9243848e+01   5.0157013e+02   3.3229938e+00   5.6149637e+00   1.3257186e+00
   2.0080000e+03   1.2000000e+01   3.1000000e+01   1.8000000e+01   1.0000000e+00   2.4000000e+01  -5.3511627e+01  -3.9245236e+01   5.0563613e+02   2.5987045e+00   1.1699284e+01   6.6832847e+00
   2.0080000e+03   1.2000000e+01   3.1000000e+01   1.8000000e+01   2.0000000e+00   5.9000099e+01  -5.3507275e+01  -3.9246530e+01   4.9104609e+02   2.2030155e+00   8.6105392e+00   5.5932684e+00
   2.0080000e+03   1.2000000e+01   3.1000000e+01   1.8000000e+01   4.0000000e+00   3.7000000e+01  -5.3502856e+01  -3.9247936e+01   4.9979195e+02   2.8993816e+00   7.0854220e+00   5.6328154e+00
   2.0080000e+03   1.2000000e+01   3.1000000e+01   1.8000000e+01   6.0000000e+00   1.4999901e+01  -5.3498417e+01  -3.9249275e+01   5.0114562e+02   1.5141274e+00   6.4702791e+00   5.3007713e+00
   2.0080000e+03   1.2000000e+01   3.1000000e+01   1.8000000e+01   7.0000000e+00   5.4000099e+01  -5.3493986e+01  -3.9250615e+01   5.0027118e+02   2.1960933e+00   7.2098472e+00   6.1670142e+00
   2.0080000e+03   1.2000000e+01   3.1000000e+01   1.8000000e+01   9.0000000e+00   3.3000000e+01  -5.3489598e+01  -3.9252067e+01   4.9693151e+02   2.2854288e+00   1.0013042e+01   8.8872171e+00
   2.0080000e+03   1.2000000e+01   3.1000000e+01   1.8000000e+01   1.1000000e+01   9.0000000e+00  -5.3485169e+01  -3.9253453e+01   5.0063811e+02   1.8026183e+00   6.1588362e+00   5.1885497e+00
   2.0080000e+03   1.2000000e+01   3.1000000e+01   1.8000000e+01   1.2000000e+01   4.6000000e+01  -5.3480728e+01  -3.9254732e+01   5.0066048e+02   1.8156722e+00   5.4920648e+00   4.2284259e+00
   2.0080000e+03   1.2000000e+01   3.1000000e+01   1.8000000e+01   1.4000000e+01   2.4000099e+01  -5.3476260e+01  -3.9255927e+01   5.0268980e+02   3.8417670e+00   1.2019175e+01   4.4443127e+00
   2.0080000e+03   1.2000000e+01   3.1000000e+01   1.8000000e+01   1.6000000e+01   1.0000000e+00  -5.3471806e+01  -3.9257127e+01   5.0132756e+02   4.8030320e+00   1.7119453e+01   3.6880109e+00
   2.0080000e+03   1.2000000e+01   3.1000000e+01   1.8000000e+01   1.7000000e+01   3.8999901e+01  -5.3467380e+01  -3.9258347e+01   4.9834832e+02   3.2904507e+00   9.6411093e+00   4.4800221e-01
   2.0080000e+03   1.2000000e+01   3.1000000e+01   1.8000000e+01   1.9000000e+01   1.7000000e+01  -5.3462940e+01  -3.9259564e+01   4.9987363e+02   2.9413735e+00   9.0175812e+00   2.2952827e+00
   2.0080000e+03   1.2000000e+01   3.1000000e+01   1.8000000e+01   2.0000000e+01   5.4000000e+01  -5.3458558e+01  -3.9260867e+01   4.9449097e+02   8.5203417e-01   7.6572820e+00   3.2447573e+00
   2.0080000e+03   1.2000000e+01   3.1000000e+01   1.8000000e+01   2.2000000e+01   3.4999901e+01  -5.3454143e+01  -3.9262142e+01   4.9787199e+02   2.6562209e+00   8.5714967e+00   4.4519521e-01
   2.0080000e+03   1.2000000e+01   3.1000000e+01   1.8000000e+01   2.4000000e+01   1.8000000e+01  -5.3449698e+01  -3.9263485e+01   5.0187774e+02   2.4939585e+00   6.5477231e+00   3.7281715e+00
   2.0080000e+03   1.2000000e+01   3.1000000e+01   1.8000000e+01   2.5000000e+01   5.5000000e+01  -5.3445289e+01  -3.9264788e+01   4.9745781e+02   1.9202776e+00   4.6021412e+00   5.9833918e-01
   2.0080000e+03   1.2000000e+01   3.1000000e+01   1.8000000e+01   2.7000000e+01   3.2000000e+01  -5.3440867e+01  -3.9266062e+01   4.9851313e+02   3.9400988e+00   1.3760633e+01   5.6931433e+00
   2.0080000e+03   1.2000000e+01   3.1000000e+01   1.8000000e+01   2.9000000e+01   1.0000099e+01  -5.3436416e+01  -3.9267402e+01   5.0242889e+02   3.7477979e+00   1.0266670e+01   7.6240277e+00
   2.0080000e+03   1.2000000e+01   3.1000000e+01   1.8000000e+01   3.0000000e+01   4.4999901e+01  -5.3432015e+01  -3.9268714e+01   4.9674222e+02   4.9882183e+00   9.1666129e+00   6.4437107e+00
   2.0080000e+03   1.2000000e+01   3.1000000e+01   1.8000000e+01   3.2000000e+01   1.7000099e+01  -5.3427565e+01  -3.9270020e+01   5.0201277e+02   2.1654025e+01   1.3043634e+01   7.3834655e+00
   2.0080000e+03   1.2000000e+01   3.1000000e+01   1.8000000e+01   3.3000000e+01   5.2000000e+01  -5.3423099e+01  -3.9271342e+01   5.0393325e+02   5.6189375e+00   1.2797466e+01   9.7710090e+00
   2.0080000e+03   1.2000000e+01   3.1000000e+01   1.8000000e+01   3.5000000e+01   3.0000099e+01  -5.3418668e+01  -3.9272720e+01   5.0070136e+02   5.3488801e+00   1.0876130e+01   1.0087285e+01
   2.0080000e+03   1.2000000e+01   3.1000000e+01   1.8000000e+01   3.7000000e+01   1.0000000e+01  -5.3414318e+01  -3.9274166e+01   4.9272465e+02   2.0506233e+00   1.4981949e+01   1.2218361e+01
   2.0080000e+03   1.2000000e+01   3.1000000e+01   1.8000000e+01   3.8000000e+01   5.1000000e+01  -5.3409890e+01  -3.9275623e+01   5.0152161e+02   3.2042298e+00   1.0385423e+01   6.8898300e+00
   2.0080000e+03   1.2000000e+01   3.1000000e+01   1.8000000e+01   4.0000000e+01   3.0000000e+01  -5.3405491e+01  -3.9277067e+01   4.9800838e+02   4.2447912e+00   9.5329839e+00   7.6103242e+00
   2.0080000e+03   1.2000000e+01   3.1000000e+01   1.8000000e+01   4.2000000e+01   7.0000000e+00  -5.3401027e+01  -3.9278389e+01   5.0368871e+02   4.3807537e+00   1.1595516e+01   7.3001160e+00
   2.0080000e+03   1.2000000e+01   3.1000000e+01   1.8000000e+01   4.3000000e+01   4.3000000e+01  -5.3396638e+01  -3.9279803e+01   4.9669469e+02   3.8836559e+00   8.0084318e+00   4.4948909e+00
   2.0080000e+03   1.2000000e+01   3.1000000e+01   1.8000000e+01   4.5000000e+01   1.8000000e+01  -5.3392230e+01  -3.9281237e+01   4.9887483e+02   3.5890342e+00   1.0381974e+01   7.5569815e+00
   2.0080000e+03   1.2000000e+01   3.1000000e+01   1.8000000e+01   4.6000000e+01   5.1000000e+01  -5.3387896e+01  -3.9282550e+01   4.8944531e+02   5.6492682e+00   1.6521647e+01   1.3389315e+01
   2.0080000e+03   1.2000000e+01   3.1000000e+01   1.8000000e+01   4.8000000e+01   2.7000099e+01  -5.3383311e+01  -3.9284004e+01   5.1856439e+02   4.3059817e+00   1.6019697e+01   1.4034718e+01
   2.0080000e+03   1.2000000e+01   3.1000000e+01   1.8000000e+01   5.0000000e+01   1.3000000e+01  -5.3379039e+01  -3.9285176e+01   4.8093251e+02   2.8390821e+00   8.2990178e+00   6.4540721e+00
   2.0080000e+03   1.2000000e+01   3.1000000e+01   1.8000000e+01   5.1000000e+01   5.8000000e+01  -5.3374537e+01  -3.9286542e+01   5.0847145e+02   2.2646687e+00   7.6489484e+00   5.9538632e+00
   2.0080000e+03   1.2000000e+01   3.1000000e+01   1.8000000e+01   5.3000000e+01   3.9000000e+01  -5.3370133e+01  -3.9287834e+01   4.9673761e+02   2.4730839e+00   7.5263607e+00   6.2683747e+00
   2.0080000e+03   1.2000000e+01   3.1000000e+01   1.8000000e+01   5.5000000e+01   1.7000000e+01  -5.3365703e+01  -3.9289191e+01   5.0047832e+02   2.1576917e+00   7.2966626e+00   4.6571962e+00
   2.0080000e+03   1.2000000e+01   3.1000000e+01   1.8000000e+01   5.6000000e+01   5.4000000e+01  -5.3361243e+01  -3.9290496e+01   5.0303100e+02   3.0886933e+00   1.4805998e+01   1.2441414e+01
   2.0080000e+03   1.2000000e+01   3.1000000e+01   1.8000000e+01   5.8000000e+01   3.0000000e+01  -5.3356872e+01  -3.9291776e+01   4.9305236e+02   3.3682203e+00   1.5199763e+01   9.6032745e+00
   2.0080000e+03   1.2000000e+01   3.1000000e+01   1.9000000e+01   0.0000000e+00   5.0000000e+00  -5.3352445e+01  -3.9293058e+01   4.9929192e+02   7.0362761e+00   1.9494875e+01   1.6879564e+01
   2.0080000e+03   1.2000000e+01   3.1000000e+01   1.9000000e+01   1.0000000e+00   3.9000000e+01  -5.3348000e+01  -3.9294513e+01   5.0322562e+02   4.2737459e+00   1.5247769e+01   1.0512791e+01
   2.0080000e+03   1.2000000e+01   3.1000000e+01   1.9000000e+01   3.0000000e+00   1.2000000e+01  -5.3343503e+01  -3.9295806e+01   5.0704017e+02   3.8054613e+00   1.5659112e+01   8.4133641e+00
   2.0080000e+03   1.2000000e+01   3.1000000e+01   1.9000000e+01   4.0000000e+00   5.0000000e+01  -5.3339075e+01  -3.9297039e+01   4.9874877e+02   4.9883387e+00   2.0500468e+01   1.5275858e+01
   2.0080000e+03   1.2000000e+01   3.1000000e+01   1.9000000e+01   6.0000000e+00   3.4000000e+01  -5.3334716e+01  -3.9298307e+01   4.9162491e+02   3.3434428e+00   1.5054782e+01   8.8991298e+00
   2.0080000e+03   1.2000000e+01   3.1000000e+01   1.9000000e+01   8.0000000e+00   1.7000000e+01  -5.3330298e+01  -3.9299662e+01   4.9914644e+02   3.5099410e+00   1.4274073e+01   9.8404808e+00
   2.0080000e+03   1.2000000e+01   3.1000000e+01   1.9000000e+01   9.0000000e+00   5.8000000e+01  -5.3325879e+01  -3.9300997e+01   4.9892089e+02   4.4397364e+00   1.7269626e+01   1.2805204e+01
   2.0080000e+03   1.2000000e+01   3.1000000e+01   1.9000000e+01   1.1000000e+01   3.4999901e+01  -5.3321464e+01  -3.9302446e+01   4.9995194e+02   2.8411880e+00   1.0704755e+01   8.8797351e+00
   2.0080000e+03   1.2000000e+01   3.1000000e+01   1.9000000e+01   1.3000000e+01   1.2000000e+01  -5.3316919e+01  -3.9303754e+01   5.1251380e+02   2.4401718e+00   9.0326954e+00   4.9464315e+00
   2.0080000e+03   1.2000000e+01   3.1000000e+01   1.9000000e+01   1.4000000e+01   2.1000099e+01  -5.3313914e+01  -3.9304623e+01   3.3886285e+02   2.0148245e+00   6.4506684e+00   5.3740072e+00
