   2.0080000e+03   1.2000000e+01   3.1000000e+01   9.0000000e+00   7.0000000e+00   1.4000000e+01  -5.3360008e+01  -3.9598642e+01   4.9932012e+02   7.8854498e+00   3.4690429e+01   3.2498386e+01
   2.0080000e+03   1.2000000e+01   3.1000000e+01   9.0000000e+00   9.0000000e+00   3.8000099e+01  -5.3364280e+01  -3.9597251e+01   4.8360838e+02   8.7045193e+00   3.0832964e+01   2.8404047e+01
   2.0080000e+03   1.2000000e+01   3.1000000e+01   9.0000000e+00   1.1000000e+01   3.4000000e+01  -5.3368770e+01  -3.9595920e+01   5.0672506e+02   1.4411931e+01   3.8672748e+01   3.4306976e+01
   2.0080000e+03   1.2000000e+01   3.1000000e+01   9.0000000e+00   1.3000000e+01   9.0000000e+00  -5.3373293e+01  -3.9594603e+01   5.1004237e+02   1.4495191e+01   5.1091547e+01   4.7743683e+01
   2.0080000e+03   1.2000000e+01   3.1000000e+01   9.0000000e+00   1.4000000e+01   4.0000000e+01  -5.3377679e+01  -3.9593326e+01   4.9476403e+02   8.2653638e+00   4.9938414e+01   2.8705994e+01
   2.0080000e+03   1.2000000e+01   3.1000000e+01   9.0000000e+00   1.6000000e+01   1.4000000e+01  -5.3382167e+01  -3.9592026e+01   5.0608810e+02   7.9981826e+00   2.2373177e+01   1.6896320e+01
   2.0080000e+03   1.2000000e+01   3.1000000e+01   9.0000000e+00   1.7000000e+01   5.0000000e+01  -5.3386586e+01  -3.9590661e+01   4.9931785e+02   1.1697803e+01   3.7341782e+01   1.9745733e+01
   2.0080000e+03   1.2000000e+01   3.1000000e+01   9.0000000e+00   1.9000000e+01   2.7000000e+01  -5.3390965e+01  -3.9589358e+01   4.9412137e+02   6.4752378e+00   3.1286426e+01   2.8662268e+01
   2.0080000e+03   1.2000000e+01   3.1000000e+01   9.0000000e+00   2.1000000e+01   5.0000000e+00  -5.3395437e+01  -3.9588050e+01   5.0449916e+02   5.7237712e+00   2.2859543e+01   2.1272968e+01
   2.0080000e+03   1.2000000e+01   3.1000000e+01   9.0000000e+00   2.2000000e+01   4.3000099e+01  -5.3399854e+01  -3.9586729e+01   4.9849485e+02   6.3351658e+00   1.1226347e+01   1.0006799e+01
   2.0080000e+03   1.2000000e+01   3.1000000e+01   9.0000000e+00   2.4000000e+01   2.1000000e+01  -5.3404267e+01  -3.9585430e+01   4.9794181e+02   1.0485656e+01   1.7156451e+01   1.5294771e+01
   2.0080000e+03   1.2000000e+01   3.1000000e+01   9.0000000e+00   2.5000000e+01   5.8000099e+01  -5.3408742e+01  -3.9584123e+01   5.0467674e+02   7.7572061e+00   1.9816608e+01   1.8418686e+01
   2.0080000e+03   1.2000000e+01   3.1000000e+01   9.0000000e+00   2.7000000e+01   3.4000000e+01  -5.3413162e+01  -3.9582788e+01   4.9902898e+02   5.7026894e+00   2.3120070e+01   1.9493637e+01
   2.0080000e+03   1.2000000e+01   3.1000000e+01   9.0000000e+00   2.9000000e+01   9.0000000e+00  -5.3417571e+01  -3.9581518e+01   4.9710850e+02   4.9413783e+00   1.6657297e+01   1.2817489e+01
   2.0080000e+03   1.2000000e+01   3.1000000e+01   9.0000000e+00   3.0000000e+01   4.4000099e+01  -5.3421994e+01  -3.9580222e+01   4.9891041e+02   1.1128527e+01   2.9224037e+01   2.3819812e+01
   2.0080000e+03   1.2000000e+01   3.1000000e+01   9.0000000e+00   3.2000000e+01   2.1000000e+01  -5.3426401e+01  -3.9578906e+01   4.9739775e+02   1.4211913e+01   3.9203989e+01   3.1357613e+01
   2.0080000e+03   1.2000000e+01   3.1000000e+01   9.0000000e+00   3.3000000e+01   5.8000099e+01  -5.3430819e+01  -3.9577637e+01   4.9811861e+02   1.1300513e+01   2.3232912e+01   2.3232912e+01
   2.0080000e+03   1.2000000e+01   3.1000000e+01   9.0000000e+00   3.5000000e+01   3.5000000e+01  -5.3435252e+01  -3.9576359e+01   4.9983607e+02   1.0497901e+01   1.1381378e+01   1.0197143e+01
   2.0080000e+03   1.2000000e+01   3.1000000e+01   9.0000000e+00   3.7000000e+01   1.3000099e+01  -5.3439728e+01  -3.9575064e+01   5.0460787e+02   7.9482264e+00   1.4742167e+01   1.2317937e+01
   2.0080000e+03   1.2000000e+01   3.1000000e+01   9.0000000e+00   3.8000000e+01   5.0000000e+01  -5.3444159e+01  -3.9573707e+01   5.0057247e+02   1.3561605e+01   2.8837329e+01   2.3045044e+01
   2.0080000e+03   1.2000000e+01   3.1000000e+01   9.0000000e+00   4.0000000e+01   2.7000099e+01  -5.3448576e+01  -3.9572392e+01   4.9844966e+02   1.0073311e+01   3.0948197e+01   2.9602692e+01
   2.0080000e+03   1.2000000e+01   3.1000000e+01   9.0000000e+00   4.2000000e+01   5.0000000e+00  -5.3453010e+01  -3.9571020e+01   5.0102242e+02   8.6688262e+00   1.6954437e+01   1.3500921e+01
   2.0080000e+03   1.2000000e+01   3.1000000e+01   9.0000000e+00   4.3000000e+01   4.3000000e+01  -5.3457420e+01  -3.9569714e+01   4.9762984e+02   6.9927779e+00   2.2224156e+01   1.7097040e+01
   2.0080000e+03   1.2000000e+01   3.1000000e+01   9.0000000e+00   4.5000000e+01   2.1000000e+01  -5.3461855e+01  -3.9568443e+01   4.9987413e+02   6.8878859e+00   1.7253899e+01   1.0623490e+01
   2.0080000e+03   1.2000000e+01   3.1000000e+01   9.0000000e+00   4.6000000e+01   5.9000000e+01  -5.3466290e+01  -3.9567198e+01   4.9962481e+02   5.9113874e+00   2.0278416e+01   1.7220342e+01
   2.0080000e+03   1.2000000e+01   3.1000000e+01   9.0000000e+00   4.8000000e+01   3.7000099e+01  -5.3470704e+01  -3.9565911e+01   4.9788724e+02   1.1148604e+01   2.6308953e+01   1.8798962e+01
   2.0080000e+03   1.2000000e+01   3.1000000e+01   9.0000000e+00   5.0000000e+01   1.5000000e+01  -5.3475129e+01  -3.9564632e+01   4.9892214e+02   8.2162864e+00   1.3588475e+01   7.4626422e+00
   2.0080000e+03   1.2000000e+01   3.1000000e+01   9.0000000e+00   5.1000000e+01   5.3000000e+01  -5.3479554e+01  -3.9563272e+01   4.9986587e+02   7.3980782e+00   3.8354642e+01   3.4104940e+01
   2.0080000e+03   1.2000000e+01   3.1000000e+01   9.0000000e+00   5.3000000e+01   3.0000000e+01  -5.3483970e+01  -3.9561958e+01   4.9829744e+02   6.7630221e+00   1.6775019e+01   1.3027892e+01
   2.0080000e+03   1.2000000e+01   3.1000000e+01   9.0000000e+00   5.5000000e+01   7.0000000e+00  -5.3488386e+01  -3.9560625e+01   4.9857044e+02   6.8444563e+00   1.8109913e+01   1.5225554e+01
   2.0080000e+03   1.2000000e+01   3.1000000e+01   9.0000000e+00   5.6000000e+01   4.5000000e+01  -5.3492816e+01  -3.9559312e+01   4.9986466e+02   9.0029269e+00   1.8536661e+01   1.8536661e+01
   2.0080000e+03   1.2000000e+01   3.1000000e+01   9.0000000e+00   5.8000000e+01   2.2000000e+01  -5.3497259e+01  -3.9557986e+01   5.0139628e+02   7.1139863e+00   1.8068302e+01   1.4982653e+01
   2.0080000e+03   1.2000000e+01   3.1000000e+01   9.0000000e+00   5.9000000e+01   5.8000000e+01  -5.3501653e+01  -3.9556742e+01   4.9516844e+02   8.2011651e+00   1.6444225e+01   1.0116730e+01
   2.0080000e+03   1.2000000e+01   3.1000000e+01   1.0000000e+01   1.0000000e+00   3.5000000e+01  -5.3506094e+01  -3.9555462e+01   5.0066935e+02   9.6872371e+00   2.3862294e+01   2.2526698e+01
   2.0080000e+03   1.2000000e+01   3.1000000e+01   1.0000000e+01   3.0000000e+00   1.3000000e+01  -5.3510505e+01  -3.9554107e+01   4.9825328e+02   1.8964484e+01   2.5015816e+01   1.4430078e+01
   2.0080000e+03   1.2000000e+01   3.1000000e+01   1.0000000e+01   4.0000000e+00   5.2000000e+01  -5.3515022e+01  -3.9552785e+01   5.0950030e+02   2.2693512e+01   3.5380430e+01   3.3171858e+01
   2.0080000e+03   1.2000000e+01   3.1000000e+01   1.0000000e+01   6.0000000e+00   3.8000099e+01  -5.3519420e+01  -3.9551514e+01   4.9585774e+02   2.3487438e+01   6.5351160e+01   5.0370045e+01
   2.0080000e+03   1.2000000e+01   3.1000000e+01   1.0000000e+01   8.0000000e+00   3.9000099e+01  -5.3523941e+01  -3.9550233e+01   5.0946758e+02   1.8902344e+01   5.8027470e+00   3.4562265e+00
   2.0080000e+03   1.2000000e+01   3.1000000e+01   1.0000000e+01   1.1000000e+01   6.0000000e+00  -5.3528280e+01  -3.9548871e+01   4.9049778e+02   9.9878246e+00   1.8766836e+01   1.5574040e+01
   2.0080000e+03   1.2000000e+01   3.1000000e+01   1.0000000e+01   1.3000000e+01   4.9000000e+01  -5.3532633e+01  -3.9547693e+01   4.8984472e+02   9.9089731e+00   1.9672789e+01   1.7207777e+01
   2.0080000e+03   1.2000000e+01   3.1000000e+01   1.0000000e+01   1.6000000e+01   1.7000000e+01  -5.3536814e+01  -3.9546398e+01   4.7248957e+02   1.0051859e+01   1.9988012e+01   1.7299743e+01
   2.0080000e+03   1.2000000e+01   3.1000000e+01   1.0000000e+01   1.8000000e+01   1.7000000e+01  -5.3541407e+01  -3.9545048e+01   5.1808198e+02   6.1057305e+00   1.0084152e+01   4.1074912e+00
   2.0080000e+03   1.2000000e+01   3.1000000e+01   1.0000000e+01   2.0000000e+01   0.0000000e+00  -5.3545897e+01  -3.9543693e+01   5.0680832e+02   1.0424473e+01   1.0529312e+01   9.7030824e+00
   2.0080000e+03   1.2000000e+01   3.1000000e+01   1.0000000e+01   2.1000000e+01   3.9000000e+01  -5.3550296e+01  -3.9542309e+01   4.9728281e+02   1.5041372e+01   1.0852602e+01   1.0852602e+01
   2.0080000e+03   1.2000000e+01   3.1000000e+01   1.0000000e+01   2.3000000e+01   1.7000099e+01  -5.3554745e+01  -3.9541075e+01   5.0108950e+02   1.2851944e+01   1.2033536e+01   1.2033536e+01
   2.0080000e+03   1.2000000e+01   3.1000000e+01   1.0000000e+01   2.4000000e+01   5.4000000e+01  -5.3559192e+01  -3.9539852e+01   5.0073248e+02   7.5287459e+00   1.3018087e+01   9.2765834e+00
   2.0080000e+03   1.2000000e+01   3.1000000e+01   1.0000000e+01   2.6000000e+01   2.9000000e+01  -5.3563623e+01  -3.9538558e+01   4.9972018e+02   1.0956327e+01   8.4826026e+00   6.8757615e+00
   2.0080000e+03   1.2000000e+01   3.1000000e+01   1.0000000e+01   2.8000000e+01   5.0000000e+00  -5.3568060e+01  -3.9537178e+01   5.0134411e+02   1.1114813e+01   2.1612652e+01   1.3428890e+01
   2.0080000e+03   1.2000000e+01   3.1000000e+01   1.0000000e+01   2.9000000e+01   4.2000000e+01  -5.3572479e+01  -3.9535947e+01   4.9775321e+02   1.0543264e+01   1.6973311e+01   1.4593034e+01
   2.0080000e+03   1.2000000e+01   3.1000000e+01   1.0000000e+01   3.1000000e+01   1.8999901e+01  -5.3576897e+01  -3.9534507e+01   4.9998965e+02   9.5155512e+00   1.1235448e+01   9.8158025e+00
   2.0080000e+03   1.2000000e+01   3.1000000e+01   1.0000000e+01   3.2000000e+01   5.7000000e+01  -5.3581349e+01  -3.9533151e+01   5.0273161e+02   1.5498141e+01   1.7425889e+01   1.5619454e+01
   2.0080000e+03   1.2000000e+01   3.1000000e+01   1.0000000e+01   3.4000000e+01   3.5000000e+01  -5.3585779e+01  -3.9531932e+01   4.9876445e+02   1.9137516e+01   1.4995463e+01   3.6957736e+00
   2.0080000e+03   1.2000000e+01   3.1000000e+01   1.0000000e+01   3.6000000e+01   1.3000000e+01  -5.3590174e+01  -3.9530636e+01   4.9581333e+02   2.2478881e+01   3.0784770e+01   2.3111796e+01
   2.0080000e+03   1.2000000e+01   3.1000000e+01   1.0000000e+01   3.7000000e+01   5.0000000e+01  -5.3594571e+01  -3.9529291e+01   4.9665689e+02   2.0079028e+01   2.6464998e+01   1.8713526e+01
   2.0080000e+03   1.2000000e+01   3.1000000e+01   1.0000000e+01   3.9000000e+01   2.6000000e+01  -5.3598988e+01  -3.9527998e+01   4.9809767e+02   1.6323652e+01   1.3154976e+01   1.3154976e+01
   2.0080000e+03   1.2000000e+01   3.1000000e+01   1.0000000e+01   4.1000000e+01   2.0000000e+00  -5.3603409e+01  -3.9526666e+01   4.9906429e+02   1.4605647e+01   1.6072929e+01   1.2914384e+01
   2.0080000e+03   1.2000000e+01   3.1000000e+01   1.0000000e+01   4.2000000e+01   3.8000000e+01  -5.3607849e+01  -3.9525340e+01   5.0107895e+02   1.1335209e+01   1.7926910e+01   1.2452741e+01
   2.0080000e+03   1.2000000e+01   3.1000000e+01   1.0000000e+01   4.4000000e+01   1.5000099e+01  -5.3612251e+01  -3.9524072e+01   4.9626069e+02   1.1346778e+01   9.5564724e+00   9.5564724e+00
   2.0080000e+03   1.2000000e+01   3.1000000e+01   1.0000000e+01   4.5000000e+01   5.2000000e+01  -5.3616731e+01  -3.9522803e+01   5.0476928e+02   1.7078612e+01   7.3488670e+00   7.3488670e+00
   2.0080000e+03   1.2000000e+01   3.1000000e+01   1.0000000e+01   4.7000000e+01   2.8000000e+01  -5.3621109e+01  -3.9521406e+01   4.9512285e+02   2.1752588e+01   1.4902672e+01   1.2019765e+01
   2.0080000e+03   1.2000000e+01   3.1000000e+01   1.0000000e+01   4.9000000e+01   5.0000000e+00  -5.3625573e+01  -3.9520071e+01   5.0375089e+02   2.9257522e+01   1.1146966e+01   6.0017960e+00
   2.0080000e+03   1.2000000e+01   3.1000000e+01   1.0000000e+01   5.0000000e+01   4.1000000e+01  -5.3629992e+01  -3.9518785e+01   4.9829043e+02   2.5730219e+01   2.3417551e+01   1.3251312e+01
   2.0080000e+03   1.2000000e+01   3.1000000e+01   1.0000000e+01   5.2000000e+01   1.7000000e+01  -5.3634424e+01  -3.9517408e+01   5.0078389e+02   1.9367942e+01   6.8772374e+00   3.2514786e+00
   2.0080000e+03   1.2000000e+01   3.1000000e+01   1.0000000e+01   5.3000000e+01   5.5000000e+01  -5.3638815e+01  -3.9516116e+01   4.9534073e+02   2.0322580e+01   1.1266162e+01   8.6600310e+00
   2.0080000e+03   1.2000000e+01   3.1000000e+01   1.0000000e+01   5.5000000e+01   3.3000000e+01  -5.3643258e+01  -3.9514826e+01   5.0091532e+02   2.1874362e+01   1.7311386e+01   1.1644603e+01
   2.0080000e+03   1.2000000e+01   3.1000000e+01   1.0000000e+01   5.7000000e+01   1.0000000e+01  -5.3647725e+01  -3.9513532e+01   5.0364811e+02   2.4931320e+01   2.6601794e+01   1.7094379e+01
   2.0080000e+03   1.2000000e+01   3.1000000e+01   1.0000000e+01   5.8000000e+01   4.4999901e+01  -5.3652109e+01  -3.9512273e+01   4.9416992e+02   2.0063149e+01   2.4890284e+01   1.9758430e+01
   2.0080000e+03   1.2000000e+01   3.1000000e+01   1.1000000e+01   0.0000000e+00   2.0000000e+01  -5.3656542e+01  -3.9510934e+01   5.0039271e+02   1.6458244e+01   1.6131009e+01   1.0045073e+01
   2.0080000e+03   1.2000000e+01   3.1000000e+01   1.1000000e+01   1.0000000e+00   5.7000000e+01  -5.3660974e+01  -3.9509602e+01   5.0027367e+02   1.2973292e+01   1.9606411e+01   6.4696274e+00
   2.0080000e+03   1.2000000e+01   3.1000000e+01   1.1000000e+01   3.0000000e+00   3.4000000e+01  -5.3665400e+01  -3.9508211e+01   5.0031367e+02   1.1727825e+01   2.0951320e+01   6.4297781e+00
   2.0080000e+03   1.2000000e+01   3.1000000e+01   1.1000000e+01   5.0000000e+00   1.0000000e+01  -5.3669820e+01  -3.9506886e+01   4.9880498e+02   1.2710478e+01   1.0427301e+01   5.2847091e+00
   2.0080000e+03   1.2000000e+01   3.1000000e+01   1.1000000e+01   6.0000000e+00   4.6000000e+01  -5.3674254e+01  -3.9505569e+01   5.0020276e+02   1.2325113e+01   1.4981838e+01   7.6708705e+00
   2.0080000e+03   1.2000000e+01   3.1000000e+01   1.1000000e+01   8.0000000e+00   2.1000000e+01  -5.3678658e+01  -3.9504276e+01   4.9682059e+02   1.5069037e+01   1.3867984e+01   3.8072237e+00
   2.0080000e+03   1.2000000e+01   3.1000000e+01   1.1000000e+01   9.0000000e+00   5.6000000e+01  -5.3683087e+01  -3.9502979e+01   4.9947899e+02   1.5391788e+01   1.6673726e+01   7.7832609e+00
   2.0080000e+03   1.2000000e+01   3.1000000e+01   1.1000000e+01   1.1000000e+01   3.1999901e+01  -5.3687537e+01  -3.9501696e+01   5.0163280e+02   1.5776486e+01   1.2609602e+01   0.0000000e+00
   2.0080000e+03   1.2000000e+01   3.1000000e+01   1.1000000e+01   1.3000000e+01   1.5000000e+01  -5.3692074e+01  -3.9500349e+01   5.1190408e+02   1.4168872e+01   9.9058056e+00   8.2478352e+00
   2.0080000e+03   1.2000000e+01   3.1000000e+01   1.1000000e+01   1.5000000e+01   1.2000000e+01  -5.3696482e+01  -3.9498990e+01   4.9786222e+02   1.3485137e+01   1.7964146e+01   1.6758907e+01
   2.0080000e+03   1.2000000e+01   3.1000000e+01   1.1000000e+01   1.7000000e+01   3.0000000e+01  -5.3700965e+01  -3.9497591e+01   5.0657784e+02   1.7611051e+01   2.7053136e+01   2.2914701e+01
   2.0080000e+03   1.2000000e+01   3.1000000e+01   1.1000000e+01   2.0000000e+01   1.1000000e+01  -5.3705167e+01  -3.9496381e+01   4.7372108e+02   1.7479512e+01   3.7156944e+01   2.3105980e+01
   2.0080000e+03   1.2000000e+01   3.1000000e+01   1.1000000e+01   2.2000000e+01   5.4000099e+01  -5.3709579e+01  -3.9495026e+01   4.9819468e+02   1.3690573e+01   1.9746847e+01   1.0925551e+01
   2.0080000e+03   1.2000000e+01   3.1000000e+01   1.1000000e+01   2.5000000e+01   2.8000000e+01  -5.3714042e+01  -3.9493794e+01   5.0252983e+02   3.3236471e+02   1.2164950e+03   2.9030211e+02
   2.0080000e+03   1.2000000e+01   3.1000000e+01   1.1000000e+01   2.8000000e+01   1.0000992e+00  -5.3718469e+01  -3.9492441e+01   4.9995885e+02   8.1751003e+01   2.7360854e+02   2.6247941e+02
   2.0080000e+03   1.2000000e+01   3.1000000e+01   1.1000000e+01   3.0000000e+01   3.7000000e+01  -5.3722889e+01  -3.9491140e+01   4.9848903e+02   1.9066725e+01   4.4317039e+01   3.0834623e+01
   2.0080000e+03   1.2000000e+01   3.1000000e+01   1.1000000e+01   3.3000000e+01   1.4000000e+01  -5.3727303e+01  -3.9489773e+01   4.9866165e+02   1.5106746e+01   2.9313747e+01   1.9439718e+01
   2.0080000e+03   1.2000000e+01   3.1000000e+01   1.1000000e+01   3.5000000e+01   5.2000000e+01  -5.3731715e+01  -3.9488522e+01   4.9707965e+02   1.6555707e+01   2.9407202e+01   2.4091188e+01
   2.0080000e+03   1.2000000e+01   3.1000000e+01   1.1000000e+01   3.8000000e+01   2.7000000e+01  -5.3736040e+01  -3.9487322e+01   4.8704791e+02   2.0046984e+01   3.7454332e+01   1.1238650e+01
   2.0080000e+03   1.2000000e+01   3.1000000e+01   1.1000000e+01   4.0000000e+01   4.1000000e+01  -5.3740432e+01  -3.9485953e+01   4.9633217e+02   1.1539723e+01   3.1521378e+01   2.4525218e+01
   2.0080000e+03   1.2000000e+01   3.1000000e+01   1.1000000e+01   4.2000000e+01   3.0000099e+01  -5.3744931e+01  -3.9484512e+01   5.0877750e+02   1.0336115e+01   1.9785293e+01   1.9785293e+01
   2.0080000e+03   1.2000000e+01   3.1000000e+01   1.1000000e+01   4.4000000e+01   8.0000000e+00  -5.3749355e+01  -3.9483171e+01   4.9939094e+02   6.5498236e+00   1.6492623e+01   8.8217846e+00
   2.0080000e+03   1.2000000e+01   3.1000000e+01   1.1000000e+01   4.5000000e+01   4.4999901e+01  -5.3753803e+01  -3.9481804e+01   5.0239997e+02   9.0490337e+00   1.7191534e+01   8.9187830e+00
   2.0080000e+03   1.2000000e+01   3.1000000e+01   1.1000000e+01   4.7000000e+01   2.3000000e+01  -5.3758232e+01  -3.9480510e+01   4.9938156e+02   1.9318092e+01   3.6415557e+01   2.1292401e+01
   2.0080000e+03   1.2000000e+01   3.1000000e+01   1.1000000e+01   4.9000000e+01   0.0000000e+00  -5.3762662e+01  -3.9479249e+01   4.9928952e+02   3.2870693e+01   8.9203993e+01   7.9383382e+01
   2.0080000e+03   1.2000000e+01   3.1000000e+01   1.1000000e+01   5.0000000e+01   3.6000000e+01  -5.3767111e+01  -3.9478153e+01   4.9948857e+02   2.3209608e+01   4.2251800e+01   3.3733642e+01
   2.0080000e+03   1.2000000e+01   3.1000000e+01   1.1000000e+01   5.2000000e+01   1.3000099e+01  -5.3771552e+01  -3.9477048e+01   4.9879459e+02   1.1426080e+01   1.8803059e+01   1.5668055e+01
   2.0080000e+03   1.2000000e+01   3.1000000e+01   1.1000000e+01   5.3000000e+01   5.0000000e+01  -5.3775998e+01  -3.9475911e+01   4.9965150e+02   1.2049358e+01   2.9804739e+01   1.2728161e+01
   2.0080000e+03   1.2000000e+01   3.1000000e+01   1.1000000e+01   5.5000000e+01   2.6000099e+01  -5.3780388e+01  -3.9474666e+01   4.9469871e+02   1.1870651e+01   2.8330658e+01   1.1343427e+01
   2.0080000e+03   1.2000000e+01   3.1000000e+01   1.1000000e+01   5.7000000e+01   3.0000000e+00  -5.3784883e+01  -3.9473273e+01   5.0772803e+02   1.3810501e+01   2.8575919e+01   4.9327495e+00
   2.0080000e+03   1.2000000e+01   3.1000000e+01   1.1000000e+01   5.8000000e+01   4.1000099e+01  -5.3789302e+01  -3.9471835e+01   5.0007359e+02   1.4030651e+01   2.5092715e+01   9.9655661e+00
   2.0080000e+03   1.2000000e+01   3.1000000e+01   1.2000000e+01   0.0000000e+00   2.0000000e+01  -5.3793717e+01  -3.9470397e+01   4.9961096e+02   1.4881266e+01   2.4504014e+01   1.5295868e+01
   2.0080000e+03   1.2000000e+01   3.1000000e+01   1.2000000e+01   1.0000000e+00   5.9000000e+01  -5.3798054e+01  -3.9468946e+01   4.9123314e+02   1.9000426e+01   4.0264446e+01   2.6173162e+01
   2.0080000e+03   1.2000000e+01   3.1000000e+01   1.2000000e+01   3.0000000e+00   3.7000099e+01  -5.3802519e+01  -3.9467469e+01   5.0550727e+02   1.7367007e+01   3.8868968e+01   2.8811671e+01
   2.0080000e+03   1.2000000e+01   3.1000000e+01   1.2000000e+01   5.0000000e+00   1.4000000e+01  -5.3806943e+01  -3.9466074e+01   5.0005474e+02   2.0658764e+01   3.9911924e+01   9.6453730e+00
   2.0080000e+03   1.2000000e+01   3.1000000e+01   1.2000000e+01   6.0000000e+00   4.9000000e+01  -5.3811337e+01  -3.9464734e+01   4.9614999e+02   1.3891070e+01   1.4963933e+01   2.2761424e+00
   2.0080000e+03   1.2000000e+01   3.1000000e+01   1.2000000e+01   8.0000000e+00   2.3000000e+01  -5.3815756e+01  -3.9463470e+01   4.9791751e+02   1.3153278e+01   1.7782140e+01   8.1915305e+00
   2.0080000e+03   1.2000000e+01   3.1000000e+01   1.2000000e+01   9.0000000e+00   5.9000000e+01  -5.3820236e+01  -3.9462159e+01   5.0517839e+02   1.4040232e+01   1.6262908e+01   1.2721082e+01
   2.0080000e+03   1.2000000e+01   3.1000000e+01   1.2000000e+01   1.1000000e+01   3.6000000e+01  -5.3824633e+01  -3.9460816e+01   4.9646916e+02   1.4404338e+01   2.4030851e+01   2.0725801e+01
   2.0080000e+03   1.2000000e+01   3.1000000e+01   1.2000000e+01   1.3000000e+01   1.2000000e+01  -5.3829014e+01  -3.9459478e+01   4.9471603e+02   1.2711787e+01   2.2579271e+01   1.1627427e+01
   2.0080000e+03   1.2000000e+01   3.1000000e+01   1.2000000e+01   1.4000000e+01   4.9000000e+01  -5.3833513e+01  -3.9458205e+01   5.0681689e+02   8.4880226e+00   1.2954387e+01   1.0939187e+01
   2.0080000e+03   1.2000000e+01   3.1000000e+01   1.2000000e+01   1.6000000e+01   2.7000000e+01  -5.3837931e+01  -3.9456932e+01   4.9799300e+02   9.0174840e+00   2.2586107e+01   1.0674801e+01
   2.0080000e+03   1.2000000e+01   3.1000000e+01   1.2000000e+01   1.8000000e+01   5.0000000e+00  -5.3842304e+01  -3.9455590e+01   4.9387451e+02   6.3284279e+00   1.9704145e+01   9.3516855e+00
   2.0080000e+03   1.2000000e+01   3.1000000e+01   1.2000000e+01   1.9000000e+01   4.3000000e+01  -5.3846714e+01  -3.9454286e+01   4.9744714e+02   1.0243132e+01   1.4221534e+01   9.2013641e+00
   2.0080000e+03   1.2000000e+01   3.1000000e+01   1.2000000e+01   2.1000000e+01   2.0000099e+01  -5.3851133e+01  -3.9452966e+01   4.9851379e+02   9.5665332e+00   1.6437608e+01   8.1110000e+00
   2.0080000e+03   1.2000000e+01   3.1000000e+01   1.2000000e+01   2.2000000e+01   5.6000000e+01  -5.3855607e+01  -3.9451614e+01   5.0505400e+02   8.8399479e+00   2.2653402e+01   9.5116429e+00
   2.0080000e+03   1.2000000e+01   3.1000000e+01   1.2000000e+01   2.4000000e+01   3.1000000e+01  -5.3860039e+01  -3.9450208e+01   5.0102195e+02   1.4530667e+01   2.2921097e+01   2.2900008e+01
   2.0080000e+03   1.2000000e+01   3.1000000e+01   1.2000000e+01   2.6000000e+01   5.0000992e+00  -5.3864471e+01  -3.9448834e+01   5.0063258e+02   7.5140654e+00   2.1612354e+01   2.1531563e+01
   2.0080000e+03   1.2000000e+01   3.1000000e+01   1.2000000e+01   2.7000000e+01   4.6000000e+01  -5.3868985e+01  -3.9447431e+01   5.0995335e+02   8.6931764e+00   2.0885484e+01   1.2653032e+01
   2.0080000e+03   1.2000000e+01   3.1000000e+01   1.2000000e+01   2.9000000e+01   4.4000000e+01  -5.3873360e+01  -3.9446240e+01   4.9242266e+02   8.0440469e+00   1.6886170e+01   1.4723494e+01
   2.0080000e+03   1.2000000e+01   3.1000000e+01   1.2000000e+01   3.2000000e+01   8.0000992e+00  -5.3877868e+01  -3.9445045e+01   5.0700564e+02   5.2592476e+00   8.6854952e+00   7.3385942e+00
   2.0080000e+03   1.2000000e+01   3.1000000e+01   1.2000000e+01   3.4000000e+01   5.1000000e+01  -5.3882109e+01  -3.9443702e+01   4.7931555e+02   7.3419550e+00   1.4287100e+01   1.2778269e+01
   2.0080000e+03   1.2000000e+01   3.1000000e+01   1.2000000e+01   3.7000000e+01   3.1000099e+01  -5.3886461e+01  -3.9442246e+01   4.9293941e+02   1.2386509e+01   1.5015255e+01   1.4589960e+01
   2.0080000e+03   1.2000000e+01   3.1000000e+01   1.2000000e+01   3.9000000e+01   4.7000000e+01  -5.3890848e+01  -3.9441008e+01   4.9420931e+02   2.6297803e+01   6.8228736e+01   3.0718044e+01
   2.0080000e+03   1.2000000e+01   3.1000000e+01   1.2000000e+01   4.1000000e+01   3.7000000e+01  -5.3895393e+01  -3.9439674e+01   5.1251031e+02   3.3143089e+01   1.0447506e+02   3.2440749e+01
   2.0080000e+03   1.2000000e+01   3.1000000e+01   1.2000000e+01   4.3000000e+01   1.7000000e+01  -5.3899847e+01  -3.9438422e+01   5.0170569e+02   6.7623571e+00   1.1986783e+01   1.0775496e+01
   2.0080000e+03   1.2000000e+01   3.1000000e+01   1.2000000e+01   4.4000000e+01   5.2000000e+01  -5.3904282e+01  -3.9437200e+01   4.9928512e+02   9.3194969e+00   2.7137578e+01   1.4003198e+01
   2.0080000e+03   1.2000000e+01   3.1000000e+01   1.2000000e+01   4.6000000e+01   2.7000099e+01  -5.3908715e+01  -3.9435953e+01   4.9931563e+02   1.3931740e+01   3.1701969e+01   2.2298003e+01
   2.0080000e+03   1.2000000e+01   3.1000000e+01   1.2000000e+01   4.8000000e+01   4.0000000e+00  -5.3913169e+01  -3.9434644e+01   5.0227583e+02   2.4060509e+01   6.7939740e+01   5.7730239e+01
   2.0080000e+03   1.2000000e+01   3.1000000e+01   1.2000000e+01   4.9000000e+01   4.3000000e+01  -5.3917557e+01  -3.9433315e+01   4.9522975e+02   1.5719803e+01   4.0442781e+01   3.9982846e+01
   2.0080000e+03   1.2000000e+01   3.1000000e+01   1.2000000e+01   5.1000000e+01   2.2000000e+01  -5.3921969e+01  -3.9431890e+01   4.9910475e+02   1.6089238e+01   5.2966144e+01   5.1096827e+01
   2.0080000e+03   1.2000000e+01   3.1000000e+01   1.2000000e+01   5.3000000e+01   0.0000000e+00  -5.3926383e+01  -3.9430535e+01   4.9838788e+02   1.1165149e+01   2.1378887e+01   1.7398250e+01
   2.0080000e+03   1.2000000e+01   3.1000000e+01   1.2000000e+01   5.4000000e+01   3.8000099e+01  -5.3930835e+01  -3.9429110e+01   5.0344520e+02   3.1838560e+00   3.6762778e+00   6.0387180e-01
   2.0080000e+03   1.2000000e+01   3.1000000e+01   1.2000000e+01   5.6000000e+01   1.6000000e+01  -5.3935231e+01  -3.9427654e+01   4.9767889e+02   4.1432405e+00   9.2643744e+00   5.6702252e+00
   2.0080000e+03   1.2000000e+01   3.1000000e+01   1.2000000e+01   5.7000000e+01   5.5000000e+01  -5.3939645e+01  -3.9426320e+01   4.9817818e+02   1.3457675e+01   1.9360061e+01   1.5828880e+01
   2.0080000e+03   1.2000000e+01   3.1000000e+01   1.2000000e+01   5.9000000e+01   3.5000000e+01  -5.3944066e+01  -3.9424967e+01   4.9914736e+02   2.4185191e+01   5.7257449e+01   5.1370083e+01
   2.0080000e+03   1.2000000e+01   3.1000000e+01   1.3000000e+01   1.0000000e+00   1.5000099e+01  -5.3948507e+01  -3.9423671e+01   5.0070904e+02   1.5000419e+01   2.1049177e+01   1.9456996e+01
   2.0080000e+03   1.2000000e+01   3.1000000e+01   1.3000000e+01   2.0000000e+00   5.4000000e+01  -5.3952893e+01  -3.9422297e+01   4.9563437e+02   4.5843978e+00   4.6110374e+00   2.3518681e+00
   2.0080000e+03   1.2000000e+01   3.1000000e+01   1.3000000e+01   4.0000000e+00   3.3000000e+01  -5.3957338e+01  -3.9420938e+01   5.0178247e+02   4.1439056e+00   7.9039358e+00   4.3712270e+00
   2.0080000e+03   1.2000000e+01   3.1000000e+01   1.3000000e+01   6.0000000e+00   1.1000099e+01  -5.3961748e+01  -3.9419635e+01   4.9745584e+02   1.9317707e+00   3.4278117e+00   9.0692062e-01
   2.0080000e+03   1.2000000e+01   3.1000000e+01   1.3000000e+01   7.0000000e+00   4.9000000e+01  -5.3966191e+01  -3.9418387e+01   5.0037323e+02   2.9815826e+00   7.8217653e+00   4.0232464e+00
   2.0080000e+03   1.2000000e+01   3.1000000e+01   1.3000000e+01   9.0000000e+00   2.7000000e+01  -5.3970612e+01  -3.9417227e+01   4.9705365e+02   3.5603736e+00   4.8921731e+00   4.1252645e+00
   2.0080000e+03   1.2000000e+01   3.1000000e+01   1.3000000e+01   1.1000000e+01   4.0000000e+00  -5.3975040e+01  -3.9415984e+01   4.9868053e+02   2.3828988e+00   4.7711816e+00   4.6671219e+00
   2.0080000e+03   1.2000000e+01   3.1000000e+01   1.3000000e+01   1.2000000e+01   4.2000000e+01  -5.3979497e+01  -3.9414780e+01   5.0149102e+02   1.3085589e+00   3.9925405e+00   3.9925405e+00
   2.0080000e+03   1.2000000e+01   3.1000000e+01   1.3000000e+01   1.4000000e+01   1.9000000e+01  -5.3983946e+01  -3.9413503e+01   5.0134873e+02   2.9734865e+00   5.3160703e+00   3.9211899e+00
   2.0080000e+03   1.2000000e+01   3.1000000e+01   1.3000000e+01   1.5000000e+01   5.5000000e+01  -5.3988352e+01  -3.9412313e+01   4.9580803e+02   1.8619827e+00   2.0684911e+00   7.8716624e-01
   2.0080000e+03   1.2000000e+01   3.1000000e+01   1.3000000e+01   1.7000000e+01   3.2000000e+01  -5.3992786e+01  -3.9411096e+01   4.9906006e+02   1.5766184e+00   2.3180446e+00   9.3882771e-01
   2.0080000e+03   1.2000000e+01   3.1000000e+01   1.3000000e+01   1.9000000e+01   1.0000000e+01  -5.3997239e+01  -3.9409779e+01   5.0222252e+02   2.4539081e+00   3.9186023e+01   8.9288380e-01
   2.0080000e+03   1.2000000e+01   3.1000000e+01   1.3000000e+01   2.0000000e+01   4.8000000e+01  -5.4001671e+01  -3.9408332e+01   5.0148017e+02   1.7458831e+00   2.4848274e+00   2.0301775e+00
   2.0080000e+03   1.2000000e+01   3.1000000e+01   1.3000000e+01   2.2000000e+01   2.5000000e+01  -5.4006123e+01  -3.9407007e+01   5.0218948e+02   3.5476487e+00   3.9851651e+00   3.5247755e+00
   2.0080000e+03   1.2000000e+01   3.1000000e+01   1.3000000e+01   2.4000000e+01   0.0000000e+00  -5.4010499e+01  -3.9405677e+01   4.9398971e+02   3.0867009e+00   1.3921333e+00   6.8356441e-01
   2.0080000e+03   1.2000000e+01   3.1000000e+01   1.3000000e+01   2.5000000e+01   3.5000000e+01  -5.4014872e+01  -3.9404203e+01   4.9535942e+02   1.3861622e+00   1.7332568e+00   1.2164543e+00
   2.0080000e+03   1.2000000e+01   3.1000000e+01   1.3000000e+01   2.7000000e+01   1.2000000e+01  -5.4019323e+01  -3.9402670e+01   5.0458125e+02   1.5361955e+00   1.7016454e+00   1.3231037e+00
   2.0080000e+03   1.2000000e+01   3.1000000e+01   1.3000000e+01   2.8000000e+01   5.0000099e+01  -5.4023753e+01  -3.9401164e+01   5.0196918e+02   1.3014818e+00   1.5162071e+00   1.1888427e+00
   2.0080000e+03   1.2000000e+01   3.1000000e+01   1.3000000e+01   3.0000000e+01   2.7000000e+01  -5.4028157e+01  -3.9399800e+01   4.9750596e+02   7.2694127e-01   2.7040210e+00   2.5613198e+00
   2.0080000e+03   1.2000000e+01   3.1000000e+01   1.3000000e+01   3.2000000e+01   4.0000000e+00  -5.4032533e+01  -3.9398400e+01   4.9476651e+02   1.1273927e+00   3.5774108e+00   3.5774108e+00
   2.0080000e+03   1.2000000e+01   3.1000000e+01   1.3000000e+01   3.3000000e+01   4.3000000e+01  -5.4036980e+01  -3.9397078e+01   5.0154970e+02   1.4491525e+00   4.4103545e+00   3.5142603e+00
   2.0080000e+03   1.2000000e+01   3.1000000e+01   1.3000000e+01   3.5000000e+01   2.3000000e+01  -5.4041411e+01  -3.9395714e+01   5.0041707e+02   2.0303286e+00   7.5906955e+00   9.7953407e-01
   2.0080000e+03   1.2000000e+01   3.1000000e+01   1.3000000e+01   3.7000000e+01   9.0000000e+00  -5.4046055e+01  -3.9394480e+01   5.2227412e+02   1.1089852e+00   2.4723760e+00   2.3857066e+00
   2.0080000e+03   1.2000000e+01   3.1000000e+01   1.3000000e+01   3.9000000e+01   2.1000000e+01  -5.4050430e+01  -3.9393209e+01   4.9315964e+02   6.2003134e-01   7.0405375e-01   5.0704328e-01
   2.0080000e+03   1.2000000e+01   3.1000000e+01   1.3000000e+01   4.1000000e+01   5.7000000e+01  -5.4054524e+01  -3.9392151e+01   4.6013074e+02   7.9953142e-01   1.4116932e+00   3.8351591e-01
   2.0080000e+03   1.2000000e+01   3.1000000e+01   1.3000000e+01   4.4000000e+01   4.0000000e+01  -5.4059225e+01  -3.9390948e+01   5.2825505e+02   1.4239652e+00   1.9894179e+00   3.6922352e-01
