   2.0090000e+03   1.0000000e+00   2.0000000e+00   9.0000000e+00   4.0000000e+00   4.9999008e+00  -5.3228148e+01  -3.8446806e+01   4.9911475e+02   5.0229485e+00   1.7473190e+01   1.5965655e+01
   2.0090000e+03   1.0000000e+00   2.0000000e+00   9.0000000e+00   6.0000000e+00   2.0000000e+01  -5.3232428e+01  -3.8445394e+01   4.8477877e+02   3.1251972e+00   1.3617637e+01   1.0613234e+01
   2.0090000e+03   1.0000000e+00   2.0000000e+00   9.0000000e+00   8.0000000e+00   5.0000992e+00  -5.3237021e+01  -3.8444093e+01   5.1766072e+02   4.6386841e+00   1.2537640e+01   1.1599298e+01
   2.0090000e+03   1.0000000e+00   2.0000000e+00   9.0000000e+00   9.0000000e+00   4.1000000e+01  -5.3241511e+01  -3.8442657e+01   5.0793474e+02   3.5442466e+00   1.1768146e+01   1.0327356e+01
   2.0090000e+03   1.0000000e+00   2.0000000e+00   9.0000000e+00   1.1000000e+01   1.9000099e+01  -5.3245848e+01  -3.8441099e+01   4.9292784e+02   2.8859206e+00   1.1043122e+01   1.1043122e+01
   2.0090000e+03   1.0000000e+00   2.0000000e+00   9.0000000e+00   1.2000000e+01   5.8000000e+01  -5.3250227e+01  -3.8439710e+01   4.9527969e+02   3.6599931e+00   1.0008345e+01   8.6156103e+00
   2.0090000e+03   1.0000000e+00   2.0000000e+00   9.0000000e+00   1.4000000e+01   3.3999901e+01  -5.3254674e+01  -3.8438300e+01   5.0300910e+02   4.3713171e+00   1.5389176e+01   1.5389176e+01
   2.0090000e+03   1.0000000e+00   2.0000000e+00   9.0000000e+00   1.6000000e+01   9.0000000e+00  -5.3259026e+01  -3.8436837e+01   4.9324289e+02   3.7140484e+00   1.1645365e+01   1.0816709e+01
   2.0090000e+03   1.0000000e+00   2.0000000e+00   9.0000000e+00   1.7000000e+01   4.5000000e+01  -5.3263517e+01  -3.8435430e+01   5.0773719e+02   3.5249937e+00   9.2401911e+00   7.2945182e+00
   2.0090000e+03   1.0000000e+00   2.0000000e+00   9.0000000e+00   1.9000000e+01   2.1000000e+01  -5.3267910e+01  -3.8434034e+01   4.9688275e+02   3.1732960e+00   1.0263763e+01   1.0125100e+01
   2.0090000e+03   1.0000000e+00   2.0000000e+00   9.0000000e+00   2.0000000e+01   5.6000000e+01  -5.3272310e+01  -3.8432592e+01   4.9821202e+02   2.5700655e+00   1.4128455e+01   1.3043689e+01
   2.0090000e+03   1.0000000e+00   2.0000000e+00   9.0000000e+00   2.2000000e+01   3.1000000e+01  -5.3276697e+01  -3.8431183e+01   4.9644033e+02   6.0949384e+00   1.4547917e+01   1.1082787e+01
   2.0090000e+03   1.0000000e+00   2.0000000e+00   9.0000000e+00   2.4000000e+01   6.9999008e+00  -5.3281117e+01  -3.8429774e+01   5.0000485e+02   5.0792067e+00   1.2724083e+01   9.7914857e+00
   2.0090000e+03   1.0000000e+00   2.0000000e+00   9.0000000e+00   2.5000000e+01   4.3000000e+01  -5.3285561e+01  -3.8428343e+01   5.0287166e+02   8.3657477e+00   1.8504808e+01   1.6718381e+01
   2.0090000e+03   1.0000000e+00   2.0000000e+00   9.0000000e+00   2.7000000e+01   1.9000099e+01  -5.3289954e+01  -3.8426867e+01   4.9788920e+02   1.1291803e+01   3.8516332e+01   3.8116719e+01
   2.0090000e+03   1.0000000e+00   2.0000000e+00   9.0000000e+00   2.8000000e+01   5.5000000e+01  -5.3294354e+01  -3.8425339e+01   4.9938928e+02   1.1161835e+01   2.2975668e+01   1.8656642e+01
   2.0090000e+03   1.0000000e+00   2.0000000e+00   9.0000000e+00   3.0000000e+01   3.1000000e+01  -5.3298751e+01  -3.8423901e+01   4.9786435e+02   1.0028181e+01   1.8543806e+01   1.5968422e+01
   2.0090000e+03   1.0000000e+00   2.0000000e+00   9.0000000e+00   3.2000000e+01   8.0000992e+00  -5.3303145e+01  -3.8422582e+01   4.9595699e+02   1.0308393e+01   2.8874677e+01   2.6159556e+01
   2.0090000e+03   1.0000000e+00   2.0000000e+00   9.0000000e+00   3.3000000e+01   4.5000000e+01  -5.3307591e+01  -3.8421241e+01   5.0205208e+02   8.4791142e+00   1.5274994e+01   6.8444344e+00
   2.0090000e+03   1.0000000e+00   2.0000000e+00   9.0000000e+00   3.5000000e+01   2.1999901e+01  -5.3311976e+01  -3.8419835e+01   4.9607506e+02   1.0948121e+01   1.3337599e+01   1.1724636e+01
   2.0090000e+03   1.0000000e+00   2.0000000e+00   9.0000000e+00   3.7000000e+01   0.0000000e+00  -5.3316404e+01  -3.8418410e+01   5.0108515e+02   1.3017431e+01   2.6015245e+01   2.1680873e+01
   2.0090000e+03   1.0000000e+00   2.0000000e+00   9.0000000e+00   3.8000000e+01   3.7000000e+01  -5.3320824e+01  -3.8416928e+01   5.0087523e+02   1.1027050e+01   2.4203202e+01   2.4203202e+01
   2.0090000e+03   1.0000000e+00   2.0000000e+00   9.0000000e+00   4.0000000e+01   1.3000000e+01  -5.3325252e+01  -3.8415464e+01   5.0159743e+02   1.4014001e+01   1.5675124e+01   1.2420326e+01
   2.0090000e+03   1.0000000e+00   2.0000000e+00   9.0000000e+00   4.1000000e+01   4.9000000e+01  -5.3329631e+01  -3.8413948e+01   4.9691703e+02   1.2466434e+01   1.0298943e+01   8.9937049e+00
   2.0090000e+03   1.0000000e+00   2.0000000e+00   9.0000000e+00   4.3000000e+01   2.6000000e+01  -5.3334024e+01  -3.8412527e+01   4.9713489e+02   9.3138340e+00   6.2090379e+00   4.7072040e+00
   2.0090000e+03   1.0000000e+00   2.0000000e+00   9.0000000e+00   4.5000000e+01   3.0000000e+00  -5.3338426e+01  -3.8411123e+01   4.9795692e+02   1.1206303e+01   1.4255867e+01   9.6120618e+00
   2.0090000e+03   1.0000000e+00   2.0000000e+00   9.0000000e+00   4.6000000e+01   4.0000000e+01  -5.3342895e+01  -3.8409858e+01   5.0360915e+02   8.3049822e+00   1.4611120e+01   6.4821613e+00
   2.0090000e+03   1.0000000e+00   2.0000000e+00   9.0000000e+00   4.8000000e+01   1.7000000e+01  -5.3347319e+01  -3.8408411e+01   5.0087044e+02   7.6193016e+00   1.2902414e+01   8.8599425e+00
   2.0090000e+03   1.0000000e+00   2.0000000e+00   9.0000000e+00   4.9000000e+01   5.4000000e+01  -5.3351701e+01  -3.8406977e+01   4.9615066e+02   7.7464179e+00   1.2101638e+01   6.2818351e+00
   2.0090000e+03   1.0000000e+00   2.0000000e+00   9.0000000e+00   5.1000000e+01   3.1000000e+01  -5.3356135e+01  -3.8405566e+01   5.0146852e+02   9.7344355e+00   1.5509092e+01   1.0625605e+01
   2.0090000e+03   1.0000000e+00   2.0000000e+00   9.0000000e+00   5.3000000e+01   9.0000000e+00  -5.3360576e+01  -3.8404120e+01   5.0279879e+02   8.7573812e+00   3.7922747e+00   2.0040467e+00
   2.0090000e+03   1.0000000e+00   2.0000000e+00   9.0000000e+00   5.4000000e+01   4.8000000e+01  -5.3364961e+01  -3.8402694e+01   4.9627228e+02   1.0459230e+01   8.6768348e+00   7.2705611e+00
   2.0090000e+03   1.0000000e+00   2.0000000e+00   9.0000000e+00   5.6000000e+01   2.7000000e+01  -5.3369375e+01  -3.8401227e+01   5.0006807e+02   1.2625782e+01   1.8312082e+01   1.2580308e+01
   2.0090000e+03   1.0000000e+00   2.0000000e+00   9.0000000e+00   5.8000000e+01   7.0000000e+00  -5.3373760e+01  -3.8399823e+01   4.9604372e+02   1.3086186e+01   1.5468470e+01   8.9775380e+00
   2.0090000e+03   1.0000000e+00   2.0000000e+00   9.0000000e+00   5.9000000e+01   4.6000000e+01  -5.3378193e+01  -3.8398365e+01   5.0206155e+02   1.1526443e+01   1.6858988e+01   1.2882681e+01
   2.0090000e+03   1.0000000e+00   2.0000000e+00   1.0000000e+01   1.0000000e+00   2.3000000e+01  -5.3382599e+01  -3.8396947e+01   4.9846762e+02   1.3883443e+01   2.4551659e+01   1.7631748e+01
   2.0090000e+03   1.0000000e+00   2.0000000e+00   1.0000000e+01   3.0000000e+00   1.0000000e+00  -5.3387064e+01  -3.8395505e+01   5.0524761e+02   1.2777796e+01   2.7799509e+01   1.5257398e+01
   2.0090000e+03   1.0000000e+00   2.0000000e+00   1.0000000e+01   4.0000000e+00   4.9000000e+01  -5.3391446e+01  -3.8394012e+01   4.9695544e+02   1.2552977e+01   1.7370291e+01   1.4293894e+01
   2.0090000e+03   1.0000000e+00   2.0000000e+00   1.0000000e+01   6.0000000e+00   5.4000000e+01  -5.3395931e+01  -3.8392541e+01   5.0776225e+02   1.1929731e+01   1.6344868e+01   1.4592697e+01
   2.0090000e+03   1.0000000e+00   2.0000000e+00   1.0000000e+01   9.0000000e+00   2.2000000e+01  -5.3400283e+01  -3.8391164e+01   4.9214700e+02   1.1205311e+01   1.9547343e+01   1.8020217e+01
   2.0090000e+03   1.0000000e+00   2.0000000e+00   1.0000000e+01   1.2000000e+01   1.1000099e+01  -5.3404604e+01  -3.8389788e+01   4.8871364e+02   1.1252021e+01   2.5026592e+01   2.2384105e+01
   2.0090000e+03   1.0000000e+00   2.0000000e+00   1.0000000e+01   1.4000000e+01   4.3000000e+01  -5.3408859e+01  -3.8388331e+01   4.8254538e+02   9.0929071e+00   1.6752100e+01   1.6013782e+01
   2.0090000e+03   1.0000000e+00   2.0000000e+00   1.0000000e+01   1.6000000e+01   3.9000099e+01  -5.3413390e+01  -3.8386958e+01   5.1172549e+02   9.3059273e+00   2.2658490e+01   1.5383318e+01
   2.0090000e+03   1.0000000e+00   2.0000000e+00   1.0000000e+01   1.8000000e+01   2.0000000e+01  -5.3417789e+01  -3.8385534e+01   4.9777051e+02   9.7111687e+00   2.1801496e+01   1.8126725e+01
   2.0090000e+03   1.0000000e+00   2.0000000e+00   1.0000000e+01   1.9000000e+01   5.8000000e+01  -5.3422226e+01  -3.8384151e+01   5.0143098e+02   9.5039930e+00   2.2289206e+01   2.0088708e+01
   2.0090000e+03   1.0000000e+00   2.0000000e+00   1.0000000e+01   2.1000000e+01   3.5000099e+01  -5.3426685e+01  -3.8382752e+01   5.0406459e+02   9.4488817e+00   3.1118757e+01   2.4184788e+01
   2.0090000e+03   1.0000000e+00   2.0000000e+00   1.0000000e+01   2.3000000e+01   1.2000000e+01  -5.3431084e+01  -3.8381371e+01   4.9738107e+02   1.4935381e+01   3.2265720e+01   2.1808394e+01
   2.0090000e+03   1.0000000e+00   2.0000000e+00   1.0000000e+01   2.4000000e+01   5.0000099e+01  -5.3435493e+01  -3.8379913e+01   4.9928418e+02   1.6785615e+01   3.8770039e+01   1.3793850e+01
   2.0090000e+03   1.0000000e+00   2.0000000e+00   1.0000000e+01   2.6000000e+01   2.8000000e+01  -5.3439922e+01  -3.8378437e+01   5.0174458e+02   1.7844517e+01   2.3268339e+01   8.2520469e+00
   2.0090000e+03   1.0000000e+00   2.0000000e+00   1.0000000e+01   2.8000000e+01   6.0000000e+00  -5.3444223e+01  -3.8377005e+01   4.8731263e+02   1.6314936e+01   2.5327223e+01   7.9613507e+00
   2.0090000e+03   1.0000000e+00   2.0000000e+00   1.0000000e+01   2.9000000e+01   4.4000000e+01  -5.3448665e+01  -3.8375534e+01   5.0302439e+02   1.5082890e+01   2.9123259e+01   1.1638052e+01
   2.0090000e+03   1.0000000e+00   2.0000000e+00   1.0000000e+01   3.1000000e+01   2.3000000e+01  -5.3453075e+01  -3.8374169e+01   4.9837129e+02   1.3564556e+01   2.4579512e+01   1.3588367e+01
   2.0090000e+03   1.0000000e+00   2.0000000e+00   1.0000000e+01   3.3000000e+01   1.0000000e+00  -5.3457514e+01  -3.8372808e+01   5.0133121e+02   2.0820395e+01   3.1359337e+01   9.2891479e+00
   2.0090000e+03   1.0000000e+00   2.0000000e+00   1.0000000e+01   3.4000000e+01   3.7000000e+01  -5.3461917e+01  -3.8371395e+01   4.9811399e+02   2.4213343e+01   4.2486071e+01   2.5830741e+01
   2.0090000e+03   1.0000000e+00   2.0000000e+00   1.0000000e+01   3.6000000e+01   1.4000099e+01  -5.3466310e+01  -3.8369819e+01   4.9923670e+02   2.2417416e+01   2.7686972e+01   1.8894228e+01
   2.0090000e+03   1.0000000e+00   2.0000000e+00   1.0000000e+01   3.7000000e+01   5.1000000e+01  -5.3470763e+01  -3.8368525e+01   5.0211325e+02   2.0362510e+01   2.9889655e+01   1.2504834e+01
   2.0090000e+03   1.0000000e+00   2.0000000e+00   1.0000000e+01   3.9000000e+01   2.7000000e+01  -5.3475208e+01  -3.8367180e+01   5.0190328e+02   1.3944783e+01   2.2461102e+01   1.7557399e+01
   2.0090000e+03   1.0000000e+00   2.0000000e+00   1.0000000e+01   4.1000000e+01   3.0000000e+00  -5.3479589e+01  -3.8365850e+01   4.9465044e+02   1.4323793e+01   3.1721708e+01   2.2510672e+01
   2.0090000e+03   1.0000000e+00   2.0000000e+00   1.0000000e+01   4.2000000e+01   4.0000000e+01  -5.3483984e+01  -3.8364341e+01   4.9848348e+02   9.9812644e+00   2.3436085e+01   1.6788279e+01
   2.0090000e+03   1.0000000e+00   2.0000000e+00   1.0000000e+01   4.4000000e+01   1.8000000e+01  -5.3488361e+01  -3.8362998e+01   4.9443877e+02   1.3343257e+01   2.6729962e+01   2.2597323e+01
   2.0090000e+03   1.0000000e+00   2.0000000e+00   1.0000000e+01   4.5000000e+01   5.6000099e+01  -5.3492799e+01  -3.8361466e+01   5.0343327e+02   1.2575914e+01   1.2253371e+01   9.4813733e+00
   2.0090000e+03   1.0000000e+00   2.0000000e+00   1.0000000e+01   4.7000000e+01   3.5000000e+01  -5.3497230e+01  -3.8359995e+01   5.0190299e+02   1.3499352e+01   7.3339234e+00   7.3339234e+00
   2.0090000e+03   1.0000000e+00   2.0000000e+00   1.0000000e+01   4.9000000e+01   1.3000000e+01  -5.3501598e+01  -3.8358643e+01   4.9352898e+02   1.1701607e+01   1.4044974e+01   1.3626250e+01
   2.0090000e+03   1.0000000e+00   2.0000000e+00   1.0000000e+01   5.0000000e+01   5.1000000e+01  -5.3506024e+01  -3.8357130e+01   5.0185072e+02   1.5695733e+01   1.3290481e+01   1.0509516e+01
   2.0090000e+03   1.0000000e+00   2.0000000e+00   1.0000000e+01   5.2000000e+01   2.9000000e+01  -5.3510387e+01  -3.8355633e+01   4.9486428e+02   1.3319315e+01   2.1114298e+01   1.3685556e+01
   2.0090000e+03   1.0000000e+00   2.0000000e+00   1.0000000e+01   5.4000000e+01   5.0000000e+00  -5.3514775e+01  -3.8354291e+01   4.9559455e+02   8.2212612e+00   1.5049123e+01   1.1380124e+01
   2.0090000e+03   1.0000000e+00   2.0000000e+00   1.0000000e+01   5.5000000e+01   4.2000000e+01  -5.3519201e+01  -3.8352854e+01   5.0080564e+02   8.3231569e+00   1.5275623e+01   7.3617606e+00
   2.0090000e+03   1.0000000e+00   2.0000000e+00   1.0000000e+01   5.7000000e+01   2.0000000e+01  -5.3523625e+01  -3.8351483e+01   4.9989288e+02   1.0306680e+01   1.5976725e+01   1.4080845e+01
   2.0090000e+03   1.0000000e+00   2.0000000e+00   1.0000000e+01   5.8000000e+01   5.7000000e+01  -5.3528053e+01  -3.8350005e+01   5.0169025e+02   1.1083697e+01   1.5976543e+01   1.2179384e+01
   2.0090000e+03   1.0000000e+00   2.0000000e+00   1.1000000e+01   0.0000000e+00   3.3000000e+01  -5.3532453e+01  -3.8348606e+01   4.9751181e+02   1.1166789e+01   2.5365964e+01   2.1033932e+01
   2.0090000e+03   1.0000000e+00   2.0000000e+00   1.1000000e+01   2.0000000e+00   1.0000000e+01  -5.3536873e+01  -3.8347097e+01   5.0115625e+02   1.1194482e+01   1.0999798e+01   3.7591413e+00
   2.0090000e+03   1.0000000e+00   2.0000000e+00   1.1000000e+01   3.0000000e+00   4.7000000e+01  -5.3541294e+01  -3.8345734e+01   4.9942589e+02   1.0464978e+01   2.0676901e+01   7.4529835e+00
   2.0090000e+03   1.0000000e+00   2.0000000e+00   1.1000000e+01   5.0000000e+00   2.3000000e+01  -5.3545692e+01  -3.8344320e+01   4.9759005e+02   1.0218110e+01   1.7573876e+01   2.4964025e+00
   2.0090000e+03   1.0000000e+00   2.0000000e+00   1.1000000e+01   6.0000000e+00   5.9000000e+01  -5.3550073e+01  -3.8342936e+01   4.9531632e+02   1.1742440e+01   8.1677308e+00   3.5772222e+00
   2.0090000e+03   1.0000000e+00   2.0000000e+00   1.1000000e+01   8.0000000e+00   3.5000000e+01  -5.3554514e+01  -3.8341479e+01   5.0273961e+02   1.4235568e+01   2.5340409e+01   1.9816936e+01
   2.0090000e+03   1.0000000e+00   2.0000000e+00   1.1000000e+01   1.0000000e+01   1.1000000e+01  -5.3558912e+01  -3.8339923e+01   4.9943778e+02   1.6964127e+01   3.3417786e+01   2.6082571e+01
   2.0090000e+03   1.0000000e+00   2.0000000e+00   1.1000000e+01   1.1000000e+01   5.1000000e+01  -5.3563444e+01  -3.8338421e+01   5.1324209e+02   3.2666748e+01   1.4267228e+02   1.2797848e+02
   2.0090000e+03   1.0000000e+00   2.0000000e+00   1.1000000e+01   1.3000000e+01   4.4000000e+01  -5.3567765e+01  -3.8336937e+01   4.9001185e+02   4.5629836e+01   1.4440511e+02   1.3290466e+02
   2.0090000e+03   1.0000000e+00   2.0000000e+00   1.1000000e+01   1.5000000e+01   5.9000099e+01  -5.3572279e+01  -3.8335592e+01   5.0937981e+02   1.3909313e+01   1.6159935e+01   1.0734074e+01
   2.0090000e+03   1.0000000e+00   2.0000000e+00   1.1000000e+01   1.8000000e+01   3.2000000e+01  -5.3576556e+01  -3.8334213e+01   4.8386975e+02   2.1106707e+01   5.2838779e+01   4.3689335e+01
   2.0090000e+03   1.0000000e+00   2.0000000e+00   1.1000000e+01   2.1000000e+01   1.0000000e+01  -5.3580945e+01  -3.8332571e+01   4.9963378e+02   1.0632779e+01   9.4800386e+00   3.7603126e+00
   2.0090000e+03   1.0000000e+00   2.0000000e+00   1.1000000e+01   2.3000000e+01   3.8000000e+01  -5.3585103e+01  -3.8331183e+01   4.7101013e+02   6.7256458e+00   1.2015946e+01   8.4478011e+00
   2.0090000e+03   1.0000000e+00   2.0000000e+00   1.1000000e+01   2.5000000e+01   4.0000000e+01  -5.3589624e+01  -3.8329637e+01   5.1258709e+02   8.8014283e+00   1.0380380e+01   3.0936794e+00
   2.0090000e+03   1.0000000e+00   2.0000000e+00   1.1000000e+01   2.7000000e+01   2.2000099e+01  -5.3594109e+01  -3.8328372e+01   5.0535683e+02   1.3528080e+01   7.2428825e+00   4.2579515e-01
   2.0090000e+03   1.0000000e+00   2.0000000e+00   1.1000000e+01   2.8000000e+01   5.9000000e+01  -5.3598538e+01  -3.8327128e+01   4.9896615e+02   9.3753972e+00   6.7831405e+00   3.7128215e+00
   2.0090000e+03   1.0000000e+00   2.0000000e+00   1.1000000e+01   3.0000000e+01   3.5000000e+01  -5.3602973e+01  -3.8325835e+01   5.0013029e+02   1.5945280e+01   1.0605532e+01   3.9384892e+00
   2.0090000e+03   1.0000000e+00   2.0000000e+00   1.1000000e+01   3.2000000e+01   1.1000099e+01  -5.3607387e+01  -3.8324522e+01   4.9808940e+02   7.8362624e+00   6.2368686e+00   3.1215220e+00
   2.0090000e+03   1.0000000e+00   2.0000000e+00   1.1000000e+01   3.3000000e+01   4.7000000e+01  -5.3611878e+01  -3.8323166e+01   5.0689183e+02   2.1944985e+02   7.7538437e+02   7.6913077e+02
   2.0090000e+03   1.0000000e+00   2.0000000e+00   1.1000000e+01   3.5000000e+01   2.3000099e+01  -5.3616307e+01  -3.8321815e+01   5.0024371e+02   1.6438207e+01   2.1250792e+01   1.9895626e+01
   2.0090000e+03   1.0000000e+00   2.0000000e+00   1.1000000e+01   3.7000000e+01   0.0000000e+00  -5.3620648e+01  -3.8320573e+01   4.8926563e+02   1.1986780e+02   3.8756609e+02   2.5297650e+02
   2.0090000e+03   1.0000000e+00   2.0000000e+00   1.1000000e+01   3.8000000e+01   3.7000099e+01  -5.3625051e+01  -3.8319076e+01   4.9905775e+02   1.9415942e+02   6.0982948e+02   1.3860371e+02
   2.0090000e+03   1.0000000e+00   2.0000000e+00   1.1000000e+01   4.0000000e+01   1.4000000e+01  -5.3629466e+01  -3.8317589e+01   5.0028346e+02   3.6754826e+02   1.3128466e+03   6.0483502e+02
   2.0090000e+03   1.0000000e+00   2.0000000e+00   1.1000000e+01   4.1000000e+01   5.2000000e+01  -5.3633862e+01  -3.8316051e+01   4.9892009e+02   2.2205925e+01   8.4625011e+00   2.5537630e+00
   2.0090000e+03   1.0000000e+00   2.0000000e+00   1.1000000e+01   4.3000000e+01   3.1000000e+01  -5.3638266e+01  -3.8314530e+01   4.9943995e+02   2.2029742e+01   1.2729089e+01   5.5828837e+00
   2.0090000e+03   1.0000000e+00   2.0000000e+00   1.1000000e+01   4.5000000e+01   1.0000000e+01  -5.3642685e+01  -3.8312929e+01   5.0225940e+02   1.3208981e+01   5.2355015e+00   5.2355015e+00
   2.0090000e+03   1.0000000e+00   2.0000000e+00   1.1000000e+01   4.6000000e+01   4.9000099e+01  -5.3647078e+01  -3.8311408e+01   4.9831068e+02   1.4028202e+01   8.3800445e+00   6.5926879e+00
   2.0090000e+03   1.0000000e+00   2.0000000e+00   1.1000000e+01   4.8000000e+01   2.9000000e+01  -5.3651457e+01  -3.8310014e+01   4.9517702e+02   1.8562103e+01   8.2759370e+00   3.6787927e+00
   2.0090000e+03   1.0000000e+00   2.0000000e+00   1.1000000e+01   5.0000000e+01   9.0000000e+00  -5.3655893e+01  -3.8308469e+01   5.0332938e+02   1.3510010e+01   9.8396028e+00   8.6152189e+00
   2.0090000e+03   1.0000000e+00   2.0000000e+00   1.1000000e+01   5.1000000e+01   4.9000000e+01  -5.3660294e+01  -3.8307025e+01   4.9827452e+02   9.7445228e+00   6.8490411e+00   5.1819972e+00
   2.0090000e+03   1.0000000e+00   2.0000000e+00   1.1000000e+01   5.3000000e+01   3.0000000e+01  -5.3664715e+01  -3.8305556e+01   5.0066247e+02   8.0387851e+00   8.2761255e+00   5.2278262e+00
   2.0090000e+03   1.0000000e+00   2.0000000e+00   1.1000000e+01   5.5000000e+01   1.2000000e+01  -5.3669130e+01  -3.8304068e+01   5.0023897e+02   6.8489849e+00   1.1524433e+01   6.4779353e+00
   2.0090000e+03   1.0000000e+00   2.0000000e+00   1.1000000e+01   5.6000000e+01   5.4000000e+01  -5.3673508e+01  -3.8302495e+01   4.9739236e+02   1.0105118e+01   1.1892396e+01   7.3799876e+00
   2.0090000e+03   1.0000000e+00   2.0000000e+00   1.1000000e+01   5.8000000e+01   3.6000000e+01  -5.3677893e+01  -3.8301012e+01   4.9695933e+02   9.2917781e+00   8.8434081e+00   4.1446167e+00
   2.0090000e+03   1.0000000e+00   2.0000000e+00   1.2000000e+01   0.0000000e+00   1.8000000e+01  -5.3682300e+01  -3.8299425e+01   5.0075784e+02   7.5376310e+00   2.7452857e+00   0.0000000e+00
   2.0090000e+03   1.0000000e+00   2.0000000e+00   1.2000000e+01   2.0000000e+00   0.0000000e+00  -5.3686779e+01  -3.8298151e+01   5.0467165e+02   6.9743515e+00   8.4858423e+00   7.0164631e+00
   2.0090000e+03   1.0000000e+00   2.0000000e+00   1.2000000e+01   3.0000000e+00   4.1000000e+01  -5.3691171e+01  -3.8296860e+01   4.9538162e+02   6.0482149e+00   7.1199332e+00   3.4127670e+00
   2.0090000e+03   1.0000000e+00   2.0000000e+00   1.2000000e+01   5.0000000e+00   1.8999901e+01  -5.3695601e+01  -3.8295563e+01   4.9959009e+02   1.1104389e+01   1.2444654e+01   1.1351982e+01
   2.0090000e+03   1.0000000e+00   2.0000000e+00   1.2000000e+01   6.0000000e+00   5.8000000e+01  -5.3700041e+01  -3.8294325e+01   5.0007040e+02   1.2597515e+01   1.6932803e+01   1.5809522e+01
   2.0090000e+03   1.0000000e+00   2.0000000e+00   1.2000000e+01   8.0000000e+00   3.8000000e+01  -5.3704499e+01  -3.8293019e+01   5.0280634e+02   9.7182616e+00   7.3440753e+00   7.1872882e+00
   2.0090000e+03   1.0000000e+00   2.0000000e+00   1.2000000e+01   1.0000000e+01   2.0000000e+01  -5.3708934e+01  -3.8291697e+01   5.0042273e+02   6.4941214e+00   4.8365884e+00   4.4520388e+00
   2.0090000e+03   1.0000000e+00   2.0000000e+00   1.2000000e+01   1.2000000e+01   1.0000000e+00  -5.3713295e+01  -3.8290269e+01   4.9362082e+02   4.3333845e+00   6.7520282e+00   6.0457636e+00
   2.0090000e+03   1.0000000e+00   2.0000000e+00   1.2000000e+01   1.3000000e+01   4.2000000e+01  -5.3717704e+01  -3.8288859e+01   4.9859883e+02   6.6325641e+00   8.9137765e+00   8.7506039e+00
   2.0090000e+03   1.0000000e+00   2.0000000e+00   1.2000000e+01   1.5000000e+01   2.3000000e+01  -5.3722108e+01  -3.8287360e+01   4.9921695e+02   7.4695038e+00   7.9636310e+00   6.8718676e+00
   2.0090000e+03   1.0000000e+00   2.0000000e+00   1.2000000e+01   1.7000000e+01   3.0000000e+00  -5.3726560e+01  -3.8285917e+01   5.0372561e+02   4.8586874e+00   4.9532191e+00   3.5786024e+00
   2.0090000e+03   1.0000000e+00   2.0000000e+00   1.2000000e+01   1.8000000e+01   4.3000099e+01  -5.3730964e+01  -3.8284465e+01   4.9856854e+02   3.3337706e+00   4.3454032e+00   8.9988455e-01
   2.0090000e+03   1.0000000e+00   2.0000000e+00   1.2000000e+01   2.0000000e+01   2.3000099e+01  -5.3735351e+01  -3.8282988e+01   4.9708660e+02   5.3364456e+00   8.0114985e+00   7.8412659e+00
   2.0090000e+03   1.0000000e+00   2.0000000e+00   1.2000000e+01   2.2000000e+01   1.0000000e+01  -5.3739856e+01  -3.8281430e+01   5.1093744e+02   5.6549830e+00   1.4176478e+01   5.5464195e+00
   2.0090000e+03   1.0000000e+00   2.0000000e+00   1.2000000e+01   2.4000000e+01   2.0000000e+01  -5.3744240e+01  -3.8280003e+01   4.9611363e+02   6.6665133e+00   2.0797636e+01   9.9369137e+00
   2.0090000e+03   1.0000000e+00   2.0000000e+00   1.2000000e+01   2.6000000e+01   5.5000000e+01  -5.3748593e+01  -3.8278457e+01   4.9424876e+02   2.3097101e+01   8.5036007e+01   2.8777046e+01
   2.0090000e+03   1.0000000e+00   2.0000000e+00   1.2000000e+01   2.9000000e+01   3.4000000e+01  -5.3752773e+01  -3.8277037e+01   4.7371888e+02   9.7147114e+00   3.2466609e+01   2.9230242e+01
   2.0090000e+03   1.0000000e+00   2.0000000e+00   1.2000000e+01   3.1000000e+01   4.7000099e+01  -5.3757301e+01  -3.8275563e+01   5.1238775e+02   5.4851197e+00   7.1326815e+00   3.6654292e+00
   2.0090000e+03   1.0000000e+00   2.0000000e+00   1.2000000e+01   3.3000000e+01   3.3000000e+01  -5.3761749e+01  -3.8274274e+01   5.0152816e+02   1.2139321e+01   2.7765420e+01   1.2547812e+01
   2.0090000e+03   1.0000000e+00   2.0000000e+00   1.2000000e+01   3.5000000e+01   1.2000000e+01  -5.3766205e+01  -3.8273061e+01   5.0149750e+02   7.4910702e+00   1.3317509e+01   8.2930070e+00
   2.0090000e+03   1.0000000e+00   2.0000000e+00   1.2000000e+01   3.6000000e+01   5.0000000e+01  -5.3770615e+01  -3.8271635e+01   4.9894731e+02   7.5659194e+00   1.2484599e+01   3.0860083e+00
   2.0090000e+03   1.0000000e+00   2.0000000e+00   1.2000000e+01   3.8000000e+01   2.8000000e+01  -5.3775073e+01  -3.8270307e+01   5.0290725e+02   4.1888301e+00   1.1740254e+01   7.6267359e+00
   2.0090000e+03   1.0000000e+00   2.0000000e+00   1.2000000e+01   4.0000000e+01   6.0000000e+00  -5.3779518e+01  -3.8268963e+01   5.0181365e+02   9.8656005e+00   1.5937136e+01   1.1152119e+01
   2.0090000e+03   1.0000000e+00   2.0000000e+00   1.2000000e+01   4.1000000e+01   4.4000000e+01  -5.3783952e+01  -3.8267626e+01   5.0040463e+02   8.8224952e+00   1.5104534e+01   8.8972475e+00
   2.0090000e+03   1.0000000e+00   2.0000000e+00   1.2000000e+01   4.3000000e+01   2.2000000e+01  -5.3788349e+01  -3.8266139e+01   4.9829180e+02   6.9254348e+00   1.4291128e+01   3.1754745e+00
   2.0090000e+03   1.0000000e+00   2.0000000e+00   1.2000000e+01   4.4000000e+01   5.8000000e+01  -5.3792713e+01  -3.8264678e+01   4.9427036e+02   6.4758492e+00   1.2089963e+01   2.6649821e+00
   2.0090000e+03   1.0000000e+00   2.0000000e+00   1.2000000e+01   4.6000000e+01   3.4000000e+01  -5.3797117e+01  -3.8263189e+01   4.9903862e+02   6.6445475e+00   4.5944791e+00   1.7201094e+00
   2.0090000e+03   1.0000000e+00   2.0000000e+00   1.2000000e+01   4.8000000e+01   1.1000000e+01  -5.3801571e+01  -3.8261759e+01   5.0379279e+02   6.3261146e+00   4.6256404e+00   1.7248520e+00
   2.0090000e+03   1.0000000e+00   2.0000000e+00   1.2000000e+01   4.9000000e+01   4.7000000e+01  -5.3805985e+01  -3.8260382e+01   4.9867910e+02   5.2710627e+00   5.8989105e+00   1.1980723e+00
   2.0090000e+03   1.0000000e+00   2.0000000e+00   1.2000000e+01   5.1000000e+01   2.4000000e+01  -5.3810375e+01  -3.8259055e+01   4.9553001e+02   8.1582696e+00   1.3077210e+01   3.1262879e+00
   2.0090000e+03   1.0000000e+00   2.0000000e+00   1.2000000e+01   5.3000000e+01   2.0000000e+00  -5.3814776e+01  -3.8257483e+01   4.9985793e+02   9.6368817e+00   1.5233820e+01   2.6219379e+00
   2.0090000e+03   1.0000000e+00   2.0000000e+00   1.2000000e+01   5.4000000e+01   4.0000000e+01  -5.3819199e+01  -3.8255789e+01   5.0385439e+02   6.7436201e+00   3.5765280e+00   2.4500708e+00
   2.0090000e+03   1.0000000e+00   2.0000000e+00   1.2000000e+01   5.6000000e+01   1.7000000e+01  -5.3823588e+01  -3.8254192e+01   4.9882003e+02   6.2503145e+00   6.8403364e+00   5.1591564e+00
   2.0090000e+03   1.0000000e+00   2.0000000e+00   1.2000000e+01   5.7000000e+01   5.4000000e+01  -5.3827998e+01  -3.8252678e+01   4.9998825e+02   1.2639313e+01   2.1880751e+01   1.8161117e+01
   2.0090000e+03   1.0000000e+00   2.0000000e+00   1.2000000e+01   5.9000000e+01   3.2000000e+01  -5.3832393e+01  -3.8251188e+01   4.9811814e+02   2.2870233e+01   2.3927383e+01   2.2064974e+01
   2.0090000e+03   1.0000000e+00   2.0000000e+00   1.3000000e+01   1.0000000e+00   1.0000000e+01  -5.3836835e+01  -3.8249930e+01   5.0036323e+02   2.1967392e+01   2.5269664e+01   2.5269664e+01
   2.0090000e+03   1.0000000e+00   2.0000000e+00   1.3000000e+01   2.0000000e+00   4.8000000e+01  -5.3841264e+01  -3.8248643e+01   4.9942620e+02   6.4824481e+00   1.5863049e+01   1.2447839e+01
   2.0090000e+03   1.0000000e+00   2.0000000e+00   1.3000000e+01   4.0000000e+00   2.5000000e+01  -5.3845668e+01  -3.8247390e+01   4.9617829e+02   6.9754081e+00   1.6320167e+00   1.2309585e+00
   2.0090000e+03   1.0000000e+00   2.0000000e+00   1.3000000e+01   6.0000000e+00   1.0000000e+00  -5.3850101e+01  -3.8245912e+01   5.0198381e+02   5.1489211e+00   1.7042040e+00   8.7707659e-01
   2.0090000e+03   1.0000000e+00   2.0000000e+00   1.3000000e+01   7.0000000e+00   3.8000000e+01  -5.3854509e+01  -3.8244529e+01   4.9815617e+02   5.5645339e+00   5.6383439e+00   2.7780505e+00
   2.0090000e+03   1.0000000e+00   2.0000000e+00   1.3000000e+01   9.0000000e+00   1.6000000e+01  -5.3858936e+01  -3.8243068e+01   5.0114132e+02   1.3211955e+01   1.6567010e+00   4.4730375e-01
   2.0090000e+03   1.0000000e+00   2.0000000e+00   1.3000000e+01   1.0000000e+01   5.4000000e+01  -5.3863361e+01  -3.8241541e+01   5.0182809e+02   1.6088576e+01   0.0000000e+00   0.0000000e+00
   2.0090000e+03   1.0000000e+00   2.0000000e+00   1.3000000e+01   1.2000000e+01   3.2000000e+01  -5.3867697e+01  -3.8239964e+01   4.9272011e+02   1.3078809e+01   1.0236871e+01   1.0236871e+01
   2.0090000e+03   1.0000000e+00   2.0000000e+00   1.3000000e+01   1.4000000e+01   1.1000000e+01  -5.3872068e+01  -3.8238282e+01   4.9809819e+02   9.4288694e+00   2.3373113e+01   1.8185453e+01
   2.0090000e+03   1.0000000e+00   2.0000000e+00   1.3000000e+01   1.5000000e+01   5.1000000e+01  -5.3876441e+01  -3.8236590e+01   4.9843900e+02   5.1552442e+00   7.0872690e+00   4.4608345e+00
   2.0090000e+03   1.0000000e+00   2.0000000e+00   1.3000000e+01   1.7000000e+01   3.1000000e+01  -5.3880836e+01  -3.8234934e+01   5.0023030e+02   5.4093511e+00   6.2302964e+00   3.9272348e+00
   2.0090000e+03   1.0000000e+00   2.0000000e+00   1.3000000e+01   1.9000000e+01   1.1000000e+01  -5.3885257e+01  -3.8233229e+01   5.0378938e+02   5.6044887e+00   5.7694998e+00   5.7694998e+00
   2.0090000e+03   1.0000000e+00   2.0000000e+00   1.3000000e+01   2.0000000e+01   4.9000000e+01  -5.3889601e+01  -3.8231559e+01   4.9494260e+02   3.3976269e+00   5.9437777e+00   4.3227077e+00
   2.0090000e+03   1.0000000e+00   2.0000000e+00   1.3000000e+01   2.2000000e+01   2.7000000e+01  -5.3894013e+01  -3.8229912e+01   5.0205069e+02   3.5265691e+00   5.3323204e+00   2.3037989e+00
   2.0090000e+03   1.0000000e+00   2.0000000e+00   1.3000000e+01   2.4000000e+01   7.0000000e+00  -5.3898496e+01  -3.8228888e+01   5.0265236e+02   2.4996913e+00   3.7037427e+00   1.6010679e+00
   2.0090000e+03   1.0000000e+00   2.0000000e+00   1.3000000e+01   2.5000000e+01   4.6000000e+01  -5.3902932e+01  -3.8227924e+01   4.9688759e+02   6.1016853e+00   4.4688881e+00   4.4688881e+00
   2.0090000e+03   1.0000000e+00   2.0000000e+00   1.3000000e+01   2.7000000e+01   2.5000000e+01  -5.3907361e+01  -3.8226577e+01   4.9999077e+02   4.3792069e+00   5.0811934e+00   5.0811934e+00
   2.0090000e+03   1.0000000e+00   2.0000000e+00   1.3000000e+01   2.9000000e+01   5.0000000e+00  -5.3911788e+01  -3.8225358e+01   4.9840612e+02   2.6765080e+00   3.4544585e+00   3.0527276e+00
   2.0090000e+03   1.0000000e+00   2.0000000e+00   1.3000000e+01   3.0000000e+01   5.7000000e+01  -5.3916279e+01  -3.8223628e+01   5.1169991e+02   3.3921457e+00   3.3310078e+00   2.8196445e+00
   2.0090000e+03   1.0000000e+00   2.0000000e+00   1.3000000e+01   3.3000000e+01   1.3000000e+01  -5.3920609e+01  -3.8222264e+01   4.8933374e+02   1.8402190e+00   5.2120065e+00   5.2120065e+00
   2.0090000e+03   1.0000000e+00   2.0000000e+00   1.3000000e+01   3.5000000e+01   4.7000000e+01  -5.3924976e+01  -3.8220742e+01   4.9537766e+02   3.7110384e+00   4.4716801e+00   4.4716801e+00
   2.0090000e+03   1.0000000e+00   2.0000000e+00   1.3000000e+01   3.8000000e+01   3.2000000e+01  -5.3929371e+01  -3.8219492e+01   4.9522104e+02   3.9040373e+00   7.2539734e+00   6.1542211e+00
