   2.0090000e+03   1.0000000e+00   2.0000000e+00   1.4000000e+01   4.6000000e+01   2.0000000e+00  -5.3886935e+01  -3.7907633e+01   4.9815202e+02   1.6878984e+01   4.7436107e+00   1.8197204e+00
   2.0090000e+03   1.0000000e+00   2.0000000e+00   1.4000000e+01   4.7000000e+01   4.1000000e+01  -5.3882566e+01  -3.7908988e+01   4.9344677e+02   2.3185298e+01   1.9897940e+01   1.9201875e+01
   2.0090000e+03   1.0000000e+00   2.0000000e+00   1.4000000e+01   4.9000000e+01   1.7000000e+01  -5.3878164e+01  -3.7910442e+01   4.9839721e+02   1.7304356e+01   4.3797049e+00   4.0991510e+00
   2.0090000e+03   1.0000000e+00   2.0000000e+00   1.4000000e+01   5.0000000e+01   5.2000000e+01  -5.3873742e+01  -3.7911895e+01   5.0049390e+02   2.2688561e+01   7.8241677e+00   2.9797772e+00
   2.0090000e+03   1.0000000e+00   2.0000000e+00   1.4000000e+01   5.2000000e+01   2.6000000e+01  -5.3869282e+01  -3.7913410e+01   5.0543682e+02   2.6666542e+01   1.9041890e+01   1.2230637e+01
   2.0090000e+03   1.0000000e+00   2.0000000e+00   1.4000000e+01   5.4000000e+01   1.0000000e+00  -5.3864855e+01  -3.7914916e+01   5.0173680e+02   2.4737780e+01   1.1178326e+01   6.0811594e+00
   2.0090000e+03   1.0000000e+00   2.0000000e+00   1.4000000e+01   5.5000000e+01   3.7000000e+01  -5.3860449e+01  -3.7916364e+01   4.9863270e+02   2.2494516e+01   7.3848200e+00   1.6919735e+00
   2.0090000e+03   1.0000000e+00   2.0000000e+00   1.4000000e+01   5.7000000e+01   1.3000000e+01  -5.3856123e+01  -3.7917909e+01   4.9134619e+02   1.6959946e+01   1.0903046e+01   1.6573618e+00
   2.0090000e+03   1.0000000e+00   2.0000000e+00   1.4000000e+01   5.8000000e+01   5.1000000e+01  -5.3851688e+01  -3.7919438e+01   5.0288530e+02   1.1463101e+01   1.0065284e+01   5.5498819e+00
   2.0090000e+03   1.0000000e+00   2.0000000e+00   1.5000000e+01   0.0000000e+00   3.0000099e+01  -5.3847289e+01  -3.7920938e+01   4.9855102e+02   2.0022950e+01   1.1868097e+01   1.1001379e+01
   2.0090000e+03   1.0000000e+00   2.0000000e+00   1.5000000e+01   2.0000000e+00   1.0000000e+01  -5.3842845e+01  -3.7922443e+01   5.0356206e+02   1.8398735e+01   2.3963591e+01   1.0542755e+01
   2.0090000e+03   1.0000000e+00   2.0000000e+00   1.5000000e+01   3.0000000e+00   5.1000000e+01  -5.3838457e+01  -3.7923967e+01   4.9780663e+02   2.2031055e+01   7.0765659e+00   2.9902798e+00
   2.0090000e+03   1.0000000e+00   2.0000000e+00   1.5000000e+01   5.0000000e+00   3.0000000e+01  -5.3834041e+01  -3.7925448e+01   5.0021772e+02   1.9518596e+01   1.2314747e+01   8.7492657e+00
   2.0090000e+03   1.0000000e+00   2.0000000e+00   1.5000000e+01   7.0000000e+00   8.0000000e+00  -5.3829638e+01  -3.7926973e+01   4.9930346e+02   1.7248272e+01   1.0597892e+01   7.7961569e+00
   2.0090000e+03   1.0000000e+00   2.0000000e+00   1.5000000e+01   8.0000000e+00   4.7000000e+01  -5.3825305e+01  -3.7928554e+01   4.9251523e+02   1.3164176e+01   1.1962304e+01   7.9090889e+00
   2.0090000e+03   1.0000000e+00   2.0000000e+00   1.5000000e+01   1.0000000e+01   2.5000000e+01  -5.3820909e+01  -3.7930138e+01   4.9948386e+02   2.1218626e+01   8.9326403e+00   5.9670166e+00
   2.0090000e+03   1.0000000e+00   2.0000000e+00   1.5000000e+01   1.2000000e+01   2.0000000e+00  -5.3816468e+01  -3.7931634e+01   5.0312655e+02   2.1777244e+01   8.3088424e+00   1.9870592e+00
   2.0090000e+03   1.0000000e+00   2.0000000e+00   1.5000000e+01   1.3000000e+01   4.2000000e+01  -5.3811995e+01  -3.7933106e+01   5.0628696e+02   1.7123208e+01   7.6855968e+00   1.9471572e+00
   2.0090000e+03   1.0000000e+00   2.0000000e+00   1.5000000e+01   1.5000000e+01   2.4000000e+01  -5.3807626e+01  -3.7934442e+01   4.9335541e+02   1.3994770e+01   1.1195454e+01   5.2396103e+00
   2.0090000e+03   1.0000000e+00   2.0000000e+00   1.5000000e+01   1.7000000e+01   5.0000000e+00  -5.3803218e+01  -3.7935822e+01   4.9810829e+02   1.7331422e+01   2.8072178e+01   1.0371176e+01
   2.0090000e+03   1.0000000e+00   2.0000000e+00   1.5000000e+01   1.8000000e+01   4.5000000e+01  -5.3798798e+01  -3.7937214e+01   4.9957336e+02   1.2352518e+01   1.3254400e+01   4.7098841e+00
   2.0090000e+03   1.0000000e+00   2.0000000e+00   1.5000000e+01   2.0000000e+01   2.4000099e+01  -5.3794366e+01  -3.7938539e+01   5.0009717e+02   1.0667849e+01   7.6215074e+00   2.6319432e+00
   2.0090000e+03   1.0000000e+00   2.0000000e+00   1.5000000e+01   2.2000000e+01   0.0000000e+00  -5.3789935e+01  -3.7939953e+01   5.0105825e+02   1.0290894e+01   8.8868915e+00   3.0330989e+00
   2.0090000e+03   1.0000000e+00   2.0000000e+00   1.5000000e+01   2.3000000e+01   3.5000000e+01  -5.3785514e+01  -3.7941325e+01   4.9948794e+02   1.2940289e+01   1.0753923e+01   3.6231111e+00
   2.0090000e+03   1.0000000e+00   2.0000000e+00   1.5000000e+01   2.5000000e+01   1.1000099e+01  -5.3781036e+01  -3.7942732e+01   5.0604670e+02   1.0901122e+01   1.0527482e+01   1.2336937e+00
   2.0090000e+03   1.0000000e+00   2.0000000e+00   1.5000000e+01   2.6000000e+01   4.7000000e+01  -5.3776661e+01  -3.7944129e+01   4.9473134e+02   1.2558107e+01   8.3378437e+00   1.0153590e+00
   2.0090000e+03   1.0000000e+00   2.0000000e+00   1.5000000e+01   2.8000000e+01   2.3000000e+01  -5.3772203e+01  -3.7945531e+01   5.0387863e+02   1.3671035e+01   8.9927012e+00   1.4898003e+00
   2.0090000e+03   1.0000000e+00   2.0000000e+00   1.5000000e+01   2.9000000e+01   5.9000000e+01  -5.3767800e+01  -3.7946818e+01   4.9654281e+02   1.7853203e+01   2.9444853e+01   1.4212534e+01
   2.0090000e+03   1.0000000e+00   2.0000000e+00   1.5000000e+01   3.1000000e+01   3.7000000e+01  -5.3763329e+01  -3.7948234e+01   5.0544986e+02   1.7146774e+01   4.1444660e+01   3.4623209e+01
   2.0090000e+03   1.0000000e+00   2.0000000e+00   1.5000000e+01   3.3000000e+01   1.8000000e+01  -5.3758984e+01  -3.7949640e+01   4.9151384e+02   1.9053969e+01   2.4220894e+01   2.3880361e+01
   2.0090000e+03   1.0000000e+00   2.0000000e+00   1.5000000e+01   3.5000000e+01   0.0000000e+00  -5.3754638e+01  -3.7951043e+01   4.9168325e+02   1.7907336e+01   2.7461053e+01   2.3508221e+01
   2.0090000e+03   1.0000000e+00   2.0000000e+00   1.5000000e+01   3.6000000e+01   4.0000000e+01  -5.3750229e+01  -3.7952699e+01   5.0182473e+02   2.1784753e+01   3.6901862e+01   2.5718703e+01
   2.0090000e+03   1.0000000e+00   2.0000000e+00   1.5000000e+01   3.8000000e+01   1.7000000e+01  -5.3745824e+01  -3.7954283e+01   5.0045127e+02   1.5176285e+01   2.0287852e+01   1.7348750e+01
   2.0090000e+03   1.0000000e+00   2.0000000e+00   1.5000000e+01   3.9000000e+01   5.3000000e+01  -5.3741406e+01  -3.7955905e+01   5.0237277e+02   1.3201811e+01   1.8583573e+01   1.7263460e+01
   2.0090000e+03   1.0000000e+00   2.0000000e+00   1.5000000e+01   4.1000000e+01   2.8000000e+01  -5.3737044e+01  -3.7957580e+01   4.9703785e+02   1.3392218e+01   1.4136503e+01   6.9949234e+00
   2.0090000e+03   1.0000000e+00   2.0000000e+00   1.5000000e+01   4.3000000e+01   2.0000000e+00  -5.3732610e+01  -3.7959228e+01   5.0454181e+02   1.3816056e+01   1.2862972e+01   1.2115266e+01
   2.0090000e+03   1.0000000e+00   2.0000000e+00   1.5000000e+01   4.4000000e+01   3.8000000e+01  -5.3728166e+01  -3.7960710e+01   5.0331975e+02   1.2555251e+01   1.8683712e+01   1.6787488e+01
   2.0090000e+03   1.0000000e+00   2.0000000e+00   1.5000000e+01   4.6000000e+01   1.7000000e+01  -5.3723749e+01  -3.7962215e+01   5.0062246e+02   1.4005467e+01   2.6414737e+01   2.5820625e+01
   2.0090000e+03   1.0000000e+00   2.0000000e+00   1.5000000e+01   4.7000000e+01   5.7000000e+01  -5.3719378e+01  -3.7963666e+01   4.9502701e+02   1.8952640e+01   3.6693917e+01   3.4902066e+01
   2.0090000e+03   1.0000000e+00   2.0000000e+00   1.5000000e+01   4.9000000e+01   3.7000000e+01  -5.3715021e+01  -3.7965188e+01   4.9439443e+02   1.4051660e+01   3.1242766e+01   3.1242766e+01
   2.0090000e+03   1.0000000e+00   2.0000000e+00   1.5000000e+01   5.1000000e+01   1.7000000e+01  -5.3710620e+01  -3.7966729e+01   4.9939769e+02   2.0222403e+01   4.6936557e+01   3.9994964e+01
   2.0090000e+03   1.0000000e+00   2.0000000e+00   1.5000000e+01   5.2000000e+01   5.5000000e+01  -5.3706215e+01  -3.7968275e+01   4.9994897e+02   1.9702609e+01   5.0681951e+01   4.8858525e+01
   2.0090000e+03   1.0000000e+00   2.0000000e+00   1.5000000e+01   5.4000000e+01   3.4000000e+01  -5.3701778e+01  -3.7969878e+01   5.0418406e+02   2.0568989e+01   5.7208329e+01   4.4446187e+01
   2.0090000e+03   1.0000000e+00   2.0000000e+00   1.5000000e+01   5.6000000e+01   1.6000000e+01  -5.3697420e+01  -3.7971465e+01   4.9542880e+02   1.8600805e+01   3.9666190e+01   3.9666190e+01
   2.0090000e+03   1.0000000e+00   2.0000000e+00   1.5000000e+01   5.7000000e+01   5.9000000e+01  -5.3692986e+01  -3.7973091e+01   5.0413728e+02   1.9965298e+01   6.6794792e+01   3.8625869e+01
   2.0090000e+03   1.0000000e+00   2.0000000e+00   1.5000000e+01   5.9000000e+01   4.2000000e+01  -5.3688597e+01  -3.7974626e+01   4.9803194e+02   1.9592218e+01   6.0274562e+01   2.3395513e+01
   2.0090000e+03   1.0000000e+00   2.0000000e+00   1.6000000e+01   1.0000000e+00   2.3000000e+01  -5.3684181e+01  -3.7976111e+01   5.0037560e+02   1.5365671e+01   4.0595333e+01   1.3354746e+01
   2.0090000e+03   1.0000000e+00   2.0000000e+00   1.6000000e+01   3.0000000e+00   4.0000000e+00  -5.3679785e+01  -3.7977580e+01   4.9794312e+02   2.1071141e+01   6.1947785e+01   3.0644453e+01
   2.0090000e+03   1.0000000e+00   2.0000000e+00   1.6000000e+01   4.0000000e+00   4.6000099e+01  -5.3675384e+01  -3.7979111e+01   4.9927180e+02   1.5247390e+01   4.3866281e+01   1.6831863e+01
   2.0090000e+03   1.0000000e+00   2.0000000e+00   1.6000000e+01   6.0000000e+00   2.7000000e+01  -5.3670998e+01  -3.7980591e+01   4.9707353e+02   1.7532771e+01   4.4907644e+01   2.9954468e+00
   2.0090000e+03   1.0000000e+00   2.0000000e+00   1.6000000e+01   8.0000000e+00   8.0000000e+00  -5.3666537e+01  -3.7981919e+01   5.0336961e+02   1.5954889e+01   4.5081871e+01   1.4476581e+00
   2.0090000e+03   1.0000000e+00   2.0000000e+00   1.6000000e+01   9.0000000e+00   5.0000000e+01  -5.3662105e+01  -3.7983206e+01   4.9964992e+02   1.2314657e+01   2.7541989e+01   0.0000000e+00
   2.0090000e+03   1.0000000e+00   2.0000000e+00   1.6000000e+01   1.1000000e+01   3.2000000e+01  -5.3657727e+01  -3.7984598e+01   4.9505543e+02   9.7284365e+00   2.6110937e+01   6.6545108e+00
   2.0090000e+03   1.0000000e+00   2.0000000e+00   1.6000000e+01   1.3000000e+01   1.4000000e+01  -5.3653267e+01  -3.7985992e+01   5.0404474e+02   1.2439218e+01   8.2474013e+00   1.6589107e+00
   2.0090000e+03   1.0000000e+00   2.0000000e+00   1.6000000e+01   1.4000000e+01   5.6000000e+01  -5.3648882e+01  -3.7987403e+01   4.9604502e+02   6.8374631e+00   6.3836384e-01   0.0000000e+00
   2.0090000e+03   1.0000000e+00   2.0000000e+00   1.6000000e+01   1.6000000e+01   3.7000000e+01  -5.3644446e+01  -3.7988728e+01   5.0056472e+02   1.3668893e+01   9.0119409e-01   9.0119409e-01
   2.0090000e+03   1.0000000e+00   2.0000000e+00   1.6000000e+01   1.8000000e+01   1.5000000e+01  -5.3640051e+01  -3.7990099e+01   4.9670237e+02   1.4355244e+01   1.2719169e+00   1.2719169e+00
   2.0090000e+03   1.0000000e+00   2.0000000e+00   1.6000000e+01   1.9000000e+01   5.4000000e+01  -5.3635632e+01  -3.7991538e+01   5.0009391e+02   4.9238991e+00   3.7051151e-01   3.7051151e-01
   2.0090000e+03   1.0000000e+00   2.0000000e+00   1.6000000e+01   2.1000000e+01   3.5000000e+01  -5.3631166e+01  -3.7992850e+01   5.0370725e+02   9.3676206e+00   2.2498858e+00   9.6128375e-01
   2.0090000e+03   1.0000000e+00   2.0000000e+00   1.6000000e+01   2.3000000e+01   1.5000000e+01  -5.3626778e+01  -3.7994269e+01   4.9648631e+02   1.5071193e+01   0.0000000e+00   0.0000000e+00
   2.0090000e+03   1.0000000e+00   2.0000000e+00   1.6000000e+01   2.4000000e+01   5.2000000e+01  -5.3622367e+01  -3.7995635e+01   4.9835364e+02   1.3146708e+01   8.1417591e+00   7.3794609e+00
   2.0090000e+03   1.0000000e+00   2.0000000e+00   1.6000000e+01   2.6000000e+01   2.8000000e+01  -5.3617949e+01  -3.7997015e+01   4.9932258e+02   1.3036231e+01   2.0905710e+01   2.0905710e+01
   2.0090000e+03   1.0000000e+00   2.0000000e+00   1.6000000e+01   2.8000000e+01   5.0000000e+00  -5.3613482e+01  -3.7998486e+01   5.0576767e+02   2.1408280e+01   4.8319238e+01   3.5061211e+01
   2.0090000e+03   1.0000000e+00   2.0000000e+00   1.6000000e+01   2.9000000e+01   4.3000000e+01  -5.3609133e+01  -3.7999896e+01   4.9206593e+02   3.0499272e+01   8.1788827e+01   7.9840047e+01
   2.0090000e+03   1.0000000e+00   2.0000000e+00   1.6000000e+01   3.1000000e+01   2.0000000e+01  -5.3604743e+01  -3.8001544e+01   4.9975394e+02   3.0846496e+01   5.5243555e+01   5.2834388e+01
   2.0090000e+03   1.0000000e+00   2.0000000e+00   1.6000000e+01   3.2000000e+01   5.7000000e+01  -5.3600356e+01  -3.8003149e+01   4.9892080e+02   2.7480882e+01   2.3414685e+01   2.0404861e+01
   2.0090000e+03   1.0000000e+00   2.0000000e+00   1.6000000e+01   3.4000000e+01   3.5000000e+01  -5.3595994e+01  -3.8004849e+01   4.9751300e+02   3.2251407e+01   4.0417475e+01   4.0056303e+01
   2.0090000e+03   1.0000000e+00   2.0000000e+00   1.6000000e+01   3.6000000e+01   1.3000000e+01  -5.3591539e+01  -3.8006619e+01   5.0854330e+02   3.5573195e+01   7.8103697e+01   7.5407743e+01
   2.0090000e+03   1.0000000e+00   2.0000000e+00   1.6000000e+01   3.7000000e+01   5.0000000e+01  -5.3587208e+01  -3.8008330e+01   4.9429728e+02   2.6628070e+01   5.0563620e+01   4.7619854e+01
   2.0090000e+03   1.0000000e+00   2.0000000e+00   1.6000000e+01   3.9000000e+01   2.7000000e+01  -5.3582843e+01  -3.8010084e+01   4.9868734e+02   1.1346663e+01   1.4869201e+01   1.2004910e+01
   2.0090000e+03   1.0000000e+00   2.0000000e+00   1.6000000e+01   4.1000000e+01   3.0000000e+00  -5.3578457e+01  -3.8011852e+01   5.0115986e+02   1.2465501e+01   3.4866827e+01   2.4315190e+01
   2.0090000e+03   1.0000000e+00   2.0000000e+00   1.6000000e+01   4.2000000e+01   3.8000000e+01  -5.3574087e+01  -3.8013578e+01   4.9871016e+02   2.1299194e+01   6.2777614e+01   4.2672255e+01
   2.0090000e+03   1.0000000e+00   2.0000000e+00   1.6000000e+01   4.4000000e+01   1.5000099e+01  -5.3569738e+01  -3.8015439e+01   4.9865883e+02   2.1308984e+01   6.5910436e+01   4.0221224e+01
   2.0090000e+03   1.0000000e+00   2.0000000e+00   1.6000000e+01   4.5000000e+01   5.1000000e+01  -5.3565301e+01  -3.8016591e+01   4.9888987e+02   1.4286370e+01   4.1916389e+01   2.9444282e+01
   2.0090000e+03   1.0000000e+00   2.0000000e+00   1.6000000e+01   4.7000000e+01   2.5000000e+01  -5.3560855e+01  -3.8017647e+01   4.9895056e+02   1.6022065e+01   3.8208605e+01   3.0384693e+01
   2.0090000e+03   1.0000000e+00   2.0000000e+00   1.6000000e+01   4.9000000e+01   0.0000000e+00  -5.3556376e+01  -3.8018881e+01   5.0427477e+02   1.4370931e+01   2.4200618e+01   1.1534274e+01
   2.0090000e+03   1.0000000e+00   2.0000000e+00   1.6000000e+01   5.0000000e+01   3.7000000e+01  -5.3551945e+01  -3.8020370e+01   5.0205353e+02   2.1645493e+01   2.5573061e+01   1.2113459e+01
   2.0090000e+03   1.0000000e+00   2.0000000e+00   1.6000000e+01   5.2000000e+01   1.5000000e+01  -5.3547566e+01  -3.8021552e+01   4.9288893e+02   1.7457525e+01   3.8443471e+01   2.0964760e+01
   2.0090000e+03   1.0000000e+00   2.0000000e+00   1.6000000e+01   5.3000000e+01   5.3000000e+01  -5.3543071e+01  -3.8022828e+01   5.0651574e+02   2.0255627e+01   1.7826297e+01   1.0300341e+01
   2.0090000e+03   1.0000000e+00   2.0000000e+00   1.6000000e+01   5.5000000e+01   3.4000000e+01  -5.3538700e+01  -3.8023944e+01   4.9126724e+02   2.4150152e+01   2.2209267e+01   1.5498880e+01
   2.0090000e+03   1.0000000e+00   2.0000000e+00   1.6000000e+01   5.7000000e+01   1.4000000e+01  -5.3534259e+01  -3.8025149e+01   4.9988860e+02   2.4113597e+01   4.0345776e+01   2.0412159e+01
   2.0090000e+03   1.0000000e+00   2.0000000e+00   1.6000000e+01   5.8000000e+01   4.8000000e+01  -5.3529871e+01  -3.8026574e+01   4.9656971e+02   2.4810909e+01   4.6596682e+01   1.9666888e+01
   2.0090000e+03   1.0000000e+00   2.0000000e+00   1.7000000e+01   0.0000000e+00   2.1000000e+01  -5.3525423e+01  -3.8027978e+01   5.0283473e+02   2.6520135e+01   4.4670483e+01   1.8722556e+01
   2.0090000e+03   1.0000000e+00   2.0000000e+00   1.7000000e+01   1.0000000e+00   5.5000000e+01  -5.3521009e+01  -3.8029367e+01   4.9905114e+02   2.6386667e+01   3.3318282e+01   2.0282245e+01
   2.0090000e+03   1.0000000e+00   2.0000000e+00   1.7000000e+01   3.0000000e+00   3.1000099e+01  -5.3516599e+01  -3.8030841e+01   4.9955601e+02   3.1099894e+01   2.7745162e+01   1.5481171e+01
   2.0090000e+03   1.0000000e+00   2.0000000e+00   1.7000000e+01   5.0000000e+00   1.1000000e+01  -5.3512179e+01  -3.8032307e+01   5.0061872e+02   2.6320234e+01   3.0671923e+01   1.7717027e+01
   2.0090000e+03   1.0000000e+00   2.0000000e+00   1.7000000e+01   6.0000000e+00   5.0000000e+01  -5.3507737e+01  -3.8033727e+01   5.0249617e+02   3.0128514e+01   3.9548197e+01   3.0139406e+01
   2.0090000e+03   1.0000000e+00   2.0000000e+00   1.7000000e+01   8.0000000e+00   2.8000000e+01  -5.3503333e+01  -3.8035155e+01   4.9840205e+02   3.5190972e+01   3.8201886e+01   1.9566840e+01
   2.0090000e+03   1.0000000e+00   2.0000000e+00   1.7000000e+01   1.0000000e+01   5.0000000e+00  -5.3498945e+01  -3.8036594e+01   4.9674319e+02   2.4754898e+01   4.1678733e+01   3.0486863e+01
   2.0090000e+03   1.0000000e+00   2.0000000e+00   1.7000000e+01   1.1000000e+01   4.1000099e+01  -5.3494589e+01  -3.8038023e+01   4.9312692e+02   2.7087261e+01   2.2820631e+01   1.1061214e+01
   2.0090000e+03   1.0000000e+00   2.0000000e+00   1.7000000e+01   1.3000000e+01   1.6000000e+01  -5.3490154e+01  -3.8039499e+01   5.0248709e+02   2.9855740e+01   6.2196776e+01   4.0182598e+01
   2.0090000e+03   1.0000000e+00   2.0000000e+00   1.7000000e+01   1.4000000e+01   5.0000000e+01  -5.3485731e+01  -3.8041000e+01   5.0132569e+02   2.8704259e+01   3.9229373e+01   3.1765687e+01
   2.0090000e+03   1.0000000e+00   2.0000000e+00   1.7000000e+01   1.6000000e+01   2.4000000e+01  -5.3481267e+01  -3.8042562e+01   5.0668813e+02   3.4853020e+01   5.6230898e+01   5.1020154e+01
   2.0090000e+03   1.0000000e+00   2.0000000e+00   1.7000000e+01   1.8000000e+01   2.0000000e+00  -5.3476906e+01  -3.8044092e+01   4.9504594e+02   1.6833161e+01   2.8029316e+01   1.9127694e+01
   2.0090000e+03   1.0000000e+00   2.0000000e+00   1.7000000e+01   1.9000000e+01   4.5000000e+01  -5.3472526e+01  -3.8045592e+01   4.9671460e+02   1.7988873e+01   1.9839186e+01   1.9499806e+01
   2.0090000e+03   1.0000000e+00   2.0000000e+00   1.7000000e+01   2.1000000e+01   2.6000000e+01  -5.3468098e+01  -3.8047086e+01   5.0184976e+02   1.1606250e+01   3.2234035e+01   3.0231455e+01
   2.0090000e+03   1.0000000e+00   2.0000000e+00   1.7000000e+01   2.3000000e+01   5.0000992e+00  -5.3463720e+01  -3.8048586e+01   4.9655558e+02   8.6289275e+00   2.3955797e+01   2.0850654e+01
   2.0090000e+03   1.0000000e+00   2.0000000e+00   1.7000000e+01   2.4000000e+01   4.5000000e+01  -5.3459270e+01  -3.8050106e+01   5.0459913e+02   1.2516511e+01   3.2234315e+01   2.8646944e+01
   2.0090000e+03   1.0000000e+00   2.0000000e+00   1.7000000e+01   2.6000000e+01   2.5000000e+01  -5.3454846e+01  -3.8051612e+01   5.0159989e+02   6.4857999e+00   1.7636356e+01   1.2120530e+01
   2.0090000e+03   1.0000000e+00   2.0000000e+00   1.7000000e+01   2.8000000e+01   5.0000000e+00  -5.3450459e+01  -3.8053055e+01   4.9672386e+02   6.5063928e+00   2.9450980e+01   2.3376167e+01
   2.0090000e+03   1.0000000e+00   2.0000000e+00   1.7000000e+01   2.9000000e+01   4.4000000e+01  -5.3446051e+01  -3.8054619e+01   5.0066153e+02   1.0559181e+01   1.5871961e+01   5.2580539e+00
   2.0090000e+03   1.0000000e+00   2.0000000e+00   1.7000000e+01   3.1000000e+01   2.4000099e+01  -5.3441573e+01  -3.8056050e+01   5.0653073e+02   1.2573373e+01   2.3662105e+01   1.2095273e+01
   2.0090000e+03   1.0000000e+00   2.0000000e+00   1.7000000e+01   3.3000000e+01   4.0000000e+00  -5.3437212e+01  -3.8057442e+01   4.9327362e+02   1.6553773e+01   1.1799255e+01   5.4068545e+00
   2.0090000e+03   1.0000000e+00   2.0000000e+00   1.7000000e+01   3.4000000e+01   4.5000000e+01  -5.3432752e+01  -3.8058817e+01   5.0385137e+02   1.2361024e+01   1.8063545e+01   1.4762534e+01
   2.0090000e+03   1.0000000e+00   2.0000000e+00   1.7000000e+01   3.6000000e+01   2.7000000e+01  -5.3428384e+01  -3.8060126e+01   4.9304009e+02   1.0710497e+01   1.7689050e+01   1.0962783e+01
   2.0090000e+03   1.0000000e+00   2.0000000e+00   1.7000000e+01   3.8000000e+01   9.0000000e+00  -5.3423987e+01  -3.8061507e+01   4.9711310e+02   8.1127110e+00   2.4743222e+01   2.1887653e+01
   2.0090000e+03   1.0000000e+00   2.0000000e+00   1.7000000e+01   3.9000000e+01   4.9000000e+01  -5.3419592e+01  -3.8062905e+01   4.9701293e+02   1.2094930e+01   2.8950754e+01   2.1741317e+01
   2.0090000e+03   1.0000000e+00   2.0000000e+00   1.7000000e+01   4.1000000e+01   2.7000000e+01  -5.3415151e+01  -3.8064349e+01   5.0267256e+02   2.0688341e+01   3.3783934e+01   2.6720854e+01
   2.0090000e+03   1.0000000e+00   2.0000000e+00   1.7000000e+01   4.3000000e+01   4.0000000e+00  -5.3410743e+01  -3.8065746e+01   4.9853700e+02   1.9581053e+01   3.1984192e+01   2.8584458e+01
   2.0090000e+03   1.0000000e+00   2.0000000e+00   1.7000000e+01   4.4000000e+01   4.0000099e+01  -5.3406339e+01  -3.8067208e+01   4.9877736e+02   1.9931185e+01   1.9182988e+01   1.5314292e+01
   2.0090000e+03   1.0000000e+00   2.0000000e+00   1.7000000e+01   4.6000000e+01   1.6000000e+01  -5.3401905e+01  -3.8068713e+01   5.0268016e+02   1.5415096e+01   2.6521126e+01   9.9473595e+00
   2.0090000e+03   1.0000000e+00   2.0000000e+00   1.7000000e+01   4.7000000e+01   5.1000000e+01  -5.3397503e+01  -3.8070227e+01   4.9937651e+02   1.0493979e+01   2.0977087e+01   1.0066139e+01
   2.0090000e+03   1.0000000e+00   2.0000000e+00   1.7000000e+01   4.9000000e+01   2.6000099e+01  -5.3393077e+01  -3.8071744e+01   5.0197311e+02   1.0829133e+01   2.3963371e+01   1.9645854e+01
   2.0090000e+03   1.0000000e+00   2.0000000e+00   1.7000000e+01   5.1000000e+01   1.0000000e+00  -5.3388678e+01  -3.8073211e+01   4.9844932e+02   1.4437675e+01   2.2704674e+01   1.9012812e+01
   2.0090000e+03   1.0000000e+00   2.0000000e+00   1.7000000e+01   5.2000000e+01   3.7000000e+01  -5.3384275e+01  -3.8074645e+01   4.9833252e+02   1.3396402e+01   3.8641204e+01   1.4939968e+01
   2.0090000e+03   1.0000000e+00   2.0000000e+00   1.7000000e+01   5.4000000e+01   1.6000000e+01  -5.3379907e+01  -3.8076186e+01   4.9598329e+02   1.3839194e+01   1.9549470e+01   1.6474952e+01
   2.0090000e+03   1.0000000e+00   2.0000000e+00   1.7000000e+01   5.5000000e+01   5.7000000e+01  -5.3375531e+01  -3.8077701e+01   4.9655307e+02   1.3973035e+01   1.3486683e+01   1.1412055e+01
   2.0090000e+03   1.0000000e+00   2.0000000e+00   1.7000000e+01   5.7000000e+01   4.0000000e+01  -5.3371073e+01  -3.8079216e+01   5.0541877e+02   1.7623302e+01   1.2613148e+01   7.9019870e+00
   2.0090000e+03   1.0000000e+00   2.0000000e+00   1.7000000e+01   5.9000000e+01   2.3000000e+01  -5.3366714e+01  -3.8080642e+01   4.9358282e+02   1.3727203e+01   1.6086562e+01   9.9373153e+00
   2.0090000e+03   1.0000000e+00   2.0000000e+00   1.8000000e+01   1.0000000e+00   5.0000000e+00  -5.3362288e+01  -3.8082188e+01   5.0230430e+02   2.2091574e+01   1.3406115e+01   9.0407705e+00
   2.0090000e+03   1.0000000e+00   2.0000000e+00   1.8000000e+01   2.0000000e+00   4.5000000e+01  -5.3357867e+01  -3.8083623e+01   5.0043062e+02   2.1235010e+01   1.8091410e+01   8.4203607e+00
   2.0090000e+03   1.0000000e+00   2.0000000e+00   1.8000000e+01   4.0000000e+00   2.2000000e+01  -5.3353462e+01  -3.8085123e+01   4.9945921e+02   1.7522661e+01   2.3957178e+01   1.3668680e+01
   2.0090000e+03   1.0000000e+00   2.0000000e+00   1.8000000e+01   5.0000000e+00   5.8000000e+01  -5.3349002e+01  -3.8086604e+01   5.0529103e+02   1.9026704e+01   3.1934126e+01   1.1011920e+01
   2.0090000e+03   1.0000000e+00   2.0000000e+00   1.8000000e+01   7.0000000e+00   3.5000000e+01  -5.3344616e+01  -3.8088059e+01   4.9688157e+02   2.1399905e+01   1.8991437e+01   9.1456459e+00
   2.0090000e+03   1.0000000e+00   2.0000000e+00   1.8000000e+01   9.0000000e+00   1.2000000e+01  -5.3340218e+01  -3.8089586e+01   4.9900859e+02   2.8112865e+01   3.8835884e+01   1.4640060e+01
   2.0090000e+03   1.0000000e+00   2.0000000e+00   1.8000000e+01   1.0000000e+01   5.0000000e+01  -5.3335857e+01  -3.8091096e+01   4.9488173e+02   3.4439414e+01   3.5511100e+01   2.8883979e+01
   2.0090000e+03   1.0000000e+00   2.0000000e+00   1.8000000e+01   1.2000000e+01   2.8000000e+01  -5.3331421e+01  -3.8092410e+01   5.0054510e+02   2.5494144e+01   2.9936418e+01   6.3437538e+00
   2.0090000e+03   1.0000000e+00   2.0000000e+00   1.8000000e+01   1.4000000e+01   5.9999008e+00  -5.3326969e+01  -3.8093708e+01   5.0218958e+02   1.3516894e+01   2.1833054e+01   1.3011495e+01
   2.0090000e+03   1.0000000e+00   2.0000000e+00   1.8000000e+01   1.5000000e+01   4.2000000e+01  -5.3322553e+01  -3.8094948e+01   4.9756353e+02   1.8790270e+01   2.3553659e+01   7.1156659e+00
   2.0090000e+03   1.0000000e+00   2.0000000e+00   1.8000000e+01   1.7000000e+01   1.8000099e+01  -5.3318062e+01  -3.8096213e+01   5.0603818e+02   2.0545159e+01   3.0303095e+01   7.5117948e+00
   2.0090000e+03   1.0000000e+00   2.0000000e+00   1.8000000e+01   1.8000000e+01   5.5000000e+01  -5.3313739e+01  -3.8097597e+01   4.8904274e+02   1.8596833e+01   3.9489026e+01   1.5329315e+01
   2.0090000e+03   1.0000000e+00   2.0000000e+00   1.8000000e+01   2.0000000e+01   3.1000000e+01  -5.3309279e+01  -3.8098908e+01   5.0323327e+02   2.3340338e+01   3.1881228e+01   9.6298286e+00
   2.0090000e+03   1.0000000e+00   2.0000000e+00   1.8000000e+01   2.2000000e+01   8.0000000e+00  -5.3304824e+01  -3.8100305e+01   5.0364582e+02   2.5460707e+01   3.6649691e+01   7.1806495e+00
   2.0090000e+03   1.0000000e+00   2.0000000e+00   1.8000000e+01   2.3000000e+01   4.5000000e+01  -5.3300407e+01  -3.8101748e+01   5.0012318e+02   3.0049294e+01   4.2810646e+01   2.1808804e+01
   2.0090000e+03   1.0000000e+00   2.0000000e+00   1.8000000e+01   2.5000000e+01   2.0999901e+01  -5.3296014e+01  -3.8103398e+01   5.0028057e+02   2.6044355e+01   4.5769794e+01   2.6432900e+01
   2.0090000e+03   1.0000000e+00   2.0000000e+00   1.8000000e+01   2.6000000e+01   5.9000000e+01  -5.3291643e+01  -3.8105033e+01   4.9765496e+02   2.6387580e+01   3.2984365e+01   2.3091623e+01
   2.0090000e+03   1.0000000e+00   2.0000000e+00   1.8000000e+01   2.8000000e+01   3.7000000e+01  -5.3287286e+01  -3.8106635e+01   4.9577478e+02   2.5985736e+01   3.2800102e+01   1.0568598e+01
   2.0090000e+03   1.0000000e+00   2.0000000e+00   1.8000000e+01   3.0000000e+01   1.4000000e+01  -5.3282889e+01  -3.8108150e+01   4.9877253e+02   2.0365369e+01   2.8535752e+01   2.1568767e+01
   2.0090000e+03   1.0000000e+00   2.0000000e+00   1.8000000e+01   3.1000000e+01   5.4000000e+01  -5.3278405e+01  -3.8109523e+01   5.0655341e+02   2.2180376e+01   4.6616330e+01   6.8968368e+00
   2.0090000e+03   1.0000000e+00   2.0000000e+00   1.8000000e+01   3.3000000e+01   3.4000000e+01  -5.3274101e+01  -3.8111075e+01   4.8929829e+02   2.3108948e+01   3.7926365e+01   1.8183194e+01
   2.0090000e+03   1.0000000e+00   2.0000000e+00   1.8000000e+01   3.5000000e+01   1.1000000e+01  -5.3269670e+01  -3.8112645e+01   5.0325613e+02   2.3080468e+01   1.2253983e+01   0.0000000e+00
   2.0090000e+03   1.0000000e+00   2.0000000e+00   1.8000000e+01   3.6000000e+01   4.7000000e+01  -5.3265274e+01  -3.8114266e+01   5.0027642e+02   2.6170134e+01   1.2961849e+01   2.2715734e+00
   2.0090000e+03   1.0000000e+00   2.0000000e+00   1.8000000e+01   3.8000000e+01   2.2000000e+01  -5.3260868e+01  -3.8115852e+01   5.0073200e+02   2.1743269e+01   1.7726344e+01   2.5293708e+00
   2.0090000e+03   1.0000000e+00   2.0000000e+00   1.8000000e+01   3.9000000e+01   5.7000099e+01  -5.3256462e+01  -3.8117410e+01   5.0044967e+02   2.2639269e+01   3.8931754e+01   3.5868271e+00
   2.0090000e+03   1.0000000e+00   2.0000000e+00   1.8000000e+01   4.1000000e+01   3.1000099e+01  -5.3252052e+01  -3.8118687e+01   4.9738301e+02   2.2055334e+01   1.9589945e+01   3.9584470e+00
   2.0090000e+03   1.0000000e+00   2.0000000e+00   1.8000000e+01   4.3000000e+01   6.0000000e+00  -5.3247637e+01  -3.8120020e+01   4.9853289e+02   2.2066325e+01   1.9481170e+01   4.9726886e+00
   2.0090000e+03   1.0000000e+00   2.0000000e+00   1.8000000e+01   4.4000000e+01   4.2000000e+01  -5.3243151e+01  -3.8121303e+01   5.0570485e+02   2.1572907e+01   1.0881402e+01   7.6881088e+00
   2.0090000e+03   1.0000000e+00   2.0000000e+00   1.8000000e+01   4.6000000e+01   1.7000000e+01  -5.3238747e+01  -3.8122713e+01   4.9826521e+02   2.0232178e+01   5.8634764e+00   4.4108818e+00
   2.0090000e+03   1.0000000e+00   2.0000000e+00   1.8000000e+01   4.7000000e+01   5.4000000e+01  -5.3234383e+01  -3.8124095e+01   4.9362374e+02   1.2711567e+01   9.5250920e+00   3.7530993e+00
   2.0090000e+03   1.0000000e+00   2.0000000e+00   1.8000000e+01   4.9000000e+01   3.4000000e+01  -5.3229972e+01  -3.8125478e+01   4.9870775e+02   2.6745034e+01   6.2921519e+01   6.2079504e+01
   2.0090000e+03   1.0000000e+00   2.0000000e+00   1.8000000e+01   5.1000000e+01   1.2000099e+01  -5.3225534e+01  -3.8126812e+01   5.0104536e+02   1.3617273e+01   9.1830467e+00   6.5952579e+00
   2.0090000e+03   1.0000000e+00   2.0000000e+00   1.8000000e+01   5.2000000e+01   4.6999901e+01  -5.3221133e+01  -3.8128182e+01   4.9742233e+02   1.4252917e+01   1.0141948e+01   4.3101205e+00
   2.0090000e+03   1.0000000e+00   2.0000000e+00   1.8000000e+01   5.4000000e+01   2.2000000e+01  -5.3216669e+01  -3.8129602e+01   5.0496651e+02   1.4469455e+01   1.4153727e+01   6.3457852e+00
   2.0090000e+03   1.0000000e+00   2.0000000e+00   1.8000000e+01   5.5000000e+01   5.6000000e+01  -5.3212273e+01  -3.8131149e+01   4.9922359e+02   7.6905944e+00   2.0403220e+01   8.3013293e+00
   2.0090000e+03   1.0000000e+00   2.0000000e+00   1.8000000e+01   5.7000000e+01   2.9000000e+01  -5.3207894e+01  -3.8132875e+01   4.9996770e+02   8.8022439e+00   2.5349310e+01   1.5238513e+01
   2.0090000e+03   1.0000000e+00   2.0000000e+00   1.8000000e+01   5.9000000e+01   3.0000000e+00  -5.3203500e+01  -3.8134467e+01   4.9966415e+02   8.5195639e+00   1.7919024e+01   7.9632689e+00
   2.0090000e+03   1.0000000e+00   2.0000000e+00   1.9000000e+01   0.0000000e+00   3.8000099e+01  -5.3199115e+01  -3.8136417e+01   5.0418753e+02   6.6102173e+00   1.7586776e+01   8.7125950e+00
   2.0090000e+03   1.0000000e+00   2.0000000e+00   1.9000000e+01   2.0000000e+00   1.4000000e+01  -5.3194706e+01  -3.8137750e+01   4.9791190e+02   2.1886959e+01   4.6790592e+01   4.6790592e+01
   2.0090000e+03   1.0000000e+00   2.0000000e+00   1.9000000e+01   3.0000000e+00   5.0000000e+01  -5.3190279e+01  -3.8138839e+01   4.9727924e+02   1.1878957e+01   1.4555645e+01   1.3862612e+01
   2.0090000e+03   1.0000000e+00   2.0000000e+00   1.9000000e+01   5.0000000e+00   2.5000099e+01  -5.3185834e+01  -3.8140174e+01   5.0181724e+02   7.4195989e+00   1.4676923e+01   9.3217008e+00
   2.0090000e+03   1.0000000e+00   2.0000000e+00   1.9000000e+01   6.0000000e+00   2.0000099e+01  -5.3183288e+01  -3.8140773e+01   2.8578130e+02   4.0580154e+00   1.6748234e+01   8.9535384e+00
