   2.0090000e+03   1.0000000e+00   1.0000000e+00   1.4000000e+01   5.9000000e+01   4.7000000e+01  -5.3273984e+01  -3.8745152e+01   4.9643467e+02   4.1399032e+00   1.4203982e+01   1.1219336e+01
   2.0090000e+03   1.0000000e+00   1.0000000e+00   1.5000000e+01   1.0000000e+00   2.7999901e+01  -5.3278438e+01  -3.8743969e+01   5.0118276e+02   2.5688065e+00   4.6785372e+00   7.6900689e-01
   2.0090000e+03   1.0000000e+00   1.0000000e+00   1.5000000e+01   3.0000000e+00   3.0000000e+00  -5.3282912e+01  -3.8742933e+01   5.0187561e+02   3.0884787e+00   6.7275450e+00   3.1299310e+00
   2.0090000e+03   1.0000000e+00   1.0000000e+00   1.5000000e+01   4.0000000e+00   3.7000000e+01  -5.3287356e+01  -3.8741900e+01   4.9853247e+02   3.3324986e+00   8.1441651e+00   5.2341231e+00
   2.0090000e+03   1.0000000e+00   1.0000000e+00   1.5000000e+01   6.0000000e+00   1.0000000e+01  -5.3291820e+01  -3.8740768e+01   5.0169214e+02   5.6380309e+00   1.1169738e+01   7.9996247e+00
   2.0090000e+03   1.0000000e+00   1.0000000e+00   1.5000000e+01   7.0000000e+00   4.4000000e+01  -5.3296187e+01  -3.8739083e+01   4.9797274e+02   6.2521507e+00   1.2213499e+01   7.9770657e+00
   2.0090000e+03   1.0000000e+00   1.0000000e+00   1.5000000e+01   9.0000000e+00   2.0000000e+01  -5.3300567e+01  -3.8737265e+01   5.0152383e+02   4.0754440e+00   1.7999134e+01   1.1236841e+01
   2.0090000e+03   1.0000000e+00   1.0000000e+00   1.5000000e+01   1.0000000e+01   5.6000000e+01  -5.3304906e+01  -3.8735445e+01   4.9704785e+02   3.7703989e+00   1.6472327e+01   1.1793869e+01
   2.0090000e+03   1.0000000e+00   1.0000000e+00   1.5000000e+01   1.2000000e+01   3.2000000e+01  -5.3309320e+01  -3.8734163e+01   4.9779711e+02   2.8647158e+00   1.5533684e+01   9.7002527e+00
   2.0090000e+03   1.0000000e+00   1.0000000e+00   1.5000000e+01   1.4000000e+01   7.0000000e+00  -5.3313670e+01  -3.8732885e+01   4.9081913e+02   4.5262384e+00   1.3178471e+01   1.1919448e+01
   2.0090000e+03   1.0000000e+00   1.0000000e+00   1.5000000e+01   1.5000000e+01   4.2000000e+01  -5.3318098e+01  -3.8731637e+01   4.9896494e+02   4.9216071e+00   1.6314202e+01   1.1958299e+01
   2.0090000e+03   1.0000000e+00   1.0000000e+00   1.5000000e+01   1.7000000e+01   1.7000000e+01  -5.3322533e+01  -3.8730430e+01   4.9923448e+02   3.6867565e+00   1.2207751e+01   1.0646137e+01
   2.0090000e+03   1.0000000e+00   1.0000000e+00   1.5000000e+01   1.8000000e+01   5.2000099e+01  -5.3326982e+01  -3.8729071e+01   5.0248850e+02   4.2609370e+00   1.8468789e+01   1.6562285e+01
   2.0090000e+03   1.0000000e+00   1.0000000e+00   1.5000000e+01   2.0000000e+01   2.9000000e+01  -5.3331385e+01  -3.8727602e+01   4.9890995e+02   4.0030571e+00   1.3225074e+01   1.1779396e+01
   2.0090000e+03   1.0000000e+00   1.0000000e+00   1.5000000e+01   2.2000000e+01   7.0000992e+00  -5.3335731e+01  -3.8726151e+01   4.9244834e+02   2.6870588e+00   1.3938341e+01   9.8483141e+00
   2.0090000e+03   1.0000000e+00   1.0000000e+00   1.5000000e+01   2.3000000e+01   4.4000000e+01  -5.3340139e+01  -3.8724768e+01   4.9833575e+02   3.2914073e+00   1.0393631e+01   7.6868627e+00
   2.0090000e+03   1.0000000e+00   1.0000000e+00   1.5000000e+01   2.5000000e+01   2.0999901e+01  -5.3344536e+01  -3.8723285e+01   4.9845369e+02   4.0586509e+00   1.5676801e+01   9.9747951e+00
   2.0090000e+03   1.0000000e+00   1.0000000e+00   1.5000000e+01   2.6000000e+01   5.8000000e+01  -5.3348967e+01  -3.8721810e+01   5.0197757e+02   3.8880107e+00   1.6236018e+01   1.1025362e+01
   2.0090000e+03   1.0000000e+00   1.0000000e+00   1.5000000e+01   2.8000000e+01   3.5000099e+01  -5.3353328e+01  -3.8720324e+01   4.9450901e+02   4.7267482e+00   1.2962700e+01   8.6235759e+00
   2.0090000e+03   1.0000000e+00   1.0000000e+00   1.5000000e+01   3.0000000e+01   1.4000000e+01  -5.3357732e+01  -3.8718755e+01   5.0027419e+02   7.5856734e+00   2.4740849e+01   1.0472262e+01
   2.0090000e+03   1.0000000e+00   1.0000000e+00   1.5000000e+01   3.1000000e+01   5.2000000e+01  -5.3362121e+01  -3.8717272e+01   4.9751832e+02   1.7829575e+01   4.3096728e+01   1.0058380e+01
   2.0090000e+03   1.0000000e+00   1.0000000e+00   1.5000000e+01   3.3000000e+01   2.8000000e+01  -5.3366477e+01  -3.8715802e+01   4.9383328e+02   1.9258224e+01   1.9480177e+01   7.4368345e+00
   2.0090000e+03   1.0000000e+00   1.0000000e+00   1.5000000e+01   3.5000000e+01   5.0000000e+00  -5.3370909e+01  -3.8714418e+01   5.0095159e+02   1.8062816e+01   6.1815336e+01   7.1263953e+00
   2.0090000e+03   1.0000000e+00   1.0000000e+00   1.5000000e+01   3.6000000e+01   4.3000000e+01  -5.3375326e+01  -3.8712999e+01   4.9970439e+02   1.3993636e+01   4.7803447e+01   5.0971132e+00
   2.0090000e+03   1.0000000e+00   1.0000000e+00   1.5000000e+01   3.8000000e+01   2.2000000e+01  -5.3379727e+01  -3.8711556e+01   4.9826553e+02   1.4664155e+01   5.3778666e+01   5.9516613e+00
   2.0090000e+03   1.0000000e+00   1.0000000e+00   1.5000000e+01   4.0000000e+01   1.0000000e+00  -5.3384175e+01  -3.8710136e+01   5.0320896e+02   2.3794978e+01   1.5268524e+01   7.9735124e+00
   2.0090000e+03   1.0000000e+00   1.0000000e+00   1.5000000e+01   4.1000000e+01   3.8000000e+01  -5.3388521e+01  -3.8708769e+01   4.9133927e+02   1.6764481e+01   2.9130824e+01   1.9005226e+01
   2.0090000e+03   1.0000000e+00   1.0000000e+00   1.5000000e+01   4.3000000e+01   1.3999901e+01  -5.3392970e+01  -3.8707395e+01   5.0263176e+02   1.6018515e+01   3.4429361e+01   2.0706611e+01
   2.0090000e+03   1.0000000e+00   1.0000000e+00   1.5000000e+01   4.4000000e+01   5.1000000e+01  -5.3397426e+01  -3.8706038e+01   5.0329507e+02   1.2522871e+01   1.8298033e+01   1.4832384e+01
   2.0090000e+03   1.0000000e+00   1.0000000e+00   1.5000000e+01   4.6000000e+01   2.9000000e+01  -5.3401763e+01  -3.8704569e+01   4.9168287e+02   1.9594228e+01   1.5227138e+01   7.7478399e+00
   2.0090000e+03   1.0000000e+00   1.0000000e+00   1.5000000e+01   4.8000000e+01   6.0000000e+00  -5.3406139e+01  -3.8703187e+01   4.9475733e+02   1.7269994e+01   1.8458816e+01   8.6293569e+00
   2.0090000e+03   1.0000000e+00   1.0000000e+00   1.5000000e+01   4.9000000e+01   4.3000000e+01  -5.3410556e+01  -3.8701823e+01   4.9909982e+02   1.7798743e+01   2.4293995e+01   1.2305526e+01
   2.0090000e+03   1.0000000e+00   1.0000000e+00   1.5000000e+01   5.1000000e+01   2.2000000e+01  -5.3414968e+01  -3.8700409e+01   4.9911480e+02   1.9863704e+01   5.0069900e+01   1.5154665e+01
   2.0090000e+03   1.0000000e+00   1.0000000e+00   1.5000000e+01   5.3000000e+01   0.0000000e+00  -5.3419339e+01  -3.8699051e+01   4.9393346e+02   1.4000790e+01   5.2464710e+01   2.0048745e+01
   2.0090000e+03   1.0000000e+00   1.0000000e+00   1.5000000e+01   5.4000000e+01   3.7000000e+01  -5.3423816e+01  -3.8697689e+01   5.0559103e+02   1.1131780e+01   3.3217776e+01   2.5487661e+01
   2.0090000e+03   1.0000000e+00   1.0000000e+00   1.5000000e+01   5.6000000e+01   2.4000000e+01  -5.3428284e+01  -3.8696278e+01   5.0526330e+02   7.3926736e+00   1.7316653e+01   1.5636102e+01
   2.0090000e+03   1.0000000e+00   1.0000000e+00   1.5000000e+01   5.8000000e+01   2.8000099e+01  -5.3432658e+01  -3.8694771e+01   4.9616398e+02   6.6898326e+00   7.3145892e+00   6.5302772e+00
   2.0090000e+03   1.0000000e+00   1.0000000e+00   1.6000000e+01   0.0000000e+00   5.1000000e+01  -5.3437070e+01  -3.8692994e+01   5.0416368e+02   3.2111659e+00   5.1731644e+00   4.6904062e+00
   2.0090000e+03   1.0000000e+00   1.0000000e+00   1.6000000e+01   3.0000000e+00   3.3000000e+01  -5.3441290e+01  -3.8691871e+01   4.7478901e+02   7.6154844e+00   1.4024941e+01   1.3512278e+01
   2.0090000e+03   1.0000000e+00   1.0000000e+00   1.6000000e+01   5.0000000e+00   5.8000000e+01  -5.3445565e+01  -3.8690525e+01   4.8333119e+02   5.6681004e+00   1.1112848e+01   1.1025057e+01
   2.0090000e+03   1.0000000e+00   1.0000000e+00   1.6000000e+01   7.0000000e+00   4.9000000e+01  -5.3450131e+01  -3.8689362e+01   5.1316083e+02   5.9193932e+00   7.6588196e+00   7.5398744e+00
   2.0090000e+03   1.0000000e+00   1.0000000e+00   1.6000000e+01   9.0000000e+00   2.8000000e+01  -5.3454617e+01  -3.8688350e+01   5.0295070e+02   3.4595292e+00   1.6909403e+01   1.1742600e+01
   2.0090000e+03   1.0000000e+00   1.0000000e+00   1.6000000e+01   1.1000000e+01   5.0000992e+00  -5.3459047e+01  -3.8687333e+01   4.9678376e+02   3.4034041e+00   1.1382596e+01   8.4695898e+00
   2.0090000e+03   1.0000000e+00   1.0000000e+00   1.6000000e+01   1.2000000e+01   4.3000000e+01  -5.3463471e+01  -3.8685945e+01   5.0018238e+02   3.6610345e+00   1.4800025e+01   9.6963366e+00
   2.0090000e+03   1.0000000e+00   1.0000000e+00   1.6000000e+01   1.4000000e+01   2.1000099e+01  -5.3467943e+01  -3.8684581e+01   5.0499293e+02   3.7320288e+00   1.4703340e+01   1.0726425e+01
   2.0090000e+03   1.0000000e+00   1.0000000e+00   1.6000000e+01   1.5000000e+01   5.9000000e+01  -5.3472272e+01  -3.8683214e+01   4.8944679e+02   3.8887868e+00   1.9158773e+01   1.6520740e+01
   2.0090000e+03   1.0000000e+00   1.0000000e+00   1.6000000e+01   1.7000000e+01   3.5000099e+01  -5.3476717e+01  -3.8681797e+01   5.0273654e+02   3.3584812e+00   1.2824282e+01   1.0786824e+01
   2.0090000e+03   1.0000000e+00   1.0000000e+00   1.6000000e+01   1.9000000e+01   7.9999008e+00  -5.3481098e+01  -3.8680259e+01   4.9731908e+02   4.0354229e+00   1.0271512e+01   8.3736561e+00
   2.0090000e+03   1.0000000e+00   1.0000000e+00   1.6000000e+01   2.0000000e+01   4.1000000e+01  -5.3485455e+01  -3.8678676e+01   4.9538432e+02   5.5398204e+00   2.3345864e+01   1.9877366e+01
   2.0090000e+03   1.0000000e+00   1.0000000e+00   1.6000000e+01   2.2000000e+01   1.4000000e+01  -5.3489830e+01  -3.8677065e+01   4.9769091e+02   7.3450711e+00   2.6709493e+01   2.3910143e+01
   2.0090000e+03   1.0000000e+00   1.0000000e+00   1.6000000e+01   2.3000000e+01   4.8000000e+01  -5.3494232e+01  -3.8675569e+01   4.9900346e+02   4.3021444e+00   2.4177211e+01   1.9848584e+01
   2.0090000e+03   1.0000000e+00   1.0000000e+00   1.6000000e+01   2.5000000e+01   2.2000000e+01  -5.3498638e+01  -3.8674108e+01   4.9903194e+02   4.0151698e+00   1.9350392e+01   1.7515225e+01
   2.0090000e+03   1.0000000e+00   1.0000000e+00   1.6000000e+01   2.6000000e+01   5.6000000e+01  -5.3503071e+01  -3.8672590e+01   5.0275340e+02   4.6755289e+00   1.6634058e+01   1.5593732e+01
   2.0090000e+03   1.0000000e+00   1.0000000e+00   1.6000000e+01   2.8000000e+01   3.3000000e+01  -5.3507443e+01  -3.8671146e+01   4.9512293e+02   8.1752259e+00   1.7722427e+01   1.5570603e+01
   2.0090000e+03   1.0000000e+00   1.0000000e+00   1.6000000e+01   3.0000000e+01   1.1000000e+01  -5.3511860e+01  -3.8669754e+01   4.9933005e+02   7.1782391e+00   1.7854633e+01   1.7854633e+01
   2.0090000e+03   1.0000000e+00   1.0000000e+00   1.6000000e+01   3.1000000e+01   4.9000000e+01  -5.3516216e+01  -3.8668392e+01   4.9230011e+02   7.6822921e+00   2.2031715e+01   1.8479055e+01
   2.0090000e+03   1.0000000e+00   1.0000000e+00   1.6000000e+01   3.3000000e+01   2.7000099e+01  -5.3520654e+01  -3.8667015e+01   5.0151054e+02   4.7789904e+00   1.8180131e+01   1.4312202e+01
   2.0090000e+03   1.0000000e+00   1.0000000e+00   1.6000000e+01   3.5000000e+01   6.0000000e+00  -5.3525094e+01  -3.8665646e+01   5.0165062e+02   4.8362739e+00   1.3840179e+01   1.1475534e+01
   2.0090000e+03   1.0000000e+00   1.0000000e+00   1.6000000e+01   3.6000000e+01   4.8000000e+01  -5.3529425e+01  -3.8664357e+01   4.8868631e+02   6.6905169e+00   1.2885526e+01   9.0254097e+00
   2.0090000e+03   1.0000000e+00   1.0000000e+00   1.6000000e+01   3.8000000e+01   2.9000000e+01  -5.3533878e+01  -3.8663151e+01   5.0122611e+02   8.2072195e+00   2.3011126e+01   2.1144041e+01
   2.0090000e+03   1.0000000e+00   1.0000000e+00   1.6000000e+01   4.0000000e+01   7.0000000e+00  -5.3538281e+01  -3.8661830e+01   4.9696809e+02   7.0038759e+00   1.7949935e+01   1.5971258e+01
   2.0090000e+03   1.0000000e+00   1.0000000e+00   1.6000000e+01   4.1000000e+01   4.4000000e+01  -5.3542772e+01  -3.8660533e+01   5.0628701e+02   6.0613274e+00   1.6175388e+01   1.4079923e+01
   2.0090000e+03   1.0000000e+00   1.0000000e+00   1.6000000e+01   4.3000000e+01   2.1000000e+01  -5.3547156e+01  -3.8659244e+01   4.9457230e+02   5.6606882e+00   1.4389971e+01   1.3821632e+01
   2.0090000e+03   1.0000000e+00   1.0000000e+00   1.6000000e+01   4.4000000e+01   5.8000000e+01  -5.3551517e+01  -3.8657760e+01   4.9436490e+02   6.4050052e+00   1.5392469e+01   1.4361069e+01
   2.0090000e+03   1.0000000e+00   1.0000000e+00   1.6000000e+01   4.6000000e+01   3.3999901e+01  -5.3555902e+01  -3.8656326e+01   4.9632399e+02   6.0696114e+00   1.6875055e+01   1.0351429e+01
   2.0090000e+03   1.0000000e+00   1.0000000e+00   1.6000000e+01   4.8000000e+01   1.0000000e+01  -5.3560362e+01  -3.8654850e+01   5.0511279e+02   3.3200274e+00   9.3386631e+00   8.5762458e+00
   2.0090000e+03   1.0000000e+00   1.0000000e+00   1.6000000e+01   4.9000000e+01   4.5000000e+01  -5.3564735e+01  -3.8653384e+01   4.9549195e+02   5.3522347e+00   1.0206985e+01   1.0206985e+01
   2.0090000e+03   1.0000000e+00   1.0000000e+00   1.6000000e+01   5.1000000e+01   2.0000099e+01  -5.3569162e+01  -3.8652014e+01   5.0010855e+02   4.5349594e+00   9.9843826e+00   4.9569682e+00
   2.0090000e+03   1.0000000e+00   1.0000000e+00   1.6000000e+01   5.2000000e+01   5.6000000e+01  -5.3573582e+01  -3.8650622e+01   4.9973936e+02   6.9794439e+00   8.1139464e+00   5.2049105e+00
   2.0090000e+03   1.0000000e+00   1.0000000e+00   1.6000000e+01   5.4000000e+01   3.4999901e+01  -5.3577927e+01  -3.8649177e+01   4.9208850e+02   1.2781863e+01   1.5531986e+01   1.1373891e+01
   2.0090000e+03   1.0000000e+00   1.0000000e+00   1.6000000e+01   5.6000000e+01   1.6999901e+01  -5.3582361e+01  -3.8647785e+01   5.0122807e+02   1.1783970e+01   1.7544081e+01   8.4719509e+00
   2.0090000e+03   1.0000000e+00   1.0000000e+00   1.6000000e+01   5.7000000e+01   5.8000099e+01  -5.3586716e+01  -3.8646471e+01   4.9165407e+02   1.5975350e+01   2.4807557e+01   2.2059784e+01
   2.0090000e+03   1.0000000e+00   1.0000000e+00   1.6000000e+01   5.9000000e+01   4.4000000e+01  -5.3591216e+01  -3.8645082e+01   5.0833837e+02   1.9141315e+01   2.3802690e+01   2.0221239e+01
   2.0090000e+03   1.0000000e+00   1.0000000e+00   1.7000000e+01   1.0000000e+00   4.3000000e+01  -5.3595632e+01  -3.8643711e+01   4.9899717e+02   1.7628872e+01   2.9461677e+01   1.9944174e+01
   2.0090000e+03   1.0000000e+00   1.0000000e+00   1.7000000e+01   3.0000000e+00   5.2000000e+01  -5.3600012e+01  -3.8642338e+01   4.9497172e+02   1.0693472e+01   9.0870926e+00   4.2176910e+00
   2.0090000e+03   1.0000000e+00   1.0000000e+00   1.7000000e+01   6.0000000e+00   5.0000000e+00  -5.3604342e+01  -3.8640979e+01   4.8946870e+02   1.1047784e+01   9.9037151e+00   4.8463644e+00
   2.0090000e+03   1.0000000e+00   1.0000000e+00   1.7000000e+01   8.0000000e+00   3.6000099e+01  -5.3608873e+01  -3.8639501e+01   5.1281767e+02   1.1172007e+00   5.7672764e-01   5.7672764e-01
   2.0090000e+03   1.0000000e+00   1.0000000e+00   1.7000000e+01   1.1000000e+01   2.4000000e+01  -5.3612924e+01  -3.8637984e+01   4.6109281e+02   3.6317709e+00   1.1364068e+00   5.3249486e-01
   2.0090000e+03   1.0000000e+00   1.0000000e+00   1.7000000e+01   1.4000000e+01   2.0000000e+00  -5.3617256e+01  -3.8636240e+01   4.9494994e+02   7.2566464e+00   6.5583299e+00   3.6950434e+00
   2.0090000e+03   1.0000000e+00   1.0000000e+00   1.7000000e+01   1.6000000e+01   1.2000000e+01  -5.3621530e+01  -3.8634586e+01   4.8729602e+02   2.1541418e+01   2.7087069e+01   1.0992673e+01
   2.0090000e+03   1.0000000e+00   1.0000000e+00   1.7000000e+01   1.7000000e+01   5.8000000e+01  -5.3626109e+01  -3.8633185e+01   5.1715633e+02   2.1908128e+01   1.8411685e+01   6.9552500e-01
   2.0090000e+03   1.0000000e+00   1.0000000e+00   1.7000000e+01   1.9000000e+01   3.7000000e+01  -5.3630479e+01  -3.8631743e+01   4.9471218e+02   1.7785381e+01   7.2450814e+00   1.4432771e+00
   2.0090000e+03   1.0000000e+00   1.0000000e+00   1.7000000e+01   2.1000000e+01   1.4999901e+01  -5.3634905e+01  -3.8630358e+01   5.0022818e+02   1.5038258e+01   6.7459240e+00   4.0918462e+00
   2.0090000e+03   1.0000000e+00   1.0000000e+00   1.7000000e+01   2.2000000e+01   5.1000000e+01  -5.3639332e+01  -3.8629205e+01   4.9774647e+02   1.3733383e+01   6.9090284e+00   3.7804213e+00
   2.0090000e+03   1.0000000e+00   1.0000000e+00   1.7000000e+01   2.4000000e+01   2.4000000e+01  -5.3643761e+01  -3.8628085e+01   4.9772673e+02   1.1723084e+01   1.6609339e+01   1.2209814e+01
   2.0090000e+03   1.0000000e+00   1.0000000e+00   1.7000000e+01   2.5000000e+01   5.6000000e+01  -5.3648173e+01  -3.8626870e+01   4.9666793e+02   9.2970027e+00   1.3141625e+01   8.2684502e+00
   2.0090000e+03   1.0000000e+00   1.0000000e+00   1.7000000e+01   2.7000000e+01   3.0000000e+01  -5.3652622e+01  -3.8625648e+01   5.0095644e+02   1.7182039e+01   1.0406505e+01   8.8626280e+00
   2.0090000e+03   1.0000000e+00   1.0000000e+00   1.7000000e+01   2.9000000e+01   5.0000992e+00  -5.3657055e+01  -3.8624405e+01   4.9933139e+02   1.3396437e+01   1.3822115e+01   1.3822115e+01
   2.0090000e+03   1.0000000e+00   1.0000000e+00   1.7000000e+01   3.0000000e+01   3.8000099e+01  -5.3661462e+01  -3.8623203e+01   4.9602325e+02   1.0686135e+01   2.2308736e+01   7.5436629e+00
   2.0090000e+03   1.0000000e+00   1.0000000e+00   1.7000000e+01   3.2000000e+01   1.2000000e+01  -5.3665937e+01  -3.8621972e+01   5.0385690e+02   1.1970841e+01   1.6894660e+01   7.9142600e+00
   2.0090000e+03   1.0000000e+00   1.0000000e+00   1.7000000e+01   3.3000000e+01   4.9000000e+01  -5.3670252e+01  -3.8620544e+01   4.8858197e+02   1.0231964e+01   2.7576028e+01   1.7232264e+01
   2.0090000e+03   1.0000000e+00   1.0000000e+00   1.7000000e+01   3.5000000e+01   2.6000000e+01  -5.3674674e+01  -3.8618856e+01   5.0378772e+02   1.1049538e+01   3.3958927e+01   1.6751167e+01
   2.0090000e+03   1.0000000e+00   1.0000000e+00   1.7000000e+01   3.7000000e+01   2.0000000e+00  -5.3679094e+01  -3.8617247e+01   5.0241281e+02   1.3353096e+01   3.1348127e+01   1.4707946e+01
   2.0090000e+03   1.0000000e+00   1.0000000e+00   1.7000000e+01   3.8000000e+01   3.9000099e+01  -5.3683470e+01  -3.8615608e+01   4.9809526e+02   1.0958962e+01   2.9532137e+01   1.2933575e+01
   2.0090000e+03   1.0000000e+00   1.0000000e+00   1.7000000e+01   4.0000000e+01   1.8000000e+01  -5.3687783e+01  -3.8614117e+01   4.8919802e+02   1.3436320e+01   3.7604228e+01   2.0373154e+01
   2.0090000e+03   1.0000000e+00   1.0000000e+00   1.7000000e+01   4.1000000e+01   5.7000000e+01  -5.3692214e+01  -3.8612552e+01   5.0307150e+02   1.1352957e+01   3.3869285e+01   1.8907102e+01
   2.0090000e+03   1.0000000e+00   1.0000000e+00   1.7000000e+01   4.3000000e+01   3.4000000e+01  -5.3696610e+01  -3.8611035e+01   4.9858808e+02   1.4844702e+01   3.3889091e+01   1.3458695e+01
   2.0090000e+03   1.0000000e+00   1.0000000e+00   1.7000000e+01   4.5000000e+01   1.1000000e+01  -5.3700954e+01  -3.8609480e+01   4.9344341e+02   1.5687324e+01   3.2221999e+01   6.9786649e+00
   2.0090000e+03   1.0000000e+00   1.0000000e+00   1.7000000e+01   4.6000000e+01   4.8000000e+01  -5.3705425e+01  -3.8608381e+01   5.0202010e+02   1.3684819e+01   3.3031900e+01   2.2726806e+01
   2.0090000e+03   1.0000000e+00   1.0000000e+00   1.7000000e+01   4.8000000e+01   2.4000000e+01  -5.3709857e+01  -3.8607362e+01   4.9695629e+02   1.2258365e+01   2.3564122e+01   1.3847957e+01
   2.0090000e+03   1.0000000e+00   1.0000000e+00   1.7000000e+01   5.0000000e+01   1.0000000e+00  -5.3714338e+01  -3.8606409e+01   5.0188544e+02   3.7814591e+00   6.4051494e+00   2.2818827e+00
   2.0090000e+03   1.0000000e+00   1.0000000e+00   1.7000000e+01   5.1000000e+01   3.9000000e+01  -5.3718798e+01  -3.8605346e+01   5.0051532e+02   9.1477523e+00   1.3799815e+01   1.7855186e+00
   2.0090000e+03   1.0000000e+00   1.0000000e+00   1.7000000e+01   5.3000000e+01   1.7000099e+01  -5.3723141e+01  -3.8603809e+01   4.9307084e+02   1.2456387e+01   1.6716037e+01   6.2197901e+00
   2.0090000e+03   1.0000000e+00   1.0000000e+00   1.7000000e+01   5.4000000e+01   5.5000000e+01  -5.3727581e+01  -3.8602230e+01   5.0422564e+02   1.7856771e+01   1.7931691e+01   9.5455035e+00
   2.0090000e+03   1.0000000e+00   1.0000000e+00   1.7000000e+01   5.6000000e+01   3.1999901e+01  -5.3731912e+01  -3.8600621e+01   4.9272210e+02   1.0238025e+01   1.8526543e+01   9.4297914e+00
   2.0090000e+03   1.0000000e+00   1.0000000e+00   1.7000000e+01   5.8000000e+01   7.0000000e+00  -5.3736257e+01  -3.8599037e+01   4.9393370e+02   1.1999248e+01   2.4723307e+01   1.7488757e+01
   2.0090000e+03   1.0000000e+00   1.0000000e+00   1.7000000e+01   5.9000000e+01   4.2000000e+01  -5.3740681e+01  -3.8597333e+01   5.0417377e+02   1.0686456e+01   2.1379397e+01   1.3005382e+01
   2.0090000e+03   1.0000000e+00   1.0000000e+00   1.8000000e+01   1.0000000e+00   1.8000099e+01  -5.3745082e+01  -3.8595687e+01   5.0079705e+02   9.4892039e+00   1.4999245e+01   6.1899491e+00
   2.0090000e+03   1.0000000e+00   1.0000000e+00   1.8000000e+01   2.0000000e+00   5.4000000e+01  -5.3749422e+01  -3.8594114e+01   4.9328033e+02   1.1239937e+01   2.1823033e+01   1.1566839e+01
   2.0090000e+03   1.0000000e+00   1.0000000e+00   1.8000000e+01   4.0000000e+00   3.0000099e+01  -5.3753831e+01  -3.8592532e+01   5.0076252e+02   1.0708746e+01   1.2210854e+01   8.3929777e+00
   2.0090000e+03   1.0000000e+00   1.0000000e+00   1.8000000e+01   6.0000000e+00   5.0000992e+00  -5.3758280e+01  -3.8591209e+01   5.0204223e+02   6.0451832e+00   1.0308619e+01   4.6117323e+00
   2.0090000e+03   1.0000000e+00   1.0000000e+00   1.8000000e+01   7.0000000e+00   4.2000000e+01  -5.3762750e+01  -3.8589930e+01   5.0371961e+02   5.1830400e+00   1.2272583e+01   9.1662777e+00
   2.0090000e+03   1.0000000e+00   1.0000000e+00   1.8000000e+01   9.0000000e+00   3.0000000e+01  -5.3767177e+01  -3.8588606e+01   4.9952386e+02   3.6860779e+00   5.4498675e+00   3.0424429e+00
   2.0090000e+03   1.0000000e+00   1.0000000e+00   1.8000000e+01   1.1000000e+01   3.0000000e+01  -5.3771513e+01  -3.8587434e+01   4.8796361e+02   2.3148985e+00   3.7387028e+00   1.0473924e+00
   2.0090000e+03   1.0000000e+00   1.0000000e+00   1.8000000e+01   1.3000000e+01   3.8000099e+01  -5.3776026e+01  -3.8587120e+01   5.0187503e+02   2.4827058e+00   4.6722254e+00   1.2363846e+00
   2.0090000e+03   1.0000000e+00   1.0000000e+00   1.8000000e+01   1.5000000e+01   4.9999901e+01  -5.3780403e+01  -3.8586370e+01   4.8892571e+02   3.4183695e+00   1.8480340e+00   8.7732796e-01
   2.0090000e+03   1.0000000e+00   1.0000000e+00   1.8000000e+01   1.8000000e+01   1.4000000e+01  -5.3785005e+01  -3.8584621e+01   5.2403191e+02   2.0551097e+00   3.8269254e+00   5.7502608e-01
   2.0090000e+03   1.0000000e+00   1.0000000e+00   1.8000000e+01   2.0000000e+01   4.6000000e+01  -5.3788831e+01  -3.8583100e+01   4.3674233e+02   1.5075158e+00   4.2169417e+00   7.3345788e-01
   2.0090000e+03   1.0000000e+00   1.0000000e+00   1.8000000e+01   2.2000000e+01   5.3000000e+01  -5.3793349e+01  -3.8581031e+01   5.2011515e+02   2.1437504e+00   4.0679220e+00   2.6232391e+00
   2.0090000e+03   1.0000000e+00   1.0000000e+00   1.8000000e+01   2.4000000e+01   3.4000000e+01  -5.3797774e+01  -3.8579204e+01   5.0610082e+02   5.7176917e+00   5.7431517e+00   4.7689042e+00
   2.0090000e+03   1.0000000e+00   1.0000000e+00   1.8000000e+01   2.6000000e+01   1.0000000e+01  -5.3802245e+01  -3.8577768e+01   5.0567502e+02   3.8183590e+00   5.9559574e+00   2.4868438e+00
   2.0090000e+03   1.0000000e+00   1.0000000e+00   1.8000000e+01   2.7000000e+01   4.6000000e+01  -5.3806689e+01  -3.8576589e+01   4.9981020e+02   4.4059914e+00   1.4207587e+01   5.7679796e+00
   2.0090000e+03   1.0000000e+00   1.0000000e+00   1.8000000e+01   2.9000000e+01   2.3000000e+01  -5.3811085e+01  -3.8575361e+01   4.9515388e+02   3.6450702e+00   9.6940862e+00   2.1700478e+00
   2.0090000e+03   1.0000000e+00   1.0000000e+00   1.8000000e+01   3.1000000e+01   0.0000000e+00  -5.3815496e+01  -3.8573828e+01   5.0034156e+02   1.0431085e+01   3.5971633e+00   1.1946440e+00
   2.0090000e+03   1.0000000e+00   1.0000000e+00   1.8000000e+01   3.2000000e+01   3.7000000e+01  -5.3819877e+01  -3.8572433e+01   4.9536571e+02   8.5171682e+00   7.5909397e+00   9.5932723e-01
   2.0090000e+03   1.0000000e+00   1.0000000e+00   1.8000000e+01   3.4000000e+01   1.6000000e+01  -5.3824291e+01  -3.8570870e+01   5.0104401e+02   8.0633013e+00   7.0589883e+00   5.5029307e+00
   2.0090000e+03   1.0000000e+00   1.0000000e+00   1.8000000e+01   3.5000000e+01   5.4000000e+01  -5.3828649e+01  -3.8569321e+01   4.9482021e+02   6.5185251e+00   4.9032676e+00   0.0000000e+00
   2.0090000e+03   1.0000000e+00   1.0000000e+00   1.8000000e+01   3.7000000e+01   3.0000000e+01  -5.3833046e+01  -3.8567813e+01   4.9843467e+02   5.8752771e+00   1.7266942e+00   7.6040872e-01
   2.0090000e+03   1.0000000e+00   1.0000000e+00   1.8000000e+01   3.9000000e+01   6.0000000e+00  -5.3837443e+01  -3.8566303e+01   4.9852206e+02   9.8233980e+00   4.3979373e+00   2.0792098e+00
   2.0090000e+03   1.0000000e+00   1.0000000e+00   1.8000000e+01   4.0000000e+01   4.3000000e+01  -5.3841793e+01  -3.8564007e+01   5.0630751e+02   1.0522073e+01   3.5548877e+00   1.5801344e+00
   2.0090000e+03   1.0000000e+00   1.0000000e+00   1.8000000e+01   4.2000000e+01   2.1000000e+01  -5.3846124e+01  -3.8562857e+01   4.8709677e+02   2.1082918e+01   2.1572397e+00   8.5494314e-01
   2.0090000e+03   1.0000000e+00   1.0000000e+00   1.8000000e+01   4.3000000e+01   5.8000000e+01  -5.3850625e+01  -3.8561613e+01   5.0683074e+02   2.1624194e+01   8.0723058e+00   7.5578338e+00
   2.0090000e+03   1.0000000e+00   1.0000000e+00   1.8000000e+01   4.5000000e+01   3.4000000e+01  -5.3855084e+01  -3.8560490e+01   5.0089240e+02   2.5777298e+01   1.2167856e+01   1.1828796e+01
   2.0090000e+03   1.0000000e+00   1.0000000e+00   1.8000000e+01   4.7000000e+01   1.0000000e+01  -5.3859509e+01  -3.8559297e+01   4.9786272e+02   1.9533658e+01   1.5186776e+01   1.3635637e+01
   2.0090000e+03   1.0000000e+00   1.0000000e+00   1.8000000e+01   4.8000000e+01   4.6000000e+01  -5.3863919e+01  -3.8557813e+01   4.9962216e+02   2.0522050e+01   1.4640643e+01   1.3722964e+01
   2.0090000e+03   1.0000000e+00   1.0000000e+00   1.8000000e+01   5.0000000e+01   2.1000000e+01  -5.3868360e+01  -3.8556699e+01   4.9884900e+02   2.4416372e+01   9.9499199e+00   9.9499199e+00
   2.0090000e+03   1.0000000e+00   1.0000000e+00   1.8000000e+01   5.1000000e+01   5.5000000e+01  -5.3872795e+01  -3.8555370e+01   5.0041880e+02   4.8796534e+01   1.8737095e+01   1.8737095e+01
   2.0090000e+03   1.0000000e+00   1.0000000e+00   1.8000000e+01   5.3000000e+01   3.1000099e+01  -5.3877181e+01  -3.8554030e+01   4.9518664e+02   4.4776769e+01   2.5301158e+01   2.0923166e+01
   2.0090000e+03   1.0000000e+00   1.0000000e+00   1.8000000e+01   5.5000000e+01   1.0000000e+01  -5.3881553e+01  -3.8552593e+01   4.9492896e+02   3.9337827e+01   1.3969151e+01   1.3969151e+01
   2.0090000e+03   1.0000000e+00   1.0000000e+00   1.8000000e+01   5.6000000e+01   5.0000000e+01  -5.3885938e+01  -3.8551037e+01   4.9779464e+02   2.4151339e+01   1.9764196e+01   1.9764196e+01
   2.0090000e+03   1.0000000e+00   1.0000000e+00   1.8000000e+01   5.8000000e+01   2.8000000e+01  -5.3890347e+01  -3.8549580e+01   4.9913196e+02   2.8941064e+01   5.2967044e+00   5.2967044e+00
   2.0090000e+03   1.0000000e+00   1.0000000e+00   1.9000000e+01   0.0000000e+00   3.0000000e+00  -5.3894770e+01  -3.8548099e+01   5.0095971e+02   3.4311538e+01   1.7669407e+01   1.7669407e+01
   2.0090000e+03   1.0000000e+00   1.0000000e+00   1.9000000e+01   1.0000000e+00   3.7000000e+01  -5.3899207e+01  -3.8546805e+01   5.0028324e+02   2.1131724e+01   8.9827061e+00   8.9827061e+00
   2.0090000e+03   1.0000000e+00   1.0000000e+00   1.9000000e+01   3.0000000e+00   1.4000000e+01  -5.3903623e+01  -3.8545668e+01   4.9626909e+02   2.8591396e+01   1.6077652e+01   1.3551256e+01
   2.0090000e+03   1.0000000e+00   1.0000000e+00   1.9000000e+01   4.0000000e+00   5.3000000e+01  -5.3908043e+01  -3.8544370e+01   4.9850899e+02   2.4879988e+01   7.7987479e+00   7.0423564e+00
   2.0090000e+03   1.0000000e+00   1.0000000e+00   1.9000000e+01   6.0000000e+00   3.1000000e+01  -5.3912433e+01  -3.8542903e+01   4.9715540e+02   2.6922683e+01   1.6554991e+01   1.0714377e+01
   2.0090000e+03   1.0000000e+00   1.0000000e+00   1.9000000e+01   8.0000000e+00   8.0000000e+00  -5.3916870e+01  -3.8541458e+01   5.0196850e+02   2.0296212e+01   1.0403442e+01   6.0451938e+00
   2.0090000e+03   1.0000000e+00   1.0000000e+00   1.9000000e+01   9.0000000e+00   4.4000000e+01  -5.3921248e+01  -3.8540039e+01   4.9531158e+02   2.0381973e+01   8.1324224e+00   6.6700296e+00
   2.0090000e+03   1.0000000e+00   1.0000000e+00   1.9000000e+01   1.1000000e+01   2.1000000e+01  -5.3925655e+01  -3.8538703e+01   4.9745776e+02   2.6903963e+01   1.2205007e+01   7.2107994e+00
   2.0090000e+03   1.0000000e+00   1.0000000e+00   1.9000000e+01   1.2000000e+01   5.9000000e+01  -5.3930063e+01  -3.8537131e+01   5.0050919e+02   2.0086616e+01   1.0356458e+01   1.0356458e+01
   2.0090000e+03   1.0000000e+00   1.0000000e+00   1.9000000e+01   1.4000000e+01   3.8000000e+01  -5.3934458e+01  -3.8535819e+01   4.9584902e+02   2.9924266e+01   1.2283239e+01   1.1479734e+01
   2.0090000e+03   1.0000000e+00   1.0000000e+00   1.9000000e+01   1.6000000e+01   1.6000000e+01  -5.3938897e+01  -3.8534390e+01   5.0207428e+02   1.7127794e+01   2.3121458e+01   1.2496529e+01
   2.0090000e+03   1.0000000e+00   1.0000000e+00   1.9000000e+01   1.7000000e+01   5.3000000e+01  -5.3943244e+01  -3.8532899e+01   4.9269246e+02   1.3073378e+01   1.3078407e+01   7.0926323e+00
   2.0090000e+03   1.0000000e+00   1.0000000e+00   1.9000000e+01   1.9000000e+01   3.1000000e+01  -5.3947695e+01  -3.8531417e+01   5.0409757e+02   3.5516324e+01   9.8233384e+00   7.6288157e+00
   2.0090000e+03   1.0000000e+00   1.0000000e+00   1.9000000e+01   2.1000000e+01   1.7000000e+01  -5.3952260e+01  -3.8530079e+01   5.1467547e+02   2.5724100e+01   9.4020787e+00   4.8674415e+00
   2.0090000e+03   1.0000000e+00   1.0000000e+00   1.9000000e+01   2.3000000e+01   2.2000000e+01  -5.3956608e+01  -3.8528669e+01   4.9188691e+02   2.2993921e+01   5.4827981e+00   3.9291255e+00
   2.0090000e+03   1.0000000e+00   1.0000000e+00   1.9000000e+01   2.5000000e+01   4.3000000e+01  -5.3960956e+01  -3.8527303e+01   4.9138401e+02   2.4467241e+01   4.4743105e+00   2.7598313e+00
   2.0090000e+03   1.0000000e+00   1.0000000e+00   1.9000000e+01   2.8000000e+01   1.7000000e+01  -5.3965459e+01  -3.8525574e+01   5.1298148e+02   8.3082021e+00   4.3408198e+00   2.7374962e+00
   2.0090000e+03   1.0000000e+00   1.0000000e+00   1.9000000e+01   2.9000000e+01   4.0000000e+01  -5.3966680e+01  -3.8523007e+01   2.1574053e+02   2.5019658e-01   8.9919926e-02   0.0000000e+00
