   2.0190000e+03   1.2000000e+01   5.0000000e+00   9.0000000e+00   0.0000000e+00   3.3000000e+01  -5.3986102e+01  -3.8820469e+01   4.9855489e+02   2.0617484e+00   3.8866761e+00   2.5969529e+00
   2.0190000e+03   1.2000000e+01   5.0000000e+00   9.0000000e+00   2.0000000e+00   1.5000000e+01  -5.3981697e+01  -3.8822012e+01   4.9977405e+02   2.1043270e+00   5.3162010e+00   4.3347882e+00
   2.0190000e+03   1.2000000e+01   5.0000000e+00   9.0000000e+00   3.0000000e+00   5.7000000e+01  -5.3977347e+01  -3.8823533e+01   4.9341049e+02   3.1853183e+00   8.9089600e+00   7.0499695e+00
   2.0190000e+03   1.2000000e+01   5.0000000e+00   9.0000000e+00   5.0000000e+00   3.9000000e+01  -5.3972936e+01  -3.8825288e+01   5.0341655e+02   4.4962637e+00   1.0307763e+01   7.7062960e+00
   2.0190000e+03   1.2000000e+01   5.0000000e+00   9.0000000e+00   7.0000000e+00   2.1000000e+01  -5.3968615e+01  -3.8826798e+01   4.9023585e+02   5.7427006e+00   1.1679653e+01   1.1605859e+01
   2.0190000e+03   1.2000000e+01   5.0000000e+00   9.0000000e+00   9.0000000e+00   1.0000000e+00  -5.3964128e+01  -3.8828231e+01   5.0725732e+02   5.2905877e+00   1.5734995e+01   1.5734995e+01
   2.0190000e+03   1.2000000e+01   5.0000000e+00   9.0000000e+00   1.0000000e+01   4.1000000e+01  -5.3959770e+01  -3.8829651e+01   4.9311331e+02   4.1015744e+00   1.3089090e+01   9.6673637e+00
   2.0190000e+03   1.2000000e+01   5.0000000e+00   9.0000000e+00   1.2000000e+01   1.7000000e+01  -5.3955374e+01  -3.8831185e+01   4.9866464e+02   6.0269781e+00   1.5576190e+01   1.0481132e+01
   2.0190000e+03   1.2000000e+01   5.0000000e+00   9.0000000e+00   1.3000000e+01   5.3000000e+01  -5.3950954e+01  -3.8832562e+01   4.9933069e+02   6.7533634e+00   2.3371216e+01   1.2140821e+01
   2.0190000e+03   1.2000000e+01   5.0000000e+00   9.0000000e+00   1.5000000e+01   2.9000000e+01  -5.3946525e+01  -3.8833643e+01   4.9718238e+02   9.0328957e+00   3.0754913e+01   1.9199717e+01
   2.0190000e+03   1.2000000e+01   5.0000000e+00   9.0000000e+00   1.7000000e+01   7.0000000e+00  -5.3942134e+01  -3.8834853e+01   4.9437473e+02   1.0186524e+01   2.3244021e+01   1.3813090e+01
   2.0190000e+03   1.2000000e+01   5.0000000e+00   9.0000000e+00   1.8000000e+01   4.3000000e+01  -5.3937690e+01  -3.8836356e+01   5.0347536e+02   9.1033077e+00   2.0000483e+01   1.6750493e+01
   2.0190000e+03   1.2000000e+01   5.0000000e+00   9.0000000e+00   2.0000000e+01   1.9000000e+01  -5.3933367e+01  -3.8838095e+01   4.9367001e+02   1.2789105e+01   2.7065112e+01   2.0816285e+01
   2.0190000e+03   1.2000000e+01   5.0000000e+00   9.0000000e+00   2.1000000e+01   5.5000000e+01  -5.3928911e+01  -3.8839541e+01   5.0405553e+02   1.0337587e+01   2.3257500e+01   1.8720323e+01
   2.0190000e+03   1.2000000e+01   5.0000000e+00   9.0000000e+00   2.3000000e+01   3.3000000e+01  -5.3924526e+01  -3.8840678e+01   4.9295697e+02   9.5275385e+00   2.5873306e+01   2.0493143e+01
   2.0190000e+03   1.2000000e+01   5.0000000e+00   9.0000000e+00   2.5000000e+01   1.1000000e+01  -5.3920028e+01  -3.8842036e+01   5.0761184e+02   5.4384650e+00   2.1577070e+01   1.9301621e+01
   2.0190000e+03   1.2000000e+01   5.0000000e+00   9.0000000e+00   2.6000000e+01   4.7000000e+01  -5.3915637e+01  -3.8843575e+01   4.9824424e+02   8.0565539e+00   1.6947883e+01   1.5770889e+01
   2.0190000e+03   1.2000000e+01   5.0000000e+00   9.0000000e+00   2.8000000e+01   2.3000000e+01  -5.3911227e+01  -3.8844932e+01   4.9802986e+02   8.1401811e+00   3.3577401e+01   3.3063952e+01
   2.0190000e+03   1.2000000e+01   5.0000000e+00   9.0000000e+00   3.0000000e+01   1.0000000e+00  -5.3906849e+01  -3.8846396e+01   4.9581244e+02   5.8338549e+00   2.6424419e+01   2.1577214e+01
   2.0190000e+03   1.2000000e+01   5.0000000e+00   9.0000000e+00   3.1000000e+01   3.9000000e+01  -5.3902470e+01  -3.8847841e+01   4.9576043e+02   7.4038823e+00   2.2644274e+01   2.0680419e+01
   2.0190000e+03   1.2000000e+01   5.0000000e+00   9.0000000e+00   3.3000000e+01   1.5000000e+01  -5.3897995e+01  -3.8849188e+01   5.0498295e+02   9.2286532e+00   2.5741035e+01   2.2593670e+01
   2.0190000e+03   1.2000000e+01   5.0000000e+00   9.0000000e+00   3.4000000e+01   5.1000000e+01  -5.3893596e+01  -3.8850531e+01   4.9665864e+02   1.6056022e+01   3.4199337e+01   3.3777476e+01
   2.0190000e+03   1.2000000e+01   5.0000000e+00   9.0000000e+00   3.6000000e+01   2.5000000e+01  -5.3889227e+01  -3.8851728e+01   4.9177726e+02   8.4476941e+00   2.1019051e+01   2.1019051e+01
   2.0190000e+03   1.2000000e+01   5.0000000e+00   9.0000000e+00   3.8000000e+01   3.0000000e+00  -5.3884794e+01  -3.8853002e+01   4.9965349e+02   6.9432968e+00   2.0017733e+01   1.8573733e+01
   2.0190000e+03   1.2000000e+01   5.0000000e+00   9.0000000e+00   3.9000000e+01   4.3000000e+01  -5.3880368e+01  -3.8854264e+01   4.9866818e+02   1.6371591e+01   2.9758253e+01   2.7302449e+01
   2.0190000e+03   1.2000000e+01   5.0000000e+00   9.0000000e+00   4.1000000e+01   2.3000000e+01  -5.3875918e+01  -3.8855821e+01   5.0486637e+02   9.9015516e+02   1.6401542e+03   1.6395494e+03
   2.0190000e+03   1.2000000e+01   5.0000000e+00   9.0000000e+00   4.3000000e+01   3.0000000e+00  -5.3871545e+01  -3.8857302e+01   4.9548679e+02   1.0248376e+03   1.6902601e+03   1.6902114e+03
   2.0190000e+03   1.2000000e+01   5.0000000e+00   9.0000000e+00   4.4000000e+01   3.9000000e+01  -5.3867162e+01  -3.8858667e+01   4.9522371e+02   2.4914237e+00   3.4807977e+00   3.4807977e+00
   2.0190000e+03   1.2000000e+01   5.0000000e+00   9.0000000e+00   4.6000000e+01   1.5000000e+01  -5.3862690e+01  -3.8860239e+01   5.0752534e+02   2.6723364e+00   5.3063410e+00   5.2641545e+00
   2.0190000e+03   1.2000000e+01   5.0000000e+00   9.0000000e+00   4.7000000e+01   5.3000000e+01  -5.3858300e+01  -3.8861527e+01   4.9499555e+02   2.5517904e+00   6.8210793e+00   4.8149832e+00
   2.0190000e+03   1.2000000e+01   5.0000000e+00   9.0000000e+00   4.9000000e+01   3.3000000e+01  -5.3853884e+01  -3.8862878e+01   4.9871816e+02   3.0350283e+00   1.0222769e+01   7.4510785e+00
   2.0190000e+03   1.2000000e+01   5.0000000e+00   9.0000000e+00   5.1000000e+01   1.3000000e+01  -5.3849527e+01  -3.8864283e+01   4.9282103e+02   2.1767292e+00   1.1243808e+01   9.8658991e+00
   2.0190000e+03   1.2000000e+01   5.0000000e+00   9.0000000e+00   5.2000000e+01   5.1000000e+01  -5.3845028e+01  -3.8865654e+01   5.0786674e+02   2.1107037e+02   3.4837457e+02   3.4741477e+02
   2.0190000e+03   1.2000000e+01   5.0000000e+00   9.0000000e+00   5.4000000e+01   2.7000000e+01  -5.3840657e+01  -3.8867062e+01   4.9443633e+02   1.1223229e+02   1.8711222e+02   1.3208442e+02
   2.0190000e+03   1.2000000e+01   5.0000000e+00   9.0000000e+00   5.6000000e+01   3.0000000e+00  -5.3836211e+01  -3.8868490e+01   5.0288582e+02   6.5947697e+01   1.1376475e+02   1.0615577e+02
   2.0190000e+03   1.2000000e+01   5.0000000e+00   9.0000000e+00   5.7000000e+01   4.3000000e+01  -5.3831843e+01  -3.8869701e+01   4.9179692e+02   1.0720174e+01   2.2229577e+01   1.9229430e+01
   2.0190000e+03   1.2000000e+01   5.0000000e+00   9.0000000e+00   5.9000000e+01   2.3000000e+01  -5.3827376e+01  -3.8871070e+01   5.0438336e+02   1.0485826e+00   7.3948700e+00   5.6237791e+00
   2.0190000e+03   1.2000000e+01   5.0000000e+00   1.0000000e+01   1.0000000e+00   3.0000000e+00  -5.3822965e+01  -3.8872475e+01   4.9878546e+02   3.9238299e+00   9.5352517e+00   6.7649591e+00
   2.0190000e+03   1.2000000e+01   5.0000000e+00   1.0000000e+01   2.0000000e+00   4.3000000e+01  -5.3818619e+01  -3.8873730e+01   4.8984492e+02   3.4847027e+00   8.4225311e+00   7.0235759e+00
   2.0190000e+03   1.2000000e+01   5.0000000e+00   1.0000000e+01   4.0000000e+00   2.3000000e+01  -5.3814206e+01  -3.8875088e+01   4.9843107e+02   4.4309299e+00   9.3153801e+00   7.6204233e+00
   2.0190000e+03   1.2000000e+01   5.0000000e+00   1.0000000e+01   6.0000000e+00   3.0000000e+00  -5.3809747e+01  -3.8876364e+01   5.0249355e+02   3.7824390e+00   2.1201574e+01   2.0098224e+01
   2.0190000e+03   1.2000000e+01   5.0000000e+00   1.0000000e+01   7.0000000e+00   4.1000000e+01  -5.3805287e+01  -3.8877636e+01   5.0260099e+02   9.1284488e+00   1.8687014e+01   1.7853332e+01
   2.0190000e+03   1.2000000e+01   5.0000000e+00   1.0000000e+01   9.0000000e+00   1.9000000e+01  -5.3800936e+01  -3.8878934e+01   4.9094519e+02   6.1719526e+00   1.1048323e+01   1.0491759e+01
   2.0190000e+03   1.2000000e+01   5.0000000e+00   1.0000000e+01   1.0000000e+01   5.5000000e+01  -5.3796499e+01  -3.8880667e+01   5.0596460e+02   3.5993178e+00   7.3170517e+00   6.1907042e+00
   2.0190000e+03   1.2000000e+01   5.0000000e+00   1.0000000e+01   1.2000000e+01   3.3000000e+01  -5.3792183e+01  -3.8882309e+01   4.9152780e+02   2.5926013e+00   6.1010223e+00   4.8139350e+00
   2.0190000e+03   1.2000000e+01   5.0000000e+00   1.0000000e+01   1.4000000e+01   1.1000000e+01  -5.3787744e+01  -3.8883621e+01   5.0077631e+02   1.4674755e+00   6.2927877e+00   3.2592648e+00
   2.0190000e+03   1.2000000e+01   5.0000000e+00   1.0000000e+01   1.5000000e+01   4.9000000e+01  -5.3783311e+01  -3.8884852e+01   4.9915103e+02   4.7840282e+01   7.9962126e+01   7.8046825e+01
   2.0190000e+03   1.2000000e+01   5.0000000e+00   1.0000000e+01   1.7000000e+01   2.9000000e+01  -5.3778872e+01  -3.8886080e+01   4.9978739e+02   5.6527509e+02   9.3820840e+02   9.3417247e+02
   2.0190000e+03   1.2000000e+01   5.0000000e+00   1.0000000e+01   1.9000000e+01   9.0000000e+00  -5.3774440e+01  -3.8887317e+01   4.9915284e+02   4.2057743e+02   5.2620428e+02   5.2427855e+02
   2.0190000e+03   1.2000000e+01   5.0000000e+00   1.0000000e+01   2.0000000e+01   4.9000000e+01  -5.3770005e+01  -3.8888613e+01   5.0012127e+02   4.5929555e+02   2.7501101e+02   2.5960578e+02
   2.0190000e+03   1.2000000e+01   5.0000000e+00   1.0000000e+01   2.2000000e+01   2.7000000e+01  -5.3765608e+01  -3.8889861e+01   4.9542833e+02   9.2338508e-01   3.0440391e+00   1.2371568e+00
   2.0190000e+03   1.2000000e+01   5.0000000e+00   1.0000000e+01   2.4000000e+01   5.0000000e+00  -5.3761183e+01  -3.8891156e+01   4.9897001e+02   1.4172761e+00   8.8345742e+00   3.9433620e+00
   2.0190000e+03   1.2000000e+01   5.0000000e+00   1.0000000e+01   2.5000000e+01   4.3000000e+01  -5.3756791e+01  -3.8892446e+01   4.9538884e+02   3.0744949e+00   8.2203555e+00   2.2151516e+00
   2.0190000e+03   1.2000000e+01   5.0000000e+00   1.0000000e+01   2.7000000e+01   2.1000000e+01  -5.3752320e+01  -3.8893841e+01   5.0516418e+02   6.2529045e+01   1.0418830e+02   9.9674152e+01
   2.0190000e+03   1.2000000e+01   5.0000000e+00   1.0000000e+01   2.8000000e+01   5.8000000e+01  -5.3747931e+01  -3.8895159e+01   4.9533152e+02   7.0563158e+00   1.1522879e+01   7.1456243e+00
   2.0190000e+03   1.2000000e+01   5.0000000e+00   1.0000000e+01   3.0000000e+01   3.8000000e+01  -5.3743602e+01  -3.8896961e+01   4.9541769e+02   6.2291354e+00   1.8214725e+01   1.1712313e+01
   2.0190000e+03   1.2000000e+01   5.0000000e+00   1.0000000e+01   3.2000000e+01   1.7000000e+01  -5.3739153e+01  -3.8898387e+01   5.0319244e+02   1.1141642e+01   1.6624685e+01   1.1168489e+01
   2.0190000e+03   1.2000000e+01   5.0000000e+00   1.0000000e+01   3.3000000e+01   5.5000000e+01  -5.3734764e+01  -3.8899876e+01   4.9743236e+02   8.6216143e+00   1.6065176e+01   1.0172089e+01
   2.0190000e+03   1.2000000e+01   5.0000000e+00   1.0000000e+01   3.5000000e+01   3.0000000e+01  -5.3730328e+01  -3.8901416e+01   5.0323262e+02   7.2503460e+00   1.7287755e+01   1.4243532e+01
   2.0190000e+03   1.2000000e+01   5.0000000e+00   1.0000000e+01   3.7000000e+01   8.0000000e+00  -5.3725961e+01  -3.8902751e+01   4.9311960e+02   8.9863105e+00   1.0262667e+01   9.6839136e+00
   2.0190000e+03   1.2000000e+01   5.0000000e+00   1.0000000e+01   3.8000000e+01   4.4000000e+01  -5.3721487e+01  -3.8903999e+01   5.0382598e+02   6.7805486e+00   8.8506229e+00   8.8506229e+00
   2.0190000e+03   1.2000000e+01   5.0000000e+00   1.0000000e+01   4.0000000e+01   2.2000000e+01  -5.3717105e+01  -3.8905138e+01   4.9265939e+02   5.0696350e+00   3.8847032e+00   3.8847032e+00
   2.0190000e+03   1.2000000e+01   5.0000000e+00   1.0000000e+01   4.2000000e+01   2.0000000e+00  -5.3712680e+01  -3.8906612e+01   5.0123379e+02   3.5872295e+00   3.0169567e+00   3.0169567e+00
   2.0190000e+03   1.2000000e+01   5.0000000e+00   1.0000000e+01   4.3000000e+01   3.9000000e+01  -5.3708237e+01  -3.8907998e+01   5.0203476e+02   2.7540632e+00   2.2727556e+00   2.2727556e+00
   2.0190000e+03   1.2000000e+01   5.0000000e+00   1.0000000e+01   4.5000000e+01   1.5000000e+01  -5.3703852e+01  -3.8909466e+01   4.9672141e+02   1.8832407e+00   3.2644643e+00   3.2644643e+00
   2.0190000e+03   1.2000000e+01   5.0000000e+00   1.0000000e+01   4.6000000e+01   5.3000000e+01  -5.3699441e+01  -3.8910858e+01   4.9856884e+02   5.8986616e+00   8.2323088e+00   8.2323088e+00
   2.0190000e+03   1.2000000e+01   5.0000000e+00   1.0000000e+01   4.8000000e+01   3.1000000e+01  -5.3694987e+01  -3.8912057e+01   5.0121194e+02   3.7479438e+00   1.7084469e+01   1.7084469e+01
   2.0190000e+03   1.2000000e+01   5.0000000e+00   1.0000000e+01   5.0000000e+01   9.0000000e+00  -5.3690565e+01  -3.8913424e+01   4.9953763e+02   3.8432046e+00   1.1850010e+01   1.1850010e+01
   2.0190000e+03   1.2000000e+01   5.0000000e+00   1.0000000e+01   5.1000000e+01   4.7000000e+01  -5.3686193e+01  -3.8914903e+01   4.9550129e+02   6.6760526e+00   7.8121444e+00   7.8121444e+00
   2.0190000e+03   1.2000000e+01   5.0000000e+00   1.0000000e+01   5.3000000e+01   2.5000000e+01  -5.3681824e+01  -3.8916230e+01   4.9327944e+02   9.5632783e+00   7.0857455e+00   7.0857455e+00
   2.0190000e+03   1.2000000e+01   5.0000000e+00   1.0000000e+01   5.5000000e+01   5.0000000e+00  -5.3677395e+01  -3.8917692e+01   5.0142848e+02   8.4045960e+00   8.6968409e+00   8.2459996e+00
   2.0190000e+03   1.2000000e+01   5.0000000e+00   1.0000000e+01   5.6000000e+01   4.5000000e+01  -5.3672946e+01  -3.8919163e+01   5.0373587e+02   1.0500787e+01   9.2654422e+00   9.2654422e+00
   2.0190000e+03   1.2000000e+01   5.0000000e+00   1.0000000e+01   5.8000000e+01   2.5000000e+01  -5.3668549e+01  -3.8920339e+01   4.9468576e+02   8.8090577e+00   9.8180820e+00   9.8180820e+00
   2.0190000e+03   1.2000000e+01   5.0000000e+00   1.1000000e+01   0.0000000e+00   5.0000000e+00  -5.3664104e+01  -3.8921542e+01   5.0031316e+02   7.7261056e+00   9.7582727e+00   9.7582727e+00
   2.0190000e+03   1.2000000e+01   5.0000000e+00   1.1000000e+01   1.0000000e+00   4.5000000e+01  -5.3659662e+01  -3.8922899e+01   5.0157399e+02   7.5319469e+00   5.9879934e+00   5.9879934e+00
   2.0190000e+03   1.2000000e+01   5.0000000e+00   1.1000000e+01   3.0000000e+00   2.5000000e+01  -5.3655294e+01  -3.8924311e+01   4.9417847e+02   6.8449015e+00   6.3434151e+00   6.3434151e+00
   2.0190000e+03   1.2000000e+01   5.0000000e+00   1.1000000e+01   5.0000000e+00   7.0000000e+00  -5.3650898e+01  -3.8925669e+01   4.9664869e+02   6.6296170e+00   5.1148728e+00   5.1148728e+00
   2.0190000e+03   1.2000000e+01   5.0000000e+00   1.1000000e+01   6.0000000e+00   4.7000000e+01  -5.3646506e+01  -3.8927175e+01   4.9802141e+02   5.5120459e+00   4.8761878e+00   4.8706083e+00
   2.0190000e+03   1.2000000e+01   5.0000000e+00   1.1000000e+01   8.0000000e+00   2.5000000e+01  -5.3642059e+01  -3.8928640e+01   5.0344202e+02   5.6769523e+00   4.4712288e+00   4.4712288e+00
   2.0190000e+03   1.2000000e+01   5.0000000e+00   1.1000000e+01   9.0000000e+00   5.9000000e+01  -5.3637688e+01  -3.8930085e+01   4.9495987e+02   6.5445013e+00   6.2830171e+00   2.7034988e+00
   2.0190000e+03   1.2000000e+01   5.0000000e+00   1.1000000e+01   1.1000000e+01   3.7000000e+01  -5.3633270e+01  -3.8931407e+01   4.9859116e+02   5.7177685e+00   5.1001809e+00   3.7674957e+00
   2.0190000e+03   1.2000000e+01   5.0000000e+00   1.1000000e+01   1.3000000e+01   1.5000000e+01  -5.3628857e+01  -3.8932781e+01   4.9872956e+02   8.2699877e+00   7.9474446e+00   6.9507515e+00
   2.0190000e+03   1.2000000e+01   5.0000000e+00   1.1000000e+01   1.4000000e+01   5.3000000e+01  -5.3624444e+01  -3.8934189e+01   4.9900295e+02   8.1786533e+00   9.0750636e+00   9.0750636e+00
   2.0190000e+03   1.2000000e+01   5.0000000e+00   1.1000000e+01   1.6000000e+01   2.9000000e+01  -5.3619995e+01  -3.8935569e+01   5.0272927e+02   9.5008385e+00   8.1012477e+00   8.1012477e+00
   2.0190000e+03   1.2000000e+01   5.0000000e+00   1.1000000e+01   1.8000000e+01   5.0000000e+00  -5.3615611e+01  -3.8936943e+01   4.9546732e+02   9.9673429e+00   1.0592939e+01   1.0592939e+01
   2.0190000e+03   1.2000000e+01   5.0000000e+00   1.1000000e+01   1.9000000e+01   4.3000000e+01  -5.3611212e+01  -3.8938248e+01   4.9626451e+02   6.3846899e+00   7.9071003e+00   7.9071003e+00
   2.0190000e+03   1.2000000e+01   5.0000000e+00   1.1000000e+01   2.1000000e+01   2.1000000e+01  -5.3606758e+01  -3.8939652e+01   5.0354778e+02   4.7070897e+00   5.9447510e+00   5.9447510e+00
   2.0190000e+03   1.2000000e+01   5.0000000e+00   1.1000000e+01   2.2000000e+01   5.9000000e+01  -5.3602362e+01  -3.8940964e+01   4.9606052e+02   5.0780847e+00   4.8579722e+00   4.8579722e+00
   2.0190000e+03   1.2000000e+01   5.0000000e+00   1.1000000e+01   2.4000000e+01   3.7000000e+01  -5.3597898e+01  -3.8942356e+01   5.0454239e+02   6.4184305e+00   4.1439777e+00   4.1439777e+00
   2.0190000e+03   1.2000000e+01   5.0000000e+00   1.1000000e+01   2.6000000e+01   1.3000000e+01  -5.3593487e+01  -3.8943671e+01   4.9767335e+02   6.3263459e+00   2.7412423e+00   2.7412423e+00
   2.0190000e+03   1.2000000e+01   5.0000000e+00   1.1000000e+01   2.7000000e+01   4.9000000e+01  -5.3589061e+01  -3.8944999e+01   4.9961995e+02   6.3505084e+00   4.0134891e+00   3.3557652e+00
   2.0190000e+03   1.2000000e+01   5.0000000e+00   1.1000000e+01   2.9000000e+01   2.5000000e+01  -5.3584646e+01  -3.8946335e+01   4.9844903e+02   7.0116394e+00   3.1867749e+00   3.1867749e+00
   2.0190000e+03   1.2000000e+01   5.0000000e+00   1.1000000e+01   3.0000000e+01   5.9000000e+01  -5.3580301e+01  -3.8947616e+01   4.9012306e+02   6.1601123e+00   3.2365406e+00   3.2365406e+00
   2.0190000e+03   1.2000000e+01   5.0000000e+00   1.1000000e+01   3.2000000e+01   3.5000000e+01  -5.3575861e+01  -3.8948964e+01   5.0135167e+02   5.4739763e+00   3.7953519e+00   3.2389876e+00
   2.0190000e+03   1.2000000e+01   5.0000000e+00   1.1000000e+01   3.4000000e+01   1.1000000e+01  -5.3571463e+01  -3.8950291e+01   4.9650416e+02   6.2200772e+00   5.4609891e+00   2.2791643e+00
   2.0190000e+03   1.2000000e+01   5.0000000e+00   1.1000000e+01   3.5000000e+01   4.7000000e+01  -5.3567119e+01  -3.8952076e+01   4.9688676e+02   6.3665270e+00   1.2681773e+01   7.7306959e+00
   2.0190000e+03   1.2000000e+01   5.0000000e+00   1.1000000e+01   3.7000000e+01   2.3000000e+01  -5.3562713e+01  -3.8953563e+01   4.9927792e+02   4.3052766e+00   7.1787732e+00   2.6882567e+00
   2.0190000e+03   1.2000000e+01   5.0000000e+00   1.1000000e+01   3.8000000e+01   5.9000000e+01  -5.3558311e+01  -3.8955032e+01   4.9869007e+02   3.5782427e+00   3.4060361e+00   1.8692997e+00
   2.0190000e+03   1.2000000e+01   5.0000000e+00   1.1000000e+01   4.0000000e+01   3.7000000e+01  -5.3553861e+01  -3.8955982e+01   4.9842491e+02   2.8204798e+00   1.5428939e+00   1.5428939e+00
   2.0190000e+03   1.2000000e+01   5.0000000e+00   1.1000000e+01   4.2000000e+01   1.5000000e+01  -5.3549372e+01  -3.8956994e+01   5.0323583e+02   3.9315677e+00   2.9874430e+00   2.9874430e+00
   2.0190000e+03   1.2000000e+01   5.0000000e+00   1.1000000e+01   4.3000000e+01   5.1000000e+01  -5.3544931e+01  -3.8958301e+01   5.0096580e+02   3.9412285e+00   2.4161651e+00   2.4161651e+00
   2.0190000e+03   1.2000000e+01   5.0000000e+00   1.1000000e+01   4.5000000e+01   2.9000000e+01  -5.3540600e+01  -3.8959793e+01   4.9125660e+02   5.1693204e+00   4.1018165e+00   4.1018165e+00
   2.0190000e+03   1.2000000e+01   5.0000000e+00   1.1000000e+01   4.7000000e+01   7.0000000e+00  -5.3536180e+01  -3.8961274e+01   5.0077585e+02   4.1974615e+00   4.2874728e+00   4.2874728e+00
   2.0190000e+03   1.2000000e+01   5.0000000e+00   1.1000000e+01   4.8000000e+01   4.5000000e+01  -5.3531794e+01  -3.8962820e+01   4.9793858e+02   4.3299171e+00   3.6781069e+00   3.6781069e+00
   2.0190000e+03   1.2000000e+01   5.0000000e+00   1.1000000e+01   5.0000000e+01   2.3000000e+01  -5.3527341e+01  -3.8964305e+01   5.0445543e+02   4.3903643e+00   3.5309902e+00   3.5309902e+00
   2.0190000e+03   1.2000000e+01   5.0000000e+00   1.1000000e+01   5.2000000e+01   1.0000000e+00  -5.3522932e+01  -3.8965810e+01   4.9994222e+02   4.1619953e+00   4.2271224e+00   4.2271224e+00
   2.0190000e+03   1.2000000e+01   5.0000000e+00   1.1000000e+01   5.3000000e+01   3.9000000e+01  -5.3518594e+01  -3.8967159e+01   4.9022044e+02   2.8107840e+00   3.7737006e+00   3.0729493e+00
   2.0190000e+03   1.2000000e+01   5.0000000e+00   1.1000000e+01   5.5000000e+01   1.5000000e+01  -5.3514170e+01  -3.8968546e+01   5.0005202e+02   3.5859670e+00   4.3796677e+00   3.9130368e+00
   2.0190000e+03   1.2000000e+01   5.0000000e+00   1.1000000e+01   5.6000000e+01   5.3000000e+01  -5.3509747e+01  -3.8969736e+01   4.9774254e+02   3.9194093e+00   3.6345634e+00   3.6345634e+00
   2.0190000e+03   1.2000000e+01   5.0000000e+00   1.1000000e+01   5.8000000e+01   3.1000000e+01  -5.3505264e+01  -3.8970933e+01   5.0437398e+02   4.0452942e+00   4.2814983e+00   3.7213117e+00
   2.0190000e+03   1.2000000e+01   5.0000000e+00   1.2000000e+01   0.0000000e+00   7.0000000e+00  -5.3500844e+01  -3.8972161e+01   4.9781623e+02   5.1017108e+00   5.8535982e+00   4.1217466e+00
   2.0190000e+03   1.2000000e+01   5.0000000e+00   1.2000000e+01   1.0000000e+00   4.3000000e+01  -5.3496485e+01  -3.8973691e+01   4.9488300e+02   5.1912576e+00   6.5494743e+00   3.7940365e+00
   2.0190000e+03   1.2000000e+01   5.0000000e+00   1.2000000e+01   3.0000000e+00   1.9000000e+01  -5.3492059e+01  -3.8975244e+01   5.0239830e+02   4.8982351e+00   6.6153269e+00   3.1363824e+00
   2.0190000e+03   1.2000000e+01   5.0000000e+00   1.2000000e+01   4.0000000e+00   5.5000000e+01  -5.3487631e+01  -3.8976633e+01   5.0053416e+02   4.9432846e+00   7.0016502e+00   5.6293897e+00
   2.0190000e+03   1.2000000e+01   5.0000000e+00   1.2000000e+01   6.0000000e+00   3.1000000e+01  -5.3483284e+01  -3.8978103e+01   4.9271721e+02   6.6453304e+00   6.8190961e+00   6.1952156e+00
   2.0190000e+03   1.2000000e+01   5.0000000e+00   1.2000000e+01   8.0000000e+00   9.0000000e+00  -5.3478906e+01  -3.8979537e+01   4.9563995e+02   8.1469287e+00   1.1247545e+01   1.1247545e+01
   2.0190000e+03   1.2000000e+01   5.0000000e+00   1.2000000e+01   9.0000000e+00   4.9000000e+01  -5.3474449e+01  -3.8980959e+01   5.0410001e+02   4.0395386e+00   4.6142284e+00   4.6142284e+00
   2.0190000e+03   1.2000000e+01   5.0000000e+00   1.2000000e+01   1.1000000e+01   2.9000000e+01  -5.3470043e+01  -3.8981976e+01   4.9423034e+02   4.9586346e+00   6.6916727e+00   4.7594461e+00
   2.0190000e+03   1.2000000e+01   5.0000000e+00   1.2000000e+01   1.3000000e+01   7.0000000e+00  -5.3465595e+01  -3.8983022e+01   4.9908609e+02   5.1860562e+00   7.1943294e+00   4.6043063e+00
   2.0190000e+03   1.2000000e+01   5.0000000e+00   1.2000000e+01   1.4000000e+01   4.3000000e+01  -5.3461093e+01  -3.8984060e+01   5.0484372e+02   5.6481091e+00   8.2627829e+00   4.9491536e+00
   2.0190000e+03   1.2000000e+01   5.0000000e+00   1.2000000e+01   1.6000000e+01   2.1000000e+01  -5.3456694e+01  -3.8985297e+01   4.9572525e+02   4.6739233e+00   7.6482302e+00   5.7537218e+00
   2.0190000e+03   1.2000000e+01   5.0000000e+00   1.2000000e+01   1.7000000e+01   5.7000000e+01  -5.3452287e+01  -3.8987012e+01   5.0261341e+02   4.7316440e+01   7.5576144e+01   7.4198830e+01
   2.0190000e+03   1.2000000e+01   5.0000000e+00   1.2000000e+01   1.9000000e+01   3.3000000e+01  -5.3447936e+01  -3.8988533e+01   4.9388371e+02   2.6261056e+00   7.9802974e+00   6.4115822e+00
   2.0190000e+03   1.2000000e+01   5.0000000e+00   1.2000000e+01   2.1000000e+01   9.0000000e+00  -5.3443579e+01  -3.8990109e+01   4.9518664e+02   2.9206742e+00   4.2543489e+00   3.2544590e+00
   2.0190000e+03   1.2000000e+01   5.0000000e+00   1.2000000e+01   2.2000000e+01   4.5000000e+01  -5.3439172e+01  -3.8991609e+01   4.9969049e+02   5.7945846e+00   6.2206657e+00   5.4081938e+00
   2.0190000e+03   1.2000000e+01   5.0000000e+00   1.2000000e+01   2.4000000e+01   2.1000000e+01  -5.3434767e+01  -3.8993016e+01   4.9832232e+02   1.7774138e+01   2.7977674e+01   2.7611318e+01
   2.0190000e+03   1.2000000e+01   5.0000000e+00   1.2000000e+01   2.5000000e+01   5.7000000e+01  -5.3430341e+01  -3.8994455e+01   5.0095045e+02   5.4107932e+00   9.3372377e+00   7.8744879e+00
   2.0190000e+03   1.2000000e+01   5.0000000e+00   1.2000000e+01   2.7000000e+01   3.3000000e+01  -5.3425910e+01  -3.8995633e+01   4.9847267e+02   5.2487377e+00   7.2627615e+00   6.9867437e+00
   2.0190000e+03   1.2000000e+01   5.0000000e+00   1.2000000e+01   2.9000000e+01   1.1000000e+01  -5.3421475e+01  -3.8996826e+01   4.9913443e+02   4.2989338e+00   7.5459059e+00   5.5593097e+00
   2.0190000e+03   1.2000000e+01   5.0000000e+00   1.2000000e+01   3.0000000e+01   4.9000000e+01  -5.3417065e+01  -3.8997930e+01   4.9546307e+02   3.8618429e+00   7.4750764e+00   6.6716989e+00
   2.0190000e+03   1.2000000e+01   5.0000000e+00   1.2000000e+01   3.2000000e+01   2.7000000e+01  -5.3412571e+01  -3.8999127e+01   5.0559186e+02   4.3890839e+00   6.3234170e+00   5.7502947e+00
   2.0190000e+03   1.2000000e+01   5.0000000e+00   1.2000000e+01   3.4000000e+01   5.0000000e+00  -5.3408221e+01  -3.9000454e+01   4.9135574e+02   4.8759768e+00   8.6838730e+00   8.1415065e+00
   2.0190000e+03   1.2000000e+01   5.0000000e+00   1.2000000e+01   3.5000000e+01   4.1000000e+01  -5.3403787e+01  -3.9002029e+01   5.0363396e+02   3.9080815e+00   5.5958713e+00   4.3190148e+00
   2.0190000e+03   1.2000000e+01   5.0000000e+00   1.2000000e+01   3.7000000e+01   1.7000000e+01  -5.3399378e+01  -3.9003443e+01   4.9876390e+02   3.2754476e+00   9.5066012e+00   7.8146807e+00
   2.0190000e+03   1.2000000e+01   5.0000000e+00   1.2000000e+01   3.8000000e+01   5.5000000e+01  -5.3395046e+01  -3.9004986e+01   4.9215060e+02   4.9694617e+00   8.4189058e+00   7.8548566e+00
   2.0190000e+03   1.2000000e+01   5.0000000e+00   1.2000000e+01   4.0000000e+01   3.3000000e+01  -5.3390619e+01  -3.9006323e+01   4.9986298e+02   4.7985975e+00   6.3796837e+00   5.7986776e+00
   2.0190000e+03   1.2000000e+01   5.0000000e+00   1.2000000e+01   4.2000000e+01   1.1000000e+01  -5.3386203e+01  -3.9007632e+01   4.9827012e+02   4.1243781e+00   1.0028073e+01   9.3232051e+00
   2.0190000e+03   1.2000000e+01   5.0000000e+00   1.2000000e+01   4.3000000e+01   4.9000000e+01  -5.3381764e+01  -3.9008806e+01   4.9934880e+02   4.5869841e+00   9.0521356e+00   7.8512087e+00
   2.0190000e+03   1.2000000e+01   5.0000000e+00   1.2000000e+01   4.5000000e+01   2.7000000e+01  -5.3377366e+01  -3.9010081e+01   4.9600752e+02   5.4235420e+00   1.0198450e+01   7.7865456e+00
   2.0190000e+03   1.2000000e+01   5.0000000e+00   1.2000000e+01   4.7000000e+01   5.0000000e+00  -5.3372883e+01  -3.9011357e+01   5.0524316e+02   4.0208764e+00   6.9048504e+00   6.2937005e+00
   2.0190000e+03   1.2000000e+01   5.0000000e+00   1.2000000e+01   4.8000000e+01   4.3000000e+01  -5.3368444e+01  -3.9012675e+01   5.0089043e+02   2.8626079e+00   7.9284884e+00   6.5687921e+00
   2.0190000e+03   1.2000000e+01   5.0000000e+00   1.2000000e+01   5.0000000e+01   2.1000000e+01  -5.3364103e+01  -3.9014117e+01   4.9180283e+02   3.7463244e+00   6.0865241e+00   4.7083465e+00
   2.0190000e+03   1.2000000e+01   5.0000000e+00   1.2000000e+01   5.1000000e+01   5.9000000e+01  -5.3359722e+01  -3.9015595e+01   4.9663936e+02   4.1126781e+00   1.0580333e+01   8.0219597e+00
   2.0190000e+03   1.2000000e+01   5.0000000e+00   1.2000000e+01   5.3000000e+01   3.7000000e+01  -5.3355306e+01  -3.9017100e+01   5.0071506e+02   3.4578603e+00   1.2567577e+01   1.0628827e+01
   2.0190000e+03   1.2000000e+01   5.0000000e+00   1.2000000e+01   5.5000000e+01   1.3000000e+01  -5.3350863e+01  -3.9018603e+01   5.0368567e+02   2.4810096e+00   1.1058040e+01   8.2771450e+00
   2.0190000e+03   1.2000000e+01   5.0000000e+00   1.2000000e+01   5.6000000e+01   4.9000000e+01  -5.3346496e+01  -3.9020039e+01   4.9449598e+02   4.1708962e+00   1.3627912e+01   1.0220246e+01
   2.0190000e+03   1.2000000e+01   5.0000000e+00   1.2000000e+01   5.8000000e+01   2.7000000e+01  -5.3342137e+01  -3.9021462e+01   4.9353172e+02   5.6862324e+00   1.4343771e+01   8.5268753e+00
   2.0190000e+03   1.2000000e+01   5.0000000e+00   1.3000000e+01   0.0000000e+00   7.0000000e+00  -5.3337716e+01  -3.9022884e+01   5.0020890e+02   3.2550086e+00   6.5723012e+00   4.1877790e+00
   2.0190000e+03   1.2000000e+01   5.0000000e+00   1.3000000e+01   1.0000000e+00   4.7000000e+01  -5.3333249e+01  -3.9024351e+01   5.0582757e+02   2.0702363e+00   8.6445721e+00   6.7186428e+00
   2.0190000e+03   1.2000000e+01   5.0000000e+00   1.3000000e+01   3.0000000e+00   2.5000000e+01  -5.3328881e+01  -3.9025620e+01   4.9256793e+02   2.5901992e+00   5.8224722e+00   4.7195374e+00
   2.0190000e+03   1.2000000e+01   5.0000000e+00   1.3000000e+01   5.0000000e+00   3.0000000e+00  -5.3324463e+01  -3.9026909e+01   4.9839582e+02   1.9415742e+00   9.2162412e+00   7.9343516e+00
   2.0190000e+03   1.2000000e+01   5.0000000e+00   1.3000000e+01   6.0000000e+00   4.1000000e+01  -5.3320030e+01  -3.9028133e+01   4.9918491e+02   6.4700559e+01   1.0983105e+02   9.9281117e+01
   2.0190000e+03   1.2000000e+01   5.0000000e+00   1.3000000e+01   8.0000000e+00   1.9000000e+01  -5.3315599e+01  -3.9029479e+01   5.0044217e+02   3.1076557e+00   7.2644165e+00   6.5381458e+00
   2.0190000e+03   1.2000000e+01   5.0000000e+00   1.3000000e+01   9.0000000e+00   5.5000000e+01  -5.3311155e+01  -3.9030833e+01   5.0195535e+02   2.5266627e+00   4.5633349e+00   3.6005137e+00
   2.0190000e+03   1.2000000e+01   5.0000000e+00   1.3000000e+01   1.1000000e+01   3.3000000e+01  -5.3306818e+01  -3.9032121e+01   4.8944181e+02   2.6455554e+00   8.1062962e+00   6.3413658e+00
   2.0190000e+03   1.2000000e+01   5.0000000e+00   1.3000000e+01   1.3000000e+01   1.1000000e+01  -5.3302383e+01  -3.9033411e+01   5.0016134e+02   3.2718104e+00   6.8078313e+00   5.9073577e+00
   2.0190000e+03   1.2000000e+01   5.0000000e+00   1.3000000e+01   1.4000000e+01   4.9000000e+01  -5.3297968e+01  -3.9034728e+01   4.9834789e+02   3.6574373e+00   8.1804939e+00   7.9611728e+00
   2.0190000e+03   1.2000000e+01   5.0000000e+00   1.3000000e+01   1.6000000e+01   2.7000000e+01  -5.3293548e+01  -3.9036081e+01   4.9936361e+02   1.8325398e+00   5.3469225e+00   4.9456774e+00
   2.0190000e+03   1.2000000e+01   5.0000000e+00   1.3000000e+01   1.8000000e+01   5.0000000e+00  -5.3289114e+01  -3.9037379e+01   5.0020132e+02   1.7342970e+00   6.8522023e+00   6.3441036e+00
   2.0190000e+03   1.2000000e+01   5.0000000e+00   1.3000000e+01   1.9000000e+01   4.5000000e+01  -5.3284668e+01  -3.9038726e+01   5.0202622e+02   2.5148329e+00   6.0100885e+00   3.1552319e+00
   2.0190000e+03   1.2000000e+01   5.0000000e+00   1.3000000e+01   2.1000000e+01   2.7000000e+01  -5.3280253e+01  -3.9039830e+01   4.9599241e+02   2.8607406e+00   9.4927476e+00   7.9290523e+00
   2.0190000e+03   1.2000000e+01   5.0000000e+00   1.3000000e+01   2.3000000e+01   1.1000000e+01  -5.3275832e+01  -3.9041023e+01   4.9769759e+02   4.8984594e+00   9.8055974e+00   8.8574873e+00
