   2.0190000e+03   1.2000000e+01   7.0000000e+00   8.0000000e+00   3.3000000e+01   4.9000000e+01  -5.3874566e+01  -3.7725400e+01   4.9833381e+02   6.1077658e-02   7.4988708e-02   7.4988708e-02
   2.0190000e+03   1.2000000e+01   7.0000000e+00   8.0000000e+00   3.6000000e+01   1.1000000e+01  -5.3870577e+01  -3.7726475e+01   4.4882813e+02   1.5117784e+00   5.1491161e+00   5.1491161e+00
   2.0190000e+03   1.2000000e+01   7.0000000e+00   8.0000000e+00   3.7000000e+01   5.7000000e+01  -5.3866360e+01  -3.7729079e+01   4.9870217e+02   1.7745386e+00   2.9556171e+00   2.9556171e+00
   2.0190000e+03   1.2000000e+01   7.0000000e+00   8.0000000e+00   3.9000000e+01   2.7000000e+01  -5.3861920e+01  -3.7729953e+01   4.9663647e+02   1.9898867e+00   3.0453685e+00   3.0453685e+00
   2.0190000e+03   1.2000000e+01   7.0000000e+00   8.0000000e+00   4.0000000e+01   5.9000000e+01  -5.3857481e+01  -3.7731043e+01   4.9837552e+02   1.5509729e+00   2.5541110e+00   2.5541110e+00
   2.0190000e+03   1.2000000e+01   7.0000000e+00   8.0000000e+00   4.2000000e+01   3.7000000e+01  -5.3853069e+01  -3.7732690e+01   5.0201972e+02   8.8492193e-01   2.3535560e+00   2.3535560e+00
   2.0190000e+03   1.2000000e+01   7.0000000e+00   8.0000000e+00   4.4000000e+01   2.1000000e+01  -5.3848726e+01  -3.7734623e+01   4.9900823e+02   1.2410656e+00   1.8510500e+00   1.8510500e+00
   2.0190000e+03   1.2000000e+01   7.0000000e+00   8.0000000e+00   4.6000000e+01   5.0000000e+00  -5.3844358e+01  -3.7735974e+01   4.9341128e+02   1.5626357e+00   2.1022287e+00   2.1022287e+00
   2.0190000e+03   1.2000000e+01   7.0000000e+00   8.0000000e+00   4.7000000e+01   4.3000000e+01  -5.3839890e+01  -3.7737416e+01   5.0531024e+02   1.2374915e+00   1.9936257e+00   1.9936257e+00
   2.0190000e+03   1.2000000e+01   7.0000000e+00   8.0000000e+00   4.9000000e+01   2.1000000e+01  -5.3835552e+01  -3.7738742e+01   4.8991926e+02   9.8421506e-01   1.5019218e+00   1.5019218e+00
   2.0190000e+03   1.2000000e+01   7.0000000e+00   8.0000000e+00   5.0000000e+01   5.9000000e+01  -5.3831134e+01  -3.7740188e+01   4.9998790e+02   9.6246092e-01   1.7195120e+00   1.7195120e+00
   2.0190000e+03   1.2000000e+01   7.0000000e+00   8.0000000e+00   5.2000000e+01   3.7000000e+01  -5.3826749e+01  -3.7741830e+01   4.9898616e+02   1.0714154e+00   1.8009663e+00   1.8009663e+00
   2.0190000e+03   1.2000000e+01   7.0000000e+00   8.0000000e+00   5.4000000e+01   1.5000000e+01  -5.3822327e+01  -3.7743501e+01   5.0339774e+02   1.1230822e+00   1.5903848e+00   1.5903848e+00
   2.0190000e+03   1.2000000e+01   7.0000000e+00   8.0000000e+00   5.5000000e+01   5.1000000e+01  -5.3817930e+01  -3.7745185e+01   5.0095716e+02   8.9701314e-01   1.5081474e+00   1.5081474e+00
   2.0190000e+03   1.2000000e+01   7.0000000e+00   8.0000000e+00   5.7000000e+01   2.9000000e+01  -5.3813596e+01  -3.7746787e+01   4.9295411e+02   8.7666999e-01   9.0952126e-01   9.0952126e-01
   2.0190000e+03   1.2000000e+01   7.0000000e+00   8.0000000e+00   5.9000000e+01   7.0000000e+00  -5.3809199e+01  -3.7748356e+01   4.9928937e+02   6.3607765e-01   9.4007730e-01   9.4007730e-01
   2.0190000e+03   1.2000000e+01   7.0000000e+00   9.0000000e+00   0.0000000e+00   4.5000000e+01  -5.3804814e+01  -3.7750033e+01   4.9951861e+02   7.8782552e-01   1.2432347e+00   1.1775543e+00
   2.0190000e+03   1.2000000e+01   7.0000000e+00   9.0000000e+00   2.0000000e+00   2.3000000e+01  -5.3800398e+01  -3.7751449e+01   4.9948017e+02   1.2784109e+00   1.9202210e+00   1.9202210e+00
   2.0190000e+03   1.2000000e+01   7.0000000e+00   9.0000000e+00   4.0000000e+00   3.0000000e+00  -5.3795909e+01  -3.7752395e+01   5.0269951e+02   1.4790715e+00   2.2682908e+00   2.1665972e+00
   2.0190000e+03   1.2000000e+01   7.0000000e+00   9.0000000e+00   5.0000000e+00   4.1000000e+01  -5.3791454e+01  -3.7753395e+01   4.9935192e+02   1.3940047e+00   1.9816782e+00   1.8763899e+00
   2.0190000e+03   1.2000000e+01   7.0000000e+00   9.0000000e+00   7.0000000e+00   1.7000000e+01  -5.3786991e+01  -3.7754325e+01   4.9965799e+02   1.2461370e+00   1.5531217e+00   1.5531217e+00
   2.0190000e+03   1.2000000e+01   7.0000000e+00   9.0000000e+00   8.0000000e+00   5.5000000e+01  -5.3782624e+01  -3.7755298e+01   4.8947745e+02   1.6619868e+00   2.5743005e+00   2.5743005e+00
   2.0190000e+03   1.2000000e+01   7.0000000e+00   9.0000000e+00   1.0000000e+01   3.9000000e+01  -5.3778107e+01  -3.7756317e+01   5.0633251e+02   1.1513142e+00   2.3049103e+00   2.2977620e+00
   2.0190000e+03   1.2000000e+01   7.0000000e+00   9.0000000e+00   1.2000000e+01   2.1000000e+01  -5.3773877e+01  -3.7758799e+01   4.9750093e+02   2.0007906e+00   3.2948617e+00   3.2948617e+00
   2.0190000e+03   1.2000000e+01   7.0000000e+00   9.0000000e+00   1.3000000e+01   5.7000000e+01  -5.3769587e+01  -3.7761187e+01   5.0177706e+02   1.7161539e+00   2.5931652e+00   2.5931652e+00
   2.0190000e+03   1.2000000e+01   7.0000000e+00   9.0000000e+00   1.5000000e+01   3.3000000e+01  -5.3765278e+01  -3.7762823e+01   4.9081070e+02   1.5488754e+00   1.9911105e+00   1.9911105e+00
   2.0190000e+03   1.2000000e+01   7.0000000e+00   9.0000000e+00   1.7000000e+01   1.1000000e+01  -5.3760880e+01  -3.7764400e+01   4.9951277e+02   1.5071172e+00   2.1625675e+00   2.1625675e+00
   2.0190000e+03   1.2000000e+01   7.0000000e+00   9.0000000e+00   1.8000000e+01   4.9000000e+01  -5.3756450e+01  -3.7766023e+01   5.0363872e+02   1.2169441e+00   1.7716414e+00   1.7716414e+00
   2.0190000e+03   1.2000000e+01   7.0000000e+00   9.0000000e+00   2.0000000e+01   2.5000000e+01  -5.3752064e+01  -3.7767615e+01   4.9850704e+02   1.1825945e+00   1.4659607e+00   1.4659607e+00
   2.0190000e+03   1.2000000e+01   7.0000000e+00   9.0000000e+00   2.2000000e+01   3.0000000e+00  -5.3747731e+01  -3.7769108e+01   4.9143530e+02   1.7176640e+00   1.9345434e+00   1.5824579e+00
   2.0190000e+03   1.2000000e+01   7.0000000e+00   9.0000000e+00   2.3000000e+01   4.1000000e+01  -5.3743303e+01  -3.7770635e+01   5.0208246e+02   1.3521800e+00   1.7330278e+00   1.7330278e+00
   2.0190000e+03   1.2000000e+01   7.0000000e+00   9.0000000e+00   2.5000000e+01   1.7000000e+01  -5.3738864e+01  -3.7772094e+01   5.0248817e+02   9.6572636e+00   1.5646935e+01   1.6286460e+00
   2.0190000e+03   1.2000000e+01   7.0000000e+00   9.0000000e+00   2.6000000e+01   5.5000000e+01  -5.3734520e+01  -3.7773549e+01   4.9212297e+02   1.2431482e+00   1.9355377e+00   1.9355377e+00
   2.0190000e+03   1.2000000e+01   7.0000000e+00   9.0000000e+00   2.8000000e+01   3.1000000e+01  -5.3730068e+01  -3.7775066e+01   5.0467795e+02   9.0802565e-01   1.6406906e+00   1.6406906e+00
   2.0190000e+03   1.2000000e+01   7.0000000e+00   9.0000000e+00   3.0000000e+01   9.0000000e+00  -5.3725705e+01  -3.7776522e+01   4.9414744e+02   8.1095043e-01   1.3354569e+00   1.3354569e+00
   2.0190000e+03   1.2000000e+01   7.0000000e+00   9.0000000e+00   3.1000000e+01   4.5000000e+01  -5.3721243e+01  -3.7778062e+01   5.0610206e+02   4.1786425e-01   1.0634672e+00   1.0634672e+00
   2.0190000e+03   1.2000000e+01   7.0000000e+00   9.0000000e+00   3.3000000e+01   2.1000000e+01  -5.3716848e+01  -3.7779580e+01   4.9838458e+02   8.8063903e-01   1.2105680e+00   1.2105680e+00
   2.0190000e+03   1.2000000e+01   7.0000000e+00   9.0000000e+00   3.4000000e+01   5.7000000e+01  -5.3712462e+01  -3.7781149e+01   4.9824238e+02   9.0294382e-01   1.6850549e+00   1.6850549e+00
   2.0190000e+03   1.2000000e+01   7.0000000e+00   9.0000000e+00   3.6000000e+01   3.3000000e+01  -5.3708087e+01  -3.7782713e+01   4.9688037e+02   8.2521089e-01   1.9118073e+00   1.9118073e+00
   2.0190000e+03   1.2000000e+01   7.0000000e+00   9.0000000e+00   3.8000000e+01   1.1000000e+01  -5.3703748e+01  -3.7784311e+01   4.9350960e+02   1.2103126e+00   1.8733580e+00   1.8733580e+00
   2.0190000e+03   1.2000000e+01   7.0000000e+00   9.0000000e+00   3.9000000e+01   4.9000000e+01  -5.3699339e+01  -3.7785920e+01   5.0123699e+02   1.3511169e+00   1.9811004e+00   1.9811004e+00
   2.0190000e+03   1.2000000e+01   7.0000000e+00   9.0000000e+00   4.1000000e+01   2.9000000e+01  -5.3694870e+01  -3.7787045e+01   5.0199379e+02   7.3900783e-01   1.4676293e+00   1.4676293e+00
   2.0190000e+03   1.2000000e+01   7.0000000e+00   9.0000000e+00   4.3000000e+01   9.0000000e+00  -5.3690407e+01  -3.7788061e+01   5.0048004e+02   6.9089157e-01   1.4288789e+00   1.4288789e+00
   2.0190000e+03   1.2000000e+01   7.0000000e+00   9.0000000e+00   4.4000000e+01   4.7000000e+01  -5.3686004e+01  -3.7789257e+01   4.9557481e+02   5.1701943e+00   8.6308252e+00   1.3046381e+00
   2.0190000e+03   1.2000000e+01   7.0000000e+00   9.0000000e+00   4.6000000e+01   2.5000000e+01  -5.3681603e+01  -3.7790730e+01   4.9850423e+02   1.4321283e+01   2.3569692e+01   2.3569692e+01
   2.0190000e+03   1.2000000e+01   7.0000000e+00   9.0000000e+00   4.8000000e+01   3.0000000e+00  -5.3677258e+01  -3.7792456e+01   4.9602685e+02   1.1688796e+00   1.4828624e+00   1.4828624e+00
   2.0190000e+03   1.2000000e+01   7.0000000e+00   9.0000000e+00   4.9000000e+01   4.1000000e+01  -5.3672906e+01  -3.7794238e+01   4.9756359e+02   6.9801612e-01   1.4513209e+00   1.4513209e+00
   2.0190000e+03   1.2000000e+01   7.0000000e+00   9.0000000e+00   5.1000000e+01   1.9000000e+01  -5.3668532e+01  -3.7796066e+01   5.0073667e+02   7.9643922e-01   1.6223501e+00   1.6223501e+00
   2.0190000e+03   1.2000000e+01   7.0000000e+00   9.0000000e+00   5.2000000e+01   5.5000000e+01  -5.3664098e+01  -3.7797411e+01   5.0056176e+02   5.0157222e-01   1.3810241e+00   1.3810241e+00
   2.0190000e+03   1.2000000e+01   7.0000000e+00   9.0000000e+00   5.4000000e+01   3.1000000e+01  -5.3659706e+01  -3.7798591e+01   4.9417984e+02   5.4084046e-01   1.3838573e+00   1.3537539e+00
   2.0190000e+03   1.2000000e+01   7.0000000e+00   9.0000000e+00   5.6000000e+01   7.0000000e+00  -5.3655274e+01  -3.7799815e+01   4.9911936e+02   7.3211715e-01   1.3823095e+00   1.2664958e+00
   2.0190000e+03   1.2000000e+01   7.0000000e+00   9.0000000e+00   5.7000000e+01   4.3000000e+01  -5.3650850e+01  -3.7801083e+01   4.9859858e+02   1.0818724e+00   2.0222961e+00   1.6654794e+00
   2.0190000e+03   1.2000000e+01   7.0000000e+00   9.0000000e+00   5.9000000e+01   1.9000000e+01  -5.3646402e+01  -3.7802349e+01   5.0129229e+02   7.1274077e-01   1.6885438e+00   1.5781483e+00
   2.0190000e+03   1.2000000e+01   7.0000000e+00   1.0000000e+01   0.0000000e+00   5.5000000e+01  -5.3641946e+01  -3.7803624e+01   5.0217059e+02   7.8051656e-01   2.1212256e+00   1.4878889e+00
   2.0190000e+03   1.2000000e+01   7.0000000e+00   1.0000000e+01   2.0000000e+00   3.1000000e+01  -5.3637569e+01  -3.7804888e+01   4.9344058e+02   4.8342104e-01   2.7754265e+00   1.9126926e+00
   2.0190000e+03   1.2000000e+01   7.0000000e+00   1.0000000e+01   4.0000000e+00   1.1000000e+01  -5.3633106e+01  -3.7806189e+01   5.0325727e+02   1.0942742e+00   1.8288202e+00   7.5701163e-01
   2.0190000e+03   1.2000000e+01   7.0000000e+00   1.0000000e+01   5.0000000e+00   5.3000000e+01  -5.3628812e+01  -3.7808263e+01   4.9637970e+02   1.0043159e+00   2.1969873e+00   7.5185970e-01
   2.0190000e+03   1.2000000e+01   7.0000000e+00   1.0000000e+01   7.0000000e+00   3.3000000e+01  -5.3624518e+01  -3.7810324e+01   4.9607704e+02   1.7947253e+00   2.9796385e+00   1.4098807e+00
   2.0190000e+03   1.2000000e+01   7.0000000e+00   1.0000000e+01   9.0000000e+00   9.0000000e+00  -5.3620048e+01  -3.7811764e+01   5.0569940e+02   2.1484839e+01   3.5234011e+01   4.4603796e+00
   2.0190000e+03   1.2000000e+01   7.0000000e+00   1.0000000e+01   1.0000000e+01   4.1000000e+01  -5.3615658e+01  -3.7813325e+01   4.9858344e+02   4.4802036e+00   6.7563138e+00   9.0386233e-01
   2.0190000e+03   1.2000000e+01   7.0000000e+00   1.0000000e+01   1.2000000e+01   1.3000000e+01  -5.3611271e+01  -3.7814905e+01   4.9844148e+02   3.8108299e+00   2.5185225e+01   1.5278931e+00
   2.0190000e+03   1.2000000e+01   7.0000000e+00   1.0000000e+01   1.3000000e+01   5.3000000e+01  -5.3606957e+01  -3.7816510e+01   4.9094888e+02   2.2690907e+00   4.6918436e+00   1.0446690e+00
   2.0190000e+03   1.2000000e+01   7.0000000e+00   1.0000000e+01   1.5000000e+01   3.9000000e+01  -5.3602555e+01  -3.7818074e+01   4.9995095e+02   2.0092459e+00   1.1313985e+01   5.1821313e-01
   2.0190000e+03   1.2000000e+01   7.0000000e+00   1.0000000e+01   1.7000000e+01   2.3000000e+01  -5.3598133e+01  -3.7819492e+01   5.0013184e+02   1.6737790e+00   5.9150535e+00   1.0322335e+00
   2.0190000e+03   1.2000000e+01   7.0000000e+00   1.0000000e+01   1.9000000e+01   7.0000000e+00  -5.3593735e+01  -3.7820939e+01   4.9789842e+02   4.3404944e+00   1.1590938e+01   1.2670589e+00
   2.0190000e+03   1.2000000e+01   7.0000000e+00   1.0000000e+01   2.0000000e+01   4.7000000e+01  -5.3589303e+01  -3.7822388e+01   5.0171154e+02   4.4937800e+00   9.1284270e+00   1.8184404e+00
   2.0190000e+03   1.2000000e+01   7.0000000e+00   1.0000000e+01   2.2000000e+01   2.3000000e+01  -5.3584923e+01  -3.7823874e+01   4.9646570e+02   1.2725567e+00   7.1094126e+00   1.2052006e+00
   2.0190000e+03   1.2000000e+01   7.0000000e+00   1.0000000e+01   2.4000000e+01   1.0000000e+00  -5.3580507e+01  -3.7825383e+01   5.0065291e+02   9.7620774e-01   1.2014162e+00   3.6001700e-01
   2.0190000e+03   1.2000000e+01   7.0000000e+00   1.0000000e+01   2.5000000e+01   3.9000000e+01  -5.3576112e+01  -3.7826937e+01   4.9912203e+02   9.0358459e-01   1.5494131e+00   3.2360227e-01
   2.0190000e+03   1.2000000e+01   7.0000000e+00   1.0000000e+01   2.7000000e+01   1.7000000e+01  -5.3571751e+01  -3.7828465e+01   4.9489911e+02   7.8109699e-01   1.6604069e+00   3.7394926e-01
   2.0190000e+03   1.2000000e+01   7.0000000e+00   1.0000000e+01   2.8000000e+01   5.7000000e+01  -5.3567346e+01  -3.7830047e+01   5.0049528e+02   2.0785630e+00   3.4001417e+00   5.5816194e-01
   2.0190000e+03   1.2000000e+01   7.0000000e+00   1.0000000e+01   3.0000000e+01   3.9000000e+01  -5.3562985e+01  -3.7831581e+01   4.9507982e+02   2.8098224e+00   6.5523170e+00   1.2506028e+00
   2.0190000e+03   1.2000000e+01   7.0000000e+00   1.0000000e+01   3.2000000e+01   2.1000000e+01  -5.3558560e+01  -3.7833056e+01   5.0130133e+02   3.9276993e+00   5.5479069e+00   1.0864412e+00
   2.0190000e+03   1.2000000e+01   7.0000000e+00   1.0000000e+01   3.4000000e+01   3.0000000e+00  -5.3554113e+01  -3.7834325e+01   5.0118305e+02   3.2681924e+00   7.0364792e+00   2.1579489e+00
   2.0190000e+03   1.2000000e+01   7.0000000e+00   1.0000000e+01   3.5000000e+01   4.3000000e+01  -5.3549647e+01  -3.7835320e+01   5.0059330e+02   2.1251186e+00   4.7899869e+00   1.4920817e+00
   2.0190000e+03   1.2000000e+01   7.0000000e+00   1.0000000e+01   3.7000000e+01   2.5000000e+01  -5.3545273e+01  -3.7836499e+01   4.9219184e+02   2.4583368e+00   4.3983147e+00   2.3390004e+00
   2.0190000e+03   1.2000000e+01   7.0000000e+00   1.0000000e+01   3.9000000e+01   9.0000000e+00  -5.3540836e+01  -3.7838198e+01   5.0565083e+02   3.1923148e+00   5.3283349e+00   3.4506008e+00
   2.0190000e+03   1.2000000e+01   7.0000000e+00   1.0000000e+01   4.0000000e+01   5.1000000e+01  -5.3536518e+01  -3.7840092e+01   4.9586663e+02   2.3228819e+00   4.5924893e+00   1.2787199e+00
   2.0190000e+03   1.2000000e+01   7.0000000e+00   1.0000000e+01   4.2000000e+01   3.1000000e+01  -5.3532156e+01  -3.7841960e+01   5.0017917e+02   2.0824553e+00   4.3121823e+00   8.3859310e-01
   2.0190000e+03   1.2000000e+01   7.0000000e+00   1.0000000e+01   4.4000000e+01   1.1000000e+01  -5.3527770e+01  -3.7843558e+01   4.9866106e+02   3.1160700e+00   4.6747015e+00   3.1882863e-01
   2.0190000e+03   1.2000000e+01   7.0000000e+00   1.0000000e+01   4.5000000e+01   5.3000000e+01  -5.3523363e+01  -3.7844738e+01   4.9583604e+02   2.1948641e+00   6.5138677e+00   6.8588699e-01
   2.0190000e+03   1.2000000e+01   7.0000000e+00   1.0000000e+01   4.7000000e+01   3.5000000e+01  -5.3518915e+01  -3.7846041e+01   5.0170178e+02   2.5306130e+00   4.5413997e+00   2.0604463e+00
   2.0190000e+03   1.2000000e+01   7.0000000e+00   1.0000000e+01   4.9000000e+01   1.5000000e+01  -5.3514495e+01  -3.7847302e+01   4.9823008e+02   3.7693152e+00   5.1903361e+00   8.1883224e-01
   2.0190000e+03   1.2000000e+01   7.0000000e+00   1.0000000e+01   5.0000000e+01   5.3000000e+01  -5.3510044e+01  -3.7848569e+01   5.0158031e+02   3.0426399e+00   6.9410158e+00   3.0481586e+00
   2.0190000e+03   1.2000000e+01   7.0000000e+00   1.0000000e+01   5.2000000e+01   2.9000000e+01  -5.3505645e+01  -3.7849894e+01   4.9657754e+02   4.0143360e+00   7.1424460e+00   6.8140279e+00
   2.0190000e+03   1.2000000e+01   7.0000000e+00   1.0000000e+01   5.4000000e+01   7.0000000e+00  -5.3501271e+01  -3.7851441e+01   4.9667983e+02   4.5050971e+00   9.1835017e+00   6.8944034e+00
   2.0190000e+03   1.2000000e+01   7.0000000e+00   1.0000000e+01   5.5000000e+01   4.7000000e+01  -5.3496924e+01  -3.7853150e+01   4.9611072e+02   3.2368723e+00   5.3997387e+00   2.4431124e+00
   2.0190000e+03   1.2000000e+01   7.0000000e+00   1.0000000e+01   5.7000000e+01   2.9000000e+01  -5.3492490e+01  -3.7854636e+01   5.0232835e+02   3.5656254e+00   4.7395871e+00   6.0853372e-01
   2.0190000e+03   1.2000000e+01   7.0000000e+00   1.0000000e+01   5.9000000e+01   1.1000000e+01  -5.3488081e+01  -3.7856140e+01   4.9994602e+02   3.0059291e+00   8.3622669e+00   3.0478430e+00
   2.0190000e+03   1.2000000e+01   7.0000000e+00   1.1000000e+01   0.0000000e+00   4.7000000e+01  -5.3483727e+01  -3.7857687e+01   4.9456011e+02   3.5266205e+00   4.4253134e+00   2.5298646e+00
   2.0190000e+03   1.2000000e+01   7.0000000e+00   1.1000000e+01   2.0000000e+00   2.3000000e+01  -5.3479281e+01  -3.7859200e+01   5.0402980e+02   1.9463242e+00   3.2151505e+00   1.2925826e+00
   2.0190000e+03   1.2000000e+01   7.0000000e+00   1.1000000e+01   3.0000000e+00   5.7000000e+01  -5.3474884e+01  -3.7860719e+01   4.9883326e+02   1.5940184e+00   3.2957228e+00   2.5382418e+00
   2.0190000e+03   1.2000000e+01   7.0000000e+00   1.1000000e+01   5.0000000e+00   3.1000000e+01  -5.3470525e+01  -3.7862236e+01   4.9460577e+02   1.7190231e+00   4.3625579e+00   4.2169389e+00
   2.0190000e+03   1.2000000e+01   7.0000000e+00   1.1000000e+01   7.0000000e+00   5.0000000e+00  -5.3466146e+01  -3.7863779e+01   4.9722084e+02   3.2351467e+00   3.9908867e+00   3.7413310e+00
   2.0190000e+03   1.2000000e+01   7.0000000e+00   1.1000000e+01   8.0000000e+00   4.1000000e+01  -5.3461776e+01  -3.7865257e+01   4.9533755e+02   1.3942351e+00   9.6761612e-01   9.6761612e-01
   2.0190000e+03   1.2000000e+01   7.0000000e+00   1.1000000e+01   1.0000000e+01   1.9000000e+01  -5.3457311e+01  -3.7866495e+01   5.0285442e+02   9.5457659e-01   1.6968098e+00   1.6192853e+00
   2.0190000e+03   1.2000000e+01   7.0000000e+00   1.1000000e+01   1.1000000e+01   5.7000000e+01  -5.3452856e+01  -3.7867610e+01   5.0054826e+02   2.1947029e+00   3.0361628e+00   2.7877462e+00
   2.0190000e+03   1.2000000e+01   7.0000000e+00   1.1000000e+01   1.3000000e+01   3.5000000e+01  -5.3448441e+01  -3.7868813e+01   4.9702815e+02   3.0084165e+00   1.6517151e+00   1.6517151e+00
   2.0190000e+03   1.2000000e+01   7.0000000e+00   1.1000000e+01   1.5000000e+01   1.3000000e+01  -5.3444009e+01  -3.7869973e+01   4.9832351e+02   2.6390575e+00   2.5499966e+00   1.3708184e+00
   2.0190000e+03   1.2000000e+01   7.0000000e+00   1.1000000e+01   1.6000000e+01   5.5000000e+01  -5.3439535e+01  -3.7871129e+01   5.0304012e+02   2.4350119e+00   1.9704939e+00   1.4009873e+00
   2.0190000e+03   1.2000000e+01   7.0000000e+00   1.1000000e+01   1.8000000e+01   3.5000000e+01  -5.3435183e+01  -3.7872778e+01   4.9577926e+02   6.4788961e+00   9.9784440e+00   9.3138097e+00
   2.0190000e+03   1.2000000e+01   7.0000000e+00   1.1000000e+01   2.0000000e+01   9.0000000e+00  -5.3430887e+01  -3.7874970e+01   4.9893450e+02   4.2532148e+00   7.7955062e+00   7.4001464e+00
   2.0190000e+03   1.2000000e+01   7.0000000e+00   1.1000000e+01   2.1000000e+01   4.5000000e+01  -5.3426566e+01  -3.7876891e+01   4.9676894e+02   6.5151909e+00   8.6424116e+00   8.6424116e+00
   2.0190000e+03   1.2000000e+01   7.0000000e+00   1.1000000e+01   2.3000000e+01   2.5000000e+01  -5.3422180e+01  -3.7878420e+01   4.9776210e+02   6.3492806e+00   7.5775374e+00   7.5775374e+00
   2.0190000e+03   1.2000000e+01   7.0000000e+00   1.1000000e+01   2.5000000e+01   5.0000000e+00  -5.3417778e+01  -3.7880017e+01   5.0044232e+02   1.0580776e+01   1.5143277e+01   1.4582138e+01
   2.0190000e+03   1.2000000e+01   7.0000000e+00   1.1000000e+01   2.6000000e+01   4.5000000e+01  -5.3413398e+01  -3.7881497e+01   4.9644452e+02   3.4716381e+00   1.1141282e+01   9.8423773e+00
   2.0190000e+03   1.2000000e+01   7.0000000e+00   1.1000000e+01   2.8000000e+01   2.5000000e+01  -5.3409030e+01  -3.7882839e+01   4.9346387e+02   4.9994608e+00   1.1236010e+01   1.0876430e+01
   2.0190000e+03   1.2000000e+01   7.0000000e+00   1.1000000e+01   3.0000000e+01   5.0000000e+00  -5.3404589e+01  -3.7884235e+01   5.0210150e+02   4.9705385e+00   1.1969401e+01   1.0146421e+01
   2.0190000e+03   1.2000000e+01   7.0000000e+00   1.1000000e+01   3.1000000e+01   4.3000000e+01  -5.3400201e+01  -3.7885648e+01   4.9647004e+02   7.1935598e+00   6.5914680e+00   5.1035630e+00
   2.0190000e+03   1.2000000e+01   7.0000000e+00   1.1000000e+01   3.3000000e+01   2.3000000e+01  -5.3395724e+01  -3.7887088e+01   5.0654196e+02   5.3043759e+00   8.1710999e+00   5.5941025e+00
   2.0190000e+03   1.2000000e+01   7.0000000e+00   1.1000000e+01   3.5000000e+01   1.0000000e+00  -5.3391337e+01  -3.7888487e+01   4.9617367e+02   6.6922727e+00   6.5539875e+00   4.9334555e+00
   2.0190000e+03   1.2000000e+01   7.0000000e+00   1.1000000e+01   3.6000000e+01   3.9000000e+01  -5.3386970e+01  -3.7889834e+01   4.9349874e+02   7.7244870e+00   1.6932554e+01   1.4558922e+01
   2.0190000e+03   1.2000000e+01   7.0000000e+00   1.1000000e+01   3.8000000e+01   1.9000000e+01  -5.3382582e+01  -3.7891462e+01   4.9937063e+02   8.8461803e+00   1.4516926e+01   1.1937978e+01
   2.0190000e+03   1.2000000e+01   7.0000000e+00   1.1000000e+01   3.9000000e+01   5.9000000e+01  -5.3378157e+01  -3.7893121e+01   5.0384349e+02   7.7568015e+00   1.2524085e+01   1.0307247e+01
   2.0190000e+03   1.2000000e+01   7.0000000e+00   1.1000000e+01   4.1000000e+01   3.7000000e+01  -5.3373821e+01  -3.7894689e+01   4.9291974e+02   4.9445482e+00   7.6419512e+00   4.5868939e+00
   2.0190000e+03   1.2000000e+01   7.0000000e+00   1.1000000e+01   4.3000000e+01   1.7000000e+01  -5.3369374e+01  -3.7896064e+01   5.0245118e+02   5.2879222e+00   3.5651001e+00   3.1307483e+00
   2.0190000e+03   1.2000000e+01   7.0000000e+00   1.1000000e+01   4.4000000e+01   5.7000000e+01  -5.3364926e+01  -3.7897408e+01   5.0217669e+02   6.6186157e+00   9.3797984e+00   5.0971366e+00
   2.0190000e+03   1.2000000e+01   7.0000000e+00   1.1000000e+01   4.6000000e+01   3.5000000e+01  -5.3360565e+01  -3.7898755e+01   4.9281527e+02   1.2479495e+01   2.4473863e+01   4.1578993e+00
   2.0190000e+03   1.2000000e+01   7.0000000e+00   1.1000000e+01   4.8000000e+01   1.5000000e+01  -5.3356099e+01  -3.7900169e+01   5.0497735e+02   6.2879016e+00   1.4545068e+01   7.1531653e+00
   2.0190000e+03   1.2000000e+01   7.0000000e+00   1.1000000e+01   4.9000000e+01   5.3000000e+01  -5.3351714e+01  -3.7901568e+01   4.9610106e+02   8.0485874e+00   1.3487801e+01   7.4276182e+00
   2.0190000e+03   1.2000000e+01   7.0000000e+00   1.1000000e+01   5.1000000e+01   3.1000000e+01  -5.3347350e+01  -3.7903059e+01   4.9486421e+02   7.6746651e+00   1.5902188e+01   1.0746716e+01
   2.0190000e+03   1.2000000e+01   7.0000000e+00   1.1000000e+01   5.3000000e+01   9.0000000e+00  -5.3342909e+01  -3.7904695e+01   5.0534487e+02   9.1344774e+00   1.6659995e+01   1.0380879e+01
   2.0190000e+03   1.2000000e+01   7.0000000e+00   1.1000000e+01   5.4000000e+01   4.7000000e+01  -5.3338606e+01  -3.7906312e+01   4.8995094e+02   5.2776316e+00   1.6039404e+01   6.7975712e+00
   2.0190000e+03   1.2000000e+01   7.0000000e+00   1.1000000e+01   5.6000000e+01   2.5000000e+01  -5.3334218e+01  -3.7908012e+01   5.0049626e+02   4.7958948e+00   2.3886949e+01   1.1849649e+01
   2.0190000e+03   1.2000000e+01   7.0000000e+00   1.1000000e+01   5.8000000e+01   1.0000000e+00  -5.3329801e+01  -3.7909714e+01   5.0362413e+02   5.8640611e+00   1.3985479e+01   8.3159645e+00
   2.0190000e+03   1.2000000e+01   7.0000000e+00   1.1000000e+01   5.9000000e+01   3.7000000e+01  -5.3325459e+01  -3.7911388e+01   4.9516952e+02   6.1708067e+00   1.4245073e+01   8.4223190e+00
   2.0190000e+03   1.2000000e+01   7.0000000e+00   1.2000000e+01   1.0000000e+00   1.5000000e+01  -5.3321099e+01  -3.7912979e+01   4.9585740e+02   5.2688919e+00   1.3524438e+01   7.3619674e+00
   2.0190000e+03   1.2000000e+01   7.0000000e+00   1.2000000e+01   2.0000000e+00   5.3000000e+01  -5.3316656e+01  -3.7914314e+01   5.0159580e+02   4.5048042e+00   1.3195059e+01   8.9028710e+00
   2.0190000e+03   1.2000000e+01   7.0000000e+00   1.2000000e+01   4.0000000e+00   3.3000000e+01  -5.3312171e+01  -3.7915284e+01   5.0253266e+02   2.6260826e+00   9.4499313e+00   3.1234829e+00
   2.0190000e+03   1.2000000e+01   7.0000000e+00   1.2000000e+01   6.0000000e+00   1.1000000e+01  -5.3307763e+01  -3.7916251e+01   4.9392685e+02   4.0977201e+00   8.3163024e+00   4.2996950e+00
   2.0190000e+03   1.2000000e+01   7.0000000e+00   1.2000000e+01   7.0000000e+00   4.9000000e+01  -5.3303322e+01  -3.7917252e+01   4.9796443e+02   5.2156080e+00   1.4307670e+01   1.0269615e+01
   2.0190000e+03   1.2000000e+01   7.0000000e+00   1.2000000e+01   9.0000000e+00   2.9000000e+01  -5.3298842e+01  -3.7918514e+01   5.0487991e+02   5.4479567e+00   9.3080691e+00   6.8478317e+00
   2.0190000e+03   1.2000000e+01   7.0000000e+00   1.2000000e+01   1.1000000e+01   7.0000000e+00  -5.3294458e+01  -3.7920021e+01   4.9729841e+02   7.9849393e+00   1.7626940e+01   1.2333644e+01
   2.0190000e+03   1.2000000e+01   7.0000000e+00   1.2000000e+01   1.2000000e+01   4.5000000e+01  -5.3290094e+01  -3.7921491e+01   4.9465374e+02   1.1925452e+01   2.3467663e+01   2.1211786e+01
   2.0190000e+03   1.2000000e+01   7.0000000e+00   1.2000000e+01   1.4000000e+01   2.5000000e+01  -5.3285695e+01  -3.7923165e+01   5.0125315e+02   6.7309378e+00   1.2429311e+01   1.1168712e+01
   2.0190000e+03   1.2000000e+01   7.0000000e+00   1.2000000e+01   1.6000000e+01   3.0000000e+00  -5.3281382e+01  -3.7925031e+01   4.9501950e+02   8.7795413e+00   1.3959115e+01   1.3327280e+01
   2.0190000e+03   1.2000000e+01   7.0000000e+00   1.2000000e+01   1.7000000e+01   4.3000000e+01  -5.3277070e+01  -3.7927054e+01   4.9769968e+02   8.3322792e+00   1.3072087e+01   1.1098900e+01
   2.0190000e+03   1.2000000e+01   7.0000000e+00   1.2000000e+01   1.9000000e+01   2.5000000e+01  -5.3272724e+01  -3.7928982e+01   4.9965864e+02   4.5946647e+00   7.8433056e+00   6.9165653e+00
   2.0190000e+03   1.2000000e+01   7.0000000e+00   1.2000000e+01   2.1000000e+01   3.0000000e+00  -5.3268324e+01  -3.7930207e+01   4.9565279e+02   6.8023526e+00   1.5695896e+01   1.4997008e+01
   2.0190000e+03   1.2000000e+01   7.0000000e+00   1.2000000e+01   2.2000000e+01   3.7000000e+01  -5.3263812e+01  -3.7931086e+01   5.0474352e+02   7.9352378e+00   1.5005775e+01   1.5005775e+01
   2.0190000e+03   1.2000000e+01   7.0000000e+00   1.2000000e+01   2.4000000e+01   5.0000000e+00  -5.3259330e+01  -3.7932083e+01   5.0245737e+02   6.1865174e+00   1.0223386e+01   9.8082283e+00
   2.0190000e+03   1.2000000e+01   7.0000000e+00   1.2000000e+01   2.5000000e+01   3.7000000e+01  -5.3255021e+01  -3.7933864e+01   4.9324857e+02   5.0565429e+00   7.8810688e+00   7.3236784e+00
   2.0190000e+03   1.2000000e+01   7.0000000e+00   1.2000000e+01   2.7000000e+01   1.5000000e+01  -5.3250602e+01  -3.7935557e+01   5.0370608e+02   4.4644224e+00   7.7830343e+00   6.5010620e+00
   2.0190000e+03   1.2000000e+01   7.0000000e+00   1.2000000e+01   2.8000000e+01   5.5000000e+01  -5.3246257e+01  -3.7936990e+01   4.9215868e+02   3.3205206e+00   6.1137792e+00   5.3215143e+00
   2.0190000e+03   1.2000000e+01   7.0000000e+00   1.2000000e+01   3.0000000e+01   3.5000000e+01  -5.3241841e+01  -3.7938458e+01   5.0032650e+02   5.8809309e+00   7.6928143e+00   7.3115111e+00
   2.0190000e+03   1.2000000e+01   7.0000000e+00   1.2000000e+01   3.2000000e+01   1.5000000e+01  -5.3237460e+01  -3.7939945e+01   4.9672935e+02   7.0647067e+00   1.4197266e+01   1.4197266e+01
   2.0190000e+03   1.2000000e+01   7.0000000e+00   1.2000000e+01   3.3000000e+01   5.5000000e+01  -5.3233076e+01  -3.7941377e+01   4.9633421e+02   9.6498050e+00   2.0275876e+01   1.9195839e+01
   2.0190000e+03   1.2000000e+01   7.0000000e+00   1.2000000e+01   3.5000000e+01   3.7000000e+01  -5.3228678e+01  -3.7942834e+01   4.9826016e+02   1.1329509e+01   2.8137784e+01   2.5591857e+01
   2.0190000e+03   1.2000000e+01   7.0000000e+00   1.2000000e+01   3.7000000e+01   1.7000000e+01  -5.3224198e+01  -3.7944339e+01   5.0775866e+02   6.8983639e+00   1.2169700e+01   1.1218227e+01
   2.0190000e+03   1.2000000e+01   7.0000000e+00   1.2000000e+01   3.8000000e+01   5.7000000e+01  -5.3219799e+01  -3.7945792e+01   4.9836104e+02   4.6139387e+00   1.0437429e+01   5.5299226e+00
   2.0190000e+03   1.2000000e+01   7.0000000e+00   1.2000000e+01   4.0000000e+01   3.9000000e+01  -5.3215428e+01  -3.7947239e+01   4.9508554e+02   3.5882827e+00   7.8154433e+00   4.9416507e+00
   2.0190000e+03   1.2000000e+01   7.0000000e+00   1.2000000e+01   4.2000000e+01   1.9000000e+01  -5.3210986e+01  -3.7948673e+01   5.0278654e+02   2.0227685e+00   9.1019098e+00   5.2448079e+00
   2.0190000e+03   1.2000000e+01   7.0000000e+00   1.2000000e+01   4.3000000e+01   5.9000000e+01  -5.3206629e+01  -3.7950096e+01   4.9333152e+02   3.4741156e+00   6.3297938e+00   5.9537273e+00
   2.0190000e+03   1.2000000e+01   7.0000000e+00   1.2000000e+01   4.5000000e+01   3.9000000e+01  -5.3202259e+01  -3.7951524e+01   4.9478630e+02   2.2513734e+00   5.9822832e+00   5.9822832e+00
   2.0190000e+03   1.2000000e+01   7.0000000e+00   1.2000000e+01   4.7000000e+01   1.9000000e+01  -5.3197843e+01  -3.7952944e+01   4.9971687e+02   2.5612753e+00   7.8744525e+00   7.8744525e+00
   2.0190000e+03   1.2000000e+01   7.0000000e+00   1.2000000e+01   4.9000000e+01   1.0000000e+00  -5.3193429e+01  -3.7954357e+01   4.9943292e+02   2.9262009e+00   7.7558527e+00   7.7558527e+00
   2.0190000e+03   1.2000000e+01   7.0000000e+00   1.2000000e+01   5.0000000e+01   4.3000000e+01  -5.3189022e+01  -3.7956003e+01   5.0180125e+02   4.4591428e+00   9.6136409e+00   8.9359797e+00
   2.0190000e+03   1.2000000e+01   7.0000000e+00   1.2000000e+01   5.2000000e+01   2.5000000e+01  -5.3184626e+01  -3.7957601e+01   4.9998725e+02   4.9943339e+00   5.2682429e+00   4.5349831e+00
   2.0190000e+03   1.2000000e+01   7.0000000e+00   1.2000000e+01   5.4000000e+01   5.0000000e+00  -5.3180204e+01  -3.7959213e+01   5.0288809e+02   4.7045475e+00   6.3521104e+00   5.9042373e+00
   2.0190000e+03   1.2000000e+01   7.0000000e+00   1.2000000e+01   5.5000000e+01   4.5000000e+01  -5.3175835e+01  -3.7960792e+01   4.9679882e+02   6.7562645e+00   1.4537245e+01   9.3915861e+00
   2.0190000e+03   1.2000000e+01   7.0000000e+00   1.2000000e+01   5.7000000e+01   2.5000000e+01  -5.3171457e+01  -3.7962265e+01   4.9622094e+02   5.9905852e+00   1.0744239e+01   8.3615126e+00
   2.0190000e+03   1.2000000e+01   7.0000000e+00   1.2000000e+01   5.9000000e+01   5.0000000e+00  -5.3167063e+01  -3.7963586e+01   4.9611860e+02   4.9612389e+00   1.0938520e+01   9.6370148e+00
   2.0190000e+03   1.2000000e+01   7.0000000e+00   1.3000000e+01   0.0000000e+00   2.5000000e+01  -5.3162673e+01  -3.7964945e+01   4.9616231e+02   6.7505212e+00   3.2676345e+01   2.9359890e+01
