   2.0190000e+03   1.2000000e+01   6.0000000e+00   1.0000000e+01   1.8000000e+01   9.0000000e+00  -5.3223574e+01  -3.8448444e+01   4.9872511e+02   3.4556547e+00   8.4224752e+00   7.1573966e+00
   2.0190000e+03   1.2000000e+01   6.0000000e+00   1.0000000e+01   1.9000000e+01   4.5000000e+01  -5.3227995e+01  -3.8447069e+01   4.9971056e+02   8.2410804e+00   1.2097999e+01   1.2097999e+01
   2.0190000e+03   1.2000000e+01   6.0000000e+00   1.0000000e+01   2.1000000e+01   2.1000000e+01  -5.3232378e+01  -3.8445683e+01   4.9569290e+02   8.3694407e+00   1.7145250e+01   1.7145250e+01
   2.0190000e+03   1.2000000e+01   6.0000000e+00   1.0000000e+01   2.2000000e+01   5.7000000e+01  -5.3236793e+01  -3.8444246e+01   4.9973435e+02   5.9632303e+00   1.7428246e+01   1.7428246e+01
   2.0190000e+03   1.2000000e+01   6.0000000e+00   1.0000000e+01   2.4000000e+01   3.5000000e+01  -5.3241169e+01  -3.8442722e+01   4.9680700e+02   6.4721094e+00   1.7121705e+01   1.7121705e+01
   2.0190000e+03   1.2000000e+01   6.0000000e+00   1.0000000e+01   2.6000000e+01   1.1000000e+01  -5.3245610e+01  -3.8441229e+01   5.0336388e+02   5.5739673e+00   7.9894965e+00   7.5426166e+00
   2.0190000e+03   1.2000000e+01   6.0000000e+00   1.0000000e+01   2.7000000e+01   4.9000000e+01  -5.3250000e+01  -3.8440243e+01   4.9221462e+02   5.1190735e+00   1.2454167e+01   1.1581950e+01
   2.0190000e+03   1.2000000e+01   6.0000000e+00   1.0000000e+01   2.9000000e+01   2.5000000e+01  -5.3254429e+01  -3.8438790e+01   5.0152503e+02   4.1116553e+00   5.7242872e+00   3.9243064e+00
   2.0190000e+03   1.2000000e+01   6.0000000e+00   1.0000000e+01   3.1000000e+01   3.0000000e+00  -5.3258786e+01  -3.8437263e+01   4.9464958e+02   7.5636504e+00   1.2676845e+01   1.0301828e+01
   2.0190000e+03   1.2000000e+01   6.0000000e+00   1.0000000e+01   3.2000000e+01   4.1000000e+01  -5.3263204e+01  -3.8435704e+01   5.0168230e+02   9.0890491e+00   1.7408440e+01   1.3583870e+01
   2.0190000e+03   1.2000000e+01   6.0000000e+00   1.0000000e+01   3.4000000e+01   1.9000000e+01  -5.3267610e+01  -3.8434250e+01   4.9905301e+02   8.8484411e+00   1.6720275e+01   1.4686460e+01
   2.0190000e+03   1.2000000e+01   6.0000000e+00   1.0000000e+01   3.5000000e+01   5.7000000e+01  -5.3271991e+01  -3.8432821e+01   4.9601189e+02   5.6879742e+00   1.1451223e+01   9.5911309e+00
   2.0190000e+03   1.2000000e+01   6.0000000e+00   1.0000000e+01   3.7000000e+01   3.7000000e+01  -5.3276462e+01  -3.8431518e+01   5.0437080e+02   8.2797472e+00   1.6579840e+01   1.6579840e+01
   2.0190000e+03   1.2000000e+01   6.0000000e+00   1.0000000e+01   3.9000000e+01   1.5000000e+01  -5.3280780e+01  -3.8429755e+01   4.9381252e+02   9.7493171e+00   1.7063654e+01   1.4322806e+01
   2.0190000e+03   1.2000000e+01   6.0000000e+00   1.0000000e+01   4.0000000e+01   5.3000000e+01  -5.3285251e+01  -3.8428327e+01   5.0581909e+02   1.3348101e+01   2.0124967e+01   1.4201195e+01
   2.0190000e+03   1.2000000e+01   6.0000000e+00   1.0000000e+01   4.2000000e+01   3.1000000e+01  -5.3289567e+01  -3.8426848e+01   4.8956334e+02   7.0543015e+00   1.6730139e+01   1.1671007e+01
   2.0190000e+03   1.2000000e+01   6.0000000e+00   1.0000000e+01   4.4000000e+01   9.0000000e+00  -5.3293975e+01  -3.8425420e+01   4.9890831e+02   6.8257387e+00   1.8754477e+01   9.5855458e+00
   2.0190000e+03   1.2000000e+01   6.0000000e+00   1.0000000e+01   4.5000000e+01   4.9000000e+01  -5.3298464e+01  -3.8423983e+01   5.0785780e+02   1.1310985e+01   1.8096084e+01   9.1209315e+00
   2.0190000e+03   1.2000000e+01   6.0000000e+00   1.0000000e+01   4.7000000e+01   2.5000000e+01  -5.3302866e+01  -3.8422636e+01   4.9727050e+02   1.0053185e+01   1.4140723e+01   8.4646690e+00
   2.0190000e+03   1.2000000e+01   6.0000000e+00   1.0000000e+01   4.9000000e+01   3.0000000e+00  -5.3307209e+01  -3.8421249e+01   4.9131529e+02   7.3535783e+00   1.8491426e+01   1.3521049e+01
   2.0190000e+03   1.2000000e+01   6.0000000e+00   1.0000000e+01   5.0000000e+01   4.3000000e+01  -5.3311645e+01  -3.8419822e+01   5.0198335e+02   5.8395611e+00   1.0295549e+01   4.7517786e+00
   2.0190000e+03   1.2000000e+01   6.0000000e+00   1.0000000e+01   5.2000000e+01   2.1000000e+01  -5.3316034e+01  -3.8418441e+01   4.9621054e+02   5.0133643e+00   8.9654800e+00   3.8369345e+00
   2.0190000e+03   1.2000000e+01   6.0000000e+00   1.0000000e+01   5.3000000e+01   5.9000000e+01  -5.3320468e+01  -3.8417056e+01   5.0125715e+02   7.0263722e+00   1.2144055e+01   6.9261618e+00
   2.0190000e+03   1.2000000e+01   6.0000000e+00   1.0000000e+01   5.5000000e+01   3.9000000e+01  -5.3324927e+01  -3.8415704e+01   5.0348991e+02   4.6706565e+00   8.1601019e+00   3.8527288e+00
   2.0190000e+03   1.2000000e+01   6.0000000e+00   1.0000000e+01   5.7000000e+01   1.7000000e+01  -5.3329283e+01  -3.8414408e+01   4.9162980e+02   4.9900368e+00   7.1775269e+00   3.6355121e+00
   2.0190000e+03   1.2000000e+01   6.0000000e+00   1.0000000e+01   5.8000000e+01   5.7000000e+01  -5.3333765e+01  -3.8413042e+01   5.0621705e+02   6.2304421e+00   1.1218050e+01   7.9564990e+00
   2.0190000e+03   1.2000000e+01   6.0000000e+00   1.1000000e+01   0.0000000e+00   3.5000000e+01  -5.3338141e+01  -3.8411579e+01   4.9586776e+02   4.5424464e+00   7.1709139e+00   3.2445289e+00
   2.0190000e+03   1.2000000e+01   6.0000000e+00   1.1000000e+01   2.0000000e+00   1.1000000e+01  -5.3342523e+01  -3.8409958e+01   4.9861713e+02   6.7679118e+00   1.4973135e+01   1.0271729e+01
   2.0190000e+03   1.2000000e+01   6.0000000e+00   1.1000000e+01   3.0000000e+00   4.7000000e+01  -5.3346871e+01  -3.8408381e+01   4.9443545e+02   3.2856782e+00   8.2703505e+00   5.3833246e+00
   2.0190000e+03   1.2000000e+01   6.0000000e+00   1.1000000e+01   5.0000000e+00   2.5000000e+01  -5.3351236e+01  -3.8406840e+01   4.9562503e+02   5.0982588e+00   9.0862947e+00   5.9032132e+00
   2.0190000e+03   1.2000000e+01   6.0000000e+00   1.1000000e+01   7.0000000e+00   1.0000000e+00  -5.3355691e+01  -3.8405230e+01   5.0648698e+02   5.3747178e+00   9.2277442e+00   6.9507752e+00
   2.0190000e+03   1.2000000e+01   6.0000000e+00   1.1000000e+01   8.0000000e+00   3.7000000e+01  -5.3360087e+01  -3.8403629e+01   4.9983906e+02   5.4638487e+00   9.6991070e+00   8.2626770e+00
   2.0190000e+03   1.2000000e+01   6.0000000e+00   1.1000000e+01   1.0000000e+01   1.3000000e+01  -5.3364390e+01  -3.8402017e+01   4.8991353e+02   4.7658734e+00   1.5765579e+01   1.1156784e+01
   2.0190000e+03   1.2000000e+01   6.0000000e+00   1.1000000e+01   1.1000000e+01   4.9000000e+01  -5.3368856e+01  -3.8400682e+01   5.0419666e+02   5.1149782e+00   1.0706319e+01   8.6645813e+00
   2.0190000e+03   1.2000000e+01   6.0000000e+00   1.1000000e+01   1.3000000e+01   2.5000000e+01  -5.3373289e+01  -3.8399435e+01   4.9941729e+02   6.4141298e+00   1.2956731e+01   1.0810301e+01
   2.0190000e+03   1.2000000e+01   6.0000000e+00   1.1000000e+01   1.5000000e+01   1.0000000e+00  -5.3377719e+01  -3.8398201e+01   4.9899070e+02   4.9028893e+00   7.8486479e+00   7.5004853e+00
   2.0190000e+03   1.2000000e+01   6.0000000e+00   1.1000000e+01   1.6000000e+01   3.9000000e+01  -5.3382103e+01  -3.8396921e+01   4.9453516e+02   3.0113633e+00   7.0373096e+00   6.2076018e+00
   2.0190000e+03   1.2000000e+01   6.0000000e+00   1.1000000e+01   1.8000000e+01   1.5000000e+01  -5.3386584e+01  -3.8395599e+01   5.0556578e+02   2.6706987e+00   3.9783480e+00   3.1504221e+00
   2.0190000e+03   1.2000000e+01   6.0000000e+00   1.1000000e+01   1.9000000e+01   5.1000000e+01  -5.3390956e+01  -3.8394259e+01   4.9389016e+02   4.3099449e+00   6.3265769e+00   3.9667267e+00
   2.0190000e+03   1.2000000e+01   6.0000000e+00   1.1000000e+01   2.1000000e+01   2.9000000e+01  -5.3395342e+01  -3.8392984e+01   4.9456593e+02   2.6417853e+00   3.6780690e+00   3.2901344e+00
   2.0190000e+03   1.2000000e+01   6.0000000e+00   1.1000000e+01   2.3000000e+01   7.0000000e+00  -5.3399754e+01  -3.8391577e+01   4.9905766e+02   2.1734721e+00   2.5504080e+00   1.2875536e+00
   2.0190000e+03   1.2000000e+01   6.0000000e+00   1.1000000e+01   2.4000000e+01   4.5000000e+01  -5.3404237e+01  -3.8390063e+01   5.0821641e+02   2.5689607e+00   3.6964644e+00   2.0446823e+00
   2.0190000e+03   1.2000000e+01   6.0000000e+00   1.1000000e+01   2.6000000e+01   2.1000000e+01  -5.3408593e+01  -3.8388562e+01   4.9415021e+02   2.2998068e+00   5.7241393e+00   2.7173982e+00
   2.0190000e+03   1.2000000e+01   6.0000000e+00   1.1000000e+01   2.7000000e+01   5.9000000e+01  -5.3412944e+01  -3.8387061e+01   4.9354797e+02   2.2889919e+00   5.7667255e+00   4.8331674e+00
   2.0190000e+03   1.2000000e+01   6.0000000e+00   1.1000000e+01   2.9000000e+01   3.5000000e+01  -5.3417388e+01  -3.8385468e+01   5.0497472e+02   2.8750124e+00   4.9413597e+00   3.8181638e+00
   2.0190000e+03   1.2000000e+01   6.0000000e+00   1.1000000e+01   3.1000000e+01   1.1000000e+01  -5.3421807e+01  -3.8384176e+01   4.9847227e+02   2.2961957e+00   6.6450611e+00   4.0747319e+00
   2.0190000e+03   1.2000000e+01   6.0000000e+00   1.1000000e+01   3.2000000e+01   4.7000000e+01  -5.3426198e+01  -3.8382895e+01   4.9516859e+02   2.0618598e+00   3.3463398e+00   1.8726060e+00
   2.0190000e+03   1.2000000e+01   6.0000000e+00   1.1000000e+01   3.4000000e+01   2.3000000e+01  -5.3430641e+01  -3.8381635e+01   5.0078190e+02   1.5811445e+00   3.2498133e+00   2.2848415e+00
   2.0190000e+03   1.2000000e+01   6.0000000e+00   1.1000000e+01   3.5000000e+01   5.9000000e+01  -5.3435078e+01  -3.8380319e+01   5.0066407e+02   3.2085279e+00   3.5973516e+00   1.2810632e+00
   2.0190000e+03   1.2000000e+01   6.0000000e+00   1.1000000e+01   3.7000000e+01   3.5000000e+01  -5.3439506e+01  -3.8378844e+01   5.0166069e+02   3.9451374e+00   7.1762602e+00   4.4822498e+00
   2.0190000e+03   1.2000000e+01   6.0000000e+00   1.1000000e+01   3.9000000e+01   9.0000000e+00  -5.3443853e+01  -3.8377268e+01   4.9416334e+02   3.0954065e+00   8.0808306e+00   4.8906809e+00
   2.0190000e+03   1.2000000e+01   6.0000000e+00   1.1000000e+01   4.0000000e+01   4.5000000e+01  -5.3448269e+01  -3.8375739e+01   5.0099245e+02   4.5001234e+00   6.6712337e+00   5.3437902e+00
   2.0190000e+03   1.2000000e+01   6.0000000e+00   1.1000000e+01   4.2000000e+01   1.9000000e+01  -5.3452614e+01  -3.8374208e+01   4.9333683e+02   3.8600431e+00   4.6205670e+00   1.7171378e+00
   2.0190000e+03   1.2000000e+01   6.0000000e+00   1.1000000e+01   4.3000000e+01   5.5000000e+01  -5.3457068e+01  -3.8372593e+01   5.0630580e+02   3.9676292e+00   6.4647479e+00   4.0592376e+00
   2.0190000e+03   1.2000000e+01   6.0000000e+00   1.1000000e+01   4.5000000e+01   2.9000000e+01  -5.3461421e+01  -3.8371020e+01   4.9478545e+02   4.0020373e+00   7.5416292e+00   4.7322188e+00
   2.0190000e+03   1.2000000e+01   6.0000000e+00   1.1000000e+01   4.7000000e+01   3.0000000e+00  -5.3465828e+01  -3.8369631e+01   4.9829491e+02   4.4505059e+00   6.6385932e+00   6.0364879e+00
   2.0190000e+03   1.2000000e+01   6.0000000e+00   1.1000000e+01   4.8000000e+01   3.7000000e+01  -5.3470234e+01  -3.8368267e+01   4.9776599e+02   6.6271270e+00   7.8368483e+00   7.0867638e+00
   2.0190000e+03   1.2000000e+01   6.0000000e+00   1.1000000e+01   5.0000000e+01   1.1000000e+01  -5.3474638e+01  -3.8366941e+01   4.9727216e+02   7.0869552e+00   8.1132586e+00   6.8403916e+00
   2.0190000e+03   1.2000000e+01   6.0000000e+00   1.1000000e+01   5.1000000e+01   4.5000000e+01  -5.3479045e+01  -3.8365543e+01   4.9830440e+02   7.1671254e+00   1.1717058e+01   1.1442786e+01
   2.0190000e+03   1.2000000e+01   6.0000000e+00   1.1000000e+01   5.3000000e+01   1.9000000e+01  -5.3483500e+01  -3.8364262e+01   5.0223869e+02   3.1872129e+00   5.1600514e+00   5.1600514e+00
   2.0190000e+03   1.2000000e+01   6.0000000e+00   1.1000000e+01   5.4000000e+01   5.1000000e+01  -5.3487968e+01  -3.8363012e+01   5.0336052e+02   7.1415766e+00   1.4992846e+01   1.2593001e+01
   2.0190000e+03   1.2000000e+01   6.0000000e+00   1.1000000e+01   5.6000000e+01   2.5000000e+01  -5.3492322e+01  -3.8361735e+01   4.9111358e+02   5.7501542e+00   7.7909068e+00   5.4901278e+00
   2.0190000e+03   1.2000000e+01   6.0000000e+00   1.1000000e+01   5.8000000e+01   1.0000000e+00  -5.3496803e+01  -3.8360554e+01   5.0396979e+02   4.2504797e+00   1.1892710e+01   8.6561620e+00
   2.0190000e+03   1.2000000e+01   6.0000000e+00   1.1000000e+01   5.9000000e+01   3.7000000e+01  -5.3501208e+01  -3.8359081e+01   4.9908828e+02   2.2658392e+01   4.2643318e+01   3.8564331e+01
   2.0190000e+03   1.2000000e+01   6.0000000e+00   1.2000000e+01   1.0000000e+00   1.3000000e+01  -5.3505586e+01  -3.8357477e+01   4.9788376e+02   6.3940534e+00   2.0377769e+01   1.5941274e+01
   2.0190000e+03   1.2000000e+01   6.0000000e+00   1.2000000e+01   2.0000000e+00   4.9000000e+01  -5.3509998e+01  -3.8355925e+01   5.0086369e+02   9.6565603e+00   1.2977083e+01   1.2364149e+01
   2.0190000e+03   1.2000000e+01   6.0000000e+00   1.2000000e+01   4.0000000e+00   2.3000000e+01  -5.3514332e+01  -3.8354360e+01   4.9257165e+02   6.4197876e+00   1.8024147e+01   1.4891312e+01
   2.0190000e+03   1.2000000e+01   6.0000000e+00   1.2000000e+01   5.0000000e+00   5.9000000e+01  -5.3518740e+01  -3.8352830e+01   5.0014948e+02   1.3510596e+01   2.7178287e+01   2.5654446e+01
   2.0190000e+03   1.2000000e+01   6.0000000e+00   1.2000000e+01   7.0000000e+00   3.5000000e+01  -5.3523183e+01  -3.8351261e+01   5.0443238e+02   5.6680525e+00   1.4346873e+01   8.9801206e+00
   2.0190000e+03   1.2000000e+01   6.0000000e+00   1.2000000e+01   9.0000000e+00   9.0000000e+00  -5.3527518e+01  -3.8349729e+01   4.9231018e+02   3.9951273e+00   8.2662917e+00   1.3414531e+00
   2.0190000e+03   1.2000000e+01   6.0000000e+00   1.2000000e+01   1.0000000e+01   4.5000000e+01  -5.3531966e+01  -3.8348196e+01   5.0444445e+02   2.2840553e+00   6.8921741e+00   1.7401865e+00
   2.0190000e+03   1.2000000e+01   6.0000000e+00   1.2000000e+01   1.2000000e+01   1.9000000e+01  -5.3536344e+01  -3.8346800e+01   4.9519268e+02   1.8019647e+00   5.4986818e+00   3.8357771e-01
   2.0190000e+03   1.2000000e+01   6.0000000e+00   1.2000000e+01   1.3000000e+01   5.5000000e+01  -5.3540796e+01  -3.8345563e+01   5.0134435e+02   4.0894298e+02   6.8368602e+02   6.7255424e+02
   2.0190000e+03   1.2000000e+01   6.0000000e+00   1.2000000e+01   1.5000000e+01   3.1000000e+01  -5.3545245e+01  -3.8344358e+01   5.0077834e+02   8.7075619e+02   1.4346005e+03   1.4336541e+03
   2.0190000e+03   1.2000000e+01   6.0000000e+00   1.2000000e+01   1.7000000e+01   5.0000000e+00  -5.3549588e+01  -3.8343091e+01   4.8981569e+02   3.6202115e+00   7.5072844e+00   2.3876881e+00
   2.0190000e+03   1.2000000e+01   6.0000000e+00   1.2000000e+01   1.8000000e+01   4.1000000e+01  -5.3554026e+01  -3.8341794e+01   5.0052626e+02   2.5533685e+00   7.1430352e+00   2.6438718e+00
   2.0190000e+03   1.2000000e+01   6.0000000e+00   1.2000000e+01   2.0000000e+01   1.7000000e+01  -5.3558472e+01  -3.8340585e+01   5.0038987e+02   1.8472651e+00   4.6948881e+00   2.6696180e+00
   2.0190000e+03   1.2000000e+01   6.0000000e+00   1.2000000e+01   2.1000000e+01   5.3000000e+01  -5.3562900e+01  -3.8339148e+01   5.0112402e+02   1.8089486e+00   4.1350363e+00   1.0376764e+00
   2.0190000e+03   1.2000000e+01   6.0000000e+00   1.2000000e+01   2.3000000e+01   2.7000000e+01  -5.3567279e+01  -3.8337687e+01   4.9603242e+02   1.5096927e+00   3.0861232e+00   4.4879333e-01
   2.0190000e+03   1.2000000e+01   6.0000000e+00   1.2000000e+01   2.5000000e+01   3.0000000e+00  -5.3571709e+01  -3.8336169e+01   5.0239536e+02   1.3619268e+00   4.3579231e+00   1.0897624e+00
   2.0190000e+03   1.2000000e+01   6.0000000e+00   1.2000000e+01   2.6000000e+01   3.7000000e+01  -5.3576057e+01  -3.8334650e+01   4.9342598e+02   1.8416800e+00   3.7098080e+00   1.2976556e+00
   2.0190000e+03   1.2000000e+01   6.0000000e+00   1.2000000e+01   2.8000000e+01   1.3000000e+01  -5.3580490e+01  -3.8333098e+01   5.0309778e+02   3.0095725e+00   6.8873234e+00   4.3961499e-01
   2.0190000e+03   1.2000000e+01   6.0000000e+00   1.2000000e+01   2.9000000e+01   4.9000000e+01  -5.3584921e+01  -3.8331572e+01   5.0255839e+02   2.3886064e+00   4.1448723e+00   9.0003948e-01
   2.0190000e+03   1.2000000e+01   6.0000000e+00   1.2000000e+01   3.1000000e+01   2.3000000e+01  -5.3589264e+01  -3.8330029e+01   4.9324600e+02   2.5892248e+00   5.2224733e+00   5.1911612e-01
   2.0190000e+03   1.2000000e+01   6.0000000e+00   1.2000000e+01   3.2000000e+01   5.7000000e+01  -5.3593674e+01  -3.8328505e+01   5.0016950e+02   2.5352018e+00   3.9674216e+00   4.0591125e-01
   2.0190000e+03   1.2000000e+01   6.0000000e+00   1.2000000e+01   3.4000000e+01   3.1000000e+01  -5.3598068e+01  -3.8326957e+01   4.9884362e+02   3.1078308e+00   6.4006990e+00   7.3953088e-01
   2.0190000e+03   1.2000000e+01   6.0000000e+00   1.2000000e+01   3.6000000e+01   7.0000000e+00  -5.3602489e+01  -3.8325516e+01   5.0040044e+02   2.5682470e+00   6.2663650e+00   6.2419711e-01
   2.0190000e+03   1.2000000e+01   6.0000000e+00   1.2000000e+01   3.7000000e+01   4.1000000e+01  -5.3606854e+01  -3.8324030e+01   4.9482200e+02   3.2325138e+00   6.8791747e+00   9.3646256e-01
   2.0190000e+03   1.2000000e+01   6.0000000e+00   1.2000000e+01   3.9000000e+01   1.7000000e+01  -5.3611287e+01  -3.8322525e+01   5.0255076e+02   3.7533807e+00   6.2277824e+00   1.2496596e+00
   2.0190000e+03   1.2000000e+01   6.0000000e+00   1.2000000e+01   4.0000000e+01   5.1000000e+01  -5.3615662e+01  -3.8321052e+01   4.9569477e+02   3.3957574e+00   5.6230559e+00   1.2519412e+00
   2.0190000e+03   1.2000000e+01   6.0000000e+00   1.2000000e+01   4.2000000e+01   2.5000000e+01  -5.3620056e+01  -3.8319758e+01   4.9563014e+02   3.4380322e+00   5.1739131e+00   1.0154681e+00
   2.0190000e+03   1.2000000e+01   6.0000000e+00   1.2000000e+01   4.4000000e+01   1.0000000e+00  -5.3624513e+01  -3.8318499e+01   5.0218482e+02   3.2153481e+00   4.8911619e+00   1.1369478e+00
   2.0190000e+03   1.2000000e+01   6.0000000e+00   1.2000000e+01   4.5000000e+01   3.7000000e+01  -5.3628986e+01  -3.8317270e+01   5.0356391e+02   3.5382039e+00   8.1171485e+00   1.6735070e-01
   2.0190000e+03   1.2000000e+01   6.0000000e+00   1.2000000e+01   4.7000000e+01   1.1000000e+01  -5.3633401e+01  -3.8316083e+01   4.9683185e+02   2.5207944e+00   8.0306262e+00   9.6397381e-01
   2.0190000e+03   1.2000000e+01   6.0000000e+00   1.2000000e+01   4.8000000e+01   4.5000000e+01  -5.3637781e+01  -3.8314804e+01   4.9393602e+02   2.1534414e+00   5.8976931e+00   1.1823047e+00
   2.0190000e+03   1.2000000e+01   6.0000000e+00   1.2000000e+01   5.0000000e+01   2.1000000e+01  -5.3642259e+01  -3.8313508e+01   5.0488696e+02   2.1310254e+00   4.1009975e+00   1.6926430e+00
   2.0190000e+03   1.2000000e+01   6.0000000e+00   1.2000000e+01   5.1000000e+01   5.5000000e+01  -5.3646630e+01  -3.8312272e+01   4.9243108e+02   1.7292918e+00   5.1727661e+00   1.9579125e+00
   2.0190000e+03   1.2000000e+01   6.0000000e+00   1.2000000e+01   5.3000000e+01   3.3000000e+01  -5.3651059e+01  -3.8310998e+01   4.9926749e+02   2.2900609e+00   7.4679185e+00   2.6657223e+00
   2.0190000e+03   1.2000000e+01   6.0000000e+00   1.2000000e+01   5.5000000e+01   9.0000000e+00  -5.3655447e+01  -3.8309159e+01   5.0242196e+02   1.4047029e+00   4.1612782e+00   2.2851510e+00
   2.0190000e+03   1.2000000e+01   6.0000000e+00   1.2000000e+01   5.6000000e+01   4.5000000e+01  -5.3659834e+01  -3.8307326e+01   5.0218214e+02   3.1805085e+00   5.8422154e+00   2.0149215e+00
   2.0190000e+03   1.2000000e+01   6.0000000e+00   1.2000000e+01   5.8000000e+01   1.9000000e+01  -5.3664163e+01  -3.8305622e+01   4.9394649e+02   3.7140882e+00   6.4559949e+00   5.5875310e+00
   2.0190000e+03   1.2000000e+01   6.0000000e+00   1.2000000e+01   5.9000000e+01   5.3000000e+01  -5.3668530e+01  -3.8304265e+01   4.9348905e+02   1.5449352e+00   4.9500431e+00   4.2741310e+00
   2.0190000e+03   1.2000000e+01   6.0000000e+00   1.3000000e+01   1.0000000e+00   2.9000000e+01  -5.3673019e+01  -3.8302794e+01   5.0812088e+02   1.4976701e+00   3.2239055e+00   1.0804361e+00
   2.0190000e+03   1.2000000e+01   6.0000000e+00   1.3000000e+01   3.0000000e+00   3.0000000e+00  -5.3677396e+01  -3.8301311e+01   4.9608063e+02   1.1903076e+00   2.7622554e+00   2.1570871e+00
   2.0190000e+03   1.2000000e+01   6.0000000e+00   1.3000000e+01   4.0000000e+00   3.7000000e+01  -5.3681759e+01  -3.8299793e+01   4.9499446e+02   1.0412564e+00   3.9834334e+00   3.9834334e+00
   2.0190000e+03   1.2000000e+01   6.0000000e+00   1.3000000e+01   6.0000000e+00   1.1000000e+01  -5.3686158e+01  -3.8298455e+01   4.9671241e+02   1.0891708e+00   2.7759972e+00   1.3191492e+00
   2.0190000e+03   1.2000000e+01   6.0000000e+00   1.3000000e+01   7.0000000e+00   4.5000000e+01  -5.3690561e+01  -3.8297018e+01   4.9828439e+02   9.5324452e-01   6.5779717e+00   3.8736453e+00
   2.0190000e+03   1.2000000e+01   6.0000000e+00   1.3000000e+01   9.0000000e+00   1.9000000e+01  -5.3695043e+01  -3.8295567e+01   5.0710824e+02   3.0154999e+00   4.3020206e+00   3.3808548e+00
   2.0190000e+03   1.2000000e+01   6.0000000e+00   1.3000000e+01   1.0000000e+01   5.3000000e+01  -5.3699373e+01  -3.8294049e+01   4.9135464e+02   6.4177876e-01   2.8796963e+00   1.1252782e+00
   2.0190000e+03   1.2000000e+01   6.0000000e+00   1.3000000e+01   1.2000000e+01   2.7000000e+01  -5.3703811e+01  -3.8292542e+01   5.0303537e+02   4.1866195e-01   5.9931793e+00   5.0729192e+00
   2.0190000e+03   1.2000000e+01   6.0000000e+00   1.3000000e+01   1.4000000e+01   1.0000000e+00  -5.3708202e+01  -3.8291009e+01   4.9829578e+02   8.9658749e-01   5.4626785e+00   4.4875927e+00
   2.0190000e+03   1.2000000e+01   6.0000000e+00   1.3000000e+01   1.5000000e+01   3.5000000e+01  -5.3712631e+01  -3.8289488e+01   5.0214437e+02   2.4293239e+00   6.1475502e+00   3.4168654e+00
   2.0190000e+03   1.2000000e+01   6.0000000e+00   1.3000000e+01   1.7000000e+01   9.0000000e+00  -5.3716989e+01  -3.8288038e+01   4.9353356e+02   1.1584710e+00   4.0311893e+00   1.8948933e+00
   2.0190000e+03   1.2000000e+01   6.0000000e+00   1.3000000e+01   1.8000000e+01   4.5000000e+01  -5.3721456e+01  -3.8286845e+01   5.0260088e+02   1.0195149e+00   5.9105989e+00   2.5952076e+00
   2.0190000e+03   1.2000000e+01   6.0000000e+00   1.3000000e+01   2.0000000e+01   2.1000000e+01  -5.3725920e+01  -3.8285781e+01   5.0088742e+02   3.2351109e+00   7.1702218e+00   3.3194038e+00
   2.0190000e+03   1.2000000e+01   6.0000000e+00   1.3000000e+01   2.1000000e+01   5.5000000e+01  -5.3730303e+01  -3.8284754e+01   4.9176589e+02   4.4697502e+00   7.9280190e+00   2.6934377e+00
   2.0190000e+03   1.2000000e+01   6.0000000e+00   1.3000000e+01   2.3000000e+01   3.1000000e+01  -5.3734794e+01  -3.8283570e+01   5.0499736e+02   3.7016226e+00   6.7025000e+00   2.5679614e+00
   2.0190000e+03   1.2000000e+01   6.0000000e+00   1.3000000e+01   2.5000000e+01   5.0000000e+00  -5.3739143e+01  -3.8282066e+01   4.9335053e+02   2.4483823e+00   4.5164957e+00   1.8307450e+00
   2.0190000e+03   1.2000000e+01   6.0000000e+00   1.3000000e+01   2.6000000e+01   4.1000000e+01  -5.3743509e+01  -3.8280051e+01   5.0290508e+02   2.4279037e+00   4.2153403e+00   7.9848574e-01
   2.0190000e+03   1.2000000e+01   6.0000000e+00   1.3000000e+01   2.8000000e+01   1.5000000e+01  -5.3747795e+01  -3.8278114e+01   4.9290591e+02   1.5674696e+00   3.2709582e+00   1.7904141e+00
   2.0190000e+03   1.2000000e+01   6.0000000e+00   1.3000000e+01   2.9000000e+01   5.1000000e+01  -5.3752221e+01  -3.8276625e+01   5.0147264e+02   2.1359172e+00   2.9408142e+00   1.0162770e+00
   2.0190000e+03   1.2000000e+01   6.0000000e+00   1.3000000e+01   3.1000000e+01   2.7000000e+01  -5.3756673e+01  -3.8275390e+01   5.0136331e+02   2.4375876e+00   3.4840400e+00   1.8923689e+00
   2.0190000e+03   1.2000000e+01   6.0000000e+00   1.3000000e+01   3.3000000e+01   3.0000000e+00  -5.3761104e+01  -3.8274082e+01   4.9980709e+02   1.3302915e+02   2.1936809e+02   1.6110454e+02
   2.0190000e+03   1.2000000e+01   6.0000000e+00   1.3000000e+01   3.4000000e+01   3.9000000e+01  -5.3765530e+01  -3.8272899e+01   4.9784619e+02   8.9025496e+00   1.5501773e+01   1.3469182e+01
   2.0190000e+03   1.2000000e+01   6.0000000e+00   1.3000000e+01   3.6000000e+01   1.5000000e+01  -5.3769978e+01  -3.8271690e+01   5.0064902e+02   2.9135962e+00   4.4895534e+00   2.3111675e+00
   2.0190000e+03   1.2000000e+01   6.0000000e+00   1.3000000e+01   3.7000000e+01   4.9000000e+01  -5.3774336e+01  -3.8270436e+01   4.9118215e+02   2.0398304e+00   4.9006356e+00   3.1542518e+00
   2.0190000e+03   1.2000000e+01   6.0000000e+00   1.3000000e+01   3.9000000e+01   2.5000000e+01  -5.3778822e+01  -3.8269284e+01   5.0418311e+02   2.6021506e+01   4.5176431e+01   4.3019552e+01
   2.0190000e+03   1.2000000e+01   6.0000000e+00   1.3000000e+01   4.1000000e+01   3.0000000e+00  -5.3783255e+01  -3.8268119e+01   4.9858266e+02   2.0315264e+01   3.6606280e+01   1.6496129e+01
   2.0190000e+03   1.2000000e+01   6.0000000e+00   1.3000000e+01   4.2000000e+01   3.9000000e+01  -5.3787691e+01  -3.8266719e+01   5.0133681e+02   2.2817192e+00   3.9791451e+00   2.5732648e+00
   2.0190000e+03   1.2000000e+01   6.0000000e+00   1.3000000e+01   4.4000000e+01   1.5000000e+01  -5.3792008e+01  -3.8265025e+01   4.9242850e+02   2.4409024e+00   5.5771553e+00   4.3474093e+00
   2.0190000e+03   1.2000000e+01   6.0000000e+00   1.3000000e+01   4.5000000e+01   5.1000000e+01  -5.3796359e+01  -3.8263294e+01   4.9668146e+02   1.7293595e+00   3.5866300e+00   1.2507540e+00
   2.0190000e+03   1.2000000e+01   6.0000000e+00   1.3000000e+01   4.7000000e+01   2.7000000e+01  -5.3800727e+01  -3.8261527e+01   4.9907785e+02   1.4623786e+00   3.4864807e+00   1.4564372e+00
   2.0190000e+03   1.2000000e+01   6.0000000e+00   1.3000000e+01   4.9000000e+01   3.0000000e+00  -5.3805142e+01  -3.8259889e+01   5.0215900e+02   8.1555610e-01   1.4805635e+00   8.9213786e-01
   2.0190000e+03   1.2000000e+01   6.0000000e+00   1.3000000e+01   5.0000000e+01   3.7000000e+01  -5.3809532e+01  -3.8258538e+01   4.9585051e+02   1.9638911e+00   5.4692634e+00   1.2814400e+00
   2.0190000e+03   1.2000000e+01   6.0000000e+00   1.3000000e+01   5.2000000e+01   1.3000000e+01  -5.3813965e+01  -3.8257001e+01   5.0281612e+02   5.8882434e+02   9.7029455e+02   9.6824624e+02
   2.0190000e+03   1.2000000e+01   6.0000000e+00   1.3000000e+01   5.3000000e+01   4.9000000e+01  -5.3818389e+01  -3.8255564e+01   5.0058199e+02   2.0614726e+00   5.3741912e+00   1.1945976e+00
   2.0190000e+03   1.2000000e+01   6.0000000e+00   1.3000000e+01   5.5000000e+01   2.3000000e+01  -5.3822753e+01  -3.8254104e+01   4.9428562e+02   1.6405106e+00   6.0117347e+00   2.2199728e+00
   2.0190000e+03   1.2000000e+01   6.0000000e+00   1.3000000e+01   5.6000000e+01   5.7000000e+01  -5.3827132e+01  -3.8252705e+01   4.9510447e+02   1.5378578e+00   3.9282536e+00   1.4674604e+00
   2.0190000e+03   1.2000000e+01   6.0000000e+00   1.3000000e+01   5.8000000e+01   3.3000000e+01  -5.3831567e+01  -3.8251328e+01   5.0107648e+02   1.6841441e+00   3.4256885e+00   1.6181004e+00
   2.0190000e+03   1.2000000e+01   6.0000000e+00   1.4000000e+01   0.0000000e+00   9.0000000e+00  -5.3835994e+01  -3.8249865e+01   5.0114340e+02   1.1014705e+00   2.6800316e+00   2.0346341e+00
   2.0190000e+03   1.2000000e+01   6.0000000e+00   1.4000000e+01   1.0000000e+00   4.3000000e+01  -5.3840373e+01  -3.8248511e+01   4.9467527e+02   1.5530590e+00   2.6471019e+00   2.3249289e+00
   2.0190000e+03   1.2000000e+01   6.0000000e+00   1.4000000e+01   3.0000000e+00   1.9000000e+01  -5.3844850e+01  -3.8247067e+01   5.0637241e+02   1.8754643e+00   2.8130376e+00   2.4267741e+00
   2.0190000e+03   1.2000000e+01   6.0000000e+00   1.4000000e+01   4.0000000e+00   5.3000000e+01  -5.3849214e+01  -3.8245602e+01   4.9438236e+02   1.4774056e+00   2.3502880e+00   2.1589560e+00
   2.0190000e+03   1.2000000e+01   6.0000000e+00   1.4000000e+01   6.0000000e+00   2.7000000e+01  -5.3853610e+01  -3.8244239e+01   4.9653238e+02   8.1234700e-01   1.3377567e+00   1.1586866e+00
   2.0190000e+03   1.2000000e+01   6.0000000e+00   1.4000000e+01   8.0000000e+00   3.0000000e+00  -5.3858074e+01  -3.8242792e+01   5.0502207e+02   6.3640932e-01   1.0480261e+00   9.3601776e-01
   2.0190000e+03   1.2000000e+01   6.0000000e+00   1.4000000e+01   9.0000000e+00   3.7000000e+01  -5.3862442e+01  -3.8241401e+01   4.9387737e+02   5.1053987e-01   7.6761665e-01   7.6761665e-01
   2.0190000e+03   1.2000000e+01   6.0000000e+00   1.4000000e+01   1.1000000e+01   1.3000000e+01  -5.3866908e+01  -3.8239977e+01   5.0499258e+02   4.4334865e-01   6.5835500e-01   6.5835500e-01
   2.0190000e+03   1.2000000e+01   6.0000000e+00   1.4000000e+01   1.2000000e+01   4.7000000e+01  -5.3871266e+01  -3.8238531e+01   4.9340921e+02   5.0100039e-01   7.3729932e-01   7.3729932e-01
   2.0190000e+03   1.2000000e+01   6.0000000e+00   1.4000000e+01   1.4000000e+01   2.3000000e+01  -5.3875732e+01  -3.8237170e+01   5.0425164e+02   8.1907138e-01   1.2398564e+00   1.2398564e+00
   2.0190000e+03   1.2000000e+01   6.0000000e+00   1.4000000e+01   1.5000000e+01   5.7000000e+01  -5.3880137e+01  -3.8235765e+01   4.9800220e+02   1.2575251e+00   1.9665160e+00   1.9665160e+00
   2.0190000e+03   1.2000000e+01   6.0000000e+00   1.4000000e+01   1.7000000e+01   3.1000000e+01  -5.3884533e+01  -3.8234385e+01   4.9685762e+02   1.0846173e+00   1.5939618e+00   1.5939618e+00
   2.0190000e+03   1.2000000e+01   6.0000000e+00   1.4000000e+01   1.9000000e+01   5.0000000e+00  -5.3888940e+01  -3.8232963e+01   4.9849090e+02   6.2199562e-01   9.6183329e-01   9.6183329e-01
   2.0190000e+03   1.2000000e+01   6.0000000e+00   1.4000000e+01   2.0000000e+01   3.9000000e+01  -5.3893344e+01  -3.8231611e+01   4.9724449e+02   4.5330118e-01   6.1711605e-01   6.1697091e-01
   2.0190000e+03   1.2000000e+01   6.0000000e+00   1.4000000e+01   2.2000000e+01   1.7000000e+01  -5.3897795e+01  -3.8230285e+01   5.0220650e+02   6.2725741e-01   9.4299059e-01   9.3549407e-01
   2.0190000e+03   1.2000000e+01   6.0000000e+00   1.4000000e+01   2.3000000e+01   5.5000000e+01  -5.3902149e+01  -3.8228479e+01   4.9799309e+02   5.2191184e-01   6.0847101e-01   6.0847101e-01
   2.0190000e+03   1.2000000e+01   6.0000000e+00   1.4000000e+01   2.5000000e+01   3.3000000e+01  -5.3906512e+01  -3.8226790e+01   4.9728654e+02   5.8323810e-01   8.6381642e-01   8.6381642e-01
   2.0190000e+03   1.2000000e+01   6.0000000e+00   1.4000000e+01   2.7000000e+01   1.1000000e+01  -5.3910856e+01  -3.8225012e+01   4.9655095e+02   8.4802225e-01   1.1881743e+00   1.1881743e+00
   2.0190000e+03   1.2000000e+01   6.0000000e+00   1.4000000e+01   2.8000000e+01   4.9000000e+01  -5.3915246e+01  -3.8223568e+01   4.9690155e+02   7.0580540e-01   1.2513055e+00   1.2513055e+00
   2.0190000e+03   1.2000000e+01   6.0000000e+00   1.4000000e+01   3.0000000e+01   2.7000000e+01  -5.3919714e+01  -3.8222718e+01   4.9952153e+02   5.6451985e-01   1.1484945e+00   1.1484088e+00
   2.0190000e+03   1.2000000e+01   6.0000000e+00   1.4000000e+01   3.2000000e+01   5.0000000e+00  -5.3924155e+01  -3.8221877e+01   4.9660318e+02   9.1518137e-01   9.8595915e-01   9.8595915e-01
   2.0190000e+03   1.2000000e+01   6.0000000e+00   1.4000000e+01   3.3000000e+01   4.7000000e+01  -5.3928637e+01  -3.8220848e+01   5.0251762e+02   2.5184163e-01   3.7384154e-01   3.7384154e-01
