   2.0190000e+03   1.2000000e+01   4.0000000e+00   9.0000000e+00   9.0000000e+00   2.1000000e+01  -5.3345676e+01  -3.9603141e+01   4.9896633e+02   4.6880112e-01   1.4575738e+00   1.3225249e+00
   2.0190000e+03   1.2000000e+01   4.0000000e+00   9.0000000e+00   1.0000000e+01   5.9000000e+01  -5.3350126e+01  -3.9601710e+01   5.0350736e+02   5.6212868e+00   9.6417603e+00   9.1207770e+00
   2.0190000e+03   1.2000000e+01   4.0000000e+00   9.0000000e+00   1.2000000e+01   3.5000000e+01  -5.3354509e+01  -3.9600283e+01   4.9607943e+02   3.3221370e+00   6.3157164e+00   5.8260784e+00
   2.0190000e+03   1.2000000e+01   4.0000000e+00   9.0000000e+00   1.4000000e+01   7.0000000e+00  -5.3358920e+01  -3.9598999e+01   4.9751075e+02   2.8858369e+00   5.1092983e+00   4.3776794e+00
   2.0190000e+03   1.2000000e+01   4.0000000e+00   9.0000000e+00   1.5000000e+01   4.1000000e+01  -5.3363317e+01  -3.9597736e+01   4.9574166e+02   2.6359562e+00   4.2794853e+00   4.2794853e+00
   2.0190000e+03   1.2000000e+01   4.0000000e+00   9.0000000e+00   1.7000000e+01   1.7000000e+01  -5.3367815e+01  -3.9596363e+01   5.0802521e+02   2.2122204e+00   4.9104301e+00   3.9178491e+00
   2.0190000e+03   1.2000000e+01   4.0000000e+00   9.0000000e+00   1.8000000e+01   5.3000000e+01  -5.3372220e+01  -3.9594969e+01   4.9811230e+02   3.2188597e+00   5.5456144e+00   4.8137302e+00
   2.0190000e+03   1.2000000e+01   4.0000000e+00   9.0000000e+00   2.0000000e+01   3.1000000e+01  -5.3376580e+01  -3.9593554e+01   4.9354031e+02   4.5261251e+00   6.1436551e+00   5.6634945e+00
   2.0190000e+03   1.2000000e+01   4.0000000e+00   9.0000000e+00   2.2000000e+01   1.1000000e+01  -5.3381026e+01  -3.9592176e+01   5.0235497e+02   4.7401966e+00   5.0472564e+00   4.5759609e+00
   2.0190000e+03   1.2000000e+01   4.0000000e+00   9.0000000e+00   2.3000000e+01   5.1000000e+01  -5.3385458e+01  -3.9590886e+01   4.9989361e+02   4.5086792e+00   6.5742743e+00   6.1150681e+00
   2.0190000e+03   1.2000000e+01   4.0000000e+00   9.0000000e+00   2.5000000e+01   3.1000000e+01  -5.3389880e+01  -3.9589665e+01   4.9798169e+02   5.4531047e+00   7.7879725e+00   7.3448644e+00
   2.0190000e+03   1.2000000e+01   4.0000000e+00   9.0000000e+00   2.7000000e+01   1.1000000e+01  -5.3394313e+01  -3.9588396e+01   4.9977989e+02   3.0729926e+01   4.9496935e+01   4.9009814e+01
   2.0190000e+03   1.2000000e+01   4.0000000e+00   9.0000000e+00   2.8000000e+01   5.1000000e+01  -5.3398734e+01  -3.9587136e+01   4.9822020e+02   5.3888445e+00   7.8259088e+00   7.8259088e+00
   2.0190000e+03   1.2000000e+01   4.0000000e+00   9.0000000e+00   3.0000000e+01   2.9000000e+01  -5.3403124e+01  -3.9585938e+01   4.9425478e+02   6.2185846e+00   7.9371339e+00   7.9371339e+00
   2.0190000e+03   1.2000000e+01   4.0000000e+00   9.0000000e+00   3.2000000e+01   7.0000000e+00  -5.3407600e+01  -3.9584713e+01   5.0396365e+02   5.1622312e+00   7.2277861e+00   7.2277861e+00
   2.0190000e+03   1.2000000e+01   4.0000000e+00   9.0000000e+00   3.3000000e+01   4.5000000e+01  -5.3412052e+01  -3.9583430e+01   5.0193970e+02   4.8739270e+00   6.3021741e+00   6.3021741e+00
   2.0190000e+03   1.2000000e+01   4.0000000e+00   9.0000000e+00   3.5000000e+01   2.3000000e+01  -5.3416450e+01  -3.9582147e+01   4.9603405e+02   9.0578103e+00   5.0546836e+00   4.0308044e+00
   2.0190000e+03   1.2000000e+01   4.0000000e+00   9.0000000e+00   3.7000000e+01   1.0000000e+00  -5.3420843e+01  -3.9580932e+01   4.9470178e+02   6.3872818e+00   7.7603475e+00   7.7603475e+00
   2.0190000e+03   1.2000000e+01   4.0000000e+00   9.0000000e+00   3.8000000e+01   3.9000000e+01  -5.3425267e+01  -3.9579681e+01   4.9862243e+02   6.3682096e+00   7.2725374e+00   7.2725374e+00
   2.0190000e+03   1.2000000e+01   4.0000000e+00   9.0000000e+00   4.0000000e+01   1.7000000e+01  -5.3429684e+01  -3.9578467e+01   4.9727060e+02   5.5093568e+00   7.1448439e+00   7.1448439e+00
   2.0190000e+03   1.2000000e+01   4.0000000e+00   9.0000000e+00   4.1000000e+01   5.5000000e+01  -5.3434114e+01  -3.9577228e+01   4.9912298e+02   6.1141410e+00   3.5649339e+00   3.5649339e+00
   2.0190000e+03   1.2000000e+01   4.0000000e+00   9.0000000e+00   4.3000000e+01   3.3000000e+01  -5.3438633e+01  -3.9576078e+01   5.0784934e+02   4.9453003e+00   4.3172382e+00   4.3172382e+00
   2.0190000e+03   1.2000000e+01   4.0000000e+00   9.0000000e+00   4.5000000e+01   1.1000000e+01  -5.3442999e+01  -3.9574874e+01   4.9170260e+02   5.4305738e+00   4.5144450e+00   4.5144450e+00
   2.0190000e+03   1.2000000e+01   4.0000000e+00   9.0000000e+00   4.6000000e+01   5.1000000e+01  -5.3447488e+01  -3.9573616e+01   5.0565579e+02   5.6617796e+00   3.4482706e+00   3.4482706e+00
   2.0190000e+03   1.2000000e+01   4.0000000e+00   9.0000000e+00   4.8000000e+01   2.9000000e+01  -5.3451898e+01  -3.9572306e+01   4.9764719e+02   6.8335197e+00   6.6848503e+00   6.6848503e+00
   2.0190000e+03   1.2000000e+01   4.0000000e+00   9.0000000e+00   5.0000000e+01   1.1000000e+01  -5.3456241e+01  -3.9570929e+01   4.9110456e+02   6.7587082e+00   7.6588337e+00   7.6588337e+00
   2.0190000e+03   1.2000000e+01   4.0000000e+00   9.0000000e+00   5.1000000e+01   5.7000000e+01  -5.3460693e+01  -3.9569715e+01   5.0121697e+02   5.9184393e+00   5.2004382e+00   3.8883314e+00
   2.0190000e+03   1.2000000e+01   4.0000000e+00   9.0000000e+00   5.3000000e+01   4.7000000e+01  -5.3465101e+01  -3.9568514e+01   4.9618056e+02   5.7807871e+00   6.1800374e+00   4.2307925e+00
   2.0190000e+03   1.2000000e+01   4.0000000e+00   9.0000000e+00   5.5000000e+01   3.3000000e+01  -5.3469585e+01  -3.9567246e+01   5.0535486e+02   6.5232354e+00   3.1900114e+00   3.1900114e+00
   2.0190000e+03   1.2000000e+01   4.0000000e+00   9.0000000e+00   5.7000000e+01   1.5000000e+01  -5.3473984e+01  -3.9566008e+01   4.9561446e+02   6.0489039e+00   4.7189915e+00   4.7189915e+00
   2.0190000e+03   1.2000000e+01   4.0000000e+00   9.0000000e+00   5.8000000e+01   5.3000000e+01  -5.3478403e+01  -3.9564706e+01   4.9854562e+02   7.2245414e+00   5.6822897e+00   5.6822897e+00
   2.0190000e+03   1.2000000e+01   4.0000000e+00   1.0000000e+01   0.0000000e+00   2.9000000e+01  -5.3482849e+01  -3.9563482e+01   5.0059278e+02   9.9539540e+01   1.5789200e+02   1.5627553e+02
   2.0190000e+03   1.2000000e+01   4.0000000e+00   1.0000000e+01   2.0000000e+00   3.0000000e+00  -5.3487255e+01  -3.9562276e+01   4.9603165e+02   3.1205074e+00   1.9105420e+00   1.9105420e+00
   2.0190000e+03   1.2000000e+01   4.0000000e+00   1.0000000e+01   3.0000000e+00   3.7000000e+01  -5.3491722e+01  -3.9561060e+01   5.0285044e+02   3.2102991e+00   2.8527393e+00   2.8527393e+00
   2.0190000e+03   1.2000000e+01   4.0000000e+00   1.0000000e+01   5.0000000e+00   1.1000000e+01  -5.3496177e+01  -3.9559728e+01   5.0275612e+02   4.1024045e+00   3.4153335e+00   3.4153335e+00
   2.0190000e+03   1.2000000e+01   4.0000000e+00   1.0000000e+01   6.0000000e+00   4.9000000e+01  -5.3500593e+01  -3.9558496e+01   4.9744408e+02   5.1514681e+00   3.3327171e+00   3.3327171e+00
   2.0190000e+03   1.2000000e+01   4.0000000e+00   1.0000000e+01   8.0000000e+00   3.1000000e+01  -5.3504976e+01  -3.9557258e+01   4.9383384e+02   4.5270208e+00   4.1771102e+00   3.3018348e+00
   2.0190000e+03   1.2000000e+01   4.0000000e+00   1.0000000e+01   1.0000000e+01   1.5000000e+01  -5.3509455e+01  -3.9555919e+01   5.0559332e+02   3.9505553e+00   4.4806413e+00   2.8938827e+00
   2.0190000e+03   1.2000000e+01   4.0000000e+00   1.0000000e+01   1.1000000e+01   5.5000000e+01  -5.3513879e+01  -3.9554639e+01   4.9881185e+02   2.8717422e+00   4.3734140e+00   2.0121824e+00
   2.0190000e+03   1.2000000e+01   4.0000000e+00   1.0000000e+01   1.3000000e+01   3.5000000e+01  -5.3518295e+01  -3.9553375e+01   4.9777485e+02   3.2060795e+00   1.6934969e+00   1.2301847e+00
   2.0190000e+03   1.2000000e+01   4.0000000e+00   1.0000000e+01   1.5000000e+01   1.3000000e+01  -5.3522672e+01  -3.9552062e+01   4.9397227e+02   3.4782851e+00   1.3036438e+00   1.3036438e+00
   2.0190000e+03   1.2000000e+01   4.0000000e+00   1.0000000e+01   1.6000000e+01   5.5000000e+01  -5.3527147e+01  -3.9550802e+01   5.0422874e+02   2.8123448e+00   1.5773699e+00   1.5773699e+00
   2.0190000e+03   1.2000000e+01   4.0000000e+00   1.0000000e+01   1.8000000e+01   2.9000000e+01  -5.3531564e+01  -3.9549413e+01   4.9927237e+02   2.1905279e+00   1.4922827e+00   1.1724294e+00
   2.0190000e+03   1.2000000e+01   4.0000000e+00   1.0000000e+01   2.0000000e+01   7.0000000e+00  -5.3535919e+01  -3.9548006e+01   4.9276174e+02   4.3496780e+00   1.6424040e+00   1.6424040e+00
   2.0190000e+03   1.2000000e+01   4.0000000e+00   1.0000000e+01   2.1000000e+01   4.7000000e+01  -5.3540345e+01  -3.9546694e+01   4.9941029e+02   5.9039770e+00   1.6778449e+00   1.6778449e+00
   2.0190000e+03   1.2000000e+01   4.0000000e+00   1.0000000e+01   2.3000000e+01   2.9000000e+01  -5.3544825e+01  -3.9545402e+01   5.0513496e+02   7.6222627e+00   2.5251630e+00   2.5251630e+00
   2.0190000e+03   1.2000000e+01   4.0000000e+00   1.0000000e+01   2.5000000e+01   1.1000000e+01  -5.3549180e+01  -3.9543813e+01   4.9517435e+02   7.5455506e+00   1.9623101e+00   1.9623101e+00
   2.0190000e+03   1.2000000e+01   4.0000000e+00   1.0000000e+01   2.6000000e+01   5.5000000e+01  -5.3553477e+01  -3.9541903e+01   4.9384897e+02   5.6207810e+00   3.2461619e+00   3.2461619e+00
   2.0190000e+03   1.2000000e+01   4.0000000e+00   1.0000000e+01   2.8000000e+01   3.9000000e+01  -5.3557940e+01  -3.9540693e+01   5.0224119e+02   7.1845668e+00   6.5135456e+00   6.5135456e+00
   2.0190000e+03   1.2000000e+01   4.0000000e+00   1.0000000e+01   3.0000000e+01   2.3000000e+01  -5.3562319e+01  -3.9539138e+01   4.9735419e+02   3.9446901e+00   2.6808964e+00   2.6808964e+00
   2.0190000e+03   1.2000000e+01   4.0000000e+00   1.0000000e+01   3.2000000e+01   7.0000000e+00  -5.3566752e+01  -3.9537748e+01   5.0109193e+02   5.1794440e+00   4.1325991e+00   3.5081037e+00
   2.0190000e+03   1.2000000e+01   4.0000000e+00   1.0000000e+01   3.3000000e+01   5.1000000e+01  -5.3571129e+01  -3.9536275e+01   4.9592370e+02   4.2572631e+00   6.5103405e+00   4.0402013e+00
   2.0190000e+03   1.2000000e+01   4.0000000e+00   1.0000000e+01   3.5000000e+01   3.5000000e+01  -5.3575570e+01  -3.9535002e+01   5.0064482e+02   5.5947461e+00   5.8783037e+00   3.0540980e+00
   2.0190000e+03   1.2000000e+01   4.0000000e+00   1.0000000e+01   3.7000000e+01   1.9000000e+01  -5.3580003e+01  -3.9533771e+01   4.9919534e+02   7.1585539e+00   7.4291091e+00   5.8758380e+00
   2.0190000e+03   1.2000000e+01   4.0000000e+00   1.0000000e+01   3.9000000e+01   1.0000000e+00  -5.3584394e+01  -3.9532534e+01   4.9468056e+02   5.5914143e+00   7.1780657e+00   7.1780657e+00
   2.0190000e+03   1.2000000e+01   4.0000000e+00   1.0000000e+01   4.0000000e+01   4.5000000e+01  -5.3588903e+01  -3.9531264e+01   5.0799677e+02   5.0136095e+00   7.3545563e+00   7.3545563e+00
   2.0190000e+03   1.2000000e+01   4.0000000e+00   1.0000000e+01   4.2000000e+01   2.5000000e+01  -5.3593329e+01  -3.9530014e+01   4.9875507e+02   6.4839429e+00   8.1581123e+00   8.1581123e+00
   2.0190000e+03   1.2000000e+01   4.0000000e+00   1.0000000e+01   4.4000000e+01   7.0000000e+00  -5.3597700e+01  -3.9528655e+01   4.9382460e+02   4.2857786e+00   1.1386547e+01   1.1386547e+01
   2.0190000e+03   1.2000000e+01   4.0000000e+00   1.0000000e+01   4.5000000e+01   4.9000000e+01  -5.3602064e+01  -3.9527024e+01   4.9680091e+02   5.0799419e+00   1.2312002e+01   1.2312002e+01
   2.0190000e+03   1.2000000e+01   4.0000000e+00   1.0000000e+01   4.7000000e+01   3.1000000e+01  -5.3606467e+01  -3.9525656e+01   4.9747538e+02   4.6648646e+00   1.0199146e+01   1.0199146e+01
   2.0190000e+03   1.2000000e+01   4.0000000e+00   1.0000000e+01   4.9000000e+01   1.3000000e+01  -5.3610969e+01  -3.9524359e+01   5.0747297e+02   5.8917171e+00   8.9034614e+00   8.9034614e+00
   2.0190000e+03   1.2000000e+01   4.0000000e+00   1.0000000e+01   5.0000000e+01   4.9000000e+01  -5.3615313e+01  -3.9522916e+01   4.9196613e+02   6.1916567e+00   6.8349580e+00   6.0958183e+00
   2.0190000e+03   1.2000000e+01   4.0000000e+00   1.0000000e+01   5.2000000e+01   2.5000000e+01  -5.3619732e+01  -3.9521484e+01   5.0012237e+02   6.8471600e+00   9.8094145e+00   8.0776369e+00
   2.0190000e+03   1.2000000e+01   4.0000000e+00   1.0000000e+01   5.4000000e+01   1.0000000e+00  -5.3624192e+01  -3.9520084e+01   5.0403522e+02   6.2126388e+00   8.0818671e+00   8.0818671e+00
   2.0190000e+03   1.2000000e+01   4.0000000e+00   1.0000000e+01   5.5000000e+01   3.9000000e+01  -5.3628589e+01  -3.9518963e+01   4.9415109e+02   7.7498954e+00   8.5702383e+00   8.5702383e+00
   2.0190000e+03   1.2000000e+01   4.0000000e+00   1.0000000e+01   5.7000000e+01   1.9000000e+01  -5.3633060e+01  -3.9517739e+01   5.0338211e+02   5.4661716e+00   7.5268948e+00   7.5268948e+00
   2.0190000e+03   1.2000000e+01   4.0000000e+00   1.0000000e+01   5.8000000e+01   5.9000000e+01  -5.3637501e+01  -3.9516437e+01   5.0088960e+02   5.4907192e+00   6.7639479e+00   6.1117209e+00
   2.0190000e+03   1.2000000e+01   4.0000000e+00   1.1000000e+01   0.0000000e+00   3.9000000e+01  -5.3641922e+01  -3.9515154e+01   4.9842700e+02   6.6507930e+00   5.8915911e+00   5.1109622e+00
   2.0190000e+03   1.2000000e+01   4.0000000e+00   1.1000000e+01   2.0000000e+00   1.9000000e+01  -5.3646305e+01  -3.9513870e+01   4.9429468e+02   5.2818543e+00   6.9918048e+00   6.3277808e+00
   2.0190000e+03   1.2000000e+01   4.0000000e+00   1.1000000e+01   3.0000000e+00   5.9000000e+01  -5.3650713e+01  -3.9512587e+01   4.9709679e+02   7.6260269e+00   5.9961459e+00   5.9961459e+00
   2.0190000e+03   1.2000000e+01   4.0000000e+00   1.1000000e+01   5.0000000e+00   4.1000000e+01  -5.3655135e+01  -3.9511291e+01   4.9878295e+02   7.6972108e+00   6.5703354e+00   6.5703354e+00
   2.0190000e+03   1.2000000e+01   4.0000000e+00   1.1000000e+01   7.0000000e+00   2.1000000e+01  -5.3659599e+01  -3.9509874e+01   5.0473899e+02   5.6279878e+00   7.3167885e+00   7.3167885e+00
   2.0190000e+03   1.2000000e+01   4.0000000e+00   1.1000000e+01   8.0000000e+00   5.9000000e+01  -5.3663977e+01  -3.9508597e+01   4.9368964e+02   4.5440633e+00   7.2924272e+00   7.2924272e+00
   2.0190000e+03   1.2000000e+01   4.0000000e+00   1.1000000e+01   1.0000000e+01   3.7000000e+01  -5.3668444e+01  -3.9507315e+01   5.0342844e+02   5.2468651e+00   7.1086606e+00   7.1086606e+00
   2.0190000e+03   1.2000000e+01   4.0000000e+00   1.1000000e+01   1.2000000e+01   1.5000000e+01  -5.3672882e+01  -3.9506019e+01   5.0047454e+02   5.3755846e+00   3.1214635e+00   3.1214635e+00
   2.0190000e+03   1.2000000e+01   4.0000000e+00   1.1000000e+01   1.3000000e+01   5.1000000e+01  -5.3677301e+01  -3.9504618e+01   4.9969203e+02   6.8449723e+00   3.1857877e+00   3.1857877e+00
   2.0190000e+03   1.2000000e+01   4.0000000e+00   1.1000000e+01   1.5000000e+01   2.9000000e+01  -5.3681635e+01  -3.9503219e+01   4.9030697e+02   6.9677962e+00   8.7392063e+00   8.7392063e+00
   2.0190000e+03   1.2000000e+01   4.0000000e+00   1.1000000e+01   1.7000000e+01   9.0000000e+00  -5.3686061e+01  -3.9501766e+01   5.0096797e+02   6.8624496e+00   6.1927415e+00   6.1927415e+00
   2.0190000e+03   1.2000000e+01   4.0000000e+00   1.1000000e+01   1.8000000e+01   4.9000000e+01  -5.3690488e+01  -3.9500575e+01   4.9813807e+02   6.4112540e+00   5.1653383e+00   5.1653383e+00
   2.0190000e+03   1.2000000e+01   4.0000000e+00   1.1000000e+01   2.0000000e+01   2.9000000e+01  -5.3694922e+01  -3.9499396e+01   4.9883753e+02   6.7990795e+00   6.8251915e+00   6.3847251e+00
   2.0190000e+03   1.2000000e+01   4.0000000e+00   1.1000000e+01   2.2000000e+01   9.0000000e+00  -5.3699390e+01  -3.9498181e+01   5.0281488e+02   6.3285875e+00   7.0533369e+00   7.0533369e+00
   2.0190000e+03   1.2000000e+01   4.0000000e+00   1.1000000e+01   2.3000000e+01   4.7000000e+01  -5.3703817e+01  -3.9497020e+01   4.9789226e+02   4.9788393e+00   4.7988876e+00   4.7988876e+00
   2.0190000e+03   1.2000000e+01   4.0000000e+00   1.1000000e+01   2.5000000e+01   2.5000000e+01  -5.3708272e+01  -3.9495867e+01   5.0073646e+02   6.4332682e+00   8.0215531e+00   5.5288009e+00
   2.0190000e+03   1.2000000e+01   4.0000000e+00   1.1000000e+01   2.7000000e+01   3.0000000e+00  -5.3712694e+01  -3.9494657e+01   4.9784443e+02   7.2466793e+00   9.1231988e+00   7.1332492e+00
   2.0190000e+03   1.2000000e+01   4.0000000e+00   1.1000000e+01   2.8000000e+01   4.1000000e+01  -5.3717094e+01  -3.9492926e+01   5.0197944e+02   9.0823880e+00   7.2381244e+00   7.2381244e+00
   2.0190000e+03   1.2000000e+01   4.0000000e+00   1.1000000e+01   3.0000000e+01   1.9000000e+01  -5.3721435e+01  -3.9491427e+01   4.9237061e+02   8.0861561e+00   7.8838744e+00   7.8838744e+00
   2.0190000e+03   1.2000000e+01   4.0000000e+00   1.1000000e+01   3.1000000e+01   5.5000000e+01  -5.3725879e+01  -3.9489956e+01   5.0318728e+02   6.9164633e+00   6.6686936e+00   6.6686936e+00
   2.0190000e+03   1.2000000e+01   4.0000000e+00   1.1000000e+01   3.3000000e+01   3.3000000e+01  -5.3730246e+01  -3.9488615e+01   4.9314368e+02   7.6423341e+00   7.9533056e+00   7.9533056e+00
   2.0190000e+03   1.2000000e+01   4.0000000e+00   1.1000000e+01   3.5000000e+01   1.1000000e+01  -5.3734728e+01  -3.9487245e+01   5.0618610e+02   2.9071665e+00   2.1777054e+00   2.1777054e+00
   2.0190000e+03   1.2000000e+01   4.0000000e+00   1.1000000e+01   3.6000000e+01   4.7000000e+01  -5.3739099e+01  -3.9485958e+01   4.9302010e+02   4.5095357e+00   1.6902913e+00   1.6902913e+00
   2.0190000e+03   1.2000000e+01   4.0000000e+00   1.1000000e+01   3.8000000e+01   2.5000000e+01  -5.3743531e+01  -3.9484843e+01   4.9786572e+02   5.0844415e+00   2.2276751e+00   2.2276751e+00
   2.0190000e+03   1.2000000e+01   4.0000000e+00   1.1000000e+01   4.0000000e+01   3.0000000e+00  -5.3747981e+01  -3.9483738e+01   4.9973376e+02   5.6322512e+00   2.7568453e+00   2.7568453e+00
   2.0190000e+03   1.2000000e+01   4.0000000e+00   1.1000000e+01   4.1000000e+01   4.3000000e+01  -5.3752464e+01  -3.9482759e+01   5.0234019e+02   2.2814161e+00   1.3782259e+00   1.3782259e+00
   2.0190000e+03   1.2000000e+01   4.0000000e+00   1.1000000e+01   4.3000000e+01   2.1000000e+01  -5.3756860e+01  -3.9481229e+01   4.9867932e+02   3.0970201e+00   2.8730168e+00   2.8730168e+00
   2.0190000e+03   1.2000000e+01   4.0000000e+00   1.1000000e+01   4.4000000e+01   5.9000000e+01  -5.3761230e+01  -3.9479555e+01   4.9795813e+02   3.8863352e+00   1.3787299e+00   1.3787299e+00
   2.0190000e+03   1.2000000e+01   4.0000000e+00   1.1000000e+01   4.6000000e+01   3.5000000e+01  -5.3765619e+01  -3.9477898e+01   4.9962733e+02   3.2276721e+00   7.3167453e-01   7.3167453e-01
   2.0190000e+03   1.2000000e+01   4.0000000e+00   1.1000000e+01   4.8000000e+01   1.1000000e+01  -5.3769998e+01  -3.9476283e+01   4.9806422e+02   3.8180006e+00   2.1395330e+00   2.1395330e+00
   2.0190000e+03   1.2000000e+01   4.0000000e+00   1.1000000e+01   4.9000000e+01   4.9000000e+01  -5.3774409e+01  -3.9474950e+01   4.9784677e+02   1.9740626e+00   1.2314301e+00   1.2314301e+00
   2.0190000e+03   1.2000000e+01   4.0000000e+00   1.1000000e+01   5.1000000e+01   2.7000000e+01  -5.3778906e+01  -3.9473944e+01   5.0415617e+02   4.6424341e+00   9.8060923e-01   9.8060923e-01
   2.0190000e+03   1.2000000e+01   4.0000000e+00   1.1000000e+01   5.3000000e+01   3.0000000e+00  -5.3783366e+01  -3.9472876e+01   5.0051460e+02   5.0404963e+00   1.2935208e+00   1.2935208e+00
   2.0190000e+03   1.2000000e+01   4.0000000e+00   1.1000000e+01   5.4000000e+01   3.9000000e+01  -5.3787770e+01  -3.9471662e+01   4.9582973e+02   8.8651719e-01   7.4559743e-01   4.2768772e-01
   2.0190000e+03   1.2000000e+01   4.0000000e+00   1.1000000e+01   5.6000000e+01   1.5000000e+01  -5.3792182e+01  -3.9470436e+01   4.9673194e+02   1.8916362e+00   3.7868446e-01   3.7868446e-01
   2.0190000e+03   1.2000000e+01   4.0000000e+00   1.1000000e+01   5.7000000e+01   5.1000000e+01  -5.3796604e+01  -3.9469064e+01   4.9957177e+02   4.6101365e+00   1.6068182e+00   1.6068182e+00
   2.0190000e+03   1.2000000e+01   4.0000000e+00   1.1000000e+01   5.9000000e+01   2.9000000e+01  -5.3801009e+01  -3.9467707e+01   4.9753329e+02   4.7487140e+00   2.0336593e+00   2.0336593e+00
   2.0190000e+03   1.2000000e+01   4.0000000e+00   1.2000000e+01   1.0000000e+00   5.0000000e+00  -5.3805477e+01  -3.9466277e+01   5.0534190e+02   2.4157825e+00   3.3352986e-01   3.3352986e-01
   2.0190000e+03   1.2000000e+01   4.0000000e+00   1.2000000e+01   2.0000000e+00   4.1000000e+01  -5.3809890e+01  -3.9464868e+01   4.9896707e+02   4.3823955e+00   0.0000000e+00   0.0000000e+00
   2.0190000e+03   1.2000000e+01   4.0000000e+00   1.2000000e+01   4.0000000e+00   1.9000000e+01  -5.3814285e+01  -3.9463540e+01   4.9609835e+02   3.3732267e+00   0.0000000e+00   0.0000000e+00
   2.0190000e+03   1.2000000e+01   4.0000000e+00   1.2000000e+01   5.0000000e+00   5.7000000e+01  -5.3818722e+01  -3.9462245e+01   5.0023851e+02   5.4524786e+00   3.7580883e+00   3.7580883e+00
   2.0190000e+03   1.2000000e+01   4.0000000e+00   1.2000000e+01   7.0000000e+00   3.5000000e+01  -5.3823101e+01  -3.9461094e+01   4.9243205e+02   3.8967621e+00   1.4791288e+00   1.4791288e+00
   2.0190000e+03   1.2000000e+01   4.0000000e+00   1.2000000e+01   9.0000000e+00   1.1000000e+01  -5.3827557e+01  -3.9459953e+01   5.0082271e+02   2.9520472e+00   1.0781464e+00   1.0781464e+00
   2.0190000e+03   1.2000000e+01   4.0000000e+00   1.2000000e+01   1.0000000e+01   4.9000000e+01  -5.3831965e+01  -3.9458812e+01   4.9553055e+02   4.5066167e+00   2.2464331e+00   2.2464331e+00
   2.0190000e+03   1.2000000e+01   4.0000000e+00   1.2000000e+01   1.2000000e+01   2.7000000e+01  -5.3836445e+01  -3.9457709e+01   5.0296241e+02   3.6082732e+00   2.0981906e+00   1.6981866e+00
   2.0190000e+03   1.2000000e+01   4.0000000e+00   1.2000000e+01   1.4000000e+01   5.0000000e+00  -5.3840858e+01  -3.9456411e+01   4.9776491e+02   3.9863096e+00   1.9693143e+00   1.9693143e+00
   2.0190000e+03   1.2000000e+01   4.0000000e+00   1.2000000e+01   1.5000000e+01   4.1000000e+01  -5.3845326e+01  -3.9455009e+01   5.0484064e+02   7.0913272e+00   6.5398317e+00   5.9594993e+00
   2.0190000e+03   1.2000000e+01   4.0000000e+00   1.2000000e+01   1.7000000e+01   1.7000000e+01  -5.3849709e+01  -3.9453534e+01   4.9661595e+02   3.3418826e+00   3.2664735e+00   3.2664735e+00
   2.0190000e+03   1.2000000e+01   4.0000000e+00   1.2000000e+01   1.8000000e+01   5.3000000e+01  -5.3854098e+01  -3.9452063e+01   4.9714742e+02   3.6729481e+00   2.7552123e+00   2.7552123e+00
   2.0190000e+03   1.2000000e+01   4.0000000e+00   1.2000000e+01   2.0000000e+01   2.9000000e+01  -5.3858469e+01  -3.9450613e+01   4.9485806e+02   2.2055308e+00   3.3106025e+00   3.3106025e+00
   2.0190000e+03   1.2000000e+01   4.0000000e+00   1.2000000e+01   2.2000000e+01   5.0000000e+00  -5.3862925e+01  -3.9449152e+01   5.0440435e+02   3.0597893e+00   2.6415709e+00   2.6415709e+00
   2.0190000e+03   1.2000000e+01   4.0000000e+00   1.2000000e+01   2.3000000e+01   4.1000000e+01  -5.3867310e+01  -3.9447890e+01   4.9415430e+02   6.5460184e+00   1.1072826e+00   1.1072826e+00
   2.0190000e+03   1.2000000e+01   4.0000000e+00   1.2000000e+01   2.5000000e+01   1.7000000e+01  -5.3871738e+01  -3.9446516e+01   5.0020394e+02   5.4044033e+00   2.9658160e+00   2.9658160e+00
   2.0190000e+03   1.2000000e+01   4.0000000e+00   1.2000000e+01   2.6000000e+01   5.5000000e+01  -5.3876148e+01  -3.9445223e+01   4.9729588e+02   4.0317220e+00   4.0398912e+00   4.0398912e+00
   2.0190000e+03   1.2000000e+01   4.0000000e+00   1.2000000e+01   2.8000000e+01   3.1000000e+01  -5.3880621e+01  -3.9443846e+01   5.0514804e+02   1.2656115e+00   1.5300407e+00   1.5300407e+00
   2.0190000e+03   1.2000000e+01   4.0000000e+00   1.2000000e+01   3.0000000e+01   7.0000000e+00  -5.3885045e+01  -3.9442448e+01   5.0015308e+02   2.5659427e+00   2.1328312e-01   2.1328312e-01
   2.0190000e+03   1.2000000e+01   4.0000000e+00   1.2000000e+01   3.1000000e+01   4.3000000e+01  -5.3889392e+01  -3.9441090e+01   4.9111376e+02   3.3784599e+00   0.0000000e+00   0.0000000e+00
   2.0190000e+03   1.2000000e+01   4.0000000e+00   1.2000000e+01   3.3000000e+01   1.9000000e+01  -5.3893895e+01  -3.9439769e+01   5.0774501e+02   5.0090278e+00   9.0321322e-01   3.8912184e-01
   2.0190000e+03   1.2000000e+01   4.0000000e+00   1.2000000e+01   3.4000000e+01   5.9000000e+01  -5.3898252e+01  -3.9438517e+01   4.9111437e+02   5.9600467e+00   5.7875904e-01   2.0435082e-01
   2.0190000e+03   1.2000000e+01   4.0000000e+00   1.2000000e+01   3.6000000e+01   3.9000000e+01  -5.3902741e+01  -3.9437282e+01   5.0527515e+02   6.2705116e+00   1.5861652e+00   1.3236148e+00
