   2.0190000e+03   1.2000000e+01   7.0000000e+00   1.3000000e+01   3.0000000e+01   3.1000000e+01  -5.3147651e+01  -3.7832537e+01   4.9872518e+02   4.2868234e+00   1.0749325e+01   7.6029914e+00
   2.0190000e+03   1.2000000e+01   7.0000000e+00   1.3000000e+01   3.2000000e+01   9.0000000e+00  -5.3152039e+01  -3.7831138e+01   4.9647489e+02   9.0820907e+00   1.6398424e+01   1.4666247e+01
   2.0190000e+03   1.2000000e+01   7.0000000e+00   1.3000000e+01   3.3000000e+01   4.5000000e+01  -5.3156415e+01  -3.7829846e+01   4.9379590e+02   7.0668407e+00   1.3400289e+01   1.2019604e+01
   2.0190000e+03   1.2000000e+01   7.0000000e+00   1.3000000e+01   3.5000000e+01   2.3000000e+01  -5.3160790e+01  -3.7828409e+01   4.9549734e+02   7.9939484e+00   1.4246129e+01   1.3468118e+01
   2.0190000e+03   1.2000000e+01   7.0000000e+00   1.3000000e+01   3.6000000e+01   5.9000000e+01  -5.3165262e+01  -3.7826933e+01   5.0649091e+02   3.3539669e+00   9.4064289e+00   9.4064289e+00
   2.0190000e+03   1.2000000e+01   7.0000000e+00   1.3000000e+01   3.8000000e+01   3.5000000e+01  -5.3169609e+01  -3.7825320e+01   4.9492982e+02   4.6406805e+00   1.1753156e+01   1.1753156e+01
   2.0190000e+03   1.2000000e+01   7.0000000e+00   1.3000000e+01   4.0000000e+01   1.1000000e+01  -5.3173975e+01  -3.7823807e+01   4.9543183e+02   4.8639166e+00   1.1241204e+01   1.1241204e+01
   2.0190000e+03   1.2000000e+01   7.0000000e+00   1.3000000e+01   4.1000000e+01   4.9000000e+01  -5.3178354e+01  -3.7822327e+01   4.9652741e+02   3.7737908e+00   9.6879246e+00   9.6879246e+00
   2.0190000e+03   1.2000000e+01   7.0000000e+00   1.3000000e+01   4.3000000e+01   2.5000000e+01  -5.3182815e+01  -3.7820832e+01   5.0556290e+02   5.7819524e+00   1.1236750e+01   1.1236750e+01
   2.0190000e+03   1.2000000e+01   7.0000000e+00   1.3000000e+01   4.5000000e+01   3.0000000e+00  -5.3187176e+01  -3.7819341e+01   4.9464888e+02   4.2116381e+00   1.5101796e+01   1.5101796e+01
   2.0190000e+03   1.2000000e+01   7.0000000e+00   1.3000000e+01   4.6000000e+01   3.9000000e+01  -5.3191636e+01  -3.7817790e+01   5.0622652e+02   6.1104802e+00   1.3620536e+01   1.3620536e+01
   2.0190000e+03   1.2000000e+01   7.0000000e+00   1.3000000e+01   4.8000000e+01   1.5000000e+01  -5.3196017e+01  -3.7816255e+01   4.9749224e+02   6.1422030e+00   7.9415361e+00   7.9415361e+00
   2.0190000e+03   1.2000000e+01   7.0000000e+00   1.3000000e+01   4.9000000e+01   5.1000000e+01  -5.3200408e+01  -3.7814866e+01   4.9663921e+02   4.4570194e+00   7.5731623e+00   7.5731623e+00
   2.0190000e+03   1.2000000e+01   7.0000000e+00   1.3000000e+01   5.1000000e+01   2.9000000e+01  -5.3204768e+01  -3.7813412e+01   4.9400838e+02   1.3275486e+03   2.1839422e+03   2.1837439e+03
   2.0190000e+03   1.2000000e+01   7.0000000e+00   1.3000000e+01   5.3000000e+01   7.0000000e+00  -5.3209185e+01  -3.7811869e+01   5.0139993e+02   2.2782397e+00   3.2429781e+00   3.2429781e+00
   2.0190000e+03   1.2000000e+01   7.0000000e+00   1.3000000e+01   5.4000000e+01   4.3000000e+01  -5.3213626e+01  -3.7810380e+01   5.0336372e+02   4.3312201e+00   5.1891329e+00   5.1891329e+00
   2.0190000e+03   1.2000000e+01   7.0000000e+00   1.3000000e+01   5.6000000e+01   2.1000000e+01  -5.3217972e+01  -3.7808939e+01   4.9236691e+02   3.9264767e+00   4.9297589e+00   4.9297589e+00
   2.0190000e+03   1.2000000e+01   7.0000000e+00   1.3000000e+01   5.7000000e+01   5.9000000e+01  -5.3222406e+01  -3.7807478e+01   5.0215081e+02   5.1074277e+00   9.9501094e+00   9.9501094e+00
   2.0190000e+03   1.2000000e+01   7.0000000e+00   1.3000000e+01   5.9000000e+01   3.7000000e+01  -5.3226834e+01  -3.7806025e+01   5.0147726e+02   1.0480600e+01   1.6077555e+01   1.5885454e+01
   2.0190000e+03   1.2000000e+01   7.0000000e+00   1.4000000e+01   1.0000000e+00   1.3000000e+01  -5.3231246e+01  -3.7804637e+01   4.9891523e+02   3.2119903e+00   8.7516272e+00   8.7516272e+00
   2.0190000e+03   1.2000000e+01   7.0000000e+00   1.4000000e+01   2.0000000e+00   5.1000000e+01  -5.3235584e+01  -3.7803255e+01   4.9073706e+02   1.4955382e+00   9.8510901e+00   9.6544639e+00
   2.0190000e+03   1.2000000e+01   7.0000000e+00   1.4000000e+01   4.0000000e+00   2.7000000e+01  -5.3240032e+01  -3.7801831e+01   5.0323227e+02   4.8230438e+00   9.6096181e+00   8.2732537e+00
   2.0190000e+03   1.2000000e+01   7.0000000e+00   1.4000000e+01   6.0000000e+00   5.0000000e+00  -5.3244399e+01  -3.7800465e+01   4.9365782e+02   4.5226900e+00   7.0205511e+00   7.0205511e+00
   2.0190000e+03   1.2000000e+01   7.0000000e+00   1.4000000e+01   7.0000000e+00   4.5000000e+01  -5.3248818e+01  -3.7798564e+01   5.0710961e+02   5.1673017e+00   8.2791139e+00   7.6937315e+00
   2.0190000e+03   1.2000000e+01   7.0000000e+00   1.4000000e+01   9.0000000e+00   2.3000000e+01  -5.3253168e+01  -3.7796945e+01   4.9520103e+02   5.7745359e+00   1.1482677e+01   1.0218869e+01
   2.0190000e+03   1.2000000e+01   7.0000000e+00   1.4000000e+01   1.1000000e+01   1.0000000e+00  -5.3257562e+01  -3.7795379e+01   4.9920846e+02   6.1026029e+00   9.7210630e+00   9.2578600e+00
   2.0190000e+03   1.2000000e+01   7.0000000e+00   1.4000000e+01   1.2000000e+01   3.9000000e+01  -5.3261966e+01  -3.7793818e+01   5.0019282e+02   7.2536361e+00   1.3402128e+01   1.1594903e+01
   2.0190000e+03   1.2000000e+01   7.0000000e+00   1.4000000e+01   1.4000000e+01   1.7000000e+01  -5.3266351e+01  -3.7792313e+01   4.9745839e+02   5.2603331e+00   1.5090516e+01   1.4077609e+01
   2.0190000e+03   1.2000000e+01   7.0000000e+00   1.4000000e+01   1.5000000e+01   5.5000000e+01  -5.3270761e+01  -3.7791092e+01   4.9673298e+02   6.3764207e+00   1.5206114e+01   1.2967267e+01
   2.0190000e+03   1.2000000e+01   7.0000000e+00   1.4000000e+01   1.7000000e+01   3.3000000e+01  -5.3275178e+01  -3.7789835e+01   4.9791052e+02   6.3299920e+00   9.1346370e+00   8.5329851e+00
   2.0190000e+03   1.2000000e+01   7.0000000e+00   1.4000000e+01   1.9000000e+01   1.1000000e+01  -5.3279583e+01  -3.7788532e+01   4.9704309e+02   7.3719794e+00   1.4119516e+01   1.1048795e+01
   2.0190000e+03   1.2000000e+01   7.0000000e+00   1.4000000e+01   2.0000000e+01   5.1000000e+01  -5.3283909e+01  -3.7786509e+01   4.9917398e+02   8.8544442e+00   2.0317009e+01   1.4232780e+01
   2.0190000e+03   1.2000000e+01   7.0000000e+00   1.4000000e+01   2.2000000e+01   3.1000000e+01  -5.3288259e+01  -3.7784489e+01   5.0163325e+02   8.0938141e+00   2.3367305e+01   1.7475006e+01
   2.0190000e+03   1.2000000e+01   7.0000000e+00   1.4000000e+01   2.4000000e+01   9.0000000e+00  -5.3292619e+01  -3.7783107e+01   4.9304605e+02   8.3715941e+00   1.7032812e+01   1.2402413e+01
   2.0190000e+03   1.2000000e+01   7.0000000e+00   1.4000000e+01   2.5000000e+01   4.7000000e+01  -5.3297027e+01  -3.7781700e+01   4.9873471e+02   6.4492059e+00   1.6464758e+01   1.3299514e+01
   2.0190000e+03   1.2000000e+01   7.0000000e+00   1.4000000e+01   2.7000000e+01   2.7000000e+01  -5.3301526e+01  -3.7780574e+01   5.0549414e+02   6.9850872e+00   1.5862595e+01   9.8905046e+00
   2.0190000e+03   1.2000000e+01   7.0000000e+00   1.4000000e+01   2.9000000e+01   5.0000000e+00  -5.3305916e+01  -3.7779483e+01   4.9312925e+02   7.9613255e+00   1.5317428e+01   8.5541905e+00
   2.0190000e+03   1.2000000e+01   7.0000000e+00   1.4000000e+01   3.0000000e+01   4.3000000e+01  -5.3310349e+01  -3.7778369e+01   4.9813263e+02   6.5874457e+00   1.0393358e+01   4.5800348e+00
   2.0190000e+03   1.2000000e+01   7.0000000e+00   1.4000000e+01   3.2000000e+01   2.3000000e+01  -5.3314848e+01  -3.7777226e+01   5.0565969e+02   5.7030733e+00   1.1614820e+01   8.0109235e+00
   2.0190000e+03   1.2000000e+01   7.0000000e+00   1.4000000e+01   3.4000000e+01   1.0000000e+00  -5.3319167e+01  -3.7775721e+01   4.9019383e+02   1.6255040e+00   8.9630861e+00   4.5085729e+00
   2.0190000e+03   1.2000000e+01   7.0000000e+00   1.4000000e+01   3.5000000e+01   4.1000000e+01  -5.3323516e+01  -3.7773670e+01   5.0202265e+02   3.5667775e+00   7.1876742e+00   5.6300386e+00
   2.0190000e+03   1.2000000e+01   7.0000000e+00   1.4000000e+01   3.7000000e+01   2.1000000e+01  -5.3327918e+01  -3.7771947e+01   5.0235211e+02   3.5024957e+00   6.8723822e+00   4.2941015e+00
   2.0190000e+03   1.2000000e+01   7.0000000e+00   1.4000000e+01   3.8000000e+01   5.9000000e+01  -5.3332291e+01  -3.7770333e+01   4.9757881e+02   4.1522727e+00   8.9659041e+00   5.1761495e+00
   2.0190000e+03   1.2000000e+01   7.0000000e+00   1.4000000e+01   4.0000000e+01   3.7000000e+01  -5.3336667e+01  -3.7768774e+01   4.9718664e+02   3.7677282e+00   5.1805036e+00   3.2093980e+00
   2.0190000e+03   1.2000000e+01   7.0000000e+00   1.4000000e+01   4.2000000e+01   1.7000000e+01  -5.3341094e+01  -3.7767174e+01   5.0328293e+02   3.7596039e+00   6.2812736e+00   3.4213935e+00
   2.0190000e+03   1.2000000e+01   7.0000000e+00   1.4000000e+01   4.3000000e+01   5.5000000e+01  -5.3345424e+01  -3.7765626e+01   4.9190648e+02   3.6380761e+00   1.0526338e+01   5.3153810e+00
   2.0190000e+03   1.2000000e+01   7.0000000e+00   1.4000000e+01   4.5000000e+01   3.5000000e+01  -5.3349844e+01  -3.7764034e+01   5.0241322e+02   2.4229608e+00   4.1936078e+00   4.1936078e+00
   2.0190000e+03   1.2000000e+01   7.0000000e+00   1.4000000e+01   4.7000000e+01   1.5000000e+01  -5.3354279e+01  -3.7762515e+01   5.0302001e+02   2.2018000e+00   2.9451210e+00   2.9451210e+00
   2.0190000e+03   1.2000000e+01   7.0000000e+00   1.4000000e+01   4.8000000e+01   5.5000000e+01  -5.3358677e+01  -3.7761251e+01   4.9585057e+02   2.7981532e+00   5.4902704e+00   4.0005506e+00
   2.0190000e+03   1.2000000e+01   7.0000000e+00   1.4000000e+01   5.0000000e+01   3.3000000e+01  -5.3363049e+01  -3.7759997e+01   4.9285749e+02   5.0492451e+00   9.9043367e+00   3.8959470e+00
   2.0190000e+03   1.2000000e+01   7.0000000e+00   1.4000000e+01   5.2000000e+01   1.3000000e+01  -5.3367513e+01  -3.7758492e+01   5.0599402e+02   9.0752864e+00   1.9139901e+01   5.9530931e+00
   2.0190000e+03   1.2000000e+01   7.0000000e+00   1.4000000e+01   5.3000000e+01   5.1000000e+01  -5.3371885e+01  -3.7757026e+01   4.9546429e+02   5.3129172e+00   1.3427348e+01   7.5410044e+00
   2.0190000e+03   1.2000000e+01   7.0000000e+00   1.4000000e+01   5.5000000e+01   2.9000000e+01  -5.3376253e+01  -3.7755429e+01   4.9674265e+02   5.5309597e+00   8.7756026e+00   6.5774637e+00
   2.0190000e+03   1.2000000e+01   7.0000000e+00   1.4000000e+01   5.7000000e+01   7.0000000e+00  -5.3380629e+01  -3.7753881e+01   4.9701814e+02   4.2815375e+00   7.6533067e+00   7.1200404e+00
   2.0190000e+03   1.2000000e+01   7.0000000e+00   1.4000000e+01   5.8000000e+01   4.7000000e+01  -5.3385102e+01  -3.7752593e+01   5.0431922e+02   4.5961075e+00   8.8405735e+00   8.2732830e+00
   2.0190000e+03   1.2000000e+01   7.0000000e+00   1.5000000e+01   0.0000000e+00   2.5000000e+01  -5.3389469e+01  -3.7751127e+01   4.9483291e+02   4.5927175e+00   7.7410888e+00   7.4610620e+00
   2.0190000e+03   1.2000000e+01   7.0000000e+00   1.5000000e+01   2.0000000e+00   3.0000000e+00  -5.3393857e+01  -3.7749592e+01   4.9817895e+02   4.3097379e+00   7.1874122e+00   6.9713357e+00
   2.0190000e+03   1.2000000e+01   7.0000000e+00   1.5000000e+01   3.0000000e+00   4.1000000e+01  -5.3398275e+01  -3.7748026e+01   5.0172802e+02   4.7129993e+00   6.6848976e+00   6.2295138e+00
   2.0190000e+03   1.2000000e+01   7.0000000e+00   1.5000000e+01   5.0000000e+00   1.9000000e+01  -5.3402701e+01  -3.7746503e+01   5.0206633e+02   4.5789215e+00   6.8763143e+00   6.5784152e+00
   2.0190000e+03   1.2000000e+01   7.0000000e+00   1.5000000e+01   6.0000000e+00   5.5000000e+01  -5.3407101e+01  -3.7745054e+01   4.9822891e+02   4.5859268e+00   6.6220119e+00   6.0293148e+00
   2.0190000e+03   1.2000000e+01   7.0000000e+00   1.5000000e+01   8.0000000e+00   3.3000000e+01  -5.3411448e+01  -3.7743669e+01   4.9164044e+02   3.9097483e+00   7.4874078e+00   7.2044537e+00
   2.0190000e+03   1.2000000e+01   7.0000000e+00   1.5000000e+01   1.0000000e+01   1.1000000e+01  -5.3415869e+01  -3.7742265e+01   4.9999670e+02   5.1197919e+00   7.5668619e+00   7.4150400e+00
   2.0190000e+03   1.2000000e+01   7.0000000e+00   1.5000000e+01   1.1000000e+01   4.9000000e+01  -5.3420250e+01  -3.7740658e+01   4.9836314e+02   4.5472962e+00   5.3333890e+00   4.9591090e+00
   2.0190000e+03   1.2000000e+01   7.0000000e+00   1.5000000e+01   1.3000000e+01   2.7000000e+01  -5.3424617e+01  -3.7738990e+01   4.9769015e+02   4.8377824e+00   8.9426021e+00   7.5212169e+00
   2.0190000e+03   1.2000000e+01   7.0000000e+00   1.5000000e+01   1.5000000e+01   5.0000000e+00  -5.3429023e+01  -3.7737648e+01   4.9758229e+02   5.3898090e+00   9.9650167e+00   8.8528649e+00
   2.0190000e+03   1.2000000e+01   7.0000000e+00   1.5000000e+01   1.6000000e+01   4.5000000e+01  -5.3433489e+01  -3.7736274e+01   5.0454794e+02   5.5637761e+00   8.5746607e+00   5.4439403e+00
   2.0190000e+03   1.2000000e+01   7.0000000e+00   1.5000000e+01   1.8000000e+01   2.3000000e+01  -5.3437855e+01  -3.7734760e+01   4.9541094e+02   8.4479800e+00   1.1213241e+01   1.1213241e+01
   2.0190000e+03   1.2000000e+01   7.0000000e+00   1.5000000e+01   2.0000000e+01   1.0000000e+00  -5.3442242e+01  -3.7733316e+01   4.9675558e+02   8.2333329e+00   1.0442737e+01   9.6041518e+00
   2.0190000e+03   1.2000000e+01   7.0000000e+00   1.5000000e+01   2.1000000e+01   3.9000000e+01  -5.3446653e+01  -3.7731828e+01   4.9985965e+02   1.0942491e+01   1.5985659e+01   1.5985659e+01
   2.0190000e+03   1.2000000e+01   7.0000000e+00   1.5000000e+01   2.3000000e+01   1.7000000e+01  -5.3451054e+01  -3.7730314e+01   4.9924347e+02   5.6201423e+00   7.4415429e+00   6.8696302e+00
   2.0190000e+03   1.2000000e+01   7.0000000e+00   1.5000000e+01   2.4000000e+01   5.5000000e+01  -5.3455421e+01  -3.7728734e+01   4.9637019e+02   5.8474666e+00   1.0156832e+01   8.7212724e+00
   2.0190000e+03   1.2000000e+01   7.0000000e+00   1.5000000e+01   2.6000000e+01   3.3000000e+01  -5.3459842e+01  -3.7727260e+01   5.0086435e+02   4.2180974e+00   1.3069324e+01   1.1411273e+01
   2.0190000e+03   1.2000000e+01   7.0000000e+00   1.5000000e+01   2.8000000e+01   9.0000000e+00  -5.3464284e+01  -3.7725790e+01   5.0312557e+02   4.0188799e+00   3.9310402e+00   2.3927154e+00
   2.0190000e+03   1.2000000e+01   7.0000000e+00   1.5000000e+01   2.9000000e+01   4.5000000e+01  -5.3468656e+01  -3.7724340e+01   4.9518395e+02   2.1035476e+00   3.3970987e+00   2.1326871e+00
   2.0190000e+03   1.2000000e+01   7.0000000e+00   1.5000000e+01   3.1000000e+01   2.3000000e+01  -5.3473017e+01  -3.7722794e+01   4.9523993e+02   2.9544571e+00   2.2337045e+00   1.8362337e+00
   2.0190000e+03   1.2000000e+01   7.0000000e+00   1.5000000e+01   3.3000000e+01   1.0000000e+00  -5.3477453e+01  -3.7721280e+01   5.0305080e+02   3.6154056e+00   2.4919283e+00   2.1371088e+00
   2.0190000e+03   1.2000000e+01   7.0000000e+00   1.5000000e+01   3.4000000e+01   3.7000000e+01  -5.3481908e+01  -3.7719832e+01   5.0420762e+02   3.5950472e+00   2.1820378e+00   1.5259012e+00
   2.0190000e+03   1.2000000e+01   7.0000000e+00   1.5000000e+01   3.6000000e+01   1.3000000e+01  -5.3486283e+01  -3.7718457e+01   4.9449509e+02   3.9173598e+00   2.4094560e+00   1.3994086e+00
   2.0190000e+03   1.2000000e+01   7.0000000e+00   1.5000000e+01   3.7000000e+01   4.9000000e+01  -5.3490638e+01  -3.7716882e+01   4.9504205e+02   4.7580950e+00   5.0943192e+00   3.2729545e+00
   2.0190000e+03   1.2000000e+01   7.0000000e+00   1.5000000e+01   3.9000000e+01   2.7000000e+01  -5.3495023e+01  -3.7715357e+01   4.9753325e+02   4.9264323e+00   3.8022835e+00   2.3392270e+00
   2.0190000e+03   1.2000000e+01   7.0000000e+00   1.5000000e+01   4.1000000e+01   3.0000000e+00  -5.3499506e+01  -3.7713795e+01   5.0874469e+02   4.4847353e+00   3.0526693e+00   1.6249698e+00
   2.0190000e+03   1.2000000e+01   7.0000000e+00   1.5000000e+01   4.2000000e+01   3.9000000e+01  -5.3503910e+01  -3.7712414e+01   4.9780258e+02   4.8267496e+00   4.2487214e+00   2.5648369e+00
   2.0190000e+03   1.2000000e+01   7.0000000e+00   1.5000000e+01   4.4000000e+01   1.5000000e+01  -5.3508283e+01  -3.7710868e+01   4.9656611e+02   4.6696272e+00   2.8861219e+00   2.3477800e+00
   2.0190000e+03   1.2000000e+01   7.0000000e+00   1.5000000e+01   4.5000000e+01   5.1000000e+01  -5.3512661e+01  -3.7709312e+01   4.9723652e+02   4.9265660e+00   3.7625003e+00   2.1299759e+00
   2.0190000e+03   1.2000000e+01   7.0000000e+00   1.5000000e+01   4.7000000e+01   2.9000000e+01  -5.3517025e+01  -3.7707879e+01   4.9409398e+02   4.7853433e+00   1.4988497e+00   1.3720081e+00
   2.0190000e+03   1.2000000e+01   7.0000000e+00   1.5000000e+01   4.9000000e+01   5.0000000e+00  -5.3521493e+01  -3.7706453e+01   5.0537950e+02   2.1096268e+00   2.2573236e+00   2.1182587e+00
   2.0190000e+03   1.2000000e+01   7.0000000e+00   1.5000000e+01   5.0000000e+01   4.3000000e+01  -5.3525847e+01  -3.7704993e+01   4.9329468e+02   5.0088309e+00   4.2080898e+00   2.2639875e+00
   2.0190000e+03   1.2000000e+01   7.0000000e+00   1.5000000e+01   5.2000000e+01   2.1000000e+01  -5.3530262e+01  -3.7703441e+01   5.0115232e+02   3.0574344e+00   1.4652041e+00   1.4652041e+00
   2.0190000e+03   1.2000000e+01   7.0000000e+00   1.5000000e+01   5.3000000e+01   5.7000000e+01  -5.3534684e+01  -3.7701860e+01   5.0236956e+02   3.1709214e+00   3.1463087e+00   3.1463087e+00
   2.0190000e+03   1.2000000e+01   7.0000000e+00   1.5000000e+01   5.5000000e+01   3.5000000e+01  -5.3539043e+01  -3.7700316e+01   4.9500944e+02   3.3836404e+00   3.8111341e+00   3.8111341e+00
   2.0190000e+03   1.2000000e+01   7.0000000e+00   1.5000000e+01   5.7000000e+01   1.3000000e+01  -5.3543455e+01  -3.7698866e+01   4.9951982e+02   3.4644092e+00   3.6203937e+00   3.6203937e+00
   2.0190000e+03   1.2000000e+01   7.0000000e+00   1.5000000e+01   5.8000000e+01   5.1000000e+01  -5.3547861e+01  -3.7697524e+01   4.9760379e+02   3.0875606e+00   7.0702447e+00   7.0702447e+00
   2.0190000e+03   1.2000000e+01   7.0000000e+00   1.6000000e+01   0.0000000e+00   2.7000000e+01  -5.3552289e+01  -3.7696020e+01   5.0193584e+02   2.7214781e+00   1.2232957e+01   1.1609775e+01
   2.0190000e+03   1.2000000e+01   7.0000000e+00   1.6000000e+01   2.0000000e+00   5.0000000e+00  -5.3556651e+01  -3.7694461e+01   4.9550842e+02   4.0515074e+00   1.7145314e+01   1.6298997e+01
   2.0190000e+03   1.2000000e+01   7.0000000e+00   1.6000000e+01   3.0000000e+00   4.1000000e+01  -5.3561087e+01  -3.7692871e+01   5.0397655e+02   4.1742429e+00   1.2782996e+01   8.5101390e+00
   2.0190000e+03   1.2000000e+01   7.0000000e+00   1.6000000e+01   5.0000000e+00   1.9000000e+01  -5.3565432e+01  -3.7691594e+01   4.9005363e+02   3.9644370e+00   3.6401878e+01   2.6365141e+01
   2.0190000e+03   1.2000000e+01   7.0000000e+00   1.6000000e+01   6.0000000e+00   5.7000000e+01  -5.3569841e+01  -3.7690110e+01   4.9968239e+02   7.1946513e+00   3.2885593e+01   1.2459538e+01
   2.0190000e+03   1.2000000e+01   7.0000000e+00   1.6000000e+01   8.0000000e+00   3.5000000e+01  -5.3574214e+01  -3.7688460e+01   4.9791477e+02   1.0921850e+01   3.7732834e+01   2.4312150e+00
   2.0190000e+03   1.2000000e+01   7.0000000e+00   1.6000000e+01   1.0000000e+01   1.5000000e+01  -5.3578689e+01  -3.7686933e+01   5.0746326e+02   1.6088694e+01   5.2028434e+01   1.2317380e+01
   2.0190000e+03   1.2000000e+01   7.0000000e+00   1.6000000e+01   1.1000000e+01   5.3000000e+01  -5.3583089e+01  -3.7685527e+01   4.9765673e+02   9.3520835e-01   1.4699372e+01   6.0353503e-01
   2.0190000e+03   1.2000000e+01   7.0000000e+00   1.6000000e+01   1.3000000e+01   3.1000000e+01  -5.3587489e+01  -3.7684075e+01   4.9818318e+02   9.3432987e-01   6.1778271e+00   1.5352720e+00
   2.0190000e+03   1.2000000e+01   7.0000000e+00   1.6000000e+01   1.5000000e+01   9.0000000e+00  -5.3591869e+01  -3.7682509e+01   4.9754497e+02   1.3660090e+00   1.6977827e+01   1.5498830e+01
   2.0190000e+03   1.2000000e+01   7.0000000e+00   1.6000000e+01   1.6000000e+01   4.7000000e+01  -5.3596277e+01  -3.7681152e+01   4.9789212e+02   1.3726469e+00   4.4958885e+00   1.5442597e+00
   2.0190000e+03   1.2000000e+01   7.0000000e+00   1.6000000e+01   1.8000000e+01   2.5000000e+01  -5.3600634e+01  -3.7679597e+01   4.9489411e+02   2.2877033e+00   1.4815211e+01   1.7271213e+00
   2.0190000e+03   1.2000000e+01   7.0000000e+00   1.6000000e+01   2.0000000e+01   5.0000000e+00  -5.3605066e+01  -3.7677936e+01   5.0455871e+02   2.0754818e+00   3.7066585e+00   3.4147471e+00
   2.0190000e+03   1.2000000e+01   7.0000000e+00   1.6000000e+01   2.1000000e+01   4.3000000e+01  -5.3609434e+01  -3.7676417e+01   4.9552195e+02   1.7816051e+00   9.0990342e+00   2.8429779e+00
   2.0190000e+03   1.2000000e+01   7.0000000e+00   1.6000000e+01   2.3000000e+01   2.1000000e+01  -5.3613823e+01  -3.7675148e+01   4.9483527e+02   8.0470436e-01   1.1658202e+01   3.7302361e+00
   2.0190000e+03   1.2000000e+01   7.0000000e+00   1.6000000e+01   2.5000000e+01   1.0000000e+00  -5.3618248e+01  -3.7673601e+01   5.0215650e+02   1.6564185e+00   3.7913586e+00   1.7176501e+00
   2.0190000e+03   1.2000000e+01   7.0000000e+00   1.6000000e+01   2.6000000e+01   4.1000000e+01  -5.3622669e+01  -3.7672212e+01   4.9976723e+02   2.8447354e+00   2.1215269e+01   1.6822560e+01
   2.0190000e+03   1.2000000e+01   7.0000000e+00   1.6000000e+01   2.8000000e+01   2.1000000e+01  -5.3627094e+01  -3.7670719e+01   5.0143995e+02   6.2910034e+00   1.1689710e+01   4.8755925e+00
   2.0190000e+03   1.2000000e+01   7.0000000e+00   1.6000000e+01   3.0000000e+01   1.0000000e+00  -5.3631464e+01  -3.7668998e+01   4.9869333e+02   2.2851697e+00   1.8612543e+00   0.0000000e+00
   2.0190000e+03   1.2000000e+01   7.0000000e+00   1.6000000e+01   3.1000000e+01   4.1000000e+01  -5.3635885e+01  -3.7667692e+01   4.9870924e+02   1.7153103e+00   2.3637016e+00   3.6210468e-01
   2.0190000e+03   1.2000000e+01   7.0000000e+00   1.6000000e+01   3.3000000e+01   2.1000000e+01  -5.3640282e+01  -3.7666167e+01   4.9877432e+02   1.1420782e+00   1.8807514e+00   6.7671775e-01
   2.0190000e+03   1.2000000e+01   7.0000000e+00   1.6000000e+01   3.5000000e+01   3.0000000e+00  -5.3644646e+01  -3.7664438e+01   4.9816519e+02   4.3551377e-01   1.6514569e+00   6.0437455e-01
   2.0190000e+03   1.2000000e+01   7.0000000e+00   1.6000000e+01   3.6000000e+01   4.1000000e+01  -5.3649048e+01  -3.7663232e+01   4.9561045e+02   6.6648941e-01   1.8568551e+00   4.0113508e-01
   2.0190000e+03   1.2000000e+01   7.0000000e+00   1.6000000e+01   3.8000000e+01   2.1000000e+01  -5.3653457e+01  -3.7661772e+01   4.9922665e+02   6.7772687e-01   1.7718308e+00   5.4907286e-01
   2.0190000e+03   1.2000000e+01   7.0000000e+00   1.6000000e+01   4.0000000e+01   1.0000000e+00  -5.3657876e+01  -3.7660166e+01   5.0230255e+02   6.0943990e-01   1.9121313e+00   3.3431754e-01
   2.0190000e+03   1.2000000e+01   7.0000000e+00   1.6000000e+01   4.1000000e+01   3.9000000e+01  -5.3662251e+01  -3.7658676e+01   4.9600085e+02   2.9444058e-01   1.7405832e+00   6.1382321e-01
   2.0190000e+03   1.2000000e+01   7.0000000e+00   1.6000000e+01   4.3000000e+01   1.7000000e+01  -5.3666662e+01  -3.7657171e+01   5.0003871e+02   2.7191652e-01   1.3163249e+00   9.8486120e-01
   2.0190000e+03   1.2000000e+01   7.0000000e+00   1.6000000e+01   4.4000000e+01   5.5000000e+01  -5.3671082e+01  -3.7655748e+01   4.9993577e+02   6.6649939e-01   1.5197001e+00   1.5197001e+00
   2.0190000e+03   1.2000000e+01   7.0000000e+00   1.6000000e+01   4.6000000e+01   3.3000000e+01  -5.3675447e+01  -3.7654138e+01   4.9654407e+02   2.5494970e+02   4.2018896e+02   8.1405329e-01
   2.0190000e+03   1.2000000e+01   7.0000000e+00   1.6000000e+01   4.8000000e+01   1.1000000e+01  -5.3679820e+01  -3.7652673e+01   4.9537739e+02   5.7202797e-01   1.2065436e+00   1.2015011e+00
   2.0190000e+03   1.2000000e+01   7.0000000e+00   1.6000000e+01   4.9000000e+01   4.9000000e+01  -5.3684223e+01  -3.7651272e+01   4.9788808e+02   5.9554460e-01   2.3871968e+00   2.3871968e+00
   2.0190000e+03   1.2000000e+01   7.0000000e+00   1.6000000e+01   5.1000000e+01   2.7000000e+01  -5.3688617e+01  -3.7649737e+01   4.9863925e+02   5.9059236e-01   2.4971784e+00   2.4971784e+00
   2.0190000e+03   1.2000000e+01   7.0000000e+00   1.6000000e+01   5.3000000e+01   5.0000000e+00  -5.3693014e+01  -3.7648105e+01   5.0017583e+02   7.4552876e-01   2.1292828e+00   2.1292828e+00
   2.0190000e+03   1.2000000e+01   7.0000000e+00   1.6000000e+01   5.4000000e+01   4.3000000e+01  -5.3697448e+01  -3.7646813e+01   5.0001366e+02   1.2024282e+00   2.8020320e+00   2.8020320e+00
   2.0190000e+03   1.2000000e+01   7.0000000e+00   1.6000000e+01   5.6000000e+01   1.9000000e+01  -5.3701909e+01  -3.7645410e+01   5.0426866e+02   1.8227353e+02   3.0016439e+02   5.7802287e+01
   2.0190000e+03   1.2000000e+01   7.0000000e+00   1.6000000e+01   5.7000000e+01   5.5000000e+01  -5.3706252e+01  -3.7643730e+01   4.9509183e+02   7.4064824e-01   1.6696942e+00   1.6696942e+00
   2.0190000e+03   1.2000000e+01   7.0000000e+00   1.6000000e+01   5.9000000e+01   3.1000000e+01  -5.3710650e+01  -3.7642186e+01   4.9906921e+02   8.1299115e-01   1.5598128e+00   1.4952185e+00
   2.0190000e+03   1.2000000e+01   7.0000000e+00   1.7000000e+01   1.0000000e+00   7.0000000e+00  -5.3715077e+01  -3.7640697e+01   5.0160268e+02   7.1116885e-01   1.1014843e+00   1.1014843e+00
   2.0190000e+03   1.2000000e+01   7.0000000e+00   1.7000000e+01   2.0000000e+00   4.1000000e+01  -5.3719455e+01  -3.7639302e+01   4.9510134e+02   3.5724848e-01   1.5282827e+00   1.5282827e+00
   2.0190000e+03   1.2000000e+01   7.0000000e+00   1.7000000e+01   4.0000000e+00   1.5000000e+01  -5.3723830e+01  -3.7637707e+01   4.9727569e+02   2.7615858e-01   1.2035064e+00   1.2035064e+00
   2.0190000e+03   1.2000000e+01   7.0000000e+00   1.7000000e+01   5.0000000e+00   5.1000000e+01  -5.3728255e+01  -3.7636210e+01   5.0152939e+02   8.0295816e-01   1.6250509e+00   1.6250509e+00
   2.0190000e+03   1.2000000e+01   7.0000000e+00   1.7000000e+01   7.0000000e+00   2.9000000e+01  -5.3732658e+01  -3.7634783e+01   4.9817172e+02   1.4929605e+00   2.4438104e+00   2.2870536e+00
   2.0190000e+03   1.2000000e+01   7.0000000e+00   1.7000000e+01   9.0000000e+00   5.0000000e+00  -5.3737094e+01  -3.7633237e+01   5.0324367e+02   6.9690885e-01   1.2904795e+00   1.1765464e+00
   2.0190000e+03   1.2000000e+01   7.0000000e+00   1.7000000e+01   1.0000000e+01   4.3000000e+01  -5.3741431e+01  -3.7631755e+01   4.9168446e+02   9.5805886e-01   1.5285442e+00   1.4500758e+00
   2.0190000e+03   1.2000000e+01   7.0000000e+00   1.7000000e+01   1.2000000e+01   2.1000000e+01  -5.3745864e+01  -3.7630269e+01   5.0216693e+02   1.2258470e+04   1.8036358e+00   1.1949101e+00
   2.0190000e+03   1.2000000e+01   7.0000000e+00   1.7000000e+01   1.3000000e+01   5.7000000e+01  -5.3750281e+01  -3.7628686e+01   5.0173892e+02   1.0537070e+00   1.6085222e+00   1.1408243e+00
   2.0190000e+03   1.2000000e+01   7.0000000e+00   1.7000000e+01   1.5000000e+01   3.5000000e+01  -5.3754638e+01  -3.7627237e+01   4.9343226e+02   1.1344686e+00   2.2261900e+00   1.0065782e+00
   2.0190000e+03   1.2000000e+01   7.0000000e+00   1.7000000e+01   1.7000000e+01   1.3000000e+01  -5.3759079e+01  -3.7625818e+01   5.0222079e+02   1.3012740e+00   2.2110101e+00   3.9452183e-01
   2.0190000e+03   1.2000000e+01   7.0000000e+00   1.7000000e+01   1.8000000e+01   5.1000000e+01  -5.3763473e+01  -3.7624205e+01   4.9962461e+02   8.7622116e-01   1.7896224e+00   1.6397959e+00
   2.0190000e+03   1.2000000e+01   7.0000000e+00   1.7000000e+01   2.0000000e+01   2.7000000e+01  -5.3767887e+01  -3.7622737e+01   4.9989198e+02   5.9382972e-01   1.1224547e+00   6.1924621e-01
   2.0190000e+03   1.2000000e+01   7.0000000e+00   1.7000000e+01   2.2000000e+01   5.0000000e+00  -5.3772223e+01  -3.7621308e+01   4.9079855e+02   1.2682569e+00   1.5874730e+00   4.8256433e-01
   2.0190000e+03   1.2000000e+01   7.0000000e+00   1.7000000e+01   2.3000000e+01   4.1000000e+01  -5.3776666e+01  -3.7619745e+01   5.0424279e+02   5.3312074e-01   1.3297140e+00   6.8523611e-01
   2.0190000e+03   1.2000000e+01   7.0000000e+00   1.7000000e+01   2.5000000e+01   1.9000000e+01  -5.3781028e+01  -3.7618219e+01   4.9496293e+02   9.5994157e-01   1.5891027e+00   7.4483048e-01
   2.0190000e+03   1.2000000e+01   7.0000000e+00   1.7000000e+01   2.6000000e+01   5.5000000e+01  -5.3785485e+01  -3.7616789e+01   5.0413619e+02   2.0295248e+00   3.1611905e+00   1.2903814e+00
   2.0190000e+03   1.2000000e+01   7.0000000e+00   1.7000000e+01   2.8000000e+01   3.3000000e+01  -5.3789828e+01  -3.7615323e+01   4.9210383e+02   2.1704309e+00   3.6954544e+00   1.0059188e+00
   2.0190000e+03   1.2000000e+01   7.0000000e+00   1.7000000e+01   3.0000000e+01   9.0000000e+00  -5.3794281e+01  -3.7613796e+01   5.0479212e+02   2.2562464e+00   4.3196389e+00   1.0547142e+00
   2.0190000e+03   1.2000000e+01   7.0000000e+00   1.7000000e+01   3.1000000e+01   4.7000000e+01  -5.3798638e+01  -3.7612235e+01   4.9487447e+02   6.7889842e+00   1.1113640e+01   8.4333175e+00
   2.0190000e+03   1.2000000e+01   7.0000000e+00   1.7000000e+01   3.3000000e+01   2.3000000e+01  -5.3803104e+01  -3.7610849e+01   5.0457931e+02   1.0959790e+01   1.4161162e+01   4.1320168e-01
   2.0190000e+03   1.2000000e+01   7.0000000e+00   1.7000000e+01   3.5000000e+01   1.0000000e+00  -5.3807419e+01  -3.7609237e+01   4.9095268e+02   2.5419270e+00   4.2307043e+00   1.0064814e+00
   2.0190000e+03   1.2000000e+01   7.0000000e+00   1.7000000e+01   3.6000000e+01   3.7000000e+01  -5.3811852e+01  -3.7607600e+01   5.0419388e+02   1.0417556e+00   2.3445423e+00   1.3050475e+00
   2.0190000e+03   1.2000000e+01   7.0000000e+00   1.7000000e+01   3.8000000e+01   1.5000000e+01  -5.3816216e+01  -3.7606063e+01   4.9529004e+02   7.3685471e-01   1.6143111e+00   1.5263948e+00
   2.0190000e+03   1.2000000e+01   7.0000000e+00   1.7000000e+01   3.9000000e+01   5.1000000e+01  -5.3820703e+01  -3.7604783e+01   5.0565618e+02   5.7678181e-01   1.3187236e+00   1.3187236e+00
   2.0190000e+03   1.2000000e+01   7.0000000e+00   1.7000000e+01   4.1000000e+01   2.9000000e+01  -5.3825089e+01  -3.7603479e+01   4.9480532e+02   8.6245972e+01   1.4223460e+02   1.4223460e+02
   2.0190000e+03   1.2000000e+01   7.0000000e+00   1.7000000e+01   4.3000000e+01   5.0000000e+00  -5.3829494e+01  -3.7601770e+01   5.0220522e+02   4.2751213e-01   6.0949765e-01   6.0949765e-01
   2.0190000e+03   1.2000000e+01   7.0000000e+00   1.7000000e+01   4.4000000e+01   4.1000000e+01  -5.3833860e+01  -3.7600250e+01   4.9525667e+02   4.0409301e-01   9.3616796e-01   9.3616796e-01
   2.0190000e+03   1.2000000e+01   7.0000000e+00   1.7000000e+01   4.6000000e+01   1.7000000e+01  -5.3838274e+01  -3.7598717e+01   5.0064851e+02   1.0000295e+02   1.6461626e+02   1.6461626e+02
   2.0190000e+03   1.2000000e+01   7.0000000e+00   1.7000000e+01   4.7000000e+01   5.3000000e+01  -5.3842708e+01  -3.7597325e+01   5.0116232e+02   3.2366993e+01   5.3413337e+01   5.3413337e+01
   2.0190000e+03   1.2000000e+01   7.0000000e+00   1.7000000e+01   4.9000000e+01   2.9000000e+01  -5.3847117e+01  -3.7595867e+01   4.9906592e+02   1.2462260e+02   2.0506407e+02   2.0506407e+02
   2.0190000e+03   1.2000000e+01   7.0000000e+00   1.7000000e+01   5.1000000e+01   5.0000000e+00  -5.3851514e+01  -3.7594397e+01   4.9800439e+02   1.7561875e-01   5.5464101e-01   5.5464101e-01
