   2.0190000e+03   1.2000000e+01   5.0000000e+00   1.4000000e+01   2.0000000e+01   5.7000000e+01  -5.3251102e+01  -3.8752763e+01   4.9817578e+02   4.8506116e+00   8.9113504e+00   6.7558030e+00
   2.0190000e+03   1.2000000e+01   5.0000000e+00   1.4000000e+01   2.2000000e+01   4.7000000e+01  -5.3255358e+01  -3.8750781e+01   4.9088554e+02   9.7101354e+00   1.8367427e+01   1.8367427e+01
   2.0190000e+03   1.2000000e+01   5.0000000e+00   1.4000000e+01   2.4000000e+01   2.9000000e+01  -5.3259725e+01  -3.8749232e+01   4.9606738e+02   7.3134553e+00   1.1857763e+01   1.1857763e+01
   2.0190000e+03   1.2000000e+01   5.0000000e+00   1.4000000e+01   2.6000000e+01   5.0000000e+00  -5.3264104e+01  -3.8747647e+01   4.9789196e+02   6.0614435e+00   9.7177706e+00   9.7177706e+00
   2.0190000e+03   1.2000000e+01   5.0000000e+00   1.4000000e+01   2.7000000e+01   4.1000000e+01  -5.3268530e+01  -3.8746282e+01   5.0018283e+02   5.5550427e+00   9.1879311e+00   9.1879311e+00
   2.0190000e+03   1.2000000e+01   5.0000000e+00   1.4000000e+01   2.9000000e+01   1.7000000e+01  -5.3272943e+01  -3.8744943e+01   4.9831423e+02   4.5835863e+00   9.6315584e+00   8.7761572e+00
   2.0190000e+03   1.2000000e+01   5.0000000e+00   1.4000000e+01   3.0000000e+01   5.5000000e+01  -5.3277338e+01  -3.8743547e+01   4.9716922e+02   3.4866102e+00   7.3104673e+00   7.3104673e+00
   2.0190000e+03   1.2000000e+01   5.0000000e+00   1.4000000e+01   3.2000000e+01   3.1000000e+01  -5.3281824e+01  -3.8742085e+01   5.0778776e+02   3.3849090e+00   1.4107085e+01   1.3163449e+01
   2.0190000e+03   1.2000000e+01   5.0000000e+00   1.4000000e+01   3.4000000e+01   5.0000000e+00  -5.3286189e+01  -3.8740700e+01   4.9367384e+02   4.6478319e+00   1.3174834e+01   1.1391468e+01
   2.0190000e+03   1.2000000e+01   5.0000000e+00   1.4000000e+01   3.5000000e+01   3.9000000e+01  -5.3290602e+01  -3.8739570e+01   4.9613243e+02   6.8854908e+00   1.5796805e+01   1.4486178e+01
   2.0190000e+03   1.2000000e+01   5.0000000e+00   1.4000000e+01   3.7000000e+01   1.5000000e+01  -5.3295106e+01  -3.8738381e+01   5.0670041e+02   5.7004906e+00   1.0718626e+01   7.0499409e+00
   2.0190000e+03   1.2000000e+01   5.0000000e+00   1.4000000e+01   3.8000000e+01   5.1000000e+01  -5.3299458e+01  -3.8737219e+01   4.8966084e+02   3.9884118e+00   1.9156350e+01   1.9156350e+01
   2.0190000e+03   1.2000000e+01   5.0000000e+00   1.4000000e+01   4.0000000e+01   2.7000000e+01  -5.3303882e+01  -3.8735594e+01   5.0336971e+02   6.7552455e+00   1.3441811e+01   1.3441811e+01
   2.0190000e+03   1.2000000e+01   5.0000000e+00   1.4000000e+01   4.2000000e+01   3.0000000e+00  -5.3308302e+01  -3.8734077e+01   5.0136924e+02   5.6525941e+00   1.0223522e+01   9.5319588e+00
   2.0190000e+03   1.2000000e+01   5.0000000e+00   1.4000000e+01   4.3000000e+01   3.7000000e+01  -5.3312673e+01  -3.8732917e+01   4.9167522e+02   5.0195939e+02   8.2232821e+02   8.2232821e+02
   2.0190000e+03   1.2000000e+01   5.0000000e+00   1.4000000e+01   4.5000000e+01   1.5000000e+01  -5.3317099e+01  -3.8731698e+01   4.9850773e+02   9.4466171e+02   1.5538611e+03   1.5538611e+03
   2.0190000e+03   1.2000000e+01   5.0000000e+00   1.4000000e+01   4.6000000e+01   5.3000000e+01  -5.3321482e+01  -3.8730066e+01   4.9894760e+02   2.3185321e+02   3.7902096e+02   3.7532365e+02
   2.0190000e+03   1.2000000e+01   5.0000000e+00   1.4000000e+01   4.8000000e+01   2.9000000e+01  -5.3325906e+01  -3.8728659e+01   5.0035359e+02   4.5822472e+00   1.7005113e+01   1.5967995e+01
   2.0190000e+03   1.2000000e+01   5.0000000e+00   1.4000000e+01   5.0000000e+01   7.0000000e+00  -5.3330284e+01  -3.8727278e+01   4.9500900e+02   3.6724205e+00   1.1220599e+01   1.0718284e+01
   2.0190000e+03   1.2000000e+01   5.0000000e+00   1.4000000e+01   5.1000000e+01   4.5000000e+01  -5.3334735e+01  -3.8725806e+01   5.0419155e+02   8.3050611e+00   1.6531343e+01   1.5553990e+01
   2.0190000e+03   1.2000000e+01   5.0000000e+00   1.4000000e+01   5.3000000e+01   2.1000000e+01  -5.3339143e+01  -3.8724310e+01   4.9971128e+02   7.0223981e+00   1.4054059e+01   1.0607526e+01
   2.0190000e+03   1.2000000e+01   5.0000000e+00   1.4000000e+01   5.4000000e+01   5.7000000e+01  -5.3343540e+01  -3.8723005e+01   4.9622836e+02   4.9687068e+00   1.7806065e+01   1.6155455e+01
   2.0190000e+03   1.2000000e+01   5.0000000e+00   1.4000000e+01   5.6000000e+01   3.3000000e+01  -5.3347961e+01  -3.8721670e+01   4.9922486e+02   5.4558613e+00   7.7540169e+00   3.8784293e+00
   2.0190000e+03   1.2000000e+01   5.0000000e+00   1.4000000e+01   5.8000000e+01   9.0000000e+00  -5.3352359e+01  -3.8720208e+01   4.9825388e+02   4.1020907e+00   1.3265100e+01   7.7176224e+00
   2.0190000e+03   1.2000000e+01   5.0000000e+00   1.4000000e+01   5.9000000e+01   4.5000000e+01  -5.3356797e+01  -3.8718773e+01   5.0222088e+02   3.9275434e+00   8.7317809e+00   6.2545932e+00
   2.0190000e+03   1.2000000e+01   5.0000000e+00   1.5000000e+01   1.0000000e+00   1.9000000e+01  -5.3361167e+01  -3.8717313e+01   4.9512291e+02   3.6154966e+00   4.5439900e+00   3.4678486e+00
   2.0190000e+03   1.2000000e+01   5.0000000e+00   1.5000000e+01   2.0000000e+00   5.5000000e+01  -5.3365532e+01  -3.8716045e+01   4.9232007e+02   5.4073151e+00   4.4671493e+00   3.1247593e+00
   2.0190000e+03   1.2000000e+01   5.0000000e+00   1.5000000e+01   4.0000000e+00   3.1000000e+01  -5.3370020e+01  -3.8714749e+01   5.0602408e+02   7.0495998e+00   1.1682929e+01   4.8070535e+00
   2.0190000e+03   1.2000000e+01   5.0000000e+00   1.5000000e+01   6.0000000e+00   7.0000000e+00  -5.3374389e+01  -3.8713326e+01   4.9456858e+02   4.2320061e+00   1.0572192e+01   1.0089210e+01
   2.0190000e+03   1.2000000e+01   5.0000000e+00   1.5000000e+01   7.0000000e+00   4.5000000e+01  -5.3378753e+01  -3.8711823e+01   4.9503763e+02   5.3317740e+00   1.5095364e+01   1.4690587e+01
   2.0190000e+03   1.2000000e+01   5.0000000e+00   1.5000000e+01   9.0000000e+00   2.1000000e+01  -5.3383235e+01  -3.8710418e+01   5.0674683e+02   7.6423593e+00   1.2106784e+01   1.1733088e+01
   2.0190000e+03   1.2000000e+01   5.0000000e+00   1.5000000e+01   1.0000000e+01   5.5000000e+01  -5.3387581e+01  -3.8709022e+01   4.9167715e+02   6.1073538e+00   1.0060800e+01   9.5804814e+00
   2.0190000e+03   1.2000000e+01   5.0000000e+00   1.5000000e+01   1.2000000e+01   2.9000000e+01  -5.3391966e+01  -3.8707604e+01   4.9618486e+02   7.5848000e+00   1.4050980e+01   1.4050980e+01
   2.0190000e+03   1.2000000e+01   5.0000000e+00   1.5000000e+01   1.4000000e+01   5.0000000e+00  -5.3396451e+01  -3.8706217e+01   5.0676777e+02   5.6004453e+00   1.0167087e+01   8.5791994e+00
   2.0190000e+03   1.2000000e+01   5.0000000e+00   1.5000000e+01   1.5000000e+01   3.9000000e+01  -5.3400813e+01  -3.8704910e+01   4.9243596e+02   8.1485975e+00   9.1178417e+00   9.1178417e+00
   2.0190000e+03   1.2000000e+01   5.0000000e+00   1.5000000e+01   1.7000000e+01   1.5000000e+01  -5.3405232e+01  -3.8703573e+01   4.9899589e+02   4.6822614e+00   8.3054318e+00   8.3054318e+00
   2.0190000e+03   1.2000000e+01   5.0000000e+00   1.5000000e+01   1.8000000e+01   5.1000000e+01  -5.3409654e+01  -3.8702074e+01   5.0130170e+02   9.0646735e+00   1.2524693e+01   1.0180919e+01
   2.0190000e+03   1.2000000e+01   5.0000000e+00   1.5000000e+01   2.0000000e+01   2.7000000e+01  -5.3414094e+01  -3.8700634e+01   5.0246923e+02   6.1489444e+00   8.9519332e+00   7.2653979e+00
   2.0190000e+03   1.2000000e+01   5.0000000e+00   1.5000000e+01   2.2000000e+01   1.0000000e+00  -5.3418448e+01  -3.8699137e+01   4.9388461e+02   7.0040133e+00   6.4223093e+00   5.4098420e+00
   2.0190000e+03   1.2000000e+01   5.0000000e+00   1.5000000e+01   2.3000000e+01   3.7000000e+01  -5.3422919e+01  -3.8697849e+01   5.0407170e+02   4.9303028e+00   6.9203499e+00   6.9203499e+00
   2.0190000e+03   1.2000000e+01   5.0000000e+00   1.5000000e+01   2.5000000e+01   1.1000000e+01  -5.3427327e+01  -3.8696513e+01   4.9768933e+02   5.1354528e+00   6.1817251e+00   6.1817251e+00
   2.0190000e+03   1.2000000e+01   5.0000000e+00   1.5000000e+01   2.6000000e+01   4.5000000e+01  -5.3431684e+01  -3.8695232e+01   4.9159111e+02   4.7349104e+00   5.3711586e+00   5.0020426e+00
   2.0190000e+03   1.2000000e+01   5.0000000e+00   1.5000000e+01   2.8000000e+01   2.1000000e+01  -5.3436091e+01  -3.8693745e+01   4.9950875e+02   2.7034258e+00   5.0876872e+00   4.3766348e+00
   2.0190000e+03   1.2000000e+01   5.0000000e+00   1.5000000e+01   2.9000000e+01   5.9000000e+01  -5.3440486e+01  -3.8692338e+01   4.9715270e+02   5.9269419e+00   9.0977074e+00   8.7115803e+00
   2.0190000e+03   1.2000000e+01   5.0000000e+00   1.5000000e+01   3.1000000e+01   3.7000000e+01  -5.3444911e+01  -3.8690920e+01   5.0061820e+02   5.6557726e+00   1.0735825e+01   9.9421847e+00
   2.0190000e+03   1.2000000e+01   5.0000000e+00   1.5000000e+01   3.3000000e+01   1.3000000e+01  -5.3449354e+01  -3.8689475e+01   5.0283941e+02   5.8650941e+00   7.3134125e+00   5.5394993e+00
   2.0190000e+03   1.2000000e+01   5.0000000e+00   1.5000000e+01   3.4000000e+01   4.9000000e+01  -5.3453768e+01  -3.8688252e+01   4.9709431e+02   4.4853175e+00   7.6003046e+00   4.6956713e+00
   2.0190000e+03   1.2000000e+01   5.0000000e+00   1.5000000e+01   3.6000000e+01   2.5000000e+01  -5.3458147e+01  -3.8686851e+01   4.9534492e+02   4.0599639e+00   6.2063236e+00   4.3916243e+00
   2.0190000e+03   1.2000000e+01   5.0000000e+00   1.5000000e+01   3.8000000e+01   3.0000000e+00  -5.3462533e+01  -3.8685333e+01   4.9759070e+02   5.4475163e+01   8.0193665e+01   8.0193665e+01
   2.0190000e+03   1.2000000e+01   5.0000000e+00   1.5000000e+01   3.9000000e+01   3.9000000e+01  -5.3467001e+01  -3.8683843e+01   5.0623622e+02   6.0576931e+00   2.4810062e+00   2.4810062e+00
   2.0190000e+03   1.2000000e+01   5.0000000e+00   1.5000000e+01   4.1000000e+01   1.7000000e+01  -5.3471361e+01  -3.8682549e+01   4.9194622e+02   8.3020495e+01   1.3012580e+02   1.2609426e+02
   2.0190000e+03   1.2000000e+01   5.0000000e+00   1.5000000e+01   4.2000000e+01   5.5000000e+01  -5.3475812e+01  -3.8681184e+01   5.0278423e+02   4.3214192e+00   3.1273482e+00   2.5511181e+00
   2.0190000e+03   1.2000000e+01   5.0000000e+00   1.5000000e+01   4.4000000e+01   3.1000000e+01  -5.3480197e+01  -3.8679905e+01   4.9449766e+02   5.1916527e+00   4.9428526e+00   4.3083562e+00
   2.0190000e+03   1.2000000e+01   5.0000000e+00   1.5000000e+01   4.6000000e+01   7.0000000e+00  -5.3484580e+01  -3.8678614e+01   4.9455807e+02   5.1312808e+00   4.8044914e+00   2.7409606e+00
   2.0190000e+03   1.2000000e+01   5.0000000e+00   1.5000000e+01   4.7000000e+01   4.1000000e+01  -5.3488984e+01  -3.8677138e+01   4.9895365e+02   1.6614244e+01   1.9655432e+01   1.9106869e+01
   2.0190000e+03   1.2000000e+01   5.0000000e+00   1.5000000e+01   4.9000000e+01   1.9000000e+01  -5.3493404e+01  -3.8675691e+01   5.0037449e+02   6.0216375e+00   3.1962600e+00   1.8399554e+00
   2.0190000e+03   1.2000000e+01   5.0000000e+00   1.5000000e+01   5.0000000e+01   5.7000000e+01  -5.3497796e+01  -3.8674138e+01   4.9868369e+02   5.3828133e+00   5.0144865e+00   1.9172447e+00
   2.0190000e+03   1.2000000e+01   5.0000000e+00   1.5000000e+01   5.2000000e+01   3.3000000e+01  -5.3502183e+01  -3.8672852e+01   4.9487389e+02   4.5268240e+00   4.8980571e+00   2.5649302e+00
   2.0190000e+03   1.2000000e+01   5.0000000e+00   1.5000000e+01   5.4000000e+01   9.0000000e+00  -5.3506605e+01  -3.8671527e+01   4.9914105e+02   4.7510169e+00   4.4362957e+00   1.9978269e+00
   2.0190000e+03   1.2000000e+01   5.0000000e+00   1.5000000e+01   5.5000000e+01   4.5000000e+01  -5.3511087e+01  -3.8670116e+01   5.0668743e+02   4.5515523e+00   4.5543498e+00   2.0969248e+00
   2.0190000e+03   1.2000000e+01   5.0000000e+00   1.5000000e+01   5.7000000e+01   1.9000000e+01  -5.3515484e+01  -3.8668668e+01   4.9781742e+02   6.0526271e+00   4.8542599e+00   2.4721331e+00
   2.0190000e+03   1.2000000e+01   5.0000000e+00   1.5000000e+01   5.8000000e+01   5.3000000e+01  -5.3519879e+01  -3.8667117e+01   4.9906880e+02   5.8145748e+00   4.4184874e+00   3.0439130e+00
   2.0190000e+03   1.2000000e+01   5.0000000e+00   1.6000000e+01   0.0000000e+00   2.7000000e+01  -5.3524266e+01  -3.8665786e+01   4.9531783e+02   6.3987028e+00   4.7566400e+00   3.9248728e+00
   2.0190000e+03   1.2000000e+01   5.0000000e+00   1.6000000e+01   2.0000000e+00   5.0000000e+00  -5.3528675e+01  -3.8664493e+01   4.9731862e+02   5.1113068e+00   2.5393706e+00   1.8079619e+00
   2.0190000e+03   1.2000000e+01   5.0000000e+00   1.6000000e+01   3.0000000e+00   4.3000000e+01  -5.3533098e+01  -3.8663107e+01   4.9998841e+02   4.9602692e+00   2.1262084e+00   2.1262084e+00
   2.0190000e+03   1.2000000e+01   5.0000000e+00   1.6000000e+01   5.0000000e+00   2.1000000e+01  -5.3537538e+01  -3.8661717e+01   5.0181494e+02   5.0941156e+00   1.9395214e+00   1.9395214e+00
   2.0190000e+03   1.2000000e+01   5.0000000e+00   1.6000000e+01   6.0000000e+00   5.9000000e+01  -5.3541932e+01  -3.8660340e+01   4.9666623e+02   3.7400529e+00   2.2190933e+00   2.2190933e+00
   2.0190000e+03   1.2000000e+01   5.0000000e+00   1.6000000e+01   8.0000000e+00   3.7000000e+01  -5.3546343e+01  -3.8658993e+01   4.9815489e+02   2.7734098e+00   1.7804736e+00   1.7804736e+00
   2.0190000e+03   1.2000000e+01   5.0000000e+00   1.6000000e+01   1.0000000e+01   1.5000000e+01  -5.3550724e+01  -3.8657541e+01   4.9619755e+02   3.9793958e+00   2.1019035e+00   2.1019035e+00
   2.0190000e+03   1.2000000e+01   5.0000000e+00   1.6000000e+01   1.1000000e+01   5.3000000e+01  -5.3555132e+01  -3.8656252e+01   4.9715694e+02   4.3900774e+00   4.2298923e+00   4.2298923e+00
   2.0190000e+03   1.2000000e+01   5.0000000e+00   1.6000000e+01   1.3000000e+01   3.1000000e+01  -5.3559521e+01  -3.8654711e+01   4.9818309e+02   2.9353510e+00   3.5521881e+00   3.5521881e+00
   2.0190000e+03   1.2000000e+01   5.0000000e+00   1.6000000e+01   1.5000000e+01   9.0000000e+00  -5.3563956e+01  -3.8653190e+01   5.0285121e+02   3.0048006e+00   3.3317660e+00   3.3317660e+00
   2.0190000e+03   1.2000000e+01   5.0000000e+00   1.6000000e+01   1.6000000e+01   4.7000000e+01  -5.3568405e+01  -3.8651803e+01   5.0281604e+02   3.5767855e+00   2.7707204e+00   2.7707204e+00
   2.0190000e+03   1.2000000e+01   5.0000000e+00   1.6000000e+01   1.8000000e+01   2.5000000e+01  -5.3572807e+01  -3.8650504e+01   4.9658790e+02   3.8891406e+00   4.9539682e+00   4.9539682e+00
   2.0190000e+03   1.2000000e+01   5.0000000e+00   1.6000000e+01   2.0000000e+01   3.0000000e+00  -5.3577201e+01  -3.8649236e+01   4.9544831e+02   3.9577897e+00   5.8865082e+00   5.8865082e+00
   2.0190000e+03   1.2000000e+01   5.0000000e+00   1.6000000e+01   2.1000000e+01   3.9000000e+01  -5.3581624e+01  -3.8647796e+01   5.0052287e+02   3.6034105e+00   3.5224132e+00   3.5224132e+00
   2.0190000e+03   1.2000000e+01   5.0000000e+00   1.6000000e+01   2.3000000e+01   1.5000000e+01  -5.3586019e+01  -3.8646396e+01   4.9708474e+02   3.6606154e+00   5.0395538e+00   5.0395538e+00
   2.0190000e+03   1.2000000e+01   5.0000000e+00   1.6000000e+01   2.4000000e+01   5.1000000e+01  -5.3590471e+01  -3.8645043e+01   5.0266990e+02   3.9088232e+00   6.0054272e+00   6.0054272e+00
   2.0190000e+03   1.2000000e+01   5.0000000e+00   1.6000000e+01   2.6000000e+01   2.5000000e+01  -5.3594835e+01  -3.8643693e+01   4.9302452e+02   4.3544059e+00   7.1707480e+00   7.1707480e+00
   2.0190000e+03   1.2000000e+01   5.0000000e+00   1.6000000e+01   2.7000000e+01   5.9000000e+01  -5.3599211e+01  -3.8642266e+01   4.9521652e+02   5.0679723e+00   8.3458348e+00   8.3458348e+00
   2.0190000e+03   1.2000000e+01   5.0000000e+00   1.6000000e+01   2.9000000e+01   3.5000000e+01  -5.3603690e+01  -3.8640802e+01   5.0706183e+02   3.8922808e+00   6.4097297e+00   6.4097297e+00
   2.0190000e+03   1.2000000e+01   5.0000000e+00   1.6000000e+01   3.1000000e+01   1.1000000e+01  -5.3608045e+01  -3.8639354e+01   4.9320110e+02   4.0771644e+00   4.3566747e+00   4.3566747e+00
   2.0190000e+03   1.2000000e+01   5.0000000e+00   1.6000000e+01   3.2000000e+01   4.7000000e+01  -5.3612502e+01  -3.8637872e+01   5.0478452e+02   4.6085875e+00   4.0096819e+00   4.0096819e+00
   2.0190000e+03   1.2000000e+01   5.0000000e+00   1.6000000e+01   3.4000000e+01   2.3000000e+01  -5.3616914e+01  -3.8636543e+01   4.9808476e+02   3.5383159e+00   2.6617222e+00   2.6617222e+00
   2.0190000e+03   1.2000000e+01   5.0000000e+00   1.6000000e+01   3.6000000e+01   1.0000000e+00  -5.3621285e+01  -3.8635158e+01   4.9417242e+02   4.4480354e+00   3.2219880e+00   3.2219880e+00
   2.0190000e+03   1.2000000e+01   5.0000000e+00   1.6000000e+01   3.7000000e+01   3.7000000e+01  -5.3625747e+01  -3.8633795e+01   5.0389381e+02   3.5229626e+00   3.2485490e+00   3.2485490e+00
   2.0190000e+03   1.2000000e+01   5.0000000e+00   1.6000000e+01   3.9000000e+01   1.5000000e+01  -5.3630128e+01  -3.8632492e+01   4.9434237e+02   5.6198133e+00   3.1257999e+00   3.1257999e+00
   2.0190000e+03   1.2000000e+01   5.0000000e+00   1.6000000e+01   4.0000000e+01   5.3000000e+01  -5.3634533e+01  -3.8631015e+01   4.9903449e+02   5.5609509e+00   2.6776665e+00   2.6776665e+00
   2.0190000e+03   1.2000000e+01   5.0000000e+00   1.6000000e+01   4.2000000e+01   3.1000000e+01  -5.3638893e+01  -3.8629419e+01   4.9579786e+02   6.1701014e+00   2.9428493e+00   2.9428493e+00
   2.0190000e+03   1.2000000e+01   5.0000000e+00   1.6000000e+01   4.4000000e+01   9.0000000e+00  -5.3643319e+01  -3.8628185e+01   4.9855750e+02   7.0690276e+00   3.2805826e+00   3.2805826e+00
   2.0190000e+03   1.2000000e+01   5.0000000e+00   1.6000000e+01   4.5000000e+01   4.7000000e+01  -5.3647732e+01  -3.8626877e+01   4.9783940e+02   6.4358621e+00   5.4797810e+00   3.4124569e+00
   2.0190000e+03   1.2000000e+01   5.0000000e+00   1.6000000e+01   4.7000000e+01   2.5000000e+01  -5.3652146e+01  -3.8625540e+01   4.9831691e+02   8.8914042e+00   9.9279134e+00   4.8377949e+00
   2.0190000e+03   1.2000000e+01   5.0000000e+00   1.6000000e+01   4.9000000e+01   5.0000000e+00  -5.3656576e+01  -3.8623954e+01   5.0317270e+02   6.5957498e+00   5.2981716e+00   4.0387197e+00
   2.0190000e+03   1.2000000e+01   5.0000000e+00   1.6000000e+01   5.0000000e+01   4.3000000e+01  -5.3660915e+01  -3.8622446e+01   4.9234838e+02   5.9093807e+00   2.4472982e+00   2.4472982e+00
   2.0190000e+03   1.2000000e+01   5.0000000e+00   1.6000000e+01   5.2000000e+01   2.1000000e+01  -5.3665331e+01  -3.8621113e+01   4.9842050e+02   5.0276722e+00   7.4990000e+00   4.5881658e+00
   2.0190000e+03   1.2000000e+01   5.0000000e+00   1.6000000e+01   5.3000000e+01   5.7000000e+01  -5.3669832e+01  -3.8619954e+01   5.0598560e+02   3.6891879e+00   5.8923290e+00   2.7325525e+00
   2.0190000e+03   1.2000000e+01   5.0000000e+00   1.6000000e+01   5.5000000e+01   3.5000000e+01  -5.3674173e+01  -3.8618450e+01   4.9237830e+02   3.5349005e+00   4.7563563e+00   2.4893905e+00
   2.0190000e+03   1.2000000e+01   5.0000000e+00   1.6000000e+01   5.7000000e+01   1.1000000e+01  -5.3678599e+01  -3.8616925e+01   5.0196145e+02   3.9416938e+00   5.9009723e+00   2.5785125e+00
   2.0190000e+03   1.2000000e+01   5.0000000e+00   1.6000000e+01   5.8000000e+01   4.7000000e+01  -5.3682995e+01  -3.8615597e+01   4.9632155e+02   5.0444583e+00   3.1209418e+00   3.1209418e+00
   2.0190000e+03   1.2000000e+01   5.0000000e+00   1.7000000e+01   0.0000000e+00   2.3000000e+01  -5.3687422e+01  -3.8614265e+01   4.9962012e+02   4.7045722e+00   1.0303850e+01   5.9752841e+00
   2.0190000e+03   1.2000000e+01   5.0000000e+00   1.7000000e+01   1.0000000e+00   5.9000000e+01  -5.3691841e+01  -3.8612781e+01   5.0063363e+02   6.8571985e+00   1.3241201e+01   8.8517775e+00
   2.0190000e+03   1.2000000e+01   5.0000000e+00   1.7000000e+01   3.0000000e+00   3.5000000e+01  -5.3696264e+01  -3.8611410e+01   4.9973983e+02   7.2367725e+00   1.3347874e+01   9.5573786e+00
   2.0190000e+03   1.2000000e+01   5.0000000e+00   1.7000000e+01   5.0000000e+00   9.0000000e+00  -5.3700623e+01  -3.8610026e+01   4.9285873e+02   2.8993184e+00   8.0403943e+00   5.1189255e+00
   2.0190000e+03   1.2000000e+01   5.0000000e+00   1.7000000e+01   6.0000000e+00   4.7000000e+01  -5.3705007e+01  -3.8608604e+01   4.9604798e+02   3.2375758e+00   7.9125969e+00   5.4075817e+00
   2.0190000e+03   1.2000000e+01   5.0000000e+00   1.7000000e+01   8.0000000e+00   2.3000000e+01  -5.3709490e+01  -3.8607211e+01   5.0650190e+02   1.6094792e+00   5.6924018e+00   3.0492695e+00
   2.0190000e+03   1.2000000e+01   5.0000000e+00   1.7000000e+01   9.0000000e+00   5.9000000e+01  -5.3713899e+01  -3.8605797e+01   4.9870609e+02   1.5287973e+02   2.5317345e+02   2.5174108e+02
   2.0190000e+03   1.2000000e+01   5.0000000e+00   1.7000000e+01   1.1000000e+01   3.3000000e+01  -5.3718255e+01  -3.8604343e+01   4.9333090e+02   1.6961018e+00   6.8084645e+00   3.5565192e+00
   2.0190000e+03   1.2000000e+01   5.0000000e+00   1.7000000e+01   1.3000000e+01   7.0000000e+00  -5.3722641e+01  -3.8602869e+01   4.9690266e+02   2.9697583e+00   9.1732640e+00   4.8222114e+00
   2.0190000e+03   1.2000000e+01   5.0000000e+00   1.7000000e+01   1.4000000e+01   4.3000000e+01  -5.3727127e+01  -3.8601636e+01   5.0501586e+02   2.5546541e+00   6.2672098e+00   2.7754996e+00
   2.0190000e+03   1.2000000e+01   5.0000000e+00   1.7000000e+01   1.6000000e+01   1.9000000e+01  -5.3731553e+01  -3.8600147e+01   5.0148953e+02   3.3243341e+00   8.2432185e+00   3.2754840e+00
   2.0190000e+03   1.2000000e+01   5.0000000e+00   1.7000000e+01   1.7000000e+01   5.3000000e+01  -5.3735874e+01  -3.8598743e+01   4.8900697e+02   2.5324846e+00   8.5571405e+00   3.6545685e+00
   2.0190000e+03   1.2000000e+01   5.0000000e+00   1.7000000e+01   1.9000000e+01   3.1000000e+01  -5.3740301e+01  -3.8597407e+01   4.9969540e+02   1.1842269e+00   5.4141684e+00   2.3297854e+00
   2.0190000e+03   1.2000000e+01   5.0000000e+00   1.7000000e+01   2.1000000e+01   7.0000000e+00  -5.3744779e+01  -3.8595938e+01   5.0684724e+02   1.5952831e+00   6.5307656e+00   2.5183644e+00
   2.0190000e+03   1.2000000e+01   5.0000000e+00   1.7000000e+01   2.2000000e+01   4.1000000e+01  -5.3749127e+01  -3.8594515e+01   4.9209083e+02   2.4197531e+00   7.0173101e+00   3.3779726e+00
   2.0190000e+03   1.2000000e+01   5.0000000e+00   1.7000000e+01   2.4000000e+01   1.7000000e+01  -5.3753572e+01  -3.8592992e+01   5.0401703e+02   2.0003207e+01   3.4049080e+01   1.6031813e+01
   2.0190000e+03   1.2000000e+01   5.0000000e+00   1.7000000e+01   2.5000000e+01   5.3000000e+01  -5.3758013e+01  -3.8591890e+01   4.9869555e+02   1.3763131e+00   1.0167692e+01   2.6865457e+00
   2.0190000e+03   1.2000000e+01   5.0000000e+00   1.7000000e+01   2.7000000e+01   2.9000000e+01  -5.3762405e+01  -3.8590362e+01   4.9828640e+02   2.0838795e+00   8.7615151e+00   3.2214140e+00
   2.0190000e+03   1.2000000e+01   5.0000000e+00   1.7000000e+01   2.9000000e+01   3.0000000e+00  -5.3766744e+01  -3.8588993e+01   4.9040510e+02   2.4236770e+00   8.6652215e+00   4.5576636e+00
   2.0190000e+03   1.2000000e+01   5.0000000e+00   1.7000000e+01   3.0000000e+01   3.9000000e+01  -5.3771155e+01  -3.8587469e+01   5.0036513e+02   2.3620438e+00   7.2425460e+00   6.8176135e+00
   2.0190000e+03   1.2000000e+01   5.0000000e+00   1.7000000e+01   3.2000000e+01   1.5000000e+01  -5.3775595e+01  -3.8586202e+01   5.0023961e+02   2.0407402e+00   4.1391891e+00   3.2436001e+00
   2.0190000e+03   1.2000000e+01   5.0000000e+00   1.7000000e+01   3.3000000e+01   5.3000000e+01  -5.3779966e+01  -3.8584759e+01   4.9492329e+02   2.0844667e+00   5.6954449e+00   4.2055685e+00
   2.0190000e+03   1.2000000e+01   5.0000000e+00   1.7000000e+01   3.5000000e+01   2.9000000e+01  -5.3784448e+01  -3.8583338e+01   5.0672726e+02   3.2360326e+00   5.2516806e+00   4.4340909e+00
   2.0190000e+03   1.2000000e+01   5.0000000e+00   1.7000000e+01   3.7000000e+01   3.0000000e+00  -5.3788797e+01  -3.8582011e+01   4.9099571e+02   2.3892355e+00   3.2480478e+00   9.2364823e-01
   2.0190000e+03   1.2000000e+01   5.0000000e+00   1.7000000e+01   3.8000000e+01   3.9000000e+01  -5.3793224e+01  -3.8580588e+01   5.0073594e+02   1.2418701e+00   2.1455834e+00   9.5647047e-01
   2.0190000e+03   1.2000000e+01   5.0000000e+00   1.7000000e+01   4.0000000e+01   1.5000000e+01  -5.3797659e+01  -3.8579151e+01   5.0180773e+02   2.7249321e+00   3.3447068e+00   1.2718181e+00
   2.0190000e+03   1.2000000e+01   5.0000000e+00   1.7000000e+01   4.1000000e+01   5.1000000e+01  -5.3802063e+01  -3.8577655e+01   4.9902456e+02   9.7778488e-01   2.0576734e+00   1.5232279e+00
   2.0190000e+03   1.2000000e+01   5.0000000e+00   1.7000000e+01   4.3000000e+01   2.7000000e+01  -5.3806520e+01  -3.8576474e+01   5.0139030e+02   1.6028321e+00   2.4761468e+00   1.9750405e+00
   2.0190000e+03   1.2000000e+01   5.0000000e+00   1.7000000e+01   4.5000000e+01   1.0000000e+00  -5.3810836e+01  -3.8574986e+01   4.8939760e+02   1.9296485e+01   3.2281259e+01   2.2625177e+01
   2.0190000e+03   1.2000000e+01   5.0000000e+00   1.7000000e+01   4.6000000e+01   3.7000000e+01  -5.3815251e+01  -3.8573624e+01   4.9869202e+02   5.5453853e+00   9.3060070e+00   5.8931781e+00
   2.0190000e+03   1.2000000e+01   5.0000000e+00   1.7000000e+01   4.8000000e+01   1.3000000e+01  -5.3819665e+01  -3.8572256e+01   4.9860557e+02   1.7609926e+00   3.5566366e+00   2.9594946e+00
   2.0190000e+03   1.2000000e+01   5.0000000e+00   1.7000000e+01   4.9000000e+01   5.1000000e+01  -5.3824069e+01  -3.8570757e+01   4.9916731e+02   1.7995520e+00   3.4608176e+00   3.0335906e+00
   2.0190000e+03   1.2000000e+01   5.0000000e+00   1.7000000e+01   5.1000000e+01   2.7000000e+01  -5.3828544e+01  -3.8569261e+01   5.0681132e+02   1.5996670e+00   3.1589749e+00   2.3957513e+00
   2.0190000e+03   1.2000000e+01   5.0000000e+00   1.7000000e+01   5.3000000e+01   3.0000000e+00  -5.3832934e+01  -3.8567859e+01   4.9636072e+02   1.9154630e+00   2.6241354e+00   1.7673611e+00
   2.0190000e+03   1.2000000e+01   5.0000000e+00   1.7000000e+01   5.4000000e+01   3.9000000e+01  -5.3837343e+01  -3.8566557e+01   4.9739697e+02   3.5842769e+00   5.7780884e+00   4.9786460e+00
   2.0190000e+03   1.2000000e+01   5.0000000e+00   1.7000000e+01   5.6000000e+01   1.5000000e+01  -5.3841748e+01  -3.8565248e+01   4.9695590e+02   2.4477759e+00   3.8077295e+00   3.0984646e+00
   2.0190000e+03   1.2000000e+01   5.0000000e+00   1.7000000e+01   5.7000000e+01   5.1000000e+01  -5.3846130e+01  -3.8563720e+01   4.9713558e+02   3.9153550e+00   7.5449749e+00   6.5821026e+00
   2.0190000e+03   1.2000000e+01   5.0000000e+00   1.7000000e+01   5.9000000e+01   2.7000000e+01  -5.3850541e+01  -3.8562230e+01   4.9972747e+02   3.9885133e+00   1.0100452e+01   8.9473504e+00
   2.0190000e+03   1.2000000e+01   5.0000000e+00   1.8000000e+01   1.0000000e+00   3.0000000e+00  -5.3854947e+01  -3.8560931e+01   4.9694519e+02   3.4841763e+00   5.8059992e+00   4.5658495e+00
   2.0190000e+03   1.2000000e+01   5.0000000e+00   1.8000000e+01   2.0000000e+00   3.9000000e+01  -5.3859391e+01  -3.8559610e+01   5.0134430e+02   3.5791787e+00   6.1308491e+00   5.3268326e+00
   2.0190000e+03   1.2000000e+01   5.0000000e+00   1.8000000e+01   4.0000000e+00   1.5000000e+01  -5.3863802e+01  -3.8557980e+01   5.0168989e+02   5.5808781e+00   9.1046967e+00   8.8500186e+00
   2.0190000e+03   1.2000000e+01   5.0000000e+00   1.8000000e+01   5.0000000e+00   4.9000000e+01  -5.3868174e+01  -3.8556597e+01   4.9414308e+02   4.1909594e+00   6.7828182e+00   6.5066845e+00
   2.0190000e+03   1.2000000e+01   5.0000000e+00   1.8000000e+01   7.0000000e+00   2.5000000e+01  -5.3872635e+01  -3.8555215e+01   5.0395525e+02   2.0188437e+00   2.9976710e+00   2.5754131e+00
   2.0190000e+03   1.2000000e+01   5.0000000e+00   1.8000000e+01   8.0000000e+00   5.9000000e+01  -5.3877007e+01  -3.8553935e+01   4.9297153e+02   3.3645935e+00   5.3511555e+00   3.4567889e+00
   2.0190000e+03   1.2000000e+01   5.0000000e+00   1.8000000e+01   1.0000000e+01   3.5000000e+01  -5.3881427e+01  -3.8552395e+01   5.0137028e+02   4.4897752e+00   8.0820434e+00   5.2049885e+00
   2.0190000e+03   1.2000000e+01   5.0000000e+00   1.8000000e+01   1.2000000e+01   1.1000000e+01  -5.3885889e+01  -3.8551107e+01   5.0300778e+02   1.5659086e+00   4.7285914e+00   2.3568317e+00
   2.0190000e+03   1.2000000e+01   5.0000000e+00   1.8000000e+01   1.3000000e+01   4.5000000e+01  -5.3890228e+01  -3.8549518e+01   4.9326045e+02   1.7400021e+00   4.5366255e+00   4.2640768e+00
   2.0190000e+03   1.2000000e+01   5.0000000e+00   1.8000000e+01   1.5000000e+01   1.9000000e+01  -5.3894599e+01  -3.8548176e+01   4.9359148e+02   1.3104400e+00   3.0007246e+00   2.2474216e+00
   2.0190000e+03   1.2000000e+01   5.0000000e+00   1.8000000e+01   1.6000000e+01   5.5000000e+01  -5.3899056e+01  -3.8546788e+01   5.0351186e+02   7.1905655e-01   2.1163491e+00   1.7297349e+00
   2.0190000e+03   1.2000000e+01   5.0000000e+00   1.8000000e+01   1.8000000e+01   3.1000000e+01  -5.3903508e+01  -3.8545408e+01   5.0288841e+02   1.6931248e-01   1.1290381e+00   5.1508414e-01
   2.0190000e+03   1.2000000e+01   5.0000000e+00   1.8000000e+01   2.0000000e+01   5.0000000e+00  -5.3907859e+01  -3.8544016e+01   4.9199348e+02   3.9775020e-01   1.9666131e+00   3.8492347e-01
   2.0190000e+03   1.2000000e+01   5.0000000e+00   1.8000000e+01   2.1000000e+01   4.1000000e+01  -5.3912321e+01  -3.8542593e+01   5.0451755e+02   1.3070895e+00   3.7016290e+00   1.9836112e+00
   2.0190000e+03   1.2000000e+01   5.0000000e+00   1.8000000e+01   2.3000000e+01   1.5000000e+01  -5.3916713e+01  -3.8541195e+01   4.9650770e+02   1.7256721e+00   4.8793180e+00   3.2397626e+00
   2.0190000e+03   1.2000000e+01   5.0000000e+00   1.8000000e+01   2.4000000e+01   4.9000000e+01  -5.3921077e+01  -3.8539788e+01   4.9355617e+02   1.3520545e+00   4.9912391e+00   3.8199961e+00
   2.0190000e+03   1.2000000e+01   5.0000000e+00   1.8000000e+01   2.6000000e+01   2.5000000e+01  -5.3925510e+01  -3.8538377e+01   5.0116911e+02   1.6099004e+00   3.9509384e+00   3.1018245e+00
   2.0190000e+03   1.2000000e+01   5.0000000e+00   1.8000000e+01   2.8000000e+01   1.0000000e+00  -5.3929909e+01  -3.8536940e+01   4.9786110e+02   1.4116650e+00   5.1574959e+00   4.2836045e+00
   2.0190000e+03   1.2000000e+01   5.0000000e+00   1.8000000e+01   2.9000000e+01   4.5000000e+01  -5.3934226e+01  -3.8534952e+01   4.9701023e+02   8.5433312e-01   3.4455823e+00   2.4892510e+00
   2.0190000e+03   1.2000000e+01   5.0000000e+00   1.8000000e+01   3.1000000e+01   4.1000000e+01  -5.3937447e+01  -3.8530047e+01   4.8064763e+02   6.5085573e-01   1.6836103e+00   1.3058647e+00
   2.0190000e+03   1.2000000e+01   5.0000000e+00   1.8000000e+01   3.3000000e+01   3.9000000e+01  -5.3941549e+01  -3.8528323e+01   4.6957173e+02   1.6667908e+00   3.4218795e+00   2.0226904e+00
   2.0190000e+03   1.2000000e+01   5.0000000e+00   1.8000000e+01   3.5000000e+01   2.3000000e+01  -5.3946043e+01  -3.8528610e+01   4.9970920e+02   1.6973431e+00   3.2085466e+00   2.0928233e+00
   2.0190000e+03   1.2000000e+01   5.0000000e+00   1.8000000e+01   3.7000000e+01   3.0000000e+00  -5.3950491e+01  -3.8528199e+01   4.9500089e+02   1.8132004e+00   3.4892263e+00   2.7061288e+00
   2.0190000e+03   1.2000000e+01   5.0000000e+00   1.8000000e+01   3.8000000e+01   4.1000000e+01  -5.3954889e+01  -3.8527007e+01   4.9481114e+02   1.1319566e+00   2.7813613e+00   1.9303183e+00
   2.0190000e+03   1.2000000e+01   5.0000000e+00   1.8000000e+01   4.0000000e+01   1.7000000e+01  -5.3959332e+01  -3.8525799e+01   5.0002635e+02   4.7457578e-01   9.1987847e-01   6.5735516e-01
