   2.0190000e+03   1.2000000e+01   4.0000000e+00   1.4000000e+01   3.5000000e+01   3.3000000e+01  -5.4032388e+01  -3.9087913e+01   4.9885481e+02   3.3720752e-01   2.5323573e-01   2.3047915e-01
   2.0190000e+03   1.2000000e+01   4.0000000e+00   1.4000000e+01   3.7000000e+01   5.0000000e+00  -5.4027852e+01  -3.9087132e+01   5.0658907e+02   2.5425843e+00   2.5704804e+00   1.6350501e+00
   2.0190000e+03   1.2000000e+01   4.0000000e+00   1.4000000e+01   3.8000000e+01   3.7000000e+01  -5.4023507e+01  -3.9088847e+01   4.9562095e+02   2.3286675e+00   2.7214445e+00   1.9461053e+00
   2.0190000e+03   1.2000000e+01   4.0000000e+00   1.4000000e+01   4.0000000e+01   1.1000000e+01  -5.4019134e+01  -3.9090496e+01   4.9770989e+02   2.3584626e+00   2.7523475e+00   2.2780507e+00
   2.0190000e+03   1.2000000e+01   4.0000000e+00   1.4000000e+01   4.1000000e+01   5.1000000e+01  -5.4014717e+01  -3.9091747e+01   4.9758421e+02   2.3995996e+00   3.2372147e+00   2.8015490e+00
   2.0190000e+03   1.2000000e+01   4.0000000e+00   1.4000000e+01   4.3000000e+01   3.1000000e+01  -5.4010272e+01  -3.9092987e+01   5.0046419e+02   2.4559765e+00   3.0015652e+00   2.7197683e+00
   2.0190000e+03   1.2000000e+01   4.0000000e+00   1.4000000e+01   4.5000000e+01   1.1000000e+01  -5.4005893e+01  -3.9094597e+01   4.9785823e+02   2.2042599e+00   3.3886785e+00   2.6516432e+00
   2.0190000e+03   1.2000000e+01   4.0000000e+00   1.4000000e+01   4.6000000e+01   4.7000000e+01  -5.4001466e+01  -3.9095966e+01   4.9998992e+02   2.6934266e+00   2.0598715e+00   1.1664441e+00
   2.0190000e+03   1.2000000e+01   4.0000000e+00   1.4000000e+01   4.8000000e+01   2.5000000e+01  -5.3997076e+01  -3.9097276e+01   4.9523342e+02   2.3276545e+00   3.7518123e+00   3.3047716e+00
   2.0190000e+03   1.2000000e+01   4.0000000e+00   1.4000000e+01   5.0000000e+01   1.0000000e+00  -5.3992570e+01  -3.9098447e+01   5.0655719e+02   2.2089698e+00   4.4381977e+00   1.8084777e+00
   2.0190000e+03   1.2000000e+01   4.0000000e+00   1.4000000e+01   5.1000000e+01   3.7000000e+01  -5.3988168e+01  -3.9099699e+01   4.9594771e+02   6.4961732e+00   8.6069722e+00   8.2413296e+00
   2.0190000e+03   1.2000000e+01   4.0000000e+00   1.4000000e+01   5.3000000e+01   1.3000000e+01  -5.3983780e+01  -3.9101074e+01   4.9580634e+02   3.9725180e+00   5.9621638e+00   5.4439749e+00
   2.0190000e+03   1.2000000e+01   4.0000000e+00   1.4000000e+01   5.4000000e+01   5.1000000e+01  -5.3979394e+01  -3.9102463e+01   4.9570942e+02   2.8173000e+00   3.9403412e+00   3.3917706e+00
   2.0190000e+03   1.2000000e+01   4.0000000e+00   1.4000000e+01   5.6000000e+01   2.9000000e+01  -5.3974971e+01  -3.9103778e+01   4.9897421e+02   2.5431599e+00   4.3436469e+00   2.9616320e+00
   2.0190000e+03   1.2000000e+01   4.0000000e+00   1.4000000e+01   5.8000000e+01   7.0000000e+00  -5.3970559e+01  -3.9105171e+01   4.9860774e+02   2.1931548e+00   2.4606991e+00   1.4856682e+00
   2.0190000e+03   1.2000000e+01   4.0000000e+00   1.4000000e+01   5.9000000e+01   4.5000000e+01  -5.3966148e+01  -3.9106563e+01   4.9851188e+02   3.3261710e+00   6.9195559e+00   4.5689349e+00
   2.0190000e+03   1.2000000e+01   4.0000000e+00   1.5000000e+01   1.0000000e+00   2.3000000e+01  -5.3961739e+01  -3.9108006e+01   4.9897881e+02   1.9699136e+00   5.0656814e+00   4.5266964e+00
   2.0190000e+03   1.2000000e+01   4.0000000e+00   1.5000000e+01   3.0000000e+00   1.0000000e+00  -5.3957306e+01  -3.9109242e+01   4.9917807e+02   2.6267454e+00   7.2315723e+00   6.1989282e+00
   2.0190000e+03   1.2000000e+01   4.0000000e+00   1.5000000e+01   4.0000000e+00   3.9000000e+01  -5.3952834e+01  -3.9110628e+01   5.0511813e+02   1.6714866e+00   5.7981170e+00   1.8167705e+00
   2.0190000e+03   1.2000000e+01   4.0000000e+00   1.5000000e+01   6.0000000e+00   1.5000000e+01  -5.3948431e+01  -3.9112070e+01   4.9826699e+02   5.2158612e+00   9.8967462e+00   4.0895780e+00
   2.0190000e+03   1.2000000e+01   4.0000000e+00   1.5000000e+01   7.0000000e+00   5.1000000e+01  -5.3943995e+01  -3.9113418e+01   5.0069432e+02   2.5083757e+00   8.2675115e+00   7.4902427e+00
   2.0190000e+03   1.2000000e+01   4.0000000e+00   1.5000000e+01   9.0000000e+00   2.7000000e+01  -5.3939561e+01  -3.9114715e+01   4.9999908e+02   3.2161542e+00   6.0001683e+00   4.0089020e+00
   2.0190000e+03   1.2000000e+01   4.0000000e+00   1.5000000e+01   1.1000000e+01   5.0000000e+00  -5.3935205e+01  -3.9116008e+01   4.9139495e+02   3.4223176e+00   6.2330345e+00   3.5673615e+00
   2.0190000e+03   1.2000000e+01   4.0000000e+00   1.5000000e+01   1.2000000e+01   4.3000000e+01  -5.3930766e+01  -3.9117285e+01   5.0026826e+02   2.1579902e+00   7.8125184e+00   7.3057427e+00
   2.0190000e+03   1.2000000e+01   4.0000000e+00   1.5000000e+01   1.4000000e+01   2.3000000e+01  -5.3926310e+01  -3.9118603e+01   5.0257986e+02   2.4962880e+00   8.7195342e+00   7.3793022e+00
   2.0190000e+03   1.2000000e+01   4.0000000e+00   1.5000000e+01   1.6000000e+01   1.0000000e+00  -5.3921892e+01  -3.9119914e+01   4.9838240e+02   7.1717415e+00   1.3706209e+01   1.3207942e+01
   2.0190000e+03   1.2000000e+01   4.0000000e+00   1.5000000e+01   1.7000000e+01   3.9000000e+01  -5.3917472e+01  -3.9121297e+01   4.9942803e+02   3.4333988e+01   5.6560903e+01   5.5507922e+01
   2.0190000e+03   1.2000000e+01   4.0000000e+00   1.5000000e+01   1.9000000e+01   1.7000000e+01  -5.3913051e+01  -3.9122664e+01   4.9933521e+02   2.0704276e+00   3.6961554e+00   3.3151936e+00
   2.0190000e+03   1.2000000e+01   4.0000000e+00   1.5000000e+01   2.0000000e+01   5.5000000e+01  -5.3908691e+01  -3.9124020e+01   4.9252627e+02   3.4132777e+00   8.7651961e+00   7.5460642e+00
   2.0190000e+03   1.2000000e+01   4.0000000e+00   1.5000000e+01   2.2000000e+01   3.5000000e+01  -5.3904207e+01  -3.9125331e+01   5.0557678e+02   2.9816584e+00   6.0160992e+00   4.7654522e+00
   2.0190000e+03   1.2000000e+01   4.0000000e+00   1.5000000e+01   2.4000000e+01   1.1000000e+01  -5.3899788e+01  -3.9126786e+01   5.0026617e+02   3.1780570e+00   6.8648798e+00   5.6160525e+00
   2.0190000e+03   1.2000000e+01   4.0000000e+00   1.5000000e+01   2.5000000e+01   4.9000000e+01  -5.3895451e+01  -3.9128221e+01   4.9094219e+02   2.0994071e+00   8.1913414e+00   5.9809063e+00
   2.0190000e+03   1.2000000e+01   4.0000000e+00   1.5000000e+01   2.7000000e+01   2.5000000e+01  -5.3890996e+01  -3.9129621e+01   5.0348872e+02   3.0923338e+00   8.2027470e+00   5.7409654e+00
   2.0190000e+03   1.2000000e+01   4.0000000e+00   1.5000000e+01   2.8000000e+01   5.9000000e+01  -5.3886598e+01  -3.9130958e+01   4.9648165e+02   3.0055546e+00   4.8932018e+00   2.2978169e+00
   2.0190000e+03   1.2000000e+01   4.0000000e+00   1.5000000e+01   3.0000000e+01   3.5000000e+01  -5.3882135e+01  -3.9132227e+01   5.0281499e+02   3.3895492e+00   8.3380543e+00   5.5729304e+00
   2.0190000e+03   1.2000000e+01   4.0000000e+00   1.5000000e+01   3.2000000e+01   1.1000000e+01  -5.3877726e+01  -3.9133526e+01   4.9726046e+02   2.9151711e+00   9.3204316e+00   6.0225541e+00
   2.0190000e+03   1.2000000e+01   4.0000000e+00   1.5000000e+01   3.3000000e+01   4.7000000e+01  -5.3873290e+01  -3.9134976e+01   5.0207322e+02   2.6542104e+00   6.6664502e+00   3.3337698e+00
   2.0190000e+03   1.2000000e+01   4.0000000e+00   1.5000000e+01   3.5000000e+01   2.3000000e+01  -5.3868879e+01  -3.9136341e+01   4.9816794e+02   2.8834022e+00   5.8907423e+00   1.4871330e+00
   2.0190000e+03   1.2000000e+01   4.0000000e+00   1.5000000e+01   3.7000000e+01   1.0000000e+00  -5.3864504e+01  -3.9137791e+01   4.9535542e+02   3.0070246e+00   7.4209516e+00   2.8566067e+00
   2.0190000e+03   1.2000000e+01   4.0000000e+00   1.5000000e+01   3.8000000e+01   3.9000000e+01  -5.3860038e+01  -3.9139050e+01   5.0312119e+02   2.7288228e+00   7.2850334e+00   3.6084067e+00
   2.0190000e+03   1.2000000e+01   4.0000000e+00   1.5000000e+01   4.0000000e+01   1.7000000e+01  -5.3855591e+01  -3.9140290e+01   5.0071760e+02   3.5098204e+00   9.9093896e+00   6.8714107e+00
   2.0190000e+03   1.2000000e+01   4.0000000e+00   1.5000000e+01   4.1000000e+01   5.5000000e+01  -5.3851149e+01  -3.9141463e+01   4.9958113e+02   1.9827032e+00   5.9261220e+00   3.4929225e+00
   2.0190000e+03   1.2000000e+01   4.0000000e+00   1.5000000e+01   4.3000000e+01   3.3000000e+01  -5.3846799e+01  -3.9142817e+01   4.9141278e+02   2.0982093e+00   1.3614914e+01   1.1245766e+01
   2.0190000e+03   1.2000000e+01   4.0000000e+00   1.5000000e+01   4.5000000e+01   1.1000000e+01  -5.3842344e+01  -3.9144399e+01   5.0585880e+02   4.8230901e+00   1.7667706e+01   1.3820411e+01
   2.0190000e+03   1.2000000e+01   4.0000000e+00   1.5000000e+01   4.6000000e+01   4.7000000e+01  -5.3837967e+01  -3.9145518e+01   4.9182247e+02   4.3080260e+00   1.2497972e+01   8.8192721e+00
   2.0190000e+03   1.2000000e+01   4.0000000e+00   1.5000000e+01   4.8000000e+01   2.3000000e+01  -5.3833485e+01  -3.9146879e+01   5.0600666e+02   2.7237912e+00   1.3015388e+01   6.2159113e+00
   2.0190000e+03   1.2000000e+01   4.0000000e+00   1.5000000e+01   5.0000000e+01   1.0000000e+00  -5.3829122e+01  -3.9148250e+01   4.9310775e+02   4.1941771e+00   1.0731079e+01   7.0695619e+00
   2.0190000e+03   1.2000000e+01   4.0000000e+00   1.5000000e+01   5.1000000e+01   3.9000000e+01  -5.3824727e+01  -3.9149685e+01   4.9735715e+02   5.6574812e+00   1.1900811e+01   8.5127329e+00
   2.0190000e+03   1.2000000e+01   4.0000000e+00   1.5000000e+01   5.3000000e+01   1.9000000e+01  -5.3820248e+01  -3.9151137e+01   5.0673422e+02   5.5169482e+00   1.3465619e+01   9.0764883e+00
   2.0190000e+03   1.2000000e+01   4.0000000e+00   1.5000000e+01   5.4000000e+01   5.5000000e+01  -5.3815877e+01  -3.9152513e+01   4.9404099e+02   6.5659607e+00   1.7310796e+01   1.2883870e+01
   2.0190000e+03   1.2000000e+01   4.0000000e+00   1.5000000e+01   5.6000000e+01   3.1000000e+01  -5.3811463e+01  -3.9153873e+01   4.9852074e+02   7.0587597e+00   1.0791497e+01   6.5802038e+00
   2.0190000e+03   1.2000000e+01   4.0000000e+00   1.5000000e+01   5.8000000e+01   9.0000000e+00  -5.3807050e+01  -3.9155161e+01   4.9753247e+02   6.1484627e+00   1.3635754e+01   7.7713030e+00
   2.0190000e+03   1.2000000e+01   4.0000000e+00   1.5000000e+01   5.9000000e+01   4.5000000e+01  -5.3802611e+01  -3.9156436e+01   5.0038667e+02   7.2009134e+00   1.4336251e+01   7.0886572e+00
   2.0190000e+03   1.2000000e+01   4.0000000e+00   1.6000000e+01   1.0000000e+00   2.3000000e+01  -5.3798175e+01  -3.9157891e+01   5.0207720e+02   1.0001882e+01   1.5890949e+01   8.2006915e+00
   2.0190000e+03   1.2000000e+01   4.0000000e+00   1.6000000e+01   2.0000000e+00   5.9000000e+01  -5.3793820e+01  -3.9159334e+01   4.9309498e+02   1.1822579e+01   1.7789765e+01   8.3339745e+00
   2.0190000e+03   1.2000000e+01   4.0000000e+00   1.6000000e+01   4.0000000e+00   3.7000000e+01  -5.3789418e+01  -3.9160713e+01   4.9746251e+02   1.0645565e+01   1.3220668e+01   5.7366762e+00
   2.0190000e+03   1.2000000e+01   4.0000000e+00   1.6000000e+01   6.0000000e+00   1.3000000e+01  -5.3784917e+01  -3.9161908e+01   5.0621130e+02   1.1318025e+01   1.6377553e+01   7.4758813e+00
   2.0190000e+03   1.2000000e+01   4.0000000e+00   1.6000000e+01   7.0000000e+00   4.9000000e+01  -5.3780515e+01  -3.9163105e+01   4.9542104e+02   8.6341990e+00   1.1459451e+01   4.1440642e+00
   2.0190000e+03   1.2000000e+01   4.0000000e+00   1.6000000e+01   9.0000000e+00   2.5000000e+01  -5.3776079e+01  -3.9164364e+01   4.9986858e+02   6.5907959e+00   1.1443821e+01   5.4605046e+00
   2.0190000e+03   1.2000000e+01   4.0000000e+00   1.6000000e+01   1.1000000e+01   1.0000000e+00  -5.3771683e+01  -3.9165808e+01   4.9761720e+02   6.7730319e+00   6.8997063e+00   3.1535934e+00
   2.0190000e+03   1.2000000e+01   4.0000000e+00   1.6000000e+01   1.2000000e+01   3.9000000e+01  -5.3767299e+01  -3.9167262e+01   4.9636370e+02   7.6515585e+00   1.3354161e+01   7.6643209e+00
   2.0190000e+03   1.2000000e+01   4.0000000e+00   1.6000000e+01   1.4000000e+01   1.7000000e+01  -5.3762828e+01  -3.9168606e+01   5.0458908e+02   6.4506216e+00   9.1035894e+00   4.6611700e+00
   2.0190000e+03   1.2000000e+01   4.0000000e+00   1.6000000e+01   1.5000000e+01   5.5000000e+01  -5.3758409e+01  -3.9169979e+01   4.9933301e+02   1.5844953e+01   1.5194697e+01   6.8388046e+00
   2.0190000e+03   1.2000000e+01   4.0000000e+00   1.6000000e+01   1.7000000e+01   3.3000000e+01  -5.3753979e+01  -3.9171355e+01   5.0040261e+02   6.8953435e+00   1.0722856e+01   7.0628298e+00
   2.0190000e+03   1.2000000e+01   4.0000000e+00   1.6000000e+01   1.9000000e+01   9.0000000e+00  -5.3749588e+01  -3.9172694e+01   4.9583452e+02   5.7908489e+00   9.4786151e+00   5.5968380e+00
   2.0190000e+03   1.2000000e+01   4.0000000e+00   1.6000000e+01   2.0000000e+01   4.7000000e+01  -5.3745224e+01  -3.9174111e+01   4.9378632e+02   9.9003728e+00   1.7429647e+01   1.3511815e+01
   2.0190000e+03   1.2000000e+01   4.0000000e+00   1.6000000e+01   2.2000000e+01   2.3000000e+01  -5.3740775e+01  -3.9175575e+01   5.0365830e+02   5.8250161e+00   1.1869660e+01   7.1734645e+00
   2.0190000e+03   1.2000000e+01   4.0000000e+00   1.6000000e+01   2.4000000e+01   1.0000000e+00  -5.3736318e+01  -3.9176885e+01   5.0272732e+02   1.2719782e+01   2.0412823e+01   1.5642102e+01
   2.0190000e+03   1.2000000e+01   4.0000000e+00   1.6000000e+01   2.5000000e+01   3.9000000e+01  -5.3731895e+01  -3.9178147e+01   4.9836729e+02   7.1160841e+00   1.2700041e+01   8.1135085e+00
   2.0190000e+03   1.2000000e+01   4.0000000e+00   1.6000000e+01   2.7000000e+01   1.7000000e+01  -5.3727528e+01  -3.9179457e+01   4.9290499e+02   6.6321400e+00   1.3402579e+01   7.2879429e+00
   2.0190000e+03   1.2000000e+01   4.0000000e+00   1.6000000e+01   2.8000000e+01   5.5000000e+01  -5.3723113e+01  -3.9180883e+01   4.9938736e+02   7.1387864e+00   1.2025308e+01   5.8461938e+00
   2.0190000e+03   1.2000000e+01   4.0000000e+00   1.6000000e+01   3.0000000e+01   3.3000000e+01  -5.3718706e+01  -3.9182278e+01   4.9828791e+02   8.7259713e+00   1.1868713e+01   3.8764792e+00
   2.0190000e+03   1.2000000e+01   4.0000000e+00   1.6000000e+01   3.2000000e+01   1.1000000e+01  -5.3714276e+01  -3.9183638e+01   5.0029385e+02   9.3856452e+00   1.2332864e+01   5.2600846e+00
   2.0190000e+03   1.2000000e+01   4.0000000e+00   1.6000000e+01   3.3000000e+01   4.9000000e+01  -5.3709822e+01  -3.9184842e+01   5.0127642e+02   1.0031586e+01   1.1603418e+01   4.9046936e+00
   2.0190000e+03   1.2000000e+01   4.0000000e+00   1.6000000e+01   3.5000000e+01   2.9000000e+01  -5.3705396e+01  -3.9186054e+01   4.9818995e+02   9.5848095e+00   1.3423797e+01   6.2251594e+00
   2.0190000e+03   1.2000000e+01   4.0000000e+00   1.6000000e+01   3.7000000e+01   5.0000000e+00  -5.3700977e+01  -3.9187537e+01   5.0060915e+02   1.1093537e+01   1.0211024e+01   2.1018739e+00
   2.0190000e+03   1.2000000e+01   4.0000000e+00   1.6000000e+01   3.8000000e+01   4.1000000e+01  -5.3696627e+01  -3.9188946e+01   4.9222989e+02   7.8710941e+00   1.1048853e+01   3.7552855e+00
   2.0190000e+03   1.2000000e+01   4.0000000e+00   1.6000000e+01   4.0000000e+01   1.9000000e+01  -5.3692139e+01  -3.9190262e+01   5.0612896e+02   6.9397353e+00   3.3016932e+00   1.6214959e+00
   2.0190000e+03   1.2000000e+01   4.0000000e+00   1.6000000e+01   4.1000000e+01   5.7000000e+01  -5.3687733e+01  -3.9191589e+01   4.9737912e+02   8.6401192e+00   8.3874715e+00   4.9155618e+00
   2.0190000e+03   1.2000000e+01   4.0000000e+00   1.6000000e+01   4.3000000e+01   3.3000000e+01  -5.3683315e+01  -3.9192901e+01   4.9840485e+02   9.7253296e+00   5.3498130e+00   2.7415109e+00
   2.0190000e+03   1.2000000e+01   4.0000000e+00   1.6000000e+01   4.5000000e+01   7.0000000e+00  -5.3678898e+01  -3.9194298e+01   4.9937616e+02   9.4444033e+00   5.2768240e+00   3.4973183e+00
   2.0190000e+03   1.2000000e+01   4.0000000e+00   1.6000000e+01   4.6000000e+01   4.3000000e+01  -5.3674473e+01  -3.9195665e+01   4.9987299e+02   8.1540239e+00   4.5831792e+00   3.2274828e+00
   2.0190000e+03   1.2000000e+01   4.0000000e+00   1.6000000e+01   4.8000000e+01   1.9000000e+01  -5.3670056e+01  -3.9196941e+01   4.9790812e+02   7.4985138e+00   4.8902116e+00   2.6839918e+00
   2.0190000e+03   1.2000000e+01   4.0000000e+00   1.6000000e+01   4.9000000e+01   5.5000000e+01  -5.3665666e+01  -3.9198277e+01   4.9566640e+02   6.5013676e+00   3.4379258e+00   2.9736253e+00
   2.0190000e+03   1.2000000e+01   4.0000000e+00   1.6000000e+01   5.1000000e+01   3.5000000e+01  -5.3661235e+01  -3.9199622e+01   5.0028674e+02   4.9501008e+00   5.3328117e+00   4.0101461e+00
   2.0190000e+03   1.2000000e+01   4.0000000e+00   1.6000000e+01   5.3000000e+01   1.3000000e+01  -5.3656846e+01  -3.9200914e+01   4.9507001e+02   7.3073574e+00   7.5715837e+00   5.4459834e+00
   2.0190000e+03   1.2000000e+01   4.0000000e+00   1.6000000e+01   5.4000000e+01   5.1000000e+01  -5.3652380e+01  -3.9202354e+01   5.0530564e+02   7.9289085e+00   9.5058216e+00   7.0441844e+00
   2.0190000e+03   1.2000000e+01   4.0000000e+00   1.6000000e+01   5.6000000e+01   2.7000000e+01  -5.3647994e+01  -3.9203687e+01   4.9517572e+02   8.6261673e+00   1.0169574e+01   8.7076419e+00
   2.0190000e+03   1.2000000e+01   4.0000000e+00   1.6000000e+01   5.8000000e+01   5.0000000e+00  -5.3643605e+01  -3.9205012e+01   4.9541491e+02   9.5232888e+00   1.3257716e+01   8.8180928e+00
   2.0190000e+03   1.2000000e+01   4.0000000e+00   1.6000000e+01   5.9000000e+01   4.1000000e+01  -5.3639175e+01  -3.9206332e+01   4.9991999e+02   1.2325341e+01   1.6579494e+01   1.1904984e+01
   2.0190000e+03   1.2000000e+01   4.0000000e+00   1.7000000e+01   1.0000000e+00   1.9000000e+01  -5.3634765e+01  -3.9207651e+01   4.9764683e+02   8.5790864e+00   1.0356398e+01   4.5751411e+00
   2.0190000e+03   1.2000000e+01   4.0000000e+00   1.7000000e+01   2.0000000e+00   5.7000000e+01  -5.3630290e+01  -3.9208900e+01   5.0406547e+02   9.8687384e+00   1.0188932e+01   4.1968976e+00
   2.0190000e+03   1.2000000e+01   4.0000000e+00   1.7000000e+01   4.0000000e+00   3.3000000e+01  -5.3625927e+01  -3.9210365e+01   4.9434509e+02   7.5868858e+00   8.1913862e+00   4.6618540e+00
   2.0190000e+03   1.2000000e+01   4.0000000e+00   1.7000000e+01   6.0000000e+00   9.0000000e+00  -5.3621542e+01  -3.9211779e+01   4.9606678e+02   6.7891193e+00   5.3875712e+00   4.1830157e+00
   2.0190000e+03   1.2000000e+01   4.0000000e+00   1.7000000e+01   7.0000000e+00   4.5000000e+01  -5.3617100e+01  -3.9213054e+01   5.0068284e+02   5.6749414e+00   4.1448663e+00   2.7732539e+00
   2.0190000e+03   1.2000000e+01   4.0000000e+00   1.7000000e+01   9.0000000e+00   2.1000000e+01  -5.3612634e+01  -3.9214481e+01   5.0518807e+02   7.1067017e+00   3.1079631e+00   3.1079631e+00
   2.0190000e+03   1.2000000e+01   4.0000000e+00   1.7000000e+01   1.0000000e+01   5.7000000e+01  -5.3608221e+01  -3.9215693e+01   4.9678771e+02   5.9452266e+00   3.8890915e+00   3.8890915e+00
   2.0190000e+03   1.2000000e+01   4.0000000e+00   1.7000000e+01   1.2000000e+01   3.5000000e+01  -5.3603817e+01  -3.9216928e+01   4.9608546e+02   6.4503222e+00   4.8307720e+00   3.6007843e+00
   2.0190000e+03   1.2000000e+01   4.0000000e+00   1.7000000e+01   1.4000000e+01   1.3000000e+01  -5.3599338e+01  -3.9218149e+01   5.0418627e+02   7.1289073e+00   6.5935383e+00   3.7940855e+00
   2.0190000e+03   1.2000000e+01   4.0000000e+00   1.7000000e+01   1.5000000e+01   5.1000000e+01  -5.3594946e+01  -3.9219617e+01   4.9759132e+02   6.6397087e+00   6.6182533e+00   4.2948680e+00
   2.0190000e+03   1.2000000e+01   4.0000000e+00   1.7000000e+01   1.7000000e+01   2.9000000e+01  -5.3590592e+01  -3.9221011e+01   4.9245397e+02   6.1420725e+00   8.1420926e+00   6.9315277e+00
   2.0190000e+03   1.2000000e+01   4.0000000e+00   1.7000000e+01   1.9000000e+01   5.0000000e+00  -5.3586158e+01  -3.9222485e+01   5.0218054e+02   9.1887709e+00   1.3533607e+01   1.2403774e+01
   2.0190000e+03   1.2000000e+01   4.0000000e+00   1.7000000e+01   2.0000000e+01   4.3000000e+01  -5.3581761e+01  -3.9223864e+01   4.9700093e+02   7.1293233e+00   8.0925227e+00   7.6810388e+00
   2.0190000e+03   1.2000000e+01   4.0000000e+00   1.7000000e+01   2.2000000e+01   1.9000000e+01  -5.3577305e+01  -3.9225013e+01   5.0095617e+02   6.7913814e+00   6.4030292e+00   4.7306677e+00
   2.0190000e+03   1.2000000e+01   4.0000000e+00   1.7000000e+01   2.3000000e+01   5.7000000e+01  -5.3572910e+01  -3.9226368e+01   4.9646860e+02   6.7465179e+00   5.5792058e+00   5.1411293e+00
   2.0190000e+03   1.2000000e+01   4.0000000e+00   1.7000000e+01   2.5000000e+01   3.5000000e+01  -5.3568516e+01  -3.9227686e+01   4.9596933e+02   4.5962736e+00   4.3875761e+00   4.3875761e+00
   2.0190000e+03   1.2000000e+01   4.0000000e+00   1.7000000e+01   2.7000000e+01   1.1000000e+01  -5.3564102e+01  -3.9229141e+01   4.9974828e+02   4.4800215e+00   6.3383989e+00   4.4507144e+00
   2.0190000e+03   1.2000000e+01   4.0000000e+00   1.7000000e+01   2.8000000e+01   4.9000000e+01  -5.3559689e+01  -3.9230404e+01   4.9737373e+02   6.2427138e+00   6.1299013e+00   5.7035733e+00
   2.0190000e+03   1.2000000e+01   4.0000000e+00   1.7000000e+01   3.0000000e+01   2.5000000e+01  -5.3555225e+01  -3.9231800e+01   5.0461378e+02   6.1011638e+00   4.8503184e+00   4.5680926e+00
   2.0190000e+03   1.2000000e+01   4.0000000e+00   1.7000000e+01   3.2000000e+01   1.0000000e+00  -5.3550811e+01  -3.9233176e+01   4.9881270e+02   6.4182387e+00   3.8374008e+00   3.8374008e+00
   2.0190000e+03   1.2000000e+01   4.0000000e+00   1.7000000e+01   3.3000000e+01   3.5000000e+01  -5.3546405e+01  -3.9234427e+01   4.9648434e+02   4.7973412e+00   5.6601622e+00   5.6601622e+00
   2.0190000e+03   1.2000000e+01   4.0000000e+00   1.7000000e+01   3.5000000e+01   1.3000000e+01  -5.3541954e+01  -3.9235837e+01   5.0325801e+02   6.3846773e+00   7.0055547e+00   7.0055547e+00
   2.0190000e+03   1.2000000e+01   4.0000000e+00   1.7000000e+01   3.6000000e+01   5.1000000e+01  -5.3537572e+01  -3.9237103e+01   4.9407266e+02   7.9542650e+00   8.0644225e+00   8.0644225e+00
   2.0190000e+03   1.2000000e+01   4.0000000e+00   1.7000000e+01   3.8000000e+01   2.7000000e+01  -5.3533152e+01  -3.9238445e+01   4.9909877e+02   9.0809564e+00   1.2771084e+01   1.2771084e+01
   2.0190000e+03   1.2000000e+01   4.0000000e+00   1.7000000e+01   4.0000000e+01   3.0000000e+00  -5.3528747e+01  -3.9239844e+01   4.9813830e+02   8.6144920e+00   1.0399621e+01   1.0399621e+01
   2.0190000e+03   1.2000000e+01   4.0000000e+00   1.7000000e+01   4.1000000e+01   3.7000000e+01  -5.3524325e+01  -3.9241118e+01   4.9852281e+02   3.7736731e+00   6.7755932e+00   6.7755932e+00
   2.0190000e+03   1.2000000e+01   4.0000000e+00   1.7000000e+01   4.3000000e+01   1.5000000e+01  -5.3519905e+01  -3.9242423e+01   4.9865674e+02   3.7887758e+00   7.4895490e+00   7.4895490e+00
   2.0190000e+03   1.2000000e+01   4.0000000e+00   1.7000000e+01   4.4000000e+01   5.5000000e+01  -5.3515465e+01  -3.9243854e+01   5.0231422e+02   5.2629829e+00   7.4357408e+00   7.4357408e+00
   2.0190000e+03   1.2000000e+01   4.0000000e+00   1.7000000e+01   4.6000000e+01   3.3000000e+01  -5.3511075e+01  -3.9245292e+01   4.9695391e+02   4.9133309e+00   6.7685243e+00   6.1541352e+00
   2.0190000e+03   1.2000000e+01   4.0000000e+00   1.7000000e+01   4.8000000e+01   9.0000000e+00  -5.3506631e+01  -3.9246560e+01   5.0095378e+02   3.3040141e+00   6.5065813e+00   5.0833419e+00
   2.0190000e+03   1.2000000e+01   4.0000000e+00   1.7000000e+01   4.9000000e+01   4.5000000e+01  -5.3502250e+01  -3.9247890e+01   4.9467358e+02   5.0704820e+00   1.1051281e+01   7.0518867e+00
   2.0190000e+03   1.2000000e+01   4.0000000e+00   1.7000000e+01   5.1000000e+01   2.1000000e+01  -5.3497795e+01  -3.9249111e+01   5.0155579e+02   3.3836668e+00   7.5099155e+00   3.2285560e+00
   2.0190000e+03   1.2000000e+01   4.0000000e+00   1.7000000e+01   5.2000000e+01   5.7000000e+01  -5.3493387e+01  -3.9250319e+01   4.9625091e+02   2.7396338e+00   6.4376961e+00   4.1192826e+00
   2.0190000e+03   1.2000000e+01   4.0000000e+00   1.7000000e+01   5.4000000e+01   3.5000000e+01  -5.3488913e+01  -3.9251722e+01   5.0575029e+02   2.6593532e+00   5.1962350e+00   3.0463766e+00
   2.0190000e+03   1.2000000e+01   4.0000000e+00   1.7000000e+01   5.6000000e+01   1.3000000e+01  -5.3484490e+01  -3.9252978e+01   4.9849204e+02   7.6075155e+00   1.0805580e+01   1.0805580e+01
   2.0190000e+03   1.2000000e+01   4.0000000e+00   1.7000000e+01   5.7000000e+01   5.3000099e+01  -5.3480075e+01  -3.9254368e+01   4.9912099e+02   3.0318284e+00   6.7603703e+00   2.1307903e+00
   2.0190000e+03   1.2000000e+01   4.0000000e+00   1.7000000e+01   5.9000000e+01   2.9000000e+01  -5.3475658e+01  -3.9255784e+01   4.9964022e+02   4.3147553e+00   4.6669202e+00   2.2393801e+00
   2.0190000e+03   1.2000000e+01   4.0000000e+00   1.8000000e+01   1.0000000e+00   5.0000000e+00  -5.3471244e+01  -3.9257124e+01   4.9839591e+02   5.7588206e+00   1.1081877e+01   6.5988566e+00
   2.0190000e+03   1.2000000e+01   4.0000000e+00   1.8000000e+01   2.0000000e+00   3.9000000e+01  -5.3466909e+01  -3.9258507e+01   4.9040093e+02   4.4496424e+00   9.3133093e+00   5.0530706e+00
   2.0190000e+03   1.2000000e+01   4.0000000e+00   1.8000000e+01   4.0000000e+00   1.5000000e+01  -5.3462435e+01  -3.9259914e+01   5.0578951e+02   5.8466333e+00   9.6001633e+00   5.8693084e+00
   2.0190000e+03   1.2000000e+01   4.0000000e+00   1.8000000e+01   5.0000000e+00   5.3000000e+01  -5.3458080e+01  -3.9261252e+01   4.9185075e+02   3.7721219e+00   1.1194632e+01   7.2905191e+00
   2.0190000e+03   1.2000000e+01   4.0000000e+00   1.8000000e+01   7.0000000e+00   3.1000000e+01  -5.3453613e+01  -3.9262694e+01   5.0550642e+02   7.0906599e+00   1.3342973e+01   1.0852429e+01
   2.0190000e+03   1.2000000e+01   4.0000000e+00   1.8000000e+01   9.0000000e+00   9.0000000e+00  -5.3449223e+01  -3.9263990e+01   4.9533555e+02   2.4819079e+00   8.0239720e+00   6.1404907e+00
   2.0190000e+03   1.2000000e+01   4.0000000e+00   1.8000000e+01   1.0000000e+01   4.5000000e+01  -5.3444783e+01  -3.9265172e+01   4.9951993e+02   2.4678348e+00   6.9316053e+00   3.0485119e+00
   2.0190000e+03   1.2000000e+01   4.0000000e+00   1.8000000e+01   1.2000000e+01   2.1000000e+01  -5.3440368e+01  -3.9266420e+01   4.9747181e+02   2.0013904e+00   7.2963914e+00   5.8580138e+00
   2.0190000e+03   1.2000000e+01   4.0000000e+00   1.8000000e+01   1.3000000e+01   5.7000000e+01  -5.3435971e+01  -3.9267740e+01   4.9641411e+02   2.7728784e+00   8.2234645e+00   6.4755620e+00
   2.0190000e+03   1.2000000e+01   4.0000000e+00   1.8000000e+01   1.5000000e+01   3.5000000e+01  -5.3431542e+01  -3.9269074e+01   4.9991062e+02   1.6223849e+00   8.4461945e+00   5.4356459e+00
   2.0190000e+03   1.2000000e+01   4.0000000e+00   1.8000000e+01   1.7000000e+01   1.3000000e+01  -5.3427068e+01  -3.9270499e+01   5.0602999e+02   2.1120851e+00   4.5087203e+00   2.8180959e+00
   2.0190000e+03   1.2000000e+01   4.0000000e+00   1.8000000e+01   1.8000000e+01   4.9000000e+01  -5.3422690e+01  -3.9271832e+01   4.9442102e+02   3.0539763e+00   1.0090362e+01   7.0782942e+00
   2.0190000e+03   1.2000000e+01   4.0000000e+00   1.8000000e+01   2.0000000e+01   2.3000099e+01  -5.3418298e+01  -3.9273233e+01   4.9683622e+02   2.4682219e+00   7.7387063e+00   4.7887054e+00
   2.0190000e+03   1.2000000e+01   4.0000000e+00   1.8000000e+01   2.1000000e+01   5.9000000e+01  -5.3413874e+01  -3.9274662e+01   5.0057988e+02   3.5309535e+00   7.1347593e+00   5.0120564e+00
   2.0190000e+03   1.2000000e+01   4.0000000e+00   1.8000000e+01   2.3000000e+01   3.7000000e+01  -5.3409464e+01  -3.9276140e+01   4.9976528e+02   3.0395415e+00   4.7549306e+00   3.2299215e+00
   2.0190000e+03   1.2000000e+01   4.0000000e+00   1.8000000e+01   2.5000000e+01   1.5000000e+01  -5.3405040e+01  -3.9277635e+01   5.0148982e+02   3.2962368e+00   6.7260041e+00   5.9897984e+00
   2.0190000e+03   1.2000000e+01   4.0000000e+00   1.8000000e+01   2.6000000e+01   5.1000000e+01  -5.3400628e+01  -3.9279097e+01   4.9968747e+02   3.3573254e+00   1.5284696e+01   1.4104781e+01
   2.0190000e+03   1.2000000e+01   4.0000000e+00   1.8000000e+01   2.8000000e+01   2.5000000e+01  -5.3396300e+01  -3.9280531e+01   4.9021965e+02   4.0481260e+00   6.5138308e+00   5.3945549e+00
   2.0190000e+03   1.2000000e+01   4.0000000e+00   1.8000000e+01   3.0000000e+01   3.0000000e+00  -5.3391869e+01  -3.9281681e+01   4.9822153e+02   4.3449634e+00   5.0389907e+00   4.3465994e+00
   2.0190000e+03   1.2000000e+01   4.0000000e+00   1.8000000e+01   3.1000000e+01   3.9000000e+01  -5.3387404e+01  -3.9282823e+01   5.0191090e+02   4.4593501e+00   3.9112834e+00   3.2559469e+00
   2.0190000e+03   1.2000000e+01   4.0000000e+00   1.8000000e+01   3.3000000e+01   1.5000000e+01  -5.3382964e+01  -3.9283994e+01   4.9939969e+02   3.7829923e+00   4.4092724e+00   4.4092724e+00
   2.0190000e+03   1.2000000e+01   4.0000000e+00   1.8000000e+01   3.4000000e+01   5.3000000e+01  -5.3378582e+01  -3.9285400e+01   4.9576956e+02   7.0789792e+00   5.1224236e+00   5.1224236e+00
   2.0190000e+03   1.2000000e+01   4.0000000e+00   1.8000000e+01   3.6000000e+01   2.9000000e+01  -5.3374126e+01  -3.9286705e+01   5.0265257e+02   3.1752837e+00   9.5753352e-01   9.5753352e-01
   2.0190000e+03   1.2000000e+01   4.0000000e+00   1.8000000e+01   3.8000000e+01   5.0000000e+00  -5.3369663e+01  -3.9287977e+01   5.0307118e+02   2.7627479e+00   2.5717033e+00   2.5717033e+00
   2.0190000e+03   1.2000000e+01   4.0000000e+00   1.8000000e+01   3.9000000e+01   4.3000000e+01  -5.3365276e+01  -3.9289216e+01   4.9436065e+02   3.7997360e+00   1.7763706e+00   1.7763706e+00
   2.0190000e+03   1.2000000e+01   4.0000000e+00   1.8000000e+01   4.1000000e+01   1.9000000e+01  -5.3360826e+01  -3.9290487e+01   5.0165753e+02   4.1928240e+00   7.3478002e+00   7.3478002e+00
   2.0190000e+03   1.2000000e+01   4.0000000e+00   1.8000000e+01   4.2000000e+01   5.5000000e+01  -5.3356454e+01  -3.9291750e+01   4.9291244e+02   3.3701708e+00   3.6995559e+00   3.6995559e+00
   2.0190000e+03   1.2000000e+01   4.0000000e+00   1.8000000e+01   4.4000000e+01   3.1000000e+01  -5.3352048e+01  -3.9293163e+01   4.9850282e+02   7.4825949e+00   4.9423749e+00   4.2022407e+00
   2.0190000e+03   1.2000000e+01   4.0000000e+00   1.8000000e+01   4.6000000e+01   7.0000000e+00  -5.3347652e+01  -3.9294572e+01   4.9738102e+02   6.2168191e+00   3.5345453e+00   3.5345453e+00
   2.0190000e+03   1.2000000e+01   4.0000000e+00   1.8000000e+01   4.7000000e+01   4.3000000e+01  -5.3343202e+01  -3.9295994e+01   5.0339537e+02   8.1980954e+00   4.3438700e+00   3.5518645e+00
   2.0190000e+03   1.2000000e+01   4.0000000e+00   1.8000000e+01   4.9000000e+01   1.9000000e+01  -5.3338830e+01  -3.9297403e+01   4.9474639e+02   8.5325697e+00   4.2000226e+00   3.7530974e+00
   2.0190000e+03   1.2000000e+01   4.0000000e+00   1.8000000e+01   5.0000000e+01   5.5000000e+01  -5.3334345e+01  -3.9298670e+01   5.0543336e+02   5.6606474e+00   1.1468888e+00   1.1468888e+00
   2.0190000e+03   1.2000000e+01   4.0000000e+00   1.8000000e+01   5.2000000e+01   3.1000000e+01  -5.3329928e+01  -3.9299834e+01   4.9677154e+02   5.1921318e+00   3.8343669e+00   3.8343669e+00
   2.0190000e+03   1.2000000e+01   4.0000000e+00   1.8000000e+01   5.4000000e+01   7.0000000e+00  -5.3325541e+01  -3.9301166e+01   4.9544398e+02   3.4422077e+00   3.1954695e+00   3.1954695e+00
   2.0190000e+03   1.2000000e+01   4.0000000e+00   1.8000000e+01   5.5000000e+01   4.3000000e+01  -5.3321073e+01  -3.9302369e+01   5.0287476e+02   7.1589703e+00   3.7479933e+00   1.8846501e+00
   2.0190000e+03   1.2000000e+01   4.0000000e+00   1.8000000e+01   5.7000000e+01   1.7000000e+01  -5.3316674e+01  -3.9303663e+01   4.9634020e+02   2.2526501e+00   1.7513359e+00   1.3650421e+00
