   2.0190000e+03   1.2000000e+01   6.0000000e+00   1.5000000e+01   3.4000000e+01   3.3000000e+01  -5.3897225e+01  -3.7907496e+01   4.9858271e+02   1.8981502e-01   4.1672362e-01   3.7303413e-01
   2.0190000e+03   1.2000000e+01   6.0000000e+00   1.5000000e+01   3.6000000e+01   2.3000000e+01  -5.3893033e+01  -3.7906084e+01   4.7493942e+02   6.5081657e-01   1.1201854e+00   8.1990870e-01
   2.0190000e+03   1.2000000e+01   6.0000000e+00   1.5000000e+01   3.8000000e+01   1.1000000e+01  -5.3888624e+01  -3.7907169e+01   4.9500306e+02   9.2347706e-01   1.2194975e+00   9.4245476e-01
   2.0190000e+03   1.2000000e+01   6.0000000e+00   1.5000000e+01   3.9000000e+01   5.5000000e+01  -5.3884218e+01  -3.7908861e+01   5.0196973e+02   7.0057784e-01   1.2396134e+00   5.5169915e-01
   2.0190000e+03   1.2000000e+01   6.0000000e+00   1.5000000e+01   4.1000000e+01   3.7000000e+01  -5.3879830e+01  -3.7910287e+01   4.9653415e+02   1.7708611e+00   2.9162185e+00   1.0062010e+00
   2.0190000e+03   1.2000000e+01   6.0000000e+00   1.5000000e+01   4.3000000e+01   1.3000000e+01  -5.3875444e+01  -3.7912208e+01   5.0333836e+02   1.3956691e+00   3.1046609e+00   1.1743297e+00
   2.0190000e+03   1.2000000e+01   6.0000000e+00   1.5000000e+01   4.4000000e+01   4.7000000e+01  -5.3871047e+01  -3.7913521e+01   4.9608938e+02   6.9778348e+02   1.0193557e+03   1.0182438e+03
   2.0190000e+03   1.2000000e+01   6.0000000e+00   1.5000000e+01   4.6000000e+01   2.3000000e+01  -5.3866642e+01  -3.7914718e+01   4.9569320e+02   1.1614183e+00   3.0410598e+00   1.5724567e+00
   2.0190000e+03   1.2000000e+01   6.0000000e+00   1.5000000e+01   4.7000000e+01   5.9000000e+01  -5.3862171e+01  -3.7916064e+01   5.0460565e+02   2.1282349e+00   3.4180506e+00   1.3449171e+00
   2.0190000e+03   1.2000000e+01   6.0000000e+00   1.5000000e+01   4.9000000e+01   3.7000000e+01  -5.3857850e+01  -3.7917534e+01   4.8973734e+02   1.6820425e+00   2.7699537e+00   1.2451302e+00
   2.0190000e+03   1.2000000e+01   6.0000000e+00   1.5000000e+01   5.1000000e+01   1.7000000e+01  -5.3853393e+01  -3.7919027e+01   5.0481338e+02   1.2148556e+00   1.6693819e+00   5.9952834e-01
   2.0190000e+03   1.2000000e+01   6.0000000e+00   1.5000000e+01   5.2000000e+01   5.5000000e+01  -5.3849019e+01  -3.7920419e+01   4.9454792e+02   1.7008662e+00   2.7956898e+00   1.1927673e+00
   2.0190000e+03   1.2000000e+01   6.0000000e+00   1.5000000e+01   5.4000000e+01   3.5000000e+01  -5.3844555e+01  -3.7921946e+01   5.0600528e+02   2.6027201e+00   3.8562450e+00   1.1785574e+00
   2.0190000e+03   1.2000000e+01   6.0000000e+00   1.5000000e+01   5.6000000e+01   1.3000000e+01  -5.3840191e+01  -3.7923448e+01   4.9489634e+02   3.5997839e+00   5.6080765e+00   1.4607124e+00
   2.0190000e+03   1.2000000e+01   6.0000000e+00   1.5000000e+01   5.7000000e+01   5.1000000e+01  -5.3835774e+01  -3.7924783e+01   4.9854817e+02   5.4388408e+00   9.0926020e+00   1.5376692e+00
   2.0190000e+03   1.2000000e+01   6.0000000e+00   1.5000000e+01   5.9000000e+01   2.9000000e+01  -5.3831392e+01  -3.7926218e+01   4.9590922e+02   4.5308900e+00   8.3368848e+00   2.4885202e+00
   2.0190000e+03   1.2000000e+01   6.0000000e+00   1.6000000e+01   1.0000000e+00   7.0000000e+00  -5.3827036e+01  -3.7927865e+01   4.9592075e+02   5.5837260e+00   1.1936382e+01   3.8890925e+00
   2.0190000e+03   1.2000000e+01   6.0000000e+00   1.6000000e+01   2.0000000e+00   4.7000000e+01  -5.3822582e+01  -3.7929510e+01   5.0655540e+02   7.9985240e+00   1.7572327e+01   5.4914470e+00
   2.0190000e+03   1.2000000e+01   6.0000000e+00   1.6000000e+01   4.0000000e+00   2.5000000e+01  -5.3818193e+01  -3.7930809e+01   4.9513461e+02   7.1824779e+00   1.5345234e+01   4.8570692e+00
   2.0190000e+03   1.2000000e+01   6.0000000e+00   1.6000000e+01   6.0000000e+00   3.0000000e+00  -5.3813766e+01  -3.7932292e+01   5.0144999e+02   7.4234114e+00   3.4419742e+01   1.0939919e+01
   2.0190000e+03   1.2000000e+01   6.0000000e+00   1.6000000e+01   7.0000000e+00   3.9000000e+01  -5.3809378e+01  -3.7933731e+01   4.9661545e+02   8.4611797e+01   1.7746068e+02   1.4487935e+02
   2.0190000e+03   1.2000000e+01   6.0000000e+00   1.6000000e+01   9.0000000e+00   1.5000000e+01  -5.3804926e+01  -3.7935157e+01   5.0346488e+02   6.3896549e+02   1.1585287e+03   1.1430075e+03
   2.0190000e+03   1.2000000e+01   6.0000000e+00   1.6000000e+01   1.0000000e+01   4.9000000e+01  -5.3800552e+01  -3.7936581e+01   4.9503189e+02   7.9283458e+01   1.3763770e+02   1.2767490e+02
   2.0190000e+03   1.2000000e+01   6.0000000e+00   1.6000000e+01   1.2000000e+01   2.3000000e+01  -5.3796195e+01  -3.7938126e+01   4.9455817e+02   6.9254878e+00   1.8992797e+01   2.3719691e+00
   2.0190000e+03   1.2000000e+01   6.0000000e+00   1.6000000e+01   1.4000000e+01   1.0000000e+00  -5.3791719e+01  -3.7939570e+01   5.0642002e+02   3.9352409e+01   6.6407678e+01   3.5624750e-01
   2.0190000e+03   1.2000000e+01   6.0000000e+00   1.6000000e+01   1.5000000e+01   3.9000000e+01  -5.3787366e+01  -3.7941076e+01   4.9365748e+02   1.0068635e+01   3.6575190e+01   1.1978272e+00
   2.0190000e+03   1.2000000e+01   6.0000000e+00   1.6000000e+01   1.7000000e+01   1.7000000e+01  -5.3782988e+01  -3.7942611e+01   4.9686918e+02   1.2826809e+00   5.1457764e+01   2.1812265e+01
   2.0190000e+03   1.2000000e+01   6.0000000e+00   1.6000000e+01   1.8000000e+01   5.7000000e+01  -5.3778536e+01  -3.7944092e+01   5.0412158e+02   1.9751978e+00   2.1423188e+01   1.5914874e+01
   2.0190000e+03   1.2000000e+01   6.0000000e+00   1.6000000e+01   2.0000000e+01   3.5000000e+01  -5.3774124e+01  -3.7945553e+01   4.9956977e+02   1.8890112e+00   6.3831740e+00   3.5096386e+00
   2.0190000e+03   1.2000000e+01   6.0000000e+00   1.6000000e+01   2.2000000e+01   1.3000000e+01  -5.3769722e+01  -3.7946977e+01   4.9796059e+02   2.3999013e+00   3.0458623e+00   1.5476891e+00
   2.0190000e+03   1.2000000e+01   6.0000000e+00   1.6000000e+01   2.3000000e+01   5.1000000e+01  -5.3765323e+01  -3.7948490e+01   4.9879929e+02   1.2454779e+00   2.0510280e+00   1.7833452e+00
   2.0190000e+03   1.2000000e+01   6.0000000e+00   1.6000000e+01   2.5000000e+01   2.7000000e+01  -5.3760914e+01  -3.7949920e+01   4.9888343e+02   1.3692597e+00   1.5932435e+00   1.2826611e+00
   2.0190000e+03   1.2000000e+01   6.0000000e+00   1.6000000e+01   2.7000000e+01   3.0000000e+00  -5.3756560e+01  -3.7951378e+01   4.9322224e+02   1.9338784e+00   2.5476361e+00   1.8169179e+00
   2.0190000e+03   1.2000000e+01   6.0000000e+00   1.6000000e+01   2.8000000e+01   4.1000000e+01  -5.3752173e+01  -3.7952909e+01   4.9779991e+02   1.9948767e+00   2.9229385e+00   2.5760165e+00
   2.0190000e+03   1.2000000e+01   6.0000000e+00   1.6000000e+01   3.0000000e+01   1.9000000e+01  -5.3747712e+01  -3.7954216e+01   5.0306679e+02   1.2389063e+00   2.6286635e+00   2.3766264e+00
   2.0190000e+03   1.2000000e+01   6.0000000e+00   1.6000000e+01   3.1000000e+01   5.5000000e+01  -5.3743277e+01  -3.7955655e+01   5.0183412e+02   7.3821965e-01   1.7961876e+00   1.5417120e+00
   2.0190000e+03   1.2000000e+01   6.0000000e+00   1.6000000e+01   3.3000000e+01   3.3000000e+01  -5.3738934e+01  -3.7957226e+01   4.9351426e+02   1.0672089e+00   1.8744304e+00   1.7194442e+00
   2.0190000e+03   1.2000000e+01   6.0000000e+00   1.6000000e+01   3.5000000e+01   1.1000000e+01  -5.3734524e+01  -3.7958726e+01   4.9979769e+02   7.9447743e-01   1.5997083e+00   1.4977229e+00
   2.0190000e+03   1.2000000e+01   6.0000000e+00   1.6000000e+01   3.6000000e+01   4.7000000e+01  -5.3730095e+01  -3.7960233e+01   5.0208692e+02   1.0625300e+00   1.4265014e+00   1.3299251e+00
   2.0190000e+03   1.2000000e+01   6.0000000e+00   1.6000000e+01   3.8000000e+01   2.5000000e+01  -5.3725730e+01  -3.7961692e+01   4.9440682e+02   1.0417277e+00   1.6559719e+00   1.6559719e+00
   2.0190000e+03   1.2000000e+01   6.0000000e+00   1.6000000e+01   4.0000000e+01   1.0000000e+00  -5.3721272e+01  -3.7963074e+01   5.0355376e+02   7.2257921e-01   1.1117042e+00   1.1117042e+00
   2.0190000e+03   1.2000000e+01   6.0000000e+00   1.6000000e+01   4.1000000e+01   3.7000000e+01  -5.3716892e+01  -3.7964381e+01   4.9432833e+02   7.1696363e-01   1.0133308e+00   9.3303291e-01
   2.0190000e+03   1.2000000e+01   6.0000000e+00   1.6000000e+01   4.3000000e+01   1.5000000e+01  -5.3712541e+01  -3.7966115e+01   4.9673899e+02   1.1982205e+01   1.9622136e+01   1.2565720e+00
   2.0190000e+03   1.2000000e+01   6.0000000e+00   1.6000000e+01   4.4000000e+01   5.1000000e+01  -5.3708059e+01  -3.7967612e+01   5.0762092e+02   1.0168729e+01   1.7142180e+01   1.7142180e+01
   2.0190000e+03   1.2000000e+01   6.0000000e+00   1.6000000e+01   4.6000000e+01   2.7000000e+01  -5.3703674e+01  -3.7969052e+01   4.9646678e+02   8.4414442e-01   2.1453115e+00   1.8946376e+00
   2.0190000e+03   1.2000000e+01   6.0000000e+00   1.6000000e+01   4.8000000e+01   5.0000000e+00  -5.3699326e+01  -3.7970472e+01   4.9207609e+02   8.9294969e+00   1.4651853e+01   1.3275551e+01
   2.0190000e+03   1.2000000e+01   6.0000000e+00   1.6000000e+01   4.9000000e+01   4.3000000e+01  -5.3694933e+01  -3.7972098e+01   4.9970040e+02   9.4166909e-01   1.4753663e+00   1.4753663e+00
   2.0190000e+03   1.2000000e+01   6.0000000e+00   1.6000000e+01   5.1000000e+01   2.1000000e+01  -5.3690511e+01  -3.7973221e+01   4.9693782e+02   6.2294365e-01   1.3488712e+00   1.3488712e+00
   2.0190000e+03   1.2000000e+01   6.0000000e+00   1.6000000e+01   5.2000000e+01   5.9000000e+01  -5.3686118e+01  -3.7974803e+01   4.9908633e+02   1.6330381e+00   2.5068139e+00   2.4078270e+00
   2.0190000e+03   1.2000000e+01   6.0000000e+00   1.6000000e+01   5.4000000e+01   3.7000000e+01  -5.3681715e+01  -3.7976284e+01   4.9886528e+02   1.1910966e+00   1.8292614e+00   1.2114047e+00
   2.0190000e+03   1.2000000e+01   6.0000000e+00   1.6000000e+01   5.6000000e+01   1.5000000e+01  -5.3677320e+01  -3.7977796e+01   4.9846411e+02   8.6741306e-01   1.0376774e+00   1.0376774e+00
   2.0190000e+03   1.2000000e+01   6.0000000e+00   1.6000000e+01   5.7000000e+01   5.5000000e+01  -5.3672905e+01  -3.7979337e+01   5.0096603e+02   1.2130995e+00   1.6347631e+00   1.6347631e+00
   2.0190000e+03   1.2000000e+01   6.0000000e+00   1.6000000e+01   5.9000000e+01   3.5000000e+01  -5.3668433e+01  -3.7980532e+01   5.0304306e+02   1.0394454e+00   1.3869511e+00   1.3869511e+00
   2.0190000e+03   1.2000000e+01   6.0000000e+00   1.7000000e+01   1.0000000e+00   1.3000000e+01  -5.3664090e+01  -3.7981973e+01   4.9182980e+02   1.7166651e+00   2.4935098e+00   2.4935098e+00
   2.0190000e+03   1.2000000e+01   6.0000000e+00   1.7000000e+01   2.0000000e+00   5.3000000e+01  -5.3659672e+01  -3.7983560e+01   5.0199280e+02   1.9729487e+00   2.4347225e+00   1.7160467e+00
   2.0190000e+03   1.2000000e+01   6.0000000e+00   1.7000000e+01   4.0000000e+00   3.1000000e+01  -5.3655279e+01  -3.7985147e+01   4.9913579e+02   1.4091239e+00   2.1786759e+00   2.0554137e+00
   2.0190000e+03   1.2000000e+01   6.0000000e+00   1.7000000e+01   6.0000000e+00   9.0000000e+00  -5.3650889e+01  -3.7986569e+01   4.9674339e+02   1.5488293e+00   5.0879251e+00   2.3144543e+00
   2.0190000e+03   1.2000000e+01   6.0000000e+00   1.7000000e+01   7.0000000e+00   4.7000000e+01  -5.3646462e+01  -3.7988205e+01   5.0360826e+02   1.7883227e+00   2.9449739e+00   2.6560170e+00
   2.0190000e+03   1.2000000e+01   6.0000000e+00   1.7000000e+01   9.0000000e+00   2.5000000e+01  -5.3642102e+01  -3.7989670e+01   4.9400395e+02   1.6787073e+00   3.2733136e+00   2.0682124e+00
   2.0190000e+03   1.2000000e+01   6.0000000e+00   1.7000000e+01   1.1000000e+01   1.0000000e+00  -5.3637634e+01  -3.7990906e+01   5.0315741e+02   1.4015867e+00   2.3081048e+00   1.5050940e+00
   2.0190000e+03   1.2000000e+01   6.0000000e+00   1.7000000e+01   1.2000000e+01   3.9000000e+01  -5.3633298e+01  -3.7992415e+01   4.9194902e+02   1.2561600e+00   2.0686190e+00   1.6716959e+00
   2.0190000e+03   1.2000000e+01   6.0000000e+00   1.7000000e+01   1.4000000e+01   1.7000000e+01  -5.3628845e+01  -3.7993907e+01   5.0448031e+02   1.0757404e+00   2.0481519e+00   1.6275445e+00
   2.0190000e+03   1.2000000e+01   6.0000000e+00   1.7000000e+01   1.5000000e+01   5.5000000e+01  -5.3624412e+01  -3.7995319e+01   5.0123348e+02   1.3314221e+00   2.7221371e+00   2.7059061e+00
   2.0190000e+03   1.2000000e+01   6.0000000e+00   1.7000000e+01   1.7000000e+01   3.1000000e+01  -5.3619996e+01  -3.7996780e+01   5.0009896e+02   1.1155691e+00   6.1185928e+00   3.1286151e+00
   2.0190000e+03   1.2000000e+01   6.0000000e+00   1.7000000e+01   1.9000000e+01   7.0000000e+00  -5.3615646e+01  -3.7998369e+01   4.9458020e+02   1.6084587e+00   3.7447758e+00   1.7931076e+00
   2.0190000e+03   1.2000000e+01   6.0000000e+00   1.7000000e+01   2.0000000e+01   4.3000000e+01  -5.3611235e+01  -3.7999706e+01   4.9806985e+02   5.7436042e+00   6.8844374e+00   3.7945450e+00
   2.0190000e+03   1.2000000e+01   6.0000000e+00   1.7000000e+01   2.2000000e+01   1.9000000e+01  -5.3606825e+01  -3.8001116e+01   4.9876698e+02   3.9366766e+00   1.1283703e+01   3.9389590e+00
   2.0190000e+03   1.2000000e+01   6.0000000e+00   1.7000000e+01   2.3000000e+01   5.5000000e+01  -5.3602469e+01  -3.8002738e+01   4.9565192e+02   2.1097438e+00   1.0406774e+01   5.8226821e+00
   2.0190000e+03   1.2000000e+01   6.0000000e+00   1.7000000e+01   2.5000000e+01   3.3000000e+01  -5.3598089e+01  -3.8004205e+01   4.9625762e+02   2.1934786e+00   1.6033589e+01   1.2372670e+01
   2.0190000e+03   1.2000000e+01   6.0000000e+00   1.7000000e+01   2.7000000e+01   1.1000000e+01  -5.3593643e+01  -3.8005630e+01   5.0286351e+02   5.5796472e+00   1.8762448e+01   7.5104860e+00
   2.0190000e+03   1.2000000e+01   6.0000000e+00   1.7000000e+01   2.8000000e+01   4.7000000e+01  -5.3589272e+01  -3.8007089e+01   4.9517894e+02   5.2343679e+00   1.3340247e+01   4.7853213e+00
   2.0190000e+03   1.2000000e+01   6.0000000e+00   1.7000000e+01   3.0000000e+01   2.3000000e+01  -5.3584808e+01  -3.8008567e+01   5.0554928e+02   4.3901676e+00   1.5611543e+01   6.3911889e+00
   2.0190000e+03   1.2000000e+01   6.0000000e+00   1.7000000e+01   3.1000000e+01   5.7000000e+01  -5.3580397e+01  -3.8010043e+01   4.9970456e+02   3.3925002e+00   8.4663612e+00   3.4114472e+00
   2.0190000e+03   1.2000000e+01   6.0000000e+00   1.7000000e+01   3.3000000e+01   3.3000000e+01  -5.3576040e+01  -3.8011523e+01   4.9392549e+02   3.3305940e+00   5.2901064e+00   1.5562628e+00
   2.0190000e+03   1.2000000e+01   6.0000000e+00   1.7000000e+01   3.5000000e+01   1.1000000e+01  -5.3571589e+01  -3.8012877e+01   5.0263935e+02   3.1609622e+00   3.6852692e+00   4.9348620e-01
   2.0190000e+03   1.2000000e+01   6.0000000e+00   1.7000000e+01   3.6000000e+01   4.9000000e+01  -5.3567161e+01  -3.8014249e+01   5.0024462e+02   2.7345302e+00   3.2364108e+00   6.4566356e-01
   2.0190000e+03   1.2000000e+01   6.0000000e+00   1.7000000e+01   3.8000000e+01   2.7000000e+01  -5.3562796e+01  -3.8015801e+01   4.9578149e+02   5.4524267e+00   8.1701923e+00   6.0279691e+00
   2.0190000e+03   1.2000000e+01   6.0000000e+00   1.7000000e+01   4.0000000e+01   5.0000000e+00  -5.3558412e+01  -3.8017174e+01   4.9541904e+02   1.9294848e+00   2.2846956e+00   1.9764376e+00
   2.0190000e+03   1.2000000e+01   6.0000000e+00   1.7000000e+01   4.1000000e+01   4.5000000e+01  -5.3553996e+01  -3.8018621e+01   4.9992028e+02   1.5588846e+00   1.4720990e+00   5.8880421e-01
   2.0190000e+03   1.2000000e+01   6.0000000e+00   1.7000000e+01   4.3000000e+01   2.1000000e+01  -5.3549587e+01  -3.8020112e+01   4.9974297e+02   5.5865827e+00   8.9769590e+00   8.0800518e+00
   2.0190000e+03   1.2000000e+01   6.0000000e+00   1.7000000e+01   4.4000000e+01   5.7000000e+01  -5.3545175e+01  -3.8021501e+01   4.9876736e+02   1.6713695e+00   4.8791855e+00   3.6828942e+00
   2.0190000e+03   1.2000000e+01   6.0000000e+00   1.7000000e+01   4.6000000e+01   3.3000000e+01  -5.3540757e+01  -3.8022959e+01   5.0031055e+02   1.4386197e+00   3.7294849e+00   2.2492480e+00
   2.0190000e+03   1.2000000e+01   6.0000000e+00   1.7000000e+01   4.8000000e+01   9.0000000e+00  -5.3536393e+01  -3.8024551e+01   4.9621153e+02   3.1890093e+00   5.4998933e+00   3.5743517e+00
   2.0190000e+03   1.2000000e+01   6.0000000e+00   1.7000000e+01   4.9000000e+01   4.7000000e+01  -5.3532015e+01  -3.8025885e+01   4.9434075e+02   2.3800506e+00   4.7196995e+00   2.2948490e+00
   2.0190000e+03   1.2000000e+01   6.0000000e+00   1.7000000e+01   5.1000000e+01   2.3000000e+01  -5.3527560e+01  -3.8027457e+01   5.0579419e+02   4.2713599e+00   5.2684776e+00   4.3427047e+00
   2.0190000e+03   1.2000000e+01   6.0000000e+00   1.7000000e+01   5.2000000e+01   5.7000000e+01  -5.3523204e+01  -3.8028863e+01   4.9293071e+02   2.7009345e+00   5.4564001e+00   4.2629151e+00
   2.0190000e+03   1.2000000e+01   6.0000000e+00   1.7000000e+01   5.4000000e+01   3.3000000e+01  -5.3518771e+01  -3.8030337e+01   5.0209017e+02   2.8478934e+00   4.7449282e+00   4.7449282e+00
   2.0190000e+03   1.2000000e+01   6.0000000e+00   1.7000000e+01   5.6000000e+01   9.0000000e+00  -5.3514403e+01  -3.8031855e+01   4.9562128e+02   2.0868403e+00   2.8359868e+00   2.8359868e+00
   2.0190000e+03   1.2000000e+01   6.0000000e+00   1.7000000e+01   5.7000000e+01   4.5000000e+01  -5.3509952e+01  -3.8033394e+01   5.0493057e+02   4.2383987e+00   4.2832621e+00   4.2832621e+00
   2.0190000e+03   1.2000000e+01   6.0000000e+00   1.7000000e+01   5.9000000e+01   2.3000000e+01  -5.3505580e+01  -3.8034818e+01   4.9491877e+02   8.0292186e+00   8.7782858e+00   5.4336225e+00
   2.0190000e+03   1.2000000e+01   6.0000000e+00   1.8000000e+01   1.0000000e+00   1.0000000e+00  -5.3501142e+01  -3.8036203e+01   5.0156403e+02   5.6821343e+00   8.9129086e+00   4.6091151e+00
   2.0190000e+03   1.2000000e+01   6.0000000e+00   1.8000000e+01   2.0000000e+00   3.9000000e+01  -5.3496797e+01  -3.8037584e+01   4.9129746e+02   3.9953736e+00   6.3205579e+00   3.6625945e+00
   2.0190000e+03   1.2000000e+01   6.0000000e+00   1.8000000e+01   4.0000000e+00   1.5000000e+01  -5.3492371e+01  -3.8039124e+01   5.0226430e+02   5.6799457e+00   6.7669912e+00   5.1904853e+00
   2.0190000e+03   1.2000000e+01   6.0000000e+00   1.8000000e+01   5.0000000e+00   5.1000000e+01  -5.3487939e+01  -3.8040632e+01   5.0252150e+02   3.8600417e+00   3.0342026e+00   2.1906163e+00
   2.0190000e+03   1.2000000e+01   6.0000000e+00   1.8000000e+01   7.0000000e+00   2.7000000e+01  -5.3483571e+01  -3.8041979e+01   4.9349671e+02   5.3196977e+00   2.8823709e+00   2.8823709e+00
   2.0190000e+03   1.2000000e+01   6.0000000e+00   1.8000000e+01   9.0000000e+00   5.0000000e+00  -5.3479181e+01  -3.8043345e+01   4.9607342e+02   4.9511357e+00   3.1591534e+00   3.1591534e+00
   2.0190000e+03   1.2000000e+01   6.0000000e+00   1.8000000e+01   1.0000000e+01   4.5000000e+01  -5.3474705e+01  -3.8044798e+01   5.0657921e+02   4.0636321e+00   4.7959943e+00   4.7959943e+00
   2.0190000e+03   1.2000000e+01   6.0000000e+00   1.8000000e+01   1.2000000e+01   2.3000000e+01  -5.3470308e+01  -3.8046254e+01   4.9800444e+02   3.1241260e+01   4.7895966e+01   4.7895966e+01
   2.0190000e+03   1.2000000e+01   6.0000000e+00   1.8000000e+01   1.3000000e+01   5.9000000e+01  -5.3465904e+01  -3.8047883e+01   5.0107841e+02   3.2024436e+00   3.6758921e+00   3.6758921e+00
   2.0190000e+03   1.2000000e+01   6.0000000e+00   1.8000000e+01   1.5000000e+01   3.7000000e+01  -5.3461574e+01  -3.8049309e+01   4.9033397e+02   2.1481721e+00   1.2814891e+00   1.2814891e+00
   2.0190000e+03   1.2000000e+01   6.0000000e+00   1.8000000e+01   1.7000000e+01   1.5000000e+01  -5.3457109e+01  -3.8050709e+01   5.0472606e+02   8.1058776e+00   1.1074598e+01   1.0693496e+01
   2.0190000e+03   1.2000000e+01   6.0000000e+00   1.8000000e+01   1.8000000e+01   5.3000000e+01  -5.3452758e+01  -3.8052167e+01   4.9300951e+02   1.9574878e+00   1.9909494e+00   1.9909494e+00
   2.0190000e+03   1.2000000e+01   6.0000000e+00   1.8000000e+01   2.0000000e+01   3.1000000e+01  -5.3448295e+01  -3.8053743e+01   5.0671988e+02   3.4570509e+00   3.0664685e+00   2.9389741e+00
   2.0190000e+03   1.2000000e+01   6.0000000e+00   1.8000000e+01   2.2000000e+01   9.0000000e+00  -5.3443962e+01  -3.8055054e+01   4.8929572e+02   3.4661715e+00   3.6572481e+00   3.6572481e+00
   2.0190000e+03   1.2000000e+01   6.0000000e+00   1.8000000e+01   2.3000000e+01   4.9000000e+01  -5.3439536e+01  -3.8056486e+01   5.0080292e+02   6.1556828e+00   9.5311979e+00   9.2875985e+00
   2.0190000e+03   1.2000000e+01   6.0000000e+00   1.8000000e+01   2.5000000e+01   2.5000000e+01  -5.3435160e+01  -3.8058002e+01   4.9648737e+02   8.1326821e+00   1.3028376e+01   1.2627282e+01
   2.0190000e+03   1.2000000e+01   6.0000000e+00   1.8000000e+01   2.7000000e+01   1.0000000e+00  -5.3430752e+01  -3.8059519e+01   5.0004115e+02   7.6837518e+00   1.3740999e+01   1.3740999e+01
   2.0190000e+03   1.2000000e+01   6.0000000e+00   1.8000000e+01   2.8000000e+01   3.5000000e+01  -5.3426351e+01  -3.8060977e+01   4.9847941e+02   6.3655387e+00   1.4445118e+01   1.4126880e+01
   2.0190000e+03   1.2000000e+01   6.0000000e+00   1.8000000e+01   3.0000000e+01   1.3000000e+01  -5.3421887e+01  -3.8062292e+01   5.0360196e+02   4.3935546e+00   7.9057856e+00   7.1887347e+00
   2.0190000e+03   1.2000000e+01   6.0000000e+00   1.8000000e+01   3.1000000e+01   5.1000000e+01  -5.3417515e+01  -3.8063861e+01   4.9684948e+02   6.5477268e+00   1.0499923e+01   1.0499923e+01
   2.0190000e+03   1.2000000e+01   6.0000000e+00   1.8000000e+01   3.3000000e+01   2.9000000e+01  -5.3413104e+01  -3.8065202e+01   4.9810465e+02   6.6571500e+00   1.1041209e+01   9.9190261e+00
   2.0190000e+03   1.2000000e+01   6.0000000e+00   1.8000000e+01   3.5000000e+01   7.0000000e+00  -5.3408702e+01  -3.8066536e+01   4.9707307e+02   3.9377023e+00   6.3638799e+00   5.0978406e+00
   2.0190000e+03   1.2000000e+01   6.0000000e+00   1.8000000e+01   3.6000000e+01   4.5000000e+01  -5.3404299e+01  -3.8068082e+01   4.9984029e+02   4.1883851e+00   8.2595803e+00   6.4200143e+00
   2.0190000e+03   1.2000000e+01   6.0000000e+00   1.8000000e+01   3.8000000e+01   2.3000000e+01  -5.3399923e+01  -3.8069625e+01   4.9690313e+02   3.7715920e+00   6.4955209e+00   5.0675033e+00
   2.0190000e+03   1.2000000e+01   6.0000000e+00   1.8000000e+01   4.0000000e+01   3.0000000e+00  -5.3395507e+01  -3.8071171e+01   5.0132089e+02   4.1939317e+00   9.9123896e+00   9.1675629e+00
   2.0190000e+03   1.2000000e+01   6.0000000e+00   1.8000000e+01   4.1000000e+01   4.1000000e+01  -5.3391087e+01  -3.8072547e+01   4.9947004e+02   5.1104332e+00   9.7142907e+00   9.0406048e+00
   2.0190000e+03   1.2000000e+01   6.0000000e+00   1.8000000e+01   4.3000000e+01   1.9000000e+01  -5.3386681e+01  -3.8073988e+01   4.9891250e+02   1.8187095e+00   6.7961301e+00   5.2842575e+00
   2.0190000e+03   1.2000000e+01   6.0000000e+00   1.8000000e+01   4.4000000e+01   5.5000000e+01  -5.3382251e+01  -3.8075480e+01   5.0206131e+02   3.6445095e+00   8.4113453e+00   8.0417893e+00
   2.0190000e+03   1.2000000e+01   6.0000000e+00   1.8000000e+01   4.6000000e+01   3.3000000e+01  -5.3377914e+01  -3.8076977e+01   4.9204770e+02   5.3811869e+00   1.3607237e+01   1.2810162e+01
   2.0190000e+03   1.2000000e+01   6.0000000e+00   1.8000000e+01   4.8000000e+01   1.1000000e+01  -5.3373471e+01  -3.8078526e+01   5.0418446e+02   5.1150948e+00   1.3538781e+01   1.0679606e+01
   2.0190000e+03   1.2000000e+01   6.0000000e+00   1.8000000e+01   4.9000000e+01   4.7000000e+01  -5.3369095e+01  -3.8079748e+01   4.9298312e+02   2.8602263e+00   1.2045041e+01   6.0718861e+00
   2.0190000e+03   1.2000000e+01   6.0000000e+00   1.8000000e+01   5.1000000e+01   2.7000000e+01  -5.3364670e+01  -3.8081068e+01   4.9950339e+02   1.3110315e+01   2.4280061e+01   6.7919295e+00
   2.0190000e+03   1.2000000e+01   6.0000000e+00   1.8000000e+01   5.3000000e+01   5.0000000e+00  -5.3360251e+01  -3.8082399e+01   4.9882170e+02   4.1775314e+00   1.8385944e+01   2.4711532e+00
   2.0190000e+03   1.2000000e+01   6.0000000e+00   1.8000000e+01   5.4000000e+01   4.5000000e+01  -5.3355770e+01  -3.8083805e+01   5.0661009e+02   9.6876319e+00   1.7179692e+01   4.1912893e+00
   2.0190000e+03   1.2000000e+01   6.0000000e+00   1.8000000e+01   5.6000000e+01   2.1000000e+01  -5.3351382e+01  -3.8085382e+01   4.9876174e+02   8.0606998e+00   1.1852276e+01   5.2120473e+00
   2.0190000e+03   1.2000000e+01   6.0000000e+00   1.8000000e+01   5.7000000e+01   5.9000000e+01  -5.3347038e+01  -3.8086919e+01   4.9330670e+02   9.7803757e+00   2.0977849e+01   1.5380453e+01
   2.0190000e+03   1.2000000e+01   6.0000000e+00   1.8000000e+01   5.9000000e+01   3.7000000e+01  -5.3342612e+01  -3.8088410e+01   5.0171580e+02   1.3169780e+01   1.7277213e+01   7.9534044e+00
   2.0190000e+03   1.2000000e+01   6.0000000e+00   1.9000000e+01   1.0000000e+00   1.5000000e+01  -5.3338246e+01  -3.8089957e+01   4.9584934e+02   1.1979224e+01   2.3451182e+01   8.6779663e+00
   2.0190000e+03   1.2000000e+01   6.0000000e+00   1.9000000e+01   2.0000000e+00   5.3000000e+01  -5.3333852e+01  -3.8091474e+01   4.9847928e+02   6.6309637e+00   1.9743887e+01   9.2352688e+00
   2.0190000e+03   1.2000000e+01   6.0000000e+00   1.9000000e+01   4.0000000e+00   3.1000000e+01  -5.3329446e+01  -3.8093127e+01   5.0180408e+02   7.0447253e+00   1.2194787e+01   8.1104149e+00
   2.0190000e+03   1.2000000e+01   6.0000000e+00   1.9000000e+01   6.0000000e+00   9.0000000e+00  -5.3325081e+01  -3.8094697e+01   4.9601624e+02   5.6575317e+00   1.2744845e+01   1.1656467e+01
   2.0190000e+03   1.2000000e+01   6.0000000e+00   1.9000000e+01   7.0000000e+00   4.5000000e+01  -5.3320700e+01  -3.8096169e+01   4.9659316e+02   5.2673484e+00   1.7048845e+01   1.3876634e+01
   2.0190000e+03   1.2000000e+01   6.0000000e+00   1.9000000e+01   9.0000000e+00   2.5000000e+01  -5.3316274e+01  -3.8097220e+01   4.9673997e+02   6.7527302e+00   1.6222452e+01   1.1411128e+01
   2.0190000e+03   1.2000000e+01   6.0000000e+00   1.9000000e+01   1.1000000e+01   3.0000000e+00  -5.3311850e+01  -3.8098520e+01   4.9914051e+02   6.7945482e+00   1.5141682e+01   1.1530876e+01
   2.0190000e+03   1.2000000e+01   6.0000000e+00   1.9000000e+01   1.2000000e+01   3.9000000e+01  -5.3307363e+01  -3.8099878e+01   5.0658084e+02   6.7366744e+00   1.4093049e+01   9.8371321e+00
   2.0190000e+03   1.2000000e+01   6.0000000e+00   1.9000000e+01   1.4000000e+01   1.5000000e+01  -5.3302932e+01  -3.8101197e+01   5.0012930e+02   6.3313499e+00   1.2491054e+01   6.3660354e+00
   2.0190000e+03   1.2000000e+01   6.0000000e+00   1.9000000e+01   1.5000000e+01   5.1000000e+01  -5.3298517e+01  -3.8102504e+01   4.9825373e+02   5.1113593e+00   9.6276721e+00   6.8854994e+00
   2.0190000e+03   1.2000000e+01   6.0000000e+00   1.9000000e+01   1.7000000e+01   2.9000000e+01  -5.3294247e+01  -3.8104309e+01   4.8943294e+02   6.1021243e+00   1.4333800e+01   7.0243469e+00
   2.0190000e+03   1.2000000e+01   6.0000000e+00   1.9000000e+01   1.9000000e+01   5.0000000e+00  -5.3289836e+01  -3.8106073e+01   5.0386513e+02   7.7662788e+00   1.4994819e+01   1.2005400e+01
   2.0190000e+03   1.2000000e+01   6.0000000e+00   1.9000000e+01   2.0000000e+01   4.1000000e+01  -5.3285457e+01  -3.8107573e+01   4.9677550e+02   7.1074082e+00   1.2626417e+01   1.0881205e+01
   2.0190000e+03   1.2000000e+01   6.0000000e+00   1.9000000e+01   2.2000000e+01   1.9000000e+01  -5.3281088e+01  -3.8109176e+01   4.9695105e+02   3.3851699e+00   1.1598584e+01   8.1654864e+00
   2.0190000e+03   1.2000000e+01   6.0000000e+00   1.9000000e+01   2.3000000e+01   5.7000000e+01  -5.3276635e+01  -3.8110805e+01   5.0654945e+02   2.5215298e+00   9.3256121e+00   6.4382941e+00
   2.0190000e+03   1.2000000e+01   6.0000000e+00   1.9000000e+01   2.5000000e+01   3.5000000e+01  -5.3272309e+01  -3.8112617e+01   4.9550921e+02   5.2176295e+00   9.9479195e+00   9.1273880e+00
   2.0190000e+03   1.2000000e+01   6.0000000e+00   1.9000000e+01   2.7000000e+01   1.3000000e+01  -5.3267888e+01  -3.8113642e+01   4.9597371e+02   7.5693123e+00   2.1698579e+01   1.4151080e+01
   2.0190000e+03   1.2000000e+01   6.0000000e+00   1.9000000e+01   2.8000000e+01   5.1000000e+01  -5.3263427e+01  -3.8114658e+01   5.0036033e+02   8.1241824e+00   1.5626562e+01   1.1960717e+01
   2.0190000e+03   1.2000000e+01   6.0000000e+00   1.9000000e+01   3.0000000e+01   2.7000000e+01  -5.3258956e+01  -3.8115779e+01   5.0233143e+02   1.6171454e+01   1.9812508e+01   1.9812508e+01
   2.0190000e+03   1.2000000e+01   6.0000000e+00   1.9000000e+01   3.2000000e+01   5.0000000e+00  -5.3254607e+01  -3.8117144e+01   4.9169004e+02   1.6898165e+01   2.3829993e+01   2.3829993e+01
   2.0190000e+03   1.2000000e+01   6.0000000e+00   1.9000000e+01   3.3000000e+01   4.3000000e+01  -5.3250124e+01  -3.8118534e+01   5.0669340e+02   1.5482796e+01   2.0260463e+01   2.0260463e+01
   2.0190000e+03   1.2000000e+01   6.0000000e+00   1.9000000e+01   3.5000000e+01   2.1000000e+01  -5.3245763e+01  -3.8119756e+01   4.9128417e+02   1.1581511e+01   1.7015091e+01   1.7015091e+01
   2.0190000e+03   1.2000000e+01   6.0000000e+00   1.9000000e+01   3.6000000e+01   5.9000000e+01  -5.3241316e+01  -3.8121187e+01   5.0325029e+02   9.2212474e+00   9.5793144e+00   9.0784816e+00
   2.0190000e+03   1.2000000e+01   6.0000000e+00   1.9000000e+01   3.8000000e+01   3.7000000e+01  -5.3236970e+01  -3.8123258e+01   5.0222275e+02   4.9132636e+00   9.4821886e+00   8.6108114e+00
   2.0190000e+03   1.2000000e+01   6.0000000e+00   1.9000000e+01   4.0000000e+01   1.5000000e+01  -5.3232657e+01  -3.8124768e+01   4.8965303e+02   7.6308669e+00   1.4978531e+01   1.3709511e+01
   2.0190000e+03   1.2000000e+01   6.0000000e+00   1.9000000e+01   4.1000000e+01   5.1000000e+01  -5.3228213e+01  -3.8126296e+01   5.0419895e+02   9.3478619e+00   1.2408485e+01   1.2408485e+01
   2.0190000e+03   1.2000000e+01   6.0000000e+00   1.9000000e+01   4.3000000e+01   2.9000000e+01  -5.3223845e+01  -3.8127706e+01   4.9435463e+02   9.0639656e+00   1.4468441e+01   1.4468441e+01
   2.0190000e+03   1.2000000e+01   6.0000000e+00   1.9000000e+01   4.5000000e+01   5.0000000e+00  -5.3219358e+01  -3.8129138e+01   5.0758732e+02   5.2579066e+00   9.1564706e+00   9.1564706e+00
   2.0190000e+03   1.2000000e+01   6.0000000e+00   1.9000000e+01   4.6000000e+01   4.1000099e+01  -5.3214955e+01  -3.8130466e+01   4.9715449e+02   6.5949546e+00   5.3207347e+00   5.3207347e+00
   2.0190000e+03   1.2000000e+01   6.0000000e+00   1.9000000e+01   4.8000000e+01   1.7000000e+01  -5.3210546e+01  -3.8131793e+01   4.9781624e+02   4.5057427e+00   5.7419447e+00   4.9262326e+00
   2.0190000e+03   1.2000000e+01   6.0000000e+00   1.9000000e+01   4.9000000e+01   5.5000000e+01  -5.3206171e+01  -3.8133125e+01   4.9417147e+02   4.4641655e+00   4.7306378e+00   3.0916726e+00
   2.0190000e+03   1.2000000e+01   6.0000000e+00   1.9000000e+01   5.1000000e+01   3.3000000e+01  -5.3201750e+01  -3.8134577e+01   5.0064379e+02   6.1571116e+00   5.5931345e+00   5.5931345e+00
   2.0190000e+03   1.2000000e+01   6.0000000e+00   1.9000000e+01   5.3000000e+01   9.0000000e+00  -5.3197317e+01  -3.8136165e+01   5.0385104e+02   7.7257354e+00   7.8011474e+00   7.8011474e+00
   2.0190000e+03   1.2000000e+01   6.0000000e+00   1.9000000e+01   5.4000000e+01   4.5000000e+01  -5.3192959e+01  -3.8137834e+01   4.9681432e+02   1.8927835e-01   1.3042315e-01   7.9418193e-02
