   2.0090000e+03   1.2000000e+01   2.2000000e+01   1.3000000e+01   2.5000000e+01   1.6000000e+01  -5.3889506e+01  -3.7906826e+01   4.9938888e+02   4.1218509e-01   1.9175007e+00   1.8451706e+00
   2.0090000e+03   1.2000000e+01   2.2000000e+01   1.3000000e+01   2.6000000e+01   5.2000000e+01  -5.3885067e+01  -3.7908334e+01   5.0297759e+02   7.3154265e-01   1.0397166e+01   9.8204724e+00
   2.0090000e+03   1.2000000e+01   2.2000000e+01   1.3000000e+01   2.8000000e+01   3.0000000e+01  -5.3880669e+01  -3.7909807e+01   4.9812635e+02   8.2341611e-01   2.6269465e+00   2.3159179e+00
   2.0090000e+03   1.2000000e+01   2.2000000e+01   1.3000000e+01   3.0000000e+01   1.0000000e+01  -5.3876354e+01  -3.7911228e+01   4.8850432e+02   3.8464394e+01   1.4773518e+02   1.4727706e+02
   2.0090000e+03   1.2000000e+01   2.2000000e+01   1.3000000e+01   3.1000000e+01   4.7000000e+01  -5.3871930e+01  -3.7912687e+01   5.0082768e+02   6.0143546e-01   2.5741747e+00   2.4314468e+00
   2.0090000e+03   1.2000000e+01   2.2000000e+01   1.3000000e+01   3.3000000e+01   2.3000000e+01  -5.3867460e+01  -3.7914271e+01   5.0732641e+02   5.7557394e-01   2.1529686e+00   2.1529686e+00
   2.0090000e+03   1.2000000e+01   2.2000000e+01   1.3000000e+01   3.5000000e+01   9.9182129e-05  -5.3863013e+01  -3.7915829e+01   5.0467867e+02   4.6082009e+01   2.3722977e+02   2.3719499e+02
   2.0090000e+03   1.2000000e+01   2.2000000e+01   1.3000000e+01   3.6000000e+01   3.8000000e+01  -5.3858597e+01  -3.7917292e+01   4.9993756e+02   4.2907154e-01   1.9030948e+00   1.9030948e+00
   2.0090000e+03   1.2000000e+01   2.2000000e+01   1.3000000e+01   3.8000000e+01   1.6000000e+01  -5.3854294e+01  -3.7918661e+01   4.8649538e+02   4.0415464e+00   1.4121097e+01   1.1180603e+01
   2.0090000e+03   1.2000000e+01   2.2000000e+01   1.3000000e+01   3.9000000e+01   5.3000000e+01  -5.3849850e+01  -3.7919998e+01   5.0148534e+02   1.0437500e+00   2.8874477e+00   2.8874477e+00
   2.0090000e+03   1.2000000e+01   2.2000000e+01   1.3000000e+01   4.1000000e+01   3.1000000e+01  -5.3845387e+01  -3.7921574e+01   5.0665820e+02   7.2833294e-01   3.3868176e+00   3.0871913e+00
   2.0090000e+03   1.2000000e+01   2.2000000e+01   1.3000000e+01   4.3000000e+01   7.0000000e+00  -5.3841024e+01  -3.7923017e+01   4.9388821e+02   4.4096419e-01   1.4878752e+00   1.4878752e+00
   2.0090000e+03   1.2000000e+01   2.2000000e+01   1.3000000e+01   4.4000000e+01   4.3000099e+01  -5.3836603e+01  -3.7924634e+01   5.0255133e+02   3.2937295e-01   1.3015343e+00   1.3015343e+00
   2.0090000e+03   1.2000000e+01   2.2000000e+01   1.3000000e+01   4.6000000e+01   2.0000000e+01  -5.3832201e+01  -3.7926202e+01   4.9993389e+02   6.0444637e-01   1.6721507e+00   1.6721507e+00
   2.0090000e+03   1.2000000e+01   2.2000000e+01   1.3000000e+01   4.7000000e+01   5.6000099e+01  -5.3827867e+01  -3.7927822e+01   4.9315310e+02   7.0652729e+00   2.0214082e+01   1.8774080e+00
   2.0090000e+03   1.2000000e+01   2.2000000e+01   1.3000000e+01   4.9000000e+01   3.2000000e+01  -5.3823419e+01  -3.7929380e+01   5.0464704e+02   1.1891029e+01   3.3796544e+01   1.4388153e+01
   2.0090000e+03   1.2000000e+01   2.2000000e+01   1.3000000e+01   5.1000000e+01   9.0000992e+00  -5.3819012e+01  -3.7930825e+01   4.9885383e+02   4.3090132e+01   1.1980362e+02   8.4338029e+01
   2.0090000e+03   1.2000000e+01   2.2000000e+01   1.3000000e+01   5.2000000e+01   4.8000000e+01  -5.3814587e+01  -3.7932254e+01   5.0060725e+02   1.0856015e+01   4.5702332e+01   9.2934617e+00
   2.0090000e+03   1.2000000e+01   2.2000000e+01   1.3000000e+01   5.4000000e+01   2.7000000e+01  -5.3810146e+01  -3.7933645e+01   5.0178483e+02   7.9526828e+00   2.5381315e+01   7.9896576e+00
   2.0090000e+03   1.2000000e+01   2.2000000e+01   1.3000000e+01   5.6000000e+01   6.0000000e+00  -5.3805741e+01  -3.7935180e+01   4.9970443e+02   7.8135063e-01   3.4317890e+00   3.4317890e+00
   2.0090000e+03   1.2000000e+01   2.2000000e+01   1.3000000e+01   5.7000000e+01   4.4000000e+01  -5.3801325e+01  -3.7936756e+01   5.0154892e+02   1.7077771e+01   5.2696149e+01   2.2926906e+01
   2.0090000e+03   1.2000000e+01   2.2000000e+01   1.3000000e+01   5.9000000e+01   2.2000000e+01  -5.3796890e+01  -3.7938213e+01   5.0198551e+02   1.7209220e+01   5.0002725e+01   3.7109314e+01
   2.0090000e+03   1.2000000e+01   2.2000000e+01   1.4000000e+01   1.0000000e+00   1.0000992e+00  -5.3792491e+01  -3.7939701e+01   4.9846864e+02   3.1199747e+01   8.6311510e+01   2.8362742e+01
   2.0090000e+03   1.2000000e+01   2.2000000e+01   1.4000000e+01   2.0000000e+00   4.0000000e+01  -5.3788095e+01  -3.7941163e+01   4.9778537e+02   6.6008952e+01   1.8332860e+02   1.1824477e+01
   2.0090000e+03   1.2000000e+01   2.2000000e+01   1.4000000e+01   4.0000000e+00   2.0000000e+01  -5.3783717e+01  -3.7942618e+01   4.9578475e+02   6.9380878e+00   2.0445595e+01   6.2540967e+00
   2.0090000e+03   1.2000000e+01   2.2000000e+01   1.4000000e+01   6.0000000e+00   2.0000000e+00  -5.3779303e+01  -3.7944126e+01   5.0038613e+02   5.6819627e+00   1.6367364e+01   1.6114511e+01
   2.0090000e+03   1.2000000e+01   2.2000000e+01   1.4000000e+01   7.0000000e+00   4.2999901e+01  -5.3774945e+01  -3.7945435e+01   4.9190566e+02   5.1447268e+00   1.5623911e+01   1.3094887e+01
   2.0090000e+03   1.2000000e+01   2.2000000e+01   1.4000000e+01   9.0000000e+00   2.1000000e+01  -5.3770507e+01  -3.7947098e+01   5.0501676e+02   5.9204008e+00   1.6782533e+01   1.6599971e+01
   2.0090000e+03   1.2000000e+01   2.2000000e+01   1.4000000e+01   1.0000000e+01   5.5000099e+01  -5.3766058e+01  -3.7948686e+01   5.0526446e+02   1.3776602e+01   5.6148918e+01   5.5586249e+01
   2.0090000e+03   1.2000000e+01   2.2000000e+01   1.4000000e+01   1.2000000e+01   3.1000000e+01  -5.3761672e+01  -3.7950167e+01   4.9696424e+02   1.6204200e+00   8.2964492e+00   8.1697975e+00
   2.0090000e+03   1.2000000e+01   2.2000000e+01   1.4000000e+01   1.4000000e+01   7.0000000e+00  -5.3757287e+01  -3.7951821e+01   4.9925228e+02   3.1254382e+00   2.3400753e+01   2.1396759e+01
   2.0090000e+03   1.2000000e+01   2.2000000e+01   1.4000000e+01   1.5000000e+01   4.0000000e+01  -5.3752889e+01  -3.7953385e+01   4.9945668e+02   1.9522363e+00   1.2760002e+01   1.2653178e+01
   2.0090000e+03   1.2000000e+01   2.2000000e+01   1.4000000e+01   1.7000000e+01   1.6000000e+01  -5.3748424e+01  -3.7954919e+01   5.0624609e+02   1.6834861e+00   4.7744891e+00   4.7744891e+00
   2.0090000e+03   1.2000000e+01   2.2000000e+01   1.4000000e+01   1.8000000e+01   5.4000000e+01  -5.3744135e+01  -3.7956252e+01   4.8461418e+02   3.1562730e+00   8.8641675e+00   8.5847585e+00
   2.0090000e+03   1.2000000e+01   2.2000000e+01   1.4000000e+01   2.0000000e+01   3.2000000e+01  -5.3739700e+01  -3.7957614e+01   5.0080261e+02   3.7466823e+00   1.2115693e+01   1.2115693e+01
   2.0090000e+03   1.2000000e+01   2.2000000e+01   1.4000000e+01   2.2000000e+01   1.1000000e+01  -5.3735233e+01  -3.7959017e+01   5.0487241e+02   1.8851828e+00   5.2152016e+00   5.2152016e+00
   2.0090000e+03   1.2000000e+01   2.2000000e+01   1.4000000e+01   2.3000000e+01   5.1000000e+01  -5.3730802e+01  -3.7960322e+01   4.9984619e+02   1.3437923e+00   4.7404946e+00   4.6215105e+00
   2.0090000e+03   1.2000000e+01   2.2000000e+01   1.4000000e+01   2.5000000e+01   3.4000000e+01  -5.3726400e+01  -3.7961672e+01   4.9714828e+02   6.8724306e-01   2.3946579e+00   2.3946579e+00
   2.0090000e+03   1.2000000e+01   2.2000000e+01   1.4000000e+01   2.7000000e+01   1.4000000e+01  -5.3721964e+01  -3.7962963e+01   5.0010120e+02   6.1186372e-01   1.6926702e+00   1.0779392e+00
   2.0090000e+03   1.2000000e+01   2.2000000e+01   1.4000000e+01   2.8000000e+01   5.1000000e+01  -5.3717550e+01  -3.7964504e+01   5.0082798e+02   2.4509659e-01   2.4426260e+00   2.4426260e+00
   2.0090000e+03   1.2000000e+01   2.2000000e+01   1.4000000e+01   3.0000000e+01   2.7000000e+01  -5.3713175e+01  -3.7966130e+01   4.9777975e+02   9.2743292e-01   2.7180848e+00   2.7046635e+00
   2.0090000e+03   1.2000000e+01   2.2000000e+01   1.4000000e+01   3.2000000e+01   3.0000000e+00  -5.3708796e+01  -3.7967736e+01   4.9792979e+02   7.8395359e-01   2.2978373e+00   2.1903024e+00
   2.0090000e+03   1.2000000e+01   2.2000000e+01   1.4000000e+01   3.3000000e+01   3.8000000e+01  -5.3704413e+01  -3.7969290e+01   4.9773615e+02   1.3306212e+01   3.6831638e+01   6.9068951e+00
   2.0090000e+03   1.2000000e+01   2.2000000e+01   1.4000000e+01   3.5000000e+01   1.3000000e+01  -5.3699926e+01  -3.7970869e+01   5.0930361e+02   2.0888633e-01   2.0914928e+00   1.9655715e+00
   2.0090000e+03   1.2000000e+01   2.2000000e+01   1.4000000e+01   3.6000000e+01   4.9000000e+01  -5.3695588e+01  -3.7972467e+01   4.9335150e+02   1.0306274e-01   4.0287689e-01   2.8511452e-01
   2.0090000e+03   1.2000000e+01   2.2000000e+01   1.4000000e+01   3.8000000e+01   2.6000000e+01  -5.3691182e+01  -3.7973977e+01   4.9958039e+02   8.3285021e-01   2.8836048e+00   2.3547775e+00
   2.0090000e+03   1.2000000e+01   2.2000000e+01   1.4000000e+01   4.0000000e+01   4.0000000e+00  -5.3686809e+01  -3.7975400e+01   4.9477808e+02   1.0218886e+00   3.9768411e+00   2.1873853e+00
   2.0090000e+03   1.2000000e+01   2.2000000e+01   1.4000000e+01   4.1000000e+01   4.2000000e+01  -5.3682367e+01  -3.7976899e+01   5.0345589e+02   4.9273790e+00   2.4826277e+01   1.8351372e+00
   2.0090000e+03   1.2000000e+01   2.2000000e+01   1.4000000e+01   4.3000000e+01   2.3000000e+01  -5.3677973e+01  -3.7978248e+01   4.9625427e+02   2.5659082e-01   1.8604878e+00   1.6915744e+00
   2.0090000e+03   1.2000000e+01   2.2000000e+01   1.4000000e+01   4.5000000e+01   3.0000000e+00  -5.3673572e+01  -3.7979891e+01   5.0087658e+02   9.0961441e-01   3.0737100e+00   1.4218710e+00
   2.0090000e+03   1.2000000e+01   2.2000000e+01   1.4000000e+01   4.6000000e+01   4.2000000e+01  -5.3669127e+01  -3.7981474e+01   5.0469845e+02   1.0081941e+00   2.7890854e+00   1.4220592e+00
   2.0090000e+03   1.2000000e+01   2.2000000e+01   1.4000000e+01   4.8000000e+01   2.4000000e+01  -5.3664781e+01  -3.7982720e+01   4.8991818e+02   1.4552061e+00   4.1978605e+00   1.9621112e+00
   2.0090000e+03   1.2000000e+01   2.2000000e+01   1.4000000e+01   5.0000000e+01   7.0000000e+00  -5.3660338e+01  -3.7984044e+01   5.0128136e+02   7.7300121e-01   3.4684188e+00   3.4405071e+00
   2.0090000e+03   1.2000000e+01   2.2000000e+01   1.4000000e+01   5.1000000e+01   5.2000000e+01  -5.3655899e+01  -3.7985424e+01   5.0154791e+02   1.2220805e+00   4.9325928e+00   3.4463603e+00
   2.0090000e+03   1.2000000e+01   2.2000000e+01   1.4000000e+01   5.3000000e+01   3.5000000e+01  -5.3651512e+01  -3.7986863e+01   4.9661318e+02   2.3011087e+01   2.5415793e+02   2.5406158e+02
   2.0090000e+03   1.2000000e+01   2.2000000e+01   1.4000000e+01   5.5000000e+01   1.7000000e+01  -5.3647052e+01  -3.7988389e+01   5.0578131e+02   7.7711028e-01   2.3431283e+00   2.1272949e+00
   2.0090000e+03   1.2000000e+01   2.2000000e+01   1.4000000e+01   5.6000000e+01   5.5000000e+01  -5.3642711e+01  -3.7989894e+01   4.9236544e+02   8.8775008e-01   2.4558869e+00   2.4558869e+00
   2.0090000e+03   1.2000000e+01   2.2000000e+01   1.4000000e+01   5.8000000e+01   3.1000000e+01  -5.3638356e+01  -3.7991403e+01   4.9407220e+02   1.4949972e+00   4.4171591e+00   4.4171591e+00
   2.0090000e+03   1.2000000e+01   2.2000000e+01   1.5000000e+01   0.0000000e+00   9.0000000e+00  -5.3633918e+01  -3.7992990e+01   5.0414146e+02   4.4718602e+00   1.3425738e+01   8.4348461e+00
   2.0090000e+03   1.2000000e+01   2.2000000e+01   1.5000000e+01   1.0000000e+00   5.1000000e+01  -5.3629490e+01  -3.7994444e+01   5.0123261e+02   5.6925886e-01   1.6721289e+00   1.5811174e+00
   2.0090000e+03   1.2000000e+01   2.2000000e+01   1.5000000e+01   3.0000000e+00   3.3000000e+01  -5.3625057e+01  -3.7995871e+01   5.0146509e+02   7.0744881e-01   1.9570984e+00   1.8921415e+00
   2.0090000e+03   1.2000000e+01   2.2000000e+01   1.5000000e+01   5.0000000e+00   1.6000000e+01  -5.3620728e+01  -3.7997246e+01   4.8958384e+02   8.8557725e-01   3.0803909e+00   2.9457283e+00
   2.0090000e+03   1.2000000e+01   2.2000000e+01   1.5000000e+01   6.0000000e+00   5.9000000e+01  -5.3616284e+01  -3.7998520e+01   5.0083757e+02   1.0308377e-01   5.8681382e-01   5.1214394e-01
   2.0090000e+03   1.2000000e+01   2.2000000e+01   1.5000000e+01   8.0000000e+00   4.3000000e+01  -5.3611785e+01  -3.7999912e+01   5.0830117e+02   3.5269640e-01   1.0001404e+00   9.7537806e-01
   2.0090000e+03   1.2000000e+01   2.2000000e+01   1.5000000e+01   1.0000000e+01   2.3999901e+01  -5.3607474e+01  -3.8001323e+01   4.8797742e+02   1.5663805e-01   5.6007520e-01   5.6007520e-01
   2.0090000e+03   1.2000000e+01   2.2000000e+01   1.5000000e+01   1.2000000e+01   0.0000000e+00  -5.3602967e+01  -3.8002707e+01   5.0907682e+02   3.6476386e-01   1.0851196e+00   9.5083201e-01
   2.0090000e+03   1.2000000e+01   2.2000000e+01   1.5000000e+01   1.3000000e+01   3.1000000e+01  -5.3598525e+01  -3.8004166e+01   5.0285030e+02   8.1768082e-01   2.5437050e+00   2.3301592e+00
   2.0090000e+03   1.2000000e+01   2.2000000e+01   1.5000000e+01   1.5000000e+01   4.0000000e+00  -5.3594136e+01  -3.8005395e+01   4.9447681e+02   1.8412413e-01   1.3872807e+00   1.3872807e+00
   2.0090000e+03   1.2000000e+01   2.2000000e+01   1.5000000e+01   1.6000000e+01   4.2000099e+01  -5.3589744e+01  -3.8006600e+01   4.9436367e+02   3.0725840e-01   1.2252786e+00   1.2252786e+00
   2.0090000e+03   1.2000000e+01   2.2000000e+01   1.5000000e+01   1.8000000e+01   2.2000000e+01  -5.3585265e+01  -3.8007805e+01   5.0403058e+02   7.0753392e-01   1.9573338e+00   1.9573338e+00
   2.0090000e+03   1.2000000e+01   2.2000000e+01   1.5000000e+01   2.0000000e+01   2.0000000e+00  -5.3580852e+01  -3.8009031e+01   4.9708282e+02   9.8705026e-01   3.4500850e+00   3.4500850e+00
   2.0090000e+03   1.2000000e+01   2.2000000e+01   1.5000000e+01   2.1000000e+01   3.7000000e+01  -5.3576431e+01  -3.8010380e+01   4.9925348e+02   1.1253388e+00   4.1025025e+00   4.1025025e+00
   2.0090000e+03   1.2000000e+01   2.2000000e+01   1.5000000e+01   2.3000000e+01   1.2000000e+01  -5.3572016e+01  -3.8011665e+01   4.9779775e+02   1.2567498e+00   3.5417006e+00   3.3788799e+00
   2.0090000e+03   1.2000000e+01   2.2000000e+01   1.5000000e+01   2.4000000e+01   4.6000000e+01  -5.3567556e+01  -3.8012912e+01   5.0242624e+02   2.9413221e-01   1.2695633e+00   1.2695633e+00
   2.0090000e+03   1.2000000e+01   2.2000000e+01   1.5000000e+01   2.6000000e+01   2.4000000e+01  -5.3563124e+01  -3.8014151e+01   4.9921762e+02   9.6997092e-01   2.8069483e+00   2.6965990e+00
   2.0090000e+03   1.2000000e+01   2.2000000e+01   1.5000000e+01   2.8000000e+01   6.0000992e+00  -5.3558770e+01  -3.8015452e+01   4.9136362e+02   1.0407598e+00   2.8791756e+00   2.8791756e+00
   2.0090000e+03   1.2000000e+01   2.2000000e+01   1.5000000e+01   2.9000000e+01   4.7000099e+01  -5.3554322e+01  -3.8016917e+01   5.0360785e+02   1.1315722e+00   3.1304006e+00   2.4725085e+00
   2.0090000e+03   1.2000000e+01   2.2000000e+01   1.5000000e+01   3.1000000e+01   2.8000000e+01  -5.3549903e+01  -3.8018431e+01   5.0117956e+02   5.6187255e-01   1.7323502e+00   1.7323502e+00
   2.0090000e+03   1.2000000e+01   2.2000000e+01   1.5000000e+01   3.3000000e+01   1.0000000e+01  -5.3545539e+01  -3.8020048e+01   4.9648253e+02   7.3580797e-01   2.3637973e+00   1.8073478e+00
   2.0090000e+03   1.2000000e+01   2.2000000e+01   1.5000000e+01   3.4000000e+01   4.9000099e+01  -5.3541189e+01  -3.8021755e+01   4.9637861e+02   1.3519285e+00   4.1631879e+00   4.1631879e+00
   2.0090000e+03   1.2000000e+01   2.2000000e+01   1.5000000e+01   3.6000000e+01   2.5000000e+01  -5.3536741e+01  -3.8023584e+01   5.0872813e+02   1.9381705e+00   5.8657706e+00   5.8657706e+00
   2.0090000e+03   1.2000000e+01   2.2000000e+01   1.5000000e+01   3.8000000e+01   2.0000000e+00  -5.3532480e+01  -3.8025315e+01   4.8709815e+02   2.9656596e+00   8.2042510e+00   7.4858167e+00
   2.0090000e+03   1.2000000e+01   2.2000000e+01   1.5000000e+01   3.9000000e+01   3.9000000e+01  -5.3528099e+01  -3.8027059e+01   5.0032148e+02   4.6123040e-01   2.1450205e+00   2.1450205e+00
   2.0090000e+03   1.2000000e+01   2.2000000e+01   1.5000000e+01   4.1000000e+01   1.9000000e+01  -5.3523600e+01  -3.8028735e+01   5.1201269e+02   1.0325694e+00   3.7822041e+00   3.6867801e+00
   2.0090000e+03   1.2000000e+01   2.2000000e+01   1.5000000e+01   4.3000000e+01   3.0000992e+00  -5.3519274e+01  -3.8030482e+01   4.9432405e+02   5.9051923e-01   2.2090234e+00   1.5270984e+00
   2.0090000e+03   1.2000000e+01   2.2000000e+01   1.5000000e+01   4.4000000e+01   4.3000000e+01  -5.3514918e+01  -3.8032198e+01   4.9720853e+02   6.3217429e-01   2.1409258e+00   1.6153073e+00
   2.0090000e+03   1.2000000e+01   2.2000000e+01   1.5000000e+01   4.6000000e+01   1.8999901e+01  -5.3510466e+01  -3.8033785e+01   5.0572849e+02   1.0659137e+00   3.2232447e+00   3.2232447e+00
   2.0090000e+03   1.2000000e+01   2.2000000e+01   1.5000000e+01   4.7000000e+01   5.5999901e+01  -5.3506161e+01  -3.8035372e+01   4.8968194e+02   1.5814073e+00   4.7819463e+00   3.8739300e+00
   2.0090000e+03   1.2000000e+01   2.2000000e+01   1.5000000e+01   4.9000000e+01   3.5000000e+01  -5.3501691e+01  -3.8036843e+01   5.0613323e+02   8.4112552e-01   2.3269039e+00   1.5405538e+00
   2.0090000e+03   1.2000000e+01   2.2000000e+01   1.5000000e+01   5.1000000e+01   1.4000099e+01  -5.3497273e+01  -3.8038276e+01   4.9997359e+02   8.5853346e-01   3.6872851e+00   3.6872851e+00
   2.0090000e+03   1.2000000e+01   2.2000000e+01   1.5000000e+01   5.2000000e+01   5.3000000e+01  -5.3492954e+01  -3.8039700e+01   4.8907245e+02   1.1344333e+00   3.1383155e+00   3.1383155e+00
   2.0090000e+03   1.2000000e+01   2.2000000e+01   1.5000000e+01   5.4000000e+01   3.2000000e+01  -5.3488497e+01  -3.8041139e+01   5.0433366e+02   1.3303781e+00   3.6803806e+00   3.6803806e+00
   2.0090000e+03   1.2000000e+01   2.2000000e+01   1.5000000e+01   5.6000000e+01   1.0000099e+01  -5.3484105e+01  -3.8042586e+01   4.9733344e+02   1.6403985e+00   4.5380263e+00   4.5380263e+00
   2.0090000e+03   1.2000000e+01   2.2000000e+01   1.5000000e+01   5.7000000e+01   4.5000000e+01  -5.3479667e+01  -3.8044083e+01   5.0294891e+02   1.4026324e+00   4.7927447e+00   4.7927447e+00
   2.0090000e+03   1.2000000e+01   2.2000000e+01   1.5000000e+01   5.9000000e+01   2.0000099e+01  -5.3475281e+01  -3.8045497e+01   4.9633397e+02   1.1987482e+00   3.3162374e+00   3.3162374e+00
   2.0090000e+03   1.2000000e+01   2.2000000e+01   1.6000000e+01   0.0000000e+00   5.5000000e+01  -5.3470888e+01  -3.8046930e+01   4.9718601e+02   2.0640224e+00   5.7099467e+00   5.7099467e+00
   2.0090000e+03   1.2000000e+01   2.2000000e+01   1.6000000e+01   2.0000000e+00   2.9999901e+01  -5.3466427e+01  -3.8048346e+01   5.0445649e+02   9.9357351e-01   3.8592269e+00   3.8197615e+00
   2.0090000e+03   1.2000000e+01   2.2000000e+01   1.6000000e+01   4.0000000e+00   6.0000000e+00  -5.3462090e+01  -3.8049807e+01   4.9153262e+02   1.6102546e+00   4.8747877e+00   4.8747877e+00
   2.0090000e+03   1.2000000e+01   2.2000000e+01   1.6000000e+01   5.0000000e+00   4.2000099e+01  -5.3457640e+01  -3.8051323e+01   5.0462226e+02   1.7113702e+00   7.0556698e+00   5.4976031e+00
   2.0090000e+03   1.2000000e+01   2.2000000e+01   1.6000000e+01   7.0000000e+00   2.0000099e+01  -5.3453248e+01  -3.8052797e+01   4.9764263e+02   2.7483744e+00   1.2973658e+01   1.1568956e+01
   2.0090000e+03   1.2000000e+01   2.2000000e+01   1.6000000e+01   8.0000000e+00   5.7999901e+01  -5.3448815e+01  -3.8054226e+01   5.0164716e+02   1.6427102e+00   4.6306899e+00   4.6306899e+00
   2.0090000e+03   1.2000000e+01   2.2000000e+01   1.6000000e+01   1.0000000e+01   3.5000099e+01  -5.3444361e+01  -3.8055530e+01   5.0240237e+02   1.1071534e+00   8.1118569e+00   8.1118569e+00
   2.0090000e+03   1.2000000e+01   2.2000000e+01   1.6000000e+01   1.2000000e+01   1.5000000e+01  -5.3439906e+01  -3.8056837e+01   5.0253107e+02   9.9589667e-01   3.0384206e+00   3.0384206e+00
   2.0090000e+03   1.2000000e+01   2.2000000e+01   1.6000000e+01   1.3000000e+01   5.3999901e+01  -5.3435499e+01  -3.8058026e+01   4.9595002e+02   1.2054279e+00   3.6205692e+00   3.4472593e+00
   2.0090000e+03   1.2000000e+01   2.2000000e+01   1.6000000e+01   1.5000000e+01   3.3000000e+01  -5.3431083e+01  -3.8059245e+01   4.9734813e+02   9.6480082e-01   2.6690414e+00   2.6690414e+00
   2.0090000e+03   1.2000000e+01   2.2000000e+01   1.6000000e+01   1.7000000e+01   1.6000000e+01  -5.3426652e+01  -3.8060230e+01   4.9660607e+02   1.6291872e+00   4.9512884e+00   4.9512884e+00
   2.0090000e+03   1.2000000e+01   2.2000000e+01   1.6000000e+01   1.9000000e+01   2.0000000e+00  -5.3422198e+01  -3.8061282e+01   4.9981717e+02   1.4565522e+00   4.0294307e+00   3.9565644e+00
   2.0090000e+03   1.2000000e+01   2.2000000e+01   1.6000000e+01   2.0000000e+01   4.5000099e+01  -5.3417758e+01  -3.8062595e+01   5.0093329e+02   6.9008310e-01   3.1915032e+00   2.5150837e+00
   2.0090000e+03   1.2000000e+01   2.2000000e+01   1.6000000e+01   2.2000000e+01   2.6000099e+01  -5.3413357e+01  -3.8063958e+01   4.9734621e+02   3.9734974e+00   1.2774241e+01   1.2433494e+01
   2.0090000e+03   1.2000000e+01   2.2000000e+01   1.6000000e+01   2.4000000e+01   6.0000000e+00  -5.3408957e+01  -3.8065324e+01   4.9728308e+02   8.4126698e-01   4.2053050e+00   4.2053050e+00
   2.0090000e+03   1.2000000e+01   2.2000000e+01   1.6000000e+01   2.5000000e+01   4.3000000e+01  -5.3404585e+01  -3.8066632e+01   4.9344496e+02   7.0649589e-01   2.6590475e+00   2.6098227e+00
   2.0090000e+03   1.2000000e+01   2.2000000e+01   1.6000000e+01   2.7000000e+01   1.7000000e+01  -5.3400065e+01  -3.8068013e+01   5.1047474e+02   2.2445964e+00   6.5404088e+00   5.8800678e+00
   2.0090000e+03   1.2000000e+01   2.2000000e+01   1.6000000e+01   2.8000000e+01   5.2000000e+01  -5.3395707e+01  -3.8069542e+01   4.9475547e+02   4.1005554e+00   1.2812932e+01   1.1343846e+01
   2.0090000e+03   1.2000000e+01   2.2000000e+01   1.6000000e+01   3.0000000e+01   2.9000000e+01  -5.3391320e+01  -3.8071177e+01   4.9939110e+02   7.3162708e+00   2.7212604e+01   2.6695167e+01
   2.0090000e+03   1.2000000e+01   2.2000000e+01   1.6000000e+01   3.2000000e+01   9.0000992e+00  -5.3386880e+01  -3.8072800e+01   5.0496292e+02   5.8996177e-01   1.8818236e+00   1.8818236e+00
   2.0090000e+03   1.2000000e+01   2.2000000e+01   1.6000000e+01   3.3000000e+01   4.8000000e+01  -5.3382557e+01  -3.8074257e+01   4.8997867e+02   2.2368305e+00   7.3567683e+00   7.3567683e+00
   2.0090000e+03   1.2000000e+01   2.2000000e+01   1.6000000e+01   3.5000000e+01   2.6000000e+01  -5.3378077e+01  -3.8075875e+01   5.0924205e+02   1.0078789e+00   4.4497687e+00   3.6464438e+00
   2.0090000e+03   1.2000000e+01   2.2000000e+01   1.6000000e+01   3.7000000e+01   5.0000992e+00  -5.3373720e+01  -3.8077395e+01   4.9447639e+02   6.9741880e-01   5.6790225e+00   5.4449277e+00
   2.0090000e+03   1.2000000e+01   2.2000000e+01   1.6000000e+01   3.8000000e+01   4.9000099e+01  -5.3369430e+01  -3.8078741e+01   4.8499570e+02   1.4105728e+00   4.1404726e+00   3.8968589e+00
   2.0090000e+03   1.2000000e+01   2.2000000e+01   1.6000000e+01   4.0000000e+01   3.3000000e+01  -5.3364926e+01  -3.8080297e+01   5.1108989e+02   3.5204233e-01   4.2468294e+00   3.9778479e+00
   2.0090000e+03   1.2000000e+01   2.2000000e+01   1.6000000e+01   4.2000000e+01   1.5999901e+01  -5.3360472e+01  -3.8081853e+01   5.0555322e+02   1.4434423e+00   1.1522501e+01   1.1465903e+01
   2.0090000e+03   1.2000000e+01   2.2000000e+01   1.6000000e+01   4.3000000e+01   5.6999901e+01  -5.3356111e+01  -3.8083317e+01   4.9423759e+02   1.9260135e+00   7.4036046e+00   6.8434571e+00
   2.0090000e+03   1.2000000e+01   2.2000000e+01   1.6000000e+01   4.5000000e+01   3.4000000e+01  -5.3351685e+01  -3.8085058e+01   5.0518696e+02   1.5476745e+00   4.2815130e+00   3.7340528e+00
   2.0090000e+03   1.2000000e+01   2.2000000e+01   1.6000000e+01   4.7000000e+01   7.0000000e+00  -5.3347386e+01  -3.8086749e+01   4.9064665e+02   1.2260695e+00   5.9010150e+00   4.0598227e+00
   2.0090000e+03   1.2000000e+01   2.2000000e+01   1.6000000e+01   4.8000000e+01   4.1000099e+01  -5.3342994e+01  -3.8088472e+01   5.0128583e+02   7.7585341e-01   4.5574377e+00   4.4619565e+00
   2.0090000e+03   1.2000000e+01   2.2000000e+01   1.6000000e+01   5.0000000e+01   1.4000000e+01  -5.3338553e+01  -3.8090122e+01   5.0550567e+02   1.6752257e+00   7.2963188e+00   6.6961454e+00
   2.0090000e+03   1.2000000e+01   2.2000000e+01   1.6000000e+01   5.1000000e+01   4.9000000e+01  -5.3334208e+01  -3.8091617e+01   4.9283934e+02   2.2355215e-01   4.7111780e+00   4.2227188e+00
   2.0090000e+03   1.2000000e+01   2.2000000e+01   1.6000000e+01   5.3000000e+01   2.6000000e+01  -5.3329797e+01  -3.8093093e+01   4.9989655e+02   8.1049463e-01   8.4827896e+00   8.4827896e+00
   2.0090000e+03   1.2000000e+01   2.2000000e+01   1.6000000e+01   5.5000000e+01   9.9182129e-05  -5.3325364e+01  -3.8094605e+01   5.0266636e+02   2.9359717e+00   8.2119973e+00   6.4742361e+00
   2.0090000e+03   1.2000000e+01   2.2000000e+01   1.6000000e+01   5.6000000e+01   3.0999901e+01  -5.3320912e+01  -3.8096059e+01   5.0400719e+02   1.8260577e+00   5.0516369e+00   4.0654823e+00
   2.0090000e+03   1.2000000e+01   2.2000000e+01   1.6000000e+01   5.8000000e+01   2.0000000e+00  -5.3316552e+01  -3.8097481e+01   4.9362077e+02   9.9468333e-01   5.9350386e+00   5.9350386e+00
   2.0090000e+03   1.2000000e+01   2.2000000e+01   1.6000000e+01   5.9000000e+01   3.7000000e+01  -5.3312075e+01  -3.8098860e+01   5.0581903e+02   1.7056307e+00   4.7184857e+00   2.0294693e+00
   2.0090000e+03   1.2000000e+01   2.2000000e+01   1.7000000e+01   1.0000000e+00   1.7000000e+01  -5.3307739e+01  -3.8100014e+01   4.8786365e+02   2.6840392e+00   7.4925271e+00   6.7609628e+00
   2.0090000e+03   1.2000000e+01   2.2000000e+01   1.7000000e+01   3.0000000e+00   0.0000000e+00  -5.3303288e+01  -3.8101413e+01   5.0321041e+02   2.4761113e+00   6.8499562e+00   4.7282837e+00
   2.0090000e+03   1.2000000e+01   2.2000000e+01   1.7000000e+01   4.0000000e+00   3.9000000e+01  -5.3298798e+01  -3.8102913e+01   5.0881346e+02   2.4355848e+00   1.7960693e+01   1.5766342e+01
   2.0090000e+03   1.2000000e+01   2.2000000e+01   1.7000000e+01   6.0000000e+00   1.6000000e+01  -5.3294391e+01  -3.8104274e+01   4.9797806e+02   3.2041028e+00   1.1757323e+01   1.1385931e+01
   2.0090000e+03   1.2000000e+01   2.2000000e+01   1.7000000e+01   7.0000000e+00   5.1000000e+01  -5.3289992e+01  -3.8105701e+01   4.9795659e+02   1.7646815e+00   1.7132080e+01   9.1687107e+00
   2.0090000e+03   1.2000000e+01   2.2000000e+01   1.7000000e+01   9.0000000e+00   2.4000000e+01  -5.3285624e+01  -3.8107241e+01   4.9604467e+02   2.6685910e+00   8.5102568e+00   8.3934503e+00
   2.0090000e+03   1.2000000e+01   2.2000000e+01   1.7000000e+01   1.0000000e+01   5.5000099e+01  -5.3281231e+01  -3.8108815e+01   4.9915451e+02   1.3106929e+00   8.2085412e+00   4.1045351e+00
   2.0090000e+03   1.2000000e+01   2.2000000e+01   1.7000000e+01   1.2000000e+01   2.9000000e+01  -5.3276825e+01  -3.8110292e+01   4.9938183e+02   4.8593731e+00   1.6547159e+01   1.6131801e+01
   2.0090000e+03   1.2000000e+01   2.2000000e+01   1.7000000e+01   1.4000000e+01   6.0000000e+00  -5.3272408e+01  -3.8111809e+01   5.0106169e+02   3.5133837e+00   1.3521206e+01   9.8609241e+00
   2.0090000e+03   1.2000000e+01   2.2000000e+01   1.7000000e+01   1.5000000e+01   4.5000000e+01  -5.3267985e+01  -3.8113261e+01   5.0081169e+02   3.0250377e+00   1.1249702e+01   1.0593636e+01
   2.0090000e+03   1.2000000e+01   2.2000000e+01   1.7000000e+01   1.7000000e+01   2.5000000e+01  -5.3263563e+01  -3.8114709e+01   5.0077348e+02   2.1146376e+00   9.5381249e+00   9.5381249e+00
   2.0090000e+03   1.2000000e+01   2.2000000e+01   1.7000000e+01   1.9000000e+01   3.0000000e+00  -5.3259131e+01  -3.8116187e+01   5.0211694e+02   1.4321519e+00   5.1444756e+00   4.8441648e+00
   2.0090000e+03   1.2000000e+01   2.2000000e+01   1.7000000e+01   2.0000000e+01   4.4000000e+01  -5.3254720e+01  -3.8117735e+01   5.0086163e+02   2.7345368e+00   8.0276849e+00   7.1006090e+00
   2.0090000e+03   1.2000000e+01   2.2000000e+01   1.7000000e+01   2.2000000e+01   2.7000000e+01  -5.3250316e+01  -3.8119180e+01   4.9870996e+02   3.5529430e+00   1.0082933e+01   9.3849382e+00
   2.0090000e+03   1.2000000e+01   2.2000000e+01   1.7000000e+01   2.4000000e+01   1.0000000e+01  -5.3245947e+01  -3.8120592e+01   4.9453524e+02   1.7769291e+00   5.5539452e+00   5.1700193e+00
   2.0090000e+03   1.2000000e+01   2.2000000e+01   1.7000000e+01   2.5000000e+01   5.1000000e+01  -5.3241508e+01  -3.8121968e+01   5.0166462e+02   2.4643006e+00   8.0095130e+00   6.3577909e+00
   2.0090000e+03   1.2000000e+01   2.2000000e+01   1.7000000e+01   2.7000000e+01   3.2000000e+01  -5.3237063e+01  -3.8123478e+01   5.0403087e+02   2.6568059e+00   9.4350893e+00   6.5243822e+00
   2.0090000e+03   1.2000000e+01   2.2000000e+01   1.7000000e+01   2.9000000e+01   1.5000000e+01  -5.3232752e+01  -3.8124918e+01   4.8847578e+02   1.9061711e+00   5.3889688e+00   3.6696454e+00
   2.0090000e+03   1.2000000e+01   2.2000000e+01   1.7000000e+01   3.0000000e+01   5.8000000e+01  -5.3228279e+01  -3.8126354e+01   5.0616823e+02   2.8754150e+00   1.1809100e+01   9.3535553e+00
   2.0090000e+03   1.2000000e+01   2.2000000e+01   1.7000000e+01   3.2000000e+01   4.2000099e+01  -5.3223873e+01  -3.8127671e+01   4.9740041e+02   2.6344869e+00   9.6063411e+00   9.0379511e+00
   2.0090000e+03   1.2000000e+01   2.2000000e+01   1.7000000e+01   3.4000000e+01   2.4000000e+01  -5.3219513e+01  -3.8128971e+01   4.9205937e+02   3.1353310e+00   8.8345209e+00   7.8266024e+00
   2.0090000e+03   1.2000000e+01   2.2000000e+01   1.7000000e+01   3.6000000e+01   0.0000000e+00  -5.3215048e+01  -3.8130572e+01   5.0748602e+02   2.4084171e+00   9.2276149e+00   7.1743990e+00
   2.0090000e+03   1.2000000e+01   2.2000000e+01   1.7000000e+01   3.7000000e+01   3.6000000e+01  -5.3210609e+01  -3.8132082e+01   5.0343345e+02   3.7191441e+00   2.2858331e+01   2.0386331e+01
   2.0090000e+03   1.2000000e+01   2.2000000e+01   1.7000000e+01   3.9000000e+01   1.7000000e+01  -5.3206313e+01  -3.8133576e+01   4.8763334e+02   3.8395026e+00   1.2728208e+01   1.1171019e+01
   2.0090000e+03   1.2000000e+01   2.2000000e+01   1.7000000e+01   4.0000000e+01   5.8000099e+01  -5.3201874e+01  -3.8135162e+01   5.0442001e+02   2.9598472e+00   9.9932896e+00   7.8167612e+00
   2.0090000e+03   1.2000000e+01   2.2000000e+01   1.7000000e+01   4.2000000e+01   3.6000000e+01  -5.3197525e+01  -3.8136680e+01   4.9368044e+02   2.7495723e+00   1.0745213e+01   1.0410544e+01
   2.0090000e+03   1.2000000e+01   2.2000000e+01   1.7000000e+01   4.4000000e+01   1.0000000e+01  -5.3193060e+01  -3.8138162e+01   5.0588358e+02   4.4521342e+00   1.9058007e+01   1.9058007e+01
   2.0090000e+03   1.2000000e+01   2.2000000e+01   1.7000000e+01   4.5000000e+01   4.3000000e+01  -5.3188550e+01  -3.8139386e+01   5.0773581e+02   3.5709340e+00   1.2496306e+01   7.3133576e+00
