   2.0090000e+03   1.2000000e+01   2.2000000e+01   7.0000000e+00   4.7000000e+01   2.5000000e+01  -5.3224074e+01  -3.8448120e+01   5.0582067e+02   4.3025092e+00   1.2284413e+01   1.2007891e+01
   2.0090000e+03   1.2000000e+01   2.2000000e+01   7.0000000e+00   5.0000000e+01   5.0000000e+00  -5.3228509e+01  -3.8446730e+01   5.0145527e+02   3.4520697e+00   9.8973466e+00   9.7235486e+00
   2.0090000e+03   1.2000000e+01   2.2000000e+01   7.0000000e+00   5.2000000e+01   3.4000099e+01  -5.3232655e+01  -3.8445373e+01   4.6948837e+02   3.6353843e+00   1.0557900e+01   1.0557900e+01
   2.0090000e+03   1.2000000e+01   2.2000000e+01   7.0000000e+00   5.4000000e+01   3.5999901e+01  -5.3237213e+01  -3.8443843e+01   5.1657221e+02   3.6125146e+00   1.1437538e+01   1.0839047e+01
   2.0090000e+03   1.2000000e+01   2.2000000e+01   7.0000000e+00   5.6000000e+01   1.6000099e+01  -5.3241710e+01  -3.8442368e+01   5.0924571e+02   2.0301321e+00   7.0651592e+00   5.7420205e+00
   2.0090000e+03   1.2000000e+01   2.2000000e+01   7.0000000e+00   5.7000000e+01   5.1000000e+01  -5.3246121e+01  -3.8440888e+01   4.9993115e+02   2.7990830e+00   8.4295269e+00   7.4050927e+00
   2.0090000e+03   1.2000000e+01   2.2000000e+01   7.0000000e+00   5.9000000e+01   2.6000099e+01  -5.3250531e+01  -3.8439387e+01   5.0007238e+02   3.1946498e+00   9.8093808e+00   9.8093808e+00
   2.0090000e+03   1.2000000e+01   2.2000000e+01   8.0000000e+00   0.0000000e+00   5.9000000e+01  -5.3254920e+01  -3.8437968e+01   4.9681519e+02   2.2923916e+00   6.8075860e+00   5.9182993e+00
   2.0090000e+03   1.2000000e+01   2.2000000e+01   8.0000000e+00   2.0000000e+00   3.2000000e+01  -5.3259332e+01  -3.8436516e+01   4.9964978e+02   2.3170850e+00   6.7845371e+00   6.7845371e+00
   2.0090000e+03   1.2000000e+01   2.2000000e+01   8.0000000e+00   4.0000000e+00   6.0000000e+00  -5.3263781e+01  -3.8435024e+01   5.0419994e+02   1.9060935e+00   6.9547477e+00   6.4002435e+00
   2.0090000e+03   1.2000000e+01   2.2000000e+01   8.0000000e+00   5.0000000e+00   3.8000000e+01  -5.3268185e+01  -3.8433500e+01   4.9973918e+02   2.0107043e+00   6.3586913e+00   6.0157408e+00
   2.0090000e+03   1.2000000e+01   2.2000000e+01   8.0000000e+00   7.0000000e+00   1.1000000e+01  -5.3272597e+01  -3.8432003e+01   5.0027741e+02   3.8094973e+00   1.0842401e+01   1.0538658e+01
   2.0090000e+03   1.2000000e+01   2.2000000e+01   8.0000000e+00   8.0000000e+00   4.3000099e+01  -5.3276980e+01  -3.8430536e+01   4.9664488e+02   1.5298716e+00   6.0426380e+00   6.0426380e+00
   2.0090000e+03   1.2000000e+01   2.2000000e+01   8.0000000e+00   1.0000000e+01   1.5000000e+01  -5.3281346e+01  -3.8429072e+01   4.9479214e+02   1.9132804e+00   5.2929313e+00   5.2929313e+00
   2.0090000e+03   1.2000000e+01   2.2000000e+01   8.0000000e+00   1.1000000e+01   4.9000099e+01  -5.3285783e+01  -3.8427652e+01   5.0204491e+02   2.0686418e+00   5.9347327e+00   5.4608320e+00
   2.0090000e+03   1.2000000e+01   2.2000000e+01   8.0000000e+00   1.3000000e+01   2.3000099e+01  -5.3290225e+01  -3.8426225e+01   5.0265154e+02   1.3988729e+00   5.2270394e+00   3.4329735e+00
   2.0090000e+03   1.2000000e+01   2.2000000e+01   8.0000000e+00   1.4000000e+01   5.8000000e+01  -5.3294649e+01  -3.8424776e+01   5.0083867e+02   3.1227018e+00   1.1048366e+01   1.0652531e+01
   2.0090000e+03   1.2000000e+01   2.2000000e+01   8.0000000e+00   1.6000000e+01   3.1000000e+01  -5.3299042e+01  -3.8423377e+01   4.9696233e+02   2.2700508e+00   7.1961738e+00   6.1683648e+00
   2.0090000e+03   1.2000000e+01   2.2000000e+01   8.0000000e+00   1.8000000e+01   5.0000992e+00  -5.3303447e+01  -3.8421994e+01   4.9805402e+02   2.1452614e+00   6.0237525e+00   5.6626995e+00
   2.0090000e+03   1.2000000e+01   2.2000000e+01   8.0000000e+00   1.9000000e+01   3.9000000e+01  -5.3307911e+01  -3.8420619e+01   5.0429899e+02   5.0093951e+00   1.5683546e+01   1.5593191e+01
   2.0090000e+03   1.2000000e+01   2.2000000e+01   8.0000000e+00   2.1000000e+01   1.3000000e+01  -5.3312335e+01  -3.8419308e+01   4.9931300e+02   5.9001198e+00   1.7972517e+01   1.7276600e+01
   2.0090000e+03   1.2000000e+01   2.2000000e+01   8.0000000e+00   2.2000000e+01   4.5000000e+01  -5.3316727e+01  -3.8418041e+01   4.9523444e+02   6.3255816e+00   1.8113882e+01   1.7204270e+01
   2.0090000e+03   1.2000000e+01   2.2000000e+01   8.0000000e+00   2.4000000e+01   1.7000000e+01  -5.3321161e+01  -3.8416780e+01   4.9972222e+02   5.4502367e+00   1.5317595e+01   1.4998547e+01
   2.0090000e+03   1.2000000e+01   2.2000000e+01   8.0000000e+00   2.5000000e+01   4.9000000e+01  -5.3325600e+01  -3.8415511e+01   5.0038966e+02   6.4815933e+00   1.8282153e+01   1.8282153e+01
   2.0090000e+03   1.2000000e+01   2.2000000e+01   8.0000000e+00   2.7000000e+01   2.2000099e+01  -5.3330078e+01  -3.8414238e+01   5.0473596e+02   2.4695185e+00   7.9023872e+00   7.6453598e+00
   2.0090000e+03   1.2000000e+01   2.2000000e+01   8.0000000e+00   2.8000000e+01   5.3000000e+01  -5.3334462e+01  -3.8412910e+01   4.9505799e+02   3.8132147e+00   1.1369552e+01   1.1369552e+01
   2.0090000e+03   1.2000000e+01   2.2000000e+01   8.0000000e+00   3.0000000e+01   2.4000000e+01  -5.3338858e+01  -3.8411529e+01   4.9695482e+02   2.8139913e+00   8.3283948e+00   8.1928377e+00
   2.0090000e+03   1.2000000e+01   2.2000000e+01   8.0000000e+00   3.1000000e+01   5.6000000e+01  -5.3343322e+01  -3.8410108e+01   5.0494871e+02   3.6391339e+00   1.1625894e+01   1.1537702e+01
   2.0090000e+03   1.2000000e+01   2.2000000e+01   8.0000000e+00   3.3000000e+01   2.8000000e+01  -5.3347718e+01  -3.8408654e+01   4.9796039e+02   3.1897593e+00   9.5784217e+00   9.3965651e+00
   2.0090000e+03   1.2000000e+01   2.2000000e+01   8.0000000e+00   3.4000000e+01   5.9000000e+01  -5.3352115e+01  -3.8407205e+01   4.9789947e+02   1.5533225e+00   6.6244890e+00   6.5372072e+00
   2.0090000e+03   1.2000000e+01   2.2000000e+01   8.0000000e+00   3.6000000e+01   3.1000000e+01  -5.3356560e+01  -3.8405717e+01   5.0373761e+02   1.5268124e+00   1.1910144e+01   1.1323992e+01
   2.0090000e+03   1.2000000e+01   2.2000000e+01   8.0000000e+00   3.8000000e+01   2.0000000e+00  -5.3360967e+01  -3.8404316e+01   4.9840241e+02   4.0594141e+00   1.1430391e+01   9.7896454e+00
   2.0090000e+03   1.2000000e+01   2.2000000e+01   8.0000000e+00   3.9000000e+01   3.4000000e+01  -5.3365354e+01  -3.8402939e+01   4.9603159e+02   2.6281587e+00   1.1066812e+01   1.0605238e+01
   2.0090000e+03   1.2000000e+01   2.2000000e+01   8.0000000e+00   4.1000000e+01   7.0000992e+00  -5.3369771e+01  -3.8401532e+01   4.9953057e+02   3.1318513e+00   9.2950102e+00   8.3101592e+00
   2.0090000e+03   1.2000000e+01   2.2000000e+01   8.0000000e+00   4.2000000e+01   4.1000000e+01  -5.3374204e+01  -3.8400157e+01   5.0102364e+02   8.7281744e+01   2.4510705e+02   2.4453456e+02
   2.0090000e+03   1.2000000e+01   2.2000000e+01   8.0000000e+00   4.4000000e+01   1.6000000e+01  -5.3378629e+01  -3.8398701e+01   5.0101584e+02   2.7992386e+00   1.0826252e+01   9.7873724e+00
   2.0090000e+03   1.2000000e+01   2.2000000e+01   8.0000000e+00   4.5000000e+01   5.1000000e+01  -5.3383076e+01  -3.8397260e+01   5.0331771e+02   3.1304264e+00   1.2537837e+01   1.1760672e+01
   2.0090000e+03   1.2000000e+01   2.2000000e+01   8.0000000e+00   4.7000000e+01   3.2000000e+01  -5.3387558e+01  -3.8395872e+01   5.0641765e+02   4.1093247e+00   1.1368106e+01   1.1248383e+01
   2.0090000e+03   1.2000000e+01   2.2000000e+01   8.0000000e+00   4.9000000e+01   3.0000000e+01  -5.3391928e+01  -3.8394436e+01   4.9490018e+02   3.1447104e+00   9.3954938e+00   7.8803137e+00
   2.0090000e+03   1.2000000e+01   2.2000000e+01   8.0000000e+00   5.1000000e+01   4.9000000e+01  -5.3396349e+01  -3.8393023e+01   5.0008906e+02   1.7693001e+00   6.4974663e+00   5.9192419e+00
   2.0090000e+03   1.2000000e+01   2.2000000e+01   8.0000000e+00   5.4000000e+01   2.8000000e+01  -5.3400704e+01  -3.8391639e+01   4.9257448e+02   2.8515211e+00   8.0492580e+00   7.3358492e+00
   2.0090000e+03   1.2000000e+01   2.2000000e+01   8.0000000e+00   5.7000000e+01   1.7000000e+01  -5.3405072e+01  -3.8390250e+01   4.9400086e+02   5.8468279e+00   1.6359182e+01   1.6174764e+01
   2.0090000e+03   1.2000000e+01   2.2000000e+01   9.0000000e+00   0.0000000e+00   1.0000000e+00  -5.3409452e+01  -3.8388863e+01   4.9529893e+02   4.5741828e+00   1.2896251e+01   1.2702556e+01
   2.0090000e+03   1.2000000e+01   2.2000000e+01   9.0000000e+00   2.0000000e+00   1.7000000e+01  -5.3413793e+01  -3.8387443e+01   4.9144845e+02   4.2644098e+00   1.2025778e+01   1.1797136e+01
   2.0090000e+03   1.2000000e+01   2.2000000e+01   9.0000000e+00   4.0000000e+00   9.9990082e-01  -5.3418319e+01  -3.8385850e+01   5.1381651e+02   1.4414434e+00   4.5336461e+00   4.5336461e+00
   2.0090000e+03   1.2000000e+01   2.2000000e+01   9.0000000e+00   5.0000000e+00   3.7000000e+01  -5.3422721e+01  -3.8384340e+01   4.9930656e+02   2.5139039e+00   7.6935652e+00   6.9626703e+00
   2.0090000e+03   1.2000000e+01   2.2000000e+01   9.0000000e+00   7.0000000e+00   1.0999901e+01  -5.3427080e+01  -3.8382774e+01   4.9531292e+02   4.9456038e+00   1.4888300e+01   1.4496544e+01
   2.0090000e+03   1.2000000e+01   2.2000000e+01   9.0000000e+00   8.0000000e+00   4.2999901e+01  -5.3431466e+01  -3.8381256e+01   4.9767253e+02   1.7591235e+00   6.3209789e+00   6.0920801e+00
   2.0090000e+03   1.2000000e+01   2.2000000e+01   9.0000000e+00   1.0000000e+01   1.6000000e+01  -5.3435911e+01  -3.8379843e+01   5.0266866e+02   1.4633227e+00   5.4229014e+00   5.4229014e+00
   2.0090000e+03   1.2000000e+01   2.2000000e+01   9.0000000e+00   1.1000000e+01   5.1000000e+01  -5.3440347e+01  -3.8378440e+01   5.0164150e+02   3.3250174e+00   9.5320303e+00   9.5320303e+00
   2.0090000e+03   1.2000000e+01   2.2000000e+01   9.0000000e+00   1.3000000e+01   2.5000000e+01  -5.3444776e+01  -3.8377000e+01   5.0124426e+02   7.3238929e+00   2.0494023e+01   2.0494023e+01
   2.0090000e+03   1.2000000e+01   2.2000000e+01   9.0000000e+00   1.5000000e+01   0.0000000e+00  -5.3449210e+01  -3.8375593e+01   5.0143765e+02   2.7439595e+00   7.7220750e+00   7.7220750e+00
   2.0090000e+03   1.2000000e+01   2.2000000e+01   9.0000000e+00   1.6000000e+01   3.5000000e+01  -5.3453636e+01  -3.8374116e+01   5.0142359e+02   1.3465617e+00   4.6840194e+00   4.6840194e+00
   2.0090000e+03   1.2000000e+01   2.2000000e+01   9.0000000e+00   1.8000000e+01   8.0000000e+00  -5.3458024e+01  -3.8372750e+01   4.9595108e+02   7.9842849e-01   3.1493298e+00   3.0039684e+00
   2.0090000e+03   1.2000000e+01   2.2000000e+01   9.0000000e+00   1.9000000e+01   4.3000099e+01  -5.3462456e+01  -3.8371407e+01   5.0038615e+02   8.3691985e-01   2.4564291e+00   2.4564291e+00
   2.0090000e+03   1.2000000e+01   2.2000000e+01   9.0000000e+00   2.1000000e+01   1.8000099e+01  -5.3466889e+01  -3.8370113e+01   5.0006884e+02   8.6072009e-01   3.0120919e+00   2.5906372e+00
   2.0090000e+03   1.2000000e+01   2.2000000e+01   9.0000000e+00   2.2000000e+01   5.2999901e+01  -5.3471280e+01  -3.8368846e+01   4.9499058e+02   1.4899802e+00   4.4081534e+00   4.4081534e+00
   2.0090000e+03   1.2000000e+01   2.2000000e+01   9.0000000e+00   2.4000000e+01   2.9000000e+01  -5.3475706e+01  -3.8367593e+01   4.9875035e+02   6.3312639e-01   1.7514916e+00   1.6843262e+00
   2.0090000e+03   1.2000000e+01   2.2000000e+01   9.0000000e+00   2.6000000e+01   5.0000992e+00  -5.3480140e+01  -3.8366078e+01   5.0287981e+02   3.5696467e-01   9.8751313e-01   9.8751313e-01
   2.0090000e+03   1.2000000e+01   2.2000000e+01   9.0000000e+00   2.7000000e+01   4.1000000e+01  -5.3484589e+01  -3.8364587e+01   5.0400158e+02   2.9785633e-01   1.4205543e+00   1.4205543e+00
   2.0090000e+03   1.2000000e+01   2.2000000e+01   9.0000000e+00   2.9000000e+01   1.6000000e+01  -5.3488945e+01  -3.8363158e+01   4.9320918e+02   1.6212817e+00   4.7485236e+00   4.7485236e+00
   2.0090000e+03   1.2000000e+01   2.2000000e+01   9.0000000e+00   3.0000000e+01   5.1000000e+01  -5.3493352e+01  -3.8361714e+01   4.9892834e+02   5.9955557e-01   1.6586207e+00   1.6586207e+00
   2.0090000e+03   1.2000000e+01   2.2000000e+01   9.0000000e+00   3.2000000e+01   2.8000000e+01  -5.3497777e+01  -3.8360189e+01   5.0192312e+02   9.9719232e-01   3.0622521e+00   2.3379809e+00
   2.0090000e+03   1.2000000e+01   2.2000000e+01   9.0000000e+00   3.4000000e+01   3.9999008e+00  -5.3502169e+01  -3.8358673e+01   4.9819429e+02   0.0000000e+00   0.0000000e+00   0.0000000e+00
   2.0090000e+03   1.2000000e+01   2.2000000e+01   9.0000000e+00   3.5000000e+01   3.7000000e+01  -5.3506576e+01  -3.8357096e+01   5.0072986e+02   2.4538927e+00   7.1563275e+00   4.2273580e+00
   2.0090000e+03   1.2000000e+01   2.2000000e+01   9.0000000e+00   3.7000000e+01   1.0000000e+01  -5.3510984e+01  -3.8355603e+01   4.9963244e+02   7.2808995e-01   2.1613930e+00   1.4822664e+00
   2.0090000e+03   1.2000000e+01   2.2000000e+01   9.0000000e+00   3.8000000e+01   4.2000000e+01  -5.3515398e+01  -3.8354262e+01   4.9846809e+02   1.3189765e+00   3.6742901e+00   3.3378141e+00
   2.0090000e+03   1.2000000e+01   2.2000000e+01   9.0000000e+00   4.0000000e+01   1.5000000e+01  -5.3519795e+01  -3.8352831e+01   4.9762331e+02   1.1140448e+00   3.6237795e+00   3.5448485e+00
   2.0090000e+03   1.2000000e+01   2.2000000e+01   9.0000000e+00   4.1000000e+01   5.0000000e+01  -5.3524234e+01  -3.8351428e+01   5.0186754e+02   8.6304752e-01   8.1989127e+00   6.7871578e+00
   2.0090000e+03   1.2000000e+01   2.2000000e+01   9.0000000e+00   4.3000000e+01   2.3000099e+01  -5.3528642e+01  -3.8350015e+01   4.9869371e+02   1.9822694e+00   5.6692141e+00   5.2307355e+00
   2.0090000e+03   1.2000000e+01   2.2000000e+01   9.0000000e+00   4.4000000e+01   5.7000000e+01  -5.3533060e+01  -3.8348623e+01   4.9943782e+02   2.7771699e+00   7.8584079e+00   6.4805398e+00
   2.0090000e+03   1.2000000e+01   2.2000000e+01   9.0000000e+00   4.6000000e+01   3.1000000e+01  -5.3537514e+01  -3.8347213e+01   5.0363715e+02   5.2063546e-01   1.8970953e+00   1.4126690e+00
   2.0090000e+03   1.2000000e+01   2.2000000e+01   9.0000000e+00   4.8000000e+01   5.0000992e+00  -5.3541897e+01  -3.8345808e+01   4.9579195e+02   2.7267895e-02   1.6338742e-01   1.6338742e-01
   2.0090000e+03   1.2000000e+01   2.2000000e+01   9.0000000e+00   4.9000000e+01   3.7000099e+01  -5.3546291e+01  -3.8344441e+01   4.9649603e+02   6.0746089e-01   1.6804901e+00   7.0411440e-01
   2.0090000e+03   1.2000000e+01   2.2000000e+01   9.0000000e+00   5.1000000e+01   1.2000099e+01  -5.3550810e+01  -3.8342964e+01   5.1157426e+02   1.3002324e-01   3.5969849e-01   3.5969849e-01
   2.0090000e+03   1.2000000e+01   2.2000000e+01   9.0000000e+00   5.2000000e+01   5.4000000e+01  -5.3555199e+01  -3.8341417e+01   4.9822617e+02   4.0005783e-01   1.1067268e+00   1.1067268e+00
   2.0090000e+03   1.2000000e+01   2.2000000e+01   9.0000000e+00   5.4000000e+01   4.3000000e+01  -5.3559498e+01  -3.8339933e+01   4.8765033e+02   2.2476450e-01   1.1778992e+00   1.1418580e+00
   2.0090000e+03   1.2000000e+01   2.2000000e+01   9.0000000e+00   5.6000000e+01   3.3999901e+01  -5.3563949e+01  -3.8338374e+01   5.0518543e+02   2.4316627e-01   1.1430879e+00   1.1430879e+00
   2.0090000e+03   1.2000000e+01   2.2000000e+01   9.0000000e+00   5.8000000e+01   3.5000000e+01  -5.3568405e+01  -3.8336847e+01   5.0533770e+02   5.0100820e-01   1.9745431e+00   1.5819337e+00
   2.0090000e+03   1.2000000e+01   2.2000000e+01   1.0000000e+01   0.0000000e+00   5.6000000e+01  -5.3572765e+01  -3.8335314e+01   4.9495460e+02   1.4890837e-01   8.6358800e-01   8.6358800e-01
   2.0090000e+03   1.2000000e+01   2.2000000e+01   1.0000000e+01   3.0000000e+00   2.9000099e+01  -5.3577122e+01  -3.8333802e+01   4.9428848e+02   5.1734081e-01   2.4813920e+00   1.5366582e+00
   2.0090000e+03   1.2000000e+01   2.2000000e+01   1.0000000e+01   6.0000000e+00   4.0000000e+00  -5.3581502e+01  -3.8332504e+01   4.9418572e+02   8.4819194e-02   4.0665754e-01   4.0665754e-01
   2.0090000e+03   1.2000000e+01   2.2000000e+01   1.0000000e+01   8.0000000e+00   2.8000000e+01  -5.3585688e+01  -3.8331189e+01   4.7312462e+02   5.6732410e-01   1.5944642e+00   1.5694550e+00
   2.0090000e+03   1.2000000e+01   2.2000000e+01   1.0000000e+01   1.0000000e+01   2.9000099e+01  -5.3590309e+01  -3.8329733e+01   5.2240849e+02   3.9355873e-01   1.1175528e+00   1.1175528e+00
   2.0090000e+03   1.2000000e+01   2.2000000e+01   1.0000000e+01   1.2000000e+01   9.0000000e+00  -5.3594752e+01  -3.8328314e+01   5.0250180e+02   9.4768287e-01   4.8335155e+00   2.9756449e+00
   2.0090000e+03   1.2000000e+01   2.2000000e+01   1.0000000e+01   1.3000000e+01   4.2000099e+01  -5.3599153e+01  -3.8326879e+01   4.9809843e+02   1.0620379e+00   2.9380397e+00   2.5176272e+00
   2.0090000e+03   1.2000000e+01   2.2000000e+01   1.0000000e+01   1.5000000e+01   1.5000000e+01  -5.3603583e+01  -3.8325489e+01   5.0070889e+02   1.5859053e+00   4.5683137e+00   3.1069322e+00
   2.0090000e+03   1.2000000e+01   2.2000000e+01   1.0000000e+01   1.6000000e+01   4.8000099e+01  -5.3608022e+01  -3.8324046e+01   5.0242509e+02   3.5171637e-01   3.7682314e+00   1.5831573e+00
   2.0090000e+03   1.2000000e+01   2.2000000e+01   1.0000000e+01   1.8000000e+01   2.4000000e+01  -5.3612486e+01  -3.8322626e+01   5.0480646e+02   3.0263803e-01   1.4351474e+00   1.1296120e+00
   2.0090000e+03   1.2000000e+01   2.2000000e+01   1.0000000e+01   2.0000000e+01   0.0000000e+00  -5.3616866e+01  -3.8321201e+01   4.9562247e+02   5.3702098e-01   3.3579268e+00   3.3579268e+00
   2.0090000e+03   1.2000000e+01   2.2000000e+01   1.0000000e+01   2.1000000e+01   3.4000000e+01  -5.3621253e+01  -3.8319754e+01   4.9676582e+02   3.3229941e-01   2.7154245e+00   2.7154245e+00
   2.0090000e+03   1.2000000e+01   2.2000000e+01   1.0000000e+01   2.3000000e+01   9.0000000e+00  -5.3625656e+01  -3.8318304e+01   4.9844902e+02   1.2348361e+00   4.3894042e+00   2.7796869e+00
   2.0090000e+03   1.2000000e+01   2.2000000e+01   1.0000000e+01   2.4000000e+01   4.4000000e+01  -5.3630091e+01  -3.8316831e+01   5.0233635e+02   1.1156714e+00   3.2152030e+00   2.6471924e+00
   2.0090000e+03   1.2000000e+01   2.2000000e+01   1.0000000e+01   2.6000000e+01   2.0000099e+01  -5.3634521e+01  -3.8315385e+01   5.0138103e+02   1.1786977e+00   3.8523492e+00   3.8523492e+00
   2.0090000e+03   1.2000000e+01   2.2000000e+01   1.0000000e+01   2.7000000e+01   5.5000000e+01  -5.3638888e+01  -3.8313959e+01   4.9427849e+02   2.0616929e+00   7.2951352e+00   7.2951352e+00
   2.0090000e+03   1.2000000e+01   2.2000000e+01   1.0000000e+01   2.9000000e+01   2.9000000e+01  -5.3643311e+01  -3.8312450e+01   5.0138414e+02   2.8277361e+00   7.9329601e+00   7.9329601e+00
   2.0090000e+03   1.2000000e+01   2.2000000e+01   1.0000000e+01   3.1000000e+01   4.0000000e+00  -5.3647768e+01  -3.8311037e+01   5.0399549e+02   2.8101944e+00   7.9100962e+00   2.8020831e+00
   2.0090000e+03   1.2000000e+01   2.2000000e+01   1.0000000e+01   3.2000000e+01   3.7000000e+01  -5.3652185e+01  -3.8309589e+01   5.0002076e+02   1.2615922e+00   3.4900900e+00   3.2708255e+00
   2.0090000e+03   1.2000000e+01   2.2000000e+01   1.0000000e+01   3.4000000e+01   1.1000000e+01  -5.3656578e+01  -3.8308115e+01   4.9771652e+02   1.0456644e+00   3.0440561e+00   2.6028986e+00
   2.0090000e+03   1.2000000e+01   2.2000000e+01   1.0000000e+01   3.5000000e+01   4.4000000e+01  -5.3660961e+01  -3.8306607e+01   4.9701996e+02   6.5025239e-01   1.9074786e+00   1.9074786e+00
   2.0090000e+03   1.2000000e+01   2.2000000e+01   1.0000000e+01   3.7000000e+01   1.8000000e+01  -5.3665360e+01  -3.8305103e+01   4.9876631e+02   1.4438699e+00   4.4620247e+00   4.1769156e+00
   2.0090000e+03   1.2000000e+01   2.2000000e+01   1.0000000e+01   3.8000000e+01   5.3000000e+01  -5.3669795e+01  -3.8303580e+01   5.0293398e+02   3.5236994e-01   1.4361914e+00   1.1089580e+00
   2.0090000e+03   1.2000000e+01   2.2000000e+01   1.0000000e+01   4.0000000e+01   2.9000000e+01  -5.3674221e+01  -3.8302097e+01   5.0138470e+02   4.6882405e-01   1.6358659e+00   1.6358659e+00
   2.0090000e+03   1.2000000e+01   2.2000000e+01   1.0000000e+01   4.2000000e+01   4.0000000e+00  -5.3678586e+01  -3.8300721e+01   4.9334199e+02   1.3272510e-01   1.4124331e+00   1.4124331e+00
   2.0090000e+03   1.2000000e+01   2.2000000e+01   1.0000000e+01   4.3000000e+01   3.8000099e+01  -5.3682979e+01  -3.8299348e+01   4.9647394e+02   5.7443783e-01   1.9051999e+01   1.6448522e+01
   2.0090000e+03   1.2000000e+01   2.2000000e+01   1.0000000e+01   4.5000000e+01   1.2999901e+01  -5.3687413e+01  -3.8297940e+01   5.0133084e+02   1.2590150e+00   3.7113207e+00   3.6741042e+00
   2.0090000e+03   1.2000000e+01   2.2000000e+01   1.0000000e+01   4.6000000e+01   4.7000000e+01  -5.3691846e+01  -3.8296495e+01   5.0174714e+02   8.9752099e-01   3.0432639e+00   2.7524152e+00
   2.0090000e+03   1.2000000e+01   2.2000000e+01   1.0000000e+01   4.8000000e+01   2.2000000e+01  -5.3696254e+01  -3.8295084e+01   4.9855524e+02   1.8739950e+00   5.1842515e+00   5.1166779e+00
   2.0090000e+03   1.2000000e+01   2.2000000e+01   1.0000000e+01   4.9000000e+01   5.6000000e+01  -5.3700680e+01  -3.8293725e+01   4.9981447e+02   1.9522245e+00   5.5427014e+00   2.5407084e+00
   2.0090000e+03   1.2000000e+01   2.2000000e+01   1.0000000e+01   5.1000000e+01   3.1000000e+01  -5.3705111e+01  -3.8292288e+01   5.0134155e+02   2.5339678e+00   7.0100116e+00   6.4520867e+00
   2.0090000e+03   1.2000000e+01   2.2000000e+01   1.0000000e+01   5.3000000e+01   4.0000000e+00  -5.3709571e+01  -3.8290873e+01   5.0431082e+02   2.6418326e+00   8.4627896e+00   8.3912654e+00
   2.0090000e+03   1.2000000e+01   2.2000000e+01   1.0000000e+01   5.4000000e+01   3.7000000e+01  -5.3713977e+01  -3.8289501e+01   4.9783183e+02   2.2905068e+00   7.5429450e+00   7.3885534e+00
   2.0090000e+03   1.2000000e+01   2.2000000e+01   1.0000000e+01   5.6000000e+01   9.0000000e+00  -5.3718376e+01  -3.8288104e+01   4.9732544e+02   2.3554311e+00   6.5337961e+00   6.3117304e+00
   2.0090000e+03   1.2000000e+01   2.2000000e+01   1.0000000e+01   5.7000000e+01   4.1999901e+01  -5.3722783e+01  -3.8286720e+01   4.9814435e+02   1.5976532e+00   4.7948446e+00   4.7243712e+00
   2.0090000e+03   1.2000000e+01   2.2000000e+01   1.0000000e+01   5.9000000e+01   1.6000000e+01  -5.3727205e+01  -3.8285240e+01   5.0085462e+02   1.0832838e+00   3.5683537e+00   3.5683537e+00
   2.0090000e+03   1.2000000e+01   2.2000000e+01   1.1000000e+01   0.0000000e+00   4.9000000e+01  -5.3731610e+01  -3.8283783e+01   4.9886961e+02   6.7833520e-01   2.2776482e+00   2.1621693e+00
   2.0090000e+03   1.2000000e+01   2.2000000e+01   1.1000000e+01   2.0000000e+00   2.5000000e+01  -5.3736042e+01  -3.8282306e+01   5.0194584e+02   9.7455941e-01   2.6960377e+00   2.6960377e+00
   2.0090000e+03   1.2000000e+01   2.2000000e+01   1.1000000e+01   4.0000000e+00   7.0000992e+00  -5.3740574e+01  -3.8280799e+01   5.1319021e+02   1.6497051e+00   4.9683458e+00   4.8484263e+00
   2.0090000e+03   1.2000000e+01   2.2000000e+01   1.1000000e+01   6.0000000e+00   7.0000992e+00  -5.3744946e+01  -3.8279548e+01   4.9273114e+02   8.5831182e-01   2.3872157e+00   2.2859381e+00
   2.0090000e+03   1.2000000e+01   2.2000000e+01   1.1000000e+01   8.0000000e+00   3.0000000e+01  -5.3749395e+01  -3.8278207e+01   5.0217486e+02   9.4861197e-01   2.7195679e+00   2.6029754e+00
   2.0090000e+03   1.2000000e+01   2.2000000e+01   1.1000000e+01   1.1000000e+01   3.0000000e+00  -5.3753555e+01  -3.8276846e+01   4.7082019e+02   6.9966737e-01   4.0927277e+00   3.9758249e+00
   2.0090000e+03   1.2000000e+01   2.2000000e+01   1.1000000e+01   1.3000000e+01   1.7000000e+01  -5.3757986e+01  -3.8275483e+01   5.0040415e+02   2.0920611e+00   1.1146365e+01   1.0252947e+01
   2.0090000e+03   1.2000000e+01   2.2000000e+01   1.1000000e+01   1.5000000e+01   5.0000000e+00  -5.3762524e+01  -3.8274146e+01   5.1194848e+02   1.1128862e+00   3.5967322e+00   3.5753732e+00
   2.0090000e+03   1.2000000e+01   2.2000000e+01   1.1000000e+01   1.6000000e+01   4.3000000e+01  -5.3767060e+01  -3.8272795e+01   5.1170884e+02   6.4796505e-01   1.7925415e+00   1.7166772e+00
   2.0090000e+03   1.2000000e+01   2.2000000e+01   1.1000000e+01   1.8000000e+01   2.0000000e+01  -5.3771381e+01  -3.8271380e+01   4.8913151e+02   2.7435987e-01   1.1263931e+00   1.0263382e+00
   2.0090000e+03   1.2000000e+01   2.2000000e+01   1.1000000e+01   1.9000000e+01   5.5000000e+01  -5.3775807e+01  -3.8270048e+01   4.9947343e+02   4.4990179e-01   1.2763683e+00   1.1043247e+00
   2.0090000e+03   1.2000000e+01   2.2000000e+01   1.1000000e+01   2.1000000e+01   3.1000000e+01  -5.3780249e+01  -3.8268694e+01   5.0153829e+02   1.4976940e+01   4.1723485e+01   2.2868155e+01
   2.0090000e+03   1.2000000e+01   2.2000000e+01   1.1000000e+01   2.3000000e+01   8.0000000e+00  -5.3784664e+01  -3.8267313e+01   4.9898937e+02   4.7071647e+00   1.3243272e+01   1.3035944e+01
   2.0090000e+03   1.2000000e+01   2.2000000e+01   1.1000000e+01   2.4000000e+01   4.5000000e+01  -5.3789067e+01  -3.8265826e+01   4.9885544e+02   2.1063676e+00   6.3450704e+00   5.8241385e+00
   2.0090000e+03   1.2000000e+01   2.2000000e+01   1.1000000e+01   2.6000000e+01   2.1000000e+01  -5.3793518e+01  -3.8264328e+01   5.0430985e+02   4.3702500e-01   1.9300580e+00   1.7502490e+00
   2.0090000e+03   1.2000000e+01   2.2000000e+01   1.1000000e+01   2.7000000e+01   5.8000000e+01  -5.3797933e+01  -3.8262798e+01   5.0073193e+02   5.3404063e-01   2.0117006e+00   1.8178839e+00
   2.0090000e+03   1.2000000e+01   2.2000000e+01   1.1000000e+01   2.9000000e+01   3.5000000e+01  -5.3802309e+01  -3.8261207e+01   4.9736227e+02   1.2025923e+00   3.9736477e+00   3.7630386e+00
   2.0090000e+03   1.2000000e+01   2.2000000e+01   1.1000000e+01   3.1000000e+01   1.2000000e+01  -5.3806692e+01  -3.8259680e+01   4.9719308e+02   1.6867362e+00   5.5171863e+00   3.4175764e+00
   2.0090000e+03   1.2000000e+01   2.2000000e+01   1.1000000e+01   3.2000000e+01   5.0000000e+01  -5.3811113e+01  -3.8258233e+01   5.0040499e+02   3.8843729e+00   1.5788696e+01   1.5159434e+01
   2.0090000e+03   1.2000000e+01   2.2000000e+01   1.1000000e+01   3.4000000e+01   2.8000000e+01  -5.3815512e+01  -3.8256744e+01   4.9849608e+02   1.1984030e+00   4.7400606e+00   4.5158187e+00
   2.0090000e+03   1.2000000e+01   2.2000000e+01   1.1000000e+01   3.6000000e+01   6.0000000e+00  -5.3819904e+01  -3.8255267e+01   4.9752245e+02   1.5518330e+00   4.2930172e+00   3.8243834e+00
   2.0090000e+03   1.2000000e+01   2.2000000e+01   1.1000000e+01   3.7000000e+01   4.4000000e+01  -5.3824305e+01  -3.8253727e+01   4.9940791e+02   1.1357866e+00   3.1420594e+00   2.9648129e+00
   2.0090000e+03   1.2000000e+01   2.2000000e+01   1.1000000e+01   3.9000000e+01   2.0000000e+01  -5.3828690e+01  -3.8252181e+01   4.9766059e+02   7.0285835e-01   5.6923834e+00   2.2611053e+00
   2.0090000e+03   1.2000000e+01   2.2000000e+01   1.1000000e+01   4.0000000e+01   5.7000000e+01  -5.3833136e+01  -3.8250739e+01   5.0298592e+02   1.7917164e+00   5.0245315e+00   4.9456115e+00
   2.0090000e+03   1.2000000e+01   2.2000000e+01   1.1000000e+01   4.2000000e+01   3.4000000e+01  -5.3837559e+01  -3.8249248e+01   5.0108701e+02   4.3968760e-01   2.0382147e+00   1.8959131e+00
   2.0090000e+03   1.2000000e+01   2.2000000e+01   1.1000000e+01   4.5000000e+01   4.9000000e+01  -5.3846390e+01  -3.8246435e+01   9.9854636e+02   4.8798947e-01   1.4675102e+00   1.3923694e+00
   2.0090000e+03   1.2000000e+01   2.2000000e+01   1.1000000e+01   4.7000000e+01   2.8000000e+01  -5.3850775e+01  -3.8245003e+01   4.9618822e+02   1.6337527e+00   4.7281010e+00   4.5174345e+00
   2.0090000e+03   1.2000000e+01   2.2000000e+01   1.1000000e+01   4.9000000e+01   7.0000000e+00  -5.3855190e+01  -3.8243555e+01   4.9970147e+02   2.2444855e-01   6.2091829e-01   3.3523245e-01
   2.0090000e+03   1.2000000e+01   2.2000000e+01   1.1000000e+01   5.0000000e+01   4.7000000e+01  -5.3859597e+01  -3.8242034e+01   4.9973247e+02   4.7506914e-01   1.5081047e+00   1.0991946e+00
   2.0090000e+03   1.2000000e+01   2.2000000e+01   1.1000000e+01   5.2000000e+01   2.5000000e+01  -5.3864007e+01  -3.8240654e+01   4.9831434e+02   4.5538816e-01   1.5123830e+00   1.2326372e+00
   2.0090000e+03   1.2000000e+01   2.2000000e+01   1.1000000e+01   5.4000000e+01   1.0000000e+00  -5.3868448e+01  -3.8239263e+01   5.0184847e+02   4.3553466e-01   1.2048705e+00   1.1300043e+00
   2.0090000e+03   1.2000000e+01   2.2000000e+01   1.1000000e+01   5.5000000e+01   3.8000000e+01  -5.3872895e+01  -3.8237996e+01   5.0109973e+02   4.5839890e-01   1.7156945e+00   1.0905956e+00
   2.0090000e+03   1.2000000e+01   2.2000000e+01   1.1000000e+01   5.7000000e+01   1.3000000e+01  -5.3877302e+01  -3.8236584e+01   4.9839917e+02   3.5644681e-01   9.9173103e-01   7.8929083e-01
   2.0090000e+03   1.2000000e+01   2.2000000e+01   1.2000000e+01   0.0000000e+00   2.5000000e+01  -5.3886104e+01  -3.8233799e+01   9.9485877e+02   9.4774037e-01   2.8596051e+00   2.4699773e+00
   2.0090000e+03   1.2000000e+01   2.2000000e+01   1.2000000e+01   2.0000000e+00   3.0000000e+00  -5.3890552e+01  -3.8232291e+01   5.0406874e+02   9.2766064e-01   3.1229025e+00   2.3070917e+00
   2.0090000e+03   1.2000000e+01   2.2000000e+01   1.2000000e+01   3.0000000e+00   3.7000000e+01  -5.3894944e+01  -3.8230876e+01   4.9679549e+02   6.0011896e+00   3.2767872e+01   2.6973400e+01
   2.0090000e+03   1.2000000e+01   2.2000000e+01   1.2000000e+01   5.0000000e+00   1.1000000e+01  -5.3899326e+01  -3.8229426e+01   4.9607049e+02   3.7362686e-01   1.4157919e+00   1.1198409e+00
   2.0090000e+03   1.2000000e+01   2.2000000e+01   1.2000000e+01   6.0000000e+00   4.5000000e+01  -5.3903772e+01  -3.8227913e+01   5.0384690e+02   7.6765433e-01   2.4369737e+00   2.2003699e+00
   2.0090000e+03   1.2000000e+01   2.2000000e+01   1.2000000e+01   8.0000000e+00   2.2000000e+01  -5.3908191e+01  -3.8226476e+01   4.9992878e+02   5.4993440e-01   1.9435384e+00   1.6944251e+00
   2.0090000e+03   1.2000000e+01   2.2000000e+01   1.2000000e+01   1.0000000e+01   2.0000000e+00  -5.3912683e+01  -3.8224981e+01   5.0872593e+02   4.1617472e-01   2.3865430e+00   2.2785500e+00
   2.0090000e+03   1.2000000e+01   2.2000000e+01   1.2000000e+01   1.1000000e+01   5.6000000e+01  -5.3917186e+01  -3.8223680e+01   5.0757454e+02   5.4250468e+01   1.6707157e+02   1.6694269e+02
   2.0090000e+03   1.2000000e+01   2.2000000e+01   1.2000000e+01   1.4000000e+01   1.2000000e+01  -5.3921449e+01  -3.8221891e+01   4.8792964e+02   5.7252761e+00   2.1831201e+01   1.6623273e+01
   2.0090000e+03   1.2000000e+01   2.2000000e+01   1.2000000e+01   1.6000000e+01   4.5000000e+01  -5.3925801e+01  -3.8220441e+01   4.9274412e+02   1.4134538e+00   5.2262609e+00   5.0718892e+00
