   2.0090000e+03   1.2000000e+01   2.1000000e+01   1.3000000e+01   4.6000000e+01   2.6000000e+01  -5.3259738e+01  -3.8749620e+01   4.9934795e+02   1.9228027e+00   6.2876148e+00   5.6286428e+00
   2.0090000e+03   1.2000000e+01   2.1000000e+01   1.3000000e+01   4.8000000e+01   1.0000000e+00  -5.3264156e+01  -3.8748284e+01   4.9882429e+02   1.0872935e+00   3.3738453e+00   3.3738453e+00
   2.0090000e+03   1.2000000e+01   2.1000000e+01   1.3000000e+01   4.9000000e+01   3.5000000e+01  -5.3268579e+01  -3.8746887e+01   5.0025313e+02   8.1800597e-01   2.3941330e+00   2.3941330e+00
   2.0090000e+03   1.2000000e+01   2.1000000e+01   1.3000000e+01   5.1000000e+01   1.0000000e+01  -5.3273039e+01  -3.8745554e+01   5.0341766e+02   1.5585393e+00   4.9892467e+00   4.9892467e+00
   2.0090000e+03   1.2000000e+01   2.1000000e+01   1.3000000e+01   5.2000000e+01   4.3999901e+01  -5.3277464e+01  -3.8744116e+01   5.0096827e+02   2.4651645e-01   1.5651162e+00   1.5292864e+00
   2.0090000e+03   1.2000000e+01   2.1000000e+01   1.3000000e+01   5.4000000e+01   1.9000000e+01  -5.3281832e+01  -3.8742719e+01   4.9413174e+02   2.8462213e+00   1.2178667e+01   1.1914956e+01
   2.0090000e+03   1.2000000e+01   2.1000000e+01   1.3000000e+01   5.5000000e+01   5.5000000e+01  -5.3286248e+01  -3.8741297e+01   4.9972581e+02   1.7260262e+00   1.0252350e+01   1.0252350e+01
   2.0090000e+03   1.2000000e+01   2.1000000e+01   1.3000000e+01   5.7000000e+01   3.0999901e+01  -5.3290711e+01  -3.8739852e+01   5.0506858e+02   2.0297890e+00   1.1552568e+01   1.1552568e+01
   2.0090000e+03   1.2000000e+01   2.1000000e+01   1.3000000e+01   5.9000000e+01   7.0000000e+00  -5.3295101e+01  -3.8738444e+01   4.9678646e+02   7.6333184e-01   2.7311103e+00   2.7311103e+00
   2.0090000e+03   1.2000000e+01   2.1000000e+01   1.4000000e+01   0.0000000e+00   4.3000000e+01  -5.3299471e+01  -3.8736987e+01   4.9512881e+02   1.8913756e+00   7.6807310e+00   4.7217182e+00
   2.0090000e+03   1.2000000e+01   2.1000000e+01   1.4000000e+01   2.0000000e+00   2.0000000e+01  -5.3303923e+01  -3.8735569e+01   5.0350839e+02   1.2692693e+00   3.6320534e+00   3.5963132e+00
   2.0090000e+03   1.2000000e+01   2.1000000e+01   1.4000000e+01   3.0000000e+00   5.5000000e+01  -5.3308353e+01  -3.8734127e+01   5.0156874e+02   1.5639271e+00   5.8685331e+00   5.6917485e+00
   2.0090000e+03   1.2000000e+01   2.1000000e+01   1.4000000e+01   5.0000000e+00   3.0000099e+01  -5.3312720e+01  -3.8732642e+01   4.9511123e+02   2.4027924e-01   6.8309857e-01   4.1337572e-01
   2.0090000e+03   1.2000000e+01   2.1000000e+01   1.4000000e+01   7.0000000e+00   6.0000000e+00  -5.3317134e+01  -3.8731210e+01   4.9961120e+02   6.3055662e-01   8.4226047e+00   8.1518492e+00
   2.0090000e+03   1.2000000e+01   2.1000000e+01   1.4000000e+01   8.0000000e+00   4.1000000e+01  -5.3321579e+01  -3.8729831e+01   5.0237345e+02   3.3730529e+00   2.7681550e+01   2.6442158e+01
   2.0090000e+03   1.2000000e+01   2.1000000e+01   1.4000000e+01   1.0000000e+01   1.6000000e+01  -5.3325962e+01  -3.8728414e+01   4.9604913e+02   1.5175539e+00   1.3908691e+01   6.5877001e+00
   2.0090000e+03   1.2000000e+01   2.1000000e+01   1.4000000e+01   1.1000000e+01   5.2000000e+01  -5.3330378e+01  -3.8726913e+01   5.0068114e+02   1.9536598e+00   5.4046377e+00   5.4046377e+00
   2.0090000e+03   1.2000000e+01   2.1000000e+01   1.4000000e+01   1.3000000e+01   2.7000099e+01  -5.3334831e+01  -3.8725604e+01   5.0242508e+02   1.8919743e+00   3.2194120e+01   2.8971156e+01
   2.0090000e+03   1.2000000e+01   2.1000000e+01   1.4000000e+01   1.5000000e+01   3.0000000e+00  -5.3339249e+01  -3.8724281e+01   4.9872772e+02   1.4949264e+00   1.7569121e+01   1.5299349e+01
   2.0090000e+03   1.2000000e+01   2.1000000e+01   1.4000000e+01   1.6000000e+01   3.9000000e+01  -5.3343629e+01  -3.8722996e+01   4.9407307e+02   4.9363274e-01   1.3711695e+00   1.1453755e+00
   2.0090000e+03   1.2000000e+01   2.1000000e+01   1.4000000e+01   1.8000000e+01   1.4000099e+01  -5.3348014e+01  -3.8721581e+01   4.9617667e+02   1.4886391e+00   6.1299388e+00   2.8361644e+00
   2.0090000e+03   1.2000000e+01   2.1000000e+01   1.4000000e+01   1.9000000e+01   5.1000099e+01  -5.3352458e+01  -3.8720167e+01   5.0266431e+02   1.4096181e-01   7.4034373e-01   5.9022131e-01
   2.0090000e+03   1.2000000e+01   2.1000000e+01   1.4000000e+01   2.1000000e+01   2.8000000e+01  -5.3356884e+01  -3.8718777e+01   5.0044995e+02   3.1633384e-01   9.5659435e-01   5.4096287e-02
   2.0090000e+03   1.2000000e+01   2.1000000e+01   1.4000000e+01   2.3000000e+01   5.0000000e+00  -5.3361328e+01  -3.8717351e+01   5.0276123e+02   5.8060489e-01   2.0840033e+00   1.3001321e+00
   2.0090000e+03   1.2000000e+01   2.1000000e+01   1.4000000e+01   2.4000000e+01   4.0000000e+01  -5.3365744e+01  -3.8716017e+01   4.9864107e+02   9.0154249e-02   9.3735794e-01   6.7846162e-01
   2.0090000e+03   1.2000000e+01   2.1000000e+01   1.4000000e+01   2.6000000e+01   1.5000000e+01  -5.3370110e+01  -3.8714696e+01   4.9293010e+02   3.3885108e-01   5.9522828e+00   5.7965572e+00
   2.0090000e+03   1.2000000e+01   2.1000000e+01   1.4000000e+01   2.7000000e+01   5.1000099e+01  -5.3374542e+01  -3.8713356e+01   5.0041611e+02   2.5561496e+00   9.4198744e+00   3.6783394e+00
   2.0090000e+03   1.2000000e+01   2.1000000e+01   1.4000000e+01   2.9000000e+01   2.6000000e+01  -5.3378976e+01  -3.8711984e+01   5.0105085e+02   7.1387020e-01   2.7130193e+00   1.8573112e+00
   2.0090000e+03   1.2000000e+01   2.1000000e+01   1.4000000e+01   3.1000000e+01   2.0000000e+00  -5.3383414e+01  -3.8710659e+01   5.0091690e+02   1.0466632e+00   1.4866361e+01   1.2954346e+01
   2.0090000e+03   1.2000000e+01   2.1000000e+01   1.4000000e+01   3.2000000e+01   3.8000099e+01  -5.3387837e+01  -3.8709327e+01   4.9940577e+02   3.3462027e-01   5.6961418e+00   5.6628391e+00
   2.0090000e+03   1.2000000e+01   2.1000000e+01   1.4000000e+01   3.4000000e+01   1.3000000e+01  -5.3392240e+01  -3.8707897e+01   4.9833613e+02   5.9049163e-01   1.6335461e+00   1.3422733e+00
   2.0090000e+03   1.2000000e+01   2.1000000e+01   1.4000000e+01   3.5000000e+01   4.9000000e+01  -5.3396642e+01  -3.8706490e+01   4.9791053e+02   5.8522952e-01   2.4116468e+00   2.4116468e+00
   2.0090000e+03   1.2000000e+01   2.1000000e+01   1.4000000e+01   3.7000000e+01   2.4000000e+01  -5.3401043e+01  -3.8705077e+01   4.9795011e+02   1.5485160e+00   4.2838410e+00   2.9572239e+00
   2.0090000e+03   1.2000000e+01   2.1000000e+01   1.4000000e+01   3.8000000e+01   5.9000000e+01  -5.3405490e+01  -3.8703659e+01   5.0302784e+02   2.9210971e-01   4.0482326e+00   3.9785101e+00
   2.0090000e+03   1.2000000e+01   2.1000000e+01   1.4000000e+01   4.0000000e+01   3.5000099e+01  -5.3409928e+01  -3.8702206e+01   5.0242580e+02   8.2554425e-01   2.2837996e+00   9.7921461e-01
   2.0090000e+03   1.2000000e+01   2.1000000e+01   1.4000000e+01   4.2000000e+01   8.0000000e+00  -5.3414303e+01  -3.8700809e+01   4.9484110e+02   6.4960720e-01   5.5446290e+00   3.9280545e+00
   2.0090000e+03   1.2000000e+01   2.1000000e+01   1.4000000e+01   4.3000000e+01   4.3000000e+01  -5.3418713e+01  -3.8699413e+01   4.9867194e+02   8.8163231e-01   2.5752937e+00   2.2785782e+00
   2.0090000e+03   1.2000000e+01   2.1000000e+01   1.4000000e+01   4.5000000e+01   2.0000000e+01  -5.3423133e+01  -3.8698005e+01   4.9999610e+02   3.3840255e-01   2.0531300e+00   1.4789530e+00
   2.0090000e+03   1.2000000e+01   2.1000000e+01   1.4000000e+01   4.6000000e+01   5.7000099e+01  -5.3427542e+01  -3.8696617e+01   4.9843165e+02   2.1009658e+00   6.5821273e+00   6.4374782e+00
   2.0090000e+03   1.2000000e+01   2.1000000e+01   1.4000000e+01   4.8000000e+01   3.5000099e+01  -5.3431970e+01  -3.8695166e+01   5.0130282e+02   1.3472680e+00   3.7396288e+00   3.7271051e+00
   2.0090000e+03   1.2000000e+01   2.1000000e+01   1.4000000e+01   5.0000000e+01   1.2999901e+01  -5.3436404e+01  -3.8693708e+01   5.0214025e+02   7.6191970e-01   2.3150575e+00   1.6981030e+00
   2.0090000e+03   1.2000000e+01   2.1000000e+01   1.4000000e+01   5.1000000e+01   4.9000000e+01  -5.3440796e+01  -3.8692297e+01   4.9680922e+02   9.3737881e-01   6.9725569e+00   6.8765917e+00
   2.0090000e+03   1.2000000e+01   2.1000000e+01   1.4000000e+01   5.3000000e+01   2.7000099e+01  -5.3445216e+01  -3.8690865e+01   5.0023923e+02   1.8083031e+00   1.8681176e+01   1.4515081e+01
   2.0090000e+03   1.2000000e+01   2.1000000e+01   1.4000000e+01   5.5000000e+01   5.0000000e+00  -5.3449617e+01  -3.8689466e+01   4.9773699e+02   1.1933770e+00   3.5654848e+00   3.2337003e+00
   2.0090000e+03   1.2000000e+01   2.1000000e+01   1.4000000e+01   5.6000000e+01   4.3000000e+01  -5.3454016e+01  -3.8688032e+01   4.9798947e+02   5.4693959e-01   2.0516769e+00   1.9326010e+00
   2.0090000e+03   1.2000000e+01   2.1000000e+01   1.4000000e+01   5.8000000e+01   2.2000000e+01  -5.3458446e+01  -3.8686663e+01   5.0052781e+02   3.6449490e-01   1.0831057e+00   5.7750127e-02
   2.0090000e+03   1.2000000e+01   2.1000000e+01   1.5000000e+01   0.0000000e+00   1.0000000e+00  -5.3462874e+01  -3.8685305e+01   5.0015690e+02   6.3285990e-01   2.3743402e+00   1.1382087e+00
   2.0090000e+03   1.2000000e+01   2.1000000e+01   1.5000000e+01   1.0000000e+00   4.0000000e+01  -5.3467304e+01  -3.8683925e+01   5.0067282e+02   4.5439022e-01   1.2736571e+00   8.1680485e-01
   2.0090000e+03   1.2000000e+01   2.1000000e+01   1.5000000e+01   3.0000000e+00   1.8000000e+01  -5.3471695e+01  -3.8682508e+01   4.9680633e+02   3.1955439e-01   1.3108823e+00   7.8339896e-01
   2.0090000e+03   1.2000000e+01   2.1000000e+01   1.5000000e+01   4.0000000e+00   5.6000000e+01  -5.3476087e+01  -3.8681057e+01   4.9740163e+02   3.5640458e-01   1.5427187e+00   1.4434018e+00
   2.0090000e+03   1.2000000e+01   2.1000000e+01   1.5000000e+01   6.0000000e+00   3.5000000e+01  -5.3480540e+01  -3.8679648e+01   5.0354506e+02   4.8563525e-01   1.4058094e+00   3.5234536e-01
   2.0090000e+03   1.2000000e+01   2.1000000e+01   1.5000000e+01   8.0000000e+00   1.3000000e+01  -5.3484935e+01  -3.8678286e+01   4.9654351e+02   4.7358094e-01   1.3392444e+00   5.0875372e-01
   2.0090000e+03   1.2000000e+01   2.1000000e+01   1.5000000e+01   9.0000000e+00   5.1000099e+01  -5.3489339e+01  -3.8676942e+01   4.9734209e+02   9.1724420e-01   2.5374799e+00   2.2200522e+00
   2.0090000e+03   1.2000000e+01   2.1000000e+01   1.5000000e+01   1.1000000e+01   3.0000000e+01  -5.3493811e+01  -3.8675585e+01   5.0495544e+02   1.1902726e+00   3.4598816e+00   1.0879831e+00
   2.0090000e+03   1.2000000e+01   2.1000000e+01   1.5000000e+01   1.3000000e+01   8.0000000e+00  -5.3498229e+01  -3.8674226e+01   4.9918655e+02   4.1195359e-01   2.5314222e+00   4.3063044e-01
   2.0090000e+03   1.2000000e+01   2.1000000e+01   1.5000000e+01   1.4000000e+01   4.5000000e+01  -5.3502599e+01  -3.8672885e+01   4.9356941e+02   9.5829761e-01   2.7187152e+00   1.9997037e+00
   2.0090000e+03   1.2000000e+01   2.1000000e+01   1.5000000e+01   1.6000000e+01   2.3000000e+01  -5.3507006e+01  -3.8671632e+01   4.9669193e+02   2.4683132e+00   1.0649668e+01   8.5295796e+00
   2.0090000e+03   1.2000000e+01   2.1000000e+01   1.5000000e+01   1.8000000e+01   3.0000000e+00  -5.3511496e+01  -3.8670320e+01   5.0638288e+02   3.2767665e+00   9.0753440e+00   6.2122927e+00
   2.0090000e+03   1.2000000e+01   2.1000000e+01   1.5000000e+01   1.9000000e+01   4.3000099e+01  -5.3515938e+01  -3.8669026e+01   5.0088457e+02   3.7993012e-01   1.8072055e+00   1.7792056e+00
   2.0090000e+03   1.2000000e+01   2.1000000e+01   1.5000000e+01   2.1000000e+01   2.2000000e+01  -5.3520334e+01  -3.8667805e+01   4.9511111e+02   3.4332654e-01   1.0046288e+01   1.1600327e+00
   2.0090000e+03   1.2000000e+01   2.1000000e+01   1.5000000e+01   2.3000000e+01   2.0000000e+00  -5.3524770e+01  -3.8666500e+01   5.0045631e+02   9.0970559e-01   2.5513849e+00   9.5105200e-01
   2.0090000e+03   1.2000000e+01   2.1000000e+01   1.5000000e+01   2.4000000e+01   3.9000099e+01  -5.3529179e+01  -3.8665032e+01   4.9938100e+02   5.2946577e-01   4.4403294e+01   4.1462711e+01
   2.0090000e+03   1.2000000e+01   2.1000000e+01   1.5000000e+01   2.6000000e+01   1.6000099e+01  -5.3533567e+01  -3.8663673e+01   4.9579308e+02   8.7507719e-01   5.4155565e+00   5.4155565e+00
   2.0090000e+03   1.2000000e+01   2.1000000e+01   1.5000000e+01   2.7000000e+01   5.3000000e+01  -5.3537991e+01  -3.8662433e+01   4.9835196e+02   1.5355288e-01   5.0524896e-01   3.4329780e-01
   2.0090000e+03   1.2000000e+01   2.1000000e+01   1.5000000e+01   2.9000000e+01   3.0000000e+01  -5.3542430e+01  -3.8661157e+01   5.0040964e+02   5.3448620e-01   1.5720103e+00   1.4837541e+00
   2.0090000e+03   1.2000000e+01   2.1000000e+01   1.5000000e+01   3.1000000e+01   7.0000992e+00  -5.3546841e+01  -3.8659778e+01   4.9857290e+02   6.5150713e-01   1.8023404e+00   1.7813309e+00
   2.0090000e+03   1.2000000e+01   2.1000000e+01   1.5000000e+01   3.2000000e+01   4.4000099e+01  -5.3551224e+01  -3.8658183e+01   4.9835571e+02   2.9907854e-01   8.2737594e-01   8.2737594e-01
   2.0090000e+03   1.2000000e+01   2.1000000e+01   1.5000000e+01   3.4000000e+01   2.0000000e+01  -5.3555639e+01  -3.8656589e+01   5.0168944e+02   1.2180275e+00   3.4073439e+00   2.0258641e+00
   2.0090000e+03   1.2000000e+01   2.1000000e+01   1.5000000e+01   3.5000000e+01   5.7000000e+01  -5.3560036e+01  -3.8655086e+01   4.9855073e+02   1.2765391e-02   9.5780699e-02   6.3494279e-02
   2.0090000e+03   1.2000000e+01   2.1000000e+01   1.5000000e+01   3.7000000e+01   3.5000000e+01  -5.3564476e+01  -3.8653564e+01   5.0355710e+02   7.5429944e-02   2.0867068e-01   1.0616408e-01
   2.0090000e+03   1.2000000e+01   2.1000000e+01   1.5000000e+01   3.9000000e+01   1.3000000e+01  -5.3568929e+01  -3.8652021e+01   5.0510194e+02   8.8597863e-02   2.4509863e-01   3.3305896e-02
   2.0090000e+03   1.2000000e+01   2.1000000e+01   1.5000000e+01   4.0000000e+01   4.9000000e+01  -5.3573292e+01  -3.8650501e+01   4.9507230e+02   4.5027425e-02   1.9991582e-01   9.6940165e-02
   2.0090000e+03   1.2000000e+01   2.1000000e+01   1.5000000e+01   4.2000000e+01   2.4000000e+01  -5.3577683e+01  -3.8648957e+01   4.9854491e+02   1.6164780e-01   4.4718522e-01   2.2984786e-02
   2.0090000e+03   1.2000000e+01   2.1000000e+01   1.5000000e+01   4.4000000e+01   1.0000000e+00  -5.3582130e+01  -3.8647455e+01   5.0399311e+02   8.6856478e-02   2.4028124e-01   0.0000000e+00
   2.0090000e+03   1.2000000e+01   2.1000000e+01   1.5000000e+01   4.5000000e+01   3.7000099e+01  -5.3586523e+01  -3.8646012e+01   4.9735268e+02   1.7897326e-01   4.9511466e-01   3.5940761e-01
   2.0090000e+03   1.2000000e+01   2.1000000e+01   1.5000000e+01   4.7000000e+01   1.3000000e+01  -5.3590888e+01  -3.8644528e+01   4.9482104e+02   1.5488303e-01   1.8427067e+00   1.7644412e+00
   2.0090000e+03   1.2000000e+01   2.1000000e+01   1.5000000e+01   4.8000000e+01   4.9000000e+01  -5.3595316e+01  -3.8643100e+01   5.0089123e+02   7.3811618e-02   3.2739571e-01   3.2739571e-01
   2.0090000e+03   1.2000000e+01   2.1000000e+01   1.5000000e+01   5.0000000e+01   2.6000000e+01  -5.3599740e+01  -3.8641700e+01   5.0021805e+02   4.7701031e-02   5.1709451e-01   5.1709451e-01
   2.0090000e+03   1.2000000e+01   2.1000000e+01   1.5000000e+01   5.2000000e+01   3.0000000e+00  -5.3604155e+01  -3.8640220e+01   5.0016290e+02   9.8584914e+02   2.7277141e+03   2.7274300e+03
   2.0090000e+03   1.2000000e+01   2.1000000e+01   1.5000000e+01   5.3000000e+01   4.0000099e+01  -5.3608576e+01  -3.8638752e+01   5.0079664e+02   1.3249340e+01   6.5695849e+01   3.8144597e+01
   2.0090000e+03   1.2000000e+01   2.1000000e+01   1.5000000e+01   5.5000000e+01   1.7000000e+01  -5.3612987e+01  -3.8637277e+01   4.9968216e+02   4.5854447e-01   1.2823024e+00   1.2535053e+00
   2.0090000e+03   1.2000000e+01   2.1000000e+01   1.5000000e+01   5.6000000e+01   5.3000000e+01  -5.3617417e+01  -3.8635814e+01   5.0161008e+02   1.1799653e-02   3.2642760e-02   0.0000000e+00
   2.0090000e+03   1.2000000e+01   2.1000000e+01   1.5000000e+01   5.8000000e+01   2.9000099e+01  -5.3621805e+01  -3.8634418e+01   4.9617733e+02   9.9846299e-02   2.7621650e-01   2.3953811e-01
   2.0090000e+03   1.2000000e+01   2.1000000e+01   1.6000000e+01   0.0000000e+00   5.0000000e+00  -5.3626191e+01  -3.8633103e+01   4.9498047e+02   5.5002673e-01   2.0046965e+00   5.1651228e-01
   2.0090000e+03   1.2000000e+01   2.1000000e+01   1.6000000e+01   1.0000000e+00   4.2000099e+01  -5.3630649e+01  -3.8631792e+01   5.0286203e+02   1.2016196e-01   3.3241809e-01   2.9714233e-01
   2.0090000e+03   1.2000000e+01   2.1000000e+01   1.6000000e+01   3.0000000e+00   1.7000000e+01  -5.3635086e+01  -3.8630487e+01   5.0053977e+02   4.1553938e-01   1.1495552e+00   1.1130554e+00
   2.0090000e+03   1.2000000e+01   2.1000000e+01   1.6000000e+01   4.0000000e+00   5.2000099e+01  -5.3639476e+01  -3.8629182e+01   4.9527034e+02   5.2704798e-01   1.5260930e+00   1.5260930e+00
   2.0090000e+03   1.2000000e+01   2.1000000e+01   1.6000000e+01   6.0000000e+00   2.8000000e+01  -5.3643925e+01  -3.8627759e+01   5.0322454e+02   2.7335668e-01   1.6528379e+00   1.4752424e+00
   2.0090000e+03   1.2000000e+01   2.1000000e+01   1.6000000e+01   8.0000000e+00   3.0000000e+00  -5.3648364e+01  -3.8626293e+01   5.0263564e+02   7.9655517e-01   2.8972107e+00   2.6396061e+00
   2.0090000e+03   1.2000000e+01   2.1000000e+01   1.6000000e+01   9.0000000e+00   3.8000000e+01  -5.3652769e+01  -3.8624838e+01   4.9878320e+02   3.8009590e-01   2.1683962e+00   2.1683962e+00
   2.0090000e+03   1.2000000e+01   2.1000000e+01   1.6000000e+01   1.1000000e+01   1.4000099e+01  -5.3657173e+01  -3.8623381e+01   4.9865512e+02   3.2071613e-02   1.5918748e+00   1.5918748e+00
   2.0090000e+03   1.2000000e+01   2.1000000e+01   1.6000000e+01   1.2000000e+01   4.8999901e+01  -5.3661572e+01  -3.8621905e+01   4.9840349e+02   7.6909275e-02   6.7232477e-01   6.1217344e-01
   2.0090000e+03   1.2000000e+01   2.1000000e+01   1.6000000e+01   1.4000000e+01   2.5000000e+01  -5.3665939e+01  -3.8620459e+01   4.9450165e+02   1.5451238e-01   4.2744566e-01   4.2744566e-01
   2.0090000e+03   1.2000000e+01   2.1000000e+01   1.6000000e+01   1.6000000e+01   2.0000000e+00  -5.3670390e+01  -3.8619043e+01   5.0326796e+02   4.0240136e-01   1.2148757e+00   1.1537363e+00
   2.0090000e+03   1.2000000e+01   2.1000000e+01   1.6000000e+01   1.7000000e+01   3.7000000e+01  -5.3674799e+01  -3.8617698e+01   4.9795039e+02   7.6690629e-01   2.3573164e+00   2.0401141e+00
   2.0090000e+03   1.2000000e+01   2.1000000e+01   1.6000000e+01   1.9000000e+01   1.2999901e+01  -5.3679195e+01  -3.8616372e+01   4.9611486e+02   8.6181595e-01   2.6631036e+00   2.6631036e+00
   2.0090000e+03   1.2000000e+01   2.1000000e+01   1.6000000e+01   2.0000000e+01   5.0000000e+01  -5.3683624e+01  -3.8614945e+01   5.0107078e+02   4.6140225e-01   1.5711458e+00   1.5711458e+00
   2.0090000e+03   1.2000000e+01   2.1000000e+01   1.6000000e+01   2.2000000e+01   2.7000000e+01  -5.3688047e+01  -3.8613531e+01   5.0021207e+02   7.2598925e-01   2.0083890e+00   2.0083890e+00
   2.0090000e+03   1.2000000e+01   2.1000000e+01   1.6000000e+01   2.4000000e+01   3.9999008e+00  -5.3692474e+01  -3.8612145e+01   5.0029434e+02   3.5298096e-01   1.3667330e+00   1.3667330e+00
   2.0090000e+03   1.2000000e+01   2.1000000e+01   1.6000000e+01   2.5000000e+01   4.0000000e+01  -5.3696926e+01  -3.8610771e+01   5.0297421e+02   2.1621678e-01   1.2455277e+00   1.2455277e+00
   2.0090000e+03   1.2000000e+01   2.1000000e+01   1.6000000e+01   2.7000000e+01   1.6000099e+01  -5.3701333e+01  -3.8609373e+01   4.9825636e+02   6.7073466e-01   1.8555317e+00   1.1799354e+00
   2.0090000e+03   1.2000000e+01   2.1000000e+01   1.6000000e+01   2.8000000e+01   5.0999901e+01  -5.3705743e+01  -3.8607986e+01   4.9845300e+02   7.9318791e-01   2.1942885e+00   2.1146380e+00
   2.0090000e+03   1.2000000e+01   2.1000000e+01   1.6000000e+01   3.0000000e+01   2.6000000e+01  -5.3710161e+01  -3.8606724e+01   4.9785719e+02   4.3908164e+00   1.2967591e+01   1.2967591e+01
   2.0090000e+03   1.2000000e+01   2.1000000e+01   1.6000000e+01   3.2000000e+01   3.0000000e+00  -5.3714626e+01  -3.8605363e+01   5.0416256e+02   1.8905651e+00   5.2300915e+00   5.2300915e+00
   2.0090000e+03   1.2000000e+01   2.1000000e+01   1.6000000e+01   3.3000000e+01   3.9000000e+01  -5.3719059e+01  -3.8603958e+01   5.0115474e+02   2.8297108e+00   8.4321858e+00   8.1696484e+00
   2.0090000e+03   1.2000000e+01   2.1000000e+01   1.6000000e+01   3.5000000e+01   1.3000099e+01  -5.3723459e+01  -3.8602456e+01   4.9885924e+02   5.3012577e+00   1.4665489e+01   1.4037077e+01
   2.0090000e+03   1.2000000e+01   2.1000000e+01   1.6000000e+01   3.6000000e+01   4.8000000e+01  -5.3727869e+01  -3.8601024e+01   4.9901750e+02   3.3584726e+00   9.8691699e+00   9.8105717e+00
   2.0090000e+03   1.2000000e+01   2.1000000e+01   1.6000000e+01   3.8000000e+01   2.4000099e+01  -5.3732281e+01  -3.8599640e+01   4.9855091e+02   3.5164776e+00   1.2694620e+01   1.2694620e+01
   2.0090000e+03   1.2000000e+01   2.1000000e+01   1.6000000e+01   4.0000000e+01   2.0000000e+00  -5.3736711e+01  -3.8598275e+01   5.0043960e+02   3.2189929e+00   1.1431110e+01   1.1320376e+01
   2.0090000e+03   1.2000000e+01   2.1000000e+01   1.6000000e+01   4.1000000e+01   4.0000000e+01  -5.3741109e+01  -3.8596849e+01   4.9756597e+02   2.0162931e+02   1.7747242e+03   1.7746456e+03
   2.0090000e+03   1.2000000e+01   2.1000000e+01   1.6000000e+01   4.3000000e+01   1.7000000e+01  -5.3745501e+01  -3.8595428e+01   4.9693279e+02   3.7818977e+00   1.0462306e+01   1.0340346e+01
   2.0090000e+03   1.2000000e+01   2.1000000e+01   1.6000000e+01   4.4000000e+01   5.7000000e+01  -5.3749915e+01  -3.8593982e+01   4.9959579e+02   2.3992654e+00   6.6373686e+00   6.6373686e+00
   2.0090000e+03   1.2000000e+01   2.1000000e+01   1.6000000e+01   4.6000000e+01   3.6000000e+01  -5.3754350e+01  -3.8592589e+01   5.0124051e+02   3.7536335e+00   1.0491523e+01   1.0423794e+01
   2.0090000e+03   1.2000000e+01   2.1000000e+01   1.6000000e+01   4.8000000e+01   1.4000000e+01  -5.3758760e+01  -3.8591242e+01   4.9796280e+02   3.4107959e+00   9.6601988e+00   9.6601988e+00
   2.0090000e+03   1.2000000e+01   2.1000000e+01   1.6000000e+01   4.9000000e+01   5.1000000e+01  -5.3763197e+01  -3.8589885e+01   5.0101232e+02   4.3613734e+00   1.2275822e+01   1.2275822e+01
   2.0090000e+03   1.2000000e+01   2.1000000e+01   1.6000000e+01   5.1000000e+01   2.9000099e+01  -5.3767625e+01  -3.8588532e+01   4.9999389e+02   4.2719828e+00   1.7721752e+01   1.7667032e+01
   2.0090000e+03   1.2000000e+01   2.1000000e+01   1.6000000e+01   5.3000000e+01   7.0000000e+00  -5.3772044e+01  -3.8587192e+01   4.9891699e+02   5.0898011e+00   1.4123205e+01   1.4052686e+01
   2.0090000e+03   1.2000000e+01   2.1000000e+01   1.6000000e+01   5.4000000e+01   4.5000000e+01  -5.3776460e+01  -3.8585821e+01   4.9885929e+02   1.0873322e+01   3.0154472e+01   3.0154472e+01
   2.0090000e+03   1.2000000e+01   2.1000000e+01   1.6000000e+01   5.6000000e+01   2.2000000e+01  -5.3780865e+01  -3.8584490e+01   4.9727575e+02   4.1879926e+00   1.1620072e+01   1.1585734e+01
   2.0090000e+03   1.2000000e+01   2.1000000e+01   1.6000000e+01   5.7000000e+01   5.9000000e+01  -5.3785299e+01  -3.8583181e+01   5.0005652e+02   4.5330658e+00   1.3084739e+01   1.3084739e+01
   2.0090000e+03   1.2000000e+01   2.1000000e+01   1.6000000e+01   5.9000000e+01   3.6000000e+01  -5.3789721e+01  -3.8581879e+01   4.9883135e+02   3.3308532e+00   9.2145289e+00   7.0810654e+00
   2.0090000e+03   1.2000000e+01   2.1000000e+01   1.7000000e+01   1.0000000e+00   1.3000000e+01  -5.3794129e+01  -3.8580475e+01   4.9831591e+02   4.6894719e+00   1.3442999e+01   1.3092042e+01
   2.0090000e+03   1.2000000e+01   2.1000000e+01   1.7000000e+01   2.0000000e+00   5.0000000e+01  -5.3798554e+01  -3.8578980e+01   5.0145268e+02   3.7103851e+00   1.1305008e+01   1.1216182e+01
   2.0090000e+03   1.2000000e+01   2.1000000e+01   1.7000000e+01   4.0000000e+00   2.8000000e+01  -5.3802984e+01  -3.8577498e+01   5.0174098e+02   3.3867885e+00   9.3692692e+00   9.2514078e+00
   2.0090000e+03   1.2000000e+01   2.1000000e+01   1.7000000e+01   6.0000000e+00   5.0000000e+00  -5.3807349e+01  -3.8575976e+01   4.9520077e+02   2.0333628e+00   9.7599888e+00   9.3849954e+00
   2.0090000e+03   1.2000000e+01   2.1000000e+01   1.7000000e+01   7.0000000e+00   4.2000000e+01  -5.3811734e+01  -3.8574530e+01   4.9647735e+02   2.0969928e+00   6.0204959e+00   5.7863510e+00
   2.0090000e+03   1.2000000e+01   2.1000000e+01   1.7000000e+01   9.0000000e+00   1.9000000e+01  -5.3816156e+01  -3.8573076e+01   5.0049434e+02   1.3138303e+00   5.5273006e+00   5.3314573e+00
   2.0090000e+03   1.2000000e+01   2.1000000e+01   1.7000000e+01   1.0000000e+01   5.6000000e+01  -5.3820608e+01  -3.8571661e+01   5.0337128e+02   1.2558847e+00   6.0187178e+00   4.7973148e+00
   2.0090000e+03   1.2000000e+01   2.1000000e+01   1.7000000e+01   1.2000000e+01   3.2000000e+01  -5.3825033e+01  -3.8570262e+01   5.0025091e+02   1.1041218e+00   4.1263173e+00   3.9963503e+00
   2.0090000e+03   1.2000000e+01   2.1000000e+01   1.7000000e+01   1.4000000e+01   9.0000000e+00  -5.3829444e+01  -3.8568886e+01   4.9836706e+02   1.2941808e+00   7.4901737e+00   7.1095634e+00
   2.0090000e+03   1.2000000e+01   2.1000000e+01   1.7000000e+01   1.5000000e+01   4.6000000e+01  -5.3833861e+01  -3.8567500e+01   4.9916963e+02   1.9350911e-01   2.6164282e+00   2.6164282e+00
   2.0090000e+03   1.2000000e+01   2.1000000e+01   1.7000000e+01   1.7000000e+01   2.2000000e+01  -5.3838248e+01  -3.8566131e+01   4.9569513e+02   6.6517616e-01   2.0691639e+00   2.0691639e+00
   2.0090000e+03   1.2000000e+01   2.1000000e+01   1.7000000e+01   1.8000000e+01   5.7000000e+01  -5.3842641e+01  -3.8564785e+01   4.9597620e+02   1.0481829e+00   3.3767914e+00   3.3192876e+00
   2.0090000e+03   1.2000000e+01   2.1000000e+01   1.7000000e+01   2.0000000e+01   3.4000000e+01  -5.3847076e+01  -3.8563383e+01   5.0130919e+02   3.5217821e-01   3.8925656e+00   3.8925656e+00
   2.0090000e+03   1.2000000e+01   2.1000000e+01   1.7000000e+01   2.2000000e+01   1.1000000e+01  -5.3851522e+01  -3.8562087e+01   5.0131940e+02   1.6962996e+00   5.1277176e+00   4.9911834e+00
   2.0090000e+03   1.2000000e+01   2.1000000e+01   1.7000000e+01   2.3000000e+01   4.7000000e+01  -5.3855969e+01  -3.8560764e+01   5.0168418e+02   1.8224068e+01   5.1715410e+01   5.1694618e+01
   2.0090000e+03   1.2000000e+01   2.1000000e+01   1.7000000e+01   2.5000000e+01   2.1000000e+01  -5.3860404e+01  -3.8559419e+01   5.0069798e+02   1.0475415e+00   4.6688950e+00   4.5392812e+00
   2.0090000e+03   1.2000000e+01   2.1000000e+01   1.7000000e+01   2.6000000e+01   5.6000000e+01  -5.3864833e+01  -3.8558089e+01   4.9983300e+02   5.6076092e-01   1.5512985e+00   1.5426369e+00
   2.0090000e+03   1.2000000e+01   2.1000000e+01   1.7000000e+01   2.8000000e+01   3.3000000e+01  -5.3869221e+01  -3.8556606e+01   4.9712052e+02   1.2444381e+00   4.5748865e+00   4.4823051e+00
   2.0090000e+03   1.2000000e+01   2.1000000e+01   1.7000000e+01   3.0000000e+01   1.2000000e+01  -5.3873640e+01  -3.8555172e+01   4.9996607e+02   6.1423124e-02   4.1850823e+00   4.1150526e+00
   2.0090000e+03   1.2000000e+01   2.1000000e+01   1.7000000e+01   3.1000000e+01   5.1000000e+01  -5.3878041e+01  -3.8553760e+01   4.9774118e+02   8.6034171e-01   3.5280547e+00   1.7337501e+00
   2.0090000e+03   1.2000000e+01   2.1000000e+01   1.7000000e+01   3.3000000e+01   2.9000000e+01  -5.3882453e+01  -3.8552318e+01   4.9919977e+02   3.9202962e-01   2.1555216e+00   2.1231475e+00
   2.0090000e+03   1.2000000e+01   2.1000000e+01   1.7000000e+01   3.5000000e+01   6.0000000e+00  -5.3886859e+01  -3.8550875e+01   4.9864247e+02   9.0483819e+00   2.5951208e+01   2.5850968e+01
   2.0090000e+03   1.2000000e+01   2.1000000e+01   1.7000000e+01   3.6000000e+01   4.2000000e+01  -5.3891296e+01  -3.8549488e+01   5.0135640e+02   2.3060904e+00   8.0357594e+00   7.4860821e+00
   2.0090000e+03   1.2000000e+01   2.1000000e+01   1.7000000e+01   3.8000000e+01   1.8000000e+01  -5.3895662e+01  -3.8548046e+01   4.9428556e+02   7.7260509e-01   2.4852135e+00   1.8282777e+00
   2.0090000e+03   1.2000000e+01   2.1000000e+01   1.7000000e+01   3.9000000e+01   5.4000000e+01  -5.3900061e+01  -3.8546667e+01   4.9709708e+02   7.9598254e+01   2.2039220e+02   2.2004153e+02
   2.0090000e+03   1.2000000e+01   2.1000000e+01   1.7000000e+01   4.1000000e+01   3.1000000e+01  -5.3904512e+01  -3.8545239e+01   5.0334352e+02   7.4077370e+00   2.0787424e+01   2.0447410e+01
   2.0090000e+03   1.2000000e+01   2.1000000e+01   1.7000000e+01   4.3000000e+01   6.0000000e+00  -5.3908924e+01  -3.8543808e+01   4.9907820e+02   1.8152610e+00   5.1339104e+00   5.0795237e+00
   2.0090000e+03   1.2000000e+01   2.1000000e+01   1.7000000e+01   4.4000000e+01   4.1000000e+01  -5.3913307e+01  -3.8542384e+01   4.9591930e+02   7.5810933e-01   2.0972465e+00   1.9078750e+00
   2.0090000e+03   1.2000000e+01   2.1000000e+01   1.7000000e+01   4.6000000e+01   1.7000000e+01  -5.3917762e+01  -3.8540902e+01   5.0443779e+02   1.7943643e+00   4.9639598e+00   4.2750243e+00
   2.0090000e+03   1.2000000e+01   2.1000000e+01   1.7000000e+01   4.7000000e+01   5.2000000e+01  -5.3922201e+01  -3.8539431e+01   5.0257874e+02   2.0859609e+00   5.8034581e+00   4.6072661e+00
   2.0090000e+03   1.2000000e+01   2.1000000e+01   1.7000000e+01   4.9000000e+01   2.7000000e+01  -5.3926604e+01  -3.8538057e+01   4.9748656e+02   2.0276451e+00   5.6222191e+00   5.5842017e+00
   2.0090000e+03   1.2000000e+01   2.1000000e+01   1.7000000e+01   5.1000000e+01   4.0000000e+00  -5.3931041e+01  -3.8536737e+01   5.0049550e+02   1.7669754e+00   5.0376738e+00   4.6938047e+00
   2.0090000e+03   1.2000000e+01   2.1000000e+01   1.7000000e+01   5.2000000e+01   4.3000000e+01  -5.3935474e+01  -3.8535423e+01   5.0007877e+02   1.5128529e+01   6.1615262e+01   6.0931588e+01
   2.0090000e+03   1.2000000e+01   2.1000000e+01   1.7000000e+01   5.4000000e+01   2.2000000e+01  -5.3939880e+01  -3.8534091e+01   4.9720154e+02   1.6158561e+00   6.5929385e+01   6.5691888e+01
   2.0090000e+03   1.2000000e+01   2.1000000e+01   1.7000000e+01   5.6000000e+01   0.0000000e+00  -5.3944275e+01  -3.8532749e+01   4.9628084e+02   3.2119399e+00   2.9831551e+01   2.9613536e+01
   2.0090000e+03   1.2000000e+01   2.1000000e+01   1.7000000e+01   5.7000000e+01   3.8000000e+01  -5.3948678e+01  -3.8531427e+01   4.9680815e+02   7.4719256e+00   4.2001899e+01   4.1862593e+01
   2.0090000e+03   1.2000000e+01   2.1000000e+01   1.7000000e+01   5.9000000e+01   1.7000000e+01  -5.3953122e+01  -3.8529893e+01   5.0394329e+02   3.5656390e+00   1.7723959e+01   1.6845911e+01
   2.0090000e+03   1.2000000e+01   2.1000000e+01   1.8000000e+01   0.0000000e+00   5.2000000e+01  -5.3957480e+01  -3.8528337e+01   4.9484633e+02   1.5664114e+00   6.4049286e+00   3.5126180e+00
