   2.0090000e+03   1.2000000e+01   2.1000000e+01   7.0000000e+00   5.8000000e+01   3.4000000e+01  -5.3993205e+01  -3.8819214e+01   5.0242590e+02   2.5787214e+00   1.0546707e+01   1.0289032e+01
   2.0090000e+03   1.2000000e+01   2.1000000e+01   8.0000000e+00   0.0000000e+00   5.9000000e+01  -5.3988939e+01  -3.8820634e+01   4.8302881e+02   5.8190572e+00   2.0590697e+01   1.7824801e+01
   2.0090000e+03   1.2000000e+01   2.1000000e+01   8.0000000e+00   3.0000000e+00   3.0000992e+00  -5.3984435e+01  -3.8822094e+01   5.0951878e+02   8.2400199e+00   2.7576420e+01   2.6200310e+01
   2.0090000e+03   1.2000000e+01   2.1000000e+01   8.0000000e+00   4.0000000e+00   5.0000000e+01  -5.3980015e+01  -3.8823535e+01   5.0003361e+02   1.4727050e+01   4.1676170e+01   4.1035290e+01
   2.0090000e+03   1.2000000e+01   2.1000000e+01   8.0000000e+00   6.0000000e+00   3.1000000e+01  -5.3975524e+01  -3.8824933e+01   5.0737373e+02   1.7719468e+01   7.4068560e+01   7.3537273e+01
   2.0090000e+03   1.2000000e+01   2.1000000e+01   8.0000000e+00   8.0000000e+00   1.0000000e+01  -5.3971115e+01  -3.8826391e+01   4.9906363e+02   1.8053922e+01   5.1543799e+01   5.0966452e+01
   2.0090000e+03   1.2000000e+01   2.1000000e+01   8.0000000e+00   9.0000000e+00   4.6000000e+01  -5.3966731e+01  -3.8827854e+01   4.9648958e+02   1.7776079e+01   5.9623972e+01   5.9517653e+01
   2.0090000e+03   1.2000000e+01   2.1000000e+01   8.0000000e+00   1.1000000e+01   2.1000000e+01  -5.3962287e+01  -3.8829271e+01   5.0236523e+02   1.1155561e+01   3.1236206e+01   3.0985382e+01
   2.0090000e+03   1.2000000e+01   2.1000000e+01   8.0000000e+00   1.2000000e+01   5.7000000e+01  -5.3957851e+01  -3.8830639e+01   5.0101656e+02   1.7853573e+01   5.6684751e+01   5.6684751e+01
   2.0090000e+03   1.2000000e+01   2.1000000e+01   8.0000000e+00   1.4000000e+01   3.3000000e+01  -5.3953448e+01  -3.8832076e+01   4.9824591e+02   2.9163517e+01   1.1425686e+02   1.1406745e+02
   2.0090000e+03   1.2000000e+01   2.1000000e+01   8.0000000e+00   1.6000000e+01   8.0000000e+00  -5.3948976e+01  -3.8833539e+01   5.0604253e+02   2.6744027e+01   9.1473551e+01   9.1089918e+01
   2.0090000e+03   1.2000000e+01   2.1000000e+01   8.0000000e+00   1.7000000e+01   4.2000000e+01  -5.3944613e+01  -3.8834934e+01   4.9327991e+02   4.3811187e+01   1.2202757e+02   1.2181116e+02
   2.0090000e+03   1.2000000e+01   2.1000000e+01   8.0000000e+00   1.9000000e+01   1.5000000e+01  -5.3940184e+01  -3.8836325e+01   5.0054366e+02   4.3752269e+01   1.2214714e+02   1.2199059e+02
   2.0090000e+03   1.2000000e+01   2.1000000e+01   8.0000000e+00   2.0000000e+01   5.0000000e+01  -5.3935743e+01  -3.8837731e+01   5.0194616e+02   1.7433117e+01   1.0137555e+02   1.0136685e+02
   2.0090000e+03   1.2000000e+01   2.1000000e+01   8.0000000e+00   2.2000000e+01   2.6000099e+01  -5.3931326e+01  -3.8839088e+01   4.9881269e+02   2.0058441e+01   1.3080395e+02   1.3078407e+02
   2.0090000e+03   1.2000000e+01   2.1000000e+01   8.0000000e+00   2.4000000e+01   2.0000000e+00  -5.3926902e+01  -3.8840480e+01   4.9997426e+02   3.1272094e+01   8.8471516e+01   8.8471516e+01
   2.0090000e+03   1.2000000e+01   2.1000000e+01   8.0000000e+00   2.5000000e+01   3.9000000e+01  -5.3922457e+01  -3.8841862e+01   5.0204131e+02   1.8655956e+01   5.2306302e+01   5.2271334e+01
   2.0090000e+03   1.2000000e+01   2.1000000e+01   8.0000000e+00   2.7000000e+01   1.5000099e+01  -5.3918066e+01  -3.8843224e+01   4.9608318e+02   1.0563501e+01   5.5386050e+01   5.5312977e+01
   2.0090000e+03   1.2000000e+01   2.1000000e+01   8.0000000e+00   2.8000000e+01   5.2000000e+01  -5.3913640e+01  -3.8844605e+01   5.0003498e+02   1.8136929e+01   2.0184868e+02   2.0165134e+02
   2.0090000e+03   1.2000000e+01   2.1000000e+01   8.0000000e+00   3.2000000e+01   8.0000000e+00  -5.3904843e+01  -3.8847446e+01   9.9508248e+02   6.0888469e+00   1.0303546e+02   1.0266674e+02
   2.0090000e+03   1.2000000e+01   2.1000000e+01   8.0000000e+00   3.3000000e+01   4.8000000e+01  -5.3900405e+01  -3.8848734e+01   5.0024027e+02   3.9271863e+01   1.8482282e+02   1.8466180e+02
   2.0090000e+03   1.2000000e+01   2.1000000e+01   8.0000000e+00   3.5000000e+01   2.7000000e+01  -5.3895989e+01  -3.8850055e+01   4.9835530e+02   2.1317990e+01   1.1844940e+02   1.1819500e+02
   2.0090000e+03   1.2000000e+01   2.1000000e+01   8.0000000e+00   3.7000000e+01   5.0000000e+00  -5.3891555e+01  -3.8851325e+01   4.9966630e+02   1.2685218e+01   8.4775648e+01   8.4495830e+01
   2.0090000e+03   1.2000000e+01   2.1000000e+01   8.0000000e+00   3.8000000e+01   4.4000000e+01  -5.3887092e+01  -3.8852652e+01   5.0346046e+02   5.9823368e+00   3.2921069e+01   3.2695536e+01
   2.0090000e+03   1.2000000e+01   2.1000000e+01   8.0000000e+00   4.0000000e+01   2.3000000e+01  -5.3882664e+01  -3.8853877e+01   4.9847948e+02   3.3806533e+00   2.9294729e+01   2.9281918e+01
   2.0090000e+03   1.2000000e+01   2.1000000e+01   8.0000000e+00   4.2000000e+01   1.0000000e+00  -5.3878241e+01  -3.8855094e+01   4.9790599e+02   9.4452876e+00   2.6759267e+01   2.5350299e+01
   2.0090000e+03   1.2000000e+01   2.1000000e+01   8.0000000e+00   4.3000000e+01   3.8000000e+01  -5.3873834e+01  -3.8856384e+01   4.9695777e+02   1.9064231e+00   5.5491060e+00   5.4268516e+00
   2.0090000e+03   1.2000000e+01   2.1000000e+01   8.0000000e+00   4.5000000e+01   1.4000000e+01  -5.3869401e+01  -3.8857711e+01   5.0022734e+02   1.5694530e+00   4.7967940e+00   4.4605211e+00
   2.0090000e+03   1.2000000e+01   2.1000000e+01   8.0000000e+00   4.6000000e+01   5.2000000e+01  -5.3864957e+01  -3.8859020e+01   5.0124339e+02   1.3494463e+00   3.7331311e+00   3.6159764e+00
   2.0090000e+03   1.2000000e+01   2.1000000e+01   8.0000000e+00   4.8000000e+01   3.0000000e+01  -5.3860530e+01  -3.8860337e+01   4.9938054e+02   1.0575603e+00   4.2753766e+00   4.0476917e+00
   2.0090000e+03   1.2000000e+01   2.1000000e+01   8.0000000e+00   5.0000000e+01   8.0000000e+00  -5.3856089e+01  -3.8861684e+01   5.0133648e+02   4.8395022e-01   2.8027885e+00   2.4533712e+00
   2.0090000e+03   1.2000000e+01   2.1000000e+01   8.0000000e+00   5.1000000e+01   4.7000000e+01  -5.3851689e+01  -3.8862961e+01   4.9607435e+02   1.2236008e+00   3.8990006e+00   3.7518002e+00
   2.0090000e+03   1.2000000e+01   2.1000000e+01   8.0000000e+00   5.3000000e+01   2.5000000e+01  -5.3847278e+01  -3.8864314e+01   4.9807999e+02   1.7701866e+00   4.8970744e+00   4.5114390e+00
   2.0090000e+03   1.2000000e+01   2.1000000e+01   8.0000000e+00   5.5000000e+01   3.0000000e+00  -5.3842804e+01  -3.8865715e+01   5.0560577e+02   2.8420025e+00   7.8621640e+00   7.8621640e+00
   2.0090000e+03   1.2000000e+01   2.1000000e+01   8.0000000e+00   5.6000000e+01   5.5000000e+01  -5.3838323e+01  -3.8867160e+01   5.0683927e+02   1.4995264e+00   4.1483153e+00   4.1483153e+00
   2.0090000e+03   1.2000000e+01   2.1000000e+01   8.0000000e+00   5.9000000e+01   1.0000000e+01  -5.3834007e+01  -3.8868451e+01   4.8695234e+02   2.5733620e+00   7.1189923e+00   6.8671537e+00
   2.0090000e+03   1.2000000e+01   2.1000000e+01   9.0000000e+00   1.0000000e+00   3.5000000e+01  -5.3829645e+01  -3.8869829e+01   4.9308544e+02   5.7640029e+01   2.5664810e+02   2.5626295e+02
   2.0090000e+03   1.2000000e+01   2.1000000e+01   9.0000000e+00   4.0000000e+00   0.0000000e+00  -5.3825260e+01  -3.8871387e+01   4.9787484e+02   2.3613719e+00   6.5325394e+00   6.5325394e+00
   2.0090000e+03   1.2000000e+01   2.1000000e+01   9.0000000e+00   6.0000000e+00   2.8000000e+01  -5.3820813e+01  -3.8873065e+01   5.0623112e+02   1.5334805e+00   4.8066724e+00   4.6494018e+00
   2.0090000e+03   1.2000000e+01   2.1000000e+01   9.0000000e+00   9.0000000e+00   0.0000000e+00  -5.3816490e+01  -3.8874378e+01   4.8801997e+02   2.2642878e+00   6.2639642e+00   5.4939061e+00
   2.0090000e+03   1.2000000e+01   2.1000000e+01   9.0000000e+00   1.1000000e+01   1.9999901e+01  -5.3812139e+01  -3.8875651e+01   4.9068989e+02   2.4784786e+00   7.0067264e+00   5.6971831e+00
   2.0090000e+03   1.2000000e+01   2.1000000e+01   9.0000000e+00   1.3000000e+01   1.8000000e+01  -5.3807674e+01  -3.8877150e+01   5.0577153e+02   4.9465551e+00   1.3684234e+01   1.3424591e+01
   2.0090000e+03   1.2000000e+01   2.1000000e+01   9.0000000e+00   1.5000000e+01   4.0000000e+00  -5.3803228e+01  -3.8878715e+01   5.0466245e+02   4.2694473e+00   1.2758119e+01   7.9922060e+00
   2.0090000e+03   1.2000000e+01   2.1000000e+01   9.0000000e+00   1.6000000e+01   4.8000000e+01  -5.3798834e+01  -3.8880250e+01   4.9846436e+02   8.1763812e+00   3.2006169e+01   2.7550709e+01
   2.0090000e+03   1.2000000e+01   2.1000000e+01   9.0000000e+00   1.8000000e+01   2.9000000e+01  -5.3794441e+01  -3.8881622e+01   4.9643668e+02   4.4737802e+00   1.2561324e+01   1.2561324e+01
   2.0090000e+03   1.2000000e+01   2.1000000e+01   9.0000000e+00   2.0000000e+01   8.0000000e+00  -5.3790005e+01  -3.8883055e+01   5.0183973e+02   4.2928702e+00   1.2878393e+01   1.2878393e+01
   2.0090000e+03   1.2000000e+01   2.1000000e+01   9.0000000e+00   2.1000000e+01   4.5000000e+01  -5.3785571e+01  -3.8884483e+01   5.0149356e+02   2.7703726e+00   1.1203089e+01   1.1157306e+01
   2.0090000e+03   1.2000000e+01   2.1000000e+01   9.0000000e+00   2.3000000e+01   2.1999901e+01  -5.3781138e+01  -3.8885799e+01   5.0016383e+02   2.3079972e+00   7.0066028e+00   7.0066028e+00
   2.0090000e+03   1.2000000e+01   2.1000000e+01   9.0000000e+00   2.5000000e+01   9.9182129e-05  -5.3776733e+01  -3.8887073e+01   4.9658637e+02   2.6032826e+00   1.0462376e+01   7.3280025e+00
   2.0090000e+03   1.2000000e+01   2.1000000e+01   9.0000000e+00   2.6000000e+01   3.8000000e+01  -5.3772313e+01  -3.8888414e+01   4.9899150e+02   1.9896039e+00   5.8131874e+00   5.8131874e+00
   2.0090000e+03   1.2000000e+01   2.1000000e+01   9.0000000e+00   2.8000000e+01   1.5000000e+01  -5.3767899e+01  -3.8889739e+01   4.9809728e+02   1.7636511e+00   4.8789942e+00   4.4601775e+00
   2.0090000e+03   1.2000000e+01   2.1000000e+01   9.0000000e+00   2.9000000e+01   5.4000000e+01  -5.3763453e+01  -3.8891005e+01   5.0101527e+02   1.1754969e+00   3.4147115e+00   3.2282284e+00
   2.0090000e+03   1.2000000e+01   2.1000000e+01   9.0000000e+00   3.1000000e+01   3.4000000e+01  -5.3758990e+01  -3.8892266e+01   5.0274172e+02   1.2900111e+00   3.8534814e+00   3.5687087e+00
   2.0090000e+03   1.2000000e+01   2.1000000e+01   9.0000000e+00   3.3000000e+01   1.3000000e+01  -5.3754562e+01  -3.8893644e+01   5.0033558e+02   2.5530524e+00   7.4123717e+00   7.0628075e+00
   2.0090000e+03   1.2000000e+01   2.1000000e+01   9.0000000e+00   3.4000000e+01   5.2000099e+01  -5.3750184e+01  -3.8895006e+01   4.9466669e+02   1.5674085e+00   4.3361056e+00   4.3361056e+00
   2.0090000e+03   1.2000000e+01   2.1000000e+01   9.0000000e+00   3.6000000e+01   3.1000000e+01  -5.3745795e+01  -3.8896396e+01   4.9616759e+02   4.0788547e+00   1.2878292e+01   1.2802023e+01
   2.0090000e+03   1.2000000e+01   2.1000000e+01   9.0000000e+00   3.8000000e+01   1.0000000e+01  -5.3741346e+01  -3.8897833e+01   5.0330734e+02   1.6786663e+00   1.0138616e+01   1.0104587e+01
   2.0090000e+03   1.2000000e+01   2.1000000e+01   9.0000000e+00   3.9000000e+01   4.9000000e+01  -5.3736916e+01  -3.8899331e+01   5.0205380e+02   1.0645753e+00   3.5747537e+00   3.5747537e+00
   2.0090000e+03   1.2000000e+01   2.1000000e+01   9.0000000e+00   4.1000000e+01   2.8000000e+01  -5.3732501e+01  -3.8900877e+01   5.0092784e+02   1.3750592e+00   3.8039871e+00   3.2049314e+00
   2.0090000e+03   1.2000000e+01   2.1000000e+01   9.0000000e+00   4.3000000e+01   7.0000000e+00  -5.3728149e+01  -3.8902390e+01   4.9375712e+02   2.1875734e+00   6.0517401e+00   5.4234328e+00
   2.0090000e+03   1.2000000e+01   2.1000000e+01   9.0000000e+00   4.4000000e+01   4.8000000e+01  -5.3723758e+01  -3.8903971e+01   4.9889081e+02   2.0695507e+00   5.7252402e+00   5.7252402e+00
   2.0090000e+03   1.2000000e+01   2.1000000e+01   9.0000000e+00   4.6000000e+01   2.7999901e+01  -5.3719300e+01  -3.8905399e+01   5.0420090e+02   2.9751362e+00   1.4874441e+01   1.4874441e+01
   2.0090000e+03   1.2000000e+01   2.1000000e+01   9.0000000e+00   4.8000000e+01   8.0000992e+00  -5.3714900e+01  -3.8906788e+01   4.9733485e+02   4.9844006e+00   2.0499250e+01   1.8831624e+01
   2.0090000e+03   1.2000000e+01   2.1000000e+01   9.0000000e+00   4.9000000e+01   4.7000000e+01  -5.3710476e+01  -3.8908147e+01   4.9970006e+02   1.9163353e+00   6.2579423e+00   5.2151521e+00
   2.0090000e+03   1.2000000e+01   2.1000000e+01   9.0000000e+00   5.1000000e+01   2.3999901e+01  -5.3706096e+01  -3.8909325e+01   4.9283747e+02   1.8964603e+00   5.2463999e+00   3.3411798e+00
   2.0090000e+03   1.2000000e+01   2.1000000e+01   9.0000000e+00   5.3000000e+01   9.9990082e-01  -5.3701638e+01  -3.8910644e+01   5.0291926e+02   1.1088187e+00   8.6816155e+00   8.6816155e+00
   2.0090000e+03   1.2000000e+01   2.1000000e+01   9.0000000e+00   5.4000000e+01   3.6000000e+01  -5.3697146e+01  -3.8911929e+01   5.0624210e+02   4.1332773e+00   1.1434368e+01   1.0959860e+01
   2.0090000e+03   1.2000000e+01   2.1000000e+01   9.0000000e+00   5.6000000e+01   1.0999901e+01  -5.3692741e+01  -3.8913200e+01   4.9660804e+02   5.9400101e-01   2.7211523e+00   2.0656214e+00
   2.0090000e+03   1.2000000e+01   2.1000000e+01   9.0000000e+00   5.7000000e+01   4.6000000e+01  -5.3688339e+01  -3.8914446e+01   4.9594499e+02   1.2838107e+02   8.7570622e+02   8.7570622e+02
   2.0090000e+03   1.2000000e+01   2.1000000e+01   9.0000000e+00   5.9000000e+01   2.0000099e+01  -5.3683950e+01  -3.8915756e+01   4.9520481e+02   3.1936392e+00   5.2077391e+01   1.8236018e+01
   2.0090000e+03   1.2000000e+01   2.1000000e+01   1.0000000e+01   0.0000000e+00   5.5000000e+01  -5.3679523e+01  -3.8917064e+01   4.9949909e+02   2.4247441e-01   1.0014140e+00   1.0014140e+00
   2.0090000e+03   1.2000000e+01   2.1000000e+01   1.0000000e+01   2.0000000e+00   2.9999901e+01  -5.3675061e+01  -3.8918409e+01   5.0360704e+02   6.0148425e-01   1.6639563e+00   1.6639563e+00
   2.0090000e+03   1.2000000e+01   2.1000000e+01   1.0000000e+01   4.0000000e+00   6.0000000e+00  -5.3670652e+01  -3.8919823e+01   4.9868472e+02   2.1881514e-01   6.0533391e-01   6.0533391e-01
   2.0090000e+03   1.2000000e+01   2.1000000e+01   1.0000000e+01   5.0000000e+00   4.3000000e+01  -5.3666248e+01  -3.8921306e+01   4.9900883e+02   1.4005504e+00   3.9673409e+00   3.9673409e+00
   2.0090000e+03   1.2000000e+01   2.1000000e+01   1.0000000e+01   7.0000000e+00   2.1000000e+01  -5.3661843e+01  -3.8922820e+01   4.9954545e+02   1.0947015e+00   3.0284008e+00   2.2660054e+00
   2.0090000e+03   1.2000000e+01   2.1000000e+01   1.0000000e+01   9.0000000e+00   2.0000000e+00  -5.3657301e+01  -3.8924283e+01   5.1378454e+02   1.6845556e+00   4.9221167e+00   3.9444156e+00
   2.0090000e+03   1.2000000e+01   2.1000000e+01   1.0000000e+01   1.0000000e+01   5.8000099e+01  -5.3652900e+01  -3.8925669e+01   4.9750597e+02   2.2879411e+00   7.4523813e+00   6.7951086e+00
   2.0090000e+03   1.2000000e+01   2.1000000e+01   1.0000000e+01   1.3000000e+01   1.1000000e+01  -5.3648531e+01  -3.8926911e+01   4.9232110e+02   3.1657831e-01   9.9504080e-01   8.7578762e-01
   2.0090000e+03   1.2000000e+01   2.1000000e+01   1.0000000e+01   1.5000000e+01   3.7000000e+01  -5.3644071e+01  -3.8928209e+01   5.0288964e+02   2.3893069e-01   1.4543125e+00   1.4543125e+00
   2.0090000e+03   1.2000000e+01   2.1000000e+01   1.0000000e+01   1.8000000e+01   1.5000000e+01  -5.3639784e+01  -3.8929492e+01   4.8391247e+02   1.7199357e+00   5.3831542e+00   3.5872233e+00
   2.0090000e+03   1.2000000e+01   2.1000000e+01   1.0000000e+01   2.0000000e+01   5.8000000e+01  -5.3635353e+01  -3.8930768e+01   4.9942767e+02   8.7377891e-01   2.4480670e+00   2.3156097e+00
   2.0090000e+03   1.2000000e+01   2.1000000e+01   1.0000000e+01   2.3000000e+01   3.9000000e+01  -5.3631042e+01  -3.8932105e+01   4.8704001e+02   6.3042174e-01   1.7692190e+00   6.1405286e-01
   2.0090000e+03   1.2000000e+01   2.1000000e+01   1.0000000e+01   2.6000000e+01   0.0000000e+00  -5.3626578e+01  -3.8933324e+01   5.0250806e+02   1.6972312e+00   5.1785023e+00   4.6497613e+00
   2.0090000e+03   1.2000000e+01   2.1000000e+01   1.0000000e+01   2.7000000e+01   5.7000000e+01  -5.3622077e+01  -3.8934650e+01   5.0773884e+02   5.4488308e-01   2.2128131e+00   2.1402099e+00
   2.0090000e+03   1.2000000e+01   2.1000000e+01   1.0000000e+01   2.9000000e+01   4.5000000e+01  -5.3617691e+01  -3.8936069e+01   4.9632521e+02   5.3963675e-01   1.4928603e+00   1.1807476e+00
   2.0090000e+03   1.2000000e+01   2.1000000e+01   1.0000000e+01   3.1000000e+01   3.1000000e+01  -5.3613252e+01  -3.8937327e+01   5.0011237e+02   3.0774636e-01   8.5135475e-01   4.9116856e-01
   2.0090000e+03   1.2000000e+01   2.1000000e+01   1.0000000e+01   3.3000000e+01   1.4000099e+01  -5.3608795e+01  -3.8938676e+01   5.0325607e+02   7.5517909e-01   2.0891403e+00   2.0891403e+00
   2.0090000e+03   1.2000000e+01   2.1000000e+01   1.0000000e+01   3.4000000e+01   5.5000099e+01  -5.3604356e+01  -3.8940061e+01   5.0159956e+02   7.4681587e-01   2.0660041e+00   1.8253324e+00
   2.0090000e+03   1.2000000e+01   2.1000000e+01   1.0000000e+01   3.6000000e+01   3.2000099e+01  -5.3599950e+01  -3.8941388e+01   4.9740520e+02   4.2108638e-01   2.6402747e+00   2.5229282e+00
   2.0090000e+03   1.2000000e+01   2.1000000e+01   1.0000000e+01   3.8000000e+01   9.0000000e+00  -5.3595551e+01  -3.8942682e+01   4.9615777e+02   9.4547340e-01   2.9930691e+00   2.2787845e+00
   2.0090000e+03   1.2000000e+01   2.1000000e+01   1.0000000e+01   3.9000000e+01   4.7000099e+01  -5.3591122e+01  -3.8944046e+01   5.0026905e+02   5.0453923e+00   1.3957659e+01   1.3957659e+01
   2.0090000e+03   1.2000000e+01   2.1000000e+01   1.0000000e+01   4.1000000e+01   2.5000000e+01  -5.3586682e+01  -3.8945447e+01   5.0201827e+02   3.9134877e-01   1.0826339e+00   3.3689097e-01
   2.0090000e+03   1.2000000e+01   2.1000000e+01   1.0000000e+01   4.3000000e+01   2.0000000e+00  -5.3582261e+01  -3.8946832e+01   4.9971855e+02   2.2503510e-01   1.2544898e+00   1.1794886e+00
   2.0090000e+03   1.2000000e+01   2.1000000e+01   1.0000000e+01   4.4000000e+01   4.0000000e+01  -5.3577866e+01  -3.8948223e+01   4.9685163e+02   1.4276518e+00   3.9494803e+00   3.9061501e+00
   2.0090000e+03   1.2000000e+01   2.1000000e+01   1.0000000e+01   4.6000000e+01   1.9000000e+01  -5.3573422e+01  -3.8949638e+01   5.0255280e+02   9.3958006e-01   2.6427359e+00   4.5925893e-01
   2.0090000e+03   1.2000000e+01   2.1000000e+01   1.0000000e+01   4.7000000e+01   5.7000000e+01  -5.3569011e+01  -3.8951102e+01   4.9960220e+02   1.0962134e+00   1.0673235e+01   3.0325832e+00
   2.0090000e+03   1.2000000e+01   2.1000000e+01   1.0000000e+01   4.9000000e+01   3.4000099e+01  -5.3564652e+01  -3.8952520e+01   4.9337593e+02   1.4185960e+00   3.9891012e+00   3.9891012e+00
   2.0090000e+03   1.2000000e+01   2.1000000e+01   1.0000000e+01   5.1000000e+01   1.1999901e+01  -5.3560218e+01  -3.8953962e+01   5.0177737e+02   5.6720580e+00   1.5691278e+01   1.5691278e+01
   2.0090000e+03   1.2000000e+01   2.1000000e+01   1.0000000e+01   5.2000000e+01   5.0000000e+01  -5.3555814e+01  -3.8955374e+01   4.9810986e+02   6.0413749e-01   1.7656234e+00   1.7656234e+00
   2.0090000e+03   1.2000000e+01   2.1000000e+01   1.0000000e+01   5.4000000e+01   2.8000000e+01  -5.3551395e+01  -3.8956732e+01   4.9924891e+02   3.5266939e+00   9.8536283e+00   9.7482346e+00
   2.0090000e+03   1.2000000e+01   2.1000000e+01   1.0000000e+01   5.6000000e+01   5.0000992e+00  -5.3546962e+01  -3.8958163e+01   5.0155716e+02   2.4338642e-01   8.5165928e-01   3.7361845e-01
   2.0090000e+03   1.2000000e+01   2.1000000e+01   1.0000000e+01   5.7000000e+01   4.3000099e+01  -5.3542536e+01  -3.8959448e+01   4.9903330e+02   1.7684709e+00   5.6521539e+00   5.6521539e+00
   2.0090000e+03   1.2000000e+01   2.1000000e+01   1.0000000e+01   5.9000000e+01   2.1000000e+01  -5.3538096e+01  -3.8960785e+01   5.0121462e+02   2.0383042e-01   6.6116962e-01   3.7293940e-01
   2.0090000e+03   1.2000000e+01   2.1000000e+01   1.1000000e+01   0.0000000e+00   5.7000000e+01  -5.3533691e+01  -3.8962067e+01   4.9675261e+02   1.3363390e+00   4.0273181e+00   6.2188368e-01
   2.0090000e+03   1.2000000e+01   2.1000000e+01   1.1000000e+01   2.0000000e+00   3.3000099e+01  -5.3529285e+01  -3.8963257e+01   4.9590015e+02   4.7855093e-01   1.3238714e+00   3.2778432e-01
   2.0090000e+03   1.2000000e+01   2.1000000e+01   1.1000000e+01   4.0000000e+00   1.1000000e+01  -5.3524854e+01  -3.8964577e+01   5.0004133e+02   1.7898605e+00   5.0180992e+00   2.0656900e+00
   2.0090000e+03   1.2000000e+01   2.1000000e+01   1.1000000e+01   5.0000000e+00   4.7000000e+01  -5.3520421e+01  -3.8965964e+01   5.0096959e+02   1.5646439e-01   5.7899526e-01   4.3284575e-01
   2.0090000e+03   1.2000000e+01   2.1000000e+01   1.1000000e+01   7.0000000e+00   2.2000099e+01  -5.3516023e+01  -3.8967393e+01   4.9778815e+02   2.0276561e-01   5.6093423e-01   5.6093423e-01
   2.0090000e+03   1.2000000e+01   2.1000000e+01   1.1000000e+01   8.0000000e+00   5.8000099e+01  -5.3511599e+01  -3.8968723e+01   4.9939994e+02   1.5967086e+00   4.5603675e+00   2.1367865e+00
   2.0090000e+03   1.2000000e+01   2.1000000e+01   1.1000000e+01   1.0000000e+01   3.3000000e+01  -5.3507180e+01  -3.8970063e+01   4.9893374e+02   3.6967338e-01   1.1429843e+00   1.0873690e+00
   2.0090000e+03   1.2000000e+01   2.1000000e+01   1.1000000e+01   1.2000000e+01   9.0000992e+00  -5.3502762e+01  -3.8971388e+01   4.9871306e+02   2.5353374e-01   1.3491597e+00   1.3491597e+00
   2.0090000e+03   1.2000000e+01   2.1000000e+01   1.1000000e+01   1.3000000e+01   4.6000000e+01  -5.3498349e+01  -3.8972754e+01   4.9861541e+02   1.1772366e+00   3.2567274e+00   3.1292507e+00
   2.0090000e+03   1.2000000e+01   2.1000000e+01   1.1000000e+01   1.5000000e+01   2.4000000e+01  -5.3493902e+01  -3.8974223e+01   5.0352956e+02   8.0460343e-01   3.2180569e+00   2.6101209e+00
   2.0090000e+03   1.2000000e+01   2.1000000e+01   1.1000000e+01   1.7000000e+01   2.0000000e+00  -5.3489471e+01  -3.8975531e+01   4.9992958e+02   7.5715821e-02   6.2062786e-01   1.4211616e-01
   2.0090000e+03   1.2000000e+01   2.1000000e+01   1.1000000e+01   1.8000000e+01   3.9000000e+01  -5.3485063e+01  -3.8976834e+01   4.9738919e+02   9.7453115e-01   2.6959595e+00   1.3859694e+00
   2.0090000e+03   1.2000000e+01   2.1000000e+01   1.1000000e+01   2.0000000e+01   1.4999901e+01  -5.3480602e+01  -3.8978121e+01   5.0293469e+02   1.3745339e+00   3.8025340e+00   3.3551943e+00
   2.0090000e+03   1.2000000e+01   2.1000000e+01   1.1000000e+01   2.2000000e+01   2.0000000e+00  -5.3476110e+01  -3.8979486e+01   5.0727642e+02   6.2174570e-01   1.7200079e+00   8.0523928e-01
   2.0090000e+03   1.2000000e+01   2.1000000e+01   1.1000000e+01   2.4000000e+01   1.4000000e+01  -5.3471636e+01  -3.8980869e+01   5.0548086e+02   1.3517380e+00   3.8438212e+00   3.7998483e+00
   2.0090000e+03   1.2000000e+01   2.1000000e+01   1.1000000e+01   2.6000000e+01   5.2000099e+01  -5.3467381e+01  -3.8982110e+01   4.7989274e+02   2.3901566e+00   6.7987343e+00   6.6724980e+00
   2.0090000e+03   1.2000000e+01   2.1000000e+01   1.1000000e+01   2.9000000e+01   3.9000000e+01  -5.3462973e+01  -3.8983532e+01   4.9872824e+02   2.3636363e+00   6.7489141e+00   2.3778332e+00
   2.0090000e+03   1.2000000e+01   2.1000000e+01   1.1000000e+01   3.2000000e+01   2.0000099e+01  -5.3458562e+01  -3.8984824e+01   4.9757696e+02   6.2636286e+00   2.8537267e+01   2.8165053e+01
   2.0090000e+03   1.2000000e+01   2.1000000e+01   1.1000000e+01   3.4000000e+01   5.7000099e+01  -5.3454234e+01  -3.8986189e+01   4.8935860e+02   3.0843586e+00   9.1794895e+00   8.7556491e+00
   2.0090000e+03   1.2000000e+01   2.1000000e+01   1.1000000e+01   3.7000000e+01   1.3000000e+01  -5.3449907e+01  -3.8987625e+01   4.9007024e+02   1.9246975e+00   7.8474664e+00   6.7449003e+00
   2.0090000e+03   1.2000000e+01   2.1000000e+01   1.1000000e+01   3.9000000e+01   6.9999008e+00  -5.3445437e+01  -3.8989070e+01   5.0581245e+02   2.7533876e-01   1.0420089e+00   1.0420089e+00
   2.0090000e+03   1.2000000e+01   2.1000000e+01   1.1000000e+01   4.0000000e+01   5.3000099e+01  -5.3440960e+01  -3.8990489e+01   5.0626953e+02   6.2506335e-01   2.1288621e+00   1.9900066e+00
   2.0090000e+03   1.2000000e+01   2.1000000e+01   1.1000000e+01   4.2000000e+01   3.3000000e+01  -5.3436533e+01  -3.8991871e+01   5.0034964e+02   6.8432449e-01   5.9460719e+00   5.9460719e+00
   2.0090000e+03   1.2000000e+01   2.1000000e+01   1.1000000e+01   4.4000000e+01   1.0000000e+01  -5.3432074e+01  -3.8993166e+01   5.0288676e+02   5.0382652e+00   1.4098430e+01   9.2777078e+00
   2.0090000e+03   1.2000000e+01   2.1000000e+01   1.1000000e+01   4.5000000e+01   4.5000000e+01  -5.3427695e+01  -3.8994504e+01   4.9461818e+02   2.9236130e+00   8.3032933e+00   8.2315964e+00
   2.0090000e+03   1.2000000e+01   2.1000000e+01   1.1000000e+01   4.7000000e+01   2.1000099e+01  -5.3423317e+01  -3.8995898e+01   4.9512170e+02   2.5442977e+00   1.0418306e+01   1.0192034e+01
   2.0090000e+03   1.2000000e+01   2.1000000e+01   1.1000000e+01   4.8000000e+01   5.8000099e+01  -5.3418905e+01  -3.8997228e+01   4.9813471e+02   1.2421295e+00   3.4362483e+00   1.2580400e+00
   2.0090000e+03   1.2000000e+01   2.1000000e+01   1.1000000e+01   5.0000000e+01   3.5000000e+01  -5.3414445e+01  -3.8998561e+01   5.0333398e+02   1.4126753e+00   4.7393838e+00   3.6739201e+00
   2.0090000e+03   1.2000000e+01   2.1000000e+01   1.1000000e+01   5.2000000e+01   1.2000000e+01  -5.3409986e+01  -3.8999890e+01   5.0324870e+02   2.3462150e-01   7.8089640e-01   4.2579259e-01
   2.0090000e+03   1.2000000e+01   2.1000000e+01   1.1000000e+01   5.3000000e+01   4.7000000e+01  -5.3405592e+01  -3.9001259e+01   4.9664491e+02   8.4302858e-01   9.9547690e+00   9.8658788e+00
   2.0090000e+03   1.2000000e+01   2.1000000e+01   1.1000000e+01   5.5000000e+01   2.2999901e+01  -5.3401210e+01  -3.9002676e+01   4.9594784e+02   2.1298540e+00   9.9635116e+00   9.5729498e+00
   2.0090000e+03   1.2000000e+01   2.1000000e+01   1.1000000e+01   5.7000000e+01   0.0000000e+00  -5.3396799e+01  -3.9004069e+01   4.9867912e+02   3.1852277e-01   2.3417756e+00   2.1894629e+00
   2.0090000e+03   1.2000000e+01   2.1000000e+01   1.1000000e+01   5.8000000e+01   3.6000099e+01  -5.3392369e+01  -3.9005482e+01   5.0108877e+02   1.5589640e+00   5.8170444e+00   5.5499886e+00
   2.0090000e+03   1.2000000e+01   2.1000000e+01   1.2000000e+01   0.0000000e+00   1.2000000e+01  -5.3387943e+01  -3.9006806e+01   4.9965433e+02   2.8711651e+00   2.1257680e+01   1.9640969e+01
   2.0090000e+03   1.2000000e+01   2.1000000e+01   1.2000000e+01   1.0000000e+00   4.7000000e+01  -5.3383540e+01  -3.9008133e+01   4.9706374e+02   1.8689220e+00   6.6135338e+00   6.1754975e+00
   2.0090000e+03   1.2000000e+01   2.1000000e+01   1.2000000e+01   3.0000000e+00   2.1000000e+01  -5.3379123e+01  -3.9009418e+01   4.9812464e+02   3.5003396e-01   5.4366241e+00   3.4519349e+00
   2.0090000e+03   1.2000000e+01   2.1000000e+01   1.2000000e+01   4.0000000e+00   5.6000000e+01  -5.3374691e+01  -3.9010712e+01   4.9989700e+02   2.1001312e+00   5.8098385e+00   5.8098385e+00
   2.0090000e+03   1.2000000e+01   2.1000000e+01   1.2000000e+01   6.0000000e+00   3.0000000e+01  -5.3370227e+01  -3.9012014e+01   5.0354876e+02   4.5183614e+00   1.7321000e+01   1.6455068e+01
   2.0090000e+03   1.2000000e+01   2.1000000e+01   1.2000000e+01   8.0000000e+00   5.0000000e+00  -5.3365761e+01  -3.9013295e+01   5.0344874e+02   3.2346228e+00   1.0327628e+01   7.9105757e+00
   2.0090000e+03   1.2000000e+01   2.1000000e+01   1.2000000e+01   9.0000000e+00   4.0000000e+01  -5.3361335e+01  -3.9014527e+01   4.9852810e+02   3.7181918e+00   1.2192154e+01   1.0844518e+01
   2.0090000e+03   1.2000000e+01   2.1000000e+01   1.2000000e+01   1.1000000e+01   1.4000099e+01  -5.3356954e+01  -3.9015733e+01   4.9332039e+02   3.8491943e+00   1.9565650e+01   1.8997720e+01
   2.0090000e+03   1.2000000e+01   2.1000000e+01   1.2000000e+01   1.2000000e+01   5.0000000e+01  -5.3352518e+01  -3.9017022e+01   5.0039327e+02   5.3029687e+00   1.5376329e+01   1.4996941e+01
   2.0090000e+03   1.2000000e+01   2.1000000e+01   1.2000000e+01   1.4000000e+01   2.7000000e+01  -5.3348080e+01  -3.9018599e+01   5.0407278e+02   6.2988302e+00   1.9496078e+01   1.9039720e+01
   2.0090000e+03   1.2000000e+01   2.1000000e+01   1.2000000e+01   1.6000000e+01   2.0000000e+00  -5.3343681e+01  -3.9020084e+01   4.9868939e+02   4.9852431e+00   1.7183791e+01   1.6570314e+01
   2.0090000e+03   1.2000000e+01   2.1000000e+01   1.2000000e+01   1.7000000e+01   3.7000000e+01  -5.3339293e+01  -3.9021469e+01   4.9611648e+02   6.1199838e+00   1.9573866e+01   1.4597397e+01
   2.0090000e+03   1.2000000e+01   2.1000000e+01   1.2000000e+01   1.9000000e+01   1.4000000e+01  -5.3334850e+01  -3.9022796e+01   5.0152443e+02   3.7148006e+00   1.4906143e+01   1.2189328e+01
   2.0090000e+03   1.2000000e+01   2.1000000e+01   1.2000000e+01   2.0000000e+01   5.2000000e+01  -5.3330436e+01  -3.9024066e+01   4.9764969e+02   2.2294218e+00   7.7414832e+00   7.7414832e+00
   2.0090000e+03   1.2000000e+01   2.1000000e+01   1.2000000e+01   2.2000000e+01   3.0000000e+01  -5.3326050e+01  -3.9025353e+01   4.9481430e+02   3.4424719e+00   1.9823274e+01   1.9823274e+01
   2.0090000e+03   1.2000000e+01   2.1000000e+01   1.2000000e+01   2.4000000e+01   9.0000000e+00  -5.3321579e+01  -3.9026700e+01   5.0475694e+02   4.4159910e+00   1.8013025e+01   1.1852586e+01
   2.0090000e+03   1.2000000e+01   2.1000000e+01   1.2000000e+01   2.5000000e+01   4.7000000e+01  -5.3317144e+01  -3.9028047e+01   5.0084114e+02   4.3859310e+00   2.0714789e+01   2.0115835e+01
   2.0090000e+03   1.2000000e+01   2.1000000e+01   1.2000000e+01   2.7000000e+01   2.3000000e+01  -5.3312692e+01  -3.9029393e+01   5.0281537e+02   2.6326134e+00   9.4124354e+00   8.7745710e+00
   2.0090000e+03   1.2000000e+01   2.1000000e+01   1.2000000e+01   2.8000000e+01   5.8999901e+01  -5.3308316e+01  -3.9030712e+01   4.9408329e+02   3.2118105e+00   9.8280809e+00   8.3985345e+00
   2.0090000e+03   1.2000000e+01   2.1000000e+01   1.2000000e+01   3.0000000e+01   3.5000000e+01  -5.3303956e+01  -3.9032197e+01   4.9432404e+02   1.5920846e+00   6.8128747e+00   4.6026368e+00
   2.0090000e+03   1.2000000e+01   2.1000000e+01   1.2000000e+01   3.2000000e+01   1.2000099e+01  -5.3299526e+01  -3.9033692e+01   5.0223681e+02   6.1011263e+00   1.8174899e+01   1.4115276e+01
   2.0090000e+03   1.2000000e+01   2.1000000e+01   1.2000000e+01   3.3000000e+01   5.6000000e+01  -5.3294914e+01  -3.9035221e+01   5.2240440e+02   1.1728726e+00   5.2415653e+00   5.0645847e+00
   2.0090000e+03   1.2000000e+01   2.1000000e+01   1.2000000e+01   3.6000000e+01   6.0000992e+00  -5.3290586e+01  -3.9036699e+01   4.9086074e+02   7.8987600e-01   5.0066673e+00   4.9012236e+00
