   2.0090000e+03   1.2000000e+01   2.3000000e+01   7.0000000e+00   4.1000000e+01   4.4000000e+01  -5.3866145e+01  -3.7728546e+01   4.9889318e+02   3.8214928e-01   1.0571843e+00   5.9212118e-01
   2.0090000e+03   1.2000000e+01   2.3000000e+01   7.0000000e+00   4.4000000e+01   4.0000000e+00  -5.3861797e+01  -3.7729852e+01   4.9061537e+02   9.2572587e-01   1.1274613e+01   1.0994021e+01
   2.0090000e+03   1.2000000e+01   2.3000000e+01   7.0000000e+00   4.6000000e+01   5.0000000e+00  -5.3857404e+01  -3.7731415e+01   4.9877850e+02   3.8306097e-01   1.5167754e+00   1.4103773e+00
   2.0090000e+03   1.2000000e+01   2.3000000e+01   7.0000000e+00   4.7000000e+01   5.1000000e+01  -5.3852946e+01  -3.7733082e+01   5.0735773e+02   2.7030009e-01   7.4776277e-01   4.2338503e-01
   2.0090000e+03   1.2000000e+01   2.3000000e+01   7.0000000e+00   4.9000000e+01   2.9000000e+01  -5.3848561e+01  -3.7734478e+01   4.9573640e+02   2.0299366e-01   7.2347944e-01   6.1137486e-01
   2.0090000e+03   1.2000000e+01   2.3000000e+01   7.0000000e+00   5.1000000e+01   6.0000000e+00  -5.3844123e+01  -3.7735968e+01   5.0274228e+02   9.2621647e-01   2.5623010e+00   4.8810605e-01
   2.0090000e+03   1.2000000e+01   2.3000000e+01   7.0000000e+00   5.2000000e+01   4.4000000e+01  -5.3839662e+01  -3.7737442e+01   5.0507600e+02   2.1180080e-01   7.6884087e-01   4.3267349e-01
   2.0090000e+03   1.2000000e+01   2.3000000e+01   7.0000000e+00   5.4000000e+01   2.1000000e+01  -5.3835280e+01  -3.7738874e+01   4.9588307e+02   3.6511151e-01   1.2710991e+00   8.0675918e-01
   2.0090000e+03   1.2000000e+01   2.3000000e+01   7.0000000e+00   5.5000000e+01   5.7000000e+01  -5.3830860e+01  -3.7740355e+01   5.0064725e+02   6.0062235e-01   1.7003838e+00   6.0818462e-01
   2.0090000e+03   1.2000000e+01   2.3000000e+01   7.0000000e+00   5.7000000e+01   3.7000000e+01  -5.3826460e+01  -3.7741855e+01   4.9868640e+02   7.5878705e-01   2.2881311e+00   1.8774143e+00
   2.0090000e+03   1.2000000e+01   2.3000000e+01   7.0000000e+00   5.9000000e+01   1.4000000e+01  -5.3822090e+01  -3.7743340e+01   4.9528640e+02   6.7279346e-01   2.5976072e+00   2.1884793e+00
   2.0090000e+03   1.2000000e+01   2.3000000e+01   8.0000000e+00   0.0000000e+00   5.0000000e+01  -5.3817655e+01  -3.7744874e+01   5.0302668e+02   3.0787444e+01   1.0469296e+02   1.0429535e+02
   2.0090000e+03   1.2000000e+01   2.3000000e+01   8.0000000e+00   2.0000000e+00   2.5000000e+01  -5.3813296e+01  -3.7746357e+01   4.9405758e+02   1.1444792e+00   3.2232420e+00   2.4912208e+00
   2.0090000e+03   1.2000000e+01   2.3000000e+01   8.0000000e+00   3.0000000e+00   5.9000000e+01  -5.3808873e+01  -3.7747912e+01   5.0194600e+02   1.7376494e+00   4.8267460e+00   2.4764669e+00
   2.0090000e+03   1.2000000e+01   2.3000000e+01   8.0000000e+00   5.0000000e+00   3.5000000e+01  -5.3804477e+01  -3.7749408e+01   4.9823222e+02   2.3905324e+00   6.6132093e+00   6.1588714e+00
   2.0090000e+03   1.2000000e+01   2.3000000e+01   8.0000000e+00   7.0000000e+00   1.3000000e+01  -5.3800059e+01  -3.7750905e+01   5.0064249e+02   2.4813124e+00   1.0310337e+01   9.8137442e+00
   2.0090000e+03   1.2000000e+01   2.3000000e+01   8.0000000e+00   8.0000000e+00   5.1000000e+01  -5.3795662e+01  -3.7752349e+01   4.9772768e+02   2.3293340e+00   1.3924008e+01   1.3364334e+01
   2.0090000e+03   1.2000000e+01   2.3000000e+01   8.0000000e+00   1.0000000e+01   2.9000000e+01  -5.3791265e+01  -3.7753775e+01   4.9745491e+02   1.8748406e+00   2.3082788e+01   2.2520828e+01
   2.0090000e+03   1.2000000e+01   2.3000000e+01   8.0000000e+00   1.2000000e+01   7.0000000e+00  -5.3786820e+01  -3.7755434e+01   5.0575423e+02   2.2888955e+00   3.6060988e+01   3.4905448e+01
   2.0090000e+03   1.2000000e+01   2.3000000e+01   8.0000000e+00   1.3000000e+01   4.4000000e+01  -5.3782420e+01  -3.7757093e+01   5.0097959e+02   2.0931648e+00   1.9207392e+01   1.8926948e+01
   2.0090000e+03   1.2000000e+01   2.3000000e+01   8.0000000e+00   1.5000000e+01   2.0000000e+01  -5.3778056e+01  -3.7758658e+01   4.9561664e+02   9.8203969e-01   2.1764702e+01   2.1467118e+01
   2.0090000e+03   1.2000000e+01   2.3000000e+01   8.0000000e+00   1.6000000e+01   5.8000000e+01  -5.3773607e+01  -3.7760161e+01   5.0419686e+02   8.9964273e-01   1.0198673e+01   8.8014741e+00
   2.0090000e+03   1.2000000e+01   2.3000000e+01   8.0000000e+00   1.8000000e+01   3.6000000e+01  -5.3769251e+01  -3.7761677e+01   4.9413331e+02   1.3134437e+00   1.6199930e+01   1.5078716e+01
   2.0090000e+03   1.2000000e+01   2.3000000e+01   8.0000000e+00   2.0000000e+01   1.3000000e+01  -5.3764876e+01  -3.7763194e+01   4.9630148e+02   1.0424652e+00   1.7324264e+01   1.6614661e+01
   2.0090000e+03   1.2000000e+01   2.3000000e+01   8.0000000e+00   2.1000000e+01   4.9000000e+01  -5.3760452e+01  -3.7764825e+01   5.0312715e+02   2.7864768e+00   1.3779232e+01   1.3779232e+01
   2.0090000e+03   1.2000000e+01   2.3000000e+01   8.0000000e+00   2.3000000e+01   2.3000000e+01  -5.3756050e+01  -3.7766287e+01   4.9843108e+02   2.9689611e+00   1.6216412e+01   1.6216412e+01
   2.0090000e+03   1.2000000e+01   2.3000000e+01   8.0000000e+00   2.5000000e+01   0.0000000e+00  -5.3751624e+01  -3.7767751e+01   5.0117790e+02   3.0206896e+00   1.3474573e+01   1.2874105e+01
   2.0090000e+03   1.2000000e+01   2.3000000e+01   8.0000000e+00   2.6000000e+01   3.8000000e+01  -5.3747243e+01  -3.7769265e+01   4.9688070e+02   2.3622330e+00   1.4506133e+01   1.3424867e+01
   2.0090000e+03   1.2000000e+01   2.3000000e+01   8.0000000e+00   2.8000000e+01   1.5000000e+01  -5.3742845e+01  -3.7770725e+01   4.9798251e+02   1.6459892e+00   1.1556569e+01   1.1356030e+01
   2.0090000e+03   1.2000000e+01   2.3000000e+01   8.0000000e+00   2.9000000e+01   5.3000000e+01  -5.3738400e+01  -3.7772217e+01   5.0357535e+02   1.5192918e+00   5.2112342e+00   5.0025098e+00
   2.0090000e+03   1.2000000e+01   2.3000000e+01   8.0000000e+00   3.1000000e+01   3.1000000e+01  -5.3733997e+01  -3.7773574e+01   4.9738200e+02   1.6521487e+00   6.0381492e+00   4.5889819e+00
   2.0090000e+03   1.2000000e+01   2.3000000e+01   8.0000000e+00   3.3000000e+01   1.1000000e+01  -5.3729585e+01  -3.7774735e+01   4.9618976e+02   2.5841921e+00   8.5317144e+00   5.1528545e+00
   2.0090000e+03   1.2000000e+01   2.3000000e+01   8.0000000e+00   3.4000000e+01   5.3000000e+01  -5.3725192e+01  -3.7776038e+01   4.9561024e+02   1.9827917e+00   9.2783791e+00   6.8956581e+00
   2.0090000e+03   1.2000000e+01   2.3000000e+01   8.0000000e+00   3.6000000e+01   3.4000000e+01  -5.3720724e+01  -3.7777389e+01   5.0435967e+02   1.7310338e+00   6.5570291e+00   4.3311718e+00
   2.0090000e+03   1.2000000e+01   2.3000000e+01   8.0000000e+00   3.8000000e+01   1.3000000e+01  -5.3716310e+01  -3.7778795e+01   4.9912757e+02   2.7108713e+00   7.5137539e+00   7.1847410e+00
   2.0090000e+03   1.2000000e+01   2.3000000e+01   8.0000000e+00   3.9000000e+01   4.9000000e+01  -5.3711897e+01  -3.7780290e+01   5.0003973e+02   1.3341609e+00   3.9389342e+00   3.6813133e+00
   2.0090000e+03   1.2000000e+01   2.3000000e+01   8.0000000e+00   4.1000000e+01   3.0000000e+01  -5.3707387e+01  -3.7781971e+01   5.1324052e+02   1.1884594e+00   5.0756666e+00   4.8940909e+00
   2.0090000e+03   1.2000000e+01   2.3000000e+01   8.0000000e+00   4.3000000e+01   2.9000000e+01  -5.3703029e+01  -3.7783615e+01   4.9624488e+02   9.1024071e-01   3.9750740e+00   3.9596946e+00
   2.0090000e+03   1.2000000e+01   2.3000000e+01   8.0000000e+00   4.5000000e+01   4.9000000e+01  -5.3698685e+01  -3.7785107e+01   4.9250144e+02   8.5708074e-01   3.1456723e+00   3.1322996e+00
   2.0090000e+03   1.2000000e+01   2.3000000e+01   8.0000000e+00   4.8000000e+01   1.7000000e+01  -5.3694330e+01  -3.7786643e+01   4.9442199e+02   6.8750807e-01   2.3071476e+00   1.5735193e+00
   2.0090000e+03   1.2000000e+01   2.3000000e+01   8.0000000e+00   5.0000000e+01   4.9000000e+01  -5.3689955e+01  -3.7788251e+01   4.9751162e+02   1.1565695e+00   3.1995536e+00   1.3612893e+00
   2.0090000e+03   1.2000000e+01   2.3000000e+01   8.0000000e+00   5.3000000e+01   1.4000000e+01  -5.3685696e+01  -3.7789865e+01   4.8503294e+02   7.8159855e-01   2.1730545e+00   2.0958452e+00
   2.0090000e+03   1.2000000e+01   2.3000000e+01   8.0000000e+00   5.5000000e+01   1.9000000e+01  -5.3681283e+01  -3.7791568e+01   5.0303965e+02   5.2240313e-01   1.5736279e+00   1.4337211e+00
   2.0090000e+03   1.2000000e+01   2.3000000e+01   8.0000000e+00   5.7000000e+01   9.0000000e+00  -5.3676852e+01  -3.7793154e+01   5.0333010e+02   3.3346493e-01   1.0916464e+00   7.0326219e-01
   2.0090000e+03   1.2000000e+01   2.3000000e+01   8.0000000e+00   5.8000000e+01   5.1000000e+01  -5.3672453e+01  -3.7794648e+01   4.9857876e+02   3.6331706e-01   1.0050865e+00   2.1343808e-01
   2.0090000e+03   1.2000000e+01   2.3000000e+01   9.0000000e+00   0.0000000e+00   2.8000000e+01  -5.3668018e+01  -3.7796239e+01   5.0383626e+02   5.5100923e-01   1.6086019e+00   1.1425470e+00
   2.0090000e+03   1.2000000e+01   2.3000000e+01   9.0000000e+00   2.0000000e+00   1.0000000e+00  -5.3663625e+01  -3.7797733e+01   4.9796060e+02   5.6558107e-01   1.5646331e+00   1.3236587e+00
   2.0090000e+03   1.2000000e+01   2.3000000e+01   9.0000000e+00   3.0000000e+00   3.5000000e+01  -5.3659238e+01  -3.7799182e+01   4.9674733e+02   6.1310055e-01   2.3867121e+00   2.1672276e+00
   2.0090000e+03   1.2000000e+01   2.3000000e+01   9.0000000e+00   5.0000000e+00   8.0000000e+00  -5.3654808e+01  -3.7800704e+01   5.0227887e+02   6.7680149e-01   2.3134680e+00   1.8276291e+00
   2.0090000e+03   1.2000000e+01   2.3000000e+01   9.0000000e+00   6.0000000e+00   4.4000000e+01  -5.3650394e+01  -3.7802123e+01   4.9929800e+02   7.7875457e-01   2.1543599e+00   1.4783944e+00
   2.0090000e+03   1.2000000e+01   2.3000000e+01   9.0000000e+00   8.0000000e+00   2.3000000e+01  -5.3645950e+01  -3.7803555e+01   5.0280121e+02   1.6739807e+00   4.7594761e+00   4.7594761e+00
   2.0090000e+03   1.2000000e+01   2.3000000e+01   9.0000000e+00   1.0000000e+01   2.0000000e+00  -5.3641566e+01  -3.7804922e+01   4.9541506e+02   9.8017837e-01   3.2320445e+00   2.2217107e+00
   2.0090000e+03   1.2000000e+01   2.3000000e+01   9.0000000e+00   1.1000000e+01   4.1000000e+01  -5.3637212e+01  -3.7806264e+01   4.9184210e+02   1.5363337e+00   4.3999085e+00   4.3999085e+00
   2.0090000e+03   1.2000000e+01   2.3000000e+01   9.0000000e+00   1.3000000e+01   1.8000000e+01  -5.3632754e+01  -3.7807703e+01   5.0428565e+02   1.4593510e+00   4.0371734e+00   4.0371734e+00
   2.0090000e+03   1.2000000e+01   2.3000000e+01   9.0000000e+00   1.4000000e+01   5.0000099e+01  -5.3628329e+01  -3.7809168e+01   5.0108763e+02   9.3209945e-01   2.5785758e+00   2.4644649e+00
   2.0090000e+03   1.2000000e+01   2.3000000e+01   9.0000000e+00   1.6000000e+01   2.1000000e+01  -5.3623943e+01  -3.7810630e+01   4.9691132e+02   6.1383611e-01   1.8819495e+00   1.8307516e+00
   2.0090000e+03   1.2000000e+01   2.3000000e+01   9.0000000e+00   1.7000000e+01   5.5000099e+01  -5.3619504e+01  -3.7812088e+01   5.0253276e+02   1.0063131e+00   2.9001660e+00   2.1109506e+00
   2.0090000e+03   1.2000000e+01   2.3000000e+01   9.0000000e+00   1.9000000e+01   2.9999901e+01  -5.3615078e+01  -3.7813439e+01   4.9979077e+02   1.6847845e+00   4.7803724e+00   2.7157068e+00
   2.0090000e+03   1.2000000e+01   2.3000000e+01   9.0000000e+00   2.1000000e+01   6.0000000e+00  -5.3610686e+01  -3.7814913e+01   4.9758522e+02   2.1200502e+00   5.9150518e+00   5.8677777e+00
   2.0090000e+03   1.2000000e+01   2.3000000e+01   9.0000000e+00   2.2000000e+01   4.1000000e+01  -5.3606275e+01  -3.7816473e+01   5.0082497e+02   5.2522855e-01   1.4983458e+00   1.4983458e+00
   2.0090000e+03   1.2000000e+01   2.3000000e+01   9.0000000e+00   2.4000000e+01   1.4000000e+01  -5.3601883e+01  -3.7818030e+01   4.9871461e+02   2.6916053e-01   1.1665781e+00   1.1665781e+00
   2.0090000e+03   1.2000000e+01   2.3000000e+01   9.0000000e+00   2.5000000e+01   4.8000000e+01  -5.3597486e+01  -3.7819595e+01   4.9938450e+02   3.0393499e-01   1.4815301e+00   1.4815301e+00
   2.0090000e+03   1.2000000e+01   2.3000000e+01   9.0000000e+00   2.7000000e+01   2.1000099e+01  -5.3593052e+01  -3.7821150e+01   5.0327682e+02   2.2262716e-01   6.1587955e-01   5.3560597e-01
   2.0090000e+03   1.2000000e+01   2.3000000e+01   9.0000000e+00   2.8000000e+01   5.3000099e+01  -5.3588690e+01  -3.7822595e+01   4.9401510e+02   1.7627155e-01   4.8764062e-01   4.8764062e-01
   2.0090000e+03   1.2000000e+01   2.3000000e+01   9.0000000e+00   3.0000000e+01   2.6000000e+01  -5.3584307e+01  -3.7823981e+01   4.9551346e+02   1.3011561e+00   4.0044324e+00   2.1648732e+00
   2.0090000e+03   1.2000000e+01   2.3000000e+01   9.0000000e+00   3.1000000e+01   5.9000000e+01  -5.3579900e+01  -3.7825474e+01   4.9944791e+02   1.8680908e-01   8.9090931e-01   8.9090931e-01
   2.0090000e+03   1.2000000e+01   2.3000000e+01   9.0000000e+00   3.3000000e+01   3.5000099e+01  -5.3575459e+01  -3.7826914e+01   5.0265209e+02   1.9433175e-01   6.6420805e-01   6.6420805e-01
   2.0090000e+03   1.2000000e+01   2.3000000e+01   9.0000000e+00   3.5000000e+01   1.2000099e+01  -5.3571016e+01  -3.7828480e+01   5.0430644e+02   1.4482049e-01   6.9638675e-01   5.0722246e-01
   2.0090000e+03   1.2000000e+01   2.3000000e+01   9.0000000e+00   3.6000000e+01   4.9000000e+01  -5.3566653e+01  -3.7829924e+01   4.9418298e+02   2.9036603e-01   1.1166543e+00   1.1166543e+00
   2.0090000e+03   1.2000000e+01   2.3000000e+01   9.0000000e+00   3.8000000e+01   2.9000000e+01  -5.3562207e+01  -3.7831478e+01   5.0454714e+02   4.0938432e-01   2.5772277e+00   1.5333534e+00
   2.0090000e+03   1.2000000e+01   2.3000000e+01   9.0000000e+00   4.0000000e+01   8.9999008e+00  -5.3557842e+01  -3.7832865e+01   4.9353604e+02   2.3438721e-01   6.4841277e-01   6.1573456e-01
   2.0090000e+03   1.2000000e+01   2.3000000e+01   9.0000000e+00   4.1000000e+01   5.0000000e+01  -5.3553435e+01  -3.7834335e+01   4.9926758e+02   2.1449347e-01   6.6885909e-01   6.6885909e-01
   2.0090000e+03   1.2000000e+01   2.3000000e+01   9.0000000e+00   4.3000000e+01   3.0000000e+01  -5.3549051e+01  -3.7835857e+01   4.9736560e+02   3.3810534e-01   1.4470148e+00   1.4470148e+00
   2.0090000e+03   1.2000000e+01   2.3000000e+01   9.0000000e+00   4.5000000e+01   6.9999008e+00  -5.3544654e+01  -3.7837524e+01   5.0088407e+02   2.9089786e-01   1.2315137e+00   8.0474477e-01
   2.0090000e+03   1.2000000e+01   2.3000000e+01   9.0000000e+00   4.6000000e+01   4.3000000e+01  -5.3540215e+01  -3.7839124e+01   5.0439577e+02   7.0868728e-02   4.7402838e-01   2.3704919e-01
   2.0090000e+03   1.2000000e+01   2.3000000e+01   9.0000000e+00   4.8000000e+01   1.9999901e+01  -5.3535898e+01  -3.7840658e+01   4.9033941e+02   6.2239024e-02   1.7217909e-01   0.0000000e+00
   2.0090000e+03   1.2000000e+01   2.3000000e+01   9.0000000e+00   4.9000000e+01   5.6000000e+01  -5.3531448e+01  -3.7842014e+01   5.0252415e+02   3.7724189e-01   3.7889286e+00   2.1118423e+00
   2.0090000e+03   1.2000000e+01   2.3000000e+01   9.0000000e+00   5.1000000e+01   3.2999901e+01  -5.3526949e+01  -3.7843466e+01   5.0901962e+02   2.3287437e-01   1.0509120e+00   6.9350058e-01
   2.0090000e+03   1.2000000e+01   2.3000000e+01   9.0000000e+00   5.3000000e+01   2.4000099e+01  -5.3522505e+01  -3.7844976e+01   5.0381851e+02   8.4458726e-02   3.6018801e-01   3.6018801e-01
   2.0090000e+03   1.2000000e+01   2.3000000e+01   9.0000000e+00   5.5000000e+01   4.2000000e+01  -5.3518011e+01  -3.7846003e+01   5.0399791e+02   6.4636792e-01   2.5810929e+00   7.6149819e-01
   2.0090000e+03   1.2000000e+01   2.3000000e+01   9.0000000e+00   5.8000000e+01   2.7000000e+01  -5.3513871e+01  -3.7847276e+01   4.6763789e+02   7.1534789e-02   2.6485682e-01   7.8529156e-02
   2.0090000e+03   1.2000000e+01   2.3000000e+01   1.0000000e+01   1.0000000e+00   1.2000000e+01  -5.3509508e+01  -3.7848542e+01   4.9196057e+02   6.0223821e-01   2.5057644e+00   1.5001893e+00
   2.0090000e+03   1.2000000e+01   2.3000000e+01   1.0000000e+01   3.0000000e+00   2.1000000e+01  -5.3505093e+01  -3.7850183e+01   5.0240259e+02   1.6465529e+00   4.5550519e+00   2.2234060e+00
   2.0090000e+03   1.2000000e+01   2.3000000e+01   1.0000000e+01   5.0000000e+00   1.0000992e+00  -5.3500648e+01  -3.7851831e+01   5.0588912e+02   3.2756026e-01   1.2267149e+00   1.0273581e+00
   2.0090000e+03   1.2000000e+01   2.3000000e+01   1.0000000e+01   6.0000000e+00   3.4000000e+01  -5.3496259e+01  -3.7853477e+01   4.9965392e+02   1.2337598e+00   4.9278468e+00   2.9964198e+00
   2.0090000e+03   1.2000000e+01   2.3000000e+01   1.0000000e+01   8.0000000e+00   7.0000992e+00  -5.3491840e+01  -3.7855075e+01   5.0222041e+02   1.4686569e+00   4.3384818e+00   3.9885572e+00
   2.0090000e+03   1.2000000e+01   2.3000000e+01   1.0000000e+01   9.0000000e+00   4.1000000e+01  -5.3487403e+01  -3.7856543e+01   5.0251658e+02   4.2437626e-01   2.8951058e+00   2.8951058e+00
   2.0090000e+03   1.2000000e+01   2.3000000e+01   1.0000000e+01   1.1000000e+01   1.5000000e+01  -5.3483022e+01  -3.7857912e+01   4.9520468e+02   8.5976716e-01   4.7991770e+00   4.7991770e+00
   2.0090000e+03   1.2000000e+01   2.3000000e+01   1.0000000e+01   1.2000000e+01   5.1000000e+01  -5.3478611e+01  -3.7859309e+01   4.9878184e+02   8.1328522e-01   2.2498860e+00   5.8826190e-01
   2.0090000e+03   1.2000000e+01   2.3000000e+01   1.0000000e+01   1.4000000e+01   2.8000000e+01  -5.3474094e+01  -3.7860743e+01   5.1075731e+02   4.9105952e-01   3.0968784e+00   3.0968784e+00
   2.0090000e+03   1.2000000e+01   2.3000000e+01   1.0000000e+01   1.6000000e+01   7.0000992e+00  -5.3469800e+01  -3.7862077e+01   4.8528670e+02   7.4930925e-01   2.0729018e+00   1.6393648e+00
   2.0090000e+03   1.2000000e+01   2.3000000e+01   1.0000000e+01   1.7000000e+01   4.4000099e+01  -5.3465420e+01  -3.7863400e+01   4.9446565e+02   4.5310952e-01   1.2534899e+00   1.2534899e+00
   2.0090000e+03   1.2000000e+01   2.3000000e+01   1.0000000e+01   1.9000000e+01   1.7000000e+01  -5.3460986e+01  -3.7864754e+01   5.0077760e+02   1.0321659e+00   2.8554013e+00   9.7541896e-01
   2.0090000e+03   1.2000000e+01   2.3000000e+01   1.0000000e+01   2.0000000e+01   4.9000000e+01  -5.3456505e+01  -3.7866186e+01   5.0694537e+02   4.8327744e+00   1.7477909e+01   1.6783321e+01
   2.0090000e+03   1.2000000e+01   2.3000000e+01   1.0000000e+01   2.2000000e+01   2.2999901e+01  -5.3452142e+01  -3.7867450e+01   4.9197357e+02   5.4967262e+00   1.5346957e+01   6.7088496e+00
   2.0090000e+03   1.2000000e+01   2.3000000e+01   1.0000000e+01   2.3000000e+01   5.9000000e+01  -5.3447701e+01  -3.7868781e+01   5.0122914e+02   1.0679920e+00   3.7595552e+00   2.6202056e+00
   2.0090000e+03   1.2000000e+01   2.3000000e+01   1.0000000e+01   2.5000000e+01   3.4000000e+01  -5.3443251e+01  -3.7870170e+01   5.0295543e+02   1.6606031e+00   4.5939206e+00   3.6641985e+00
   2.0090000e+03   1.2000000e+01   2.3000000e+01   1.0000000e+01   2.7000000e+01   8.0000000e+00  -5.3438831e+01  -3.7871564e+01   4.9970692e+02   5.9515832e-01   1.6464561e+00   1.0759266e+00
   2.0090000e+03   1.2000000e+01   2.3000000e+01   1.0000000e+01   2.8000000e+01   4.3000000e+01  -5.3434418e+01  -3.7872814e+01   4.9731997e+02   4.3765705e-01   1.5384826e+00   1.3906668e+00
   2.0090000e+03   1.2000000e+01   2.3000000e+01   1.0000000e+01   3.0000000e+01   2.1000000e+01  -5.3429993e+01  -3.7874160e+01   4.9973517e+02   6.1437993e-01   1.7726920e+00   1.6470406e+00
   2.0090000e+03   1.2000000e+01   2.3000000e+01   1.0000000e+01   3.1000000e+01   5.7000000e+01  -5.3425567e+01  -3.7875543e+01   5.0030015e+02   9.8209095e-01   2.8196724e+00   2.4394280e+00
   2.0090000e+03   1.2000000e+01   2.3000000e+01   1.0000000e+01   3.3000000e+01   3.1000000e+01  -5.3421158e+01  -3.7876873e+01   4.9780610e+02   1.8169354e+00   1.0128825e+01   7.8162226e+00
   2.0090000e+03   1.2000000e+01   2.3000000e+01   1.0000000e+01   3.5000000e+01   6.0000000e+00  -5.3416708e+01  -3.7878183e+01   5.0198167e+02   1.2981171e+00   5.2023625e+00   5.1088853e+00
   2.0090000e+03   1.2000000e+01   2.3000000e+01   1.0000000e+01   3.6000000e+01   4.0000000e+01  -5.3412344e+01  -3.7879534e+01   4.9313078e+02   4.1644650e+00   1.1802708e+01   1.0215534e+01
   2.0090000e+03   1.2000000e+01   2.3000000e+01   1.0000000e+01   3.8000000e+01   1.1000000e+01  -5.3407940e+01  -3.7881034e+01   4.9930222e+02   1.7574873e+00   4.8619427e+00   4.4013425e+00
   2.0090000e+03   1.2000000e+01   2.3000000e+01   1.0000000e+01   3.9000000e+01   4.2000099e+01  -5.3403540e+01  -3.7882520e+01   4.9875533e+02   8.6474793e+00   2.4002217e+01   3.1911192e+00
   2.0090000e+03   1.2000000e+01   2.3000000e+01   1.0000000e+01   4.1000000e+01   1.4000099e+01  -5.3399082e+01  -3.7884004e+01   5.0509275e+02   2.3639507e+00   6.5396734e+00   5.2482321e+00
   2.0090000e+03   1.2000000e+01   2.3000000e+01   1.0000000e+01   4.2000000e+01   4.5000000e+01  -5.3394713e+01  -3.7885482e+01   4.9518130e+02   7.8779025e-01   2.4896296e+00   2.3884965e+00
   2.0090000e+03   1.2000000e+01   2.3000000e+01   1.0000000e+01   4.4000000e+01   1.8000000e+01  -5.3390304e+01  -3.7886899e+01   4.9890838e+02   8.4538049e-01   2.4352060e+00   2.3386749e+00
   2.0090000e+03   1.2000000e+01   2.3000000e+01   1.0000000e+01   4.5000000e+01   5.1000000e+01  -5.3385903e+01  -3.7888322e+01   4.9799980e+02   1.2616124e+00   5.3602667e+00   4.5118835e+00
   2.0090000e+03   1.2000000e+01   2.3000000e+01   1.0000000e+01   4.7000000e+01   2.5000000e+01  -5.3381516e+01  -3.7889655e+01   4.9546501e+02   1.1572183e+00   4.8482282e+00   3.1283503e+00
   2.0090000e+03   1.2000000e+01   2.3000000e+01   1.0000000e+01   4.8000000e+01   5.9000000e+01  -5.3377053e+01  -3.7891094e+01   5.0495527e+02   1.3752683e+00   5.0278986e+00   4.5328330e+00
   2.0090000e+03   1.2000000e+01   2.3000000e+01   1.0000000e+01   5.0000000e+01   3.4000000e+01  -5.3372627e+01  -3.7892530e+01   5.0099140e+02   1.8733415e+00   5.9508502e+00   5.0243615e+00
   2.0090000e+03   1.2000000e+01   2.3000000e+01   1.0000000e+01   5.2000000e+01   7.0000992e+00  -5.3368199e+01  -3.7893962e+01   5.0110921e+02   5.1482968e+00   2.1893514e+01   1.5014687e+01
   2.0090000e+03   1.2000000e+01   2.3000000e+01   1.0000000e+01   5.3000000e+01   3.9000099e+01  -5.3363823e+01  -3.7895385e+01   4.9529421e+02   1.5026829e+00   6.0210786e+00   5.2049019e+00
   2.0090000e+03   1.2000000e+01   2.3000000e+01   1.0000000e+01   5.5000000e+01   1.1999901e+01  -5.3359460e+01  -3.7896818e+01   4.9414600e+02   1.3461211e+00   4.2776310e+00   3.4805943e+00
   2.0090000e+03   1.2000000e+01   2.3000000e+01   1.0000000e+01   5.6000000e+01   4.4000000e+01  -5.3355026e+01  -3.7898239e+01   5.0159476e+02   2.0662930e+00   5.8496144e+00   4.4945879e+00
   2.0090000e+03   1.2000000e+01   2.3000000e+01   1.0000000e+01   5.8000000e+01   1.6000000e+01  -5.3350584e+01  -3.7899568e+01   5.0137242e+02   3.2335650e+00   9.3192795e+00   8.6196280e+00
   2.0090000e+03   1.2000000e+01   2.3000000e+01   1.0000000e+01   5.9000000e+01   5.2000000e+01  -5.3346101e+01  -3.7901070e+01   5.0800200e+02   1.6032830e+00   5.3699519e+00   4.5622660e+00
   2.0090000e+03   1.2000000e+01   2.3000000e+01   1.1000000e+01   1.0000000e+00   4.6000000e+01  -5.3341679e+01  -3.7902624e+01   5.0212543e+02   1.7017163e+00   7.8287854e+00   7.1498956e+00
   2.0090000e+03   1.2000000e+01   2.3000000e+01   1.1000000e+01   4.0000000e+00   5.0000000e+00  -5.3337288e+01  -3.7903692e+01   4.9306213e+02   7.0373948e-01   3.5905872e+00   1.5796339e+00
   2.0090000e+03   1.2000000e+01   2.3000000e+01   1.1000000e+01   6.0000000e+00   4.6000000e+01  -5.3332994e+01  -3.7904705e+01   4.8179473e+02   1.2030950e-01   5.5645772e-01   2.0618539e-01
   2.0090000e+03   1.2000000e+01   2.3000000e+01   1.1000000e+01   9.0000000e+00   3.4000000e+01  -5.3328558e+01  -3.7906491e+01   5.0695892e+02   1.3276426e+00   4.9316865e+00   3.8429949e+00
   2.0090000e+03   1.2000000e+01   2.3000000e+01   1.1000000e+01   1.2000000e+01   6.0000000e+00  -5.3324401e+01  -3.7907897e+01   4.7131724e+02   2.1807421e+00   7.5834982e+00   3.5610029e+00
   2.0090000e+03   1.2000000e+01   2.3000000e+01   1.1000000e+01   1.4000000e+01   1.0000000e+01  -5.3319962e+01  -3.7909784e+01   5.0893560e+02   8.3571141e+00   2.3390591e+01   2.0507200e+01
   2.0090000e+03   1.2000000e+01   2.3000000e+01   1.1000000e+01   1.5000000e+01   5.3000000e+01  -5.3315526e+01  -3.7911363e+01   5.0390632e+02   3.4063509e+00   1.1524393e+01   9.6531157e+00
   2.0090000e+03   1.2000000e+01   2.3000000e+01   1.1000000e+01   1.7000000e+01   3.2999901e+01  -5.3311134e+01  -3.7913050e+01   5.0077380e+02   1.3035645e+00   5.8064915e+00   4.9276436e+00
   2.0090000e+03   1.2000000e+01   2.3000000e+01   1.1000000e+01   1.9000000e+01   8.0000000e+00  -5.3306695e+01  -3.7914647e+01   5.0444466e+02   5.2629550e-01   7.9670418e+00   6.8051752e+00
   2.0090000e+03   1.2000000e+01   2.3000000e+01   1.1000000e+01   2.0000000e+01   4.4000000e+01  -5.3302342e+01  -3.7916043e+01   4.9252236e+02   1.1239756e+00   6.1762838e+00   4.8634258e+00
   2.0090000e+03   1.2000000e+01   2.3000000e+01   1.1000000e+01   2.2000000e+01   2.3000099e+01  -5.3297928e+01  -3.7917343e+01   4.9805977e+02   2.3174376e+00   8.0048742e+00   5.2177787e+00
   2.0090000e+03   1.2000000e+01   2.3000000e+01   1.1000000e+01   2.4000000e+01   2.0000000e+00  -5.3293555e+01  -3.7918891e+01   4.9665037e+02   2.1608756e+00   6.8994992e+00   5.1748548e+00
   2.0090000e+03   1.2000000e+01   2.3000000e+01   1.1000000e+01   2.5000000e+01   4.1000099e+01  -5.3289128e+01  -3.7920581e+01   5.0460613e+02   2.3314945e+00   8.5414238e+00   7.8322225e+00
   2.0090000e+03   1.2000000e+01   2.3000000e+01   1.1000000e+01   2.7000000e+01   2.1000000e+01  -5.3284719e+01  -3.7922167e+01   5.0110162e+02   2.0884490e+00   5.8164340e+00   5.2139526e+00
   2.0090000e+03   1.2000000e+01   2.3000000e+01   1.1000000e+01   2.9000000e+01   4.0000000e+00  -5.3280325e+01  -3.7923748e+01   4.9947547e+02   2.6527867e+00   8.0328950e+00   7.5292782e+00
   2.0090000e+03   1.2000000e+01   2.3000000e+01   1.1000000e+01   3.0000000e+01   4.4000000e+01  -5.3275959e+01  -3.7925269e+01   4.9557652e+02   1.5171706e+00   4.3196476e+00   2.0492889e+00
   2.0090000e+03   1.2000000e+01   2.3000000e+01   1.1000000e+01   3.2000000e+01   2.0999901e+01  -5.3271580e+01  -3.7926858e+01   4.9785628e+02   1.1256263e+00   3.3691351e+00   2.1954893e+00
   2.0090000e+03   1.2000000e+01   2.3000000e+01   1.1000000e+01   3.3000000e+01   5.4999901e+01  -5.3267209e+01  -3.7928596e+01   4.9932009e+02   1.2336671e+00   3.4128376e+00   3.1278349e+00
   2.0090000e+03   1.2000000e+01   2.3000000e+01   1.1000000e+01   3.5000000e+01   2.9999901e+01  -5.3262798e+01  -3.7930152e+01   5.0094763e+02   2.5654826e-02   1.3731594e+00   1.3469321e+00
   2.0090000e+03   1.2000000e+01   2.3000000e+01   1.1000000e+01   3.7000000e+01   7.9999008e+00  -5.3258386e+01  -3.7931635e+01   4.9998356e+02   8.1582985e-01   2.2569256e+00   2.2569256e+00
   2.0090000e+03   1.2000000e+01   2.3000000e+01   1.1000000e+01   3.8000000e+01   4.7000000e+01  -5.3254034e+01  -3.7933164e+01   4.9423929e+02   1.3248789e+00   4.2325736e+00   3.9980742e+00
   2.0090000e+03   1.2000000e+01   2.3000000e+01   1.1000000e+01   4.0000000e+01   2.7000000e+01  -5.3249593e+01  -3.7934714e+01   5.0412415e+02   9.3916833e-01   3.4127740e+00   3.0476454e+00
   2.0090000e+03   1.2000000e+01   2.3000000e+01   1.1000000e+01   4.2000000e+01   7.0000992e+00  -5.3245178e+01  -3.7936182e+01   5.0012020e+02   1.0003251e+00   2.7841339e+00   2.6720743e+00
   2.0090000e+03   1.2000000e+01   2.3000000e+01   1.1000000e+01   4.3000000e+01   4.4999901e+01  -5.3240770e+01  -3.7937546e+01   4.9821985e+02   1.2690299e+00   4.2681048e+00   2.7419395e+00
   2.0090000e+03   1.2000000e+01   2.3000000e+01   1.1000000e+01   4.5000000e+01   2.3000000e+01  -5.3236389e+01  -3.7938918e+01   4.9532432e+02   2.7944140e+00   8.1505783e+00   7.4737439e+00
   2.0090000e+03   1.2000000e+01   2.3000000e+01   1.1000000e+01   4.7000000e+01   1.0000000e+00  -5.3231967e+01  -3.7940481e+01   5.0222362e+02   4.2298030e+00   1.3037247e+01   5.4493387e+00
   2.0090000e+03   1.2000000e+01   2.3000000e+01   1.1000000e+01   4.8000000e+01   3.8000099e+01  -5.3227577e+01  -3.7942061e+01   4.9903432e+02   1.6105475e+00   5.0092953e+00   3.9808881e+00
   2.0090000e+03   1.2000000e+01   2.3000000e+01   1.1000000e+01   5.0000000e+01   1.5000000e+01  -5.3223154e+01  -3.7943692e+01   5.0322189e+02   2.7927375e+00   8.0578606e+00   3.6277401e+00
   2.0090000e+03   1.2000000e+01   2.3000000e+01   1.1000000e+01   5.1000000e+01   5.3000099e+01  -5.3218833e+01  -3.7945303e+01   4.9202282e+02   1.2370352e+00   3.6971976e+00   3.1038770e+00
   2.0090000e+03   1.2000000e+01   2.3000000e+01   1.1000000e+01   5.3000000e+01   3.1000099e+01  -5.3214470e+01  -3.7946931e+01   4.9674987e+02   8.6215161e-01   3.5937697e+00   3.1079640e+00
   2.0090000e+03   1.2000000e+01   2.3000000e+01   1.1000000e+01   5.5000000e+01   8.9999008e+00  -5.3210085e+01  -3.7948539e+01   4.9889705e+02   8.7234936e-01   2.9607572e+00   2.3706600e+00
   2.0090000e+03   1.2000000e+01   2.3000000e+01   1.1000000e+01   5.6000000e+01   4.9000099e+01  -5.3205632e+01  -3.7950263e+01   5.0798078e+02   1.2606726e+00   9.4841332e+00   8.8527579e+00
   2.0090000e+03   1.2000000e+01   2.3000000e+01   1.1000000e+01   5.8000000e+01   2.9000000e+01  -5.3201303e+01  -3.7951919e+01   4.9345270e+02   1.5317250e+00   6.3580909e+00   3.5268970e+00
   2.0090000e+03   1.2000000e+01   2.3000000e+01   1.2000000e+01   0.0000000e+00   8.0000000e+00  -5.3196889e+01  -3.7953498e+01   5.0165048e+02   4.8297150e-01   2.2944662e+00   1.2530531e+00
   2.0090000e+03   1.2000000e+01   2.3000000e+01   1.2000000e+01   1.0000000e+00   4.6000000e+01  -5.3192576e+01  -3.7955168e+01   4.9190886e+02   1.1399014e+00   3.1534427e+00   3.1534427e+00
   2.0090000e+03   1.2000000e+01   2.3000000e+01   1.2000000e+01   3.0000000e+00   2.4000000e+01  -5.3188167e+01  -3.7956732e+01   5.0095517e+02   9.4104264e-01   2.6033163e+00   2.6033163e+00
   2.0090000e+03   1.2000000e+01   2.3000000e+01   1.2000000e+01   5.0000000e+00   2.0000000e+00  -5.3183758e+01  -3.7958111e+01   4.9843810e+02   5.0222302e-01   1.7760204e+00   1.2254895e+00
   2.0090000e+03   1.2000000e+01   2.3000000e+01   1.2000000e+01   6.0000000e+00   3.7000000e+01  -5.3179293e+01  -3.7959271e+01   5.0214523e+02   6.4623763e-01   3.9815749e+00   3.3054531e+00
   2.0090000e+03   1.2000000e+01   2.3000000e+01   1.2000000e+01   8.0000000e+00   1.4000000e+01  -5.3174934e+01  -3.7960735e+01   4.9407191e+02   1.3086370e+00   4.9400755e+00   4.9400755e+00
   2.0090000e+03   1.2000000e+01   2.3000000e+01   1.2000000e+01   1.0000000e+01   7.0000000e+00  -5.3170289e+01  -3.7962346e+01   5.2715117e+02   1.0590378e+00   6.5938815e+00   5.9905098e+00
   2.0090000e+03   1.2000000e+01   2.3000000e+01   1.2000000e+01   1.2000000e+01   3.0000000e+01  -5.3166219e+01  -3.7963675e+01   4.6080431e+02   6.8145356e-01   1.8891912e+00   1.1981964e+00
