   2.0090000e+03   1.2000000e+01   2.3000000e+01   1.3000000e+01   0.0000000e+00   4.4000000e+01  -5.3152247e+01  -3.7830084e+01   4.9896827e+02   4.7757211e+00   1.4344885e+01   1.3057042e+01
   2.0090000e+03   1.2000000e+01   2.3000000e+01   1.3000000e+01   3.0000000e+00   3.0000000e+01  -5.3156592e+01  -3.7828427e+01   4.9528452e+02   1.4728344e+00   4.5526912e+00   3.1685084e+00
   2.0090000e+03   1.2000000e+01   2.3000000e+01   1.3000000e+01   6.0000000e+00   5.0000000e+00  -5.3160864e+01  -3.7826920e+01   4.8511475e+02   1.4230640e+00   6.4571332e+00   5.8368858e+00
   2.0090000e+03   1.2000000e+01   2.3000000e+01   1.3000000e+01   8.0000000e+00   1.2000000e+01  -5.3165280e+01  -3.7825438e+01   5.0059125e+02   1.4821078e+00   4.5593394e+00   4.0330918e+00
   2.0090000e+03   1.2000000e+01   2.3000000e+01   1.3000000e+01   1.0000000e+01   1.0000000e+00  -5.3169727e+01  -3.7824047e+01   5.0273519e+02   5.9990899e+00   1.8164097e+01   5.9428639e+00
   2.0090000e+03   1.2000000e+01   2.3000000e+01   1.3000000e+01   1.1000000e+01   4.2000000e+01  -5.3174218e+01  -3.7822883e+01   5.0505787e+02   2.7426118e+00   7.5872079e+00   5.6789561e+00
   2.0090000e+03   1.2000000e+01   2.3000000e+01   1.3000000e+01   1.3000000e+01   1.6000000e+01  -5.3178667e+01  -3.7821555e+01   5.0223000e+02   2.1016721e+00   6.6028100e+00   4.1252760e+00
   2.0090000e+03   1.2000000e+01   2.3000000e+01   1.3000000e+01   1.4000000e+01   5.1000000e+01  -5.3183109e+01  -3.7820230e+01   5.0135506e+02   9.2519733e-01   2.5594816e+00   2.1580396e+00
   2.0090000e+03   1.2000000e+01   2.3000000e+01   1.3000000e+01   1.6000000e+01   2.6000000e+01  -5.3187463e+01  -3.7818872e+01   4.9224110e+02   8.4769067e-01   3.5234709e+00   2.5922962e+00
   2.0090000e+03   1.2000000e+01   2.3000000e+01   1.3000000e+01   1.8000000e+01   4.0000000e+00  -5.3191913e+01  -3.7817463e+01   5.0328656e+02   3.1034808e+00   1.0845247e+01   1.0476611e+01
   2.0090000e+03   1.2000000e+01   2.3000000e+01   1.3000000e+01   1.9000000e+01   4.1000000e+01  -5.3196301e+01  -3.7816099e+01   4.9598962e+02   1.3226418e+00   4.6430259e+00   3.7131970e+00
   2.0090000e+03   1.2000000e+01   2.3000000e+01   1.3000000e+01   2.1000000e+01   1.7999901e+01  -5.3200728e+01  -3.7814641e+01   5.0144233e+02   1.8175456e+00   5.0280890e+00   3.5610347e+00
   2.0090000e+03   1.2000000e+01   2.3000000e+01   1.3000000e+01   2.2000000e+01   5.6000000e+01  -5.3205162e+01  -3.7813196e+01   5.0200485e+02   3.2889655e+00   1.2971146e+01   1.2785053e+01
   2.0090000e+03   1.2000000e+01   2.3000000e+01   1.3000000e+01   2.4000000e+01   3.2000000e+01  -5.3209540e+01  -3.7811750e+01   4.9590055e+02   2.8583356e+00   8.3181714e+00   6.7050639e+00
   2.0090000e+03   1.2000000e+01   2.3000000e+01   1.3000000e+01   2.6000000e+01   7.0000000e+00  -5.3213928e+01  -3.7810218e+01   4.9815253e+02   4.2457573e+00   1.3192864e+01   5.7514125e+00
   2.0090000e+03   1.2000000e+01   2.3000000e+01   1.3000000e+01   2.7000000e+01   4.4000000e+01  -5.3218348e+01  -3.7808633e+01   5.0237010e+02   4.7023102e+00   2.1420210e+01   2.0975994e+01
   2.0090000e+03   1.2000000e+01   2.3000000e+01   1.3000000e+01   2.9000000e+01   2.0000000e+01  -5.3222695e+01  -3.7807075e+01   4.9393756e+02   2.3259887e+00   1.2480174e+01   1.1916432e+01
   2.0090000e+03   1.2000000e+01   2.3000000e+01   1.3000000e+01   3.0000000e+01   5.4000000e+01  -5.3227067e+01  -3.7805493e+01   4.9710376e+02   2.2123663e+00   8.9026972e+00   7.6751132e+00
   2.0090000e+03   1.2000000e+01   2.3000000e+01   1.3000000e+01   3.2000000e+01   3.1000000e+01  -5.3231461e+01  -3.7803815e+01   5.0091267e+02   3.1090814e+00   1.5594389e+01   1.1547164e+01
   2.0090000e+03   1.2000000e+01   2.3000000e+01   1.3000000e+01   3.4000000e+01   9.0000000e+00  -5.3235887e+01  -3.7802550e+01   4.9891015e+02   2.6238429e+00   8.8397978e+00   6.4746143e+00
   2.0090000e+03   1.2000000e+01   2.3000000e+01   1.3000000e+01   3.5000000e+01   4.6000000e+01  -5.3240354e+01  -3.7801250e+01   5.0388976e+02   4.3769190e+00   1.7131087e+01   1.6220902e+01
   2.0090000e+03   1.2000000e+01   2.3000000e+01   1.3000000e+01   3.7000000e+01   2.2000000e+01  -5.3244720e+01  -3.7799862e+01   4.9378802e+02   2.2724246e+00   7.2077340e+00   6.0200959e+00
   2.0090000e+03   1.2000000e+01   2.3000000e+01   1.3000000e+01   3.8000000e+01   5.8000000e+01  -5.3249115e+01  -3.7798438e+01   4.9755098e+02   3.3647594e+00   9.5373213e+00   6.1820025e+00
   2.0090000e+03   1.2000000e+01   2.3000000e+01   1.3000000e+01   4.0000000e+01   3.5000000e+01  -5.3253537e+01  -3.7796955e+01   5.0112964e+02   1.7934951e+00   5.1898552e+00   4.5686551e+00
   2.0090000e+03   1.2000000e+01   2.3000000e+01   1.3000000e+01   4.2000000e+01   1.1000000e+01  -5.3257936e+01  -3.7795523e+01   4.9801205e+02   1.7009740e+00   6.7113348e+00   6.1386160e+00
   2.0090000e+03   1.2000000e+01   2.3000000e+01   1.3000000e+01   4.3000000e+01   4.9000000e+01  -5.3262357e+01  -3.7794052e+01   5.0092784e+02   2.2422582e+00   6.2030211e+00   5.5283083e+00
   2.0090000e+03   1.2000000e+01   2.3000000e+01   1.3000000e+01   4.5000000e+01   2.8000099e+01  -5.3266783e+01  -3.7792495e+01   5.0256742e+02   1.8821999e+00   7.8339651e+00   6.1145949e+00
   2.0090000e+03   1.2000000e+01   2.3000000e+01   1.3000000e+01   4.7000000e+01   6.0000992e+00  -5.3271168e+01  -3.7791102e+01   4.9592952e+02   2.6895964e+00   7.5353642e+00   7.5353642e+00
   2.0090000e+03   1.2000000e+01   2.3000000e+01   1.3000000e+01   4.8000000e+01   4.3000099e+01  -5.3275535e+01  -3.7789698e+01   4.9417540e+02   1.3745983e+00   5.0731555e+00   5.0731555e+00
   2.0090000e+03   1.2000000e+01   2.3000000e+01   1.3000000e+01   5.0000000e+01   1.9000000e+01  -5.3279975e+01  -3.7788333e+01   5.0159081e+02   1.4189947e+00   4.5254290e+00   3.1495097e+00
   2.0090000e+03   1.2000000e+01   2.3000000e+01   1.3000000e+01   5.1000000e+01   5.6000099e+01  -5.3284411e+01  -3.7786948e+01   5.0144139e+02   2.4744354e+00   8.3722504e+00   7.7661493e+00
   2.0090000e+03   1.2000000e+01   2.3000000e+01   1.3000000e+01   5.3000000e+01   3.2000000e+01  -5.3288821e+01  -3.7785516e+01   4.9921239e+02   1.9352051e+00   6.2819611e+00   5.8323974e+00
   2.0090000e+03   1.2000000e+01   2.3000000e+01   1.3000000e+01   5.5000000e+01   9.0000992e+00  -5.3293246e+01  -3.7783984e+01   5.0208549e+02   2.7366541e+00   7.6886178e+00   7.5707263e+00
   2.0090000e+03   1.2000000e+01   2.3000000e+01   1.3000000e+01   5.6000000e+01   4.7000000e+01  -5.3297618e+01  -3.7782513e+01   4.9561677e+02   1.5053915e+00   9.5338788e+00   9.0408113e+00
   2.0090000e+03   1.2000000e+01   2.3000000e+01   1.3000000e+01   5.8000000e+01   2.5000000e+01  -5.3301985e+01  -3.7780817e+01   4.9813792e+02   2.2377315e+00   1.1179636e+01   1.0657999e+01
   2.0090000e+03   1.2000000e+01   2.3000000e+01   1.4000000e+01   0.0000000e+00   3.0000000e+00  -5.3306419e+01  -3.7779255e+01   5.0355715e+02   4.0871072e+00   1.3432671e+01   1.3288120e+01
   2.0090000e+03   1.2000000e+01   2.3000000e+01   1.4000000e+01   1.0000000e+00   3.9000099e+01  -5.3310760e+01  -3.7777730e+01   4.9279673e+02   1.6740656e+00   1.0973913e+01   7.4707877e+00
   2.0090000e+03   1.2000000e+01   2.3000000e+01   1.4000000e+01   3.0000000e+00   1.6000000e+01  -5.3315127e+01  -3.7776218e+01   4.9554452e+02   3.9415329e+00   1.1464192e+01   1.1282399e+01
   2.0090000e+03   1.2000000e+01   2.3000000e+01   1.4000000e+01   5.0000000e+00   2.0000000e+00  -5.3319766e+01  -3.7774611e+01   5.2639584e+02   2.1898983e+00   6.2345839e+00   6.2345839e+00
   2.0090000e+03   1.2000000e+01   2.3000000e+01   1.4000000e+01   7.0000000e+00   2.2999901e+01  -5.3324041e+01  -3.7773113e+01   4.8533534e+02   2.7780523e+00   9.5312258e+00   9.0999527e+00
   2.0090000e+03   1.2000000e+01   2.3000000e+01   1.4000000e+01   1.0000000e+01   8.9999008e+00  -5.3328210e+01  -3.7771264e+01   4.7927085e+02   1.2389936e+00   4.6823509e+00   3.5306854e+00
   2.0090000e+03   1.2000000e+01   2.3000000e+01   1.4000000e+01   1.2000000e+01   5.5000000e+01  -5.3332617e+01  -3.7769959e+01   4.9731081e+02   2.0472523e+00   6.7424936e+00   5.8457124e+00
   2.0090000e+03   1.2000000e+01   2.3000000e+01   1.4000000e+01   1.5000000e+01   2.2999901e+01  -5.3336848e+01  -3.7768504e+01   4.7992287e+02   2.6132287e+00   7.4869384e+00   5.3468817e+00
   2.0090000e+03   1.2000000e+01   2.3000000e+01   1.4000000e+01   1.7000000e+01   2.5000000e+01  -5.3341367e+01  -3.7766920e+01   5.1311463e+02   2.1685920e+00   9.1792005e+00   6.1183619e+00
   2.0090000e+03   1.2000000e+01   2.3000000e+01   1.4000000e+01   1.9000000e+01   1.2000000e+01  -5.3345811e+01  -3.7765527e+01   5.0239563e+02   2.8405091e+00   8.3471807e+00   7.6036159e+00
   2.0090000e+03   1.2000000e+01   2.3000000e+01   1.4000000e+01   2.0000000e+01   5.4000000e+01  -5.3350257e+01  -3.7764203e+01   5.0170370e+02   2.3811400e+00   6.6881587e+00   6.4368669e+00
   2.0090000e+03   1.2000000e+01   2.3000000e+01   1.4000000e+01   2.2000000e+01   3.5000099e+01  -5.3354680e+01  -3.7762958e+01   4.9840847e+02   2.9957649e+00   9.7815632e+00   8.8499094e+00
   2.0090000e+03   1.2000000e+01   2.3000000e+01   1.4000000e+01   2.4000000e+01   1.4999901e+01  -5.3359095e+01  -3.7761686e+01   4.9775688e+02   1.5514370e+00   9.8529697e+00   9.8529697e+00
   2.0090000e+03   1.2000000e+01   2.3000000e+01   1.4000000e+01   2.5000000e+01   5.5000000e+01  -5.3363516e+01  -3.7760183e+01   5.0128121e+02   2.2812102e+00   1.3064416e+01   7.7967835e+00
   2.0090000e+03   1.2000000e+01   2.3000000e+01   1.4000000e+01   2.7000000e+01   3.3999901e+01  -5.3367923e+01  -3.7758620e+01   5.0055779e+02   5.1810636e+00   1.8688517e+01   1.8499923e+01
   2.0090000e+03   1.2000000e+01   2.3000000e+01   1.4000000e+01   2.9000000e+01   1.3000000e+01  -5.3372312e+01  -3.7757008e+01   4.9927581e+02   1.9517870e+00   5.3994567e+00   5.3569314e+00
   2.0090000e+03   1.2000000e+01   2.3000000e+01   1.4000000e+01   3.0000000e+01   5.2000099e+01  -5.3376690e+01  -3.7755405e+01   4.9799770e+02   2.3671235e+00   1.2955967e+01   1.2730019e+01
   2.0090000e+03   1.2000000e+01   2.3000000e+01   1.4000000e+01   3.2000000e+01   2.9999901e+01  -5.3381090e+01  -3.7753828e+01   4.9997199e+02   4.4854185e+00   1.5753945e+01   1.4859442e+01
   2.0090000e+03   1.2000000e+01   2.3000000e+01   1.4000000e+01   3.4000000e+01   6.9999008e+00  -5.3385496e+01  -3.7752324e+01   4.9961398e+02   5.5438205e+00   1.8746748e+01   1.8326594e+01
   2.0090000e+03   1.2000000e+01   2.3000000e+01   1.4000000e+01   3.5000000e+01   4.3000000e+01  -5.3389892e+01  -3.7750947e+01   4.9691876e+02   3.4315621e+00   1.1041808e+01   9.6918648e+00
   2.0090000e+03   1.2000000e+01   2.3000000e+01   1.4000000e+01   3.7000000e+01   1.8000000e+01  -5.3394291e+01  -3.7749539e+01   4.9764220e+02   2.5936520e+00   7.3345516e+00   6.9845784e+00
   2.0090000e+03   1.2000000e+01   2.3000000e+01   1.4000000e+01   3.8000000e+01   5.4000000e+01  -5.3398724e+01  -3.7748069e+01   5.0210396e+02   2.8626292e+00   1.1192675e+01   1.0760186e+01
   2.0090000e+03   1.2000000e+01   2.3000000e+01   1.4000000e+01   4.0000000e+01   3.0000000e+01  -5.3403114e+01  -3.7746653e+01   4.9685315e+02   3.0213050e+00   8.3581895e+00   7.8757304e+00
   2.0090000e+03   1.2000000e+01   2.3000000e+01   1.4000000e+01   4.2000000e+01   6.0000000e+00  -5.3407519e+01  -3.7745210e+01   4.9872762e+02   1.1696952e+00   4.6835631e+00   3.8885758e+00
   2.0090000e+03   1.2000000e+01   2.3000000e+01   1.4000000e+01   4.3000000e+01   4.2000099e+01  -5.3411944e+01  -3.7743789e+01   5.0056669e+02   1.9017143e+00   7.7691922e+00   7.0430662e+00
   2.0090000e+03   1.2000000e+01   2.3000000e+01   1.4000000e+01   4.5000000e+01   1.8000000e+01  -5.3416346e+01  -3.7742336e+01   4.9859034e+02   2.3976758e+00   9.7402129e+00   9.1609149e+00
   2.0090000e+03   1.2000000e+01   2.3000000e+01   1.4000000e+01   4.6000000e+01   5.5000000e+01  -5.3420742e+01  -3.7740890e+01   4.9770849e+02   2.6417001e+00   1.0408591e+01   1.0021478e+01
   2.0090000e+03   1.2000000e+01   2.3000000e+01   1.4000000e+01   4.8000000e+01   3.1000099e+01  -5.3425133e+01  -3.7739504e+01   4.9646146e+02   1.9281952e+00   5.3341921e+00   5.1489480e+00
   2.0090000e+03   1.2000000e+01   2.3000000e+01   1.4000000e+01   5.0000000e+01   8.0000000e+00  -5.3429588e+01  -3.7738091e+01   5.0385492e+02   6.0592192e-01   2.5644263e+00   2.2036206e+00
   2.0090000e+03   1.2000000e+01   2.3000000e+01   1.4000000e+01   5.1000000e+01   4.4000099e+01  -5.3433974e+01  -3.7736746e+01   4.9540976e+02   1.0682086e+00   2.9551104e+00   2.0733800e+00
   2.0090000e+03   1.2000000e+01   2.3000000e+01   1.4000000e+01   5.3000000e+01   2.0000000e+01  -5.3438368e+01  -3.7735166e+01   4.9933752e+02   4.6829501e-01   3.4400098e+00   2.7603846e+00
   2.0090000e+03   1.2000000e+01   2.3000000e+01   1.4000000e+01   5.4000000e+01   5.8000000e+01  -5.3442820e+01  -3.7733696e+01   5.0417383e+02   3.7766364e-01   1.8787142e+00   1.6398911e+00
   2.0090000e+03   1.2000000e+01   2.3000000e+01   1.4000000e+01   5.6000000e+01   3.5000000e+01  -5.3447224e+01  -3.7732254e+01   4.9860749e+02   3.7629135e+00   1.0409788e+01   1.2297829e+00
   2.0090000e+03   1.2000000e+01   2.3000000e+01   1.4000000e+01   5.8000000e+01   1.2000099e+01  -5.3451589e+01  -3.7730820e+01   4.9421938e+02   6.0425167e-01   2.0339536e+00   1.8334910e+00
   2.0090000e+03   1.2000000e+01   2.3000000e+01   1.4000000e+01   5.9000000e+01   5.0000099e+01  -5.3456002e+01  -3.7729408e+01   4.9923342e+02   2.0510108e+00   6.6628045e+00   6.5789167e+00
   2.0090000e+03   1.2000000e+01   2.3000000e+01   1.5000000e+01   1.0000000e+00   2.7000099e+01  -5.3460424e+01  -3.7727996e+01   5.0020189e+02   2.1963312e+00   6.2145030e+00   6.0441820e+00
   2.0090000e+03   1.2000000e+01   2.3000000e+01   1.5000000e+01   3.0000000e+00   3.0000000e+00  -5.3464814e+01  -3.7726604e+01   4.9644263e+02   1.9221775e+00   5.3562438e+00   5.0719292e+00
   2.0090000e+03   1.2000000e+01   2.3000000e+01   1.5000000e+01   4.0000000e+00   4.1000000e+01  -5.3469262e+01  -3.7725121e+01   5.0383191e+02   3.1544813e+00   1.1363592e+01   7.6195139e+00
   2.0090000e+03   1.2000000e+01   2.3000000e+01   1.5000000e+01   6.0000000e+00   1.9000000e+01  -5.3473634e+01  -3.7723530e+01   4.9713415e+02   1.1745249e+00   3.8095485e+00   3.3200985e+00
   2.0090000e+03   1.2000000e+01   2.3000000e+01   1.5000000e+01   7.0000000e+00   5.7000000e+01  -5.3478031e+01  -3.7721907e+01   5.0022386e+02   1.4837153e+00   4.1045751e+00   4.0072309e+00
   2.0090000e+03   1.2000000e+01   2.3000000e+01   1.5000000e+01   9.0000000e+00   3.4000000e+01  -5.3482413e+01  -3.7720254e+01   4.9904622e+02   1.3240686e+00   1.4546136e+01   1.4498333e+01
   2.0090000e+03   1.2000000e+01   2.3000000e+01   1.5000000e+01   1.1000000e+01   1.4000099e+01  -5.3486828e+01  -3.7718698e+01   5.0130070e+02   1.0976378e+00   3.0365239e+00   2.7702703e+00
   2.0090000e+03   1.2000000e+01   2.3000000e+01   1.5000000e+01   1.3000000e+01   5.0000000e+00  -5.3491320e+01  -3.7717203e+01   5.0885100e+02   3.0173801e-01   8.3473316e-01   8.3473316e-01
   2.0090000e+03   1.2000000e+01   2.3000000e+01   1.5000000e+01   1.5000000e+01   2.1000000e+01  -5.3495719e+01  -3.7715810e+01   4.9737584e+02   2.6686967e+00   8.0348476e+00   3.5095950e+00
   2.0090000e+03   1.2000000e+01   2.3000000e+01   1.5000000e+01   1.7000000e+01   5.8000000e+01  -5.3499950e+01  -3.7714175e+01   4.8243417e+02   3.0573438e-01   8.4578877e-01   5.1232711e-01
   2.0090000e+03   1.2000000e+01   2.3000000e+01   1.5000000e+01   2.0000000e+01   3.5000000e+01  -5.3504293e+01  -3.7712409e+01   4.9644213e+02   5.6860742e-01   3.0947676e+00   2.9983292e+00
   2.0090000e+03   1.2000000e+01   2.3000000e+01   1.5000000e+01   2.3000000e+01   9.0000000e+00  -5.3508710e+01  -3.7710678e+01   5.0405940e+02   2.7960700e+00   1.0850528e+01   1.6268924e+00
   2.0090000e+03   1.2000000e+01   2.3000000e+01   1.5000000e+01   2.5000000e+01   2.7000000e+01  -5.3512925e+01  -3.7708908e+01   4.8268209e+02   2.2575636e-01   2.0817076e+00   1.4101928e+00
   2.0090000e+03   1.2000000e+01   2.3000000e+01   1.5000000e+01   2.7000000e+01   2.4000000e+01  -5.3517333e+01  -3.7707072e+01   5.0464544e+02   7.5184796e-01   3.0700334e+00   2.9529342e+00
   2.0090000e+03   1.2000000e+01   2.3000000e+01   1.5000000e+01   2.9000000e+01   1.1000099e+01  -5.3521706e+01  -3.7705207e+01   5.0135781e+02   1.7917253e+00   6.7842921e+00   6.7842921e+00
   2.0090000e+03   1.2000000e+01   2.3000000e+01   1.5000000e+01   3.0000000e+01   5.2000000e+01  -5.3526137e+01  -3.7703559e+01   5.0418892e+02   1.2058928e+00   7.4165810e+00   6.4252263e+00
   2.0090000e+03   1.2000000e+01   2.3000000e+01   1.5000000e+01   3.2000000e+01   2.9000000e+01  -5.3530582e+01  -3.7702032e+01   5.0416519e+02   2.8867902e-01   2.8833226e+00   2.0753757e+00
   2.0090000e+03   1.2000000e+01   2.3000000e+01   1.5000000e+01   3.4000000e+01   3.9999008e+00  -5.3534995e+01  -3.7700496e+01   5.0072890e+02   0.0000000e+00   2.0520773e-01   0.0000000e+00
   2.0090000e+03   1.2000000e+01   2.3000000e+01   1.5000000e+01   3.5000000e+01   3.8000000e+01  -5.3539367e+01  -3.7698965e+01   4.9621067e+02   3.1311345e-01   8.6620237e-01   7.1644356e-01
   2.0090000e+03   1.2000000e+01   2.3000000e+01   1.5000000e+01   3.7000000e+01   1.3000099e+01  -5.3543746e+01  -3.7697450e+01   4.9676892e+02   3.1936676e-01   3.8847979e+00   3.8847979e+00
   2.0090000e+03   1.2000000e+01   2.3000000e+01   1.5000000e+01   3.8000000e+01   5.1000000e+01  -5.3548181e+01  -3.7695964e+01   5.0246026e+02   5.1060299e-01   1.4125408e+00   1.2954925e+00
   2.0090000e+03   1.2000000e+01   2.3000000e+01   1.5000000e+01   4.0000000e+01   3.1999901e+01  -5.3552563e+01  -3.7694436e+01   4.9726831e+02   1.4466254e+00   4.0715128e+00   3.2325131e+00
   2.0090000e+03   1.2000000e+01   2.3000000e+01   1.5000000e+01   4.2000000e+01   1.1000000e+01  -5.3556958e+01  -3.7692847e+01   4.9949737e+02   1.1254053e+00   6.4802989e+00   5.9547568e+00
   2.0090000e+03   1.2000000e+01   2.3000000e+01   1.5000000e+01   4.3000000e+01   4.7000000e+01  -5.3561344e+01  -3.7691401e+01   4.9673688e+02   2.3077646e-01   8.2729004e-01   4.4075430e-01
   2.0090000e+03   1.2000000e+01   2.3000000e+01   1.5000000e+01   4.5000000e+01   2.2000099e+01  -5.3565745e+01  -3.7689972e+01   4.9796716e+02   8.9363734e-01   2.7685345e+00   1.9352681e+00
   2.0090000e+03   1.2000000e+01   2.3000000e+01   1.5000000e+01   4.6000000e+01   5.6000000e+01  -5.3570172e+01  -3.7688542e+01   5.0092974e+02   2.2047109e-01   1.1394423e+00   2.3077689e-01
   2.0090000e+03   1.2000000e+01   2.3000000e+01   1.5000000e+01   4.8000000e+01   3.1000000e+01  -5.3574538e+01  -3.7687188e+01   4.9327143e+02   2.5965184e-01   7.1830525e-01   6.8996037e-01
   2.0090000e+03   1.2000000e+01   2.3000000e+01   1.5000000e+01   5.0000000e+01   5.0000000e+00  -5.3579012e+01  -3.7685836e+01   5.0517228e+02   2.0267101e+00   7.6514630e+00   6.1728527e+00
   2.0090000e+03   1.2000000e+01   2.3000000e+01   1.5000000e+01   5.1000000e+01   3.9000000e+01  -5.3583437e+01  -3.7684501e+01   4.9942963e+02   1.6591088e+00   4.6401624e+00   3.6327052e+00
   2.0090000e+03   1.2000000e+01   2.3000000e+01   1.5000000e+01   5.3000000e+01   1.2000000e+01  -5.3587892e+01  -3.7683177e+01   5.0273741e+02   5.1316011e-01   2.8133615e+00   2.8133615e+00
   2.0090000e+03   1.2000000e+01   2.3000000e+01   1.5000000e+01   5.4000000e+01   4.7000099e+01  -5.3592336e+01  -3.7681833e+01   5.0170833e+02   5.8053030e-01   1.8088059e+00   1.7429058e+00
   2.0090000e+03   1.2000000e+01   2.3000000e+01   1.5000000e+01   5.6000000e+01   2.1999901e+01  -5.3596738e+01  -3.7680474e+01   4.9732236e+02   1.7442152e+00   5.1647805e+00   4.6462652e+00
   2.0090000e+03   1.2000000e+01   2.3000000e+01   1.5000000e+01   5.8000000e+01   9.9182129e-05  -5.3601168e+01  -3.7679115e+01   5.0032685e+02   1.3602890e+00   6.8869260e+00   5.8925988e+00
   2.0090000e+03   1.2000000e+01   2.3000000e+01   1.5000000e+01   5.9000000e+01   3.8000099e+01  -5.3605594e+01  -3.7677867e+01   4.9870011e+02   1.8756604e+00   5.1888589e+00   3.8674305e+00
   2.0090000e+03   1.2000000e+01   2.3000000e+01   1.6000000e+01   1.0000000e+00   1.5000099e+01  -5.3610016e+01  -3.7676415e+01   5.0055906e+02   4.9527013e-01   2.2501069e+00   2.0013758e+00
   2.0090000e+03   1.2000000e+01   2.3000000e+01   1.6000000e+01   2.0000000e+00   5.2000000e+01  -5.3614384e+01  -3.7674932e+01   4.9510058e+02   9.9029759e-01   2.7395761e+00   2.6647680e+00
   2.0090000e+03   1.2000000e+01   2.3000000e+01   1.6000000e+01   4.0000000e+00   3.0000000e+01  -5.3618796e+01  -3.7673418e+01   5.0032240e+02   1.1221046e+00   5.0435584e+00   1.8308716e+00
   2.0090000e+03   1.2000000e+01   2.3000000e+01   1.6000000e+01   6.0000000e+00   8.0000000e+00  -5.3623192e+01  -3.7671948e+01   4.9798096e+02   6.9109468e-01   2.1799181e+00   1.5543179e+00
   2.0090000e+03   1.2000000e+01   2.3000000e+01   1.6000000e+01   7.0000000e+00   4.6000000e+01  -5.3627609e+01  -3.7670448e+01   5.0070582e+02   8.9480677e+00   2.4754087e+01   2.4535722e+01
   2.0090000e+03   1.2000000e+01   2.3000000e+01   1.6000000e+01   9.0000000e+00   2.4000000e+01  -5.3632053e+01  -3.7668982e+01   5.0312391e+02   3.9859138e+00   1.2102748e+01   7.6220573e+00
   2.0090000e+03   1.2000000e+01   2.3000000e+01   1.6000000e+01   1.1000000e+01   1.0000000e+00  -5.3636462e+01  -3.7667484e+01   4.9981243e+02   9.5731068e-01   3.3501860e+00   1.4889633e+00
   2.0090000e+03   1.2000000e+01   2.3000000e+01   1.6000000e+01   1.2000000e+01   3.6000000e+01  -5.3640834e+01  -3.7666025e+01   4.9519325e+02   1.8782887e-01   7.2437028e-01   6.3298928e-01
   2.0090000e+03   1.2000000e+01   2.3000000e+01   1.6000000e+01   1.4000000e+01   1.2000000e+01  -5.3645212e+01  -3.7664585e+01   4.9567859e+02   4.0445968e-01   1.1759088e+00   1.1326359e+00
   2.0090000e+03   1.2000000e+01   2.3000000e+01   1.6000000e+01   1.5000000e+01   4.9000000e+01  -5.3649688e+01  -3.7663038e+01   5.0772375e+02   6.2943119e-01   1.7412691e+00   1.6264902e+00
   2.0090000e+03   1.2000000e+01   2.3000000e+01   1.6000000e+01   1.7000000e+01   2.5000000e+01  -5.3654086e+01  -3.7661526e+01   4.9871875e+02   6.5793361e-01   2.1260854e+00   1.3382986e+00
   2.0090000e+03   1.2000000e+01   2.3000000e+01   1.6000000e+01   1.9000000e+01   7.0000000e+00  -5.3658490e+01  -3.7660079e+01   4.9862926e+02   1.9617270e-01   6.9193887e-01   3.1800772e-01
   2.0090000e+03   1.2000000e+01   2.3000000e+01   1.6000000e+01   2.0000000e+01   5.7000000e+01  -5.3662854e+01  -3.7658570e+01   4.9493175e+02   1.4746814e-01   1.0101948e+00   9.9743972e-01
   2.0090000e+03   1.2000000e+01   2.3000000e+01   1.6000000e+01   2.2000000e+01   5.6000000e+01  -5.3667348e+01  -3.7657009e+01   5.0986435e+02   4.6851007e-01   1.2960942e+00   1.1091684e+00
   2.0090000e+03   1.2000000e+01   2.3000000e+01   1.6000000e+01   2.5000000e+01   1.5000000e+01  -5.3671701e+01  -3.7655523e+01   4.9350068e+02   2.2202599e-01   6.1421648e-01   5.4056926e-01
   2.0090000e+03   1.2000000e+01   2.3000000e+01   1.6000000e+01   2.7000000e+01   5.1000000e+01  -5.3675958e+01  -3.7653846e+01   4.8575581e+02   2.2627012e-01   6.6574794e-01   6.2595749e-01
   2.0090000e+03   1.2000000e+01   2.3000000e+01   1.6000000e+01   3.0000000e+01   2.4000000e+01  -5.3680528e+01  -3.7652420e+01   5.1638711e+02   6.4915341e-01   1.7958290e+00   1.3463431e+00
   2.0090000e+03   1.2000000e+01   2.3000000e+01   1.6000000e+01   3.2000000e+01   5.6000000e+01  -5.3684747e+01  -3.7651027e+01   4.7768931e+02   1.9684615e-01   1.2310910e+00   1.1351403e+00
   2.0090000e+03   1.2000000e+01   2.3000000e+01   1.6000000e+01   3.5000000e+01   1.6000000e+01  -5.3689123e+01  -3.7649545e+01   4.9600686e+02   3.4329187e-01   9.4968846e-01   9.3351366e-01
   2.0090000e+03   1.2000000e+01   2.3000000e+01   1.6000000e+01   3.7000000e+01   1.2000000e+01  -5.3693558e+01  -3.7648176e+01   5.0100052e+02   6.6793553e-01   1.9312084e+00   1.8346954e+00
   2.0090000e+03   1.2000000e+01   2.3000000e+01   1.6000000e+01   3.8000000e+01   5.3000000e+01  -5.3698040e+01  -3.7646723e+01   5.0709226e+02   3.6829148e-01   1.1411712e+00   1.1231706e+00
   2.0090000e+03   1.2000000e+01   2.3000000e+01   1.6000000e+01   4.0000000e+01   2.8000000e+01  -5.3702490e+01  -3.7645340e+01   5.0273080e+02   0.0000000e+00   0.0000000e+00   0.0000000e+00
   2.0090000e+03   1.2000000e+01   2.3000000e+01   1.6000000e+01   4.2000000e+01   2.0000000e+00  -5.3706908e+01  -3.7643921e+01   4.9982625e+02   2.9303207e-02   1.7787779e-01   1.7220454e-01
   2.0090000e+03   1.2000000e+01   2.3000000e+01   1.6000000e+01   4.3000000e+01   3.9000000e+01  -5.3711345e+01  -3.7642430e+01   5.0260217e+02   0.0000000e+00   0.0000000e+00   0.0000000e+00
   2.0090000e+03   1.2000000e+01   2.3000000e+01   1.6000000e+01   4.5000000e+01   1.6000000e+01  -5.3715756e+01  -3.7640825e+01   5.0139469e+02   2.5620324e-01   7.0876499e-01   4.6982594e-01
   2.0090000e+03   1.2000000e+01   2.3000000e+01   1.6000000e+01   4.6000000e+01   5.1000000e+01  -5.3720113e+01  -3.7639246e+01   4.9514240e+02   3.5656707e-01   9.8641321e-01   9.8641321e-01
   2.0090000e+03   1.2000000e+01   2.3000000e+01   1.6000000e+01   4.8000000e+01   2.7000000e+01  -5.3724469e+01  -3.7637664e+01   4.9514050e+02   1.6977459e-01   4.6966731e-01   2.2357511e-01
   2.0090000e+03   1.2000000e+01   2.3000000e+01   1.6000000e+01   5.0000000e+01   4.0000000e+00  -5.3728886e+01  -3.7636049e+01   5.0210629e+02   1.7520937e-01   5.0533804e-01   2.2482275e-01
   2.0090000e+03   1.2000000e+01   2.3000000e+01   1.6000000e+01   5.1000000e+01   4.0000000e+01  -5.3733284e+01  -3.7634478e+01   4.9957477e+02   6.0572230e-02   1.6756804e-01   1.4137530e-01
   2.0090000e+03   1.2000000e+01   2.3000000e+01   1.6000000e+01   5.3000000e+01   1.5000000e+01  -5.3737671e+01  -3.7632890e+01   4.9847705e+02   2.2139214e-01   6.1246297e-01   3.7495745e-01
   2.0090000e+03   1.2000000e+01   2.3000000e+01   1.6000000e+01   5.4000000e+01   5.2000000e+01  -5.3742070e+01  -3.7631444e+01   4.9799653e+02   1.0017974e+00   2.7713893e+00   1.7649539e+00
   2.0090000e+03   1.2000000e+01   2.3000000e+01   1.6000000e+01   5.6000000e+01   3.0000000e+01  -5.3746539e+01  -3.7629995e+01   5.0560259e+02   1.0663850e-01   3.1154498e-01   2.5176590e-01
   2.0090000e+03   1.2000000e+01   2.3000000e+01   1.6000000e+01   5.8000000e+01   7.0000992e+00  -5.3750942e+01  -3.7628520e+01   4.9882029e+02   5.0383017e-02   1.8616586e-01   1.1211094e-01
   2.0090000e+03   1.2000000e+01   2.3000000e+01   1.6000000e+01   5.9000000e+01   4.2000000e+01  -5.3755327e+01  -3.7626957e+01   4.9790452e+02   5.9631300e-02   4.5028773e-01   2.0838570e-01
   2.0090000e+03   1.2000000e+01   2.3000000e+01   1.7000000e+01   1.0000000e+00   1.9000000e+01  -5.3759751e+01  -3.7625496e+01   5.0094822e+02   5.9817988e+00   1.6790855e+01   2.4270562e-01
   2.0090000e+03   1.2000000e+01   2.3000000e+01   1.7000000e+01   2.0000000e+00   5.6000000e+01  -5.3764170e+01  -3.7624013e+01   5.0058562e+02   8.0759906e-02   2.3621152e-01   1.7107053e-01
   2.0090000e+03   1.2000000e+01   2.3000000e+01   1.7000000e+01   4.0000000e+00   3.2000000e+01  -5.3768565e+01  -3.7622528e+01   4.9800826e+02   3.8312931e-02   2.3086370e-01   1.5681015e-01
   2.0090000e+03   1.2000000e+01   2.3000000e+01   1.7000000e+01   6.0000000e+00   6.0000992e+00  -5.3772924e+01  -3.7621075e+01   4.9372916e+02   8.6040579e-02   2.3802412e-01   0.0000000e+00
   2.0090000e+03   1.2000000e+01   2.3000000e+01   1.7000000e+01   7.0000000e+00   4.2000000e+01  -5.3777347e+01  -3.7619631e+01   5.0057171e+02   7.3240183e+00   2.0261289e+01   7.3505564e+00
   2.0090000e+03   1.2000000e+01   2.3000000e+01   1.7000000e+01   9.0000000e+00   1.9000000e+01  -5.3781799e+01  -3.7618185e+01   5.0366199e+02   8.3263136e-02   6.4729771e+00   2.3034055e-01
   2.0090000e+03   1.2000000e+01   2.3000000e+01   1.7000000e+01   1.0000000e+01   5.5999901e+01  -5.3786205e+01  -3.7616710e+01   4.9906773e+02   4.8506416e-02   1.3418897e-01   1.1369174e-01
   2.0090000e+03   1.2000000e+01   2.3000000e+01   1.7000000e+01   1.2000000e+01   3.4000099e+01  -5.3790614e+01  -3.7615170e+01   5.0029843e+02   3.7901860e-01   2.1012816e+01   1.0485235e+00
   2.0090000e+03   1.2000000e+01   2.3000000e+01   1.7000000e+01   1.4000000e+01   1.2000000e+01  -5.3795032e+01  -3.7613691e+01   5.0047506e+02   3.4626893e-01   1.3056490e+00   6.7653584e-01
   2.0090000e+03   1.2000000e+01   2.3000000e+01   1.7000000e+01   1.5000000e+01   4.8000000e+01  -5.3799403e+01  -3.7612212e+01   4.9528277e+02   2.8974597e-01   8.7578535e-01   8.3989826e-01
   2.0090000e+03   1.2000000e+01   2.3000000e+01   1.7000000e+01   1.7000000e+01   2.6000000e+01  -5.3803801e+01  -3.7610611e+01   4.9989421e+02   2.3281885e+00   6.5386662e+00   3.0493284e+00
   2.0090000e+03   1.2000000e+01   2.3000000e+01   1.7000000e+01   1.9000000e+01   4.0000992e+00  -5.3808201e+01  -3.7609080e+01   4.9907461e+02   2.9037916e+01   8.0924050e+01   7.5952253e+01
   2.0090000e+03   1.2000000e+01   2.3000000e+01   1.7000000e+01   2.0000000e+01   4.2000000e+01  -5.3812586e+01  -3.7607563e+01   4.9739620e+02   2.4244545e+01   1.1708121e+02   6.5025576e+01
   2.0090000e+03   1.2000000e+01   2.3000000e+01   1.7000000e+01   2.2000000e+01   2.0000000e+01  -5.3816971e+01  -3.7606031e+01   4.9746172e+02   1.2410082e+00   4.8736655e+00   3.0849951e+00
   2.0090000e+03   1.2000000e+01   2.3000000e+01   1.7000000e+01   2.3000000e+01   5.8000000e+01  -5.3821378e+01  -3.7604501e+01   4.9983487e+02   2.8880409e+00   5.6783022e+01   1.6229891e+00
   2.0090000e+03   1.2000000e+01   2.3000000e+01   1.7000000e+01   2.5000000e+01   3.6000000e+01  -5.3825784e+01  -3.7602932e+01   5.0032850e+02   2.0058478e+01   6.6768128e+01   4.8331958e+01
   2.0090000e+03   1.2000000e+01   2.3000000e+01   1.7000000e+01   2.7000000e+01   1.4000000e+01  -5.3830201e+01  -3.7601389e+01   5.0115542e+02   9.0954721e-01   5.3939293e+00   4.7472051e+00
   2.0090000e+03   1.2000000e+01   2.3000000e+01   1.7000000e+01   2.8000000e+01   5.2000000e+01  -5.3834604e+01  -3.7599818e+01   4.9995695e+02   3.6939720e-01   1.0675276e+00   4.9602096e-01
   2.0090000e+03   1.2000000e+01   2.3000000e+01   1.7000000e+01   3.0000000e+01   3.4000000e+01  -5.3839063e+01  -3.7598314e+01   5.0528399e+02   1.7708729e-01   5.5390289e-01   3.5366209e-01
   2.0090000e+03   1.2000000e+01   2.3000000e+01   1.7000000e+01   3.2000000e+01   2.8000000e+01  -5.3843563e+01  -3.7597107e+01   5.0627437e+02   3.1456802e+01   8.7034364e+01   5.1391375e+01
   2.0090000e+03   1.2000000e+01   2.3000000e+01   1.7000000e+01   3.4000000e+01   4.3000000e+01  -5.3847975e+01  -3.7595852e+01   4.9708432e+02   7.8678163e-01   2.3577236e+00   2.6970967e-01
   2.0090000e+03   1.2000000e+01   2.3000000e+01   1.7000000e+01   3.7000000e+01   1.9000000e+01  -5.3852187e+01  -3.7594123e+01   4.8156763e+02   4.2326874e-01   1.2541430e+00   9.3006162e-01
