   2.0100000e+03   1.2000000e+01   2.8000000e+01   1.4000000e+01   4.2000000e+01   1.3000000e+01  -5.3186913e+01  -3.8139611e+01   5.2475546e+02   1.2008655e+01   6.2345811e+01   4.3516081e+01
   2.0100000e+03   1.2000000e+01   2.8000000e+01   1.4000000e+01   4.3000000e+01   5.0000000e+01  -5.3191310e+01  -3.8138425e+01   4.9492287e+02   4.7928389e+00   1.3554630e+01   1.2895541e+01
   2.0100000e+03   1.2000000e+01   2.8000000e+01   1.4000000e+01   4.5000000e+01   2.3000000e+01  -5.3195759e+01  -3.8137108e+01   5.0209039e+02   3.7760483e+00   9.1024915e+00   7.1386728e+00
   2.0100000e+03   1.2000000e+01   2.8000000e+01   1.4000000e+01   4.6000000e+01   5.4000000e+01  -5.3200175e+01  -3.8135673e+01   4.9988136e+02   6.1685424e+00   6.5943181e+00   5.5581009e+00
   2.0100000e+03   1.2000000e+01   2.8000000e+01   1.4000000e+01   4.8000000e+01   2.5000000e+01  -5.3204567e+01  -3.8134102e+01   4.9915026e+02   3.9152806e+00   9.1054868e+00   7.7704505e+00
   2.0100000e+03   1.2000000e+01   2.8000000e+01   1.4000000e+01   4.9000000e+01   5.7000000e+01  -5.3208975e+01  -3.8132581e+01   5.0011663e+02   2.2235061e+00   5.5229725e+00   4.7439688e+00
   2.0100000e+03   1.2000000e+01   2.8000000e+01   1.4000000e+01   5.1000000e+01   3.0000000e+01  -5.3213378e+01  -3.8131033e+01   5.0003227e+02   1.7170880e+00   3.3673971e+00   2.7356558e+00
   2.0100000e+03   1.2000000e+01   2.8000000e+01   1.4000000e+01   5.3000000e+01   2.0000000e+00  -5.3217768e+01  -3.8129486e+01   4.9857391e+02   2.8380036e+00   6.6001410e+00   5.2846685e+00
   2.0100000e+03   1.2000000e+01   2.8000000e+01   1.4000000e+01   5.4000000e+01   3.4000000e+01  -5.3222106e+01  -3.8127922e+01   4.9309735e+02   4.7518923e+00   1.1139273e+01   8.2330722e+00
   2.0100000e+03   1.2000000e+01   2.8000000e+01   1.4000000e+01   5.6000000e+01   5.0000000e+00  -5.3226552e+01  -3.8126414e+01   5.0419763e+02   6.4376734e+00   1.5496987e+01   1.2414725e+01
   2.0100000e+03   1.2000000e+01   2.8000000e+01   1.4000000e+01   5.7000000e+01   3.6000099e+01  -5.3230945e+01  -3.8124867e+01   4.9885956e+02   5.7582248e+00   1.2464336e+01   9.2444968e+00
   2.0100000e+03   1.2000000e+01   2.8000000e+01   1.4000000e+01   5.9000000e+01   1.0000000e+01  -5.3235321e+01  -3.8123476e+01   4.9494760e+02   1.9198952e+00   1.1184626e+01   9.6355644e+00
   2.0100000e+03   1.2000000e+01   2.8000000e+01   1.5000000e+01   0.0000000e+00   4.5000000e+01  -5.3239861e+01  -3.8121960e+01   5.1443750e+02   3.3203069e+00   9.6207544e+00   7.9108693e+00
   2.0100000e+03   1.2000000e+01   2.8000000e+01   1.5000000e+01   2.0000000e+00   2.1000099e+01  -5.3244185e+01  -3.8120572e+01   4.8933644e+02   1.4152743e+00   6.4273246e+00   5.8354721e+00
   2.0100000e+03   1.2000000e+01   2.8000000e+01   1.5000000e+01   3.0000000e+00   5.5000099e+01  -5.3248617e+01  -3.8119133e+01   5.0169689e+02   2.4671188e+00   1.5055825e+01   1.4055345e+01
   2.0100000e+03   1.2000000e+01   2.8000000e+01   1.5000000e+01   5.0000000e+00   2.8000099e+01  -5.3253026e+01  -3.8117857e+01   4.9717670e+02   3.6683377e+00   9.5635065e+00   6.8028947e+00
   2.0100000e+03   1.2000000e+01   2.8000000e+01   1.5000000e+01   7.0000000e+00   9.9990082e-01  -5.3257438e+01  -3.8116560e+01   4.9774338e+02   5.2097972e+00   7.2762860e+00   4.4974486e+00
   2.0100000e+03   1.2000000e+01   2.8000000e+01   1.5000000e+01   8.0000000e+00   3.6000000e+01  -5.3261850e+01  -3.8115145e+01   4.9921074e+02   1.5983682e+00   3.8831768e+00   1.7421802e+00
   2.0100000e+03   1.2000000e+01   2.8000000e+01   1.5000000e+01   1.0000000e+01   1.0000000e+01  -5.3266296e+01  -3.8113704e+01   5.0325234e+02   2.0080047e+00   4.6698723e+00   3.2011089e+00
   2.0100000e+03   1.2000000e+01   2.8000000e+01   1.5000000e+01   1.1000000e+01   4.3000000e+01  -5.3270739e+01  -3.8112205e+01   5.0367748e+02   1.1521652e+00   4.6948585e+00   4.2758631e+00
   2.0100000e+03   1.2000000e+01   2.8000000e+01   1.5000000e+01   1.3000000e+01   1.7000000e+01  -5.3275057e+01  -3.8110763e+01   4.8934930e+02   4.7163025e+00   9.9354088e+00   7.1490175e+00
   2.0100000e+03   1.2000000e+01   2.8000000e+01   1.5000000e+01   1.4000000e+01   5.1000000e+01  -5.3279542e+01  -3.8109287e+01   5.0786137e+02   3.4592423e+00   6.8186157e+00   6.6219844e+00
   2.0100000e+03   1.2000000e+01   2.8000000e+01   1.5000000e+01   1.6000000e+01   2.4999901e+01  -5.3283934e+01  -3.8107809e+01   4.9789018e+02   4.5693614e+00   9.4710247e+00   8.9519879e+00
   2.0100000e+03   1.2000000e+01   2.8000000e+01   1.5000000e+01   1.7000000e+01   5.9000000e+01  -5.3288360e+01  -3.8106357e+01   5.0118200e+02   2.3601727e+00   6.2233635e+00   5.9011986e+00
   2.0100000e+03   1.2000000e+01   2.8000000e+01   1.5000000e+01   1.9000000e+01   3.3000000e+01  -5.3292735e+01  -3.8104921e+01   4.9539179e+02   1.5990391e+00   3.4868502e+00   2.6420120e-01
   2.0100000e+03   1.2000000e+01   2.8000000e+01   1.5000000e+01   2.1000000e+01   8.0000000e+00  -5.3297229e+01  -3.8103458e+01   5.0873110e+02   1.1447293e+00   3.0144977e+00   3.5617203e-01
   2.0100000e+03   1.2000000e+01   2.8000000e+01   1.5000000e+01   2.2000000e+01   4.3000099e+01  -5.3301545e+01  -3.8101997e+01   4.8929996e+02   1.5337064e+00   4.2696285e+00   1.0893078e+00
   2.0100000e+03   1.2000000e+01   2.8000000e+01   1.5000000e+01   2.4000000e+01   1.8000000e+01  -5.3305999e+01  -3.8100628e+01   5.0318237e+02   1.1652916e+00   2.7100350e+00   8.7101824e-01
   2.0100000e+03   1.2000000e+01   2.8000000e+01   1.5000000e+01   2.5000000e+01   5.3000000e+01  -5.3310450e+01  -3.8099172e+01   5.0400955e+02   3.1816847e+00   3.6998115e+00   2.3285754e+00
   2.0100000e+03   1.2000000e+01   2.8000000e+01   1.5000000e+01   2.7000000e+01   2.9000000e+01  -5.3314819e+01  -3.8097697e+01   4.9527860e+02   1.0346953e+00   3.1161807e+00   4.5539777e-01
   2.0100000e+03   1.2000000e+01   2.8000000e+01   1.5000000e+01   2.9000000e+01   6.0000000e+00  -5.3319245e+01  -3.8096248e+01   5.0110712e+02   5.5185930e-01   1.2597584e+00   8.0572287e-01
   2.0100000e+03   1.2000000e+01   2.8000000e+01   1.5000000e+01   3.0000000e+01   4.3000000e+01  -5.3323599e+01  -3.8094822e+01   4.9295916e+02   1.3296358e+00   4.3241829e+00   3.9156965e+00
   2.0100000e+03   1.2000000e+01   2.8000000e+01   1.5000000e+01   3.2000000e+01   1.9000000e+01  -5.3328037e+01  -3.8093378e+01   5.0239131e+02   9.2051210e-01   2.1407688e+00   1.8193042e+00
   2.0100000e+03   1.2000000e+01   2.8000000e+01   1.5000000e+01   3.3000000e+01   5.7000000e+01  -5.3332444e+01  -3.8091839e+01   5.0024697e+02   1.3158558e+00   5.9299060e+00   5.1271029e+00
   2.0100000e+03   1.2000000e+01   2.8000000e+01   1.5000000e+01   3.5000000e+01   3.5000000e+01  -5.3336857e+01  -3.8090362e+01   5.0000379e+02   7.3793984e-01   5.5567308e+00   2.8829212e+00
   2.0100000e+03   1.2000000e+01   2.8000000e+01   1.5000000e+01   3.7000000e+01   1.2000099e+01  -5.3341279e+01  -3.8088872e+01   5.0126821e+02   7.6750794e-01   2.7197914e+00   1.7123394e+00
   2.0100000e+03   1.2000000e+01   2.8000000e+01   1.5000000e+01   3.8000000e+01   4.7000000e+01  -5.3345725e+01  -3.8087386e+01   5.0374093e+02   7.3976544e-01   1.9561295e+01   1.8187063e+01
   2.0100000e+03   1.2000000e+01   2.8000000e+01   1.5000000e+01   4.0000000e+01   2.1000000e+01  -5.3350066e+01  -3.8085953e+01   4.9168827e+02   7.3055086e-01   3.0923557e+00   2.6198533e+00
   2.0100000e+03   1.2000000e+01   2.8000000e+01   1.5000000e+01   4.1000000e+01   5.7000000e+01  -5.3354430e+01  -3.8084577e+01   4.9341450e+02   2.0484563e+00   5.2825459e+00   4.3107208e+00
   2.0100000e+03   1.2000000e+01   2.8000000e+01   1.5000000e+01   4.3000000e+01   3.3000000e+01  -5.3358951e+01  -3.8083099e+01   5.1186956e+02   4.4717866e+00   1.0788874e+01   1.0166011e+01
   2.0100000e+03   1.2000000e+01   2.8000000e+01   1.5000000e+01   4.5000000e+01   9.0000000e+00  -5.3363342e+01  -3.8081636e+01   4.9748465e+02   4.2585133e+00   1.0082266e+01   9.2092266e+00
   2.0100000e+03   1.2000000e+01   2.8000000e+01   1.5000000e+01   4.6000000e+01   4.4000000e+01  -5.3367727e+01  -3.8080234e+01   4.9605731e+02   3.1499665e+00   9.8083371e+00   7.5324673e+00
   2.0100000e+03   1.2000000e+01   2.8000000e+01   1.5000000e+01   4.8000000e+01   1.8000099e+01  -5.3372201e+01  -3.8078854e+01   5.0549722e+02   2.8410315e+00   8.7695309e+00   5.5720707e+00
   2.0100000e+03   1.2000000e+01   2.8000000e+01   1.5000000e+01   4.9000000e+01   5.1000099e+01  -5.3376600e+01  -3.8077432e+01   4.9777499e+02   1.9437205e+00   4.7124415e+00   2.7698197e+00
   2.0100000e+03   1.2000000e+01   2.8000000e+01   1.5000000e+01   5.3000000e+01   4.0000000e+00  -5.3385398e+01  -3.8074620e+01   9.9523441e+02   2.4271071e+00   5.6445486e+00   2.8172586e+00
   2.0100000e+03   1.2000000e+01   2.8000000e+01   1.5000000e+01   5.4000000e+01   4.2000000e+01  -5.3389740e+01  -3.8073169e+01   4.9206996e+02   2.6011365e+00   4.4534659e+00   1.0927304e+00
   2.0100000e+03   1.2000000e+01   2.8000000e+01   1.5000000e+01   5.6000000e+01   1.9000099e+01  -5.3394198e+01  -3.8071674e+01   5.0514382e+02   4.5249563e+00   1.1701675e+01   8.9415502e+00
   2.0100000e+03   1.2000000e+01   2.8000000e+01   1.5000000e+01   5.7000000e+01   5.5000000e+01  -5.3398634e+01  -3.8070236e+01   5.0205768e+02   3.7794306e+00   8.5288654e+00   6.7593768e+00
   2.0100000e+03   1.2000000e+01   2.8000000e+01   1.5000000e+01   5.9000000e+01   3.1000000e+01  -5.3403113e+01  -3.8068794e+01   5.0680719e+02   3.1533654e+00   7.2811564e+00   4.1432083e+00
   2.0100000e+03   1.2000000e+01   2.8000000e+01   1.6000000e+01   1.0000000e+00   7.0000000e+00  -5.3407484e+01  -3.8067362e+01   4.9486393e+02   3.2187785e+00   7.5869574e+00   2.9719002e+00
   2.0100000e+03   1.2000000e+01   2.8000000e+01   1.6000000e+01   2.0000000e+00   4.1000000e+01  -5.3411844e+01  -3.8065961e+01   4.9324449e+02   3.7201685e+00   5.5870152e+00   3.3752698e+00
   2.0100000e+03   1.2000000e+01   2.8000000e+01   1.6000000e+01   4.0000000e+00   1.7000000e+01  -5.3416337e+01  -3.8064477e+01   5.0886625e+02   4.2657584e+00   1.1559528e+01   7.5271444e+00
   2.0100000e+03   1.2000000e+01   2.8000000e+01   1.6000000e+01   7.0000000e+00   2.8000000e+01  -5.3425107e+01  -3.8061596e+01   9.9300506e+02   2.2382353e+00   5.4661537e+00   4.4321575e+00
   2.0100000e+03   1.2000000e+01   2.8000000e+01   1.6000000e+01   9.0000000e+00   3.0000000e+00  -5.3429568e+01  -3.8060166e+01   5.0473912e+02   2.5086504e+00   5.3389743e+00   3.1438319e+00
   2.0100000e+03   1.2000000e+01   2.8000000e+01   1.6000000e+01   1.0000000e+01   3.8000000e+01  -5.3433929e+01  -3.8058745e+01   4.9360197e+02   2.8173186e+00   6.1861226e+00   3.7384024e+00
   2.0100000e+03   1.2000000e+01   2.8000000e+01   1.6000000e+01   1.2000000e+01   1.4000000e+01  -5.3438373e+01  -3.8057364e+01   5.0220495e+02   3.0238311e+00   7.0721952e+00   4.3791928e+00
   2.0100000e+03   1.2000000e+01   2.8000000e+01   1.6000000e+01   1.3000000e+01   5.1000000e+01  -5.3442823e+01  -3.8055865e+01   5.0434646e+02   4.5561935e+00   1.0854671e+01   8.4236533e+00
   2.0100000e+03   1.2000000e+01   2.8000000e+01   1.6000000e+01   1.5000000e+01   2.8000000e+01  -5.3447194e+01  -3.8054415e+01   4.9508504e+02   3.4438287e+00   8.0090651e+00   7.0606172e+00
   2.0100000e+03   1.2000000e+01   2.8000000e+01   1.6000000e+01   1.7000000e+01   6.0000000e+00  -5.3451564e+01  -3.8052989e+01   4.9468426e+02   3.9936476e+00   7.7042944e+00   4.7195980e+00
   2.0100000e+03   1.2000000e+01   2.8000000e+01   1.6000000e+01   1.8000000e+01   4.3000000e+01  -5.3455997e+01  -3.8051559e+01   5.0156183e+02   3.5564813e+00   8.5100785e+00   6.3443978e+00
   2.0100000e+03   1.2000000e+01   2.8000000e+01   1.6000000e+01   2.0000000e+01   2.0000000e+01  -5.3460424e+01  -3.8050211e+01   5.0002433e+02   1.6594521e+00   5.6755239e+00   4.2668846e+00
   2.0100000e+03   1.2000000e+01   2.8000000e+01   1.6000000e+01   2.1000000e+01   5.7000000e+01  -5.3464873e+01  -3.8048781e+01   5.0332177e+02   2.9045402e+00   1.0367404e+01   8.4821438e+00
   2.0100000e+03   1.2000000e+01   2.8000000e+01   1.6000000e+01   2.3000000e+01   3.3000000e+01  -5.3469285e+01  -3.8047420e+01   4.9843022e+02   6.3060356e+00   1.2146068e+01   1.0120163e+01
   2.0100000e+03   1.2000000e+01   2.8000000e+01   1.6000000e+01   2.5000000e+01   1.1000000e+01  -5.3473713e+01  -3.8045953e+01   5.0147313e+02   3.3304840e+00   1.0142035e+01   6.2224273e+00
   2.0100000e+03   1.2000000e+01   2.8000000e+01   1.6000000e+01   2.6000000e+01   5.0000099e+01  -5.3478073e+01  -3.8044484e+01   4.9418173e+02   4.4753720e+00   1.0408051e+01   6.7250483e+00
   2.0100000e+03   1.2000000e+01   2.8000000e+01   1.6000000e+01   2.8000000e+01   2.6000000e+01  -5.3482500e+01  -3.8042976e+01   5.0195618e+02   4.7190789e+00   1.0974823e+01   9.2296101e+00
   2.0100000e+03   1.2000000e+01   2.8000000e+01   1.6000000e+01   3.0000000e+01   1.0000000e+00  -5.3486945e+01  -3.8041493e+01   5.0352976e+02   7.2714413e+00   1.6910669e+01   1.6174107e+01
   2.0100000e+03   1.2000000e+01   2.8000000e+01   1.6000000e+01   3.1000000e+01   3.6000099e+01  -5.3491314e+01  -3.8039975e+01   4.9574131e+02   3.2588579e+00   8.8218527e+00   7.5445558e+00
   2.0100000e+03   1.2000000e+01   2.8000000e+01   1.6000000e+01   3.3000000e+01   1.2000000e+01  -5.3495699e+01  -3.8038534e+01   4.9644901e+02   4.4107435e+00   1.0514019e+01   6.0102953e+00
   2.0100000e+03   1.2000000e+01   2.8000000e+01   1.6000000e+01   3.4000000e+01   4.9000099e+01  -5.3500137e+01  -3.8037098e+01   5.0221161e+02   3.0763385e+00   7.7530290e+00   5.2778385e+00
   2.0100000e+03   1.2000000e+01   2.8000000e+01   1.6000000e+01   3.6000000e+01   2.5000000e+01  -5.3504577e+01  -3.8035667e+01   5.0242072e+02   8.4507367e+00   1.7937274e+01   9.9834226e+00
   2.0100000e+03   1.2000000e+01   2.8000000e+01   1.6000000e+01   3.8000000e+01   2.0000000e+00  -5.3508921e+01  -3.8034218e+01   4.9213334e+02   3.3810597e+00   5.4961889e+00   4.8292948e+00
   2.0100000e+03   1.2000000e+01   2.8000000e+01   1.6000000e+01   3.9000000e+01   4.0000000e+01  -5.3513404e+01  -3.8032698e+01   5.0809532e+02   4.0094758e+00   1.0908674e+01   1.0633957e+01
   2.0100000e+03   1.2000000e+01   2.8000000e+01   1.6000000e+01   4.1000000e+01   1.9000099e+01  -5.3517783e+01  -3.8031205e+01   4.9651829e+02   3.0962808e+00   7.2775561e+00   5.8925670e+00
   2.0100000e+03   1.2000000e+01   2.8000000e+01   1.6000000e+01   4.2000000e+01   5.6000000e+01  -5.3522178e+01  -3.8029712e+01   4.9828819e+02   2.3696769e+00   5.5417709e+00   3.7785476e+00
   2.0100000e+03   1.2000000e+01   2.8000000e+01   1.6000000e+01   4.4000000e+01   3.1000000e+01  -5.3526585e+01  -3.8028271e+01   4.9880042e+02   1.6179921e+00   4.5128962e+00   4.0455671e+00
   2.0100000e+03   1.2000000e+01   2.8000000e+01   1.6000000e+01   4.6000000e+01   6.0000992e+00  -5.3530965e+01  -3.8026687e+01   4.9779859e+02   4.7006864e-01   1.9049056e+00   1.3883632e+00
   2.0100000e+03   1.2000000e+01   2.8000000e+01   1.6000000e+01   4.7000000e+01   4.3000000e+01  -5.3535401e+01  -3.8025120e+01   5.0370812e+02   2.2025562e+00   1.6568054e+00   1.6568054e+00
   2.0100000e+03   1.2000000e+01   2.8000000e+01   1.6000000e+01   4.9000000e+01   2.0000099e+01  -5.3539835e+01  -3.8023526e+01   5.0387348e+02   1.4756189e+00   3.3518662e+00   2.5403112e+00
   2.0100000e+03   1.2000000e+01   2.8000000e+01   1.6000000e+01   5.0000000e+01   5.6000000e+01  -5.3544197e+01  -3.8021912e+01   4.9626545e+02   2.7007744e+00   2.3021939e+00   1.8386066e+00
   2.0100000e+03   1.2000000e+01   2.8000000e+01   1.6000000e+01   5.2000000e+01   3.2000000e+01  -5.3548544e+01  -3.8020330e+01   4.9417774e+02   1.7003540e+00   3.9543911e+00   2.6223691e+00
   2.0100000e+03   1.2000000e+01   2.8000000e+01   1.6000000e+01   5.4000000e+01   8.0000000e+00  -5.3552924e+01  -3.8018744e+01   4.9784950e+02   8.4989852e-01   2.2697184e+00   1.0743560e+00
   2.0100000e+03   1.2000000e+01   2.8000000e+01   1.6000000e+01   5.5000000e+01   4.6000000e+01  -5.3557371e+01  -3.8017180e+01   5.0483705e+02   2.6258369e+00   2.9850450e+00   2.7172969e+00
   2.0100000e+03   1.2000000e+01   2.8000000e+01   1.6000000e+01   5.7000000e+01   2.3000000e+01  -5.3561823e+01  -3.8015543e+01   5.0630504e+02   3.6000040e+01   8.3956964e+01   7.1693953e+01
   2.0100000e+03   1.2000000e+01   2.8000000e+01   1.6000000e+01   5.8000000e+01   5.9000000e+01  -5.3566156e+01  -3.8013943e+01   4.9293452e+02   2.3925291e+00   2.4433115e+00   1.2565477e+00
   2.0100000e+03   1.2000000e+01   2.8000000e+01   1.7000000e+01   0.0000000e+00   3.5000099e+01  -5.3570500e+01  -3.8012375e+01   4.9370594e+02   1.1106174e+00   2.3608971e+00   5.6038483e-01
   2.0100000e+03   1.2000000e+01   2.8000000e+01   1.7000000e+01   2.0000000e+00   1.3000000e+01  -5.3574935e+01  -3.8010767e+01   5.0416121e+02   1.0494453e+00   1.8659603e+00   4.8994633e-01
   2.0100000e+03   1.2000000e+01   2.8000000e+01   1.7000000e+01   3.0000000e+00   4.9999901e+01  -5.3579384e+01  -3.8009273e+01   5.0409463e+02   4.0581210e+00   3.6211412e+00   2.1591323e+00
   2.0100000e+03   1.2000000e+01   2.8000000e+01   1.7000000e+01   5.0000000e+00   2.6000000e+01  -5.3583753e+01  -3.8007807e+01   4.9494650e+02   2.9962710e+00   6.0288757e+00   4.7807376e+00
   2.0100000e+03   1.2000000e+01   2.8000000e+01   1.7000000e+01   7.0000000e+00   1.0000000e+00  -5.3588156e+01  -3.8006603e+01   4.9568425e+02   3.6496969e+00   8.7548468e+00   8.1185000e+00
   2.0100000e+03   1.2000000e+01   2.8000000e+01   1.7000000e+01   8.0000000e+00   3.8000000e+01  -5.3592624e+01  -3.8005306e+01   5.0382093e+02   3.4779621e+00   8.1074545e+00   6.5441031e+00
   2.0100000e+03   1.2000000e+01   2.8000000e+01   1.7000000e+01   1.0000000e+01   1.6000000e+01  -5.3597115e+01  -3.8004036e+01   5.0605991e+02   5.5662706e+00   9.4580891e+00   4.8231256e+00
   2.0100000e+03   1.2000000e+01   2.8000000e+01   1.7000000e+01   1.1000000e+01   5.2000000e+01  -5.3601523e+01  -3.8002751e+01   4.9708715e+02   1.1330450e+01   2.2249337e+01   6.5213506e+00
   2.0100000e+03   1.2000000e+01   2.8000000e+01   1.7000000e+01   1.3000000e+01   2.9000000e+01  -5.3605916e+01  -3.8001416e+01   4.9597308e+02   7.1433719e+00   1.7446322e+01   6.7214743e+00
   2.0100000e+03   1.2000000e+01   2.8000000e+01   1.7000000e+01   1.5000000e+01   6.0000000e+00  -5.3610302e+01  -3.8000017e+01   4.9606203e+02   2.3621908e+03   5.3307705e+03   4.2274600e+03
   2.0100000e+03   1.2000000e+01   2.8000000e+01   1.7000000e+01   1.6000000e+01   4.4000099e+01  -5.3614713e+01  -3.7998669e+01   4.9808846e+02   6.0774973e+00   1.4206391e+01   1.2244270e+01
   2.0100000e+03   1.2000000e+01   2.8000000e+01   1.7000000e+01   1.8000000e+01   2.3000000e+01  -5.3619131e+01  -3.7997217e+01   5.0021634e+02   4.5453926e+00   9.4497430e+00   8.5388352e+00
   2.0100000e+03   1.2000000e+01   2.8000000e+01   1.7000000e+01   2.0000000e+01   3.0000000e+00  -5.3623536e+01  -3.7995785e+01   4.9845789e+02   4.5622194e+00   9.4764673e+00   8.4220466e+00
   2.0100000e+03   1.2000000e+01   2.8000000e+01   1.7000000e+01   2.1000000e+01   4.1000000e+01  -5.3627992e+01  -3.7994323e+01   5.0448951e+02   1.3286227e+01   3.0148550e+01   1.1613570e+01
   2.0100000e+03   1.2000000e+01   2.8000000e+01   1.7000000e+01   2.3000000e+01   1.9000000e+01  -5.3632386e+01  -3.7992803e+01   4.9839487e+02   5.7521098e+00   1.3412821e+01   1.1688616e+01
   2.0100000e+03   1.2000000e+01   2.8000000e+01   1.7000000e+01   2.4000000e+01   5.7000000e+01  -5.3636814e+01  -3.7991230e+01   5.0285695e+02   6.1865350e+00   1.3455421e+01   9.1229637e+00
   2.0100000e+03   1.2000000e+01   2.8000000e+01   1.7000000e+01   2.6000000e+01   3.4000000e+01  -5.3641238e+01  -3.7989691e+01   5.0188789e+02   4.9595449e+00   9.6268760e+00   5.6380765e+00
   2.0100000e+03   1.2000000e+01   2.8000000e+01   1.7000000e+01   2.8000000e+01   9.0000000e+00  -5.3645606e+01  -3.7988164e+01   4.9568141e+02   4.5231442e+00   1.0519152e+01   6.4424778e+00
   2.0100000e+03   1.2000000e+01   2.8000000e+01   1.7000000e+01   2.9000000e+01   4.5000000e+01  -5.3650022e+01  -3.7986745e+01   4.9954422e+02   3.9854538e+00   9.0591944e+00   4.6209429e+00
   2.0100000e+03   1.2000000e+01   2.8000000e+01   1.7000000e+01   3.1000000e+01   2.1000000e+01  -5.3654468e+01  -3.7985366e+01   5.0237854e+02   4.5126427e+00   9.1341791e+00   3.4092284e+00
   2.0100000e+03   1.2000000e+01   2.8000000e+01   1.7000000e+01   3.2000000e+01   5.5000099e+01  -5.3658870e+01  -3.7983988e+01   4.9742013e+02   2.2276013e+00   5.6782404e+00   3.4795252e+00
   2.0100000e+03   1.2000000e+01   2.8000000e+01   1.7000000e+01   3.4000000e+01   3.0000000e+01  -5.3663345e+01  -3.7982607e+01   5.0552236e+02   3.2264967e+00   7.0012443e+00   4.0402489e+00
   2.0100000e+03   1.2000000e+01   2.8000000e+01   1.7000000e+01   3.6000000e+01   6.0000000e+00  -5.3667765e+01  -3.7981281e+01   4.9889244e+02   3.8036026e+00   8.8063396e+00   6.1598112e+00
   2.0100000e+03   1.2000000e+01   2.8000000e+01   1.7000000e+01   3.7000000e+01   4.1000000e+01  -5.3672103e+01  -3.7979929e+01   4.9015598e+02   4.0217349e+00   9.5812429e+00   7.2477955e+00
   2.0100000e+03   1.2000000e+01   2.8000000e+01   1.7000000e+01   3.9000000e+01   1.7000000e+01  -5.3676540e+01  -3.7978552e+01   5.0128767e+02   3.8693238e+00   8.9986083e+00   8.0997898e+00
   2.0100000e+03   1.2000000e+01   2.8000000e+01   1.7000000e+01   4.0000000e+01   5.4000000e+01  -5.3681015e+01  -3.7977154e+01   5.0575201e+02   4.9974192e+00   1.0540112e+01   5.7223005e+00
   2.0100000e+03   1.2000000e+01   2.8000000e+01   1.7000000e+01   4.2000000e+01   3.1000000e+01  -5.3685417e+01  -3.7975716e+01   4.9814793e+02   6.4291435e+00   1.4951797e+01   3.8589118e+00
   2.0100000e+03   1.2000000e+01   2.8000000e+01   1.7000000e+01   4.4000000e+01   6.0000000e+00  -5.3689792e+01  -3.7974300e+01   4.9509311e+02   4.6660323e+00   9.0479716e+00   1.6477927e+00
   2.0100000e+03   1.2000000e+01   2.8000000e+01   1.7000000e+01   4.5000000e+01   4.2000000e+01  -5.3694258e+01  -3.7972812e+01   5.0579109e+02   3.0153034e+00   4.9636935e+00   4.7549728e+00
   2.0100000e+03   1.2000000e+01   2.8000000e+01   1.7000000e+01   4.7000000e+01   1.7000000e+01  -5.3698675e+01  -3.7971363e+01   4.9995778e+02   2.2579867e+00   3.5401035e+00   1.5314151e+00
   2.0100000e+03   1.2000000e+01   2.8000000e+01   1.7000000e+01   4.8000000e+01   5.0000000e+01  -5.3703045e+01  -3.7969915e+01   4.9488174e+02   6.2190386e+00   2.1879928e+00   2.9656903e-01
   2.0100000e+03   1.2000000e+01   2.8000000e+01   1.7000000e+01   5.0000000e+01   2.3000000e+01  -5.3707433e+01  -3.7968429e+01   4.9726790e+02   1.6399687e+00   3.1486539e+00   2.3291467e+00
   2.0100000e+03   1.2000000e+01   2.8000000e+01   1.7000000e+01   5.1000000e+01   5.7000000e+01  -5.3711902e+01  -3.7966919e+01   5.0649570e+02   3.9858799e+00   5.8185108e+00   3.3027385e+00
   2.0100000e+03   1.2000000e+01   2.8000000e+01   1.7000000e+01   5.3000000e+01   3.2000000e+01  -5.3716282e+01  -3.7965327e+01   4.9777862e+02   6.6085702e+00   7.2895548e+00   5.6264481e+00
   2.0100000e+03   1.2000000e+01   2.8000000e+01   1.7000000e+01   5.5000000e+01   8.0000000e+00  -5.3720639e+01  -3.7963722e+01   4.9556643e+02   5.1398938e+00   2.1135197e+00   7.4572827e-01
   2.0100000e+03   1.2000000e+01   2.8000000e+01   1.7000000e+01   5.6000000e+01   4.3000000e+01  -5.3725067e+01  -3.7962180e+01   5.0237978e+02   2.8318452e+00   4.3090246e+00   1.2597150e+00
   2.0100000e+03   1.2000000e+01   2.8000000e+01   1.7000000e+01   5.8000000e+01   1.6000000e+01  -5.3729385e+01  -3.7960574e+01   4.9128830e+02   7.2508215e+01   6.0335443e+01   5.8711222e+01
   2.0100000e+03   1.2000000e+01   2.8000000e+01   1.7000000e+01   5.9000000e+01   5.1000000e+01  -5.3733795e+01  -3.7958977e+01   5.0111951e+02   1.6531438e+03   1.6811379e+03   1.6782322e+03
   2.0100000e+03   1.2000000e+01   2.8000000e+01   1.8000000e+01   1.0000000e+00   2.6000000e+01  -5.3738273e+01  -3.7957282e+01   5.0997124e+02   1.2413517e+03   5.2140670e+00   5.2140670e+00
   2.0100000e+03   1.2000000e+01   2.8000000e+01   1.8000000e+01   3.0000000e+00   1.0000000e+00  -5.3742593e+01  -3.7955692e+01   4.9122528e+02   3.1458725e+03   3.6778435e+03   3.6774872e+03
   2.0100000e+03   1.2000000e+01   2.8000000e+01   1.8000000e+01   4.0000000e+00   3.4000000e+01  -5.3747028e+01  -3.7954193e+01   5.0259996e+02   3.0969118e+03   1.7780135e+03   1.7736233e+03
   2.0100000e+03   1.2000000e+01   2.8000000e+01   1.8000000e+01   6.0000000e+00   8.0000000e+00  -5.3751413e+01  -3.7952616e+01   4.9811883e+02   2.6275784e+03   4.2387058e+00   2.7445604e+00
   2.0100000e+03   1.2000000e+01   2.8000000e+01   1.8000000e+01   7.0000000e+00   4.4000000e+01  -5.3755890e+01  -3.7950975e+01   5.0906264e+02   1.4945739e+03   6.2189622e+00   5.7616153e+00
   2.0100000e+03   1.2000000e+01   2.8000000e+01   1.8000000e+01   9.0000000e+00   1.9000000e+01  -5.3760253e+01  -3.7949446e+01   4.9509962e+02   4.0916706e+02   1.5883008e+02   4.2404070e+00
   2.0100000e+03   1.2000000e+01   2.8000000e+01   1.8000000e+01   1.0000000e+01   5.2000099e+01  -5.3764661e+01  -3.7947930e+01   4.9985557e+02   2.8938262e+02   8.5051397e+01   2.1228001e+00
   2.0100000e+03   1.2000000e+01   2.8000000e+01   1.8000000e+01   1.2000000e+01   2.6000000e+01  -5.3769026e+01  -3.7946330e+01   4.9630315e+02   1.6908090e+02   1.3892427e+02   7.1385566e+00
   2.0100000e+03   1.2000000e+01   2.8000000e+01   1.8000000e+01   1.4000000e+01   2.0000000e+00  -5.3773397e+01  -3.7944738e+01   4.9676311e+02   8.1975992e+01   1.8831922e+02   3.4393427e+00
   2.0100000e+03   1.2000000e+01   2.8000000e+01   1.8000000e+01   1.5000000e+01   3.8000099e+01  -5.3777872e+01  -3.7943229e+01   5.0704827e+02   1.0705388e+02   2.4861598e+02   1.0457276e+00
   2.0100000e+03   1.2000000e+01   2.8000000e+01   1.8000000e+01   1.6000000e+01   5.4000000e+01  -5.3781394e+01  -3.7942033e+01   3.9919982e+02   1.4783575e+02   3.4054553e+02   1.8920904e+00
   2.0100000e+03   1.2000000e+01   2.8000000e+01   1.8000000e+01   2.1000000e+01   2.2000000e+01  -5.3793746e+01  -3.7937837e+01   1.3998980e+03   6.9612963e+01   1.6079066e+02   2.5641823e+00
   2.0100000e+03   1.2000000e+01   2.8000000e+01   1.8000000e+01   2.8000000e+01   4.9000000e+01  -5.3814378e+01  -3.7930926e+01   2.3370793e+03   3.9192997e+01   8.9991211e+01   2.4807802e+00
   2.0100000e+03   1.2000000e+01   2.8000000e+01   1.8000000e+01   2.9000000e+01   5.7000000e+01  -5.3817549e+01  -3.7929911e+01   3.5853246e+02   5.1911382e+01   1.1567014e+02   4.9875778e+00
   2.0100000e+03   1.2000000e+01   2.8000000e+01   1.8000000e+01   3.1000000e+01   3.2000000e+01  -5.3821934e+01  -3.7928481e+01   4.9624785e+02   2.9690948e+01   6.5161151e+01   5.5673955e-01
   2.0100000e+03   1.2000000e+01   2.8000000e+01   1.8000000e+01   3.3000000e+01   7.0000000e+00  -5.3826378e+01  -3.7927051e+01   5.0270435e+02   4.5630472e+01   1.0160135e+02   1.0265081e+00
   2.0100000e+03   1.2000000e+01   2.8000000e+01   1.8000000e+01   3.4000000e+01   4.3000000e+01  -5.3830838e+01  -3.7925648e+01   5.0398649e+02   2.4372152e+01   4.7357184e+01   2.9156767e-01
