   2.0100000e+03   1.2000000e+01   2.7000000e+01   9.0000000e+00   2.7000000e+01   4.2000000e+01  -5.3288436e+01  -3.9037511e+01   5.0583237e+02   3.2713132e+00   6.6474536e+00   5.7870509e+00
   2.0100000e+03   1.2000000e+01   2.7000000e+01   9.0000000e+00   2.9000000e+01   5.1000000e+01  -5.3293031e+01  -3.9036033e+01   5.1999996e+02   8.2055247e+00   1.9082999e+01   1.3174738e+01
   2.0100000e+03   1.2000000e+01   2.7000000e+01   9.0000000e+00   3.2000000e+01   1.0000000e+00  -5.3297336e+01  -3.9034784e+01   4.8542250e+02   7.5881276e+00   1.6089814e+01   1.6089814e+01
   2.0100000e+03   1.2000000e+01   2.7000000e+01   9.0000000e+00   3.4000000e+01   7.0000992e+00  -5.3301581e+01  -3.9033557e+01   4.7870274e+02   1.1493418e+01   3.8811202e+01   3.6624154e+01
   2.0100000e+03   1.2000000e+01   2.7000000e+01   9.0000000e+00   3.5000000e+01   5.5000000e+01  -5.3306151e+01  -3.9032151e+01   5.1633481e+02   1.1598840e+01   2.0839526e+01   1.5162409e+01
   2.0100000e+03   1.2000000e+01   2.7000000e+01   9.0000000e+00   3.7000000e+01   2.8000000e+01  -5.3310680e+01  -3.9030785e+01   5.1137115e+02   8.3612326e+00   2.7508078e+01   2.4797454e+01
   2.0100000e+03   1.2000000e+01   2.7000000e+01   9.0000000e+00   3.9000000e+01   2.0000000e+00  -5.3315076e+01  -3.9029462e+01   4.9635858e+02   5.4639715e+00   1.3044078e+01   1.3044078e+01
   2.0100000e+03   1.2000000e+01   2.7000000e+01   9.0000000e+00   4.0000000e+01   3.9000000e+01  -5.3319532e+01  -3.9028113e+01   5.0318291e+02   2.9931444e+00   8.2972268e+00   2.3880494e+00
   2.0100000e+03   1.2000000e+01   2.7000000e+01   9.0000000e+00   4.2000000e+01   1.8000099e+01  -5.3323895e+01  -3.9026840e+01   4.9211542e+02   6.0872329e+00   1.4088342e+01   1.8426903e+00
   2.0100000e+03   1.2000000e+01   2.7000000e+01   9.0000000e+00   4.3000000e+01   5.4000000e+01  -5.3328340e+01  -3.9025494e+01   5.0188658e+02   1.2504274e+01   2.7968904e+01   2.7894707e+01
   2.0100000e+03   1.2000000e+01   2.7000000e+01   9.0000000e+00   4.5000000e+01   3.2000099e+01  -5.3332696e+01  -3.9024205e+01   4.9156401e+02   1.6371772e+01   3.2338843e+01   3.1920027e+01
   2.0100000e+03   1.2000000e+01   2.7000000e+01   9.0000000e+00   4.7000000e+01   1.0000000e+01  -5.3337107e+01  -3.9022907e+01   4.9763647e+02   1.2014902e+01   2.7942195e+01   2.7169649e+01
   2.0100000e+03   1.2000000e+01   2.7000000e+01   9.0000000e+00   4.8000000e+01   4.9000000e+01  -5.3341548e+01  -3.9021520e+01   5.0201155e+02   9.5655679e+00   2.2594541e+01   2.1281311e+01
   2.0100000e+03   1.2000000e+01   2.7000000e+01   9.0000000e+00   5.0000000e+01   2.6000099e+01  -5.3346028e+01  -3.9020192e+01   5.0562347e+02   7.6389551e+00   1.7449249e+01   1.6756740e+01
   2.0100000e+03   1.2000000e+01   2.7000000e+01   9.0000000e+00   5.2000000e+01   2.0000000e+00  -5.3350459e+01  -3.9018833e+01   5.0051449e+02   4.5184368e+00   1.5894325e+01   1.5631348e+01
   2.0100000e+03   1.2000000e+01   2.7000000e+01   9.0000000e+00   5.3000000e+01   3.6000000e+01  -5.3354864e+01  -3.9017541e+01   4.9687563e+02   2.3674025e+00   1.6369824e+01   1.5688283e+01
   2.0100000e+03   1.2000000e+01   2.7000000e+01   9.0000000e+00   5.5000000e+01   1.0000000e+01  -5.3359309e+01  -3.9016116e+01   5.0288528e+02   4.4092905e+00   1.4011726e+01   1.1665802e+01
   2.0100000e+03   1.2000000e+01   2.7000000e+01   9.0000000e+00   5.6000000e+01   4.4000000e+01  -5.3363688e+01  -3.9014721e+01   4.9532182e+02   8.3042681e+00   1.7168991e+01   1.6256115e+01
   2.0100000e+03   1.2000000e+01   2.7000000e+01   9.0000000e+00   5.8000000e+01   1.9999901e+01  -5.3368107e+01  -3.9013270e+01   5.0044563e+02   7.2944033e+00   1.6964070e+01   1.5566973e+01
   2.0100000e+03   1.2000000e+01   2.7000000e+01   9.0000000e+00   5.9000000e+01   5.6000000e+01  -5.3372589e+01  -3.9011896e+01   5.0629406e+02   7.4232418e+00   1.7983757e+01   1.7910585e+01
   2.0100000e+03   1.2000000e+01   2.7000000e+01   1.0000000e+01   1.0000000e+00   3.1000000e+01  -5.3376932e+01  -3.9010446e+01   4.9202851e+02   6.6839282e+00   1.6811700e+01   1.3235496e+01
   2.0100000e+03   1.2000000e+01   2.7000000e+01   1.0000000e+01   3.0000000e+00   8.0000000e+00  -5.3381277e+01  -3.9008952e+01   4.9290550e+02   5.9066160e+00   2.6907801e+01   2.6765850e+01
   2.0100000e+03   1.2000000e+01   2.7000000e+01   1.0000000e+01   4.0000000e+00   4.4000000e+01  -5.3385720e+01  -3.9007445e+01   5.0366633e+02   1.8238691e+03   4.2473783e+03   3.9898177e+03
   2.0100000e+03   1.2000000e+01   2.7000000e+01   1.0000000e+01   6.0000000e+00   1.9000000e+01  -5.3390198e+01  -3.9006025e+01   5.0645414e+02   1.8676661e+00   1.5649270e+01   1.5080414e+01
   2.0100000e+03   1.2000000e+01   2.7000000e+01   1.0000000e+01   9.0000000e+00   3.3000000e+01  -5.3398995e+01  -3.9003380e+01   9.9310334e+02   3.5224689e+00   1.5387383e+01   1.1653322e+01
   2.0100000e+03   1.2000000e+01   2.7000000e+01   1.0000000e+01   1.2000000e+01   4.3000000e+01  -5.3407846e+01  -3.9000569e+01   1.0009444e+03   2.6042800e+00   6.1301133e+00   5.1592271e+00
   2.0100000e+03   1.2000000e+01   2.7000000e+01   1.0000000e+01   1.4000000e+01   2.1000099e+01  -5.3412232e+01  -3.8999295e+01   4.9465937e+02   4.3663886e+00   9.7953584e+00   9.5778021e+00
   2.0100000e+03   1.2000000e+01   2.7000000e+01   1.0000000e+01   1.5000000e+01   5.6000000e+01  -5.3416761e+01  -3.8997937e+01   5.1124892e+02   6.3511869e+00   1.5486310e+01   1.5270986e+01
   2.0100000e+03   1.2000000e+01   2.7000000e+01   1.0000000e+01   1.7000000e+01   3.0000000e+01  -5.3421127e+01  -3.8996638e+01   4.9268414e+02   7.2301952e+00   1.4185363e+01   1.4185363e+01
   2.0100000e+03   1.2000000e+01   2.7000000e+01   1.0000000e+01   1.9000000e+01   5.0000000e+00  -5.3425533e+01  -3.8995358e+01   4.9692593e+02   5.7876775e+00   1.4867216e+01   1.2762173e+01
   2.0100000e+03   1.2000000e+01   2.7000000e+01   1.0000000e+01   2.0000000e+01   4.0000099e+01  -5.3429996e+01  -3.8993954e+01   5.0457473e+02   7.7459499e+02   1.2229478e+03   1.2155934e+03
   2.0100000e+03   1.2000000e+01   2.7000000e+01   1.0000000e+01   2.2000000e+01   1.6000000e+01  -5.3434383e+01  -3.8992555e+01   4.9613440e+02   4.2395843e+00   9.5911046e+00   9.0387095e+00
   2.0100000e+03   1.2000000e+01   2.7000000e+01   1.0000000e+01   2.3000000e+01   5.3000000e+01  -5.3438797e+01  -3.8991188e+01   4.9882203e+02   3.6518820e+00   8.4929197e+00   7.2197171e+00
   2.0100000e+03   1.2000000e+01   2.7000000e+01   1.0000000e+01   2.5000000e+01   3.1000000e+01  -5.3443198e+01  -3.8989863e+01   4.9681023e+02   3.5263870e+00   9.5562841e+00   8.9612914e+00
   2.0100000e+03   1.2000000e+01   2.7000000e+01   1.0000000e+01   2.7000000e+01   7.0000000e+00  -5.3447639e+01  -3.8988499e+01   5.0172469e+02   3.7741456e+00   9.4381894e+00   8.4127174e+00
   2.0100000e+03   1.2000000e+01   2.7000000e+01   1.0000000e+01   2.8000000e+01   4.7000000e+01  -5.3452128e+01  -3.8987086e+01   5.0744488e+02   4.5642492e+00   1.0513893e+01   7.4582123e+00
   2.0100000e+03   1.2000000e+01   2.7000000e+01   1.0000000e+01   3.0000000e+01   3.8000000e+01  -5.3456589e+01  -3.8985937e+01   5.0156428e+02   3.5817528e+00   7.5387910e+00   6.4267637e+00
   2.0100000e+03   1.2000000e+01   2.7000000e+01   1.0000000e+01   3.2000000e+01   4.1999901e+01  -5.3461004e+01  -3.8984886e+01   4.9546711e+02   4.5459649e+00   1.0572224e+01   1.0246468e+01
   2.0100000e+03   1.2000000e+01   2.7000000e+01   1.0000000e+01   3.4000000e+01   5.6000000e+01  -5.3465319e+01  -3.8983387e+01   4.8958199e+02   4.3204981e+00   9.8539183e+00   9.6762144e+00
   2.0100000e+03   1.2000000e+01   2.7000000e+01   1.0000000e+01   3.7000000e+01   9.0000000e+00  -5.3469731e+01  -3.8981972e+01   4.9912771e+02   5.5049531e+00   1.2451682e+01   1.1778940e+01
   2.0100000e+03   1.2000000e+01   2.7000000e+01   1.0000000e+01   3.9000000e+01   2.2000000e+01  -5.3474186e+01  -3.8980652e+01   5.0276000e+02   5.6923983e+00   1.3238402e+01   1.2601403e+01
   2.0100000e+03   1.2000000e+01   2.7000000e+01   1.0000000e+01   4.1000000e+01   2.7000000e+01  -5.3478402e+01  -3.8979108e+01   4.7941308e+02   4.7693720e+00   1.1091786e+01   9.4587398e+00
   2.0100000e+03   1.2000000e+01   2.7000000e+01   1.0000000e+01   4.3000000e+01   1.1000000e+01  -5.3482877e+01  -3.8977533e+01   5.0808338e+02   3.9869287e+00   7.8325298e+00   6.9123334e+00
   2.0100000e+03   1.2000000e+01   2.7000000e+01   1.0000000e+01   4.4000000e+01   4.5000000e+01  -5.3487340e+01  -3.8976124e+01   5.0462029e+02   3.2629302e+00   7.6482914e+00   6.7731170e+00
   2.0100000e+03   1.2000000e+01   2.7000000e+01   1.0000000e+01   4.6000000e+01   2.0000000e+01  -5.3491780e+01  -3.8974816e+01   5.0086855e+02   4.3235469e+00   1.0090609e+01   9.5678509e+00
   2.0100000e+03   1.2000000e+01   2.7000000e+01   1.0000000e+01   4.7000000e+01   5.1000000e+01  -5.3496230e+01  -3.8973458e+01   5.0259921e+02   4.6298580e+00   1.0839443e+01   1.0168359e+01
   2.0100000e+03   1.2000000e+01   2.7000000e+01   1.0000000e+01   4.9000000e+01   2.5000000e+01  -5.3500617e+01  -3.8972098e+01   4.9565559e+02   3.6789493e+00   6.8649286e+00   6.4202134e+00
   2.0100000e+03   1.2000000e+01   2.7000000e+01   1.0000000e+01   5.1000000e+01   3.0000000e+00  -5.3505005e+01  -3.8970764e+01   4.9556142e+02   4.7724232e+00   8.8935128e+00   6.2083176e+00
   2.0100000e+03   1.2000000e+01   2.7000000e+01   1.0000000e+01   5.2000000e+01   4.2000000e+01  -5.3509465e+01  -3.8969435e+01   5.0328572e+02   6.4384577e+00   7.2744221e+00   6.3129607e+00
   2.0100000e+03   1.2000000e+01   2.7000000e+01   1.0000000e+01   5.4000000e+01   1.8000000e+01  -5.3513877e+01  -3.8967948e+01   4.9997148e+02   2.9945560e+00   6.6628694e+00   5.7193648e+00
   2.0100000e+03   1.2000000e+01   2.7000000e+01   1.0000000e+01   5.5000000e+01   5.7000099e+01  -5.3518318e+01  -3.8966467e+01   5.0312735e+02   1.0245945e+01   2.3880234e+01   2.1570564e+01
   2.0100000e+03   1.2000000e+01   2.7000000e+01   1.0000000e+01   5.7000000e+01   3.6000000e+01  -5.3522754e+01  -3.8965041e+01   5.0180495e+02   5.4624731e+00   1.2703681e+01   8.6433745e+00
   2.0100000e+03   1.2000000e+01   2.7000000e+01   1.0000000e+01   5.9000000e+01   1.4000000e+01  -5.3527140e+01  -3.8963656e+01   4.9592386e+02   8.7355885e+00   1.7240809e+01   1.5152185e+01
   2.0100000e+03   1.2000000e+01   2.7000000e+01   1.1000000e+01   0.0000000e+00   5.0000000e+01  -5.3531529e+01  -3.8962245e+01   4.9651951e+02   1.1048512e+01   1.3885537e+01   9.3295516e+00
   2.0100000e+03   1.2000000e+01   2.7000000e+01   1.1000000e+01   2.0000000e+00   2.5000000e+01  -5.3535927e+01  -3.8960892e+01   4.9681753e+02   7.2403648e+00   1.6658381e+01   1.3048014e+01
   2.0100000e+03   1.2000000e+01   2.7000000e+01   1.1000000e+01   4.0000000e+00   1.0000000e+00  -5.3540400e+01  -3.8959554e+01   5.0484176e+02   6.5422251e+00   1.5950780e+01   1.4220498e+01
   2.0100000e+03   1.2000000e+01   2.7000000e+01   1.1000000e+01   5.0000000e+00   3.9000000e+01  -5.3544881e+01  -3.8958172e+01   5.0616315e+02   1.2598528e+01   2.1987409e+01   2.0173609e+01
   2.0100000e+03   1.2000000e+01   2.7000000e+01   1.1000000e+01   7.0000000e+00   1.6000000e+01  -5.3549224e+01  -3.8956808e+01   4.9094885e+02   6.1575438e+00   1.0601502e+01   3.5394543e+00
   2.0100000e+03   1.2000000e+01   2.7000000e+01   1.1000000e+01   8.0000000e+00   5.1000000e+01  -5.3553616e+01  -3.8955373e+01   4.9712307e+02   8.5139739e+00   1.8442272e+01   1.8323331e+01
   2.0100000e+03   1.2000000e+01   2.7000000e+01   1.1000000e+01   1.0000000e+01   2.7000099e+01  -5.3558108e+01  -3.8953982e+01   5.0752308e+02   3.5808756e+00   1.1903190e+01   9.4471405e+00
   2.0100000e+03   1.2000000e+01   2.7000000e+01   1.1000000e+01   1.2000000e+01   3.0000000e+00  -5.3562483e+01  -3.8952557e+01   4.9525253e+02   4.7813352e+00   1.5525742e+01   1.4514193e+01
   2.0100000e+03   1.2000000e+01   2.7000000e+01   1.1000000e+01   1.3000000e+01   3.9000099e+01  -5.3566900e+01  -3.8951284e+01   4.9789391e+02   8.6809636e+00   2.0570849e+01   1.2744771e+01
   2.0100000e+03   1.2000000e+01   2.7000000e+01   1.1000000e+01   1.5000000e+01   1.3999901e+01  -5.3571350e+01  -3.8950026e+01   5.0145878e+02   5.8077702e+00   1.3917128e+01   1.2043558e+01
   2.0100000e+03   1.2000000e+01   2.7000000e+01   1.1000000e+01   1.6000000e+01   4.8000000e+01  -5.3575761e+01  -3.8948773e+01   4.9709602e+02   4.6106360e+00   1.3986483e+01   1.2865935e+01
   2.0100000e+03   1.2000000e+01   2.7000000e+01   1.1000000e+01   1.8000000e+01   2.3000000e+01  -5.3580209e+01  -3.8947490e+01   5.0145862e+02   9.4898652e+00   2.2069898e+01   2.1998779e+01
   2.0100000e+03   1.2000000e+01   2.7000000e+01   1.1000000e+01   1.9000000e+01   5.6000000e+01  -5.3584619e+01  -3.8946111e+01   4.9837107e+02   7.4170875e+00   1.7249387e+01   1.6973784e+01
   2.0100000e+03   1.2000000e+01   2.7000000e+01   1.1000000e+01   2.1000000e+01   3.0000000e+01  -5.3589065e+01  -3.8944703e+01   5.0264316e+02   2.7111502e+00   1.1898602e+01   1.0469592e+01
   2.0100000e+03   1.2000000e+01   2.7000000e+01   1.1000000e+01   2.3000000e+01   4.0000000e+00  -5.3593491e+01  -3.8943265e+01   5.0093374e+02   7.7075988e+00   1.0104917e+02   7.6057474e+01
   2.0100000e+03   1.2000000e+01   2.7000000e+01   1.1000000e+01   2.4000000e+01   3.8000099e+01  -5.3597830e+01  -3.8941894e+01   4.9054905e+02   7.5056607e+00   1.7194826e+01   1.6969985e+01
   2.0100000e+03   1.2000000e+01   2.7000000e+01   1.1000000e+01   2.6000000e+01   1.4000000e+01  -5.3602338e+01  -3.8940514e+01   5.0907774e+02   7.7164260e+00   1.7682057e+01   1.7583031e+01
   2.0100000e+03   1.2000000e+01   2.7000000e+01   1.1000000e+01   2.7000000e+01   5.0000000e+01  -5.3606802e+01  -3.8939192e+01   5.0362633e+02   5.4249312e+00   1.2616373e+01   1.2350945e+01
   2.0100000e+03   1.2000000e+01   2.7000000e+01   1.1000000e+01   2.9000000e+01   2.7000000e+01  -5.3611161e+01  -3.8937848e+01   4.9244867e+02   3.6955922e+00   8.3362043e+00   8.1592905e+00
   2.0100000e+03   1.2000000e+01   2.7000000e+01   1.1000000e+01   3.1000000e+01   3.0000000e+00  -5.3615588e+01  -3.8936498e+01   4.9991533e+02   4.5597009e+00   1.0521175e+01   1.0325143e+01
   2.0100000e+03   1.2000000e+01   2.7000000e+01   1.1000000e+01   3.2000000e+01   4.0000000e+01  -5.3619991e+01  -3.8935152e+01   4.9724023e+02   5.8917217e+00   1.3338713e+01   1.3241224e+01
   2.0100000e+03   1.2000000e+01   2.7000000e+01   1.1000000e+01   3.4000000e+01   1.9000000e+01  -5.3624445e+01  -3.8933828e+01   5.0253059e+02   7.8669697e+00   1.8295646e+01   1.6182963e+01
   2.0100000e+03   1.2000000e+01   2.7000000e+01   1.1000000e+01   3.6000000e+01   9.0000992e+00  -5.3628953e+01  -3.8932469e+01   5.0895197e+02   4.8031763e+00   1.9559298e+01   1.9131700e+01
   2.0100000e+03   1.2000000e+01   2.7000000e+01   1.1000000e+01   3.8000000e+01   1.5000000e+01  -5.3633325e+01  -3.8931074e+01   4.9442403e+02   5.4823371e+00   1.2606201e+01   1.2211130e+01
   2.0100000e+03   1.2000000e+01   2.7000000e+01   1.1000000e+01   4.0000000e+01   2.8000000e+01  -5.3637699e+01  -3.8929773e+01   4.9349691e+02   5.4846510e+00   1.3352924e+01   1.2591086e+01
   2.0100000e+03   1.2000000e+01   2.7000000e+01   1.1000000e+01   4.2000000e+01   4.4000000e+01  -5.3642121e+01  -3.8928288e+01   5.0102297e+02   8.4947373e+00   1.7153256e+01   1.7041011e+01
   2.0100000e+03   1.2000000e+01   2.7000000e+01   1.1000000e+01   4.5000000e+01   3.0000000e+00  -5.3646499e+01  -3.8926898e+01   4.9500270e+02   8.7021217e+00   1.6769335e+01   1.6522086e+01
   2.0100000e+03   1.2000000e+01   2.7000000e+01   1.1000000e+01   4.7000000e+01   2.1000000e+01  -5.3650851e+01  -3.8925607e+01   4.9104546e+02   9.4077903e+00   2.1879022e+01   2.1133579e+01
   2.0100000e+03   1.2000000e+01   2.7000000e+01   1.1000000e+01   4.9000000e+01   2.4000000e+01  -5.3655202e+01  -3.8924229e+01   4.9186919e+02   4.1807484e+00   1.6919578e+01   1.4936031e+01
   2.0100000e+03   1.2000000e+01   2.7000000e+01   1.1000000e+01   5.1000000e+01   4.0000000e+00  -5.3659676e+01  -3.8922861e+01   5.0534454e+02   1.3737042e+01   3.2070209e+01   2.9160547e+01
   2.0100000e+03   1.2000000e+01   2.7000000e+01   1.1000000e+01   5.2000000e+01   3.6000000e+01  -5.3664145e+01  -3.8921510e+01   5.0444415e+02   1.4582304e+01   3.5889011e+01   3.0168318e+01
   2.0100000e+03   1.2000000e+01   2.7000000e+01   1.1000000e+01   5.4000000e+01   7.0000000e+00  -5.3668552e+01  -3.8920194e+01   4.9727800e+02   9.5585398e+00   2.3102327e+01   1.5241118e+01
   2.0100000e+03   1.2000000e+01   2.7000000e+01   1.1000000e+01   5.5000000e+01   4.1000000e+01  -5.3672989e+01  -3.8918941e+01   4.9994439e+02   1.3488755e+01   3.0599077e+01   2.2193089e+01
   2.0100000e+03   1.2000000e+01   2.7000000e+01   1.1000000e+01   5.7000000e+01   1.7000000e+01  -5.3677558e+01  -3.8917693e+01   5.1432365e+02   7.4624942e+00   2.1914669e+01   1.8887873e+01
   2.0100000e+03   1.2000000e+01   2.7000000e+01   1.1000000e+01   5.8000000e+01   5.3000000e+01  -5.3681927e+01  -3.8916394e+01   4.9289834e+02   5.5973587e+00   1.3017375e+01   5.3793965e+00
   2.0100000e+03   1.2000000e+01   2.7000000e+01   1.2000000e+01   0.0000000e+00   3.3000000e+01  -5.3686299e+01  -3.8914963e+01   4.9491586e+02   4.6353466e+00   1.2077153e+01   7.2933992e+00
   2.0100000e+03   1.2000000e+01   2.7000000e+01   1.2000000e+01   2.0000000e+00   1.0000000e+01  -5.3690699e+01  -3.8913599e+01   4.9711780e+02   3.9111922e+00   1.2261080e+01   9.8593562e+00
   2.0100000e+03   1.2000000e+01   2.7000000e+01   1.2000000e+01   3.0000000e+00   4.4000099e+01  -5.3695081e+01  -3.8912220e+01   4.9522417e+02   2.2326566e+00   6.3592163e+00   5.8198820e+00
   2.0100000e+03   1.2000000e+01   2.7000000e+01   1.2000000e+01   5.0000000e+00   1.7000000e+01  -5.3699513e+01  -3.8910753e+01   5.0194909e+02   2.2167649e+00   1.3274664e+01   1.2244319e+01
   2.0100000e+03   1.2000000e+01   2.7000000e+01   1.2000000e+01   6.0000000e+00   5.0000000e+01  -5.3703982e+01  -3.8909394e+01   5.0452183e+02   5.1013018e+00   1.3494306e+01   6.5949541e+00
   2.0100000e+03   1.2000000e+01   2.7000000e+01   1.2000000e+01   8.0000000e+00   2.2000000e+01  -5.3708398e+01  -3.8907990e+01   4.9935976e+02   1.0034897e+01   2.4525009e+01   7.5861323e+00
   2.0100000e+03   1.2000000e+01   2.7000000e+01   1.2000000e+01   9.0000000e+00   5.5000000e+01  -5.3712837e+01  -3.8906555e+01   5.0214157e+02   1.1000999e+01   3.7670212e+01   3.1188156e+01
   2.0100000e+03   1.2000000e+01   2.7000000e+01   1.2000000e+01   1.1000000e+01   3.1000000e+01  -5.3717211e+01  -3.8905241e+01   4.9370370e+02   5.0637717e+00   1.0688004e+01   4.4619542e+00
   2.0100000e+03   1.2000000e+01   2.7000000e+01   1.2000000e+01   1.3000000e+01   4.0000000e+00  -5.3721659e+01  -3.8903844e+01   5.0268812e+02   1.0550346e+01   1.4124803e+01   4.6180564e+00
   2.0100000e+03   1.2000000e+01   2.7000000e+01   1.2000000e+01   1.4000000e+01   3.8000000e+01  -5.3726053e+01  -3.8902460e+01   4.9673486e+02   4.1345253e+00   9.0992483e+00   6.1108167e+00
   2.0100000e+03   1.2000000e+01   2.7000000e+01   1.2000000e+01   1.6000000e+01   1.2000000e+01  -5.3730488e+01  -3.8900977e+01   5.0237329e+02   9.2779889e+00   1.0479604e+01   7.3581368e+00
   2.0100000e+03   1.2000000e+01   2.7000000e+01   1.2000000e+01   1.7000000e+01   4.6000000e+01  -5.3734868e+01  -3.8899512e+01   4.9605826e+02   1.0803053e+01   1.7310849e+01   7.8231263e+00
   2.0100000e+03   1.2000000e+01   2.7000000e+01   1.2000000e+01   1.9000000e+01   2.0000099e+01  -5.3739332e+01  -3.8898160e+01   5.0397113e+02   1.8046592e+01   4.0685561e+01   2.5783309e+01
   2.0100000e+03   1.2000000e+01   2.7000000e+01   1.2000000e+01   2.0000000e+01   5.4000000e+01  -5.3743722e+01  -3.8896786e+01   4.9607201e+02   3.4658842e+01   8.1070618e+01   7.4441670e+01
   2.0100000e+03   1.2000000e+01   2.7000000e+01   1.2000000e+01   2.2000000e+01   3.0000000e+01  -5.3748120e+01  -3.8895439e+01   4.9669598e+02   1.8564691e+01   3.8460512e+01   3.0507179e+01
   2.0100000e+03   1.2000000e+01   2.7000000e+01   1.2000000e+01   2.4000000e+01   5.0000000e+00  -5.3752612e+01  -3.8893980e+01   5.0823886e+02   1.8292788e+01   3.1851578e+01   1.1161681e+01
   2.0100000e+03   1.2000000e+01   2.7000000e+01   1.2000000e+01   2.5000000e+01   4.0000000e+01  -5.3757011e+01  -3.8892584e+01   4.9734397e+02   1.3985254e+01   2.8357981e+01   6.6907364e+00
   2.0100000e+03   1.2000000e+01   2.7000000e+01   1.2000000e+01   2.7000000e+01   1.4000000e+01  -5.3761398e+01  -3.8891230e+01   4.9559051e+02   9.0778067e+00   1.6824095e+01   1.0457650e+01
   2.0100000e+03   1.2000000e+01   2.7000000e+01   1.2000000e+01   2.8000000e+01   4.7000000e+01  -5.3765816e+01  -3.8889878e+01   4.9884403e+02   8.2850478e+00   1.4140043e+01   8.6840771e+00
   2.0100000e+03   1.2000000e+01   2.7000000e+01   1.2000000e+01   3.0000000e+01   2.1000000e+01  -5.3770229e+01  -3.8888509e+01   4.9859415e+02   1.1783143e+01   1.8652158e+01   9.8007092e+00
   2.0100000e+03   1.2000000e+01   2.7000000e+01   1.2000000e+01   3.1000000e+01   5.6000000e+01  -5.3774715e+01  -3.8887107e+01   5.0694292e+02   1.3251200e+01   2.1125957e+01   8.4633635e+00
   2.0100000e+03   1.2000000e+01   2.7000000e+01   1.2000000e+01   3.3000000e+01   3.1000099e+01  -5.3779073e+01  -3.8885768e+01   4.9216094e+02   1.2854404e+01   2.9485866e+01   1.2700033e+01
   2.0100000e+03   1.2000000e+01   2.7000000e+01   1.2000000e+01   3.5000000e+01   6.0000000e+00  -5.3783545e+01  -3.8884323e+01   5.0583015e+02   9.8688517e+00   1.1484371e+01   1.9900228e-01
   2.0100000e+03   1.2000000e+01   2.7000000e+01   1.2000000e+01   3.6000000e+01   4.1000000e+01  -5.3787933e+01  -3.8882932e+01   4.9607038e+02   5.8421822e+00   7.3811917e+00   7.1154303e-01
   2.0100000e+03   1.2000000e+01   2.7000000e+01   1.2000000e+01   3.8000000e+01   1.5000000e+01  -5.3792349e+01  -3.8881514e+01   4.9948864e+02   5.4108882e+00   9.8521102e+00   2.7302942e+00
   2.0100000e+03   1.2000000e+01   2.7000000e+01   1.2000000e+01   3.9000000e+01   4.9000000e+01  -5.3796797e+01  -3.8880077e+01   5.0317921e+02   6.2836534e+00   6.1288254e+00   2.5858850e+00
   2.0100000e+03   1.2000000e+01   2.7000000e+01   1.2000000e+01   4.1000000e+01   2.1000000e+01  -5.3801212e+01  -3.8878571e+01   5.0049801e+02   3.9555040e+00   7.1668124e+00   6.4722144e-01
   2.0100000e+03   1.2000000e+01   2.7000000e+01   1.2000000e+01   4.3000000e+01   1.0000000e+00  -5.3805652e+01  -3.8877038e+01   5.0343637e+02   5.2907083e+00   7.6095448e+00   2.3017721e+00
   2.0100000e+03   1.2000000e+01   2.7000000e+01   1.2000000e+01   4.4000000e+01   4.9000000e+01  -5.3810058e+01  -3.8875572e+01   4.9896900e+02   3.1183135e+00   5.5235957e+00   1.6767372e+00
   2.0100000e+03   1.2000000e+01   2.7000000e+01   1.2000000e+01   4.6000000e+01   4.8000000e+01  -5.3814462e+01  -3.8874088e+01   4.9906121e+02   5.3916838e+00   1.0867194e+01   2.9601719e+00
   2.0100000e+03   1.2000000e+01   2.7000000e+01   1.2000000e+01   4.8000000e+01   5.7000000e+01  -5.3818814e+01  -3.8872515e+01   4.9445771e+02   1.7363415e+01   3.4124084e+01   2.8188201e+01
   2.0100000e+03   1.2000000e+01   2.7000000e+01   1.2000000e+01   5.1000000e+01   1.0000000e+01  -5.3823197e+01  -3.8871076e+01   4.9607100e+02   3.7575385e+00   6.5272506e+00   2.2604180e+00
   2.0100000e+03   1.2000000e+01   2.7000000e+01   1.2000000e+01   5.3000000e+01   1.6000000e+01  -5.3827585e+01  -3.8869696e+01   4.9592967e+02   1.2750123e+00   1.8769794e+00   1.6604356e+00
   2.0100000e+03   1.2000000e+01   2.7000000e+01   1.2000000e+01   5.5000000e+01   7.0000000e+00  -5.3832062e+01  -3.8868330e+01   5.0544706e+02   2.5328047e+00   5.5270612e+00   3.8332996e+00
   2.0100000e+03   1.2000000e+01   2.7000000e+01   1.2000000e+01   5.6000000e+01   5.0000000e+01  -5.3836461e+01  -3.8867090e+01   4.9555632e+02   3.4198635e+00   6.4240581e+00   3.0646500e+00
   2.0100000e+03   1.2000000e+01   2.7000000e+01   1.2000000e+01   5.8000000e+01   3.2000000e+01  -5.3840833e+01  -3.8865722e+01   4.9403109e+02   3.9700556e-02   4.7029377e-01   3.0936448e-01
   2.0100000e+03   1.2000000e+01   2.7000000e+01   1.3000000e+01   0.0000000e+00   1.2000000e+01  -5.3845319e+01  -3.8864532e+01   5.0455229e+02   8.5137735e-01   1.9799871e+00   1.1335260e+00
   2.0100000e+03   1.2000000e+01   2.7000000e+01   1.3000000e+01   1.0000000e+00   5.1000000e+01  -5.3849754e+01  -3.8863367e+01   4.9869957e+02   1.6772197e+00   4.0382824e+00   3.5332251e+00
   2.0100000e+03   1.2000000e+01   2.7000000e+01   1.3000000e+01   3.0000000e+00   3.0000000e+01  -5.3854219e+01  -3.8862264e+01   5.0134606e+02   5.1214115e+00   1.1432849e+01   1.0307937e+01
   2.0100000e+03   1.2000000e+01   2.7000000e+01   1.3000000e+01   5.0000000e+00   9.0000000e+00  -5.3858680e+01  -3.8861112e+01   5.0147811e+02   8.7491964e+00   2.0347377e+01   2.0347377e+01
   2.0100000e+03   1.2000000e+01   2.7000000e+01   1.3000000e+01   6.0000000e+00   4.6000099e+01  -5.3863111e+01  -3.8859925e+01   4.9850767e+02   9.4386160e+00   1.8685771e+01   1.8516549e+01
   2.0100000e+03   1.2000000e+01   2.7000000e+01   1.3000000e+01   8.0000000e+00   2.3000000e+01  -5.3867516e+01  -3.8858690e+01   4.9608692e+02   8.3974558e+00   9.9656707e+00   8.8682996e+00
   2.0100000e+03   1.2000000e+01   2.7000000e+01   1.3000000e+01   1.0000000e+01   0.0000000e+00  -5.3871977e+01  -3.8857381e+01   5.0310328e+02   6.7027150e+00   1.5667138e+01   1.3233599e+01
   2.0100000e+03   1.2000000e+01   2.7000000e+01   1.3000000e+01   1.1000000e+01   3.7000000e+01  -5.3876401e+01  -3.8856077e+01   4.9894127e+02   2.7329032e+00   6.2410976e+00   4.9414597e+00
   2.0100000e+03   1.2000000e+01   2.7000000e+01   1.3000000e+01   1.3000000e+01   1.5000000e+01  -5.3880828e+01  -3.8854670e+01   5.0050320e+02   3.3761082e+00   5.0060943e+00   3.8659424e+00
   2.0100000e+03   1.2000000e+01   2.7000000e+01   1.3000000e+01   1.4000000e+01   5.4000000e+01  -5.3885181e+01  -3.8853324e+01   4.9164758e+02   1.2610856e+00   2.1878274e+00   1.3718551e+00
   2.0100000e+03   1.2000000e+01   2.7000000e+01   1.3000000e+01   1.6000000e+01   3.3000000e+01  -5.3889605e+01  -3.8851928e+01   5.0003489e+02   2.0233057e+00   3.8805003e+00   2.6734727e+00
   2.0100000e+03   1.2000000e+01   2.7000000e+01   1.3000000e+01   1.8000000e+01   1.0000000e+01  -5.3894048e+01  -3.8850427e+01   5.0333774e+02   2.4483287e+00   5.6939021e+00   2.4262126e+00
   2.0100000e+03   1.2000000e+01   2.7000000e+01   1.3000000e+01   1.9000000e+01   4.8000000e+01  -5.3898473e+01  -3.8848888e+01   5.0193133e+02   3.2673310e+00   6.4958825e+00   4.3668838e+00
   2.0100000e+03   1.2000000e+01   2.7000000e+01   1.3000000e+01   2.1000000e+01   2.5000000e+01  -5.3902873e+01  -3.8847423e+01   4.9830939e+02   5.8707898e+00   1.2018812e+01   1.1308398e+01
   2.0100000e+03   1.2000000e+01   2.7000000e+01   1.3000000e+01   2.3000000e+01   2.0000000e+00  -5.3907314e+01  -3.8845954e+01   5.0278247e+02   4.8186817e+00   8.1666741e+00   6.9124233e+00
   2.0100000e+03   1.2000000e+01   2.7000000e+01   1.3000000e+01   2.4000000e+01   3.9000000e+01  -5.3911713e+01  -3.8844440e+01   4.9868621e+02   2.3744607e+00   5.2865956e+00   4.6727680e+00
   2.0100000e+03   1.2000000e+01   2.7000000e+01   1.3000000e+01   2.6000000e+01   1.5000000e+01  -5.3916081e+01  -3.8842922e+01   4.9549011e+02   4.5710937e+00   1.0073887e+01   4.1389804e+00
   2.0100000e+03   1.2000000e+01   2.7000000e+01   1.3000000e+01   2.7000000e+01   5.0000000e+01  -5.3920548e+01  -3.8841383e+01   5.0649197e+02   6.3908207e+00   1.3183851e+01   4.7234401e+00
   2.0100000e+03   1.2000000e+01   2.7000000e+01   1.3000000e+01   2.9000000e+01   2.8000000e+01  -5.3924934e+01  -3.8839937e+01   4.9650636e+02   4.4238909e+00   8.5437889e+00   7.9195868e-01
   2.0100000e+03   1.2000000e+01   2.7000000e+01   1.3000000e+01   3.1000000e+01   6.0000000e+00  -5.3929356e+01  -3.8838434e+01   5.0109896e+02   4.5888363e+00   7.1957561e+00   2.5586746e+00
   2.0100000e+03   1.2000000e+01   2.7000000e+01   1.3000000e+01   3.2000000e+01   4.1000000e+01  -5.3933745e+01  -3.8837189e+01   4.9447095e+02   8.2613962e+00   1.3063836e+01   4.1895057e+00
   2.0100000e+03   1.2000000e+01   2.7000000e+01   1.3000000e+01   3.4000000e+01   1.6000000e+01  -5.3938142e+01  -3.8835924e+01   4.9556151e+02   3.4680232e+00   8.5119378e+00   4.9329231e+00
   2.0100000e+03   1.2000000e+01   2.7000000e+01   1.3000000e+01   3.5000000e+01   5.3000000e+01  -5.3942653e+01  -3.8834540e+01   5.0928308e+02   2.3062135e+00   5.2843436e+00   1.0162017e+00
   2.0100000e+03   1.2000000e+01   2.7000000e+01   1.3000000e+01   3.7000000e+01   3.0000000e+01  -5.3947066e+01  -3.8833258e+01   4.9749976e+02   2.1860560e+00   6.4764035e+00   1.8004848e+00
   2.0100000e+03   1.2000000e+01   2.7000000e+01   1.3000000e+01   3.9000000e+01   5.0000000e+00  -5.3951482e+01  -3.8832016e+01   4.9737887e+02   3.8481668e+00   8.1226403e+00   1.4828045e+00
   2.0100000e+03   1.2000000e+01   2.7000000e+01   1.3000000e+01   4.0000000e+01   4.2000000e+01  -5.3955950e+01  -3.8830698e+01   5.0399278e+02   6.5848988e+00   1.1481693e+01   1.3389903e+00
   2.0100000e+03   1.2000000e+01   2.7000000e+01   1.3000000e+01   4.2000000e+01   2.0000000e+01  -5.3960382e+01  -3.8829404e+01   4.9963646e+02   4.7644919e+00   8.9544421e+00   1.7966935e+00
   2.0100000e+03   1.2000000e+01   2.7000000e+01   1.3000000e+01   4.3000000e+01   5.8000000e+01  -5.3964822e+01  -3.8828046e+01   5.0126713e+02   6.5023973e+00   1.3502099e+01   2.3267991e+00
   2.0100000e+03   1.2000000e+01   2.7000000e+01   1.3000000e+01   4.5000000e+01   3.3000000e+01  -5.3969218e+01  -3.8826733e+01   4.9599449e+02   5.9206093e+00   1.1969508e+01   4.0830618e+00
   2.0100000e+03   1.2000000e+01   2.7000000e+01   1.3000000e+01   4.7000000e+01   1.0000000e+01  -5.3973561e+01  -3.8825455e+01   4.8973376e+02   4.1042155e+00   5.4156094e+00   8.3374434e-01
   2.0100000e+03   1.2000000e+01   2.7000000e+01   1.3000000e+01   4.8000000e+01   4.8000000e+01  -5.3978034e+01  -3.8824141e+01   5.0447693e+02   3.6446724e+00   3.5018411e+00   6.1789501e-01
   2.0100000e+03   1.2000000e+01   2.7000000e+01   1.3000000e+01   5.0000000e+01   3.3000000e+01  -5.3982550e+01  -3.8822683e+01   5.1078134e+02   1.6373301e+00   4.3793411e+00   3.9114163e-01
   2.0100000e+03   1.2000000e+01   2.7000000e+01   1.3000000e+01   5.2000000e+01   3.0000000e+01  -5.3986918e+01  -3.8821345e+01   4.9311612e+02   2.0499394e+00   4.7673968e+00   6.5615315e-02
   2.0100000e+03   1.2000000e+01   2.7000000e+01   1.3000000e+01   5.4000000e+01   3.8000000e+01  -5.3991320e+01  -3.8819830e+01   4.9911106e+02   4.8728452e+00   1.0843563e+01   0.0000000e+00
