   2.0100000e+03   1.2000000e+01   2.7000000e+01   1.5000000e+01   1.7000000e+01   3.5000000e+01  -5.3958589e+01  -3.8526354e+01   5.1248263e+02   4.9663839e+01   2.8979282e+01   2.0020738e+00
   2.0100000e+03   1.2000000e+01   2.7000000e+01   1.5000000e+01   1.9000000e+01   8.0000000e+00  -5.3954204e+01  -3.8528146e+01   5.0113398e+02   3.4878607e+01   5.7195819e+01   1.7106604e+01
   2.0100000e+03   1.2000000e+01   2.7000000e+01   1.5000000e+01   2.0000000e+01   4.1000000e+01  -5.3949842e+01  -3.8529745e+01   4.9579067e+02   3.0216247e+01   6.5510869e+01   3.1557167e+00
   2.0100000e+03   1.2000000e+01   2.7000000e+01   1.5000000e+01   2.2000000e+01   1.8000000e+01  -5.3945438e+01  -3.8531305e+01   4.9991146e+02   5.4015167e+01   1.0318874e+02   5.5289162e+00
   2.0100000e+03   1.2000000e+01   2.7000000e+01   1.5000000e+01   2.3000000e+01   5.6000000e+01  -5.3941073e+01  -3.8532912e+01   4.9631821e+02   3.0459536e+01   6.4146770e+01   9.7521098e+00
   2.0100000e+03   1.2000000e+01   2.7000000e+01   1.5000000e+01   2.5000000e+01   3.1000000e+01  -5.3936628e+01  -3.8534510e+01   5.0485766e+02   2.2098028e+01   4.8223551e+01   4.3713805e+00
   2.0100000e+03   1.2000000e+01   2.7000000e+01   1.5000000e+01   2.7000000e+01   5.0000000e+00  -5.3932240e+01  -3.8536119e+01   4.9885739e+02   2.6908103e+01   5.6202999e+01   2.0806189e+00
   2.0100000e+03   1.2000000e+01   2.7000000e+01   1.5000000e+01   2.8000000e+01   3.8000000e+01  -5.3927806e+01  -3.8537596e+01   5.0200832e+02   4.1566227e+01   3.5005391e+01   1.3796353e+01
   2.0100000e+03   1.2000000e+01   2.7000000e+01   1.5000000e+01   3.0000000e+01   1.3000000e+01  -5.3923430e+01  -3.8538969e+01   4.9452394e+02   3.6964574e+01   8.1349914e+01   2.6270950e+01
   2.0100000e+03   1.2000000e+01   2.7000000e+01   1.5000000e+01   3.1000000e+01   5.0000000e+01  -5.3919022e+01  -3.8540369e+01   4.9838048e+02   3.1558399e+01   6.9663988e+01   1.7147555e+01
   2.0100000e+03   1.2000000e+01   2.7000000e+01   1.5000000e+01   3.3000000e+01   2.8000000e+01  -5.3914523e+01  -3.8541785e+01   5.0841619e+02   3.0811717e+01   6.9208567e+01   1.8570543e+01
   2.0100000e+03   1.2000000e+01   2.7000000e+01   1.5000000e+01   3.5000000e+01   8.0000000e+00  -5.3910151e+01  -3.8543118e+01   4.9354226e+02   2.7656316e+01   5.6280103e+01   9.7386466e+00
   2.0100000e+03   1.2000000e+01   2.7000000e+01   1.5000000e+01   3.6000000e+01   4.7000000e+01  -5.3905744e+01  -3.8544476e+01   4.9772921e+02   1.7051420e+01   3.5564612e+01   8.1315611e+00
   2.0100000e+03   1.2000000e+01   2.7000000e+01   1.5000000e+01   3.8000000e+01   2.7000000e+01  -5.3901242e+01  -3.8546004e+01   5.1020725e+02   3.9290292e+01   4.8649590e+01   1.4407758e+01
   2.0100000e+03   1.2000000e+01   2.7000000e+01   1.5000000e+01   4.0000000e+01   7.0000000e+00  -5.3896893e+01  -3.8547327e+01   4.9097223e+02   3.5751388e+01   5.6444485e+01   4.7535292e+00
   2.0100000e+03   1.2000000e+01   2.7000000e+01   1.5000000e+01   4.1000000e+01   4.5000000e+01  -5.3892478e+01  -3.8548724e+01   4.9900070e+02   2.5334142e+01   4.3372449e+01   3.2251361e+00
   2.0100000e+03   1.2000000e+01   2.7000000e+01   1.5000000e+01   4.3000000e+01   2.3000000e+01  -5.3888013e+01  -3.8550194e+01   5.0538338e+02   5.0708352e+01   8.8222515e+01   3.4132579e+01
   2.0100000e+03   1.2000000e+01   2.7000000e+01   1.5000000e+01   4.5000000e+01   3.0000000e+00  -5.3883614e+01  -3.8551642e+01   4.9793478e+02   3.5288330e+01   7.7314253e+01   2.0319416e+01
   2.0100000e+03   1.2000000e+01   2.7000000e+01   1.5000000e+01   4.6000000e+01   4.1000000e+01  -5.3879225e+01  -3.8553114e+01   4.9715496e+02   1.6461492e+01   3.1047460e+01   2.4300574e+00
   2.0100000e+03   1.2000000e+01   2.7000000e+01   1.5000000e+01   4.8000000e+01   2.0000000e+01  -5.3874781e+01  -3.8554572e+01   5.0292749e+02   1.0312639e+01   2.1983813e+01   1.1911965e+01
   2.0100000e+03   1.2000000e+01   2.7000000e+01   1.5000000e+01   4.9000000e+01   5.8000099e+01  -5.3870361e+01  -3.8556036e+01   5.0047838e+02   8.2629393e+00   1.5160341e+01   8.6395084e+00
   2.0100000e+03   1.2000000e+01   2.7000000e+01   1.5000000e+01   5.1000000e+01   3.5000000e+01  -5.3865977e+01  -3.8557472e+01   4.9614150e+02   7.9660343e+00   1.8566050e+01   1.3504767e+01
   2.0100000e+03   1.2000000e+01   2.7000000e+01   1.5000000e+01   5.3000000e+01   1.1000000e+01  -5.3861576e+01  -3.8558951e+01   4.9859705e+02   8.9739277e+02   2.0737088e+03   7.0715709e+02
   2.0100000e+03   1.2000000e+01   2.7000000e+01   1.5000000e+01   5.6000000e+01   2.7000000e+01  -5.3852747e+01  -3.8561993e+01   1.0010936e+03   5.0314844e+00   1.1439775e+01   6.2867005e+00
   2.0100000e+03   1.2000000e+01   2.7000000e+01   1.5000000e+01   5.8000000e+01   1.0000000e+01  -5.3848314e+01  -3.8563461e+01   5.0193311e+02   1.1930222e+02   2.7226659e+02   2.6246989e+02
   2.0100000e+03   1.2000000e+01   2.7000000e+01   1.5000000e+01   5.9000000e+01   5.5000000e+01  -5.3843938e+01  -3.8564893e+01   4.9519237e+02   1.4175482e+01   2.5245130e+01   1.7211074e+01
   2.0100000e+03   1.2000000e+01   2.7000000e+01   1.6000000e+01   1.0000000e+00   4.0000000e+01  -5.3839548e+01  -3.8566333e+01   4.9684368e+02   1.7281859e+01   2.5791814e+01   1.3314902e+01
   2.0100000e+03   1.2000000e+01   2.7000000e+01   1.6000000e+01   3.0000000e+00   2.4000000e+01  -5.3835167e+01  -3.8567816e+01   4.9651918e+02   3.0471382e+02   3.7642308e+02   1.7647022e+02
   2.0100000e+03   1.2000000e+01   2.7000000e+01   1.6000000e+01   5.0000000e+00   9.0000000e+00  -5.3830691e+01  -3.8569307e+01   5.0680164e+02   1.2141231e+01   2.2977927e+01   1.7683776e+01
   2.0100000e+03   1.2000000e+01   2.7000000e+01   1.6000000e+01   6.0000000e+00   4.9000000e+01  -5.3826316e+01  -3.8570833e+01   4.9640125e+02   1.0956910e+01   7.4739698e+00   2.5152687e+00
   2.0100000e+03   1.2000000e+01   2.7000000e+01   1.6000000e+01   8.0000000e+00   2.4000000e+01  -5.3821977e+01  -3.8572350e+01   4.9234774e+02   2.4386057e+02   5.6119301e+02   4.7728132e+02
   2.0100000e+03   1.2000000e+01   2.7000000e+01   1.6000000e+01   1.0000000e+01   2.0000000e+00  -5.3817572e+01  -3.8573862e+01   4.9933339e+02   1.1092382e+02   2.4018079e+02   9.2591559e+01
   2.0100000e+03   1.2000000e+01   2.7000000e+01   1.6000000e+01   1.1000000e+01   4.1000000e+01  -5.3813142e+01  -3.8575369e+01   5.0212967e+02   6.0219299e+00   1.5378405e+01   8.5155276e+00
   2.0100000e+03   1.2000000e+01   2.7000000e+01   1.6000000e+01   1.3000000e+01   1.9000000e+01  -5.3808684e+01  -3.8576941e+01   5.0596734e+02   1.9071072e+01   3.0935788e+01   5.5219824e+00
   2.0100000e+03   1.2000000e+01   2.7000000e+01   1.6000000e+01   1.4000000e+01   5.5000000e+01  -5.3804249e+01  -3.8578473e+01   5.0295625e+02   3.2952171e+01   6.6169708e+01   4.2195242e+01
   2.0100000e+03   1.2000000e+01   2.7000000e+01   1.6000000e+01   1.6000000e+01   3.4000000e+01  -5.3799884e+01  -3.8579927e+01   4.9439828e+02   1.0901072e+01   1.1471177e+01   7.0656011e+00
   2.0100000e+03   1.2000000e+01   2.7000000e+01   1.6000000e+01   1.8000000e+01   1.3000000e+01  -5.3795427e+01  -3.8581294e+01   5.0335240e+02   2.1623822e+01   3.0755419e+01   1.1867727e+01
   2.0100000e+03   1.2000000e+01   2.7000000e+01   1.6000000e+01   1.9000000e+01   5.3000000e+01  -5.3790978e+01  -3.8582641e+01   5.0218162e+02   1.0688410e+01   1.3870797e+01   7.1626132e+00
   2.0100000e+03   1.2000000e+01   2.7000000e+01   1.6000000e+01   2.1000000e+01   3.3000000e+01  -5.3786613e+01  -3.8584007e+01   4.9329975e+02   3.8801053e+01   8.9167741e+01   5.5222365e+00
   2.0100000e+03   1.2000000e+01   2.7000000e+01   1.6000000e+01   2.3000000e+01   1.3000000e+01  -5.3782153e+01  -3.8585473e+01   5.0477393e+02   7.9130296e+00   1.2842788e+01   9.6065498e+00
   2.0100000e+03   1.2000000e+01   2.7000000e+01   1.6000000e+01   2.4000000e+01   5.3000000e+01  -5.3777783e+01  -3.8586759e+01   4.9290722e+02   1.4165172e+01   2.8913746e+01   2.7936200e+01
   2.0100000e+03   1.2000000e+01   2.7000000e+01   1.6000000e+01   2.6000000e+01   3.4000000e+01  -5.3773378e+01  -3.8588083e+01   4.9719262e+02   2.4431519e+01   8.8391071e+01   8.2414193e+01
   2.0100000e+03   1.2000000e+01   2.7000000e+01   1.6000000e+01   2.8000000e+01   1.1000099e+01  -5.3768836e+01  -3.8589495e+01   5.1310751e+02   1.0687122e+01   1.5445994e+01   1.3443009e+01
   2.0100000e+03   1.2000000e+01   2.7000000e+01   1.6000000e+01   2.9000000e+01   4.5000099e+01  -5.3764452e+01  -3.8590824e+01   4.9491021e+02   7.8519334e+00   9.6932362e+00   4.4895488e+00
   2.0100000e+03   1.2000000e+01   2.7000000e+01   1.6000000e+01   3.1000000e+01   2.4000000e+01  -5.3760054e+01  -3.8592167e+01   4.9664226e+02   1.0066311e+01   1.2596808e+01   1.2414494e+01
   2.0100000e+03   1.2000000e+01   2.7000000e+01   1.6000000e+01   3.3000000e+01   4.0000000e+00  -5.3755637e+01  -3.8593498e+01   4.9850116e+02   1.4234344e+01   1.5677250e+01   1.3066247e+01
   2.0100000e+03   1.2000000e+01   2.7000000e+01   1.6000000e+01   3.4000000e+01   4.2000099e+01  -5.3751205e+01  -3.8594900e+01   5.0101324e+02   3.1105786e+00   6.2439318e+00   4.2167989e+00
   2.0100000e+03   1.2000000e+01   2.7000000e+01   1.6000000e+01   3.6000000e+01   2.0000000e+01  -5.3746770e+01  -3.8596161e+01   4.9976437e+02   1.6206203e+00   2.1692919e+00   9.9309405e-02
   2.0100000e+03   1.2000000e+01   2.7000000e+01   1.6000000e+01   3.7000000e+01   5.8000000e+01  -5.3742379e+01  -3.8597466e+01   4.9535639e+02   7.4947092e+00   1.1207054e+01   4.4660263e+00
   2.0100000e+03   1.2000000e+01   2.7000000e+01   1.6000000e+01   3.9000000e+01   3.2000000e+01  -5.3737900e+01  -3.8598760e+01   5.0492214e+02   1.5470886e+01   1.1429511e+01   2.7792112e+00
   2.0100000e+03   1.2000000e+01   2.7000000e+01   1.6000000e+01   4.1000000e+01   7.0000000e+00  -5.3733547e+01  -3.8600000e+01   4.9057857e+02   9.4445475e+00   1.4907144e+01   7.4198422e+00
   2.0100000e+03   1.2000000e+01   2.7000000e+01   1.6000000e+01   4.2000000e+01   4.2999901e+01  -5.3729140e+01  -3.8601344e+01   4.9761479e+02   1.3005749e+01   2.5414143e+01   7.9126902e+00
   2.0100000e+03   1.2000000e+01   2.7000000e+01   1.6000000e+01   4.4000000e+01   2.2000000e+01  -5.3724681e+01  -3.8602626e+01   5.0262739e+02   8.4342572e+00   2.1534133e+01   6.0749206e+00
   2.0100000e+03   1.2000000e+01   2.7000000e+01   1.6000000e+01   4.6000000e+01   4.0000992e+00  -5.3720217e+01  -3.8603926e+01   5.0332174e+02   9.3976004e+00   2.3529880e+01   1.2331436e+01
   2.0100000e+03   1.2000000e+01   2.7000000e+01   1.6000000e+01   4.7000000e+01   4.6000000e+01  -5.3715696e+01  -3.8605145e+01   5.0867729e+02   8.5837729e+00   2.6526129e+01   1.6730852e+01
   2.0100000e+03   1.2000000e+01   2.7000000e+01   1.6000000e+01   4.9000000e+01   2.7000000e+01  -5.3711286e+01  -3.8606391e+01   4.9686053e+02   1.3288860e+01   4.1269696e+01   3.2010134e+01
   2.0100000e+03   1.2000000e+01   2.7000000e+01   1.6000000e+01   5.1000000e+01   8.0000000e+00  -5.3706897e+01  -3.8607559e+01   4.9377124e+02   1.1304357e+01   2.5236363e+01   1.2075804e+01
   2.0100000e+03   1.2000000e+01   2.7000000e+01   1.6000000e+01   5.2000000e+01   4.9000000e+01  -5.3702491e+01  -3.8608958e+01   4.9817634e+02   4.7475523e+00   2.2230023e+01   1.6110723e+01
   2.0100000e+03   1.2000000e+01   2.7000000e+01   1.6000000e+01   5.4000000e+01   2.8000000e+01  -5.3698060e+01  -3.8610459e+01   5.0217937e+02   8.4882997e+00   2.4204963e+01   1.6505389e+01
   2.0100000e+03   1.2000000e+01   2.7000000e+01   1.6000000e+01   5.6000000e+01   9.0000000e+00  -5.3693684e+01  -3.8611926e+01   4.9571590e+02   6.5856571e+00   1.7688198e+01   1.6308880e+01
   2.0100000e+03   1.2000000e+01   2.7000000e+01   1.6000000e+01   5.7000000e+01   5.3000000e+01  -5.3689168e+01  -3.8613424e+01   5.1138339e+02   1.0742027e+01   3.0331528e+01   1.8996877e+01
   2.0100000e+03   1.2000000e+01   2.7000000e+01   1.6000000e+01   5.9000000e+01   3.8000000e+01  -5.3684837e+01  -3.8614736e+01   4.8898651e+02   5.7933900e+00   1.7594358e+01   8.5440774e+00
   2.0100000e+03   1.2000000e+01   2.7000000e+01   1.7000000e+01   1.0000000e+00   2.1000099e+01  -5.3680443e+01  -3.8616137e+01   4.9684599e+02   5.1418720e+00   1.9188052e+01   1.7714459e+01
   2.0100000e+03   1.2000000e+01   2.7000000e+01   1.7000000e+01   3.0000000e+00   5.0000000e+00  -5.3675923e+01  -3.8617517e+01   5.1040103e+02   5.3372612e+00   1.2964695e+01   1.1837036e+01
   2.0100000e+03   1.2000000e+01   2.7000000e+01   1.7000000e+01   4.0000000e+00   5.0000000e+01  -5.3671551e+01  -3.8618843e+01   4.9365921e+02   1.8752273e+00   9.1254543e+00   7.1701915e+00
   2.0100000e+03   1.2000000e+01   2.7000000e+01   1.7000000e+01   6.0000000e+00   3.4000000e+01  -5.3667153e+01  -3.8620287e+01   4.9784956e+02   3.2010267e+00   1.3545112e+01   1.2678215e+01
   2.0100000e+03   1.2000000e+01   2.7000000e+01   1.7000000e+01   8.0000000e+00   1.7999901e+01  -5.3662747e+01  -3.8621869e+01   5.0056143e+02   3.9103371e+00   1.6659599e+01   1.5392154e+01
   2.0100000e+03   1.2000000e+01   2.7000000e+01   1.7000000e+01   9.0000000e+00   5.9999901e+01  -5.3658402e+01  -3.8623417e+01   4.9337417e+02   3.1268888e+00   1.2612669e+01   1.1670799e+01
   2.0100000e+03   1.2000000e+01   2.7000000e+01   1.7000000e+01   1.1000000e+01   3.6000000e+01  -5.3653982e+01  -3.8625054e+01   5.0283713e+02   2.5068710e+00   7.6975454e+00   4.8830168e+00
   2.0100000e+03   1.2000000e+01   2.7000000e+01   1.7000000e+01   1.3000000e+01   9.0000000e+00  -5.3649549e+01  -3.8626761e+01   5.0533169e+02   1.8098567e+00   9.0941342e+00   5.4952307e+00
   2.0100000e+03   1.2000000e+01   2.7000000e+01   1.7000000e+01   1.4000000e+01   4.1000000e+01  -5.3645227e+01  -3.8628317e+01   4.9104635e+02   2.9793450e+00   1.3782562e+01   1.2661247e+01
   2.0100000e+03   1.2000000e+01   2.7000000e+01   1.7000000e+01   1.6000000e+01   1.3000000e+01  -5.3640778e+01  -3.8629752e+01   5.0335076e+02   3.7198079e+00   8.6508900e+00   7.7388248e+00
   2.0100000e+03   1.2000000e+01   2.7000000e+01   1.7000000e+01   1.7000000e+01   4.9000000e+01  -5.3636360e+01  -3.8631161e+01   4.9956344e+02   2.0389292e+00   6.8455364e+00   6.1305688e+00
   2.0100000e+03   1.2000000e+01   2.7000000e+01   1.7000000e+01   1.9000000e+01   2.9000000e+01  -5.3631902e+01  -3.8632539e+01   5.0368806e+02   2.1649544e+00   4.7884756e+00   3.0742982e+00
   2.0100000e+03   1.2000000e+01   2.7000000e+01   1.7000000e+01   2.1000000e+01   1.2000099e+01  -5.3627547e+01  -3.8633731e+01   4.9023330e+02   4.0517858e+00   8.9462099e+00   6.9386560e+00
   2.0100000e+03   1.2000000e+01   2.7000000e+01   1.7000000e+01   2.2000000e+01   5.1000000e+01  -5.3623079e+01  -3.8635180e+01   5.0561551e+02   2.8521395e+00   8.3446793e+00   6.1881960e+00
   2.0100000e+03   1.2000000e+01   2.7000000e+01   1.7000000e+01   2.4000000e+01   3.1000000e+01  -5.3618631e+01  -3.8636526e+01   5.0212369e+02   5.1391277e+00   1.3705679e+01   1.2010868e+01
   2.0100000e+03   1.2000000e+01   2.7000000e+01   1.7000000e+01   2.6000000e+01   1.5000000e+01  -5.3614112e+01  -3.8637970e+01   5.1106438e+02   5.7353682e+00   1.9629009e+01   1.8334180e+01
   2.0100000e+03   1.2000000e+01   2.7000000e+01   1.7000000e+01   2.7000000e+01   5.5000000e+01  -5.3609807e+01  -3.8639263e+01   4.8599208e+02   2.4406924e+00   9.1817699e+00   8.8370946e+00
   2.0100000e+03   1.2000000e+01   2.7000000e+01   1.7000000e+01   2.9000000e+01   4.0000000e+01  -5.3605376e+01  -3.8640553e+01   4.9957515e+02   3.5760535e+00   8.5595742e+00   7.9919116e+00
   2.0100000e+03   1.2000000e+01   2.7000000e+01   1.7000000e+01   3.1000000e+01   2.8000000e+01  -5.3601013e+01  -3.8641929e+01   4.9332175e+02   3.0749809e+00   1.0105395e+01   9.0164950e+00
   2.0100000e+03   1.2000000e+01   2.7000000e+01   1.7000000e+01   3.3000000e+01   1.2000000e+01  -5.3596537e+01  -3.8643290e+01   5.0535936e+02   3.3414962e+00   4.8913423e+00   4.2996541e+00
   2.0100000e+03   1.2000000e+01   2.7000000e+01   1.7000000e+01   3.6000000e+01   3.3000000e+01  -5.3587724e+01  -3.8646111e+01   9.9680734e+02   2.6882111e+00   6.5988937e+00   5.2142657e+00
   2.0100000e+03   1.2000000e+01   2.7000000e+01   1.7000000e+01   3.8000000e+01   1.2000000e+01  -5.3583231e+01  -3.8647647e+01   5.0949071e+02   3.1542095e+00   7.5187759e+00   7.1732748e+00
   2.0100000e+03   1.2000000e+01   2.7000000e+01   1.7000000e+01   3.9000000e+01   5.2000000e+01  -5.3578897e+01  -3.8649038e+01   4.9018269e+02   3.2467087e+00   7.5506371e+00   6.5222888e+00
   2.0100000e+03   1.2000000e+01   2.7000000e+01   1.7000000e+01   4.1000000e+01   3.3000000e+01  -5.3574519e+01  -3.8650438e+01   4.9516996e+02   1.7069455e+00   8.5423189e+00   7.9242984e+00
   2.0100000e+03   1.2000000e+01   2.7000000e+01   1.7000000e+01   4.3000000e+01   1.4000000e+01  -5.3570088e+01  -3.8651795e+01   5.0045366e+02   2.1906409e+00   6.9948322e+00   6.5173230e+00
   2.0100000e+03   1.2000000e+01   2.7000000e+01   1.7000000e+01   4.4000000e+01   5.4000000e+01  -5.3565616e+01  -3.8653207e+01   5.0557996e+02   9.1695285e-01   2.5662019e+00   2.1876380e+00
   2.0100000e+03   1.2000000e+01   2.7000000e+01   1.7000000e+01   4.6000000e+01   3.7000000e+01  -5.3561204e+01  -3.8654665e+01   4.9964397e+02   9.1164478e-01   2.4831314e+00   2.1208994e+00
   2.0100000e+03   1.2000000e+01   2.7000000e+01   1.7000000e+01   4.8000000e+01   1.7000000e+01  -5.3556827e+01  -3.8656117e+01   4.9572511e+02   1.5138123e+00   4.7682617e+00   4.2754735e+00
   2.0100000e+03   1.2000000e+01   2.7000000e+01   1.7000000e+01   4.9000000e+01   5.1000000e+01  -5.3552409e+01  -3.8657728e+01   5.0228358e+02   1.1506502e+00   2.5452997e+00   1.9560506e+00
   2.0100000e+03   1.2000000e+01   2.7000000e+01   1.7000000e+01   5.1000000e+01   2.6000099e+01  -5.3547966e+01  -3.8659258e+01   5.0398875e+02   1.4940350e+00   4.0471254e+00   2.8086697e+00
   2.0100000e+03   1.2000000e+01   2.7000000e+01   1.7000000e+01   5.3000000e+01   2.0000000e+00  -5.3543612e+01  -3.8660763e+01   4.9395298e+02   2.5965533e+00   5.7629121e+00   4.6363238e+00
   2.0100000e+03   1.2000000e+01   2.7000000e+01   1.7000000e+01   5.4000000e+01   3.6000000e+01  -5.3539120e+01  -3.8662313e+01   5.0943501e+02   3.0562201e+00   7.1076316e+00   5.9719857e+00
   2.0100000e+03   1.2000000e+01   2.7000000e+01   1.7000000e+01   5.6000000e+01   1.2000000e+01  -5.3534779e+01  -3.8663581e+01   4.8968363e+02   2.7980682e+00   6.5072661e+00   5.0643416e+00
   2.0100000e+03   1.2000000e+01   2.7000000e+01   1.7000000e+01   5.7000000e+01   5.1000000e+01  -5.3530335e+01  -3.8664949e+01   5.0197447e+02   1.4207306e+00   3.2011031e+00   2.7741200e+00
   2.0100000e+03   1.2000000e+01   2.7000000e+01   1.7000000e+01   5.9000000e+01   3.1000000e+01  -5.3525923e+01  -3.8666234e+01   4.9751591e+02   1.7761282e+00   4.8172779e+00   3.6256185e+00
   2.0100000e+03   1.2000000e+01   2.7000000e+01   1.8000000e+01   1.0000000e+00   1.4000000e+01  -5.3521479e+01  -3.8667468e+01   5.0054328e+02   6.0879099e-01   1.6993816e+00   1.2727606e+00
   2.0100000e+03   1.2000000e+01   2.7000000e+01   1.8000000e+01   2.0000000e+00   5.9000099e+01  -5.3517016e+01  -3.8668678e+01   5.0232214e+02   7.9057695e-01   2.7339449e+00   1.6232190e+00
   2.0100000e+03   1.2000000e+01   2.7000000e+01   1.8000000e+01   4.0000000e+00   4.3000000e+01  -5.3512669e+01  -3.8669799e+01   4.8865246e+02   7.1023398e-01   2.8922306e+00   2.4069207e+00
   2.0100000e+03   1.2000000e+01   2.7000000e+01   1.8000000e+01   6.0000000e+00   2.3999901e+01  -5.3508203e+01  -3.8671076e+01   5.0345092e+02   9.0447648e-01   2.0655180e+00   1.4803456e+00
   2.0100000e+03   1.2000000e+01   2.7000000e+01   1.8000000e+01   8.0000000e+00   6.0000000e+00  -5.3503702e+01  -3.8672455e+01   5.0831610e+02   8.4075423e-01   2.9524208e+00   2.4948395e+00
   2.0100000e+03   1.2000000e+01   2.7000000e+01   1.8000000e+01   9.0000000e+00   4.9000000e+01  -5.3499338e+01  -3.8673614e+01   4.9102495e+02   6.2708608e-01   1.4583690e+00   1.1267177e+00
   2.0100000e+03   1.2000000e+01   2.7000000e+01   1.8000000e+01   1.1000000e+01   3.0000000e+01  -5.3494877e+01  -3.8674997e+01   5.0405443e+02   5.4890097e-01   2.5152242e+00   2.0850563e+00
   2.0100000e+03   1.2000000e+01   2.7000000e+01   1.8000000e+01   1.3000000e+01   1.3000000e+01  -5.3490401e+01  -3.8676341e+01   5.0521065e+02   3.1184519e-01   5.9481409e-01   1.3333196e-01
   2.0100000e+03   1.2000000e+01   2.7000000e+01   1.8000000e+01   1.5000000e+01   0.0000000e+00  -5.3486047e+01  -3.8677704e+01   4.9211175e+02   1.2289583e+00   4.1105511e+00   3.3286431e+00
   2.0100000e+03   1.2000000e+01   2.7000000e+01   1.8000000e+01   1.6000000e+01   4.6000000e+01  -5.3481643e+01  -3.8678901e+01   4.9578530e+02   1.4324796e+00   5.1250891e+00   4.7389593e+00
   2.0100000e+03   1.2000000e+01   2.7000000e+01   1.8000000e+01   1.8000000e+01   3.2000099e+01  -5.3477303e+01  -3.8680294e+01   4.9090819e+02   9.2838909e-01   4.4509804e+00   3.7892073e+00
   2.0100000e+03   1.2000000e+01   2.7000000e+01   1.8000000e+01   2.0000000e+01   1.5000099e+01  -5.3472758e+01  -3.8681818e+01   5.1509062e+02   8.4336046e-01   6.3299852e+00   5.9588327e+00
   2.0100000e+03   1.2000000e+01   2.7000000e+01   1.8000000e+01   2.1000000e+01   5.5000000e+01  -5.3468351e+01  -3.8683297e+01   4.9928265e+02   2.1254597e+00   4.8361047e+00   4.6086405e+00
   2.0100000e+03   1.2000000e+01   2.7000000e+01   1.8000000e+01   2.3000000e+01   3.3000000e+01  -5.3463928e+01  -3.8684898e+01   5.0276581e+02   2.7221399e+00   7.7762188e+00   7.1834739e+00
   2.0100000e+03   1.2000000e+01   2.7000000e+01   1.8000000e+01   2.5000000e+01   8.0000000e+00  -5.3459575e+01  -3.8686530e+01   4.9564162e+02   2.7784197e+00   6.5049060e+00   6.0756077e+00
   2.0100000e+03   1.2000000e+01   2.7000000e+01   1.8000000e+01   2.6000000e+01   4.1000000e+01  -5.3455113e+01  -3.8688151e+01   5.0727356e+02   2.2847161e+00   6.4165925e+00   5.9628138e+00
   2.0100000e+03   1.2000000e+01   2.7000000e+01   1.8000000e+01   2.8000000e+01   1.9000000e+01  -5.3450761e+01  -3.8689716e+01   4.9456024e+02   1.5948494e+00   4.2909141e+00   4.1293333e+00
   2.0100000e+03   1.2000000e+01   2.7000000e+01   1.8000000e+01   2.9000000e+01   5.8999901e+01  -5.3446354e+01  -3.8691230e+01   4.9990473e+02   2.0828201e+00   4.8779720e+00   4.5649387e+00
   2.0100000e+03   1.2000000e+01   2.7000000e+01   1.8000000e+01   3.1000000e+01   4.3000000e+01  -5.3441940e+01  -3.8692598e+01   4.9875531e+02   2.1299793e+00   5.6707883e+00   5.5271635e+00
   2.0100000e+03   1.2000000e+01   2.7000000e+01   1.8000000e+01   3.3000000e+01   3.0000000e+01  -5.3437524e+01  -3.8693977e+01   4.9914876e+02   2.0334536e+00   4.7290569e+00   4.7290569e+00
   2.0100000e+03   1.2000000e+01   2.7000000e+01   1.8000000e+01   3.5000000e+01   1.8000000e+01  -5.3433169e+01  -3.8695366e+01   4.9259938e+02   1.7760323e+00   4.1303907e+00   3.8203345e+00
   2.0100000e+03   1.2000000e+01   2.7000000e+01   1.8000000e+01   3.6000000e+01   5.8000000e+01  -5.3428708e+01  -3.8696819e+01   5.0488993e+02   3.4245387e+00   7.3961168e+00   7.0078454e+00
   2.0100000e+03   1.2000000e+01   2.7000000e+01   1.8000000e+01   3.8000000e+01   3.4000099e+01  -5.3424344e+01  -3.8698202e+01   4.9351626e+02   8.8353673e+00   2.0441593e+01   2.0008742e+01
   2.0100000e+03   1.2000000e+01   2.7000000e+01   1.8000000e+01   4.0000000e+01   1.1000000e+01  -5.3419864e+01  -3.8699628e+01   5.0663590e+02   7.5090056e+00   1.7571040e+01   1.6349573e+01
   2.0100000e+03   1.2000000e+01   2.7000000e+01   1.8000000e+01   4.1000000e+01   4.4000000e+01  -5.3415490e+01  -3.8701081e+01   4.9554967e+02   4.5512000e+00   1.0343201e+01   8.7477119e+00
   2.0100000e+03   1.2000000e+01   2.7000000e+01   1.8000000e+01   4.3000000e+01   1.6000000e+01  -5.3411054e+01  -3.8702467e+01   5.0139655e+02   4.7084280e+00   9.5477781e+00   7.2187154e+00
   2.0100000e+03   1.2000000e+01   2.7000000e+01   1.8000000e+01   4.4000000e+01   5.0000000e+01  -5.3406588e+01  -3.8703839e+01   5.0445892e+02   2.5347404e+00   1.1774934e+01   9.6217340e+00
   2.0100000e+03   1.2000000e+01   2.7000000e+01   1.8000000e+01   4.6000000e+01   3.2000000e+01  -5.3402124e+01  -3.8705115e+01   5.0322876e+02   5.0939262e+00   1.4270480e+01   1.1584211e+01
   2.0100000e+03   1.2000000e+01   2.7000000e+01   1.8000000e+01   4.8000000e+01   1.8999901e+01  -5.3397768e+01  -3.8706341e+01   4.9079419e+02   4.6524361e+00   1.1474151e+01   8.4575573e+00
   2.0100000e+03   1.2000000e+01   2.7000000e+01   1.8000000e+01   5.0000000e+01   3.0000000e+00  -5.3393444e+01  -3.8707638e+01   4.8812051e+02   4.9125453e+00   1.0759860e+01   9.0896801e+00
   2.0100000e+03   1.2000000e+01   2.7000000e+01   1.8000000e+01   5.1000000e+01   4.3000000e+01  -5.3388967e+01  -3.8708946e+01   5.0493926e+02   3.8593444e+00   8.9754000e+00   8.4460164e+00
   2.0100000e+03   1.2000000e+01   2.7000000e+01   1.8000000e+01   5.5000000e+01   5.9999008e+00  -5.3380113e+01  -3.8711722e+01   1.0009323e+03   3.3335786e+00   7.4933516e+00   4.1227276e+00
   2.0100000e+03   1.2000000e+01   2.7000000e+01   1.8000000e+01   5.6000000e+01   5.1000000e+01  -5.3375647e+01  -3.8713027e+01   5.0376121e+02   6.1004909e+00   9.3516673e+00   5.7903057e+00
   2.0100000e+03   1.2000000e+01   2.7000000e+01   1.8000000e+01   5.8000000e+01   3.2000000e+01  -5.3371308e+01  -3.8714327e+01   4.8981138e+02   4.8849444e+00   1.0042501e+01   8.0555674e+00
   2.0100000e+03   1.2000000e+01   2.7000000e+01   1.9000000e+01   0.0000000e+00   1.0000099e+01  -5.3366818e+01  -3.8715770e+01   5.0794832e+02   1.1324025e+00   1.0974152e+01   1.0105172e+01
   2.0100000e+03   1.2000000e+01   2.7000000e+01   1.9000000e+01   1.0000000e+00   4.7000000e+01  -5.3362399e+01  -3.8717149e+01   4.9952601e+02   9.8834706e-01   1.4887263e+01   1.4241442e+01
   2.0100000e+03   1.2000000e+01   2.7000000e+01   1.9000000e+01   3.0000000e+00   2.4000000e+01  -5.3357977e+01  -3.8718643e+01   5.0122491e+02   9.7408841e-01   1.9206984e+01   1.8666380e+01
   2.0100000e+03   1.2000000e+01   2.7000000e+01   1.9000000e+01   5.0000000e+00   1.0000000e+00  -5.3353567e+01  -3.8720071e+01   4.9915569e+02   1.2809058e+00   1.3292338e+01   1.3235345e+01
   2.0100000e+03   1.2000000e+01   2.7000000e+01   1.9000000e+01   6.0000000e+00   3.8000099e+01  -5.3349152e+01  -3.8721548e+01   5.0026310e+02   5.6254250e+00   1.5704757e+01   1.5307842e+01
   2.0100000e+03   1.2000000e+01   2.7000000e+01   1.9000000e+01   8.0000000e+00   1.9000000e+01  -5.3344790e+01  -3.8722909e+01   4.9307263e+02   1.5927199e+00   1.0620051e+01   8.8565259e+00
   2.0100000e+03   1.2000000e+01   2.7000000e+01   1.9000000e+01   9.0000000e+00   5.8000000e+01  -5.3340341e+01  -3.8724377e+01   5.0384278e+02   2.3666761e+00   8.8573641e+00   7.6536135e+00
   2.0100000e+03   1.2000000e+01   2.7000000e+01   1.9000000e+01   1.1000000e+01   3.6000000e+01  -5.3335945e+01  -3.8725567e+01   4.9478947e+02   5.2779358e+00   1.1831076e+01   1.1076753e+01
   2.0100000e+03   1.2000000e+01   2.7000000e+01   1.9000000e+01   1.3000000e+01   1.5000000e+01  -5.3331529e+01  -3.8727022e+01   5.0018592e+02   6.5458411e+00   1.6640676e+01   1.6021660e+01
   2.0100000e+03   1.2000000e+01   2.7000000e+01   1.9000000e+01   1.4000000e+01   5.5000000e+01  -5.3327115e+01  -3.8728393e+01   4.9885786e+02   7.5082723e+00   1.7461449e+01   1.7073240e+01
   2.0100000e+03   1.2000000e+01   2.7000000e+01   1.9000000e+01   1.6000000e+01   3.8000099e+01  -5.3322677e+01  -3.8729786e+01   5.0174015e+02   5.7457037e+00   1.9569236e+01   1.8980223e+01
   2.0100000e+03   1.2000000e+01   2.7000000e+01   1.9000000e+01   1.8000000e+01   2.3000000e+01  -5.3318260e+01  -3.8731148e+01   4.9899314e+02   1.4451933e+01   3.3609821e+01   3.1487592e+01
   2.0100000e+03   1.2000000e+01   2.7000000e+01   1.9000000e+01   2.0000000e+01   6.0000000e+00  -5.3313866e+01  -3.8732532e+01   4.9688505e+02   1.1539319e+01   2.8167948e+01   2.2717037e+01
   2.0100000e+03   1.2000000e+01   2.7000000e+01   1.9000000e+01   2.1000000e+01   5.1000000e+01  -5.3309439e+01  -3.8733919e+01   5.0050388e+02   8.0236827e+00   3.3622071e+01   2.1894992e+01
   2.0100000e+03   1.2000000e+01   2.7000000e+01   1.9000000e+01   2.3000000e+01   3.9000000e+01  -5.3304989e+01  -3.8735368e+01   5.0368431e+02   7.0334860e+00   2.4726643e+01   1.2088686e+01
   2.0100000e+03   1.2000000e+01   2.7000000e+01   1.9000000e+01   2.5000000e+01   2.6000099e+01  -5.3300610e+01  -3.8736811e+01   4.9591845e+02   2.7006961e+00   1.1554085e+01   1.0741767e+01
   2.0100000e+03   1.2000000e+01   2.7000000e+01   1.9000000e+01   2.7000000e+01   9.0000992e+00  -5.3296185e+01  -3.8738208e+01   5.0045650e+02   2.3519025e+00   7.9206694e+00   7.4635700e+00
   2.0100000e+03   1.2000000e+01   2.7000000e+01   1.9000000e+01   2.8000000e+01   4.9000000e+01  -5.3291683e+01  -3.8739749e+01   5.1059355e+02   2.1131095e+00   1.0581701e+01   9.8402982e+00
   2.0100000e+03   1.2000000e+01   2.7000000e+01   1.9000000e+01   3.0000000e+01   2.8000000e+01  -5.3287338e+01  -3.8741172e+01   4.9195399e+02   3.0989180e+00   1.3729981e+01   1.2949918e+01
   2.0100000e+03   1.2000000e+01   2.7000000e+01   1.9000000e+01   3.2000000e+01   9.0000000e+00  -5.3282991e+01  -3.8742651e+01   4.9298127e+02   5.9983236e+00   1.3949870e+01   1.2201875e+01
   2.0100000e+03   1.2000000e+01   2.7000000e+01   1.9000000e+01   3.3000000e+01   5.1000000e+01  -5.3278556e+01  -3.8744250e+01   5.0408128e+02   3.4267227e+00   7.9692827e+00   7.7143588e+00
   2.0100000e+03   1.2000000e+01   2.7000000e+01   1.9000000e+01   3.7000000e+01   2.0000000e+01  -5.3269823e+01  -3.8746944e+01   9.8681440e+02   4.1545394e+00   9.4808803e+00   9.0848159e+00
   2.0100000e+03   1.2000000e+01   2.7000000e+01   1.9000000e+01   3.9000000e+01   4.0000000e+00  -5.3265374e+01  -3.8748249e+01   5.0193713e+02   2.3280490e+00   8.1326372e+00   7.1194130e+00
   2.0100000e+03   1.2000000e+01   2.7000000e+01   1.9000000e+01   4.0000000e+01   4.1000000e+01  -5.3260880e+01  -3.8749637e+01   5.0779355e+02   3.0562470e+00   7.4246116e+00   5.9349310e+00
