   2.0100000e+03   1.2000000e+01   2.6000000e+01   8.0000000e+00   5.8000000e+01   5.0999901e+01  -5.4054442e+01  -3.9392001e+01   5.0451548e+02   1.3229075e+00   1.1098809e+01   9.6847375e+00
   2.0100000e+03   1.2000000e+01   2.6000000e+01   9.0000000e+00   1.0000000e+00   1.3000000e+01  -5.4050034e+01  -3.9393367e+01   4.9783322e+02   5.1403147e+00   5.3774148e+00   3.9841994e+00
   2.0100000e+03   1.2000000e+01   2.6000000e+01   9.0000000e+00   3.0000000e+00   2.9000000e+01  -5.4045731e+01  -3.9394808e+01   4.8732487e+02   9.1355849e-01   1.7576886e+00   1.2589252e+00
   2.0100000e+03   1.2000000e+01   2.6000000e+01   9.0000000e+00   5.0000000e+00   3.1000000e+01  -5.4041196e+01  -3.9396283e+01   5.1306575e+02   3.5570492e-01   1.0340845e+00   7.5406929e-01
   2.0100000e+03   1.2000000e+01   2.6000000e+01   9.0000000e+00   7.0000000e+00   2.1000000e+01  -5.4036833e+01  -3.9397748e+01   4.9409790e+02   6.3617724e-01   2.1701259e+00   1.7229967e+00
   2.0100000e+03   1.2000000e+01   2.6000000e+01   9.0000000e+00   9.0000000e+00   4.0000000e+00  -5.4032375e+01  -3.9399248e+01   5.0500200e+02   2.2945910e-01   1.4660384e+00   1.4010544e+00
   2.0100000e+03   1.2000000e+01   2.6000000e+01   9.0000000e+00   1.0000000e+01   4.1000000e+01  -5.4027993e+01  -3.9400641e+01   4.9538085e+02   1.4145576e+00   4.8405599e+00   3.5207531e+00
   2.0100000e+03   1.2000000e+01   2.6000000e+01   9.0000000e+00   1.2000000e+01   1.5000099e+01  -5.4023491e+01  -3.9401999e+01   5.0799910e+02   1.3477197e+00   3.9341045e+00   3.1497780e+00
   2.0100000e+03   1.2000000e+01   2.6000000e+01   9.0000000e+00   1.3000000e+01   4.6000000e+01  -5.4019128e+01  -3.9403400e+01   4.9342208e+02   1.6110358e+00   4.1518336e+00   1.5027417e+00
   2.0100000e+03   1.2000000e+01   2.6000000e+01   9.0000000e+00   1.5000000e+01   1.9000099e+01  -5.4014698e+01  -3.9404797e+01   5.0055008e+02   2.7283133e+00   6.6837596e+00   3.3499477e+00
   2.0100000e+03   1.2000000e+01   2.6000000e+01   9.0000000e+00   1.6000000e+01   5.4000000e+01  -5.4010252e+01  -3.9406158e+01   5.0205242e+02   3.8429592e+00   7.5915881e+00   4.6114414e+00
   2.0100000e+03   1.2000000e+01   2.6000000e+01   9.0000000e+00   1.8000000e+01   2.9000000e+01  -5.4005773e+01  -3.9407488e+01   5.0518940e+02   2.2634538e+00   5.2639520e+00   4.2482298e+00
   2.0100000e+03   1.2000000e+01   2.6000000e+01   9.0000000e+00   2.0000000e+01   6.9999008e+00  -5.4001391e+01  -3.9408674e+01   4.9303644e+02   6.4726573e+00   1.5062030e+01   2.8247932e+00
   2.0100000e+03   1.2000000e+01   2.6000000e+01   9.0000000e+00   2.1000000e+01   4.9000000e+01  -5.3996947e+01  -3.9409974e+01   5.0105991e+02   1.8919348e+00   5.7536837e+00   4.9899572e+00
   2.0100000e+03   1.2000000e+01   2.6000000e+01   9.0000000e+00   2.3000000e+01   2.7000000e+01  -5.3992459e+01  -3.9411156e+01   5.0469610e+02   3.6374522e+00   9.1048558e+00   5.7205578e+00
   2.0100000e+03   1.2000000e+01   2.6000000e+01   9.0000000e+00   2.5000000e+01   6.0000000e+00  -5.3988082e+01  -3.9412261e+01   4.9163146e+02   8.4837489e-01   2.1137948e+00   5.3550741e-01
   2.0100000e+03   1.2000000e+01   2.6000000e+01   9.0000000e+00   2.6000000e+01   4.5000000e+01  -5.3983605e+01  -3.9413464e+01   5.0369975e+02   3.2459551e+02   7.5229138e+02   7.4557124e+02
   2.0100000e+03   1.2000000e+01   2.6000000e+01   9.0000000e+00   2.8000000e+01   2.4000000e+01  -5.3979189e+01  -3.9414650e+01   4.9672389e+02   4.4426192e+00   3.5605397e+00   1.5272434e+00
   2.0100000e+03   1.2000000e+01   2.6000000e+01   9.0000000e+00   3.0000000e+01   2.0000000e+00  -5.3974705e+01  -3.9415776e+01   5.0376736e+02   3.2272038e+00   2.0370476e+00   4.3363148e-01
   2.0100000e+03   1.2000000e+01   2.6000000e+01   9.0000000e+00   3.1000000e+01   4.0000099e+01  -5.3970327e+01  -3.9417004e+01   4.9303563e+02   1.6414783e+00   4.3067370e+00   1.2893919e+00
   2.0100000e+03   1.2000000e+01   2.6000000e+01   9.0000000e+00   3.3000000e+01   1.7000000e+01  -5.3965912e+01  -3.9418350e+01   4.9840194e+02   2.2957657e+00   5.3837862e+00   3.9769019e+00
   2.0100000e+03   1.2000000e+01   2.6000000e+01   9.0000000e+00   3.4000000e+01   5.2000099e+01  -5.3961375e+01  -3.9419642e+01   5.1120784e+02   2.4847601e+00   5.7786281e+00   4.2763152e+00
   2.0100000e+03   1.2000000e+01   2.6000000e+01   9.0000000e+00   3.6000000e+01   2.8000000e+01  -5.3956988e+01  -3.9420947e+01   4.9488696e+02   3.3412767e+00   4.2360134e+00   3.6633514e+00
   2.0100000e+03   1.2000000e+01   2.6000000e+01   9.0000000e+00   3.8000000e+01   4.0000000e+00  -5.3952537e+01  -3.9422217e+01   5.0152090e+02   2.7832161e+00   3.9208287e+00   8.5363511e-01
   2.0100000e+03   1.2000000e+01   2.6000000e+01   9.0000000e+00   3.9000000e+01   4.1000099e+01  -5.3948132e+01  -3.9423627e+01   4.9806608e+02   2.4649466e+00   4.8254783e+00   3.0526451e+00
   2.0100000e+03   1.2000000e+01   2.6000000e+01   9.0000000e+00   4.1000000e+01   1.9000000e+01  -5.3943705e+01  -3.9425013e+01   5.0024562e+02   4.2904015e-01   1.7858971e+00   1.6686685e-01
   2.0100000e+03   1.2000000e+01   2.6000000e+01   9.0000000e+00   4.2000000e+01   5.9000000e+01  -5.3939267e+01  -3.9426450e+01   5.0201247e+02   1.6635403e+00   3.9438411e+00   1.7354668e+00
   2.0100000e+03   1.2000000e+01   2.6000000e+01   9.0000000e+00   4.4000000e+01   3.8000000e+01  -5.3934822e+01  -3.9427863e+01   5.0245612e+02   2.9734641e+00   6.9151719e+00   5.3783476e+00
   2.0100000e+03   1.2000000e+01   2.6000000e+01   9.0000000e+00   4.6000000e+01   1.8000099e+01  -5.3930475e+01  -3.9429170e+01   4.9061077e+02   2.6770936e+00   6.5399004e+00   5.1270301e+00
   2.0100000e+03   1.2000000e+01   2.6000000e+01   9.0000000e+00   4.7000000e+01   5.8000000e+01  -5.3926030e+01  -3.9430445e+01   5.0083013e+02   4.1726739e+00   1.2074892e+01   6.8631639e+00
   2.0100000e+03   1.2000000e+01   2.6000000e+01   9.0000000e+00   4.9000000e+01   3.7000000e+01  -5.3921593e+01  -3.9431755e+01   5.0049077e+02   3.4533581e+00   8.2709616e+00   5.8195392e+00
   2.0100000e+03   1.2000000e+01   2.6000000e+01   9.0000000e+00   5.1000000e+01   1.3000000e+01  -5.3917060e+01  -3.9433024e+01   5.1050737e+02   4.5458763e+00   1.0183450e+01   1.0183450e+01
   2.0100000e+03   1.2000000e+01   2.6000000e+01   9.0000000e+00   5.2000000e+01   5.3000000e+01  -5.3912679e+01  -3.9434326e+01   4.9424766e+02   3.8114621e+00   6.2646414e+00   6.2646414e+00
   2.0100000e+03   1.2000000e+01   2.6000000e+01   9.0000000e+00   5.4000000e+01   3.0000000e+01  -5.3908263e+01  -3.9435595e+01   4.9759212e+02   7.6556594e+00   1.8642930e+01   1.8642930e+01
   2.0100000e+03   1.2000000e+01   2.6000000e+01   9.0000000e+00   5.6000000e+01   4.0000000e+00  -5.3903844e+01  -3.9436876e+01   4.9816665e+02   3.5782500e+00   6.0134467e+00   6.0134467e+00
   2.0100000e+03   1.2000000e+01   2.6000000e+01   9.0000000e+00   5.7000000e+01   4.0000000e+01  -5.3899356e+01  -3.9438155e+01   5.0574659e+02   4.4198129e+00   1.1394419e+01   1.1394419e+01
   2.0100000e+03   1.2000000e+01   2.6000000e+01   9.0000000e+00   5.9000000e+01   1.9000000e+01  -5.3894871e+01  -3.9439433e+01   5.0538453e+02   5.0939139e+00   1.1909389e+01   1.1050811e+01
   2.0100000e+03   1.2000000e+01   2.6000000e+01   1.0000000e+01   1.0000000e+00   1.7000000e+01  -5.3890386e+01  -3.9440805e+01   5.0634607e+02   3.1992855e+00   1.0685602e+01   9.9145288e+00
   2.0100000e+03   1.2000000e+01   2.6000000e+01   1.0000000e+01   3.0000000e+00   3.6000000e+01  -5.3886198e+01  -3.9441910e+01   4.7101514e+02   3.8884422e+00   6.6473541e+00   6.4840856e+00
   2.0100000e+03   1.2000000e+01   2.6000000e+01   1.0000000e+01   5.0000000e+00   5.1000000e+01  -5.3881695e+01  -3.9443390e+01   5.0965390e+02   3.2350653e+00   1.2845125e+01   1.2609906e+01
   2.0100000e+03   1.2000000e+01   2.6000000e+01   1.0000000e+01   8.0000000e+00   1.0000992e+00  -5.3877246e+01  -3.9444822e+01   5.0312529e+02   2.8901948e+00   1.0474108e+01   9.6461842e+00
   2.0100000e+03   1.2000000e+01   2.6000000e+01   1.0000000e+01   1.0000000e+01   1.5000000e+01  -5.3872861e+01  -3.9446299e+01   4.9679686e+02   9.1246513e+00   1.9401923e+01   1.9096573e+01
   2.0100000e+03   1.2000000e+01   2.6000000e+01   1.0000000e+01   1.2000000e+01   1.6000000e+01  -5.3868523e+01  -3.9447630e+01   4.8992353e+02   2.8406366e+00   9.9578328e+00   9.3450135e+00
   2.0100000e+03   1.2000000e+01   2.6000000e+01   1.0000000e+01   1.4000000e+01   4.0000000e+00  -5.3864059e+01  -3.9449069e+01   5.0493374e+02   2.7262161e+00   6.8652501e+00   4.7442957e+00
   2.0100000e+03   1.2000000e+01   2.6000000e+01   1.0000000e+01   1.5000000e+01   4.3000000e+01  -5.3859701e+01  -3.9450658e+01   4.9523692e+02   2.5863863e-01   2.0729449e+00   1.8839725e+00
   2.0100000e+03   1.2000000e+01   2.6000000e+01   1.0000000e+01   1.7000000e+01   2.0000000e+01  -5.3855220e+01  -3.9452313e+01   5.0965529e+02   3.3038544e-01   7.6835368e-01   3.9449253e-01
   2.0100000e+03   1.2000000e+01   2.6000000e+01   1.0000000e+01   1.8000000e+01   5.8000099e+01  -5.3850870e+01  -3.9453699e+01   4.9178715e+02   3.6906935e-01   8.5831808e-01   6.2411572e-01
   2.0100000e+03   1.2000000e+01   2.6000000e+01   1.0000000e+01   2.0000000e+01   3.8000000e+01  -5.3846405e+01  -3.9454981e+01   5.0327302e+02   9.6471560e-01   2.2806469e+00   1.4757045e+00
   2.0100000e+03   1.2000000e+01   2.6000000e+01   1.0000000e+01   2.2000000e+01   1.7000000e+01  -5.3841963e+01  -3.9456199e+01   4.9996504e+02   5.3094093e+00   1.0572202e+01   5.3844610e+00
   2.0100000e+03   1.2000000e+01   2.6000000e+01   1.0000000e+01   2.3000000e+01   5.4000099e+01  -5.3837538e+01  -3.9457394e+01   4.9796039e+02   7.3676722e+00   1.4784304e+01   1.3670997e+01
   2.0100000e+03   1.2000000e+01   2.6000000e+01   1.0000000e+01   2.5000000e+01   3.0000000e+01  -5.3833080e+01  -3.9458587e+01   5.0146382e+02   7.3520198e+00   1.2777034e+01   1.2001028e+01
   2.0100000e+03   1.2000000e+01   2.6000000e+01   1.0000000e+01   2.7000000e+01   4.0000000e+00  -5.3828663e+01  -3.9459855e+01   4.9786384e+02   6.3952848e+00   1.3895277e+01   9.5514338e+00
   2.0100000e+03   1.2000000e+01   2.6000000e+01   1.0000000e+01   2.8000000e+01   3.6000000e+01  -5.3824233e+01  -3.9461260e+01   5.0076901e+02   1.0633786e+01   2.0833592e+01   1.4826915e+01
   2.0100000e+03   1.2000000e+01   2.6000000e+01   1.0000000e+01   3.0000000e+01   8.0000000e+00  -5.3819777e+01  -3.9462659e+01   5.0356338e+02   1.1211190e+01   2.3887682e+01   1.5549536e+01
   2.0100000e+03   1.2000000e+01   2.6000000e+01   1.0000000e+01   3.1000000e+01   4.1000000e+01  -5.3815375e+01  -3.9463986e+01   4.9691832e+02   6.9900250e+00   1.4915034e+01   1.0540154e+01
   2.0100000e+03   1.2000000e+01   2.6000000e+01   1.0000000e+01   3.3000000e+01   1.3000000e+01  -5.3810959e+01  -3.9465239e+01   4.9747712e+02   9.2357789e+00   1.9185635e+01   1.3706962e+01
   2.0100000e+03   1.2000000e+01   2.6000000e+01   1.0000000e+01   3.4000000e+01   4.8000000e+01  -5.3806531e+01  -3.9466475e+01   4.9871231e+02   9.3651762e+00   2.2067760e+01   1.5729406e+01
   2.0100000e+03   1.2000000e+01   2.6000000e+01   1.0000000e+01   3.6000000e+01   2.5000000e+01  -5.3802020e+01  -3.9467776e+01   5.0842509e+02   7.2406161e+00   1.3522369e+01   9.4725338e+00
   2.0100000e+03   1.2000000e+01   2.6000000e+01   1.0000000e+01   3.8000000e+01   1.0000000e+00  -5.3797588e+01  -3.9468998e+01   4.9900302e+02   3.5237748e+00   9.7047909e+00   7.8948786e+00
   2.0100000e+03   1.2000000e+01   2.6000000e+01   1.0000000e+01   3.9000000e+01   3.6000000e+01  -5.3793211e+01  -3.9470229e+01   4.9304383e+02   4.4147681e+00   1.0267109e+01   7.9824802e+00
   2.0100000e+03   1.2000000e+01   2.6000000e+01   1.0000000e+01   4.1000000e+01   1.0000099e+01  -5.3788719e+01  -3.9471544e+01   5.0660698e+02   3.0188382e+00   7.2257379e+00   4.6771919e+00
   2.0100000e+03   1.2000000e+01   2.6000000e+01   1.0000000e+01   4.2000000e+01   4.2999901e+01  -5.3784343e+01  -3.9472879e+01   4.9410620e+02   3.3438769e+00   4.6995086e+00   3.7584093e+00
   2.0100000e+03   1.2000000e+01   2.6000000e+01   1.0000000e+01   4.4000000e+01   1.7000000e+01  -5.3779852e+01  -3.9474330e+01   5.0802710e+02   3.3568090e+00   8.8755247e+00   7.3537695e+00
   2.0100000e+03   1.2000000e+01   2.6000000e+01   1.0000000e+01   4.7000000e+01   2.8000000e+01  -5.3771057e+01  -3.9477051e+01   9.9344637e+02   4.6215441e+00   1.2716073e+01   8.6318530e+00
   2.0100000e+03   1.2000000e+01   2.6000000e+01   1.0000000e+01   4.9000000e+01   5.0000000e+00  -5.3766615e+01  -3.9478420e+01   5.0177469e+02   2.2013783e+00   9.8222915e+00   6.8083728e+00
   2.0100000e+03   1.2000000e+01   2.6000000e+01   1.0000000e+01   5.0000000e+01   4.0000000e+01  -5.3762244e+01  -3.9479682e+01   4.9273744e+02   1.8396375e+00   6.6870702e+00   4.9210084e+00
   2.0100000e+03   1.2000000e+01   2.6000000e+01   1.0000000e+01   5.2000000e+01   1.3000000e+01  -5.3757806e+01  -3.9480955e+01   5.0017280e+02   1.4450198e+00   4.9841114e+00   3.2136297e+00
   2.0100000e+03   1.2000000e+01   2.6000000e+01   1.0000000e+01   5.3000000e+01   4.6000000e+01  -5.3753320e+01  -3.9482226e+01   5.0538932e+02   3.5838762e+00   1.0071812e+01   7.9336651e+00
   2.0100000e+03   1.2000000e+01   2.6000000e+01   1.0000000e+01   5.5000000e+01   2.0999901e+01  -5.3748891e+01  -3.9483505e+01   4.9930990e+02   7.1772671e+00   1.7214847e+01   1.3760097e+01
   2.0100000e+03   1.2000000e+01   2.6000000e+01   1.0000000e+01   5.7000000e+01   1.0000000e+00  -5.3744463e+01  -3.9484708e+01   4.9834077e+02   3.9802918e+00   9.8294368e+00   6.8470772e+00
   2.0100000e+03   1.2000000e+01   2.6000000e+01   1.0000000e+01   5.8000000e+01   4.2000099e+01  -5.3740108e+01  -3.9485921e+01   4.9049322e+02   2.1462719e+00   9.4162577e+00   4.2170414e+00
   2.0100000e+03   1.2000000e+01   2.6000000e+01   1.1000000e+01   0.0000000e+00   2.2000000e+01  -5.3735661e+01  -3.9487228e+01   5.0151624e+02   4.0094477e+00   1.6041711e+01   9.6929216e+00
   2.0100000e+03   1.2000000e+01   2.6000000e+01   1.1000000e+01   2.0000000e+00   0.0000000e+00  -5.3731203e+01  -3.9488523e+01   5.0260576e+02   5.2426904e+00   1.2445857e+01   7.3053095e+00
   2.0100000e+03   1.2000000e+01   2.6000000e+01   1.1000000e+01   3.0000000e+00   3.8000099e+01  -5.3726749e+01  -3.9489763e+01   5.0163261e+02   2.1292506e+00   1.0185893e+01   4.9796655e+00
   2.0100000e+03   1.2000000e+01   2.6000000e+01   1.1000000e+01   5.0000000e+00   1.7000000e+01  -5.3722371e+01  -3.9491057e+01   4.9380196e+02   5.9416405e+00   1.3970717e+01   9.0291890e+00
   2.0100000e+03   1.2000000e+01   2.6000000e+01   1.1000000e+01   6.0000000e+00   5.5000000e+01  -5.3717899e+01  -3.9492375e+01   5.0442056e+02   6.3224418e+00   1.4761560e+01   6.7452443e+00
   2.0100000e+03   1.2000000e+01   2.6000000e+01   1.1000000e+01   8.0000000e+00   3.1000000e+01  -5.3713370e+01  -3.9493676e+01   5.1056435e+02   3.9956564e+00   1.4016861e+01   9.3594707e+00
   2.0100000e+03   1.2000000e+01   2.6000000e+01   1.1000000e+01   1.0000000e+01   1.6000000e+01  -5.3708883e+01  -3.9495192e+01   5.0847842e+02   7.2025578e+00   1.7004234e+01   6.5169903e+00
   2.0100000e+03   1.2000000e+01   2.6000000e+01   1.1000000e+01   1.2000000e+01   2.2000000e+01  -5.3704518e+01  -3.9496444e+01   4.9190331e+02   4.6489943e+00   1.0987270e+01   5.7723877e+00
   2.0100000e+03   1.2000000e+01   2.6000000e+01   1.1000000e+01   1.4000000e+01   3.9000000e+01  -5.3700121e+01  -3.9497498e+01   4.9353581e+02   4.4410108e+00   1.1222885e+01   6.1940917e+00
   2.0100000e+03   1.2000000e+01   2.6000000e+01   1.1000000e+01   1.6000000e+01   5.6000000e+01  -5.3695668e+01  -3.9498526e+01   4.9937219e+02   3.6363512e+00   7.0954628e+00   4.3358504e+00
   2.0100000e+03   1.2000000e+01   2.6000000e+01   1.1000000e+01   1.9000000e+01   1.0000000e+01  -5.3691257e+01  -3.9499664e+01   4.9592046e+02   2.4042138e+00   7.9436415e+00   3.9296601e+00
   2.0100000e+03   1.2000000e+01   2.6000000e+01   1.1000000e+01   2.1000000e+01   1.4999901e+01  -5.3686955e+01  -3.9500798e+01   4.8380186e+02   2.6803426e+00   4.8763777e+00   2.2546903e+00
   2.0100000e+03   1.2000000e+01   2.6000000e+01   1.1000000e+01   2.3000000e+01   7.0000000e+00  -5.3682374e+01  -3.9502082e+01   5.1601934e+02   2.5767049e+00   8.4584567e+00   4.6889353e+00
   2.0100000e+03   1.2000000e+01   2.6000000e+01   1.1000000e+01   2.4000000e+01   5.0000000e+01  -5.3677958e+01  -3.9503410e+01   4.9836646e+02   4.9742489e+00   1.1568253e+01   5.5948577e+00
   2.0100000e+03   1.2000000e+01   2.6000000e+01   1.1000000e+01   2.6000000e+01   2.8000099e+01  -5.3673531e+01  -3.9504966e+01   5.0256256e+02   7.7773738e+00   2.0881932e+01   4.8481642e+00
   2.0100000e+03   1.2000000e+01   2.6000000e+01   1.1000000e+01   2.8000000e+01   8.0000000e+00  -5.3669194e+01  -3.9506545e+01   4.9296140e+02   2.4288028e+00   5.7299176e+00   3.3178324e+00
   2.0100000e+03   1.2000000e+01   2.6000000e+01   1.1000000e+01   2.9000000e+01   4.9000000e+01  -5.3664755e+01  -3.9508127e+01   5.0410024e+02   2.0228943e+00   3.3836468e+00   1.0087229e+00
   2.0100000e+03   1.2000000e+01   2.6000000e+01   1.1000000e+01   3.1000000e+01   2.7000000e+01  -5.3660343e+01  -3.9509683e+01   5.0085780e+02   1.4332648e+00   6.0685841e+00   4.8628072e+00
   2.0100000e+03   1.2000000e+01   2.6000000e+01   1.1000000e+01   3.3000000e+01   4.0000000e+00  -5.3655997e+01  -3.9511123e+01   4.9213983e+02   1.2024972e+00   5.5763571e+00   2.8257863e+00
   2.0100000e+03   1.2000000e+01   2.6000000e+01   1.1000000e+01   3.4000000e+01   3.9000099e+01  -5.3651581e+01  -3.9512598e+01   5.0029804e+02   2.3988363e+00   5.5788012e+00   4.4064550e+00
   2.0100000e+03   1.2000000e+01   2.6000000e+01   1.1000000e+01   3.6000000e+01   1.3000000e+01  -5.3647027e+01  -3.9513955e+01   5.1387900e+02   3.1773951e+00   7.3894394e+00   5.5188283e+00
   2.0100000e+03   1.2000000e+01   2.6000000e+01   1.1000000e+01   3.7000000e+01   5.0000000e+01  -5.3642610e+01  -3.9515140e+01   4.9698019e+02   2.6048410e+00   5.2302160e+00   4.3891703e+00
   2.0100000e+03   1.2000000e+01   2.6000000e+01   1.1000000e+01   3.9000000e+01   3.4000000e+01  -5.3638196e+01  -3.9516250e+01   4.9581695e+02   1.9325747e+00   8.0344991e+00   6.5196634e+00
   2.0100000e+03   1.2000000e+01   2.6000000e+01   1.1000000e+01   4.1000000e+01   1.3000000e+01  -5.3633791e+01  -3.9517329e+01   4.9471218e+02   2.3870486e+00   1.0483820e+01   7.9494985e+00
   2.0100000e+03   1.2000000e+01   2.6000000e+01   1.1000000e+01   4.2000000e+01   5.2000000e+01  -5.3629352e+01  -3.9518573e+01   4.9999624e+02   3.0222082e+00   1.2515883e+01   1.0681075e+01
   2.0100000e+03   1.2000000e+01   2.6000000e+01   1.1000000e+01   4.4000000e+01   3.0000099e+01  -5.3624920e+01  -3.9519931e+01   5.0049923e+02   1.3602758e+00   7.8899733e+00   5.9534208e+00
   2.0100000e+03   1.2000000e+01   2.6000000e+01   1.1000000e+01   4.6000000e+01   1.0000099e+01  -5.3620448e+01  -3.9521381e+01   5.0605993e+02   1.8407033e+00   6.5914750e+00   4.2840880e+00
   2.0100000e+03   1.2000000e+01   2.6000000e+01   1.1000000e+01   4.7000000e+01   4.9000000e+01  -5.3616116e+01  -3.9522807e+01   4.9050362e+02   9.1250970e-01   1.0691330e+01   9.1824187e+00
   2.0100000e+03   1.2000000e+01   2.6000000e+01   1.1000000e+01   4.9000000e+01   2.8000000e+01  -5.3611671e+01  -3.9524191e+01   5.0225342e+02   4.2094869e+00   9.7897013e+00   7.2542509e+00
   2.0100000e+03   1.2000000e+01   2.6000000e+01   1.1000000e+01   5.1000000e+01   5.0000000e+00  -5.3607196e+01  -3.9525594e+01   5.0579563e+02   1.3758925e+00   8.4933880e+00   7.1969464e+00
   2.0100000e+03   1.2000000e+01   2.6000000e+01   1.1000000e+01   5.2000000e+01   4.2000000e+01  -5.3602781e+01  -3.9526776e+01   4.9671035e+02   4.4782790e+00   1.0660950e+01   7.9598386e+00
   2.0100000e+03   1.2000000e+01   2.6000000e+01   1.1000000e+01   5.4000000e+01   1.8000000e+01  -5.3598429e+01  -3.9528104e+01   4.9146670e+02   4.3356745e+00   1.0243389e+01   9.9962997e+00
   2.0100000e+03   1.2000000e+01   2.6000000e+01   1.1000000e+01   5.5000000e+01   5.5000099e+01  -5.3593924e+01  -3.9529530e+01   5.0942397e+02   4.0259428e+00   1.1481273e+01   1.1016289e+01
   2.0100000e+03   1.2000000e+01   2.6000000e+01   1.1000000e+01   5.7000000e+01   3.2000000e+01  -5.3589467e+01  -3.9530726e+01   5.0145993e+02   3.2759357e+00   7.3807583e+00   6.6346632e+00
   2.0100000e+03   1.2000000e+01   2.6000000e+01   1.1000000e+01   5.9000000e+01   6.0000000e+00  -5.3585115e+01  -3.9532047e+01   4.9138747e+02   3.9611520e+00   9.2741912e+00   9.0273863e+00
   2.0100000e+03   1.2000000e+01   2.6000000e+01   1.2000000e+01   0.0000000e+00   4.2000000e+01  -5.3580645e+01  -3.9533413e+01   5.0479705e+02   4.9822177e+00   8.4131548e+00   5.1146487e+00
   2.0100000e+03   1.2000000e+01   2.6000000e+01   1.2000000e+01   2.0000000e+00   1.6000000e+01  -5.3576205e+01  -3.9534776e+01   5.0152491e+02   5.8793551e+00   1.3673194e+01   1.0567474e+01
   2.0100000e+03   1.2000000e+01   2.6000000e+01   1.2000000e+01   3.0000000e+00   5.3000000e+01  -5.3571885e+01  -3.9536132e+01   4.8823964e+02   5.2624543e+00   1.2238512e+01   1.1515374e+01
   2.0100000e+03   1.2000000e+01   2.6000000e+01   1.2000000e+01   5.0000000e+00   2.9000000e+01  -5.3567427e+01  -3.9537427e+01   5.0279339e+02   8.5579999e+00   2.2649873e+01   2.1957426e+01
   2.0100000e+03   1.2000000e+01   2.6000000e+01   1.2000000e+01   7.0000000e+00   5.0000000e+00  -5.3562930e+01  -3.9538760e+01   5.0738055e+02   7.0172137e+00   1.6319430e+01   1.6061892e+01
   2.0100000e+03   1.2000000e+01   2.6000000e+01   1.2000000e+01   8.0000000e+00   4.1000000e+01  -5.3558535e+01  -3.9540072e+01   4.9597454e+02   1.0549048e+01   2.4533162e+01   2.3567654e+01
   2.0100000e+03   1.2000000e+01   2.6000000e+01   1.2000000e+01   1.0000000e+01   1.4999901e+01  -5.3554079e+01  -3.9541455e+01   5.0348199e+02   8.0012820e+00   1.8365256e+01   1.7471913e+01
   2.0100000e+03   1.2000000e+01   2.6000000e+01   1.2000000e+01   1.1000000e+01   5.1000000e+01  -5.3549648e+01  -3.9542653e+01   4.9871755e+02   1.0724192e+01   2.4940483e+01   2.2326828e+01
   2.0100000e+03   1.2000000e+01   2.6000000e+01   1.2000000e+01   1.3000000e+01   2.7000000e+01  -5.3545228e+01  -3.9543963e+01   4.9861451e+02   4.5262030e+00   1.0526265e+01   9.3517359e+00
   2.0100000e+03   1.2000000e+01   2.6000000e+01   1.2000000e+01   1.5000000e+01   1.9999008e+00  -5.3540823e+01  -3.9545254e+01   4.9687079e+02   4.8667104e+00   1.1318159e+01   1.0486739e+01
   2.0100000e+03   1.2000000e+01   2.6000000e+01   1.2000000e+01   1.6000000e+01   4.0000000e+01  -5.3536289e+01  -3.9546654e+01   5.1229529e+02   6.4009693e+00   1.4886274e+01   1.4432920e+01
   2.0100000e+03   1.2000000e+01   2.6000000e+01   1.2000000e+01   1.8000000e+01   3.4000099e+01  -5.3531904e+01  -3.9548144e+01   4.9708006e+02   4.6939395e+00   1.0968160e+01   7.9480188e+00
   2.0100000e+03   1.2000000e+01   2.6000000e+01   1.2000000e+01   2.0000000e+01   4.7000000e+01  -5.3527506e+01  -3.9549328e+01   4.9494421e+02   2.9611818e+00   6.3955052e+00   5.4670070e+00
   2.0100000e+03   1.2000000e+01   2.6000000e+01   1.2000000e+01   2.3000000e+01   6.0000000e+00  -5.3523062e+01  -3.9550396e+01   4.9884120e+02   2.2764900e+00   4.8309906e+00   3.7561000e+00
   2.0100000e+03   1.2000000e+01   2.6000000e+01   1.2000000e+01   2.5000000e+01   2.3000000e+01  -5.3518697e+01  -3.9551587e+01   4.9134051e+02   3.5130419e+00   8.1700292e+00   6.7802123e+00
   2.0100000e+03   1.2000000e+01   2.6000000e+01   1.2000000e+01   2.7000000e+01   3.7000000e+01  -5.3514199e+01  -3.9552911e+01   5.0745715e+02   4.4368456e+00   7.2321116e+00   5.4081779e+00
   2.0100000e+03   1.2000000e+01   2.6000000e+01   1.2000000e+01   3.1000000e+01   4.0000099e+01  -5.3505376e+01  -3.9555440e+01   9.9449199e+02   4.9018500e+00   1.1602058e+01   1.0229754e+01
   2.0100000e+03   1.2000000e+01   2.6000000e+01   1.2000000e+01   3.3000000e+01   1.8000000e+01  -5.3500963e+01  -3.9556792e+01   4.9840759e+02   5.9653496e+00   1.3873185e+01   1.2578078e+01
   2.0100000e+03   1.2000000e+01   2.6000000e+01   1.2000000e+01   3.4000000e+01   5.2000099e+01  -5.3496545e+01  -3.9558180e+01   4.9946538e+02   5.6089073e+00   1.3254733e+01   1.2973840e+01
   2.0100000e+03   1.2000000e+01   2.6000000e+01   1.2000000e+01   3.6000000e+01   2.5000000e+01  -5.3492163e+01  -3.9559639e+01   4.9645418e+02   3.8880986e+00   9.0422714e+00   8.6376453e+00
   2.0100000e+03   1.2000000e+01   2.6000000e+01   1.2000000e+01   3.7000000e+01   5.8000099e+01  -5.3487754e+01  -3.9561019e+01   4.9824458e+02   5.4067849e+00   1.6492894e+01   1.5671386e+01
   2.0100000e+03   1.2000000e+01   2.6000000e+01   1.2000000e+01   3.9000000e+01   3.1000099e+01  -5.3483284e+01  -3.9562528e+01   5.0668391e+02   5.5529703e+00   1.7644572e+01   1.5316918e+01
   2.0100000e+03   1.2000000e+01   2.6000000e+01   1.2000000e+01   4.1000000e+01   9.0000000e+00  -5.3478903e+01  -3.9563913e+01   4.9529957e+02   6.9515276e+00   1.5833830e+01   1.3870673e+01
   2.0100000e+03   1.2000000e+01   2.6000000e+01   1.2000000e+01   4.2000000e+01   4.9000000e+01  -5.3474491e+01  -3.9565195e+01   4.9763673e+02   5.8470387e+00   1.7682728e+01   1.6830967e+01
   2.0100000e+03   1.2000000e+01   2.6000000e+01   1.2000000e+01   4.4000000e+01   2.6000000e+01  -5.3470057e+01  -3.9566476e+01   4.9992807e+02   6.8590516e+00   1.5951603e+01   1.5201739e+01
   2.0100000e+03   1.2000000e+01   2.6000000e+01   1.2000000e+01   4.5000000e+01   5.9000099e+01  -5.3465569e+01  -3.9567678e+01   5.0498479e+02   2.0911264e+01   4.8157158e+01   2.4008274e+01
   2.0100000e+03   1.2000000e+01   2.6000000e+01   1.2000000e+01   4.7000000e+01   3.0000000e+01  -5.3461135e+01  -3.9568960e+01   4.9998367e+02   5.7699482e+01   7.1187874e+01   2.7202672e+01
   2.0100000e+03   1.2000000e+01   2.6000000e+01   1.2000000e+01   4.9000000e+01   3.0000000e+00  -5.3456693e+01  -3.9570218e+01   5.0049014e+02   2.2898273e+01   3.9225407e+01   1.0266036e+01
   2.0100000e+03   1.2000000e+01   2.6000000e+01   1.2000000e+01   5.0000000e+01   3.7000099e+01  -5.3452224e+01  -3.9571489e+01   5.0365338e+02   6.8158909e+00   1.5851228e+01   1.1086239e+01
   2.0100000e+03   1.2000000e+01   2.6000000e+01   1.2000000e+01   5.2000000e+01   1.0000099e+01  -5.3447868e+01  -3.9572756e+01   4.9130094e+02   3.7150791e+00   9.6836514e+00   1.8617906e+00
   2.0100000e+03   1.2000000e+01   2.6000000e+01   1.2000000e+01   5.3000000e+01   4.5000000e+01  -5.3443384e+01  -3.9574061e+01   5.0566897e+02   2.1444389e+00   8.1375324e+00   3.4325054e+00
   2.0100000e+03   1.2000000e+01   2.6000000e+01   1.2000000e+01   5.5000000e+01   1.9000000e+01  -5.3438988e+01  -3.9575303e+01   4.9530734e+02   5.6428956e+00   1.3123277e+01   5.7423997e+00
   2.0100000e+03   1.2000000e+01   2.6000000e+01   1.2000000e+01   5.6000000e+01   5.3000000e+01  -5.3434548e+01  -3.9576473e+01   4.9948839e+02   3.4345634e+00   1.7210071e+01   1.0428391e+01
   2.0100000e+03   1.2000000e+01   2.6000000e+01   1.2000000e+01   5.8000000e+01   2.7000000e+01  -5.3430157e+01  -3.9577878e+01   4.9672987e+02   4.1489825e+00   1.4196544e+01   6.9204901e+00
   2.0100000e+03   1.2000000e+01   2.6000000e+01   1.3000000e+01   0.0000000e+00   1.9999008e+00  -5.3425691e+01  -3.9579363e+01   5.0587029e+02   1.6054676e+00   4.4850606e+00   0.0000000e+00
   2.0100000e+03   1.2000000e+01   2.6000000e+01   1.3000000e+01   1.0000000e+00   3.8000000e+01  -5.3421270e+01  -3.9580726e+01   4.9949512e+02   1.0379328e+01   2.4138458e+01   2.1598561e+01
   2.0100000e+03   1.2000000e+01   2.6000000e+01   1.3000000e+01   3.0000000e+00   1.3000000e+01  -5.3416885e+01  -3.9582065e+01   4.9520556e+02   1.5241328e+00   8.0271725e+00   4.4297599e+00
   2.0100000e+03   1.2000000e+01   2.6000000e+01   1.3000000e+01   4.0000000e+00   4.9000000e+01  -5.3412470e+01  -3.9583371e+01   4.9818545e+02   2.1277221e+00   5.9741943e+00   4.8175897e+00
   2.0100000e+03   1.2000000e+01   2.6000000e+01   1.3000000e+01   6.0000000e+00   2.7000000e+01  -5.3407996e+01  -3.9584720e+01   5.0519230e+02   7.6293405e-01   4.4645621e+00   3.4498006e+00
   2.0100000e+03   1.2000000e+01   2.6000000e+01   1.3000000e+01   8.0000000e+00   8.0000000e+00  -5.3403603e+01  -3.9586062e+01   4.9616236e+02   1.4472258e+00   4.1819053e+00   4.1819053e+00
   2.0100000e+03   1.2000000e+01   2.6000000e+01   1.3000000e+01   9.0000000e+00   5.0000000e+01  -5.3399203e+01  -3.9587222e+01   4.9489726e+02   4.3665690e+00   1.0178766e+01   6.7800035e+00
   2.0100000e+03   1.2000000e+01   2.6000000e+01   1.3000000e+01   1.1000000e+01   3.4999901e+01  -5.3394649e+01  -3.9588419e+01   5.1225903e+02   3.3633892e+00   7.8219925e+00   2.2456385e+00
   2.0100000e+03   1.2000000e+01   2.6000000e+01   1.3000000e+01   1.3000000e+01   2.1000000e+01  -5.3390262e+01  -3.9589625e+01   4.9391541e+02   1.8211953e+00   5.5047050e+00   4.5086474e+00
   2.0100000e+03   1.2000000e+01   2.6000000e+01   1.3000000e+01   1.5000000e+01   5.0000000e+00  -5.3385917e+01  -3.9590785e+01   4.8893770e+02   1.6027369e+00   6.1400482e+00   4.0393786e+00
   2.0100000e+03   1.2000000e+01   2.6000000e+01   1.3000000e+01   1.6000000e+01   4.3000000e+01  -5.3381445e+01  -3.9592070e+01   5.0417017e+02   4.9697245e+00   1.4342358e+01   5.9522541e+00
   2.0100000e+03   1.2000000e+01   2.6000000e+01   1.3000000e+01   1.8000000e+01   1.7000000e+01  -5.3376936e+01  -3.9593423e+01   5.0896186e+02   1.0666621e+00   6.2301068e+00   3.8643806e+00
   2.0100000e+03   1.2000000e+01   2.6000000e+01   1.3000000e+01   1.9000000e+01   4.7000000e+01  -5.3372569e+01  -3.9594735e+01   4.9307480e+02   8.9833382e-01   2.7826647e+00   1.9503009e+00
   2.0100000e+03   1.2000000e+01   2.6000000e+01   1.3000000e+01   2.1000000e+01   1.9000000e+01  -5.3368165e+01  -3.9596018e+01   4.9664077e+02   1.5827478e+00   3.0365444e+00   2.8937958e+00
   2.0100000e+03   1.2000000e+01   2.6000000e+01   1.3000000e+01   2.2000000e+01   5.1000000e+01  -5.3363716e+01  -3.9597387e+01   5.0271102e+02   2.7417577e+00   8.1403797e+00   3.8514574e+00
   2.0100000e+03   1.2000000e+01   2.6000000e+01   1.3000000e+01   2.4000000e+01   2.5000000e+01  -5.3359107e+01  -3.9598935e+01   5.2226781e+02   1.3616825e+00   6.0201295e+00   4.5263265e+00
   2.0100000e+03   1.2000000e+01   2.6000000e+01   1.3000000e+01   2.6000000e+01   2.7000000e+01  -5.3354769e+01  -3.9600640e+01   4.9508737e+02   1.8761702e+00   4.3632742e+00   1.5018737e+00
   2.0100000e+03   1.2000000e+01   2.6000000e+01   1.3000000e+01   2.8000000e+01   5.0999901e+01  -5.3350551e+01  -3.9602081e+01   4.7840354e+02   1.5342126e+00   2.6187359e+00   2.3620336e+00
   2.0100000e+03   1.2000000e+01   2.6000000e+01   1.3000000e+01   3.0000000e+01   1.2000000e+01  -5.3348077e+01  -3.9602510e+01   2.7637175e+02   2.6384926e-02   6.1361528e-02   6.1361528e-02
