   2.0100000e+03   1.2000000e+01   3.0000000e+01   9.0000000e+00   0.0000000e+00   5.3000000e+01  -5.3166317e+01  -3.7987076e+01   5.0225700e+02   1.9138393e+00   1.1192219e+01   4.1126377e+00
   2.0100000e+03   1.2000000e+01   3.0000000e+01   9.0000000e+00   2.0000000e+00   1.6000000e+01  -5.3162373e+01  -3.7983405e+01   5.0187452e+02   1.6021971e+00   5.2458952e+00   2.1645849e+00
   2.0100000e+03   1.2000000e+01   3.0000000e+01   9.0000000e+00   3.0000000e+00   4.1000000e+01  -5.3158797e+01  -3.7979107e+01   4.8978085e+02   2.4566699e+00   7.3891028e+00   6.1402652e+00
   2.0100000e+03   1.2000000e+01   3.0000000e+01   9.0000000e+00   5.0000000e+00   1.4000000e+01  -5.3155615e+01  -3.7973326e+01   5.2285587e+02   1.3052750e+00   3.0355842e+00   2.3750018e+00
   2.0100000e+03   1.2000000e+01   3.0000000e+01   9.0000000e+00   7.0000000e+00   6.0000000e+00  -5.3158423e+01  -3.7968899e+01   4.2933342e+02   2.2762360e+00   5.6944285e+00   4.8506935e+00
   2.0100000e+03   1.2000000e+01   3.0000000e+01   9.0000000e+00   9.0000000e+00   1.8000000e+01  -5.3162482e+01  -3.7965633e+01   5.0079483e+02   1.9655953e+01   4.5724054e+01   5.9966047e+00
   2.0100000e+03   1.2000000e+01   3.0000000e+01   9.0000000e+00   1.1000000e+01   4.0000000e+01  -5.3166698e+01  -3.7963892e+01   4.8266135e+02   2.8626160e+01   8.3065536e+01   2.4773853e+01
   2.0100000e+03   1.2000000e+01   3.0000000e+01   9.0000000e+00   1.4000000e+01   2.0000000e+00  -5.3171166e+01  -3.7962242e+01   5.0848577e+02   4.0179413e+00   9.3442373e+00   4.3806093e+00
   2.0100000e+03   1.2000000e+01   3.0000000e+01   9.0000000e+00   1.6000000e+01   2.2000000e+01  -5.3175480e+01  -3.7960502e+01   4.9316825e+02   2.4054182e+00   5.5941082e+00   5.1245686e+00
   2.0100000e+03   1.2000000e+01   3.0000000e+01   9.0000000e+00   1.8000000e+01   2.7000000e+01  -5.3179791e+01  -3.7959042e+01   4.8880823e+02   1.3273868e+00   3.2057264e+00   2.8512703e+00
   2.0100000e+03   1.2000000e+01   3.0000000e+01   9.0000000e+00   2.0000000e+01   1.2000000e+01  -5.3184302e+01  -3.7957543e+01   5.1112685e+02   4.6678653e+00   1.0646345e+01   1.0433066e+01
   2.0100000e+03   1.2000000e+01   3.0000000e+01   9.0000000e+00   2.1000000e+01   4.9000000e+01  -5.3188682e+01  -3.7956084e+01   4.9631948e+02   3.6417567e+00   6.2563589e+00   5.6965527e+00
   2.0100000e+03   1.2000000e+01   3.0000000e+01   9.0000000e+00   2.3000000e+01   2.4000000e+01  -5.3193099e+01  -3.7954469e+01   5.0247797e+02   5.3117424e+00   1.2353138e+01   1.2096830e+01
   2.0100000e+03   1.2000000e+01   3.0000000e+01   9.0000000e+00   2.4000000e+01   5.9000000e+01  -5.3197498e+01  -3.7952855e+01   5.0048525e+02   4.7652981e+00   1.1539192e+01   1.0751111e+01
   2.0100000e+03   1.2000000e+01   3.0000000e+01   9.0000000e+00   2.6000000e+01   3.2000000e+01  -5.3201891e+01  -3.7951296e+01   4.9901455e+02   3.3837077e+00   8.8509943e+00   8.4351519e+00
   2.0100000e+03   1.2000000e+01   3.0000000e+01   9.0000000e+00   2.8000000e+01   4.0000000e+00  -5.3206308e+01  -3.7949645e+01   5.0297147e+02   1.8895844e+00   5.5846656e+00   5.2343912e+00
   2.0100000e+03   1.2000000e+01   3.0000000e+01   9.0000000e+00   2.9000000e+01   3.6000000e+01  -5.3210713e+01  -3.7947952e+01   5.0230291e+02   1.7441280e+00   3.9574070e+00   3.5522614e+00
   2.0100000e+03   1.2000000e+01   3.0000000e+01   9.0000000e+00   3.1000000e+01   9.0000000e+00  -5.3215070e+01  -3.7946316e+01   4.9626141e+02   2.0008566e+00   4.8526236e+00   3.9885787e+00
   2.0100000e+03   1.2000000e+01   3.0000000e+01   9.0000000e+00   3.2000000e+01   4.4000099e+01  -5.3219415e+01  -3.7944668e+01   4.9504243e+02   2.5841562e+00   6.0502194e+00   4.9773109e+00
   2.0100000e+03   1.2000000e+01   3.0000000e+01   9.0000000e+00   3.4000000e+01   2.0000000e+01  -5.3223838e+01  -3.7942977e+01   5.0419664e+02   2.2213719e+00   5.1660850e+00   4.6233626e+00
   2.0100000e+03   1.2000000e+01   3.0000000e+01   9.0000000e+00   3.5000000e+01   5.5000000e+01  -5.3228207e+01  -3.7941411e+01   4.9657004e+02   2.5523384e+00   7.1939445e+00   7.1939445e+00
   2.0100000e+03   1.2000000e+01   3.0000000e+01   9.0000000e+00   3.9000000e+01   5.0000000e+00  -5.3237025e+01  -3.7938375e+01   1.0004478e+03   2.5007606e+00   8.1355345e+00   7.3393855e+00
   2.0100000e+03   1.2000000e+01   3.0000000e+01   9.0000000e+00   4.0000000e+01   3.9000000e+01  -5.3241402e+01  -3.7936939e+01   4.9560961e+02   5.8889333e-01   1.1163252e+01   1.1163252e+01
   2.0100000e+03   1.2000000e+01   3.0000000e+01   9.0000000e+00   4.2000000e+01   1.3000000e+01  -5.3245828e+01  -3.7935459e+01   5.0165388e+02   4.1226907e+00   1.1092315e+01   8.7116136e+00
   2.0100000e+03   1.2000000e+01   3.0000000e+01   9.0000000e+00   4.3000000e+01   4.8000000e+01  -5.3250256e+01  -3.7934093e+01   5.0029361e+02   1.7614540e+00   9.5741758e+00   7.8893590e+00
   2.0100000e+03   1.2000000e+01   3.0000000e+01   9.0000000e+00   4.5000000e+01   2.4000000e+01  -5.3254711e+01  -3.7932664e+01   5.0404361e+02   2.2539669e+00   8.4221992e+00   6.1456581e+00
   2.0100000e+03   1.2000000e+01   3.0000000e+01   9.0000000e+00   4.6000000e+01   5.9000000e+01  -5.3259049e+01  -3.7931068e+01   4.9363920e+02   1.7791127e+00   5.6443724e+00   2.6454291e+00
   2.0100000e+03   1.2000000e+01   3.0000000e+01   9.0000000e+00   4.8000000e+01   3.3000000e+01  -5.3263441e+01  -3.7929532e+01   4.9858201e+02   1.2808274e+00   4.6202030e+00   3.2328001e+00
   2.0100000e+03   1.2000000e+01   3.0000000e+01   9.0000000e+00   5.0000000e+01   7.0000000e+00  -5.3267845e+01  -3.7927960e+01   5.0040504e+02   1.3845876e+00   4.3507379e+00   2.8517235e+00
   2.0100000e+03   1.2000000e+01   3.0000000e+01   9.0000000e+00   5.1000000e+01   4.2000099e+01  -5.3272235e+01  -3.7926359e+01   4.9929378e+02   1.3185366e+00   3.0664259e+00   2.3878619e+00
   2.0100000e+03   1.2000000e+01   3.0000000e+01   9.0000000e+00   5.3000000e+01   1.7000000e+01  -5.3276643e+01  -3.7924803e+01   5.0065032e+02   1.1553605e+00   2.8825230e+00   1.8094742e+00
   2.0100000e+03   1.2000000e+01   3.0000000e+01   9.0000000e+00   5.4000000e+01   5.1000000e+01  -5.3281055e+01  -3.7923266e+01   5.0073925e+02   1.2941788e+00   3.2949851e+00   1.0063481e+00
   2.0100000e+03   1.2000000e+01   3.0000000e+01   9.0000000e+00   5.6000000e+01   2.5000000e+01  -5.3285423e+01  -3.7921686e+01   4.9657090e+02   1.5372907e+00   3.8037287e+00   2.3453341e+00
   2.0100000e+03   1.2000000e+01   3.0000000e+01   9.0000000e+00   5.7000000e+01   5.9000000e+01  -5.3289786e+01  -3.7920163e+01   4.9531608e+02   2.2766001e+00   6.1730974e+00   4.8296434e+00
   2.0100000e+03   1.2000000e+01   3.0000000e+01   9.0000000e+00   5.9000000e+01   3.3000099e+01  -5.3294246e+01  -3.7918569e+01   5.0670777e+02   2.8551663e+00   9.3527147e+00   9.2929366e+00
   2.0100000e+03   1.2000000e+01   3.0000000e+01   1.0000000e+01   1.0000000e+00   6.0000992e+00  -5.3298615e+01  -3.7917014e+01   4.9642079e+02   2.2279045e+00   6.2995912e+00   6.2093801e+00
   2.0100000e+03   1.2000000e+01   3.0000000e+01   1.0000000e+01   2.0000000e+00   3.8999901e+01  -5.3303001e+01  -3.7915416e+01   4.9871155e+02   1.1265679e+00   4.5149681e+00   4.1804984e+00
   2.0100000e+03   1.2000000e+01   3.0000000e+01   1.0000000e+01   4.0000000e+00   1.2000000e+01  -5.3307370e+01  -3.7913855e+01   4.9645864e+02   1.4172871e+00   3.2960828e+00   2.1787175e+00
   2.0100000e+03   1.2000000e+01   3.0000000e+01   1.0000000e+01   5.0000000e+00   4.5000000e+01  -5.3311760e+01  -3.7912282e+01   4.9888499e+02   9.6758332e-01   2.4192967e+00   1.8723092e+00
   2.0100000e+03   1.2000000e+01   3.0000000e+01   1.0000000e+01   7.0000000e+00   1.9000000e+01  -5.3316174e+01  -3.7910839e+01   4.9974770e+02   1.6860247e+00   4.2943304e+00   3.3808464e+00
   2.0100000e+03   1.2000000e+01   3.0000000e+01   1.0000000e+01   8.0000000e+00   5.4000000e+01  -5.3320622e+01  -3.7909363e+01   5.0391062e+02   3.2023851e+00   6.2594072e+00   4.8911819e+00
   2.0100000e+03   1.2000000e+01   3.0000000e+01   1.0000000e+01   1.0000000e+01   3.4000000e+01  -5.3325169e+01  -3.7907884e+01   5.1466317e+02   5.2715798e+00   9.4553083e+00   7.5335325e+00
   2.0100000e+03   1.2000000e+01   3.0000000e+01   1.0000000e+01   1.2000000e+01   3.0000099e+01  -5.3329580e+01  -3.7906472e+01   4.9899000e+02   3.4801686e+00   8.4906181e+00   4.3044362e+00
   2.0100000e+03   1.2000000e+01   3.0000000e+01   1.0000000e+01   1.4000000e+01   4.6000000e+01  -5.3333809e+01  -3.7904906e+01   4.8136977e+02   2.6125871e+00   6.0759060e+00   5.0015500e+00
   2.0100000e+03   1.2000000e+01   3.0000000e+01   1.0000000e+01   1.7000000e+01   9.0000000e+00  -5.3338194e+01  -3.7903276e+01   4.9905560e+02   3.7110945e+00   5.7471984e+00   4.5672689e+00
   2.0100000e+03   1.2000000e+01   3.0000000e+01   1.0000000e+01   1.9000000e+01   3.1000000e+01  -5.3342606e+01  -3.7901570e+01   5.0314596e+02   2.9109154e+00   6.9385119e+00   5.2312963e+00
   2.0100000e+03   1.2000000e+01   3.0000000e+01   1.0000000e+01   2.1000000e+01   5.3000000e+01  -5.3346981e+01  -3.7900027e+01   4.9683683e+02   3.3621562e+00   7.8191250e+00   7.3437408e+00
   2.0100000e+03   1.2000000e+01   3.0000000e+01   1.0000000e+01   2.4000000e+01   0.0000000e+00  -5.3351258e+01  -3.7898583e+01   4.8483684e+02   4.7677074e+00   1.1029369e+01   1.0086176e+01
   2.0100000e+03   1.2000000e+01   3.0000000e+01   1.0000000e+01   2.5000000e+01   4.2000000e+01  -5.3355861e+01  -3.7897296e+01   5.1857407e+02   6.8649925e+00   1.3108313e+01   1.3108313e+01
   2.0100000e+03   1.2000000e+01   3.0000000e+01   1.0000000e+01   2.7000000e+01   1.3000000e+01  -5.3360273e+01  -3.7896081e+01   4.9682931e+02   3.9630489e+00   9.3815484e+00   9.1929420e+00
   2.0100000e+03   1.2000000e+01   3.0000000e+01   1.0000000e+01   2.8000000e+01   4.3000000e+01  -5.3364730e+01  -3.7894761e+01   5.0294282e+02   4.7219541e+00   8.5616109e+00   8.5616109e+00
   2.0100000e+03   1.2000000e+01   3.0000000e+01   1.0000000e+01   3.0000000e+01   1.5000000e+01  -5.3369174e+01  -3.7893360e+01   5.0248412e+02   4.7887540e+00   8.9323892e+00   8.9323892e+00
   2.0100000e+03   1.2000000e+01   3.0000000e+01   1.0000000e+01   3.1000000e+01   5.0000000e+01  -5.3373548e+01  -3.7891897e+01   4.9556090e+02   4.7890016e+00   1.0291682e+01   1.0078145e+01
   2.0100000e+03   1.2000000e+01   3.0000000e+01   1.0000000e+01   3.3000000e+01   2.8000099e+01  -5.3377935e+01  -3.7890456e+01   4.9676566e+02   4.0962077e+00   9.5721144e+00   9.0957738e+00
   2.0100000e+03   1.2000000e+01   3.0000000e+01   1.0000000e+01   3.5000000e+01   5.0000000e+00  -5.3382357e+01  -3.7889043e+01   5.0025721e+02   3.8606420e+00   8.8036371e+00   6.6317872e+00
   2.0100000e+03   1.2000000e+01   3.0000000e+01   1.0000000e+01   3.6000000e+01   4.5000000e+01  -5.3386740e+01  -3.7887627e+01   4.9592648e+02   2.3714286e+00   4.9218466e+00   4.0859971e+00
   2.0100000e+03   1.2000000e+01   3.0000000e+01   1.0000000e+01   3.8000000e+01   2.5000000e+01  -5.3391177e+01  -3.7886213e+01   5.0191459e+02   3.1718188e+00   7.3764712e+00   5.5553713e+00
   2.0100000e+03   1.2000000e+01   3.0000000e+01   1.0000000e+01   4.0000000e+01   5.0000992e+00  -5.3395586e+01  -3.7884818e+01   4.9862384e+02   1.8753572e+00   3.8867229e+00   3.5252714e+00
   2.0100000e+03   1.2000000e+01   3.0000000e+01   1.0000000e+01   4.1000000e+01   4.5000000e+01  -5.3399986e+01  -3.7883390e+01   4.9794014e+02   2.0402168e+00   4.3074819e+00   2.8124033e+00
   2.0100000e+03   1.2000000e+01   3.0000000e+01   1.0000000e+01   4.3000000e+01   2.5000000e+01  -5.3404406e+01  -3.7881975e+01   5.0002477e+02   5.1769697e+00   1.0672458e+01   1.0484057e+01
   2.0100000e+03   1.2000000e+01   3.0000000e+01   1.0000000e+01   4.5000000e+01   5.0000000e+00  -5.3408811e+01  -3.7880537e+01   4.9870825e+02   3.0746010e+00   8.2083021e+00   4.8303937e+00
   2.0100000e+03   1.2000000e+01   3.0000000e+01   1.0000000e+01   4.6000000e+01   4.4000000e+01  -5.3413228e+01  -3.7879133e+01   4.9955938e+02   1.6463500e+00   2.4397119e+00   2.1726808e+00
   2.0100000e+03   1.2000000e+01   3.0000000e+01   1.0000000e+01   4.8000000e+01   2.3000000e+01  -5.3417657e+01  -3.7877709e+01   5.0099998e+02   2.4268130e+00   5.4912310e+00   4.5484356e+00
   2.0100000e+03   1.2000000e+01   3.0000000e+01   1.0000000e+01   5.0000000e+01   2.0000000e+00  -5.3422107e+01  -3.7876281e+01   5.0344499e+02   8.4387012e-01   4.0459223e+00   3.2037088e+00
   2.0100000e+03   1.2000000e+01   3.0000000e+01   1.0000000e+01   5.1000000e+01   4.1000000e+01  -5.3426501e+01  -3.7874837e+01   4.9754480e+02   2.4754648e+00   6.9334389e+00   4.9651964e+00
   2.0100000e+03   1.2000000e+01   3.0000000e+01   1.0000000e+01   5.3000000e+01   2.0000000e+01  -5.3430911e+01  -3.7873425e+01   4.9887894e+02   2.6175319e+00   6.1150066e+00   5.7219011e+00
   2.0100000e+03   1.2000000e+01   3.0000000e+01   1.0000000e+01   5.4000000e+01   5.8000000e+01  -5.3435356e+01  -3.7872003e+01   5.0289352e+02   4.0163287e+00   7.3141653e+00   6.5413584e+00
   2.0100000e+03   1.2000000e+01   3.0000000e+01   1.0000000e+01   5.6000000e+01   3.6000000e+01  -5.3439743e+01  -3.7870615e+01   4.9605504e+02   2.4299408e+00   5.4611194e+00   3.1728829e+00
   2.0100000e+03   1.2000000e+01   3.0000000e+01   1.0000000e+01   5.8000000e+01   1.5000000e+01  -5.3444135e+01  -3.7869177e+01   4.9720658e+02   2.2553140e+00   6.9364974e+00   6.0810731e+00
   2.0100000e+03   1.2000000e+01   3.0000000e+01   1.0000000e+01   5.9000000e+01   5.5000000e+01  -5.3448524e+01  -3.7867730e+01   4.9701155e+02   4.9898845e+00   4.7609402e+00   1.2395662e+00
   2.0100000e+03   1.2000000e+01   3.0000000e+01   1.1000000e+01   1.0000000e+00   3.4000000e+01  -5.3452942e+01  -3.7866326e+01   4.9963220e+02   4.2473021e+00   9.6777405e+00   8.5711774e+00
   2.0100000e+03   1.2000000e+01   3.0000000e+01   1.1000000e+01   3.0000000e+00   1.2000099e+01  -5.3457383e+01  -3.7864942e+01   5.0196500e+02   4.0418112e+00   3.1656315e+00   1.8458917e+00
   2.0100000e+03   1.2000000e+01   3.0000000e+01   1.1000000e+01   4.0000000e+00   5.0000000e+01  -5.3461882e+01  -3.7863532e+01   5.0856771e+02   1.5708616e+00   4.5633374e+00   2.3418477e+00
   2.0100000e+03   1.2000000e+01   3.0000000e+01   1.1000000e+01   6.0000000e+00   2.6999901e+01  -5.3466293e+01  -3.7862125e+01   4.9885839e+02   4.7529323e+00   6.3629270e+00   4.8258486e+00
   2.0100000e+03   1.2000000e+01   3.0000000e+01   1.1000000e+01   8.0000000e+00   4.0000000e+00  -5.3470670e+01  -3.7860877e+01   4.9337174e+02   5.7479690e+00   1.2843036e+01   8.0410382e+00
   2.0100000e+03   1.2000000e+01   3.0000000e+01   1.1000000e+01   9.0000000e+00   4.2000000e+01  -5.3475092e+01  -3.7859598e+01   4.9856331e+02   2.6540832e+00   1.0491456e+01   9.8387651e+00
   2.0100000e+03   1.2000000e+01   3.0000000e+01   1.1000000e+01   1.1000000e+01   1.9000000e+01  -5.3479511e+01  -3.7858347e+01   4.9792623e+02   7.7581720e+00   1.7029988e+01   1.5090435e+01
   2.0100000e+03   1.2000000e+01   3.0000000e+01   1.1000000e+01   1.2000000e+01   5.6000000e+01  -5.3483935e+01  -3.7856952e+01   5.0018930e+02   5.1979074e+00   1.0941264e+01   8.9600365e+00
   2.0100000e+03   1.2000000e+01   3.0000000e+01   1.1000000e+01   1.4000000e+01   3.4000000e+01  -5.3488418e+01  -3.7855475e+01   5.0761744e+02   5.4883573e+00   9.1551855e+00   8.0455589e+00
   2.0100000e+03   1.2000000e+01   3.0000000e+01   1.1000000e+01   1.6000000e+01   1.2000000e+01  -5.3492800e+01  -3.7854034e+01   4.9623710e+02   4.0785909e+00   7.6131436e+00   7.6131436e+00
   2.0100000e+03   1.2000000e+01   3.0000000e+01   1.1000000e+01   1.7000000e+01   4.9000000e+01  -5.3497206e+01  -3.7852627e+01   4.9830435e+02   6.9500518e+00   1.7616581e+01   1.6905483e+01
   2.0100000e+03   1.2000000e+01   3.0000000e+01   1.1000000e+01   1.9000000e+01   2.6000000e+01  -5.3501627e+01  -3.7851216e+01   5.0006358e+02   4.8950403e+00   7.9812334e+00   7.4739957e+00
   2.0100000e+03   1.2000000e+01   3.0000000e+01   1.1000000e+01   2.1000000e+01   1.3000000e+01  -5.3506111e+01  -3.7849770e+01   5.0732100e+02   4.3838743e+00   8.8748441e+00   8.3858344e+00
   2.0100000e+03   1.2000000e+01   3.0000000e+01   1.1000000e+01   2.3000000e+01   2.0000000e+01  -5.3510482e+01  -3.7848218e+01   4.9641719e+02   1.8900056e+00   3.6415332e+00   2.7369979e+00
   2.0100000e+03   1.2000000e+01   3.0000000e+01   1.1000000e+01   2.5000000e+01   4.0000000e+01  -5.3514824e+01  -3.7846731e+01   4.9241918e+02   2.8289227e+00   5.1301808e+00   4.8226174e+00
   2.0100000e+03   1.2000000e+01   3.0000000e+01   1.1000000e+01   2.8000000e+01   9.9182129e-05  -5.3519191e+01  -3.7845303e+01   4.9428595e+02   3.3161261e+00   7.4837889e+00   4.8775405e+00
   2.0100000e+03   1.2000000e+01   3.0000000e+01   1.1000000e+01   3.0000000e+01   1.6000000e+01  -5.3523632e+01  -3.7844017e+01   5.0081751e+02   4.6866942e+00   9.7137052e+00   9.0600349e+00
   2.0100000e+03   1.2000000e+01   3.0000000e+01   1.1000000e+01   3.2000000e+01   2.7000099e+01  -5.3528034e+01  -3.7842679e+01   4.9706424e+02   4.6058771e+00   8.4098449e+00   6.2025501e+00
   2.0100000e+03   1.2000000e+01   3.0000000e+01   1.1000000e+01   3.4000000e+01   2.4000000e+01  -5.3532432e+01  -3.7841237e+01   4.9785216e+02   3.7577462e+00   1.1231787e+01   1.0549053e+01
   2.0100000e+03   1.2000000e+01   3.0000000e+01   1.1000000e+01   3.6000000e+01   7.0000000e+00  -5.3536884e+01  -3.7839801e+01   5.0374728e+02   5.6701529e+00   1.2927120e+01   1.2341768e+01
   2.0100000e+03   1.2000000e+01   3.0000000e+01   1.1000000e+01   3.7000000e+01   4.6000000e+01  -5.3541282e+01  -3.7838385e+01   4.9757987e+02   4.0425004e+00   1.1303917e+01   1.0025567e+01
   2.0100000e+03   1.2000000e+01   3.0000000e+01   1.1000000e+01   3.9000000e+01   2.4000000e+01  -5.3545758e+01  -3.7836926e+01   5.0659902e+02   4.1312852e+00   8.1598541e+00   8.1598541e+00
   2.0100000e+03   1.2000000e+01   3.0000000e+01   1.1000000e+01   4.1000000e+01   1.0000000e+00  -5.3550158e+01  -3.7835476e+01   4.9817010e+02   3.4173777e+00   8.3135579e+00   8.2683273e+00
   2.0100000e+03   1.2000000e+01   3.0000000e+01   1.1000000e+01   4.2000000e+01   3.8000000e+01  -5.3554552e+01  -3.7834058e+01   4.9721416e+02   2.0778882e+02   4.5785934e+02   4.5486814e+02
   2.0100000e+03   1.2000000e+01   3.0000000e+01   1.1000000e+01   4.4000000e+01   1.5000000e+01  -5.3558989e+01  -3.7832628e+01   5.0200841e+02   2.9942052e+00   6.5149138e+00   3.4527575e+00
   2.0100000e+03   1.2000000e+01   3.0000000e+01   1.1000000e+01   4.5000000e+01   5.2000000e+01  -5.3563384e+01  -3.7831191e+01   4.9742721e+02   2.7520129e+00   8.8592191e+00   8.2525795e+00
   2.0100000e+03   1.2000000e+01   3.0000000e+01   1.1000000e+01   4.7000000e+01   2.9000000e+01  -5.3567821e+01  -3.7829700e+01   5.0278089e+02   4.4361694e+00   1.3693938e+01   1.1384318e+01
   2.0100000e+03   1.2000000e+01   3.0000000e+01   1.1000000e+01   4.9000000e+01   4.0000000e+00  -5.3572178e+01  -3.7828146e+01   4.9488017e+02   3.9774401e+00   1.0532075e+01   1.0283783e+01
   2.0100000e+03   1.2000000e+01   3.0000000e+01   1.1000000e+01   5.0000000e+01   3.9000000e+01  -5.3576564e+01  -3.7826567e+01   4.9838453e+02   4.8203145e+00   1.0310963e+01   9.6576476e+00
   2.0100000e+03   1.2000000e+01   3.0000000e+01   1.1000000e+01   5.2000000e+01   1.5000000e+01  -5.3580972e+01  -3.7824996e+01   5.0069228e+02   1.8682660e+00   3.6588245e+00   2.9970267e+00
   2.0100000e+03   1.2000000e+01   3.0000000e+01   1.1000000e+01   5.3000000e+01   5.1000000e+01  -5.3585389e+01  -3.7823384e+01   5.0223308e+02   2.9909822e+00   7.5611751e+00   5.5784317e+00
   2.0100000e+03   1.2000000e+01   3.0000000e+01   1.1000000e+01   5.5000000e+01   2.7000099e+01  -5.3589809e+01  -3.7821799e+01   5.0207214e+02   2.9006304e+00   6.2959127e+00   4.9840115e+00
   2.0100000e+03   1.2000000e+01   3.0000000e+01   1.1000000e+01   5.7000000e+01   3.0000000e+00  -5.3594198e+01  -3.7820251e+01   4.9825874e+02   2.9997575e+02   6.9921333e+02   3.7102760e+02
   2.0100000e+03   1.2000000e+01   3.0000000e+01   1.1000000e+01   5.8000000e+01   3.9000099e+01  -5.3598564e+01  -3.7818692e+01   4.9602465e+02   1.9380510e+00   3.7435962e+00   3.4680750e+00
   2.0100000e+03   1.2000000e+01   3.0000000e+01   1.2000000e+01   0.0000000e+00   1.6000000e+01  -5.3602965e+01  -3.7817213e+01   4.9865651e+02   2.8608236e+00   3.4814770e+00   1.4570474e+00
   2.0100000e+03   1.2000000e+01   3.0000000e+01   1.2000000e+01   1.0000000e+00   5.4000000e+01  -5.3607417e+01  -3.7815769e+01   5.0375261e+02   5.1001563e+00   9.1799339e+00   8.8165356e+00
   2.0100000e+03   1.2000000e+01   3.0000000e+01   1.2000000e+01   3.0000000e+00   3.1000000e+01  -5.3611805e+01  -3.7814298e+01   4.9714784e+02   3.4888772e+00   7.7986920e+00   6.6065805e+00
   2.0100000e+03   1.2000000e+01   3.0000000e+01   1.2000000e+01   5.0000000e+00   8.0000000e+00  -5.3616196e+01  -3.7812867e+01   4.9696824e+02   6.5305697e+00   1.5199652e+01   5.0249869e+00
   2.0100000e+03   1.2000000e+01   3.0000000e+01   1.2000000e+01   6.0000000e+00   4.5000000e+01  -5.3620623e+01  -3.7811378e+01   5.0166377e+02   3.5343306e+01   3.9229549e+01   3.2027451e+00
   2.0100000e+03   1.2000000e+01   3.0000000e+01   1.2000000e+01   8.0000000e+00   2.2000000e+01  -5.3625053e+01  -3.7809939e+01   5.0129066e+02   6.1046171e+01   8.3188589e+01   3.5393203e+01
   2.0100000e+03   1.2000000e+01   3.0000000e+01   1.2000000e+01   9.0000000e+00   5.9000000e+01  -5.3629482e+01  -3.7808455e+01   5.0173539e+02   6.2911865e+00   7.6858105e+00   3.1725704e+00
   2.0100000e+03   1.2000000e+01   3.0000000e+01   1.2000000e+01   1.1000000e+01   3.4000000e+01  -5.3633836e+01  -3.7806977e+01   4.9348196e+02   3.4877423e+00   8.3876235e+00   4.8637961e+00
   2.0100000e+03   1.2000000e+01   3.0000000e+01   1.2000000e+01   1.3000000e+01   9.0000000e+00  -5.3638259e+01  -3.7805448e+01   5.0178783e+02   4.6474852e+00   1.1649253e+01   4.4873049e+00
   2.0100000e+03   1.2000000e+01   3.0000000e+01   1.2000000e+01   1.4000000e+01   4.5000000e+01  -5.3642670e+01  -3.7803906e+01   5.0056968e+02   4.8695978e+00   1.0679222e+01   5.1993213e+00
   2.0100000e+03   1.2000000e+01   3.0000000e+01   1.2000000e+01   1.6000000e+01   2.1000000e+01  -5.3647077e+01  -3.7802403e+01   4.9952728e+02   5.7780692e+00   1.0181923e+01   6.4611627e+00
   2.0100000e+03   1.2000000e+01   3.0000000e+01   1.2000000e+01   1.7000000e+01   5.7000000e+01  -5.3651548e+01  -3.7800933e+01   5.0619416e+02   1.6694646e+00   3.2709304e+00   2.6373709e+00
   2.0100000e+03   1.2000000e+01   3.0000000e+01   1.2000000e+01   1.9000000e+01   3.2000000e+01  -5.3655928e+01  -3.7799431e+01   4.9663982e+02   7.5232888e+00   1.2172084e+01   4.9566106e+00
   2.0100000e+03   1.2000000e+01   3.0000000e+01   1.2000000e+01   2.1000000e+01   7.0000000e+00  -5.3660284e+01  -3.7797907e+01   4.9435766e+02   5.0578312e+00   2.6491317e+00   2.3527029e+00
   2.0100000e+03   1.2000000e+01   3.0000000e+01   1.2000000e+01   2.2000000e+01   4.3000000e+01  -5.3664702e+01  -3.7796430e+01   5.0050409e+02   1.4682041e+00   3.2422543e+00   3.1086566e+00
   2.0100000e+03   1.2000000e+01   3.0000000e+01   1.2000000e+01   2.4000000e+01   1.8000000e+01  -5.3669171e+01  -3.7794947e+01   5.0606399e+02   4.6655014e+01   7.5517041e+01   7.3240524e+01
   2.0100000e+03   1.2000000e+01   3.0000000e+01   1.2000000e+01   2.5000000e+01   5.2000000e+01  -5.3673556e+01  -3.7793435e+01   4.9731493e+02   3.1042016e+00   5.8060953e+00   5.8060953e+00
   2.0100000e+03   1.2000000e+01   3.0000000e+01   1.2000000e+01   2.7000000e+01   2.6000000e+01  -5.3677963e+01  -3.7792053e+01   4.9814734e+02   3.9704234e+00   7.5979622e+00   7.5979622e+00
   2.0100000e+03   1.2000000e+01   3.0000000e+01   1.2000000e+01   2.9000000e+01   8.0000000e+00  -5.3682435e+01  -3.7790634e+01   5.0558626e+02   2.6968755e+00   6.0666117e+00   5.9533743e+00
   2.0100000e+03   1.2000000e+01   3.0000000e+01   1.2000000e+01   3.1000000e+01   4.0000000e+00  -5.3686867e+01  -3.7789126e+01   5.0238033e+02   4.4924890e+00   1.0447859e+01   9.4864375e+00
   2.0100000e+03   1.2000000e+01   3.0000000e+01   1.2000000e+01   3.3000000e+01   1.2000000e+01  -5.3691285e+01  -3.7787614e+01   5.0090829e+02   2.7064460e+00   1.3252478e+00   7.4870538e-01
   2.0100000e+03   1.2000000e+01   3.0000000e+01   1.2000000e+01   3.5000000e+01   2.6000000e+01  -5.3695545e+01  -3.7786109e+01   4.8358973e+02   3.4699282e+00   6.5581411e+00   6.1031927e+00
   2.0100000e+03   1.2000000e+01   3.0000000e+01   1.2000000e+01   3.7000000e+01   2.7000000e+01  -5.3699916e+01  -3.7784541e+01   4.9656941e+02   1.5862171e+00   2.6643752e+00   2.6643752e+00
   2.0100000e+03   1.2000000e+01   3.0000000e+01   1.2000000e+01   3.9000000e+01   1.1000000e+01  -5.3704351e+01  -3.7783112e+01   5.0172753e+02   4.1684794e+00   2.7085732e+00   2.7085732e+00
   2.0100000e+03   1.2000000e+01   3.0000000e+01   1.2000000e+01   4.0000000e+01   4.8000000e+01  -5.3708806e+01  -3.7781775e+01   5.0274480e+02   2.8843986e+00   6.2369871e+00   5.9187169e+00
   2.0100000e+03   1.2000000e+01   3.0000000e+01   1.2000000e+01   4.2000000e+01   2.2000000e+01  -5.3713278e+01  -3.7780464e+01   5.0439988e+02   1.8941501e+00   4.4050889e+00   4.1824239e+00
   2.0100000e+03   1.2000000e+01   3.0000000e+01   1.2000000e+01   4.3000000e+01   5.5000000e+01  -5.3717706e+01  -3.7779222e+01   4.9869259e+02   1.4376385e+00   3.4630484e+00   1.8235332e+00
   2.0100000e+03   1.2000000e+01   3.0000000e+01   1.2000000e+01   4.5000000e+01   2.8000000e+01  -5.3722093e+01  -3.7777787e+01   4.9655951e+02   4.5725479e+00   6.7628242e+00   5.5888903e+00
   2.0100000e+03   1.2000000e+01   3.0000000e+01   1.2000000e+01   4.7000000e+01   1.0000000e+00  -5.3726490e+01  -3.7776284e+01   4.9851949e+02   6.7250157e+00   1.0171826e+01   7.2296992e+00
   2.0100000e+03   1.2000000e+01   3.0000000e+01   1.2000000e+01   4.8000000e+01   3.4000000e+01  -5.3730875e+01  -3.7774806e+01   4.9685154e+02   6.1710250e+00   1.2388293e+01   7.9107647e+00
   2.0100000e+03   1.2000000e+01   3.0000000e+01   1.2000000e+01   5.0000000e+01   9.0000000e+00  -5.3735269e+01  -3.7773100e+01   5.0095085e+02   4.8815785e+00   1.1352736e+01   6.2938160e+00
   2.0100000e+03   1.2000000e+01   3.0000000e+01   1.2000000e+01   5.1000000e+01   4.4000000e+01  -5.3739663e+01  -3.7771423e+01   5.0054626e+02   2.8551666e+00   2.9987422e+00   1.5528917e+00
   2.0100000e+03   1.2000000e+01   3.0000000e+01   1.2000000e+01   5.3000000e+01   1.9000000e+01  -5.3744080e+01  -3.7769907e+01   5.0080357e+02   4.7594194e+00   2.9104325e+00   2.0284490e+00
   2.0100000e+03   1.2000000e+01   3.0000000e+01   1.2000000e+01   5.4000000e+01   5.3000000e+01  -5.3748456e+01  -3.7768438e+01   4.9579850e+02   7.1047893e+00   1.1214916e+01   1.1214916e+01
   2.0100000e+03   1.2000000e+01   3.0000000e+01   1.2000000e+01   5.6000000e+01   3.0000000e+01  -5.3752931e+01  -3.7766905e+01   5.0730678e+02   6.7709402e+00   1.3832040e+01   1.3253152e+01
   2.0100000e+03   1.2000000e+01   3.0000000e+01   1.2000000e+01   5.8000000e+01   4.0000000e+00  -5.3757280e+01  -3.7765416e+01   4.9308282e+02   1.0106781e+01   1.3319394e+01   8.1523401e+00
   2.0100000e+03   1.2000000e+01   3.0000000e+01   1.2000000e+01   5.9000000e+01   3.9000000e+01  -5.3761700e+01  -3.7763850e+01   5.0183235e+02   4.7144959e+00   1.1000260e+01   1.1000260e+01
   2.0100000e+03   1.2000000e+01   3.0000000e+01   1.3000000e+01   1.0000000e+00   1.4000000e+01  -5.3766154e+01  -3.7762273e+01   5.0568538e+02   4.1485483e+00   9.6479807e+00   8.3572106e+00
   2.0100000e+03   1.2000000e+01   3.0000000e+01   1.3000000e+01   2.0000000e+00   4.9000000e+01  -5.3770570e+01  -3.7760779e+01   5.0039814e+02   8.6349250e+00   1.2273909e+01   8.6324135e+00
   2.0100000e+03   1.2000000e+01   3.0000000e+01   1.3000000e+01   4.0000000e+00   2.4000000e+01  -5.3774978e+01  -3.7759311e+01   4.9913680e+02   9.4092575e+00   1.8773832e+01   9.4186767e+00
   2.0100000e+03   1.2000000e+01   3.0000000e+01   1.3000000e+01   5.0000000e+00   5.9000000e+01  -5.3779403e+01  -3.7757842e+01   5.0117468e+02   2.6737458e+01   4.7063652e+01   1.4634931e+01
   2.0100000e+03   1.2000000e+01   3.0000000e+01   1.3000000e+01   7.0000000e+00   3.5000000e+01  -5.3783834e+01  -3.7756351e+01   5.0200312e+02   1.2765961e+01   1.8636675e+01   5.3725479e+00
   2.0100000e+03   1.2000000e+01   3.0000000e+01   1.3000000e+01   9.0000000e+00   1.0000000e+01  -5.3788228e+01  -3.7754884e+01   4.9762658e+02   1.0221026e+01   2.1986391e+01   6.7946234e+00
   2.0100000e+03   1.2000000e+01   3.0000000e+01   1.3000000e+01   1.0000000e+01   4.5000000e+01  -5.3792622e+01  -3.7753467e+01   4.9703209e+02   5.8229074e+00   1.3541917e+01   7.8985661e+00
   2.0100000e+03   1.2000000e+01   3.0000000e+01   1.3000000e+01   1.2000000e+01   2.0000000e+01  -5.3797062e+01  -3.7752008e+01   5.0263467e+02   9.0470261e+02   1.9451455e+03   1.9440048e+03
   2.0100000e+03   1.2000000e+01   3.0000000e+01   1.3000000e+01   1.3000000e+01   5.5000000e+01  -5.3801457e+01  -3.7750585e+01   4.9719770e+02   5.1586376e+00   5.8714902e+00   2.7333821e+00
   2.0100000e+03   1.2000000e+01   3.0000000e+01   1.3000000e+01   1.5000000e+01   3.0000000e+01  -5.3805844e+01  -3.7749152e+01   4.9641887e+02   6.3111041e+00   3.3411919e+00   1.9612824e+00
   2.0100000e+03   1.2000000e+01   3.0000000e+01   1.3000000e+01   1.7000000e+01   5.0000000e+00  -5.3810277e+01  -3.7747694e+01   5.0184496e+02   8.0883688e+00   6.3828868e+00   4.7832685e+00
   2.0100000e+03   1.2000000e+01   3.0000000e+01   1.3000000e+01   1.8000000e+01   4.1000000e+01  -5.3814701e+01  -3.7746233e+01   5.0081760e+02   3.6814020e+00   6.4870647e+00   5.9392169e+00
   2.0100000e+03   1.2000000e+01   3.0000000e+01   1.3000000e+01   2.0000000e+01   1.6000000e+01  -5.3819083e+01  -3.7744783e+01   4.9619341e+02   5.9356283e-01   0.0000000e+00   0.0000000e+00
   2.0100000e+03   1.2000000e+01   3.0000000e+01   1.3000000e+01   2.1000000e+01   5.1000000e+01  -5.3823523e+01  -3.7743310e+01   5.0266664e+02   2.8996316e+00   1.2468056e+00   1.2468056e+00
   2.0100000e+03   1.2000000e+01   3.0000000e+01   1.3000000e+01   2.3000000e+01   2.6000000e+01  -5.3827915e+01  -3.7741893e+01   4.9681887e+02   2.0315865e+00   1.9257209e+00   1.9257209e+00
   2.0100000e+03   1.2000000e+01   3.0000000e+01   1.3000000e+01   2.5000000e+01   0.0000000e+00  -5.3832332e+01  -3.7740549e+01   4.9870084e+02   1.5796504e+00   6.5670318e-02   6.5670318e-02
   2.0100000e+03   1.2000000e+01   3.0000000e+01   1.3000000e+01   2.6000000e+01   3.5000000e+01  -5.3836747e+01  -3.7739199e+01   4.9847094e+02   1.1041471e+00   6.6031088e-01   6.6031088e-01
   2.0100000e+03   1.2000000e+01   3.0000000e+01   1.3000000e+01   2.8000000e+01   1.1000000e+01  -5.3841240e+01  -3.7737876e+01   5.0679243e+02   4.3115260e+00   3.6747977e+00   3.3077058e+00
   2.0100000e+03   1.2000000e+01   3.0000000e+01   1.3000000e+01   2.9000000e+01   4.6000000e+01  -5.3845611e+01  -3.7736269e+01   4.9697467e+02   2.1334416e+00   4.2097768e+00   4.2097768e+00
   2.0100000e+03   1.2000000e+01   3.0000000e+01   1.3000000e+01   3.1000000e+01   2.1000000e+01  -5.3849986e+01  -3.7734603e+01   4.9826143e+02   8.9355971e+00   6.0561244e+00   6.0561244e+00
   2.0100000e+03   1.2000000e+01   3.0000000e+01   1.3000000e+01   3.2000000e+01   5.7000000e+01  -5.3854410e+01  -3.7732883e+01   5.0434251e+02   4.0195410e+00   0.0000000e+00   0.0000000e+00
   2.0100000e+03   1.2000000e+01   3.0000000e+01   1.3000000e+01   3.4000000e+01   3.8000000e+01  -5.3858819e+01  -3.7731176e+01   5.0257748e+02   4.8024117e+00   9.5444113e+00   5.6217822e-01
