   2.0100000e+03   1.2000000e+01   3.0000000e+01   1.5000000e+01   0.0000000e+00   5.7000000e+01  -5.3827963e+01  -3.7602744e+01   4.9846513e+02   4.0363729e+00   9.3871025e+00   9.1568045e+00
   2.0100000e+03   1.2000000e+01   3.0000000e+01   1.5000000e+01   2.0000000e+00   3.1000000e+01  -5.3823545e+01  -3.7604376e+01   5.0247937e+02   5.2457545e+00   1.1534434e+01   1.0763685e+01
   2.0100000e+03   1.2000000e+01   3.0000000e+01   1.5000000e+01   4.0000000e+00   6.0000000e+00  -5.3819146e+01  -3.7605976e+01   4.9986140e+02   2.6420396e+00   2.9158600e+00   2.9158600e+00
   2.0100000e+03   1.2000000e+01   3.0000000e+01   1.5000000e+01   5.0000000e+00   4.1000000e+01  -5.3814775e+01  -3.7607653e+01   4.9807275e+02   5.3853457e+00   1.2154563e+01   3.4623268e+00
   2.0100000e+03   1.2000000e+01   3.0000000e+01   1.5000000e+01   7.0000000e+00   1.7000099e+01  -5.3810394e+01  -3.7609146e+01   4.9656225e+02   1.7766905e+00   2.7582413e+00   2.7582413e+00
   2.0100000e+03   1.2000000e+01   3.0000000e+01   1.5000000e+01   8.0000000e+00   5.3000000e+01  -5.3805967e+01  -3.7610654e+01   5.0180374e+02   6.8244817e-01   1.5871207e+00   1.5018563e+00
   2.0100000e+03   1.2000000e+01   3.0000000e+01   1.5000000e+01   1.0000000e+01   3.0000000e+01  -5.3801587e+01  -3.7612078e+01   4.9552557e+02   7.1829068e-01   1.6704770e+00   1.2684592e+00
   2.0100000e+03   1.2000000e+01   3.0000000e+01   1.5000000e+01   1.2000000e+01   8.0000000e+00  -5.3797156e+01  -3.7613524e+01   5.0143298e+02   1.4706589e+00   3.4202057e+00   3.2016527e+00
   2.0100000e+03   1.2000000e+01   3.0000000e+01   1.5000000e+01   1.3000000e+01   4.5000000e+01  -5.3792733e+01  -3.7614971e+01   5.0058657e+02   1.9251683e+00   4.5212527e+00   3.2156908e+00
   2.0100000e+03   1.2000000e+01   3.0000000e+01   1.5000000e+01   1.5000000e+01   2.2000000e+01  -5.3788271e+01  -3.7616308e+01   5.0360962e+02   1.1045471e+01   1.9281364e+01   4.4472019e+00
   2.0100000e+03   1.2000000e+01   3.0000000e+01   1.5000000e+01   1.6000000e+01   5.9000000e+01  -5.3783833e+01  -3.7617641e+01   5.0076496e+02   9.5901878e+00   1.8813495e+01   6.2004480e+00
   2.0100000e+03   1.2000000e+01   3.0000000e+01   1.5000000e+01   1.8000000e+01   3.6000000e+01  -5.3779457e+01  -3.7619002e+01   4.9444007e+02   7.7301492e+00   1.1943165e+01   9.3423769e+00
   2.0100000e+03   1.2000000e+01   3.0000000e+01   1.5000000e+01   2.0000000e+01   1.4000000e+01  -5.3775000e+01  -3.7620449e+01   5.0427924e+02   8.2368966e+00   2.0187637e+01   1.4484705e+01
   2.0100000e+03   1.2000000e+01   3.0000000e+01   1.5000000e+01   2.1000000e+01   5.1000000e+01  -5.3770589e+01  -3.7621872e+01   4.9899856e+02   3.4378115e+00   9.5897899e+00   6.1556523e+00
   2.0100000e+03   1.2000000e+01   3.0000000e+01   1.5000000e+01   2.3000000e+01   2.8000000e+01  -5.3766158e+01  -3.7623288e+01   5.0109913e+02   3.1847246e+00   7.4035049e+00   6.6088101e+00
   2.0100000e+03   1.2000000e+01   3.0000000e+01   1.5000000e+01   2.5000000e+01   5.0000000e+00  -5.3761736e+01  -3.7624696e+01   4.9994864e+02   2.4955931e+00   4.9521654e+00   3.7458463e+00
   2.0100000e+03   1.2000000e+01   3.0000000e+01   1.5000000e+01   2.6000000e+01   4.2000000e+01  -5.3757333e+01  -3.7626074e+01   4.9756376e+02   2.4183953e+00   5.6242883e+00   3.6728692e+00
   2.0100000e+03   1.2000000e+01   3.0000000e+01   1.5000000e+01   2.8000000e+01   1.9000000e+01  -5.3752934e+01  -3.7627543e+01   4.9828522e+02   3.3211155e+00   6.2448385e+00   4.7238619e+00
   2.0100000e+03   1.2000000e+01   3.0000000e+01   1.5000000e+01   2.9000000e+01   5.6000099e+01  -5.3748584e+01  -3.7629001e+01   4.9276561e+02   1.3530825e+01   2.3445515e+01   3.4012589e+00
   2.0100000e+03   1.2000000e+01   3.0000000e+01   1.5000000e+01   3.1000000e+01   3.5000000e+01  -5.3744148e+01  -3.7630540e+01   5.0316089e+02   2.0350464e+00   3.5354477e+00   3.1249091e+00
   2.0100000e+03   1.2000000e+01   3.0000000e+01   1.5000000e+01   3.3000000e+01   1.5000000e+01  -5.3739695e+01  -3.7631996e+01   5.0402072e+02   1.8605759e+00   3.4748550e+00   2.4156274e+00
   2.0100000e+03   1.2000000e+01   3.0000000e+01   1.5000000e+01   3.4000000e+01   5.3000000e+01  -5.3735287e+01  -3.7633502e+01   4.9966825e+02   5.4221194e+00   1.3117430e+01   2.6912629e+00
   2.0100000e+03   1.2000000e+01   3.0000000e+01   1.5000000e+01   3.6000000e+01   3.0000000e+01  -5.3730915e+01  -3.7634990e+01   4.9565155e+02   8.3625821e+00   1.9448256e+01   4.0405305e+00
   2.0100000e+03   1.2000000e+01   3.0000000e+01   1.5000000e+01   3.8000000e+01   8.0000000e+00  -5.3726454e+01  -3.7636668e+01   5.0781530e+02   3.1217255e+00   7.3191396e+00   6.8595887e+00
   2.0100000e+03   1.2000000e+01   3.0000000e+01   1.5000000e+01   3.9000000e+01   4.5000000e+01  -5.3722043e+01  -3.7638340e+01   5.0227960e+02   2.9956081e+00   7.9805784e+00   7.6490355e+00
   2.0100000e+03   1.2000000e+01   3.0000000e+01   1.5000000e+01   4.1000000e+01   2.1000000e+01  -5.3717697e+01  -3.7639988e+01   4.9492400e+02   9.0136310e-01   3.0219653e+00   3.0219653e+00
   2.0100000e+03   1.2000000e+01   3.0000000e+01   1.5000000e+01   4.2000000e+01   5.8000000e+01  -5.3713309e+01  -3.7641680e+01   5.0020383e+02   1.6007140e+00   3.7226654e+00   3.5832948e+00
   2.0100000e+03   1.2000000e+01   3.0000000e+01   1.5000000e+01   4.4000000e+01   3.5000000e+01  -5.3708937e+01  -3.7643265e+01   4.9679221e+02   2.4316274e+00   5.7539479e+00   4.5795422e+00
   2.0100000e+03   1.2000000e+01   3.0000000e+01   1.5000000e+01   4.6000000e+01   1.2000000e+01  -5.3704580e+01  -3.7644801e+01   4.9457874e+02   1.6616001e+00   4.0381131e+00   3.1044462e+00
   2.0100000e+03   1.2000000e+01   3.0000000e+01   1.5000000e+01   4.7000000e+01   5.0000000e+01  -5.3700138e+01  -3.7646276e+01   5.0308271e+02   1.5233368e+00   3.7665722e+00   2.6117633e+00
   2.0100000e+03   1.2000000e+01   3.0000000e+01   1.5000000e+01   4.9000000e+01   2.7000000e+01  -5.3695689e+01  -3.7647637e+01   5.0245119e+02   3.0395799e+00   4.9539228e+00   4.8070629e+00
   2.0100000e+03   1.2000000e+01   3.0000000e+01   1.5000000e+01   5.1000000e+01   4.0000000e+00  -5.3691203e+01  -3.7648942e+01   5.0577712e+02   7.5488509e+00   1.0366517e+01   8.3341173e+00
   2.0100000e+03   1.2000000e+01   3.0000000e+01   1.5000000e+01   5.2000000e+01   5.2000000e+01  -5.3686747e+01  -3.7650448e+01   5.0503214e+02   4.0460778e+00   5.0451600e+00   4.6074994e+00
   2.0100000e+03   1.2000000e+01   3.0000000e+01   1.5000000e+01   5.4000000e+01   5.9000000e+01  -5.3682413e+01  -3.7651896e+01   4.9088990e+02   6.2971567e+00   1.0348663e+01   7.8244088e+00
   2.0100000e+03   1.2000000e+01   3.0000000e+01   1.5000000e+01   5.7000000e+01   1.7000000e+01  -5.3677977e+01  -3.7653064e+01   4.9890846e+02   5.2245847e+00   9.9913941e+00   5.2491447e+00
   2.0100000e+03   1.2000000e+01   3.0000000e+01   1.5000000e+01   5.9000000e+01   3.3000000e+01  -5.3673772e+01  -3.7654447e+01   4.7598763e+02   4.4415696e+00   8.9477403e+00   7.0891302e+00
   2.0100000e+03   1.2000000e+01   3.0000000e+01   1.6000000e+01   1.0000000e+00   2.8000000e+01  -5.3669226e+01  -3.7655714e+01   5.1201243e+02   6.1877473e+00   7.4535150e+00   3.4362769e+00
   2.0100000e+03   1.2000000e+01   3.0000000e+01   1.6000000e+01   3.0000000e+00   2.0000000e+00  -5.3664687e+01  -3.7657039e+01   5.1188937e+02   1.4812774e+00   3.4449003e+00   2.2437026e+00
   2.0100000e+03   1.2000000e+01   3.0000000e+01   1.6000000e+01   4.0000000e+00   3.5000000e+01  -5.3660315e+01  -3.7658606e+01   4.9658102e+02   6.8541048e+00   1.3282800e+01   1.1103266e+01
   2.0100000e+03   1.2000000e+01   3.0000000e+01   1.6000000e+01   6.0000000e+00   1.1000000e+01  -5.3655900e+01  -3.7660374e+01   5.0425861e+02   4.7721614e+00   7.7333648e+00   5.1628581e+00
   2.0100000e+03   1.2000000e+01   3.0000000e+01   1.6000000e+01   7.0000000e+00   4.9000000e+01  -5.3651553e+01  -3.7662253e+01   4.9859484e+02   7.2827025e+00   9.0245854e+00   5.4267304e+00
   2.0100000e+03   1.2000000e+01   3.0000000e+01   1.6000000e+01   9.0000000e+00   2.7000000e+01  -5.3647174e+01  -3.7664050e+01   5.0089031e+02   6.5448142e+00   1.3393309e+01   8.1592747e+00
   2.0100000e+03   1.2000000e+01   3.0000000e+01   1.6000000e+01   1.1000000e+01   2.0000000e+00  -5.3642855e+01  -3.7665841e+01   4.9421102e+02   6.6393738e+00   1.6303229e+01   8.6192969e+00
   2.0100000e+03   1.2000000e+01   3.0000000e+01   1.6000000e+01   1.2000000e+01   3.7000000e+01  -5.3638485e+01  -3.7667696e+01   5.0070693e+02   4.3997395e+00   9.0124756e+00   4.8056604e+00
   2.0100000e+03   1.2000000e+01   3.0000000e+01   1.6000000e+01   1.4000000e+01   1.3000000e+01  -5.3634057e+01  -3.7669412e+01   5.0482211e+02   1.0621746e+03   1.9173645e+03   1.8218651e+03
   2.0100000e+03   1.2000000e+01   3.0000000e+01   1.6000000e+01   1.5000000e+01   5.0000000e+01  -5.3629686e+01  -3.7671071e+01   4.9785394e+02   1.6900876e+01   3.8357546e+01   1.8232153e+01
   2.0100000e+03   1.2000000e+01   3.0000000e+01   1.6000000e+01   1.7000000e+01   2.8000000e+01  -5.3625324e+01  -3.7672591e+01   4.9492793e+02   1.0113033e+02   2.3504824e+02   1.6642881e+02
   2.0100000e+03   1.2000000e+01   3.0000000e+01   1.6000000e+01   1.9000000e+01   7.0000992e+00  -5.3620948e+01  -3.7674033e+01   4.9546413e+02   4.2554942e+00   8.2053385e+00   5.9035954e+00
   2.0100000e+03   1.2000000e+01   3.0000000e+01   1.6000000e+01   2.0000000e+01   4.8000000e+01  -5.3616451e+01  -3.7675443e+01   5.0833893e+02   5.8945910e+00   1.0008819e+01   9.2129614e+00
   2.0100000e+03   1.2000000e+01   3.0000000e+01   1.6000000e+01   2.2000000e+01   2.8000000e+01  -5.3612029e+01  -3.7676806e+01   4.9948102e+02   3.3281191e+00   4.9561388e+00   4.3205632e+00
   2.0100000e+03   1.2000000e+01   3.0000000e+01   1.6000000e+01   2.4000000e+01   6.0000000e+00  -5.3607586e+01  -3.7678136e+01   5.0143821e+02   1.7333603e+00   4.0311514e+00   1.0807228e+00
   2.0100000e+03   1.2000000e+01   3.0000000e+01   1.6000000e+01   2.5000000e+01   4.2000000e+01  -5.3603200e+01  -3.7679456e+01   4.9510249e+02   9.7791981e-01   1.9403206e+00   1.6597651e+00
   2.0100000e+03   1.2000000e+01   3.0000000e+01   1.6000000e+01   2.7000000e+01   1.8000099e+01  -5.3598766e+01  -3.7680785e+01   5.0039952e+02   8.7640703e-01   2.0381969e+00   1.6508101e+00
   2.0100000e+03   1.2000000e+01   3.0000000e+01   1.6000000e+01   2.8000000e+01   5.6000000e+01  -5.3594311e+01  -3.7682094e+01   5.0250810e+02   9.7988557e+02   8.2932260e+02   8.2789066e+02
   2.0100000e+03   1.2000000e+01   3.0000000e+01   1.6000000e+01   3.0000000e+01   3.4000000e+01  -5.3589949e+01  -3.7683385e+01   4.9217221e+02   8.6244684e-01   2.4224926e+00   2.0319560e+00
   2.0100000e+03   1.2000000e+01   3.0000000e+01   1.6000000e+01   3.2000000e+01   1.1000000e+01  -5.3585503e+01  -3.7684761e+01   5.0231865e+02   8.6714382e-01   2.9363879e+00   1.5467480e+00
   2.0100000e+03   1.2000000e+01   3.0000000e+01   1.6000000e+01   3.3000000e+01   4.6000099e+01  -5.3581111e+01  -3.7686143e+01   4.9639930e+02   2.1770638e+00   3.5666612e+00   2.5860295e+00
   2.0100000e+03   1.2000000e+01   3.0000000e+01   1.6000000e+01   3.5000000e+01   2.1000000e+01  -5.3576673e+01  -3.7687524e+01   5.0155231e+02   1.4672434e+00   4.5627823e+00   2.5409638e+00
   2.0100000e+03   1.2000000e+01   3.0000000e+01   1.6000000e+01   3.6000000e+01   5.7000000e+01  -5.3572182e+01  -3.7688964e+01   5.0800578e+02   2.2186359e-01   5.1597221e-01   5.1597221e-01
   2.0100000e+03   1.2000000e+01   3.0000000e+01   1.6000000e+01   3.8000000e+01   3.4000000e+01  -5.3567767e+01  -3.7690320e+01   4.9867423e+02   8.4462627e-01   1.9714579e+00   1.4269804e+00
   2.0100000e+03   1.2000000e+01   3.0000000e+01   1.6000000e+01   4.0000000e+01   1.2000000e+01  -5.3563376e+01  -3.7691692e+01   4.9629201e+02   4.9503869e-01   2.0316620e+00   1.2165829e+00
   2.0100000e+03   1.2000000e+01   3.0000000e+01   1.6000000e+01   4.1000000e+01   5.0000000e+01  -5.3558964e+01  -3.7693109e+01   4.9902798e+02   4.2114135e-01   9.7941817e-01   6.5606251e-01
   2.0100000e+03   1.2000000e+01   3.0000000e+01   1.6000000e+01   4.3000000e+01   2.8000099e+01  -5.3554535e+01  -3.7694539e+01   5.0111858e+02   2.5674810e+02   3.1678464e+02   3.1670720e+02
   2.0100000e+03   1.2000000e+01   3.0000000e+01   1.6000000e+01   4.5000000e+01   5.0000000e+00  -5.3550148e+01  -3.7695985e+01   4.9673250e+02   3.6479209e-01   8.4837075e-01   3.9165021e-01
   2.0100000e+03   1.2000000e+01   3.0000000e+01   1.6000000e+01   4.6000000e+01   4.3000099e+01  -5.3545666e+01  -3.7697436e+01   5.0722128e+02   1.2757858e-01   2.9670034e-01   5.3820757e-02
   2.0100000e+03   1.2000000e+01   3.0000000e+01   1.6000000e+01   4.8000000e+01   2.1000000e+01  -5.3541264e+01  -3.7698985e+01   4.9973127e+02   1.3013974e+00   3.4320088e+00   3.0785602e+00
   2.0100000e+03   1.2000000e+01   3.0000000e+01   1.6000000e+01   4.9000000e+01   5.9000000e+01  -5.3536877e+01  -3.7700511e+01   4.9778495e+02   1.7432464e+00   4.5916831e+00   4.0948021e+00
   2.0100000e+03   1.2000000e+01   3.0000000e+01   1.6000000e+01   5.1000000e+01   3.8000099e+01  -5.3532434e+01  -3.7702083e+01   5.0453379e+02   9.9332652e-01   3.7921321e+00   1.9283971e+00
   2.0100000e+03   1.2000000e+01   3.0000000e+01   1.6000000e+01   5.3000000e+01   1.6000000e+01  -5.3528038e+01  -3.7703654e+01   4.9930357e+02   8.3111394e-01   3.0476790e+00   1.7495432e+00
   2.0100000e+03   1.2000000e+01   3.0000000e+01   1.6000000e+01   5.4000000e+01   5.4000000e+01  -5.3523652e+01  -3.7705256e+01   4.9876847e+02   1.0019860e+00   1.8901777e+00   1.5482594e+00
   2.0100000e+03   1.2000000e+01   3.0000000e+01   1.6000000e+01   5.6000000e+01   3.1000000e+01  -5.3519289e+01  -3.7706852e+01   4.9615275e+02   9.7685453e-01   1.6274871e+00   1.3976222e+00
   2.0100000e+03   1.2000000e+01   3.0000000e+01   1.6000000e+01   5.8000000e+01   1.2000000e+01  -5.3514836e+01  -3.7708542e+01   5.0722276e+02   1.2166959e+00   2.1010458e+00   1.3575990e+00
   2.0100000e+03   1.2000000e+01   3.0000000e+01   1.7000000e+01   0.0000000e+00   7.0000992e+00  -5.3510471e+01  -3.7710231e+01   4.9771580e+02   9.7737434e-01   1.2740300e+00   1.0140031e+00
   2.0100000e+03   1.2000000e+01   3.0000000e+01   1.7000000e+01   2.0000000e+00   1.6000000e+01  -5.3506121e+01  -3.7711840e+01   4.9492199e+02   6.5557788e+02   1.5245844e+03   1.5211145e+03
   2.0100000e+03   1.2000000e+01   3.0000000e+01   1.7000000e+01   4.0000000e+00   3.4000000e+01  -5.3501742e+01  -3.7713453e+01   4.9823491e+02   2.6098200e+02   4.1101572e+02   4.0918221e+02
   2.0100000e+03   1.2000000e+01   3.0000000e+01   1.7000000e+01   6.0000000e+00   5.4000099e+01  -5.3497366e+01  -3.7714954e+01   4.9620407e+02   4.1965151e+02   9.4184773e+02   6.0198958e+02
   2.0100000e+03   1.2000000e+01   3.0000000e+01   1.7000000e+01   9.0000000e+00   1.2000099e+01  -5.3492960e+01  -3.7716495e+01   5.0005680e+02   1.9649774e+00   3.5028257e+00   2.2983321e+00
   2.0100000e+03   1.2000000e+01   3.0000000e+01   1.7000000e+01   1.1000000e+01   2.8000000e+01  -5.3488604e+01  -3.7717990e+01   4.9411590e+02   1.6607314e+00   3.6172430e+00   3.0903691e+00
   2.0100000e+03   1.2000000e+01   3.0000000e+01   1.7000000e+01   1.3000000e+01   3.0000000e+01  -5.3484178e+01  -3.7719500e+01   5.0175850e+02   2.0772891e+02   4.8399444e+02   4.8179994e+02
   2.0100000e+03   1.2000000e+01   3.0000000e+01   1.7000000e+01   1.5000000e+01   1.5000000e+01  -5.3479808e+01  -3.7721071e+01   4.9666505e+02   2.1620766e+00   4.1162706e+00   1.0321590e+00
   2.0100000e+03   1.2000000e+01   3.0000000e+01   1.7000000e+01   1.6000000e+01   5.4000000e+01  -5.3475361e+01  -3.7722654e+01   5.0511968e+02   1.1976485e+00   4.1854002e+00   2.0251442e+00
   2.0100000e+03   1.2000000e+01   3.0000000e+01   1.7000000e+01   1.8000000e+01   3.0000000e+01  -5.3470999e+01  -3.7724250e+01   4.9597771e+02   2.2916907e+00   4.2594294e+00   3.6541323e+00
   2.0100000e+03   1.2000000e+01   3.0000000e+01   1.7000000e+01   2.0000000e+01   5.0000000e+00  -5.3466593e+01  -3.7725821e+01   5.0054640e+02   2.3176419e+00   3.6579964e+00   3.4138072e+00
   2.0100000e+03   1.2000000e+01   3.0000000e+01   1.7000000e+01   2.1000000e+01   4.2000099e+01  -5.3462183e+01  -3.7727403e+01   5.0106328e+02   7.2772910e-01   1.8740867e+00   5.8897917e-01
   2.0100000e+03   1.2000000e+01   3.0000000e+01   1.7000000e+01   2.3000000e+01   1.9000000e+01  -5.3457768e+01  -3.7728912e+01   5.0068208e+02   1.1761090e+00   3.3767405e+00   1.9051604e+00
   2.0100000e+03   1.2000000e+01   3.0000000e+01   1.7000000e+01   2.4000000e+01   5.5000000e+01  -5.3453354e+01  -3.7730411e+01   5.0042832e+02   1.3253402e+00   3.1867114e+00   1.7127058e+00
   2.0100000e+03   1.2000000e+01   3.0000000e+01   1.7000000e+01   2.6000000e+01   3.2000000e+01  -5.3448948e+01  -3.7731858e+01   4.9879899e+02   3.3849655e+00   5.3272486e+00   4.0779644e+00
   2.0100000e+03   1.2000000e+01   3.0000000e+01   1.7000000e+01   2.8000000e+01   1.0000099e+01  -5.3444509e+01  -3.7733274e+01   5.0214667e+02   3.2896612e+00   8.4246700e+00   5.5781683e+00
   2.0100000e+03   1.2000000e+01   3.0000000e+01   1.7000000e+01   2.9000000e+01   4.8000000e+01  -5.3440105e+01  -3.7734716e+01   4.9855648e+02   2.6242060e+00   6.3225219e+00   4.6866349e+00
   2.0100000e+03   1.2000000e+01   3.0000000e+01   1.7000000e+01   3.1000000e+01   2.6000000e+01  -5.3435646e+01  -3.7736159e+01   5.0463541e+02   4.2495507e+00   6.4846372e+00   6.2425366e+00
   2.0100000e+03   1.2000000e+01   3.0000000e+01   1.7000000e+01   3.3000000e+01   4.0000000e+00  -5.3431252e+01  -3.7737577e+01   4.9724742e+02   2.6303418e+00   6.7786052e+00   4.8502450e+00
   2.0100000e+03   1.2000000e+01   3.0000000e+01   1.7000000e+01   3.4000000e+01   4.2000000e+01  -5.3426834e+01  -3.7739003e+01   4.9986854e+02   1.2550571e+01   2.8233986e+01   2.7337963e+01
   2.0100000e+03   1.2000000e+01   3.0000000e+01   1.7000000e+01   3.6000000e+01   2.0000099e+01  -5.3422430e+01  -3.7740457e+01   4.9871673e+02   3.4284737e+00   7.2753479e+00   3.7992007e+00
   2.0100000e+03   1.2000000e+01   3.0000000e+01   1.7000000e+01   3.7000000e+01   5.9000000e+01  -5.3418075e+01  -3.7741860e+01   4.9282092e+02   3.7345874e+00   8.4910879e+00   3.4252431e+00
   2.0100000e+03   1.2000000e+01   3.0000000e+01   1.7000000e+01   3.9000000e+01   3.8000000e+01  -5.3413631e+01  -3.7743352e+01   5.0356203e+02   3.2268170e+00   7.7859879e+00   2.6066760e+00
   2.0100000e+03   1.2000000e+01   3.0000000e+01   1.7000000e+01   4.1000000e+01   1.6000099e+01  -5.3409170e+01  -3.7744787e+01   5.0480006e+02   3.6507428e+00   8.9385003e+00   5.1014117e+00
   2.0100000e+03   1.2000000e+01   3.0000000e+01   1.7000000e+01   4.2000000e+01   5.3000000e+01  -5.3404787e+01  -3.7746218e+01   4.9615470e+02   3.5726410e+00   8.3210305e+00   5.3950129e+00
   2.0100000e+03   1.2000000e+01   3.0000000e+01   1.7000000e+01   4.4000000e+01   2.9000000e+01  -5.3400396e+01  -3.7747674e+01   4.9731761e+02   3.2464469e+00   6.1817692e+00   4.2569403e+00
   2.0100000e+03   1.2000000e+01   3.0000000e+01   1.7000000e+01   4.6000000e+01   6.0000000e+00  -5.3395961e+01  -3.7749118e+01   5.0206830e+02   1.2068729e+00   3.4850866e+00   2.6500060e+00
   2.0100000e+03   1.2000000e+01   3.0000000e+01   1.7000000e+01   4.7000000e+01   4.4000099e+01  -5.3391578e+01  -3.7750581e+01   4.9653784e+02   1.3134867e+00   2.6942156e+00   2.1981551e+00
   2.0100000e+03   1.2000000e+01   3.0000000e+01   1.7000000e+01   4.9000000e+01   2.3000000e+01  -5.3387131e+01  -3.7752057e+01   5.0380743e+02   7.3292591e-01   2.0640341e+00   2.0640341e+00
   2.0100000e+03   1.2000000e+01   3.0000000e+01   1.7000000e+01   5.1000000e+01   1.0000000e+00  -5.3382714e+01  -3.7753516e+01   5.0018716e+02   1.2755083e+00   3.4155317e+00   3.3069811e+00
   2.0100000e+03   1.2000000e+01   3.0000000e+01   1.7000000e+01   5.2000000e+01   3.7000000e+01  -5.3378354e+01  -3.7754978e+01   4.9411802e+02   1.7713253e+00   5.1732644e+00   4.6971202e+00
   2.0100000e+03   1.2000000e+01   3.0000000e+01   1.7000000e+01   5.4000000e+01   1.4000000e+01  -5.3373882e+01  -3.7756502e+01   5.0706545e+02   9.9214099e-01   2.1707445e+00   1.7434952e+00
   2.0100000e+03   1.2000000e+01   3.0000000e+01   1.7000000e+01   5.5000000e+01   5.1000000e+01  -5.3369458e+01  -3.7757960e+01   5.0102025e+02   9.5438378e-01   1.7099634e+00   1.4087168e+00
   2.0100000e+03   1.2000000e+01   3.0000000e+01   1.7000000e+01   5.7000000e+01   2.7000099e+01  -5.3365083e+01  -3.7759426e+01   4.9580048e+02   5.9389993e-01   1.0507952e+00   4.6808321e-01
   2.0100000e+03   1.2000000e+01   3.0000000e+01   1.7000000e+01   5.9000000e+01   3.0000000e+00  -5.3360703e+01  -3.7760872e+01   4.9609321e+02   8.7920713e-01   3.5288853e-01   3.5288853e-01
   2.0100000e+03   1.2000000e+01   3.0000000e+01   1.8000000e+01   0.0000000e+00   4.0000000e+01  -5.3356271e+01  -3.7762354e+01   5.0216537e+02   3.8657397e-01   1.2047016e+00   6.4975349e-01
   2.0100000e+03   1.2000000e+01   3.0000000e+01   1.8000000e+01   2.0000000e+00   2.9000000e+01  -5.3351714e+01  -3.7763997e+01   5.1796205e+02   9.5742088e-01   2.5208213e+00   2.2027695e+00
   2.0100000e+03   1.2000000e+01   3.0000000e+01   1.8000000e+01   4.0000000e+00   4.5000000e+01  -5.3347384e+01  -3.7765550e+01   4.9204888e+02   2.3710157e+00   2.4639161e+00   2.3842140e+00
   2.0100000e+03   1.2000000e+01   3.0000000e+01   1.8000000e+01   7.0000000e+00   2.8999901e+01  -5.3343029e+01  -3.7767081e+01   4.9449708e+02   2.4545786e+00   5.7084371e+00   4.6808147e+00
   2.0100000e+03   1.2000000e+01   3.0000000e+01   1.8000000e+01   1.0000000e+01   1.1000000e+01  -5.3338727e+01  -3.7768405e+01   4.8599592e+02   1.2672806e+00   4.1860843e+00   4.0499766e+00
   2.0100000e+03   1.2000000e+01   3.0000000e+01   1.8000000e+01   1.2000000e+01   3.5000000e+01  -5.3334266e+01  -3.7769720e+01   5.0339053e+02   1.1986695e+00   2.7876595e+00   2.5090899e+00
   2.0100000e+03   1.2000000e+01   3.0000000e+01   1.8000000e+01   1.4000000e+01   5.5000000e+01  -5.3329821e+01  -3.7771153e+01   5.0298928e+02   6.0974045e+00   3.4846435e+00   2.9505468e+00
   2.0100000e+03   1.2000000e+01   3.0000000e+01   1.8000000e+01   1.7000000e+01   1.4000000e+01  -5.3325434e+01  -3.7772623e+01   4.9707890e+02   6.3879711e+00   1.4911360e+01   5.8887103e+00
   2.0100000e+03   1.2000000e+01   3.0000000e+01   1.8000000e+01   1.9000000e+01   3.2000000e+01  -5.3320990e+01  -3.7774136e+01   5.0393343e+02   2.2491282e+00   3.7033444e+00   3.5581164e+00
   2.0100000e+03   1.2000000e+01   3.0000000e+01   1.8000000e+01   2.1000000e+01   4.9000000e+01  -5.3316575e+01  -3.7775605e+01   5.0019972e+02   1.0473299e+00   1.3994024e+00   1.0862304e+00
   2.0100000e+03   1.2000000e+01   3.0000000e+01   1.8000000e+01   2.3000000e+01   5.9000000e+01  -5.3312340e+01  -3.7777040e+01   4.8016584e+02   1.5584436e+00   2.5286924e+00   2.3094535e+00
   2.0100000e+03   1.2000000e+01   3.0000000e+01   1.8000000e+01   2.5000000e+01   5.4000000e+01  -5.3307819e+01  -3.7778492e+01   5.1156191e+02   1.5043572e+00   3.4985754e+00   2.7116882e+00
   2.0100000e+03   1.2000000e+01   3.0000000e+01   1.8000000e+01   2.7000000e+01   3.6000000e+01  -5.3303341e+01  -3.7779964e+01   5.0703580e+02   1.9243923e-01   8.1618768e-01   7.4929879e-01
   2.0100000e+03   1.2000000e+01   3.0000000e+01   1.8000000e+01   2.9000000e+01   1.2000099e+01  -5.3298956e+01  -3.7781374e+01   4.9620693e+02   9.2807014e-02   2.1583460e-01   0.0000000e+00
   2.0100000e+03   1.2000000e+01   3.0000000e+01   1.8000000e+01   3.0000000e+01   4.7000000e+01  -5.3294601e+01  -3.7782775e+01   4.9283527e+02   4.3556083e+00   9.8932192e+00   2.0938637e+00
   2.0100000e+03   1.2000000e+01   3.0000000e+01   1.8000000e+01   3.2000000e+01   2.4000099e+01  -5.3290092e+01  -3.7784212e+01   5.1002155e+02   1.6454449e-01   3.5257323e-01   1.1591049e-01
   2.0100000e+03   1.2000000e+01   3.0000000e+01   1.8000000e+01   3.4000000e+01   1.0000000e+00  -5.3285638e+01  -3.7785565e+01   5.0304149e+02   9.1875113e-01   2.2045826e+00   6.6735624e-01
   2.0100000e+03   1.2000000e+01   3.0000000e+01   1.8000000e+01   3.5000000e+01   3.7000000e+01  -5.3281251e+01  -3.7786808e+01   4.9442313e+02   8.0773231e-01   1.9953933e+00   1.2904110e+00
   2.0100000e+03   1.2000000e+01   3.0000000e+01   1.8000000e+01   3.7000000e+01   1.3000099e+01  -5.3276826e+01  -3.7788040e+01   4.9841150e+02   3.6482027e+02   6.0529211e+02   6.0477069e+02
   2.0100000e+03   1.2000000e+01   3.0000000e+01   1.8000000e+01   3.8000000e+01   4.9000000e+01  -5.3272402e+01  -3.7789405e+01   4.9991016e+02   2.2391357e+00   5.2073970e+00   4.0571026e+00
   2.0100000e+03   1.2000000e+01   3.0000000e+01   1.8000000e+01   4.0000000e+01   2.7000099e+01  -5.3267954e+01  -3.7790819e+01   5.0311503e+02   2.8721114e+00   6.6794632e+00   5.5166185e+00
   2.0100000e+03   1.2000000e+01   3.0000000e+01   1.8000000e+01   4.2000000e+01   6.0000000e+00  -5.3263540e+01  -3.7792297e+01   5.0027916e+02   3.3651268e+00   7.8260337e+00   5.7002576e+00
   2.0100000e+03   1.2000000e+01   3.0000000e+01   1.8000000e+01   4.3000000e+01   4.4000000e+01  -5.3259164e+01  -3.7793817e+01   4.9659952e+02   3.1043188e+00   6.7048050e+00   4.4731522e+00
   2.0100000e+03   1.2000000e+01   3.0000000e+01   1.8000000e+01   4.5000000e+01   2.2999901e+01  -5.3254733e+01  -3.7795391e+01   5.0332686e+02   3.0367067e+00   8.2279109e+00   5.1629375e+00
   2.0100000e+03   1.2000000e+01   3.0000000e+01   1.8000000e+01   4.7000000e+01   2.0000000e+00  -5.3250321e+01  -3.7796955e+01   5.0119781e+02   1.3410245e+00   3.5851076e+00   6.8431833e-01
   2.0100000e+03   1.2000000e+01   3.0000000e+01   1.8000000e+01   4.8000000e+01   4.1000000e+01  -5.3245961e+01  -3.7798500e+01   4.9531108e+02   1.7929645e+00   3.8029339e+00   1.4104626e+00
   2.0100000e+03   1.2000000e+01   3.0000000e+01   1.8000000e+01   5.0000000e+01   2.0000000e+01  -5.3241540e+01  -3.7800113e+01   5.0278702e+02   1.4041006e+00   2.8222507e+00   6.8084155e-01
   2.0100000e+03   1.2000000e+01   3.0000000e+01   1.8000000e+01   5.1000000e+01   5.7000000e+01  -5.3237191e+01  -3.7801735e+01   4.9519247e+02   6.3564876e-01   1.6329184e+00   9.6770960e-01
   2.0100000e+03   1.2000000e+01   3.0000000e+01   1.8000000e+01   5.3000000e+01   3.2000000e+01  -5.3232795e+01  -3.7803393e+01   5.0071773e+02   1.5799531e+00   3.6743833e+00   2.2424426e+00
   2.0100000e+03   1.2000000e+01   3.0000000e+01   1.8000000e+01   5.5000000e+01   5.9999008e+00  -5.3228417e+01  -3.7805077e+01   4.9921644e+02   2.0938240e+00   4.5178255e+00   2.2366681e+00
   2.0100000e+03   1.2000000e+01   3.0000000e+01   1.8000000e+01   5.6000000e+01   4.1000000e+01  -5.3224008e+01  -3.7806710e+01   5.0184676e+02   1.7865105e+00   4.1547592e+00   3.1997896e+00
   2.0100000e+03   1.2000000e+01   3.0000000e+01   1.8000000e+01   5.8000000e+01   1.7000000e+01  -5.3219619e+01  -3.7808361e+01   4.9991063e+02   1.7484968e+00   3.9958987e+00   1.0678437e+00
   2.0100000e+03   1.2000000e+01   3.0000000e+01   1.8000000e+01   5.9000000e+01   5.4000000e+01  -5.3215253e+01  -3.7810090e+01   4.9866697e+02   9.8403282e-01   2.2884944e+00   4.5143487e-01
   2.0100000e+03   1.2000000e+01   3.0000000e+01   1.9000000e+01   1.0000000e+00   3.1000000e+01  -5.3210872e+01  -3.7811732e+01   4.9886448e+02   8.8232035e-01   2.0519490e+00   5.1525370e-02
   2.0100000e+03   1.2000000e+01   3.0000000e+01   1.9000000e+01   3.0000000e+00   8.0000000e+00  -5.3206528e+01  -3.7813426e+01   4.9566757e+02   6.2396686e-01   2.5916696e+00   1.4575335e+00
   2.0100000e+03   1.2000000e+01   3.0000000e+01   1.9000000e+01   4.0000000e+00   4.6000099e+01  -5.3202085e+01  -3.7815043e+01   5.0530497e+02   1.0402217e+00   4.1989591e+00   1.7662632e+00
   2.0100000e+03   1.2000000e+01   3.0000000e+01   1.9000000e+01   6.0000000e+00   2.3000000e+01  -5.3197679e+01  -3.7816517e+01   4.9938346e+02   4.8653771e+00   9.8866510e+00   7.7565147e+00
   2.0100000e+03   1.2000000e+01   3.0000000e+01   1.9000000e+01   8.0000000e+00   0.0000000e+00  -5.3193269e+01  -3.7817965e+01   4.9938816e+02   2.2809160e+00   8.8790812e+00   6.1118955e+00
   2.0100000e+03   1.2000000e+01   3.0000000e+01   1.9000000e+01   9.0000000e+00   3.8000000e+01  -5.3188855e+01  -3.7819440e+01   5.0029407e+02   1.7026751e+00   5.0163437e+00   4.6534126e+00
   2.0100000e+03   1.2000000e+01   3.0000000e+01   1.9000000e+01   1.1000000e+01   1.6000099e+01  -5.3184432e+01  -3.7820859e+01   5.0042899e+02   3.2462530e+00   5.3561862e+00   4.0455385e+00
   2.0100000e+03   1.2000000e+01   3.0000000e+01   1.9000000e+01   1.2000000e+01   5.4000000e+01  -5.3180018e+01  -3.7822239e+01   4.9896999e+02   1.4789329e+00   5.8076179e+00   4.0423123e+00
   2.0100000e+03   1.2000000e+01   3.0000000e+01   1.9000000e+01   1.4000000e+01   3.3000000e+01  -5.3175570e+01  -3.7823567e+01   5.0219201e+02   6.4109007e-01   3.4990437e+00   1.3996062e+00
   2.0100000e+03   1.2000000e+01   3.0000000e+01   1.9000000e+01   1.6000000e+01   1.2000099e+01  -5.3171165e+01  -3.7824928e+01   4.9775615e+02   2.4792107e-01   5.7657223e-01   5.7657223e-01
   2.0100000e+03   1.2000000e+01   3.0000000e+01   1.9000000e+01   1.7000000e+01   5.0000000e+01  -5.3166734e+01  -3.7826322e+01   5.0106170e+02   4.0133679e-01   1.9169562e+00   1.0554789e+00
   2.0100000e+03   1.2000000e+01   3.0000000e+01   1.9000000e+01   1.9000000e+01   2.9000000e+01  -5.3162294e+01  -3.7827762e+01   5.0261286e+02   1.7231254e+00   3.9237071e+00   3.2110322e+00
   2.0100000e+03   1.2000000e+01   3.0000000e+01   1.9000000e+01   2.1000000e+01   1.5000000e+01  -5.3157846e+01  -3.7829342e+01   5.0535356e+02   6.5597014e-01   1.5255426e+00   1.5517959e-01
   2.0100000e+03   1.2000000e+01   3.0000000e+01   1.9000000e+01   2.3000000e+01   1.2000000e+01  -5.3153512e+01  -3.7830900e+01   4.9261479e+02   6.4610683e-01   1.5421766e+00   2.1244304e-01
   2.0100000e+03   1.2000000e+01   3.0000000e+01   1.9000000e+01   2.4000000e+01   2.9000000e+01  -5.3150824e+01  -3.7831830e+01   3.0508380e+02   7.6446934e-01   3.4370307e+00   3.4370307e+00
