   2.0120000e+03   1.0000000e+00   2.0000000e+00   1.4000000e+01   5.5000000e+01   3.0000000e+00  -5.3322310e+01  -3.9302125e+01   4.9947381e+02   2.5078274e+00   7.7046420e+00   9.9254452e-01
   2.0120000e+03   1.0000000e+00   2.0000000e+00   1.4000000e+01   5.6000000e+01   4.3000000e+01  -5.3326723e+01  -3.9300849e+01   4.9759100e+02   1.7913143e+00   5.8094945e+00   8.9154331e-01
   2.0120000e+03   1.0000000e+00   2.0000000e+00   1.4000000e+01   5.8000000e+01   2.2000000e+01  -5.3331168e+01  -3.9299553e+01   5.0135593e+02   1.4228750e+00   4.3439442e+00   0.0000000e+00
   2.0120000e+03   1.0000000e+00   2.0000000e+00   1.4000000e+01   5.9000000e+01   5.9000000e+01  -5.3335601e+01  -3.9298273e+01   4.9994367e+02   1.4166445e+00   4.3522686e+00   0.0000000e+00
   2.0120000e+03   1.0000000e+00   2.0000000e+00   1.5000000e+01   1.0000000e+00   3.6000099e+01  -5.3340026e+01  -3.9296995e+01   4.9888586e+02   6.6207318e-01   2.0340462e+00   0.0000000e+00
   2.0120000e+03   1.0000000e+00   2.0000000e+00   1.5000000e+01   3.0000000e+00   1.4000000e+01  -5.3344445e+01  -3.9295697e+01   4.9858434e+02   2.3030878e+00   7.0756331e+00   2.1099151e+00
   2.0120000e+03   1.0000000e+00   2.0000000e+00   1.5000000e+01   4.0000000e+00   5.2000000e+01  -5.3348889e+01  -3.9294405e+01   5.0115545e+02   3.1456468e+00   9.6641747e+00   4.6914717e+00
   2.0120000e+03   1.0000000e+00   2.0000000e+00   1.5000000e+01   6.0000000e+00   3.2000099e+01  -5.3353295e+01  -3.9293035e+01   4.9798025e+02   4.2450865e+00   7.1049351e+00   1.1797622e+00
   2.0120000e+03   1.0000000e+00   2.0000000e+00   1.5000000e+01   8.0000000e+00   1.3000000e+01  -5.3357680e+01  -3.9291715e+01   4.9500354e+02   2.5203858e+00   6.7283907e+00   2.1607108e+00
   2.0120000e+03   1.0000000e+00   2.0000000e+00   1.5000000e+01   9.0000000e+00   5.3000000e+01  -5.3362106e+01  -3.9290407e+01   4.9947332e+02   2.7869419e+00   8.5621480e+00   3.0832971e+00
   2.0120000e+03   1.0000000e+00   2.0000000e+00   1.5000000e+01   1.1000000e+01   3.0000000e+01  -5.3366596e+01  -3.9289100e+01   5.0634581e+02   4.6947536e+00   1.5223234e+01   4.5662810e+00
   2.0120000e+03   1.0000000e+00   2.0000000e+00   1.5000000e+01   1.3000000e+01   7.0000000e+00  -5.3370990e+01  -3.9287751e+01   4.9637995e+02   5.7245485e+00   2.0075200e+01   8.2871464e+00
   2.0120000e+03   1.0000000e+00   2.0000000e+00   1.5000000e+01   1.4000000e+01   4.5000000e+01  -5.3375412e+01  -3.9286378e+01   4.9978992e+02   4.6062796e+00   1.3580917e+01   3.1314405e+00
   2.0120000e+03   1.0000000e+00   2.0000000e+00   1.5000000e+01   1.6000000e+01   2.4000099e+01  -5.3379841e+01  -3.9285104e+01   4.9929077e+02   4.7605185e+00   1.8683445e+01   1.1042107e+01
   2.0120000e+03   1.0000000e+00   2.0000000e+00   1.5000000e+01   1.8000000e+01   2.0000000e+00  -5.3384262e+01  -3.9283838e+01   4.9837198e+02   5.2705915e+00   1.6560217e+01   3.7991356e+00
   2.0120000e+03   1.0000000e+00   2.0000000e+00   1.5000000e+01   1.9000000e+01   4.2000000e+01  -5.3388716e+01  -3.9282578e+01   5.0197011e+02   2.7844143e+00   8.5543827e+00   1.3572600e+00
   2.0120000e+03   1.0000000e+00   2.0000000e+00   1.5000000e+01   2.1000000e+01   2.0000099e+01  -5.3393141e+01  -3.9281375e+01   4.9807661e+02   3.4301115e+00   1.0538118e+01   2.4674350e+00
   2.0120000e+03   1.0000000e+00   2.0000000e+00   1.5000000e+01   2.2000000e+01   5.8000000e+01  -5.3397541e+01  -3.9280065e+01   4.9665015e+02   3.3177255e+00   1.0830760e+01   2.9079649e+00
   2.0120000e+03   1.0000000e+00   2.0000000e+00   1.5000000e+01   2.4000000e+01   3.6000000e+01  -5.3401966e+01  -3.9278587e+01   5.0129921e+02   6.8814283e+00   1.2334660e+01   4.5978846e+00
   2.0120000e+03   1.0000000e+00   2.0000000e+00   1.5000000e+01   2.6000000e+01   1.5000000e+01  -5.3406382e+01  -3.9277110e+01   5.0044330e+02   9.4537095e+00   2.9044043e+01   4.1010964e+00
   2.0120000e+03   1.0000000e+00   2.0000000e+00   1.5000000e+01   2.7000000e+01   5.3000000e+01  -5.3410772e+01  -3.9275645e+01   4.9727755e+02   2.2034132e+00   6.0029454e+00   3.9269596e+00
   2.0120000e+03   1.0000000e+00   2.0000000e+00   1.5000000e+01   2.9000000e+01   3.0000099e+01  -5.3415213e+01  -3.9274243e+01   5.0222674e+02   1.9124248e+00   6.1499269e+00   1.1496344e+00
   2.0120000e+03   1.0000000e+00   2.0000000e+00   1.5000000e+01   3.1000000e+01   6.0000000e+00  -5.3419608e+01  -3.9272930e+01   4.9601658e+02   2.3619521e+00   7.4945067e+00   2.2730918e+00
   2.0120000e+03   1.0000000e+00   2.0000000e+00   1.5000000e+01   3.2000000e+01   4.1000000e+01  -5.3424018e+01  -3.9271568e+01   4.9827590e+02   3.0729470e+00   6.5456999e+00   2.3662563e+00
   2.0120000e+03   1.0000000e+00   2.0000000e+00   1.5000000e+01   3.4000000e+01   1.5000000e+01  -5.3428445e+01  -3.9270210e+01   5.0010975e+02   3.0707691e+00   1.0098003e+01   1.5495341e+00
   2.0120000e+03   1.0000000e+00   2.0000000e+00   1.5000000e+01   3.5000000e+01   4.9999901e+01  -5.3432882e+01  -3.9268834e+01   5.0136431e+02   4.0783133e+00   1.3154366e+01   3.0629012e+00
   2.0120000e+03   1.0000000e+00   2.0000000e+00   1.5000000e+01   3.7000000e+01   2.5000000e+01  -5.3437305e+01  -3.9267484e+01   4.9952441e+02   2.7284072e+00   8.3823155e+00   1.0144479e+00
   2.0120000e+03   1.0000000e+00   2.0000000e+00   1.5000000e+01   3.9000000e+01   0.0000000e+00  -5.3441734e+01  -3.9266114e+01   5.0050070e+02   9.6116074e+00   2.2800665e+01   1.0457869e+00
   2.0120000e+03   1.0000000e+00   2.0000000e+00   1.5000000e+01   4.0000000e+01   3.6000099e+01  -5.3446153e+01  -3.9264763e+01   4.9901404e+02   2.1541247e+01   3.5474697e+01   3.8679165e+00
   2.0120000e+03   1.0000000e+00   2.0000000e+00   1.5000000e+01   4.2000000e+01   1.1000000e+01  -5.3450597e+01  -3.9263421e+01   5.0184058e+02   1.5244299e+01   3.9478757e+01   1.9608535e+00
   2.0120000e+03   1.0000000e+00   2.0000000e+00   1.5000000e+01   4.3000000e+01   4.7000000e+01  -5.3455039e+01  -3.9262032e+01   5.0198328e+02   8.9041882e+00   1.8210327e+01   2.7848703e+00
   2.0120000e+03   1.0000000e+00   2.0000000e+00   1.5000000e+01   4.5000000e+01   2.2000099e+01  -5.3459423e+01  -3.9260704e+01   4.9508617e+02   1.2325728e+01   2.2907006e+01   2.8268890e+00
   2.0120000e+03   1.0000000e+00   2.0000000e+00   1.5000000e+01   4.6000000e+01   5.7000000e+01  -5.3463829e+01  -3.9259354e+01   4.9768846e+02   1.6606301e+00   4.7857644e+00   4.9030879e-01
   2.0120000e+03   1.0000000e+00   2.0000000e+00   1.5000000e+01   4.8000000e+01   3.4000000e+01  -5.3468227e+01  -3.9257990e+01   4.9696019e+02   7.6183541e+00   2.2105462e+01   7.7740131e-01
   2.0120000e+03   1.0000000e+00   2.0000000e+00   1.5000000e+01   5.0000000e+01   1.1000000e+01  -5.3472667e+01  -3.9256633e+01   5.0145990e+02   5.9321737e+00   1.2205619e+01   3.8337166e+00
   2.0120000e+03   1.0000000e+00   2.0000000e+00   1.5000000e+01   5.1000000e+01   4.8000000e+01  -5.3477124e+01  -3.9255411e+01   5.0173618e+02   3.8340608e+00   1.0310742e+01   2.3476439e+00
   2.0120000e+03   1.0000000e+00   2.0000000e+00   1.5000000e+01   5.3000000e+01   2.5000000e+01  -5.3481522e+01  -3.9254216e+01   4.9509633e+02   4.5049025e+00   1.1550364e+01   3.0692401e+00
   2.0120000e+03   1.0000000e+00   2.0000000e+00   1.5000000e+01   5.5000000e+01   3.0000000e+00  -5.3485976e+01  -3.9252882e+01   5.0271205e+02   4.0614230e+00   1.0932419e+01   4.1230418e+00
   2.0120000e+03   1.0000000e+00   2.0000000e+00   1.5000000e+01   5.6000000e+01   4.0000000e+01  -5.3490421e+01  -3.9251535e+01   5.0186952e+02   3.4431932e+00   1.0578308e+01   6.0062169e+00
   2.0120000e+03   1.0000000e+00   2.0000000e+00   1.5000000e+01   5.8000000e+01   1.5000000e+01  -5.3494812e+01  -3.9250198e+01   4.9592381e+02   6.3275307e+00   1.9700077e+01   5.2897142e+00
   2.0120000e+03   1.0000000e+00   2.0000000e+00   1.5000000e+01   5.9000000e+01   5.0000099e+01  -5.3499222e+01  -3.9248820e+01   4.9844483e+02   3.9670495e+00   1.2187719e+01   3.1461408e+00
   2.0120000e+03   1.0000000e+00   2.0000000e+00   1.6000000e+01   1.0000000e+00   2.4999901e+01  -5.3503691e+01  -3.9247398e+01   5.0542690e+02   7.6324207e+00   1.3887544e+01   5.7243443e+00
   2.0120000e+03   1.0000000e+00   2.0000000e+00   1.6000000e+01   3.0000000e+00   0.0000000e+00  -5.3508048e+01  -3.9246040e+01   4.9232875e+02   6.1985107e+00   2.0303849e+01   4.7869923e+00
   2.0120000e+03   1.0000000e+00   2.0000000e+00   1.6000000e+01   4.0000000e+00   3.7000000e+01  -5.3512450e+01  -3.9244566e+01   4.9874590e+02   4.7691067e+00   1.4651829e+01   4.1014435e+00
   2.0120000e+03   1.0000000e+00   2.0000000e+00   1.6000000e+01   6.0000000e+00   1.3000000e+01  -5.3516873e+01  -3.9243151e+01   5.0036498e+02   6.6643434e+00   1.7797241e+01   6.4938019e+00
   2.0120000e+03   1.0000000e+00   2.0000000e+00   1.6000000e+01   7.0000000e+00   4.8000000e+01  -5.3521283e+01  -3.9241732e+01   4.9893505e+02   5.0532204e+00   1.3301940e+01   9.1940007e+00
   2.0120000e+03   1.0000000e+00   2.0000000e+00   1.6000000e+01   9.0000000e+00   2.3000000e+01  -5.3525696e+01  -3.9240284e+01   4.9961038e+02   4.2539377e+00   1.2273772e+01   3.2862353e+00
   2.0120000e+03   1.0000000e+00   2.0000000e+00   1.6000000e+01   1.0000000e+01   5.9000000e+01  -5.3530093e+01  -3.9238859e+01   4.9751163e+02   2.5849463e+00   8.1225764e+00   1.9166502e+00
   2.0120000e+03   1.0000000e+00   2.0000000e+00   1.6000000e+01   1.2000000e+01   3.5000000e+01  -5.3534542e+01  -3.9237562e+01   5.0174184e+02   3.5873572e+00   1.0370994e+01   1.1189176e+00
   2.0120000e+03   1.0000000e+00   2.0000000e+00   1.6000000e+01   1.4000000e+01   1.1000099e+01  -5.3538972e+01  -3.9236367e+01   4.9857251e+02   4.1403005e+00   1.2719987e+01   1.5680174e+00
   2.0120000e+03   1.0000000e+00   2.0000000e+00   1.6000000e+01   1.5000000e+01   4.6000000e+01  -5.3543406e+01  -3.9235139e+01   4.9931894e+02   3.8845159e+01   1.1852832e+02   1.0925665e+02
   2.0120000e+03   1.0000000e+00   2.0000000e+00   1.6000000e+01   1.7000000e+01   2.3000000e+01  -5.3547875e+01  -3.9233969e+01   5.0260559e+02   3.6675721e+00   1.1116266e+01   5.7697435e+00
   2.0120000e+03   1.0000000e+00   2.0000000e+00   1.6000000e+01   1.9000000e+01   1.0000000e+00  -5.3552315e+01  -3.9232701e+01   5.0036764e+02   3.3606891e+00   1.1434557e+01   6.5212023e+00
   2.0120000e+03   1.0000000e+00   2.0000000e+00   1.6000000e+01   2.0000000e+01   4.0000099e+01  -5.3556752e+01  -3.9231420e+01   5.0027222e+02   5.7901466e+00   9.5858795e+00   1.2556721e+00
   2.0120000e+03   1.0000000e+00   2.0000000e+00   1.6000000e+01   2.2000000e+01   1.9000000e+01  -5.3561123e+01  -3.9230033e+01   4.9426699e+02   1.4810769e+02   4.5363225e+02   3.4207348e+02
   2.0120000e+03   1.0000000e+00   2.0000000e+00   1.6000000e+01   2.3000000e+01   5.7000000e+01  -5.3565550e+01  -3.9228640e+01   5.0048337e+02   2.0482123e+02   6.2925950e+02   3.0287995e+02
   2.0120000e+03   1.0000000e+00   2.0000000e+00   1.6000000e+01   2.5000000e+01   3.5000000e+01  -5.3569962e+01  -3.9227287e+01   4.9832904e+02   1.2817635e+00   3.7568544e+00   5.2986222e-01
   2.0120000e+03   1.0000000e+00   2.0000000e+00   1.6000000e+01   2.7000000e+01   1.2000000e+01  -5.3574414e+01  -3.9225947e+01   5.0250984e+02   2.1039068e+00   8.9644593e+00   4.6999196e+00
   2.0120000e+03   1.0000000e+00   2.0000000e+00   1.6000000e+01   2.8000000e+01   5.0000099e+01  -5.3578824e+01  -3.9224597e+01   4.9799971e+02   4.3666496e+00   8.1849699e+00   3.4988013e+00
   2.0120000e+03   1.0000000e+00   2.0000000e+00   1.6000000e+01   3.0000000e+01   2.8000000e+01  -5.3583282e+01  -3.9223193e+01   5.0396875e+02   5.6678046e+00   1.6270077e+01   3.5918357e+00
   2.0120000e+03   1.0000000e+00   2.0000000e+00   1.6000000e+01   3.2000000e+01   4.0000000e+00  -5.3587661e+01  -3.9221840e+01   4.9471086e+02   3.9243804e+00   1.0679933e+01   6.1852401e+00
   2.0120000e+03   1.0000000e+00   2.0000000e+00   1.6000000e+01   3.3000000e+01   4.1000000e+01  -5.3592103e+01  -3.9220445e+01   5.0213428e+02   4.8907796e+00   1.5405076e+01   6.8888876e+00
   2.0120000e+03   1.0000000e+00   2.0000000e+00   1.6000000e+01   3.5000000e+01   1.7000000e+01  -5.3596535e+01  -3.9218997e+01   5.0167495e+02   3.6209664e+00   1.1926953e+01   2.3406439e+00
   2.0120000e+03   1.0000000e+00   2.0000000e+00   1.6000000e+01   3.6000000e+01   5.3000000e+01  -5.3600931e+01  -3.9217594e+01   4.9713582e+02   1.1700240e+00   2.4601519e+00   1.9436381e+00
   2.0120000e+03   1.0000000e+00   2.0000000e+00   1.6000000e+01   3.8000000e+01   2.9000000e+01  -5.3605335e+01  -3.9216212e+01   4.9781334e+02   1.8379958e+00   7.5118042e+00   7.5118042e+00
   2.0120000e+03   1.0000000e+00   2.0000000e+00   1.6000000e+01   4.0000000e+01   5.9999008e+00  -5.3609787e+01  -3.9214891e+01   5.0232000e+02   1.2610009e+01   3.9524355e+01   1.0140413e+01
   2.0120000e+03   1.0000000e+00   2.0000000e+00   1.6000000e+01   4.1000000e+01   4.4000000e+01  -5.3614172e+01  -3.9213591e+01   4.9474633e+02   9.8534239e+00   2.5529737e+01   1.8204643e+01
   2.0120000e+03   1.0000000e+00   2.0000000e+00   1.6000000e+01   4.3000000e+01   2.2000000e+01  -5.3618618e+01  -3.9212339e+01   5.0081455e+02   5.1678985e+00   1.6688947e+01   1.1261395e+01
   2.0120000e+03   1.0000000e+00   2.0000000e+00   1.6000000e+01   4.4000000e+01   5.9000099e+01  -5.3623083e+01  -3.9211034e+01   5.0355426e+02   1.9646492e+00   7.1253970e+00   4.6490059e+00
   2.0120000e+03   1.0000000e+00   2.0000000e+00   1.6000000e+01   4.6000000e+01   3.7000000e+01  -5.3627495e+01  -3.9209710e+01   4.9804192e+02   1.0060219e+00   1.1694887e+00   4.0339515e-01
   2.0120000e+03   1.0000000e+00   2.0000000e+00   1.6000000e+01   4.8000000e+01   1.4000000e+01  -5.3631901e+01  -3.9208400e+01   4.9716235e+02   2.5524380e+00   4.4162051e+00   1.0221076e+00
   2.0120000e+03   1.0000000e+00   2.0000000e+00   1.6000000e+01   4.9000000e+01   5.3000000e+01  -5.3636343e+01  -3.9207096e+01   5.0097571e+02   4.3993778e+00   1.3515934e+01   7.8628142e+00
   2.0120000e+03   1.0000000e+00   2.0000000e+00   1.6000000e+01   5.1000000e+01   3.1000000e+01  -5.3640792e+01  -3.9205864e+01   5.0096622e+02   4.7301360e+02   1.4532102e+03   3.7034031e+02
   2.0120000e+03   1.0000000e+00   2.0000000e+00   1.6000000e+01   5.3000000e+01   7.0000000e+00  -5.3645235e+01  -3.9204616e+01   5.0051191e+02   4.4535503e+02   1.5365724e+03   4.3812706e+02
   2.0120000e+03   1.0000000e+00   2.0000000e+00   1.6000000e+01   5.4000000e+01   4.4000099e+01  -5.3649660e+01  -3.9203366e+01   4.9856564e+02   3.3887796e+02   1.0556030e+03   3.1815327e+02
   2.0120000e+03   1.0000000e+00   2.0000000e+00   1.6000000e+01   5.6000000e+01   2.0000000e+01  -5.3654075e+01  -3.9202123e+01   4.9737104e+02   2.6255938e+00   8.0664481e+00   0.0000000e+00
   2.0120000e+03   1.0000000e+00   2.0000000e+00   1.6000000e+01   5.7000000e+01   5.6000099e+01  -5.3658520e+01  -3.9200846e+01   5.0106187e+02   5.5723084e+00   5.1264930e+00   1.6661618e-01
   2.0120000e+03   1.0000000e+00   2.0000000e+00   1.6000000e+01   5.9000000e+01   3.3000000e+01  -5.3662968e+01  -3.9199538e+01   5.0163199e+02   1.5289394e+00   4.6972653e+00   4.1569121e-01
   2.0120000e+03   1.0000000e+00   2.0000000e+00   1.7000000e+01   1.0000000e+00   9.0000000e+00  -5.3667359e+01  -3.9198261e+01   4.9515555e+02   2.2970968e+00   2.4608706e+00   7.8235774e-01
   2.0120000e+03   1.0000000e+00   2.0000000e+00   1.7000000e+01   2.0000000e+00   4.6000000e+01  -5.3671809e+01  -3.9196984e+01   5.0155145e+02   1.0518100e+00   1.3752677e+00   0.0000000e+00
   2.0120000e+03   1.0000000e+00   2.0000000e+00   1.7000000e+01   4.0000000e+00   2.4000000e+01  -5.3676247e+01  -3.9195652e+01   5.0089473e+02   2.0359550e+00   6.2549378e+00   1.2153945e+00
   2.0120000e+03   1.0000000e+00   2.0000000e+00   1.7000000e+01   6.0000000e+00   0.0000000e+00  -5.3680641e+01  -3.9194152e+01   4.9813626e+02   1.7393271e+00   1.6838734e+00   7.5483828e-01
   2.0120000e+03   1.0000000e+00   2.0000000e+00   1.7000000e+01   7.0000000e+00   3.6000000e+01  -5.3685031e+01  -3.9192624e+01   4.9810998e+02   4.8689928e+00   1.3262382e+01   2.6219932e-01
   2.0120000e+03   1.0000000e+00   2.0000000e+00   1.7000000e+01   9.0000000e+00   1.3000099e+01  -5.3689471e+01  -3.9191107e+01   5.0332537e+02   2.4051532e+00   7.1636241e+00   1.3587529e+00
   2.0120000e+03   1.0000000e+00   2.0000000e+00   1.7000000e+01   1.0000000e+01   5.1000000e+01  -5.3693863e+01  -3.9189628e+01   4.9765777e+02   1.5300161e+00   4.7005733e+00   1.4114036e+00
   2.0120000e+03   1.0000000e+00   2.0000000e+00   1.7000000e+01   1.2000000e+01   2.9000000e+01  -5.3698270e+01  -3.9188221e+01   4.9846099e+02   1.5475295e+00   4.0867523e+00   7.0518342e-01
   2.0120000e+03   1.0000000e+00   2.0000000e+00   1.7000000e+01   1.4000000e+01   6.0000000e+00  -5.3702667e+01  -3.9186803e+01   4.9743000e+02   1.9247845e+00   5.4502966e+00   2.4715932e+00
   2.0120000e+03   1.0000000e+00   2.0000000e+00   1.7000000e+01   1.5000000e+01   4.3000000e+01  -5.3707065e+01  -3.9185340e+01   4.9804984e+02   4.4478614e+00   7.1384663e+00   3.9778713e+00
   2.0120000e+03   1.0000000e+00   2.0000000e+00   1.7000000e+01   1.7000000e+01   2.1000099e+01  -5.3711504e+01  -3.9183909e+01   5.0211480e+02   4.4989048e+00   5.5359614e+00   2.1402124e+00
   2.0120000e+03   1.0000000e+00   2.0000000e+00   1.7000000e+01   1.8000000e+01   5.9000000e+01  -5.3715931e+01  -3.9182467e+01   5.0097414e+02   2.1323628e+00   2.7692433e+00   0.0000000e+00
   2.0120000e+03   1.0000000e+00   2.0000000e+00   1.7000000e+01   2.0000000e+01   3.6000000e+01  -5.3720308e+01  -3.9181020e+01   4.9559484e+02   1.9549296e+00   4.0252250e+00   8.4319883e-01
   2.0120000e+03   1.0000000e+00   2.0000000e+00   1.7000000e+01   2.2000000e+01   1.3000000e+01  -5.3724739e+01  -3.9179570e+01   5.0151076e+02   2.4543120e+00   5.4043233e+00   3.1746530e-01
   2.0120000e+03   1.0000000e+00   2.0000000e+00   1.7000000e+01   2.3000000e+01   5.0000000e+01  -5.3729154e+01  -3.9178182e+01   4.9900371e+02   2.1764949e+00   3.7753973e+00   0.0000000e+00
   2.0120000e+03   1.0000000e+00   2.0000000e+00   1.7000000e+01   2.5000000e+01   2.8000000e+01  -5.3733608e+01  -3.9176926e+01   5.0177069e+02   1.8883243e+00   2.6488210e+00   0.0000000e+00
   2.0120000e+03   1.0000000e+00   2.0000000e+00   1.7000000e+01   2.7000000e+01   7.0000000e+00  -5.3738072e+01  -3.9175679e+01   5.0285507e+02   1.8872512e+00   3.4419343e+00   0.0000000e+00
   2.0120000e+03   1.0000000e+00   2.0000000e+00   1.7000000e+01   2.8000000e+01   4.5000000e+01  -5.3742491e+01  -3.9174470e+01   4.9741287e+02   2.2418564e+00   5.3604431e+00   6.6989022e-01
   2.0120000e+03   1.0000000e+00   2.0000000e+00   1.7000000e+01   3.0000000e+01   2.1000000e+01  -5.3746927e+01  -3.9173262e+01   4.9921060e+02   3.7101031e+00   4.2143512e+00   7.0263118e-01
   2.0120000e+03   1.0000000e+00   2.0000000e+00   1.7000000e+01   3.1000000e+01   5.6000000e+01  -5.3751384e+01  -3.9172079e+01   5.0139782e+02   2.1601736e+00   6.2626135e+00   0.0000000e+00
   2.0120000e+03   1.0000000e+00   2.0000000e+00   1.7000000e+01   3.3000000e+01   3.3000000e+01  -5.3755791e+01  -3.9170910e+01   4.9562454e+02   2.2917180e+00   5.9503697e+00   1.7972862e+00
   2.0120000e+03   1.0000000e+00   2.0000000e+00   1.7000000e+01   3.5000000e+01   1.0000000e+01  -5.3760231e+01  -3.9169633e+01   5.0054866e+02   3.7484646e+00   9.4683095e+00   1.0487318e+00
   2.0120000e+03   1.0000000e+00   2.0000000e+00   1.7000000e+01   3.6000000e+01   4.7000099e+01  -5.3764649e+01  -3.9168384e+01   4.9770809e+02   2.2686064e+00   6.9696980e+00   1.6146209e+00
   2.0120000e+03   1.0000000e+00   2.0000000e+00   1.7000000e+01   3.8000000e+01   2.2000000e+01  -5.3769112e+01  -3.9167099e+01   5.0300547e+02   5.5117313e+00   1.5421936e+01   4.9914979e+00
   2.0120000e+03   1.0000000e+00   2.0000000e+00   1.7000000e+01   3.9000000e+01   5.7000000e+01  -5.3773525e+01  -3.9165786e+01   4.9793294e+02   4.2340806e+00   1.0086256e+01   1.1086646e+00
   2.0120000e+03   1.0000000e+00   2.0000000e+00   1.7000000e+01   4.1000000e+01   3.3000000e+01  -5.3777942e+01  -3.9164435e+01   4.9871403e+02   4.9400272e+00   1.2074663e+01   2.4597478e+00
   2.0120000e+03   1.0000000e+00   2.0000000e+00   1.7000000e+01   4.3000000e+01   1.0000000e+01  -5.3782385e+01  -3.9163080e+01   5.0165598e+02   7.6914323e+02   2.3581627e+03   2.3266775e+03
   2.0120000e+03   1.0000000e+00   2.0000000e+00   1.7000000e+01   4.4000000e+01   4.6000000e+01  -5.3786805e+01  -3.9161714e+01   4.9934436e+02   6.3787515e+00   8.4672680e+00   6.2850085e+00
   2.0120000e+03   1.0000000e+00   2.0000000e+00   1.7000000e+01   4.6000000e+01   2.1999901e+01  -5.3791223e+01  -3.9160284e+01   4.9975912e+02   5.1218209e+00   1.4110541e+01   4.1684204e+00
   2.0120000e+03   1.0000000e+00   2.0000000e+00   1.7000000e+01   4.7000000e+01   5.9000000e+01  -5.3795621e+01  -3.9158825e+01   4.9803171e+02   4.5314817e+00   9.4710308e+00   6.5175762e+00
   2.0120000e+03   1.0000000e+00   2.0000000e+00   1.7000000e+01   4.9000000e+01   3.5000000e+01  -5.3800032e+01  -3.9157363e+01   4.9944452e+02   4.0051680e+00   1.1196201e+01   3.7397645e+00
   2.0120000e+03   1.0000000e+00   2.0000000e+00   1.7000000e+01   5.1000000e+01   1.1000000e+01  -5.3804442e+01  -3.9155938e+01   4.9888188e+02   4.0134357e+00   9.6730792e+00   2.8369849e+00
   2.0120000e+03   1.0000000e+00   2.0000000e+00   1.7000000e+01   5.2000000e+01   4.6000000e+01  -5.3808850e+01  -3.9154494e+01   4.9890264e+02   3.6238866e+00   1.1230926e+01   3.3394222e+00
   2.0120000e+03   1.0000000e+00   2.0000000e+00   1.7000000e+01   5.4000000e+01   2.2000099e+01  -5.3813290e+01  -3.9153047e+01   5.0244054e+02   5.8363761e+00   1.3851992e+01   6.2689308e+00
   2.0120000e+03   1.0000000e+00   2.0000000e+00   1.7000000e+01   5.5000000e+01   5.8000000e+01  -5.3817741e+01  -3.9151650e+01   5.0301956e+02   6.4480628e+00   1.3942968e+01   4.0891125e+00
   2.0120000e+03   1.0000000e+00   2.0000000e+00   1.7000000e+01   5.7000000e+01   3.3000000e+01  -5.3822149e+01  -3.9150262e+01   4.9817291e+02   3.5864226e+00   1.1229233e+01   2.7745853e+00
   2.0120000e+03   1.0000000e+00   2.0000000e+00   1.7000000e+01   5.9000000e+01   1.1000000e+01  -5.3826550e+01  -3.9148850e+01   4.9776117e+02   9.7341517e+00   2.4822706e+01   3.2920270e-01
   2.0120000e+03   1.0000000e+00   2.0000000e+00   1.8000000e+01   0.0000000e+00   5.0000000e+01  -5.3830961e+01  -3.9147419e+01   4.9905248e+02   8.6046635e+00   1.4718556e+01   5.2725397e-01
   2.0120000e+03   1.0000000e+00   2.0000000e+00   1.8000000e+01   2.0000000e+00   2.8000000e+01  -5.3835374e+01  -3.9145996e+01   4.9918671e+02   4.7603114e+00   9.0578163e+00   3.3120678e-01
   2.0120000e+03   1.0000000e+00   2.0000000e+00   1.8000000e+01   4.0000000e+00   8.0000000e+00  -5.3839761e+01  -3.9144504e+01   4.9716753e+02   4.7158614e+00   1.4504433e+01   0.0000000e+00
   2.0120000e+03   1.0000000e+00   2.0000000e+00   1.8000000e+01   5.0000000e+00   4.8000000e+01  -5.3844210e+01  -3.9143091e+01   5.0303068e+02   3.2536231e+00   9.9959036e+00   0.0000000e+00
   2.0120000e+03   1.0000000e+00   2.0000000e+00   1.8000000e+01   7.0000000e+00   2.6000099e+01  -5.3848611e+01  -3.9141622e+01   4.9843579e+02   4.3232011e+00   8.4788104e+00   0.0000000e+00
   2.0120000e+03   1.0000000e+00   2.0000000e+00   1.8000000e+01   9.0000000e+00   6.0000000e+00  -5.3853029e+01  -3.9140288e+01   4.9865679e+02   3.5346804e+00   1.1473574e+01   4.8511428e-01
   2.0120000e+03   1.0000000e+00   2.0000000e+00   1.8000000e+01   1.0000000e+01   4.7000000e+01  -5.3857457e+01  -3.9139077e+01   4.9836559e+02   3.7087332e+00   1.2566079e+01   4.3528787e-01
   2.0120000e+03   1.0000000e+00   2.0000000e+00   1.8000000e+01   1.2000000e+01   2.4999901e+01  -5.3861904e+01  -3.9137895e+01   5.0014113e+02   2.3839350e+00   7.4754572e+00   1.2912029e+00
   2.0120000e+03   1.0000000e+00   2.0000000e+00   1.8000000e+01   1.4000000e+01   2.0000000e+00  -5.3866335e+01  -3.9136673e+01   4.9883602e+02   4.0228254e+00   1.2440952e+01   6.5628133e+00
   2.0120000e+03   1.0000000e+00   2.0000000e+00   1.8000000e+01   1.5000000e+01   4.0000000e+01  -5.3870773e+01  -3.9135484e+01   4.9929929e+02   2.4636444e+00   7.5689012e+00   0.0000000e+00
   2.0120000e+03   1.0000000e+00   2.0000000e+00   1.8000000e+01   1.7000000e+01   1.5000000e+01  -5.3875201e+01  -3.9134323e+01   4.9788440e+02   2.8007453e+00   9.0589111e+00   2.8311637e+00
   2.0120000e+03   1.0000000e+00   2.0000000e+00   1.8000000e+01   1.8000000e+01   4.9000000e+01  -5.3879698e+01  -3.9133163e+01   5.0543054e+02   4.3905882e+00   1.3596344e+01   4.1318848e-01
   2.0120000e+03   1.0000000e+00   2.0000000e+00   1.8000000e+01   2.0000000e+01   2.5000099e+01  -5.3884131e+01  -3.9131996e+01   4.9847484e+02   1.2157059e+03   3.7351525e+03   3.7283334e+03
   2.0120000e+03   1.0000000e+00   2.0000000e+00   1.8000000e+01   2.2000000e+01   3.0000000e+00  -5.3888558e+01  -3.9130765e+01   4.9850396e+02   2.7969401e+00   4.0896096e+00   1.2693601e+00
   2.0120000e+03   1.0000000e+00   2.0000000e+00   1.8000000e+01   2.3000000e+01   4.4000000e+01  -5.3892990e+01  -3.9129562e+01   4.9875299e+02   1.9534582e+00   6.1062518e+00   6.2290863e-01
   2.0120000e+03   1.0000000e+00   2.0000000e+00   1.8000000e+01   2.5000000e+01   2.3000000e+01  -5.3897398e+01  -3.9128294e+01   4.9685745e+02   2.9544368e+00   8.2702080e+00   2.1160239e+00
   2.0120000e+03   1.0000000e+00   2.0000000e+00   1.8000000e+01   2.7000000e+01   1.0000000e+00  -5.3901824e+01  -3.9126796e+01   5.0149348e+02   3.2262474e+00   9.2436861e+00   2.1679689e+00
   2.0120000e+03   1.0000000e+00   2.0000000e+00   1.8000000e+01   2.8000000e+01   3.9000000e+01  -5.3906260e+01  -3.9125314e+01   5.0234468e+02   2.9518976e+00   7.5817620e+00   1.2013874e+00
   2.0120000e+03   1.0000000e+00   2.0000000e+00   1.8000000e+01   3.0000000e+01   1.6000000e+01  -5.3910655e+01  -3.9123877e+01   4.9734484e+02   4.0097449e+00   9.2273443e+00   3.4011985e-01
   2.0120000e+03   1.0000000e+00   2.0000000e+00   1.8000000e+01   3.1000000e+01   5.2000000e+01  -5.3915070e+01  -3.9122454e+01   4.9936420e+02   4.2413637e+00   1.3070373e+01   4.4380034e-01
   2.0120000e+03   1.0000000e+00   2.0000000e+00   1.8000000e+01   3.3000000e+01   3.0000000e+01  -5.3919486e+01  -3.9121015e+01   4.9965524e+02   5.2772337e+00   1.2094191e+01   2.8238081e+00
   2.0120000e+03   1.0000000e+00   2.0000000e+00   1.8000000e+01   3.5000000e+01   8.0000000e+00  -5.3923915e+01  -3.9119521e+01   5.0175354e+02   2.2614606e+00   6.9477446e+00   3.1200517e+00
   2.0120000e+03   1.0000000e+00   2.0000000e+00   1.8000000e+01   3.6000000e+01   4.5000099e+01  -5.3928292e+01  -3.9118054e+01   4.9578536e+02   1.7298915e+00   5.4717118e+00   2.2349728e+00
   2.0120000e+03   1.0000000e+00   2.0000000e+00   1.8000000e+01   3.8000000e+01   2.3000000e+01  -5.3932724e+01  -3.9116600e+01   5.0154423e+02   3.4085400e+00   7.9432305e+00   4.5718241e+00
   2.0120000e+03   1.0000000e+00   2.0000000e+00   1.8000000e+01   3.9000000e+01   5.9999901e+01  -5.3937152e+01  -3.9115160e+01   5.0097287e+02   2.9412050e+00   9.0360810e+00   2.8156857e+00
   2.0120000e+03   1.0000000e+00   2.0000000e+00   1.8000000e+01   4.1000000e+01   3.8000000e+01  -5.3941570e+01  -3.9113713e+01   4.9995855e+02   1.3018912e+00   4.6146344e+00   5.4457698e-01
   2.0120000e+03   1.0000000e+00   2.0000000e+00   1.8000000e+01   4.3000000e+01   1.5999901e+01  -5.3945979e+01  -3.9112258e+01   4.9908540e+02   2.4153817e+00   6.8383250e+00   1.3926777e+00
   2.0120000e+03   1.0000000e+00   2.0000000e+00   1.8000000e+01   4.4000000e+01   5.5000099e+01  -5.3950378e+01  -3.9110900e+01   4.9689286e+02   2.9836592e+00   6.3469589e+00   2.5541786e+00
   2.0120000e+03   1.0000000e+00   2.0000000e+00   1.8000000e+01   4.6000000e+01   3.2000000e+01  -5.3954797e+01  -3.9109482e+01   4.9969533e+02   3.7805604e+00   7.5980247e+00   4.4455946e+00
   2.0120000e+03   1.0000000e+00   2.0000000e+00   1.8000000e+01   4.8000000e+01   9.0000992e+00  -5.3959197e+01  -3.9108123e+01   4.9696525e+02   6.1766147e+00   1.7011102e+01   1.3987348e+01
   2.0120000e+03   1.0000000e+00   2.0000000e+00   1.8000000e+01   4.9000000e+01   4.7000000e+01  -5.3963622e+01  -3.9106682e+01   5.0057013e+02   2.3101444e+00   7.3780586e+00   0.0000000e+00
   2.0120000e+03   1.0000000e+00   2.0000000e+00   1.8000000e+01   5.1000000e+01   2.5999901e+01  -5.3968049e+01  -3.9105261e+01   5.0072668e+02   2.9700298e+00   9.1246376e+00   1.2217538e+00
   2.0120000e+03   1.0000000e+00   2.0000000e+00   1.8000000e+01   5.3000000e+01   4.0000992e+00  -5.3972477e+01  -3.9103827e+01   5.0081379e+02   2.1229153e+00   6.6521421e+00   4.0709132e+00
   2.0120000e+03   1.0000000e+00   2.0000000e+00   1.8000000e+01   5.4000000e+01   4.2000000e+01  -5.3976864e+01  -3.9102446e+01   4.9577177e+02   1.1543645e+03   3.5464821e+03   3.5438027e+03
   2.0120000e+03   1.0000000e+00   2.0000000e+00   1.8000000e+01   5.6000000e+01   2.1000000e+01  -5.3981317e+01  -3.9101097e+01   5.0258626e+02   1.4077947e+01   4.2810289e+01   1.9864875e+01
   2.0120000e+03   1.0000000e+00   2.0000000e+00   1.8000000e+01   5.7000000e+01   5.9000099e+01  -5.3985761e+01  -3.9099940e+01   4.9956133e+02   2.8986802e+00   6.8650482e+00   2.4426268e+00
   2.0120000e+03   1.0000000e+00   2.0000000e+00   1.8000000e+01   5.9000000e+01   3.7000000e+01  -5.3990177e+01  -3.9098743e+01   4.9689365e+02   3.6552002e+00   1.2798408e+01   3.5433507e+00
   2.0120000e+03   1.0000000e+00   2.0000000e+00   1.9000000e+01   1.0000000e+00   1.5999901e+01  -5.3994610e+01  -3.9097541e+01   4.9890695e+02   5.0354719e+00   7.0575589e+00   0.0000000e+00
   2.0120000e+03   1.0000000e+00   2.0000000e+00   1.9000000e+01   2.0000000e+00   5.7000099e+01  -5.3999032e+01  -3.9096382e+01   4.9715692e+02   7.7815980e+00   1.7595879e+01   0.0000000e+00
   2.0120000e+03   1.0000000e+00   2.0000000e+00   1.9000000e+01   4.0000000e+00   3.6000000e+01  -5.4003510e+01  -3.9095241e+01   5.0308835e+02   5.1250654e+00   1.3537353e+01   4.3408853e-01
   2.0120000e+03   1.0000000e+00   2.0000000e+00   1.9000000e+01   6.0000000e+00   1.4000000e+01  -5.4007972e+01  -3.9094083e+01   5.0155839e+02   6.8723454e+00   1.8155122e+01   5.1128830e+00
   2.0120000e+03   1.0000000e+00   2.0000000e+00   1.9000000e+01   7.0000000e+00   5.2000000e+01  -5.4012427e+01  -3.9092934e+01   5.0070218e+02   3.3703249e+00   1.0103062e+01   0.0000000e+00
   2.0120000e+03   1.0000000e+00   2.0000000e+00   1.9000000e+01   9.0000000e+00   3.0000000e+01  -5.4016856e+01  -3.9091606e+01   4.9975658e+02   4.6773723e+00   1.2552985e+01   1.8182318e+00
   2.0120000e+03   1.0000000e+00   2.0000000e+00   1.9000000e+01   1.1000000e+01   6.0000000e+00  -5.4021260e+01  -3.9090190e+01   4.9801650e+02   6.2319088e+00   1.5801456e+01   1.3516639e+00
