   2.0120000e+03   1.0000000e+00   2.0000000e+00   9.0000000e+00   1.0000000e+00   5.1000000e+01  -5.4053513e+01  -3.9392354e+01   4.9916338e+02   4.1085208e+00   9.9425121e+00   0.0000000e+00
   2.0120000e+03   1.0000000e+00   2.0000000e+00   9.0000000e+00   4.0000000e+00   2.1000000e+01  -5.4049283e+01  -3.9393604e+01   4.7713121e+02   4.5553791e+00   1.3995208e+01   1.1490168e+00
   2.0120000e+03   1.0000000e+00   2.0000000e+00   9.0000000e+00   6.0000000e+00   2.2000000e+01  -5.4044742e+01  -3.9394916e+01   5.1180351e+02   1.8807905e+00   8.1181346e+00   0.0000000e+00
   2.0120000e+03   1.0000000e+00   2.0000000e+00   9.0000000e+00   8.0000000e+00   1.0000000e+00  -5.4040255e+01  -3.9396386e+01   5.0766711e+02   1.0122701e+00   1.1339650e+01   7.9312095e+00
   2.0120000e+03   1.0000000e+00   2.0000000e+00   9.0000000e+00   9.0000000e+00   3.4000000e+01  -5.4035826e+01  -3.9397841e+01   5.0128156e+02   9.4798677e-01   3.4748528e+00   0.0000000e+00
   2.0120000e+03   1.0000000e+00   2.0000000e+00   9.0000000e+00   1.1000000e+01   8.0000992e+00  -5.4031422e+01  -3.9399280e+01   4.9823662e+02   1.6005462e+00   4.2675371e+00   0.0000000e+00
   2.0120000e+03   1.0000000e+00   2.0000000e+00   9.0000000e+00   1.2000000e+01   4.2999901e+01  -5.4026983e+01  -3.9400599e+01   5.0076049e+02   1.0533789e+00   3.2362303e+00   0.0000000e+00
   2.0120000e+03   1.0000000e+00   2.0000000e+00   9.0000000e+00   1.4000000e+01   2.0000000e+01  -5.4022537e+01  -3.9401870e+01   5.0099889e+02   1.0060004e+00   2.7992475e+00   0.0000000e+00
   2.0120000e+03   1.0000000e+00   2.0000000e+00   9.0000000e+00   1.5000000e+01   5.7000099e+01  -5.4018143e+01  -3.9403123e+01   4.9501979e+02   3.3898067e+00   8.2526460e+00   0.0000000e+00
   2.0120000e+03   1.0000000e+00   2.0000000e+00   9.0000000e+00   1.7000000e+01   3.3000000e+01  -5.4013693e+01  -3.9404389e+01   5.0128814e+02   1.3902133e+00   4.8322624e+00   0.0000000e+00
   2.0120000e+03   1.0000000e+00   2.0000000e+00   9.0000000e+00   1.9000000e+01   8.0000000e+00  -5.4009252e+01  -3.9405711e+01   5.0101954e+02   2.3997722e+00   8.3644793e+00   0.0000000e+00
   2.0120000e+03   1.0000000e+00   2.0000000e+00   9.0000000e+00   2.0000000e+01   4.3000099e+01  -5.4004820e+01  -3.9406929e+01   4.9887821e+02   1.1645523e+00   3.1409763e+00   0.0000000e+00
   2.0120000e+03   1.0000000e+00   2.0000000e+00   9.0000000e+00   2.2000000e+01   2.0000000e+01  -5.4000442e+01  -3.9408269e+01   4.9429983e+02   2.3813347e+00   6.9850939e+00   0.0000000e+00
   2.0120000e+03   1.0000000e+00   2.0000000e+00   9.0000000e+00   2.3000000e+01   5.7999901e+01  -5.3996030e+01  -3.9409607e+01   4.9792776e+02   1.5386469e+00   4.7270890e+00   0.0000000e+00
   2.0120000e+03   1.0000000e+00   2.0000000e+00   9.0000000e+00   2.5000000e+01   3.6000000e+01  -5.3991599e+01  -3.9411035e+01   5.0116716e+02   2.7918708e+00   8.5772908e+00   0.0000000e+00
   2.0120000e+03   1.0000000e+00   2.0000000e+00   9.0000000e+00   2.7000000e+01   1.3000000e+01  -5.3987152e+01  -3.9412461e+01   5.0281022e+02   2.4180905e+00   4.4916914e+00   8.8574964e-01
   2.0120000e+03   1.0000000e+00   2.0000000e+00   9.0000000e+00   2.8000000e+01   4.9000000e+01  -5.3982755e+01  -3.9413824e+01   4.9671984e+02   1.2491702e+00   3.8377478e+00   2.0451489e+00
   2.0120000e+03   1.0000000e+00   2.0000000e+00   9.0000000e+00   3.0000000e+01   2.7000000e+01  -5.3978330e+01  -3.9415047e+01   4.9819024e+02   2.0443359e+00   6.2806857e+00   2.9055462e+00
   2.0120000e+03   1.0000000e+00   2.0000000e+00   9.0000000e+00   3.2000000e+01   6.0000000e+00  -5.3973920e+01  -3.9416381e+01   4.9765316e+02   3.1783547e+00   9.7646612e+00   4.3610776e+00
   2.0120000e+03   1.0000000e+00   2.0000000e+00   9.0000000e+00   3.3000000e+01   4.3000000e+01  -5.3969474e+01  -3.9417763e+01   5.0223881e+02   1.6181994e+00   4.9714931e+00   3.0038516e+00
   2.0120000e+03   1.0000000e+00   2.0000000e+00   9.0000000e+00   3.5000000e+01   1.8000000e+01  -5.3965047e+01  -3.9419142e+01   5.0013532e+02   1.9988446e+00   6.1964029e+00   0.0000000e+00
   2.0120000e+03   1.0000000e+00   2.0000000e+00   9.0000000e+00   3.6000000e+01   5.4000099e+01  -5.3960599e+01  -3.9420495e+01   5.0206106e+02   1.3795668e+00   4.1601660e+00   0.0000000e+00
   2.0120000e+03   1.0000000e+00   2.0000000e+00   9.0000000e+00   3.8000000e+01   3.1000000e+01  -5.3956209e+01  -3.9421818e+01   4.9550334e+02   9.3616331e-01   2.8761162e+00   5.6929663e-01
   2.0120000e+03   1.0000000e+00   2.0000000e+00   9.0000000e+00   4.0000000e+01   8.9999008e+00  -5.3951777e+01  -3.9423162e+01   5.0028791e+02   1.4866508e+00   4.5673448e+00   5.3388189e-01
   2.0120000e+03   1.0000000e+00   2.0000000e+00   9.0000000e+00   4.1000000e+01   4.9000000e+01  -5.3947346e+01  -3.9424373e+01   4.9861646e+02   3.0222507e+00   9.2850725e+00   2.1554723e+00
   2.0120000e+03   1.0000000e+00   2.0000000e+00   9.0000000e+00   4.3000000e+01   3.0000000e+01  -5.3942911e+01  -3.9425604e+01   4.9944198e+02   1.3625422e+00   4.1860535e+00   6.4723116e-01
   2.0120000e+03   1.0000000e+00   2.0000000e+00   9.0000000e+00   4.5000000e+01   1.0000000e+01  -5.3938473e+01  -3.9426850e+01   4.9978970e+02   1.4275594e+00   4.4079627e+00   0.0000000e+00
   2.0120000e+03   1.0000000e+00   2.0000000e+00   9.0000000e+00   4.6000000e+01   5.1000000e+01  -5.3934062e+01  -3.9428097e+01   4.9692533e+02   6.0401564e-01   2.9971947e+00   8.0356237e-01
   2.0120000e+03   1.0000000e+00   2.0000000e+00   9.0000000e+00   4.8000000e+01   3.2000000e+01  -5.3929616e+01  -3.9429347e+01   5.0074047e+02   7.0103245e-01   2.5365140e+00   2.1336530e+00
   2.0120000e+03   1.0000000e+00   2.0000000e+00   9.0000000e+00   5.0000000e+01   9.9999008e+00  -5.3925207e+01  -3.9430771e+01   4.9865775e+02   8.5144810e-01   2.1714004e+00   0.0000000e+00
   2.0120000e+03   1.0000000e+00   2.0000000e+00   9.0000000e+00   5.1000000e+01   4.8000000e+01  -5.3920793e+01  -3.9432265e+01   5.0014393e+02   7.5209925e-01   2.9470977e+00   1.2901746e+00
   2.0120000e+03   1.0000000e+00   2.0000000e+00   9.0000000e+00   5.3000000e+01   2.5000000e+01  -5.3916373e+01  -3.9433687e+01   4.9993394e+02   8.9031310e-01   2.0911162e+00   0.0000000e+00
   2.0120000e+03   1.0000000e+00   2.0000000e+00   9.0000000e+00   5.5000000e+01   1.0000000e+00  -5.3911969e+01  -3.9435026e+01   4.9711423e+02   5.5577832e+00   1.7074831e+01   4.2907308e-01
   2.0120000e+03   1.0000000e+00   2.0000000e+00   9.0000000e+00   5.6000000e+01   3.7999901e+01  -5.3907546e+01  -3.9436396e+01   4.9960726e+02   4.4224421e+00   1.6356971e+01   0.0000000e+00
   2.0120000e+03   1.0000000e+00   2.0000000e+00   9.0000000e+00   5.8000000e+01   1.4000000e+01  -5.3903078e+01  -3.9437772e+01   5.0463728e+02   1.0099485e+00   3.5464786e+00   0.0000000e+00
   2.0120000e+03   1.0000000e+00   2.0000000e+00   9.0000000e+00   5.9000000e+01   5.0000099e+01  -5.3898668e+01  -3.9439073e+01   4.9736111e+02   4.6060219e+00   1.4150794e+01   0.0000000e+00
   2.0120000e+03   1.0000000e+00   2.0000000e+00   1.0000000e+01   1.0000000e+00   2.8000000e+01  -5.3894252e+01  -3.9440358e+01   4.9781704e+02   7.5417147e-01   2.3169940e+00   0.0000000e+00
   2.0120000e+03   1.0000000e+00   2.0000000e+00   1.0000000e+01   3.0000000e+00   1.3000000e+01  -5.3889689e+01  -3.9441779e+01   5.1556916e+02   4.0372517e-01   1.0623982e+00   0.0000000e+00
   2.0120000e+03   1.0000000e+00   2.0000000e+00   1.0000000e+01   5.0000000e+00   2.1000000e+01  -5.3885286e+01  -3.9442892e+01   4.9463828e+02   1.6560038e+00   5.0876372e+00   0.0000000e+00
   2.0120000e+03   1.0000000e+00   2.0000000e+00   1.0000000e+01   7.0000000e+00   5.7000000e+01  -5.3880963e+01  -3.9444036e+01   4.8617424e+02   1.1735295e+00   4.2590671e+00   0.0000000e+00
   2.0120000e+03   1.0000000e+00   2.0000000e+00   1.0000000e+01   1.0000000e+01   4.3000000e+01  -5.3876567e+01  -3.9445327e+01   4.9576462e+02   2.1659012e+00   6.6541632e+00   8.0570099e-01
   2.0120000e+03   1.0000000e+00   2.0000000e+00   1.0000000e+01   1.3000000e+01   7.0000992e+00  -5.3872316e+01  -3.9446559e+01   4.7917660e+02   1.3081627e+00   5.4819503e+00   2.5804262e+00
   2.0120000e+03   1.0000000e+00   2.0000000e+00   1.0000000e+01   1.4000000e+01   5.8999901e+01  -5.3867792e+01  -3.9448033e+01   5.1190559e+02   3.2624249e+00   1.3429250e+01   6.3822996e+00
   2.0120000e+03   1.0000000e+00   2.0000000e+00   1.0000000e+01   1.6000000e+01   3.8000099e+01  -5.3863330e+01  -3.9449531e+01   5.0551699e+02   1.3899329e+00   4.0610219e+00   0.0000000e+00
   2.0120000e+03   1.0000000e+00   2.0000000e+00   1.0000000e+01   1.8000000e+01   1.7000000e+01  -5.3858882e+01  -3.9450745e+01   5.0053015e+02   5.2995381e+00   1.7889717e+01   2.1485103e+00
   2.0120000e+03   1.0000000e+00   2.0000000e+00   1.0000000e+01   1.9000000e+01   5.7000000e+01  -5.3854445e+01  -3.9451934e+01   4.9920885e+02   9.1749228e+00   1.6492700e+01   6.5230723e+00
   2.0120000e+03   1.0000000e+00   2.0000000e+00   1.0000000e+01   2.1000000e+01   3.4000000e+01  -5.3849994e+01  -3.9453171e+01   5.0123496e+02   2.4229195e+00   6.4291432e+00   1.6777387e+00
   2.0120000e+03   1.0000000e+00   2.0000000e+00   1.0000000e+01   2.3000000e+01   9.0000000e+00  -5.3845550e+01  -3.9454414e+01   5.0046346e+02   3.8462960e+00   9.7635004e+00   8.5391643e-01
   2.0120000e+03   1.0000000e+00   2.0000000e+00   1.0000000e+01   2.4000000e+01   4.5000000e+01  -5.3841138e+01  -3.9455762e+01   4.9817893e+02   4.0398762e+00   1.2411460e+01   0.0000000e+00
   2.0120000e+03   1.0000000e+00   2.0000000e+00   1.0000000e+01   2.6000000e+01   2.2000099e+01  -5.3836713e+01  -3.9457157e+01   5.0007281e+02   9.0801032e+00   1.5700093e+01   2.9594578e+00
   2.0120000e+03   1.0000000e+00   2.0000000e+00   1.0000000e+01   2.7000000e+01   5.7000000e+01  -5.3832319e+01  -3.9458570e+01   4.9702846e+02   1.1718838e+01   2.4938973e+01   2.9194147e+00
   2.0120000e+03   1.0000000e+00   2.0000000e+00   1.0000000e+01   2.9000000e+01   3.3000000e+01  -5.3827881e+01  -3.9459909e+01   5.0089448e+02   3.3375074e+00   9.3990365e+00   0.0000000e+00
   2.0120000e+03   1.0000000e+00   2.0000000e+00   1.0000000e+01   3.1000000e+01   9.0000992e+00  -5.3823448e+01  -3.9461216e+01   4.9994432e+02   9.5047946e+00   2.9334821e+01   5.5016620e+00
   2.0120000e+03   1.0000000e+00   2.0000000e+00   1.0000000e+01   3.2000000e+01   4.6000000e+01  -5.3819038e+01  -3.9462553e+01   4.9784543e+02   1.1086708e+01   3.3685469e+01   1.4546170e+01
   2.0120000e+03   1.0000000e+00   2.0000000e+00   1.0000000e+01   3.4000000e+01   2.3000099e+01  -5.3814592e+01  -3.9463931e+01   5.0226012e+02   1.6973424e+01   4.5248847e+01   3.0371551e+01
   2.0120000e+03   1.0000000e+00   2.0000000e+00   1.0000000e+01   3.6000000e+01   0.0000000e+00  -5.3810192e+01  -3.9465235e+01   4.9642244e+02   1.2370455e+01   3.2069245e+01   1.8846200e+01
   2.0120000e+03   1.0000000e+00   2.0000000e+00   1.0000000e+01   3.7000000e+01   3.7000099e+01  -5.3805744e+01  -3.9466542e+01   5.0164319e+02   2.9463904e+00   9.3099967e+00   5.9454228e+00
   2.0120000e+03   1.0000000e+00   2.0000000e+00   1.0000000e+01   3.9000000e+01   1.5000000e+01  -5.3801320e+01  -3.9467811e+01   4.9857726e+02   2.9323913e+00   6.4714679e+00   1.5528010e+00
   2.0120000e+03   1.0000000e+00   2.0000000e+00   1.0000000e+01   4.0000000e+01   5.2000099e+01  -5.3796929e+01  -3.9469036e+01   4.9449219e+02   3.0885982e+00   9.7156225e+00   3.2436185e+00
   2.0120000e+03   1.0000000e+00   2.0000000e+00   1.0000000e+01   4.2000000e+01   3.0000000e+01  -5.3792478e+01  -3.9470288e+01   5.0138635e+02   3.1213029e+00   6.2463573e+00   9.3340592e-01
   2.0120000e+03   1.0000000e+00   2.0000000e+00   1.0000000e+01   4.4000000e+01   9.0000000e+00  -5.3788021e+01  -3.9471637e+01   5.0311354e+02   3.2582872e+00   1.0214792e+01   8.0653068e+00
   2.0120000e+03   1.0000000e+00   2.0000000e+00   1.0000000e+01   4.5000000e+01   4.7999901e+01  -5.3783623e+01  -3.9473020e+01   4.9700365e+02   4.7424350e+00   7.1762477e+00   4.1797107e+00
   2.0120000e+03   1.0000000e+00   2.0000000e+00   1.0000000e+01   4.7000000e+01   2.6000000e+01  -5.3779220e+01  -3.9474378e+01   4.9740800e+02   3.2004585e+00   9.8325693e+00   6.0843009e+00
   2.0120000e+03   1.0000000e+00   2.0000000e+00   1.0000000e+01   4.9000000e+01   4.0000000e+00  -5.3774791e+01  -3.9475712e+01   4.9985455e+02   2.9525261e+00   9.2095897e+00   6.0051926e+00
   2.0120000e+03   1.0000000e+00   2.0000000e+00   1.0000000e+01   5.0000000e+01   4.1000000e+01  -5.3770374e+01  -3.9477064e+01   4.9876525e+02   3.8330784e+00   6.8298675e+00   1.0245423e+00
   2.0120000e+03   1.0000000e+00   2.0000000e+00   1.0000000e+01   5.2000000e+01   1.8000000e+01  -5.3765936e+01  -3.9478353e+01   5.0038378e+02   2.3834865e+00   5.4834472e+00   5.7962461e-01
   2.0120000e+03   1.0000000e+00   2.0000000e+00   1.0000000e+01   5.3000000e+01   5.7000099e+01  -5.3761502e+01  -3.9479673e+01   5.0022948e+02   2.5162084e+00   7.0396427e+00   1.7899596e+00
   2.0120000e+03   1.0000000e+00   2.0000000e+00   1.0000000e+01   5.5000000e+01   3.6000000e+01  -5.3757058e+01  -3.9480969e+01   5.0110690e+02   3.1551174e+00   9.3865889e+00   6.3851029e+00
   2.0120000e+03   1.0000000e+00   2.0000000e+00   1.0000000e+01   5.7000000e+01   1.4000000e+01  -5.3752636e+01  -3.9482277e+01   4.9882836e+02   5.2402342e+00   1.0022837e+01   3.2841532e+00
   2.0120000e+03   1.0000000e+00   2.0000000e+00   1.0000000e+01   5.8000000e+01   5.0000000e+01  -5.3748229e+01  -3.9483591e+01   4.9733438e+02   3.3493390e+00   1.0681226e+01   5.5190420e+00
   2.0120000e+03   1.0000000e+00   2.0000000e+00   1.1000000e+01   0.0000000e+00   2.6000099e+01  -5.3743805e+01  -3.9484878e+01   4.9872698e+02   2.3761379e+00   7.2061689e+00   1.3494592e+00
   2.0120000e+03   1.0000000e+00   2.0000000e+00   1.1000000e+01   2.0000000e+00   2.0000000e+00  -5.3739384e+01  -3.9486230e+01   4.9930048e+02   1.6639747e+00   5.2361957e+00   5.3676422e-01
   2.0120000e+03   1.0000000e+00   2.0000000e+00   1.1000000e+01   3.0000000e+00   3.9000000e+01  -5.3734942e+01  -3.9487632e+01   5.0213031e+02   2.2088736e+00   6.7861849e+00   3.5339614e+00
   2.0120000e+03   1.0000000e+00   2.0000000e+00   1.1000000e+01   5.0000000e+00   1.7000000e+01  -5.3730519e+01  -3.9489040e+01   5.0004992e+02   2.3146744e+00   7.1112299e+00   2.4222109e+00
   2.0120000e+03   1.0000000e+00   2.0000000e+00   1.1000000e+01   6.0000000e+00   5.4000099e+01  -5.3726077e+01  -3.9490326e+01   5.0081839e+02   1.5623578e+00   4.7999345e+00   1.5967467e+00
   2.0120000e+03   1.0000000e+00   2.0000000e+00   1.1000000e+01   8.0000000e+00   3.1000000e+01  -5.3721674e+01  -3.9491619e+01   4.9653811e+02   2.2016612e+00   6.6567505e+00   1.1006148e+00
   2.0120000e+03   1.0000000e+00   2.0000000e+00   1.1000000e+01   1.0000000e+01   1.1000000e+01  -5.3717190e+01  -3.9492911e+01   5.0550292e+02   1.3470272e+00   4.4494337e+00   1.7184999e+00
   2.0120000e+03   1.0000000e+00   2.0000000e+00   1.1000000e+01   1.2000000e+01   6.0000000e+00  -5.3712704e+01  -3.9494359e+01   5.0748035e+02   3.3791189e+00   1.0495733e+01   8.7552288e+00
   2.0120000e+03   1.0000000e+00   2.0000000e+00   1.1000000e+01   1.4000000e+01   2.9000000e+01  -5.3708336e+01  -3.9495438e+01   4.9056260e+02   1.6050490e+00   4.0513015e+00   2.7106509e+00
   2.0120000e+03   1.0000000e+00   2.0000000e+00   1.1000000e+01   1.7000000e+01   1.2000000e+01  -5.3703979e+01  -3.9496577e+01   4.8994397e+02   2.1664436e-01   4.5639198e-01   0.0000000e+00
   2.0120000e+03   1.0000000e+00   2.0000000e+00   1.1000000e+01   1.9000000e+01   5.6000000e+01  -5.3699594e+01  -3.9498003e+01   4.9612462e+02   6.6894004e-01   2.1023825e+00   9.9555989e-01
   2.0120000e+03   1.0000000e+00   2.0000000e+00   1.1000000e+01   2.2000000e+01   3.6000000e+01  -5.3695133e+01  -3.9499352e+01   5.0358327e+02   1.0446627e+00   2.3423383e+00   1.2513254e+00
   2.0120000e+03   1.0000000e+00   2.0000000e+00   1.1000000e+01   2.5000000e+01   1.7000000e+01  -5.3690730e+01  -3.9500587e+01   4.9601988e+02   1.1867414e+00   2.3825145e+00   1.9753292e+00
   2.0120000e+03   1.0000000e+00   2.0000000e+00   1.1000000e+01   2.7000000e+01   5.7000000e+01  -5.3686389e+01  -3.9501813e+01   4.8902201e+02   1.1697435e+00   8.1642609e-02   0.0000000e+00
   2.0120000e+03   1.0000000e+00   2.0000000e+00   1.1000000e+01   3.0000000e+01   1.9000099e+01  -5.3681970e+01  -3.9503056e+01   4.9782482e+02   1.6301757e+00   5.1411472e+00   3.9717280e+00
   2.0120000e+03   1.0000000e+00   2.0000000e+00   1.1000000e+01   3.2000000e+01   1.6000000e+01  -5.3677492e+01  -3.9504598e+01   5.0786056e+02   1.8474045e+00   6.0005222e+00   4.2115734e+00
   2.0120000e+03   1.0000000e+00   2.0000000e+00   1.1000000e+01   3.4000000e+01   4.0000000e+00  -5.3673081e+01  -3.9505918e+01   4.9776277e+02   2.0705491e+00   6.6843420e+00   5.9199719e+00
   2.0120000e+03   1.0000000e+00   2.0000000e+00   1.1000000e+01   3.5000000e+01   4.8000000e+01  -5.3668659e+01  -3.9507284e+01   4.9961589e+02   1.4450522e+00   4.4395438e+00   3.0968385e+00
   2.0120000e+03   1.0000000e+00   2.0000000e+00   1.1000000e+01   3.7000000e+01   2.8000000e+01  -5.3664213e+01  -3.9508614e+01   5.0167811e+02   1.2164460e+00   2.7483763e+00   1.1774200e+00
   2.0120000e+03   1.0000000e+00   2.0000000e+00   1.1000000e+01   3.9000000e+01   6.0000992e+00  -5.3659779e+01  -3.9509986e+01   5.0090660e+02   2.1745985e+00   6.6808835e+00   2.9147814e+00
   2.0120000e+03   1.0000000e+00   2.0000000e+00   1.1000000e+01   4.0000000e+01   4.3000000e+01  -5.3655382e+01  -3.9511344e+01   4.9677308e+02   1.2690432e+00   3.8988024e+00   2.1419329e+00
   2.0120000e+03   1.0000000e+00   2.0000000e+00   1.1000000e+01   4.2000000e+01   2.0000000e+01  -5.3650966e+01  -3.9512727e+01   4.9908882e+02   1.9569287e+00   3.9408396e+00   2.1382373e+00
   2.0120000e+03   1.0000000e+00   2.0000000e+00   1.1000000e+01   4.3000000e+01   5.6000000e+01  -5.3646511e+01  -3.9514049e+01   5.0254918e+02   2.5300913e+00   8.2511660e+00   4.1703490e+00
   2.0120000e+03   1.0000000e+00   2.0000000e+00   1.1000000e+01   4.5000000e+01   3.3000000e+01  -5.3642100e+01  -3.9515272e+01   4.9675061e+02   3.0571371e+00   1.0479426e+01   7.1111969e+00
   2.0120000e+03   1.0000000e+00   2.0000000e+00   1.1000000e+01   4.7000000e+01   1.0000000e+01  -5.3637659e+01  -3.9516488e+01   4.9997863e+02   2.3837354e+00   8.4673005e+00   4.0171207e+00
   2.0120000e+03   1.0000000e+00   2.0000000e+00   1.1000000e+01   4.8000000e+01   4.6000000e+01  -5.3633219e+01  -3.9517770e+01   5.0050899e+02   3.1652680e+00   1.0392745e+01   4.5715000e+00
   2.0120000e+03   1.0000000e+00   2.0000000e+00   1.1000000e+01   5.0000000e+01   2.1999901e+01  -5.3628807e+01  -3.9518989e+01   4.9680197e+02   3.8663258e+00   6.0629728e+00   4.3163047e+00
   2.0120000e+03   1.0000000e+00   2.0000000e+00   1.1000000e+01   5.1000000e+01   5.8000000e+01  -5.3624390e+01  -3.9520230e+01   4.9763293e+02   3.5005835e+00   1.1550367e+01   2.3829806e+00
   2.0120000e+03   1.0000000e+00   2.0000000e+00   1.1000000e+01   5.3000000e+01   3.4000099e+01  -5.3619920e+01  -3.9521425e+01   5.0286821e+02   5.1901907e+00   1.2809143e+01   5.0256568e+00
   2.0120000e+03   1.0000000e+00   2.0000000e+00   1.1000000e+01   5.5000000e+01   1.1000000e+01  -5.3615462e+01  -3.9522630e+01   5.0170487e+02   3.9821155e+00   1.2468722e+01   9.6868272e+00
   2.0120000e+03   1.0000000e+00   2.0000000e+00   1.1000000e+01   5.6000000e+01   4.7000000e+01  -5.3611053e+01  -3.9523845e+01   4.9641640e+02   3.6476154e+00   1.2001644e+01   9.3637408e+00
   2.0120000e+03   1.0000000e+00   2.0000000e+00   1.1000000e+01   5.8000000e+01   2.3000099e+01  -5.3606656e+01  -3.9525244e+01   4.9727960e+02   4.7909505e+00   1.3551934e+01   1.2547355e+01
   2.0120000e+03   1.0000000e+00   2.0000000e+00   1.2000000e+01   0.0000000e+00   1.0000000e+00  -5.3602232e+01  -3.9526699e+01   5.0079883e+02   6.6535425e+00   2.0441264e+01   1.7961798e+01
   2.0120000e+03   1.0000000e+00   2.0000000e+00   1.2000000e+01   1.0000000e+00   3.6999901e+01  -5.3597827e+01  -3.9528142e+01   4.9873654e+02   7.4418783e+00   2.2863219e+01   1.8449431e+01
   2.0120000e+03   1.0000000e+00   2.0000000e+00   1.2000000e+01   3.0000000e+00   1.3000000e+01  -5.3593418e+01  -3.9529544e+01   4.9854694e+02   5.2837506e+00   1.6505551e+01   1.2476660e+01
   2.0120000e+03   1.0000000e+00   2.0000000e+00   1.2000000e+01   4.0000000e+00   4.9000099e+01  -5.3589012e+01  -3.9530821e+01   4.9673634e+02   5.4940534e+00   1.7693041e+01   1.2152564e+01
   2.0120000e+03   1.0000000e+00   2.0000000e+00   1.2000000e+01   6.0000000e+00   2.7000000e+01  -5.3584561e+01  -3.9532139e+01   5.0225434e+02   8.2964426e+00   2.6824229e+01   2.0300659e+01
   2.0120000e+03   1.0000000e+00   2.0000000e+00   1.2000000e+01   8.0000000e+00   3.0000000e+00  -5.3580108e+01  -3.9533524e+01   5.0310825e+02   7.4618709e+00   2.3081773e+01   1.9107772e+01
   2.0120000e+03   1.0000000e+00   2.0000000e+00   1.2000000e+01   9.0000000e+00   4.1000000e+01  -5.3575699e+01  -3.9534912e+01   4.9842971e+02   5.3410166e+00   1.6572917e+01   9.7363375e+00
   2.0120000e+03   1.0000000e+00   2.0000000e+00   1.2000000e+01   1.1000000e+01   2.1000000e+01  -5.3571301e+01  -3.9536228e+01   4.9639344e+02   3.7448846e+00   1.2708776e+01   4.1387978e+00
   2.0120000e+03   1.0000000e+00   2.0000000e+00   1.2000000e+01   1.3000000e+01   1.0000992e+00  -5.3566883e+01  -3.9537545e+01   4.9851147e+02   3.5604669e+00   1.1919043e+01   0.0000000e+00
   2.0120000e+03   1.0000000e+00   2.0000000e+00   1.2000000e+01   1.4000000e+01   3.8000000e+01  -5.3562477e+01  -3.9538882e+01   4.9753840e+02   5.6952799e+00   2.0165283e+01   8.0266171e+00
   2.0120000e+03   1.0000000e+00   2.0000000e+00   1.2000000e+01   1.6000000e+01   1.5000099e+01  -5.3558012e+01  -3.9540225e+01   5.0399494e+02   1.1596956e+01   3.7014534e+01   2.2600456e+01
   2.0120000e+03   1.0000000e+00   2.0000000e+00   1.2000000e+01   1.7000000e+01   5.2000000e+01  -5.3553588e+01  -3.9541532e+01   4.9908308e+02   6.2904451e+00   1.2801867e+01   9.6538542e+00
   2.0120000e+03   1.0000000e+00   2.0000000e+00   1.2000000e+01   1.9000000e+01   2.9999901e+01  -5.3549194e+01  -3.9542855e+01   4.9605539e+02   6.8792571e+00   1.3696538e+01   1.0914901e+01
   2.0120000e+03   1.0000000e+00   2.0000000e+00   1.2000000e+01   2.1000000e+01   9.0000992e+00  -5.3544763e+01  -3.9544087e+01   4.9904727e+02   6.1074538e+00   1.5148180e+01   1.1595677e+01
   2.0120000e+03   1.0000000e+00   2.0000000e+00   1.2000000e+01   2.2000000e+01   4.8000000e+01  -5.3540301e+01  -3.9545290e+01   5.0215630e+02   8.2629225e+00   2.5385662e+01   1.0614292e+01
   2.0120000e+03   1.0000000e+00   2.0000000e+00   1.2000000e+01   2.4000000e+01   3.7000000e+01  -5.3535779e+01  -3.9546611e+01   5.0990011e+02   9.0184347e+00   1.3284593e+01   2.1518758e+00
   2.0120000e+03   1.0000000e+00   2.0000000e+00   1.2000000e+01   2.6000000e+01   4.5000000e+01  -5.3531400e+01  -3.9547711e+01   4.9208971e+02   7.4397855e+00   2.3538496e+01   6.3163310e+00
   2.0120000e+03   1.0000000e+00   2.0000000e+00   1.2000000e+01   2.9000000e+01   8.0000000e+00  -5.3527005e+01  -3.9549026e+01   4.9601260e+02   6.0521454e+00   2.1300549e+01   9.0465055e+00
   2.0120000e+03   1.0000000e+00   2.0000000e+00   1.2000000e+01   3.1000000e+01   3.9000099e+01  -5.3522603e+01  -3.9550475e+01   4.9842718e+02   6.5759321e+00   2.0202827e+01   1.0463049e+01
   2.0120000e+03   1.0000000e+00   2.0000000e+00   1.2000000e+01   3.4000000e+01   2.2000000e+01  -5.3518207e+01  -3.9551710e+01   4.9518905e+02   4.8307418e+00   1.3261741e+01   1.0791210e+01
   2.0120000e+03   1.0000000e+00   2.0000000e+00   1.2000000e+01   3.7000000e+01   5.0000000e+00  -5.3513938e+01  -3.9553015e+01   4.8216504e+02   4.6465018e+00   1.4275158e+01   4.7300343e+00
   2.0120000e+03   1.0000000e+00   2.0000000e+00   1.2000000e+01   3.9000000e+01   2.4000000e+01  -5.3509510e+01  -3.9554231e+01   4.9854826e+02   7.0472064e+00   2.2222403e+01   6.2288998e+00
   2.0120000e+03   1.0000000e+00   2.0000000e+00   1.2000000e+01   4.1000000e+01   1.6000000e+01  -5.3505043e+01  -3.9555697e+01   5.0576395e+02   2.9089743e+00   8.3697183e+00   2.3608812e+00
   2.0120000e+03   1.0000000e+00   2.0000000e+00   1.2000000e+01   4.2000000e+01   5.9000000e+01  -5.3500626e+01  -3.9557061e+01   4.9900112e+02   6.8828787e+00   1.7334475e+01   5.8510685e+00
   2.0120000e+03   1.0000000e+00   2.0000000e+00   1.2000000e+01   4.4000000e+01   3.9000000e+01  -5.3496184e+01  -3.9558413e+01   5.0166785e+02   3.2076381e+00   1.0614918e+01   8.2269440e-01
   2.0120000e+03   1.0000000e+00   2.0000000e+00   1.2000000e+01   4.6000000e+01   1.7000000e+01  -5.3491729e+01  -3.9559640e+01   5.0162006e+02   3.9263791e+00   1.2417751e+01   0.0000000e+00
   2.0120000e+03   1.0000000e+00   2.0000000e+00   1.2000000e+01   4.7000000e+01   5.3000000e+01  -5.3487286e+01  -3.9560891e+01   5.0059550e+02   5.1225589e+00   1.5737718e+01   5.1925216e+00
   2.0120000e+03   1.0000000e+00   2.0000000e+00   1.2000000e+01   4.9000000e+01   2.8000000e+01  -5.3482896e+01  -3.9562202e+01   4.9545479e+02   5.8797288e+00   1.0432736e+01   2.6644875e+00
   2.0120000e+03   1.0000000e+00   2.0000000e+00   1.2000000e+01   5.1000000e+01   5.0000992e+00  -5.3478470e+01  -3.9563504e+01   4.9926025e+02   3.0015070e+00   9.2213431e+00   0.0000000e+00
   2.0120000e+03   1.0000000e+00   2.0000000e+00   1.2000000e+01   5.2000000e+01   4.3000000e+01  -5.3474027e+01  -3.9564831e+01   5.0144986e+02   4.6827749e+00   1.0694780e+01   1.7701529e+00
   2.0120000e+03   1.0000000e+00   2.0000000e+00   1.2000000e+01   5.4000000e+01   2.1000000e+01  -5.3469618e+01  -3.9566233e+01   4.9863981e+02   3.7246016e+00   1.1586626e+01   3.0899976e+00
   2.0120000e+03   1.0000000e+00   2.0000000e+00   1.2000000e+01   5.5000000e+01   5.7000000e+01  -5.3465204e+01  -3.9567597e+01   4.9869267e+02   3.0499662e+00   9.8265236e+00   2.3789169e+00
   2.0120000e+03   1.0000000e+00   2.0000000e+00   1.2000000e+01   5.7000000e+01   3.3000099e+01  -5.3460801e+01  -3.9568979e+01   4.9772855e+02   3.1825392e+00   1.0332989e+01   2.4647878e+00
   2.0120000e+03   1.0000000e+00   2.0000000e+00   1.2000000e+01   5.9000000e+01   1.0000000e+01  -5.3456335e+01  -3.9570190e+01   5.0271747e+02   2.7618244e+00   1.0136278e+01   1.3776389e+00
   2.0120000e+03   1.0000000e+00   2.0000000e+00   1.3000000e+01   0.0000000e+00   4.6000000e+01  -5.3451939e+01  -3.9571486e+01   4.9594643e+02   2.3306084e+00   8.0999873e+00   2.1742863e+00
   2.0120000e+03   1.0000000e+00   2.0000000e+00   1.3000000e+01   2.0000000e+00   2.3000000e+01  -5.3447484e+01  -3.9572864e+01   5.0336587e+02   1.4223998e+00   7.2182578e+00   4.2267148e+00
   2.0120000e+03   1.0000000e+00   2.0000000e+00   1.3000000e+01   3.0000000e+00   5.9000000e+01  -5.3443055e+01  -3.9574228e+01   5.0034343e+02   3.1325561e+00   1.2994771e+01   8.6790958e+00
   2.0120000e+03   1.0000000e+00   2.0000000e+00   1.3000000e+01   5.0000000e+00   3.7000000e+01  -5.3438648e+01  -3.9575581e+01   4.9786950e+02   8.9308888e+00   2.2875817e+01   1.4445584e+01
   2.0120000e+03   1.0000000e+00   2.0000000e+00   1.3000000e+01   7.0000000e+00   1.5000000e+01  -5.3434213e+01  -3.9576835e+01   4.9970769e+02   6.7314333e+00   2.0680563e+01   1.2561190e+01
   2.0120000e+03   1.0000000e+00   2.0000000e+00   1.3000000e+01   8.0000000e+00   5.1000000e+01  -5.3429778e+01  -3.9578045e+01   4.9935565e+02   1.0790860e+01   2.0576113e+01   1.1990123e+01
   2.0120000e+03   1.0000000e+00   2.0000000e+00   1.3000000e+01   1.0000000e+01   2.8000000e+01  -5.3425348e+01  -3.9579241e+01   4.9850401e+02   3.4556706e+00   1.0616642e+01   6.0852217e+00
   2.0120000e+03   1.0000000e+00   2.0000000e+00   1.3000000e+01   1.2000000e+01   7.0000000e+00  -5.3420887e+01  -3.9580452e+01   5.0216807e+02   1.8606094e+00   5.7162345e+00   1.7445080e+00
   2.0120000e+03   1.0000000e+00   2.0000000e+00   1.3000000e+01   1.3000000e+01   4.4999901e+01  -5.3416493e+01  -3.9581802e+01   4.9637459e+02   5.4553312e+00   1.1419151e+01   4.6961840e+00
   2.0120000e+03   1.0000000e+00   2.0000000e+00   1.3000000e+01   1.5000000e+01   2.4000099e+01  -5.3412073e+01  -3.9583108e+01   4.9879646e+02   1.6044776e+00   4.9293364e+00   0.0000000e+00
   2.0120000e+03   1.0000000e+00   2.0000000e+00   1.3000000e+01   1.7000000e+01   2.0000000e+00  -5.3407640e+01  -3.9584455e+01   5.0060817e+02   6.0096893e-01   3.0606976e+00   7.1609408e-01
   2.0120000e+03   1.0000000e+00   2.0000000e+00   1.3000000e+01   1.8000000e+01   3.9000000e+01  -5.3403215e+01  -3.9585748e+01   4.9903551e+02   4.5891969e+00   1.4099104e+01   0.0000000e+00
   2.0120000e+03   1.0000000e+00   2.0000000e+00   1.3000000e+01   2.0000000e+01   1.6000000e+01  -5.3398771e+01  -3.9587093e+01   5.0179174e+02   2.4761448e+02   7.6254060e+02   7.6135220e+02
   2.0120000e+03   1.0000000e+00   2.0000000e+00   1.3000000e+01   2.1000000e+01   5.2000000e+01  -5.3394351e+01  -3.9588460e+01   4.9940607e+02   5.2687334e+00   1.5100339e+01   6.3515717e-01
   2.0120000e+03   1.0000000e+00   2.0000000e+00   1.3000000e+01   2.3000000e+01   2.9000000e+01  -5.3389911e+01  -3.9589729e+01   5.0051269e+02   6.0872178e+00   1.0125115e+01   3.6555271e-01
   2.0120000e+03   1.0000000e+00   2.0000000e+00   1.3000000e+01   2.5000000e+01   6.0000000e+00  -5.3385476e+01  -3.9590975e+01   4.9974784e+02   3.1980011e+00   9.8250197e+00   1.2822403e+00
   2.0120000e+03   1.0000000e+00   2.0000000e+00   1.3000000e+01   2.6000000e+01   4.5000000e+01  -5.3381061e+01  -3.9592289e+01   4.9821906e+02   6.3357727e+00   1.9465000e+01   0.0000000e+00
   2.0120000e+03   1.0000000e+00   2.0000000e+00   1.3000000e+01   2.8000000e+01   2.4000000e+01  -5.3376678e+01  -3.9593728e+01   4.9631367e+02   4.5210976e+00   1.0819325e+01   1.0032351e-01
   2.0120000e+03   1.0000000e+00   2.0000000e+00   1.3000000e+01   3.0000000e+01   1.0000000e+00  -5.3372248e+01  -3.9594977e+01   4.9912760e+02   3.6553739e+00   1.0761150e+01   0.0000000e+00
   2.0120000e+03   1.0000000e+00   2.0000000e+00   1.3000000e+01   3.1000000e+01   3.6999901e+01  -5.3367804e+01  -3.9596376e+01   5.0253936e+02   6.5575651e+00   2.0363340e+01   0.0000000e+00
   2.0120000e+03   1.0000000e+00   2.0000000e+00   1.3000000e+01   3.3000000e+01   1.6000000e+01  -5.3363351e+01  -3.9597655e+01   5.0198206e+02   1.9466809e+00   6.0053801e+00   0.0000000e+00
   2.0120000e+03   1.0000000e+00   2.0000000e+00   1.3000000e+01   3.4000000e+01   5.8000099e+01  -5.3358853e+01  -3.9599037e+01   5.0812461e+02   7.8733352e+00   1.2212299e+01   0.0000000e+00
   2.0120000e+03   1.0000000e+00   2.0000000e+00   1.3000000e+01   3.6000000e+01   5.5000000e+01  -5.3354455e+01  -3.9600357e+01   4.9648259e+02   5.0906564e+00   5.7643414e+00   1.2127437e+00
   2.0120000e+03   1.0000000e+00   2.0000000e+00   1.3000000e+01   3.9000000e+01   1.3000000e+01  -5.3350055e+01  -3.9601543e+01   4.9527216e+02   1.5235260e+00   5.0043897e+00   0.0000000e+00
   2.0120000e+03   1.0000000e+00   2.0000000e+00   1.3000000e+01   4.1000000e+01   4.7000099e+01  -5.3345655e+01  -3.9602814e+01   4.9612154e+02   2.4506314e+00   3.1653819e+00   0.0000000e+00
   2.0120000e+03   1.0000000e+00   2.0000000e+00   1.3000000e+01   4.4000000e+01   3.1000000e+01  -5.3341263e+01  -3.9604026e+01   4.9464356e+02   6.3022725e-01   1.2410954e+00   8.1867674e-02
