   2.0120000e+03   1.0000000e+00   4.0000000e+00   9.0000000e+00   0.0000000e+00   3.2000000e+01  -5.3926408e+01  -3.8220619e+01   4.9936879e+02   1.3440959e+00   3.5510864e+00   0.0000000e+00
   2.0120000e+03   1.0000000e+00   4.0000000e+00   9.0000000e+00   2.0000000e+00   5.9000000e+01  -5.3922183e+01  -3.8221785e+01   4.7558970e+02   4.0845973e+00   9.7947359e+00   1.3803917e+00
   2.0120000e+03   1.0000000e+00   4.0000000e+00   9.0000000e+00   5.0000000e+00   0.0000000e+00  -5.3917618e+01  -3.8223213e+01   5.1583087e+02   5.6003739e+00   1.9127858e+01   5.7760068e+00
   2.0120000e+03   1.0000000e+00   4.0000000e+00   9.0000000e+00   6.0000000e+00   4.1000000e+01  -5.3913134e+01  -3.8224827e+01   5.0932644e+02   3.2779051e+00   1.0605400e+01   6.8224019e+00
   2.0120000e+03   1.0000000e+00   4.0000000e+00   9.0000000e+00   8.0000000e+00   1.8000000e+01  -5.3908725e+01  -3.8226386e+01   5.0044279e+02   3.9628529e+00   1.2265780e+01   2.8409910e+00
   2.0120000e+03   1.0000000e+00   4.0000000e+00   9.0000000e+00   9.0000000e+00   5.5000000e+01  -5.3904324e+01  -3.8227891e+01   4.9881405e+02   4.1787616e+00   1.2838149e+01   2.7586752e+00
   2.0120000e+03   1.0000000e+00   4.0000000e+00   9.0000000e+00   1.1000000e+01   3.2000000e+01  -5.3899936e+01  -3.8229320e+01   4.9651629e+02   6.5598071e+00   2.0153287e+01   9.1642951e+00
   2.0120000e+03   1.0000000e+00   4.0000000e+00   9.0000000e+00   1.3000000e+01   1.1000000e+01  -5.3895481e+01  -3.8230710e+01   5.0332843e+02   3.9412137e+00   8.0487010e+00   1.9865310e+00
   2.0120000e+03   1.0000000e+00   4.0000000e+00   9.0000000e+00   1.4000000e+01   4.8000000e+01  -5.3891079e+01  -3.8232083e+01   4.9733438e+02   5.5658681e+00   1.3906628e+01   8.1726483e-01
   2.0120000e+03   1.0000000e+00   4.0000000e+00   9.0000000e+00   1.6000000e+01   2.6000000e+01  -5.3886653e+01  -3.8233432e+01   4.9967342e+02   2.4286728e+00   4.1914666e+00   1.9115988e+00
   2.0120000e+03   1.0000000e+00   4.0000000e+00   9.0000000e+00   1.8000000e+01   4.0000000e+00  -5.3882251e+01  -3.8234751e+01   4.9679094e+02   1.4425827e+00   3.4029255e+00   1.8715332e+00
   2.0120000e+03   1.0000000e+00   4.0000000e+00   9.0000000e+00   1.9000000e+01   4.3000000e+01  -5.3877785e+01  -3.8236098e+01   5.0398154e+02   2.7102211e+00   8.5420262e+00   6.4850853e-01
   2.0120000e+03   1.0000000e+00   4.0000000e+00   9.0000000e+00   2.1000000e+01   2.0000000e+01  -5.3873386e+01  -3.8237555e+01   4.9804924e+02   1.4404049e+00   4.4252662e+00   1.9221428e+00
   2.0120000e+03   1.0000000e+00   4.0000000e+00   9.0000000e+00   2.2000000e+01   5.6000000e+01  -5.3868948e+01  -3.8238943e+01   5.0155781e+02   2.9421574e+00   8.8256422e+00   2.3051766e+00
   2.0120000e+03   1.0000000e+00   4.0000000e+00   9.0000000e+00   2.4000000e+01   3.2000000e+01  -5.3864547e+01  -3.8240314e+01   4.9719138e+02   5.4973896e+00   1.6044736e+01   7.7240521e+00
   2.0120000e+03   1.0000000e+00   4.0000000e+00   9.0000000e+00   2.6000000e+01   8.0000000e+00  -5.3860139e+01  -3.8241790e+01   4.9922101e+02   3.8890492e+00   8.1003774e+00   5.6821917e+00
   2.0120000e+03   1.0000000e+00   4.0000000e+00   9.0000000e+00   2.7000000e+01   4.6000000e+01  -5.3855724e+01  -3.8243213e+01   4.9937738e+02   1.5160119e+00   4.6575489e+00   3.2591890e+00
   2.0120000e+03   1.0000000e+00   4.0000000e+00   9.0000000e+00   2.9000000e+01   2.4000000e+01  -5.3851322e+01  -3.8244678e+01   4.9850188e+02   1.5367345e+00   4.9574556e+00   4.8060448e+00
   2.0120000e+03   1.0000000e+00   4.0000000e+00   9.0000000e+00   3.1000000e+01   0.0000000e+00  -5.3846887e+01  -3.8246255e+01   5.0356849e+02   1.9101079e+00   5.2095805e+00   4.3015544e+00
   2.0120000e+03   1.0000000e+00   4.0000000e+00   9.0000000e+00   3.2000000e+01   3.5000000e+01  -5.3842499e+01  -3.8247800e+01   4.9798575e+02   3.0584200e+00   4.9038741e+00   4.2234653e+00
   2.0120000e+03   1.0000000e+00   4.0000000e+00   9.0000000e+00   3.4000000e+01   1.1000000e+01  -5.3838082e+01  -3.8249433e+01   5.0235481e+02   3.2115173e+00   7.9207260e+00   4.4617312e+00
   2.0120000e+03   1.0000000e+00   4.0000000e+00   9.0000000e+00   3.5000000e+01   4.7000000e+01  -5.3833686e+01  -3.8250918e+01   4.9811120e+02   1.6086135e+00   4.3587419e+00   1.0513690e-01
   2.0120000e+03   1.0000000e+00   4.0000000e+00   9.0000000e+00   3.7000000e+01   2.5000000e+01  -5.3829318e+01  -3.8252468e+01   4.9594206e+02   4.3552065e+00   1.3393258e+01   2.2502822e+00
   2.0120000e+03   1.0000000e+00   4.0000000e+00   9.0000000e+00   3.9000000e+01   4.0000000e+00  -5.3824899e+01  -3.8254106e+01   5.0257397e+02   3.3888607e+00   1.0411386e+01   4.3976467e-01
   2.0120000e+03   1.0000000e+00   4.0000000e+00   9.0000000e+00   4.0000000e+01   4.3000000e+01  -5.3820515e+01  -3.8255610e+01   4.9706773e+02   7.4537501e-01   1.2957907e+00   0.0000000e+00
   2.0120000e+03   1.0000000e+00   4.0000000e+00   9.0000000e+00   4.2000000e+01   2.1000000e+01  -5.3816113e+01  -3.8257073e+01   4.9852881e+02   2.5895150e+00   3.9985118e+00   0.0000000e+00
   2.0120000e+03   1.0000000e+00   4.0000000e+00   9.0000000e+00   4.4000000e+01   0.0000000e+00  -5.3811717e+01  -3.8258675e+01   4.9960194e+02   8.1705360e-01   2.5101829e+00   9.2383065e-01
   2.0120000e+03   1.0000000e+00   4.0000000e+00   9.0000000e+00   4.5000000e+01   3.7000000e+01  -5.3807291e+01  -3.8260099e+01   5.0059508e+02   8.7723025e-01   2.8029776e+00   4.3783761e-01
   2.0120000e+03   1.0000000e+00   4.0000000e+00   9.0000000e+00   4.7000000e+01   1.3000000e+01  -5.3802898e+01  -3.8261378e+01   4.9533580e+02   4.9482632e+00   1.3172385e+01   1.2048437e+01
   2.0120000e+03   1.0000000e+00   4.0000000e+00   9.0000000e+00   4.8000000e+01   4.8000000e+01  -5.3798451e+01  -3.8262642e+01   5.0106812e+02   1.6551208e+00   3.7902215e+00   1.4892327e+00
   2.0120000e+03   1.0000000e+00   4.0000000e+00   9.0000000e+00   5.0000000e+01   2.4000000e+01  -5.3794048e+01  -3.8263951e+01   4.9680453e+02   6.0239812e+00   1.6663390e+01   1.2379144e+01
   2.0120000e+03   1.0000000e+00   4.0000000e+00   9.0000000e+00   5.1000000e+01   5.9000000e+01  -5.3789590e+01  -3.8265244e+01   5.0255883e+02   6.0915231e-01   2.0262314e+00   2.1944246e-01
   2.0120000e+03   1.0000000e+00   4.0000000e+00   9.0000000e+00   5.3000000e+01   3.4000000e+01  -5.3785178e+01  -3.8266666e+01   4.9908456e+02   3.9186474e-01   1.2039016e+00   4.9255444e-01
   2.0120000e+03   1.0000000e+00   4.0000000e+00   9.0000000e+00   5.5000000e+01   9.0000000e+00  -5.3780743e+01  -3.8268077e+01   5.0136930e+02   6.0771369e-01   1.8670409e+00   6.3631051e-01
   2.0120000e+03   1.0000000e+00   4.0000000e+00   9.0000000e+00   5.6000000e+01   4.4000000e+01  -5.3776351e+01  -3.8269492e+01   4.9681780e+02   1.1068007e+00   3.4260757e+00   1.8743970e+00
   2.0120000e+03   1.0000000e+00   4.0000000e+00   9.0000000e+00   5.8000000e+01   1.9000000e+01  -5.3771908e+01  -3.8270958e+01   5.0302634e+02   4.3546610e-01   2.9651339e+00   5.0278689e-01
   2.0120000e+03   1.0000000e+00   4.0000000e+00   9.0000000e+00   5.9000000e+01   5.3000000e+01  -5.3767495e+01  -3.8272449e+01   5.0006451e+02   2.2236285e+01   7.2257251e+01   6.7852038e+01
   2.0120000e+03   1.0000000e+00   4.0000000e+00   1.0000000e+01   1.0000000e+00   2.7000000e+01  -5.3763066e+01  -3.8273901e+01   5.0132166e+02   2.4664656e+00   9.3308493e+00   8.3607397e+00
   2.0120000e+03   1.0000000e+00   4.0000000e+00   1.0000000e+01   3.0000000e+00   5.0000000e+00  -5.3758524e+01  -3.8275445e+01   5.1474658e+02   1.0393961e+00   3.3238722e+00   2.5363915e+00
   2.0120000e+03   1.0000000e+00   4.0000000e+00   1.0000000e+01   5.0000000e+00   6.0000992e+00  -5.3754111e+01  -3.8276870e+01   4.9928977e+02   5.1565757e-01   1.7747952e+00   1.5242008e+00
   2.0120000e+03   1.0000000e+00   4.0000000e+00   1.0000000e+01   7.0000000e+00   3.4999901e+01  -5.3749896e+01  -3.8278110e+01   4.7535606e+02   4.7000223e-01   1.4439586e+00   0.0000000e+00
   2.0120000e+03   1.0000000e+00   4.0000000e+00   1.0000000e+01   9.0000000e+00   5.3000099e+01  -5.3745555e+01  -3.8279226e+01   4.8797240e+02   7.5663830e-01   2.3936832e+00   2.9037947e-01
   2.0120000e+03   1.0000000e+00   4.0000000e+00   1.0000000e+01   1.1000000e+01   4.1000000e+01  -5.3741047e+01  -3.8280572e+01   5.0866349e+02   2.9170134e+00   8.7414953e+00   0.0000000e+00
   2.0120000e+03   1.0000000e+00   4.0000000e+00   1.0000000e+01   1.3000000e+01   1.9000000e+01  -5.3736588e+01  -3.8282141e+01   5.0604457e+02   5.2435199e+00   8.3265558e+00   0.0000000e+00
   2.0120000e+03   1.0000000e+00   4.0000000e+00   1.0000000e+01   1.4000000e+01   5.4000000e+01  -5.3732206e+01  -3.8283763e+01   4.9852430e+02   4.0718633e+00   1.0238591e+01   9.9682826e-01
   2.0120000e+03   1.0000000e+00   4.0000000e+00   1.0000000e+01   1.6000000e+01   2.8000000e+01  -5.3727813e+01  -3.8285445e+01   5.0050961e+02   1.9300032e+00   6.0546129e+00   1.7587976e+00
   2.0120000e+03   1.0000000e+00   4.0000000e+00   1.0000000e+01   1.8000000e+01   4.0000000e+00  -5.3723421e+01  -3.8286882e+01   4.9712904e+02   1.1915255e+00   3.8677500e+00   7.3369867e-01
   2.0120000e+03   1.0000000e+00   4.0000000e+00   1.0000000e+01   1.9000000e+01   4.1000000e+01  -5.3719017e+01  -3.8288445e+01   5.0002714e+02   5.5111478e-01   2.0446383e+00   4.2329091e-01
   2.0120000e+03   1.0000000e+00   4.0000000e+00   1.0000000e+01   2.1000000e+01   1.7999901e+01  -5.3714593e+01  -3.8289901e+01   5.0081492e+02   1.1563989e-01   6.1596662e-01   5.8338870e-02
   2.0120000e+03   1.0000000e+00   4.0000000e+00   1.0000000e+01   2.2000000e+01   5.6000000e+01  -5.3710175e+01  -3.8291301e+01   4.9942796e+02   1.8570014e-02   5.7051498e-02   5.7051498e-02
   2.0120000e+03   1.0000000e+00   4.0000000e+00   1.0000000e+01   2.4000000e+01   3.5000000e+01  -5.3705771e+01  -3.8292652e+01   4.9746057e+02   0.0000000e+00   3.2840697e-01   5.0387071e-02
   2.0120000e+03   1.0000000e+00   4.0000000e+00   1.0000000e+01   2.6000000e+01   1.3999901e+01  -5.3701367e+01  -3.8294018e+01   4.9746240e+02   1.5181927e-02   4.6642488e-02   4.6642488e-02
   2.0120000e+03   1.0000000e+00   4.0000000e+00   1.0000000e+01   2.7000000e+01   5.4000099e+01  -5.3696942e+01  -3.8295366e+01   4.9971202e+02   7.3765625e-02   2.2662553e-01   1.0811526e-01
   2.0120000e+03   1.0000000e+00   4.0000000e+00   1.0000000e+01   2.9000000e+01   3.2000000e+01  -5.3692527e+01  -3.8296922e+01   5.0111177e+02   1.9714951e-02   6.0569015e-02   6.0569015e-02
   2.0120000e+03   1.0000000e+00   4.0000000e+00   1.0000000e+01   3.1000000e+01   8.0000000e+00  -5.3688134e+01  -3.8298436e+01   4.9822316e+02   1.5915188e-01   1.5732429e+00   6.1990826e-01
   2.0120000e+03   1.0000000e+00   4.0000000e+00   1.0000000e+01   3.2000000e+01   4.4000000e+01  -5.3683732e+01  -3.8299802e+01   4.9735319e+02   5.2923645e-02   5.0100338e-01   5.0100338e-01
   2.0120000e+03   1.0000000e+00   4.0000000e+00   1.0000000e+01   3.4000000e+01   1.9000000e+01  -5.3679278e+01  -3.8301222e+01   5.0370935e+02   6.6610509e+00   2.0761581e+01   1.6960890e+01
   2.0120000e+03   1.0000000e+00   4.0000000e+00   1.0000000e+01   3.5000000e+01   5.4000000e+01  -5.3674846e+01  -3.8302623e+01   5.0098848e+02   1.3913530e+01   4.3942698e+01   3.9695618e+01
   2.0120000e+03   1.0000000e+00   4.0000000e+00   1.0000000e+01   3.7000000e+01   2.8999901e+01  -5.3670472e+01  -3.8303996e+01   4.9441457e+02   6.6587103e-01   2.1862362e+00   7.3040622e-02
   2.0120000e+03   1.0000000e+00   4.0000000e+00   1.0000000e+01   3.9000000e+01   6.0000000e+00  -5.3665998e+01  -3.8305379e+01   5.0537766e+02   1.2674311e+00   4.1097464e+00   1.0265719e-01
   2.0120000e+03   1.0000000e+00   4.0000000e+00   1.0000000e+01   4.0000000e+01   4.2000099e+01  -5.3661548e+01  -3.8306812e+01   5.0344306e+02   1.7327424e+00   5.3233964e+00   2.4605155e+00
   2.0120000e+03   1.0000000e+00   4.0000000e+00   1.0000000e+01   4.2000000e+01   1.8000000e+01  -5.3657142e+01  -3.8308141e+01   4.9736749e+02   4.9654354e+00   1.5534443e+01   4.6026405e+00
   2.0120000e+03   1.0000000e+00   4.0000000e+00   1.0000000e+01   4.3000000e+01   5.5000000e+01  -5.3652785e+01  -3.8309645e+01   4.9412345e+02   2.7462336e+00   1.0208667e+01   9.7075592e+00
   2.0120000e+03   1.0000000e+00   4.0000000e+00   1.0000000e+01   4.5000000e+01   3.0000000e+01  -5.3648368e+01  -3.8311123e+01   5.0045311e+02   2.6045121e+00   8.2665570e+00   6.4792862e+00
   2.0120000e+03   1.0000000e+00   4.0000000e+00   1.0000000e+01   4.7000000e+01   5.0000000e+00  -5.3643941e+01  -3.8312524e+01   5.0049392e+02   6.1741268e-01   3.8685362e+00   2.1361912e+00
   2.0120000e+03   1.0000000e+00   4.0000000e+00   1.0000000e+01   4.8000000e+01   4.0000000e+01  -5.3639515e+01  -3.8314056e+01   5.0197500e+02   2.0168043e+00   7.3910418e+00   5.1538794e+00
   2.0120000e+03   1.0000000e+00   4.0000000e+00   1.0000000e+01   5.0000000e+01   1.5999901e+01  -5.3635096e+01  -3.8315529e+01   5.0063292e+02   5.0750631e+00   1.7617528e+01   6.3625879e+00
   2.0120000e+03   1.0000000e+00   4.0000000e+00   1.0000000e+01   5.1000000e+01   5.5000000e+01  -5.3630705e+01  -3.8317059e+01   4.9824351e+02   3.8179461e+01   1.3518446e+02   9.6358211e+01
   2.0120000e+03   1.0000000e+00   4.0000000e+00   1.0000000e+01   5.3000000e+01   3.2000000e+01  -5.3626323e+01  -3.8318466e+01   4.9566161e+02   4.3503435e+02   1.3377457e+03   1.1754896e+03
   2.0120000e+03   1.0000000e+00   4.0000000e+00   1.0000000e+01   5.5000000e+01   9.0000000e+00  -5.3621902e+01  -3.8319919e+01   5.0046105e+02   6.0113868e+02   2.0655603e+03   1.9833633e+03
   2.0120000e+03   1.0000000e+00   4.0000000e+00   1.0000000e+01   5.6000000e+01   4.8000000e+01  -5.3617470e+01  -3.8321354e+01   5.0152659e+02   3.1950812e+02   9.9292274e+02   9.3066900e+02
   2.0120000e+03   1.0000000e+00   4.0000000e+00   1.0000000e+01   5.8000000e+01   2.6000099e+01  -5.3613041e+01  -3.8322779e+01   5.0094925e+02   3.6948544e+02   1.2469405e+03   1.1685384e+03
   2.0120000e+03   1.0000000e+00   4.0000000e+00   1.1000000e+01   0.0000000e+00   3.0000000e+00  -5.3608610e+01  -3.8323899e+01   4.9794537e+02   2.4765642e+02   1.1208348e+03   1.0029184e+03
   2.0120000e+03   1.0000000e+00   4.0000000e+00   1.1000000e+01   1.0000000e+00   4.0000099e+01  -5.3604153e+01  -3.8325052e+01   5.0107540e+02   7.2148726e+02   3.0554653e+03   2.9934673e+03
   2.0120000e+03   1.0000000e+00   4.0000000e+00   1.1000000e+01   3.0000000e+00   1.7000000e+01  -5.3599727e+01  -3.8326413e+01   4.9991310e+02   1.0617271e+01   3.3569269e+01   2.7578942e+01
   2.0120000e+03   1.0000000e+00   4.0000000e+00   1.1000000e+01   4.0000000e+00   5.4999901e+01  -5.3595272e+01  -3.8327737e+01   5.0267911e+02   1.9883174e+02   6.8017928e+02   5.6223465e+02
   2.0120000e+03   1.0000000e+00   4.0000000e+00   1.1000000e+01   6.0000000e+00   4.0000000e+01  -5.3590747e+01  -3.8329356e+01   5.1404644e+02   4.8258168e+00   1.5475810e+01   4.6471063e+00
   2.0120000e+03   1.0000000e+00   4.0000000e+00   1.1000000e+01   8.0000000e+00   5.0000000e+01  -5.3586406e+01  -3.8330781e+01   4.9136496e+02   3.5501708e+00   7.8789829e+00   0.0000000e+00
   2.0120000e+03   1.0000000e+00   4.0000000e+00   1.1000000e+01   1.1000000e+01   2.2999901e+01  -5.3582123e+01  -3.8332198e+01   4.8512552e+02   1.9631588e+00   6.1657240e+00   0.0000000e+00
   2.0120000e+03   1.0000000e+00   4.0000000e+00   1.1000000e+01   1.4000000e+01   4.0000000e+00  -5.3577722e+01  -3.8333725e+01   4.9926907e+02   2.9633743e+00   3.6129513e+00   0.0000000e+00
   2.0120000e+03   1.0000000e+00   4.0000000e+00   1.1000000e+01   1.6000000e+01   4.5000099e+01  -5.3573356e+01  -3.8335314e+01   4.9637781e+02   9.2153570e-01   2.8311767e+00   0.0000000e+00
   2.0120000e+03   1.0000000e+00   4.0000000e+00   1.1000000e+01   1.9000000e+01   2.9000000e+01  -5.3568915e+01  -3.8336470e+01   4.9928864e+02   1.1262872e+00   3.4602221e+00   0.0000000e+00
   2.0120000e+03   1.0000000e+00   4.0000000e+00   1.1000000e+01   2.2000000e+01   6.0000000e+00  -5.3564641e+01  -3.8337732e+01   4.8218124e+02   7.7576068e+00   2.2376453e+01   1.2152596e+01
   2.0120000e+03   1.0000000e+00   4.0000000e+00   1.1000000e+01   2.4000000e+01   2.0000000e+01  -5.3560182e+01  -3.8339242e+01   5.0540863e+02   4.3697772e+00   5.0919995e+00   1.3870846e+00
   2.0120000e+03   1.0000000e+00   4.0000000e+00   1.1000000e+01   2.6000000e+01   1.2000000e+01  -5.3555720e+01  -3.8340801e+01   5.0640690e+02   3.7946697e+00   6.8895613e+00   0.0000000e+00
   2.0120000e+03   1.0000000e+00   4.0000000e+00   1.1000000e+01   2.7000000e+01   5.8000000e+01  -5.3551298e+01  -3.8342262e+01   5.0077783e+02   1.6604989e+00   5.1014472e+00   2.0149442e+00
   2.0120000e+03   1.0000000e+00   4.0000000e+00   1.1000000e+01   2.9000000e+01   4.3000099e+01  -5.3546918e+01  -3.8343851e+01   4.9780305e+02   2.4755345e+00   4.7513170e+00   1.5972644e+00
   2.0120000e+03   1.0000000e+00   4.0000000e+00   1.1000000e+01   3.1000000e+01   2.4000099e+01  -5.3542525e+01  -3.8345318e+01   4.9773236e+02   2.7608118e+00   4.0139963e+00   3.9915993e-01
   2.0120000e+03   1.0000000e+00   4.0000000e+00   1.1000000e+01   3.3000000e+01   2.0000000e+00  -5.3538096e+01  -3.8346760e+01   5.0120659e+02   1.6917884e+00   3.1967394e+00   9.4858881e-01
   2.0120000e+03   1.0000000e+00   4.0000000e+00   1.1000000e+01   3.4000000e+01   4.0000000e+01  -5.3533646e+01  -3.8348239e+01   5.0407172e+02   1.2020499e+00   4.0942520e+00   8.6867170e-01
   2.0120000e+03   1.0000000e+00   4.0000000e+00   1.1000000e+01   3.6000000e+01   1.7000000e+01  -5.3529220e+01  -3.8349600e+01   4.9996881e+02   1.6700505e+00   3.3548481e+00   8.2705116e-01
   2.0120000e+03   1.0000000e+00   4.0000000e+00   1.1000000e+01   3.7000000e+01   5.2999901e+01  -5.3524793e+01  -3.8350863e+01   4.9891727e+02   2.4290373e+00   7.4625800e+00   0.0000000e+00
   2.0120000e+03   1.0000000e+00   4.0000000e+00   1.1000000e+01   3.9000000e+01   2.8000000e+01  -5.3520353e+01  -3.8352229e+01   5.0163533e+02   1.0069498e+00   3.0935891e+00   0.0000000e+00
   2.0120000e+03   1.0000000e+00   4.0000000e+00   1.1000000e+01   4.1000000e+01   3.0000000e+00  -5.3515975e+01  -3.8353617e+01   4.9497817e+02   1.4506951e+00   2.8689761e+00   0.0000000e+00
   2.0120000e+03   1.0000000e+00   4.0000000e+00   1.1000000e+01   4.2000000e+01   3.9000099e+01  -5.3511582e+01  -3.8355105e+01   4.9792653e+02   1.3618816e+00   4.1840239e+00   5.4551475e-01
   2.0120000e+03   1.0000000e+00   4.0000000e+00   1.1000000e+01   4.4000000e+01   1.4000000e+01  -5.3507126e+01  -3.8356515e+01   5.0392391e+02   9.3317851e+01   2.8669462e+02   3.2571576e+01
   2.0120000e+03   1.0000000e+00   4.0000000e+00   1.1000000e+01   4.5000000e+01   4.8000000e+01  -5.3502744e+01  -3.8357920e+01   4.9563070e+02   3.2476736e+00   6.7440302e+00   1.8585079e+00
   2.0120000e+03   1.0000000e+00   4.0000000e+00   1.1000000e+01   4.7000000e+01   2.1000000e+01  -5.3498332e+01  -3.8359317e+01   4.9888078e+02   4.4816687e+00   1.3768752e+01   4.5288501e+00
   2.0120000e+03   1.0000000e+00   4.0000000e+00   1.1000000e+01   4.8000000e+01   5.6000000e+01  -5.3493909e+01  -3.8360774e+01   5.0092244e+02   4.6282728e+00   1.4219154e+01   4.6895621e+00
   2.0120000e+03   1.0000000e+00   4.0000000e+00   1.1000000e+01   5.0000000e+01   3.0000099e+01  -5.3489482e+01  -3.8362245e+01   5.0140396e+02   3.7300841e+00   1.1459705e+01   5.2140028e+00
   2.0120000e+03   1.0000000e+00   4.0000000e+00   1.1000000e+01   5.2000000e+01   3.9999008e+00  -5.3485072e+01  -3.8363680e+01   4.9915250e+02   2.1443457e+00   7.2614338e+00   3.2535278e+00
   2.0120000e+03   1.0000000e+00   4.0000000e+00   1.1000000e+01   5.3000000e+01   3.8000000e+01  -5.3480650e+01  -3.8365114e+01   5.0041529e+02   4.2181324e+00   1.1962854e+01   6.1254213e+00
   2.0120000e+03   1.0000000e+00   4.0000000e+00   1.1000000e+01   5.5000000e+01   1.1000000e+01  -5.3476259e+01  -3.8366570e+01   4.9731153e+02   4.2750099e+00   1.1798581e+01   5.2142883e+00
   2.0120000e+03   1.0000000e+00   4.0000000e+00   1.1000000e+01   5.6000000e+01   4.4000000e+01  -5.3471854e+01  -3.8368051e+01   4.9928010e+02   3.1370165e+00   9.6376605e+00   6.8528682e+00
   2.0120000e+03   1.0000000e+00   4.0000000e+00   1.1000000e+01   5.8000000e+01   1.8000000e+01  -5.3467437e+01  -3.8369552e+01   5.0070341e+02   3.1608686e+00   9.7109397e+00   7.2282112e+00
   2.0120000e+03   1.0000000e+00   4.0000000e+00   1.1000000e+01   5.9000000e+01   5.5000099e+01  -5.3463041e+01  -3.8371104e+01   4.9914464e+02   3.3882496e+00   1.0409508e+01   7.8392809e+00
   2.0120000e+03   1.0000000e+00   4.0000000e+00   1.2000000e+01   1.0000000e+00   3.1000000e+01  -5.3458645e+01  -3.8372638e+01   4.9895529e+02   3.2169374e+00   9.8831965e+00   5.3126468e+00
   2.0120000e+03   1.0000000e+00   4.0000000e+00   1.2000000e+01   3.0000000e+00   6.0000000e+00  -5.3454231e+01  -3.8374127e+01   5.0029726e+02   3.1019917e+00   9.5300559e+00   1.7460579e+00
   2.0120000e+03   1.0000000e+00   4.0000000e+00   1.2000000e+01   4.0000000e+00   4.2000099e+01  -5.3449783e+01  -3.8375434e+01   5.0174602e+02   3.8130491e+00   1.1714593e+01   8.8317739e-01
   2.0120000e+03   1.0000000e+00   4.0000000e+00   1.2000000e+01   6.0000000e+00   1.8000000e+01  -5.3445367e+01  -3.8376760e+01   4.9850630e+02   4.3707917e+00   1.3428111e+01   1.4703462e+00
   2.0120000e+03   1.0000000e+00   4.0000000e+00   1.2000000e+01   7.0000000e+00   5.6000099e+01  -5.3440954e+01  -3.8377925e+01   4.9636541e+02   3.9616657e+00   1.2194427e+01   0.0000000e+00
   2.0120000e+03   1.0000000e+00   4.0000000e+00   1.2000000e+01   9.0000000e+00   3.5000000e+01  -5.3436500e+01  -3.8379276e+01   5.0295099e+02   4.0074420e+00   1.2311814e+01   1.3935905e+00
   2.0120000e+03   1.0000000e+00   4.0000000e+00   1.2000000e+01   1.1000000e+01   1.3000000e+01  -5.3432058e+01  -3.8380624e+01   5.0153128e+02   4.1819653e+00   1.2847991e+01   1.9379929e+00
   2.0120000e+03   1.0000000e+00   4.0000000e+00   1.2000000e+01   1.2000000e+01   5.0000000e+01  -5.3427659e+01  -3.8381898e+01   4.9604801e+02   5.1116485e+00   1.6038022e+01   8.1633516e+00
   2.0120000e+03   1.0000000e+00   4.0000000e+00   1.2000000e+01   1.4000000e+01   2.8000000e+01  -5.3423225e+01  -3.8383355e+01   5.0208423e+02   2.1736157e+00   4.2133104e+00   0.0000000e+00
   2.0120000e+03   1.0000000e+00   4.0000000e+00   1.2000000e+01   1.6000000e+01   4.0000992e+00  -5.3418836e+01  -3.8384772e+01   4.9669708e+02   2.7322052e+00   4.9976257e+00   7.6871379e-01
   2.0120000e+03   1.0000000e+00   4.0000000e+00   1.2000000e+01   1.7000000e+01   4.2000000e+01  -5.3414373e+01  -3.8386301e+01   5.0611796e+02   7.1141404e+00   2.1728017e+01   2.2613114e+00
   2.0120000e+03   1.0000000e+00   4.0000000e+00   1.2000000e+01   1.9000000e+01   3.5000000e+01  -5.3409917e+01  -3.8387946e+01   5.0696702e+02   7.7253789e+00   2.2388150e+01   9.7085220e+00
   2.0120000e+03   1.0000000e+00   4.0000000e+00   1.2000000e+01   2.1000000e+01   5.9000000e+01  -5.3405527e+01  -3.8389212e+01   4.9506081e+02   1.2121840e+01   8.0539690e+00   2.0964182e+00
   2.0120000e+03   1.0000000e+00   4.0000000e+00   1.2000000e+01   2.4000000e+01   4.0000000e+01  -5.3401265e+01  -3.8390787e+01   4.8487010e+02   2.8834511e+00   9.6631253e+00   1.5359342e+00
   2.0120000e+03   1.0000000e+00   4.0000000e+00   1.2000000e+01   2.7000000e+01   2.0000000e+01  -5.3396835e+01  -3.8392240e+01   5.0163627e+02   2.5260723e+00   7.7606947e+00   0.0000000e+00
   2.0120000e+03   1.0000000e+00   4.0000000e+00   1.2000000e+01   2.9000000e+01   5.7000000e+01  -5.3392561e+01  -3.8393700e+01   4.8469607e+02   2.5286435e+00   7.9876173e+00   1.3036770e+00
   2.0120000e+03   1.0000000e+00   4.0000000e+00   1.2000000e+01   3.2000000e+01   1.6000000e+01  -5.3388127e+01  -3.8394952e+01   4.9955918e+02   1.3607734e+00   4.5664795e+00   0.0000000e+00
   2.0120000e+03   1.0000000e+00   4.0000000e+00   1.2000000e+01   3.4000000e+01   1.1000000e+01  -5.3383587e+01  -3.8396380e+01   5.1337136e+02   1.4094623e+00   4.5194359e+00   0.0000000e+00
   2.0120000e+03   1.0000000e+00   4.0000000e+00   1.2000000e+01   3.5000000e+01   5.6000000e+01  -5.3379228e+01  -3.8397832e+01   4.9380245e+02   2.0258596e+00   7.9797230e+00   9.2888211e-01
   2.0120000e+03   1.0000000e+00   4.0000000e+00   1.2000000e+01   3.7000000e+01   3.5000000e+01  -5.3374823e+01  -3.8399348e+01   4.9969015e+02   1.3876824e+00   5.3568006e+00   0.0000000e+00
   2.0120000e+03   1.0000000e+00   4.0000000e+00   1.2000000e+01   3.9000000e+01   1.3000099e+01  -5.3370424e+01  -3.8400926e+01   4.9995467e+02   2.5675710e+00   7.9267167e+00   2.0477137e+00
   2.0120000e+03   1.0000000e+00   4.0000000e+00   1.2000000e+01   4.0000000e+01   5.1000000e+01  -5.3365978e+01  -3.8402290e+01   5.0214065e+02   3.3541677e+00   1.0615380e+01   3.0567064e+00
   2.0120000e+03   1.0000000e+00   4.0000000e+00   1.2000000e+01   4.2000000e+01   2.7000099e+01  -5.3361558e+01  -3.8403608e+01   4.9889307e+02   5.7186609e+00   2.0095605e+01   4.2758240e+00
   2.0120000e+03   1.0000000e+00   4.0000000e+00   1.2000000e+01   4.4000000e+01   4.0000000e+00  -5.3357132e+01  -3.8404995e+01   5.0039017e+02   4.7427649e+00   1.5937453e+01   4.0267164e+00
   2.0120000e+03   1.0000000e+00   4.0000000e+00   1.2000000e+01   4.5000000e+01   4.1000099e+01  -5.3352707e+01  -3.8406374e+01   5.0015614e+02   4.7282525e+00   1.6387070e+01   3.7624750e+00
   2.0120000e+03   1.0000000e+00   4.0000000e+00   1.2000000e+01   4.7000000e+01   1.8000000e+01  -5.3348257e+01  -3.8407782e+01   5.0316751e+02   4.7465756e+00   1.5718087e+01   2.9856709e+00
   2.0120000e+03   1.0000000e+00   4.0000000e+00   1.2000000e+01   4.8000000e+01   5.5999901e+01  -5.3343854e+01  -3.8409167e+01   4.9779334e+02   4.0156817e+00   1.3856621e+01   6.5597609e+00
   2.0120000e+03   1.0000000e+00   4.0000000e+00   1.2000000e+01   5.0000000e+01   3.2000000e+01  -5.3339448e+01  -3.8410521e+01   4.9780991e+02   4.3449869e+00   1.3220626e+01   1.2533364e+00
   2.0120000e+03   1.0000000e+00   4.0000000e+00   1.2000000e+01   5.2000000e+01   8.0000000e+00  -5.3335023e+01  -3.8411879e+01   4.9987224e+02   4.2885811e+00   1.4479162e+01   2.6422031e+00
   2.0120000e+03   1.0000000e+00   4.0000000e+00   1.2000000e+01   5.3000000e+01   4.5000000e+01  -5.3330610e+01  -3.8413337e+01   4.9987347e+02   3.7398369e+00   1.3169231e+01   3.3435924e+00
   2.0120000e+03   1.0000000e+00   4.0000000e+00   1.2000000e+01   5.5000000e+01   2.3000099e+01  -5.3326183e+01  -3.8414807e+01   5.0152373e+02   2.8389666e+00   1.0619693e+01   2.7084882e+00
   2.0120000e+03   1.0000000e+00   4.0000000e+00   1.2000000e+01   5.7000000e+01   1.0000000e+00  -5.3321821e+01  -3.8416342e+01   4.9524019e+02   4.9534495e+00   1.6013927e+01   4.5712434e+00
   2.0120000e+03   1.0000000e+00   4.0000000e+00   1.2000000e+01   5.8000000e+01   3.7000000e+01  -5.3317395e+01  -3.8417842e+01   5.0180031e+02   5.3013073e+00   1.6785165e+01   6.3127495e+00
   2.0120000e+03   1.0000000e+00   4.0000000e+00   1.3000000e+01   0.0000000e+00   1.3000000e+01  -5.3313007e+01  -3.8419428e+01   4.9885184e+02   3.8508657e+00   1.1830775e+01   2.0643135e+00
   2.0120000e+03   1.0000000e+00   4.0000000e+00   1.3000000e+01   1.0000000e+00   5.0000000e+01  -5.3308642e+01  -3.8420968e+01   4.9569873e+02   6.9089351e+00   1.4340444e+01   4.1947650e+00
   2.0120000e+03   1.0000000e+00   4.0000000e+00   1.3000000e+01   3.0000000e+00   2.7000000e+01  -5.3304245e+01  -3.8422539e+01   4.9958033e+02   5.8702369e+00   1.8034763e+01   7.3674530e+00
   2.0120000e+03   1.0000000e+00   4.0000000e+00   1.3000000e+01   5.0000000e+00   6.0000992e+00  -5.3299819e+01  -3.8423719e+01   4.9797517e+02   2.2308779e+01   6.9513443e+01   4.6935601e+01
   2.0120000e+03   1.0000000e+00   4.0000000e+00   1.3000000e+01   6.0000000e+00   4.4000000e+01  -5.3295399e+01  -3.8425098e+01   4.9963744e+02   2.5222603e+00   9.6032560e+00   3.4461425e+00
   2.0120000e+03   1.0000000e+00   4.0000000e+00   1.3000000e+01   8.0000000e+00   2.1000099e+01  -5.3290948e+01  -3.8426474e+01   5.0296633e+02   2.4696655e+00   8.4270724e+00   2.0955355e+00
   2.0120000e+03   1.0000000e+00   4.0000000e+00   1.3000000e+01   9.0000000e+00   5.8000000e+01  -5.3286527e+01  -3.8427874e+01   4.9999246e+02   1.8900416e+00   6.1780585e+00   3.2327448e+00
   2.0120000e+03   1.0000000e+00   4.0000000e+00   1.3000000e+01   1.1000000e+01   3.4000099e+01  -5.3282079e+01  -3.8429262e+01   5.0283262e+02   5.9197598e-01   4.4992996e+00   1.8912344e+00
   2.0120000e+03   1.0000000e+00   4.0000000e+00   1.3000000e+01   1.3000000e+01   1.4000000e+01  -5.3277669e+01  -3.8430688e+01   4.9905266e+02   4.8670694e-01   2.1115866e+00   0.0000000e+00
   2.0120000e+03   1.0000000e+00   4.0000000e+00   1.3000000e+01   1.4000000e+01   5.6000099e+01  -5.3273292e+01  -3.8431977e+01   4.9391768e+02   5.0785562e-01   2.1381983e+00   0.0000000e+00
   2.0120000e+03   1.0000000e+00   4.0000000e+00   1.3000000e+01   1.6000000e+01   3.6000000e+01  -5.3268865e+01  -3.8433400e+01   5.0094644e+02   8.4778733e-01   3.2544551e+00   6.3168317e-01
   2.0120000e+03   1.0000000e+00   4.0000000e+00   1.3000000e+01   1.8000000e+01   1.5000000e+01  -5.3264434e+01  -3.8434785e+01   5.0086529e+02   1.0525052e+00   3.5565590e+00   1.6410506e+00
   2.0120000e+03   1.0000000e+00   4.0000000e+00   1.3000000e+01   1.9000000e+01   5.2000099e+01  -5.3260003e+01  -3.8436224e+01   5.0157470e+02   1.9837530e+00   6.8113732e+00   2.7066347e+00
   2.0120000e+03   1.0000000e+00   4.0000000e+00   1.3000000e+01   2.1000000e+01   2.8000000e+01  -5.3255600e+01  -3.8437657e+01   4.9847621e+02   4.1385195e+00   1.3716427e+01   2.5795009e-01
   2.0120000e+03   1.0000000e+00   4.0000000e+00   1.3000000e+01   2.3000000e+01   4.0000000e+00  -5.3251180e+01  -3.8439230e+01   5.0210055e+02   6.8476213e+01   2.1037520e+02   1.8837075e+02
   2.0120000e+03   1.0000000e+00   4.0000000e+00   1.3000000e+01   2.4000000e+01   4.2000000e+01  -5.3246819e+01  -3.8440668e+01   4.9396860e+02   3.5366671e+00   1.0865482e+01   1.4911407e+00
   2.0120000e+03   1.0000000e+00   4.0000000e+00   1.3000000e+01   2.6000000e+01   2.0000000e+01  -5.3242402e+01  -3.8442004e+01   4.9882373e+02   2.5281599e+00   7.7671081e+00   4.2359304e+00
   2.0120000e+03   1.0000000e+00   4.0000000e+00   1.3000000e+01   2.7000000e+01   5.8000000e+01  -5.3237944e+01  -3.8443354e+01   5.0343857e+02   4.5136184e+00   1.3866908e+01   6.3446392e+00
   2.0120000e+03   1.0000000e+00   4.0000000e+00   1.3000000e+01   2.9000000e+01   4.6000099e+01  -5.3233372e+01  -3.8444777e+01   5.1680640e+02   5.1101654e+00   1.6374136e+01   7.8714382e+00
   2.0120000e+03   1.0000000e+00   4.0000000e+00   1.3000000e+01   3.1000000e+01   5.9000000e+01  -5.3229030e+01  -3.8446132e+01   4.9082358e+02   7.7333446e+00   2.0998588e+01   3.3531231e+00
   2.0120000e+03   1.0000000e+00   4.0000000e+00   1.3000000e+01   3.4000000e+01   3.7000000e+01  -5.3224766e+01  -3.8447616e+01   4.8391211e+02   3.6231779e+00   7.0524904e+00   1.9753247e+00
