   2.0120000e+03   1.0000000e+00   3.0000000e+00   1.4000000e+01   4.3000000e+01   1.8000000e+01  -5.3959128e+01  -3.8527477e+01   4.9962143e+02   1.8085881e+02   5.3795967e+02   4.9880160e+02
   2.0120000e+03   1.0000000e+00   3.0000000e+00   1.4000000e+01   4.5000000e+01   0.0000000e+00  -5.3954783e+01  -3.8529168e+01   4.9525069e+02   1.0686288e+01   1.2328793e+01   8.3069747e+00
   2.0120000e+03   1.0000000e+00   3.0000000e+00   1.4000000e+01   4.6000000e+01   3.7000000e+01  -5.3950323e+01  -3.8530555e+01   5.0381435e+02   1.1185916e+01   2.2826332e+01   5.7085908e+00
   2.0120000e+03   1.0000000e+00   3.0000000e+00   1.4000000e+01   4.8000000e+01   1.1000000e+01  -5.3945897e+01  -3.8531985e+01   5.0062691e+02   7.8549000e+00   2.4666339e+01   9.9871726e+00
   2.0120000e+03   1.0000000e+00   3.0000000e+00   1.4000000e+01   4.9000000e+01   4.6000000e+01  -5.3941468e+01  -3.8533344e+01   5.0018053e+02   7.5870138e+00   2.3309110e+01   1.9743399e+01
   2.0120000e+03   1.0000000e+00   3.0000000e+00   1.4000000e+01   5.1000000e+01   2.7000000e+01  -5.3937045e+01  -3.8534568e+01   4.9788973e+02   7.2905228e+00   2.2863533e+01   1.6195200e+01
   2.0120000e+03   1.0000000e+00   3.0000000e+00   1.4000000e+01   5.3000000e+01   8.0000000e+00  -5.3932619e+01  -3.8535830e+01   4.9871025e+02   1.0039782e+01   3.0844598e+01   3.0168684e+01
   2.0120000e+03   1.0000000e+00   3.0000000e+00   1.4000000e+01   5.4000000e+01   4.7000000e+01  -5.3928217e+01  -3.8537328e+01   4.9887613e+02   9.6393999e+00   3.0215761e+01   2.9630070e+01
   2.0120000e+03   1.0000000e+00   3.0000000e+00   1.4000000e+01   5.6000000e+01   2.5000000e+01  -5.3923813e+01  -3.8538855e+01   4.9946450e+02   1.8032671e+00   6.2063502e+00   4.1330537e+00
   2.0120000e+03   1.0000000e+00   3.0000000e+00   1.4000000e+01   5.8000000e+01   3.0000000e+00  -5.3919413e+01  -3.8540302e+01   4.9802516e+02   5.5067475e-01   1.7344446e+00   5.6978227e-01
   2.0120000e+03   1.0000000e+00   3.0000000e+00   1.4000000e+01   5.9000000e+01   4.1000000e+01  -5.3914956e+01  -3.8541605e+01   5.0260869e+02   1.4143019e+00   4.3894138e+00   1.0946355e+00
   2.0120000e+03   1.0000000e+00   3.0000000e+00   1.5000000e+01   1.0000000e+00   2.0000000e+01  -5.3910546e+01  -3.8542984e+01   4.9825206e+02   8.8272323e+00   2.5341067e+01   2.0445926e+01
   2.0120000e+03   1.0000000e+00   3.0000000e+00   1.5000000e+01   2.0000000e+00   5.8000099e+01  -5.3906121e+01  -3.8544401e+01   5.0042490e+02   2.0250816e+00   5.0047318e+00   0.0000000e+00
   2.0120000e+03   1.0000000e+00   3.0000000e+00   1.5000000e+01   4.0000000e+00   3.6000000e+01  -5.3901660e+01  -3.8545822e+01   5.0434239e+02   6.5462401e-01   2.2821249e+00   2.7096436e-01
   2.0120000e+03   1.0000000e+00   3.0000000e+00   1.5000000e+01   6.0000000e+00   1.4000000e+01  -5.3897275e+01  -3.8547180e+01   4.9522806e+02   4.2380476e+00   1.1143370e+01   2.6325563e-01
   2.0120000e+03   1.0000000e+00   3.0000000e+00   1.5000000e+01   7.0000000e+00   5.0000000e+01  -5.3892867e+01  -3.8548612e+01   4.9876684e+02   2.0454712e+00   5.2307821e+00   1.6078450e+00
   2.0120000e+03   1.0000000e+00   3.0000000e+00   1.5000000e+01   9.0000000e+00   2.7000000e+01  -5.3888417e+01  -3.8549919e+01   5.0178819e+02   5.0138706e+00   3.7918530e+00   2.1108504e-01
   2.0120000e+03   1.0000000e+00   3.0000000e+00   1.5000000e+01   1.1000000e+01   6.0000000e+00  -5.3884030e+01  -3.8551535e+01   4.9885536e+02   1.0064018e+01   3.0919055e+01   4.1901812e+00
   2.0120000e+03   1.0000000e+00   3.0000000e+00   1.5000000e+01   1.2000000e+01   4.5000000e+01  -5.3879648e+01  -3.8553236e+01   4.9955742e+02   2.0248226e+00   1.4263510e+01   9.1328145e+00
   2.0120000e+03   1.0000000e+00   3.0000000e+00   1.5000000e+01   1.4000000e+01   2.4000000e+01  -5.3875232e+01  -3.8554899e+01   5.0261023e+02   2.7625153e+00   9.2813474e+00   6.5981560e+00
   2.0120000e+03   1.0000000e+00   3.0000000e+00   1.5000000e+01   1.6000000e+01   1.0000000e+00  -5.3870830e+01  -3.8556191e+01   4.9646040e+02   1.8498253e+01   5.2423508e+01   2.5640355e+01
   2.0120000e+03   1.0000000e+00   3.0000000e+00   1.5000000e+01   1.7000000e+01   3.9000000e+01  -5.3866420e+01  -3.8557627e+01   4.9891331e+02   8.6721770e+00   2.7058479e+01   6.8810778e+00
   2.0120000e+03   1.0000000e+00   3.0000000e+00   1.5000000e+01   1.9000000e+01   1.7000000e+01  -5.3862014e+01  -3.8559074e+01   4.9871574e+02   1.6996390e+00   5.5215972e+00   2.1372290e+00
   2.0120000e+03   1.0000000e+00   3.0000000e+00   1.5000000e+01   2.0000000e+01   5.4000000e+01  -5.3857592e+01  -3.8560521e+01   5.0046427e+02   1.7267530e+00   2.9207981e+00   2.1607268e+00
   2.0120000e+03   1.0000000e+00   3.0000000e+00   1.5000000e+01   2.2000000e+01   3.0000000e+01  -5.3853170e+01  -3.8562047e+01   5.0143397e+02   8.9373765e-01   1.2929314e+00   6.5890904e-01
   2.0120000e+03   1.0000000e+00   3.0000000e+00   1.5000000e+01   2.4000000e+01   6.0000000e+00  -5.3848751e+01  -3.8563434e+01   4.9937738e+02   1.7226255e+00   3.9601837e+00   6.6915951e-01
   2.0120000e+03   1.0000000e+00   3.0000000e+00   1.5000000e+01   2.5000000e+01   4.2000000e+01  -5.3844344e+01  -3.8564776e+01   4.9760475e+02   9.1407594e-01   2.8082586e+00   1.7938777e+00
   2.0120000e+03   1.0000000e+00   3.0000000e+00   1.5000000e+01   2.7000000e+01   2.0000000e+01  -5.3839916e+01  -3.8566194e+01   5.0068878e+02   2.0684165e+01   6.3546673e+01   1.8744916e+00
   2.0120000e+03   1.0000000e+00   3.0000000e+00   1.5000000e+01   2.8000000e+01   5.9000000e+01  -5.3835490e+01  -3.8567549e+01   4.9979129e+02   2.4156244e+01   7.4213722e+01   7.0444065e+01
   2.0120000e+03   1.0000000e+00   3.0000000e+00   1.5000000e+01   3.0000000e+01   3.7000000e+01  -5.3831075e+01  -3.8569023e+01   4.9999157e+02   4.2162075e+00   1.3009775e+01   9.9103183e+00
   2.0120000e+03   1.0000000e+00   3.0000000e+00   1.5000000e+01   3.2000000e+01   1.2000000e+01  -5.3826670e+01  -3.8570546e+01   4.9965567e+02   2.4159415e+01   7.4223466e+01   6.3882523e+01
   2.0120000e+03   1.0000000e+00   3.0000000e+00   1.5000000e+01   3.3000000e+01   4.7000000e+01  -5.3822248e+01  -3.8571883e+01   4.9905168e+02   2.8480756e+00   8.7499653e+00   0.0000000e+00
   2.0120000e+03   1.0000000e+00   3.0000000e+00   1.5000000e+01   3.5000000e+01   2.4000000e+01  -5.3817847e+01  -3.8573222e+01   4.9691616e+02   4.5158111e+01   1.3912650e+02   1.3007254e+02
   2.0120000e+03   1.0000000e+00   3.0000000e+00   1.5000000e+01   3.7000000e+01   2.0000000e+00  -5.3813410e+01  -3.8574588e+01   5.0109321e+02   3.1435277e+00   1.0323811e+01   6.8825088e+00
   2.0120000e+03   1.0000000e+00   3.0000000e+00   1.5000000e+01   3.8000000e+01   3.9000000e+01  -5.3808966e+01  -3.8575938e+01   5.0175316e+02   4.0037877e+00   1.2385369e+01   1.0984430e+01
   2.0120000e+03   1.0000000e+00   3.0000000e+00   1.5000000e+01   4.0000000e+01   1.6000000e+01  -5.3804566e+01  -3.8577269e+01   4.9662950e+02   1.8898016e+01   5.8144951e+01   4.6215667e+01
   2.0120000e+03   1.0000000e+00   3.0000000e+00   1.5000000e+01   4.1000000e+01   5.5000000e+01  -5.3800133e+01  -3.8578663e+01   5.0105099e+02   6.2693452e+00   1.9342942e+01   1.6651901e+01
   2.0120000e+03   1.0000000e+00   3.0000000e+00   1.5000000e+01   4.3000000e+01   3.4000000e+01  -5.3795670e+01  -3.8579947e+01   5.0299319e+02   1.2079901e+00   3.7112327e+00   1.4417214e+00
   2.0120000e+03   1.0000000e+00   3.0000000e+00   1.5000000e+01   4.5000000e+01   1.3000000e+01  -5.3791265e+01  -3.8581236e+01   4.9671858e+02   1.4023181e+04   4.3082545e+04   4.3079259e+04
   2.0120000e+03   1.0000000e+00   3.0000000e+00   1.5000000e+01   4.6000000e+01   5.2000000e+01  -5.3786828e+01  -3.8582561e+01   5.0069923e+02   4.6231127e+03   1.4202668e+04   1.4202668e+04
   2.0120000e+03   1.0000000e+00   3.0000000e+00   1.5000000e+01   4.8000000e+01   3.1000000e+01  -5.3782437e+01  -3.8583884e+01   4.9554052e+02   2.5746157e+00   8.1241893e+00   2.2831227e+00
   2.0120000e+03   1.0000000e+00   3.0000000e+00   1.5000000e+01   5.0000000e+01   7.0000992e+00  -5.3778005e+01  -3.8585176e+01   4.9980650e+02   3.3832367e+00   1.0525304e+01   8.2426811e+00
   2.0120000e+03   1.0000000e+00   3.0000000e+00   1.5000000e+01   5.1000000e+01   4.3000000e+01  -5.3773555e+01  -3.8586505e+01   5.0215227e+02   1.3329751e+00   4.0952162e+00   8.0404051e-01
   2.0120000e+03   1.0000000e+00   3.0000000e+00   1.5000000e+01   5.3000000e+01   1.8000000e+01  -5.3769101e+01  -3.8587848e+01   5.0263569e+02   1.4734091e+00   4.6318399e+00   2.2477950e-01
   2.0120000e+03   1.0000000e+00   3.0000000e+00   1.5000000e+01   5.4000000e+01   5.6000099e+01  -5.3764727e+01  -3.8589402e+01   4.9673252e+02   8.5904069e-01   2.2920268e+00   7.0741207e-01
   2.0120000e+03   1.0000000e+00   3.0000000e+00   1.5000000e+01   5.6000000e+01   3.6000000e+01  -5.3760307e+01  -3.8590969e+01   5.0178029e+02   6.8003192e+01   2.0892197e+02   1.9416730e+02
   2.0120000e+03   1.0000000e+00   3.0000000e+00   1.5000000e+01   5.8000000e+01   1.7000099e+01  -5.3755911e+01  -3.8592773e+01   5.0265609e+02   1.7649442e+00   5.4223280e+00   2.0922500e-01
   2.0120000e+03   1.0000000e+00   3.0000000e+00   1.5000000e+01   5.9000000e+01   5.7000000e+01  -5.3751538e+01  -3.8594218e+01   4.9511894e+02   7.6591401e+00   1.1727016e+01   5.5236723e-01
   2.0120000e+03   1.0000000e+00   3.0000000e+00   1.6000000e+01   1.0000000e+00   3.6000000e+01  -5.3747123e+01  -3.8595484e+01   4.9759733e+02   6.1715766e+00   7.7171126e+00   1.2139460e-01
   2.0120000e+03   1.0000000e+00   3.0000000e+00   1.6000000e+01   3.0000000e+00   1.3000000e+01  -5.3742682e+01  -3.8596700e+01   4.9986924e+02   6.0847640e+00   1.2990747e+01   0.0000000e+00
   2.0120000e+03   1.0000000e+00   3.0000000e+00   1.6000000e+01   4.0000000e+00   4.8000099e+01  -5.3738260e+01  -3.8598032e+01   4.9916100e+02   5.6766438e+00   7.6347928e+00   2.3644537e-01
   2.0120000e+03   1.0000000e+00   3.0000000e+00   1.6000000e+01   6.0000000e+00   2.3000000e+01  -5.3733832e+01  -3.8599320e+01   4.9920885e+02   9.2006686e+00   2.1593356e+01   7.7419388e-02
   2.0120000e+03   1.0000000e+00   3.0000000e+00   1.6000000e+01   7.0000000e+00   5.9000000e+01  -5.3729379e+01  -3.8600640e+01   5.0241010e+02   8.5073797e+00   1.3706287e+01   4.0637952e-01
   2.0120000e+03   1.0000000e+00   3.0000000e+00   1.6000000e+01   9.0000000e+00   3.8000000e+01  -5.3724950e+01  -3.8602012e+01   5.0036021e+02   9.9208990e+00   2.7032617e+01   2.8366053e-01
   2.0120000e+03   1.0000000e+00   3.0000000e+00   1.6000000e+01   1.1000000e+01   1.8000000e+01  -5.3720552e+01  -3.8603592e+01   4.9961642e+02   4.3789251e+01   1.2861803e+02   2.2130515e+01
   2.0120000e+03   1.0000000e+00   3.0000000e+00   1.6000000e+01   1.2000000e+01   5.6000099e+01  -5.3716184e+01  -3.8605350e+01   4.9890112e+02   1.1152727e+01   2.9797096e+01   0.0000000e+00
   2.0120000e+03   1.0000000e+00   3.0000000e+00   1.6000000e+01   1.4000000e+01   3.4000000e+01  -5.3711814e+01  -3.8607018e+01   4.9790625e+02   9.0939932e+00   2.7938909e+01   4.9874177e+00
   2.0120000e+03   1.0000000e+00   3.0000000e+00   1.6000000e+01   1.6000000e+01   1.2999901e+01  -5.3707421e+01  -3.8608641e+01   4.9960496e+02   2.9900316e+00   6.8289958e+00   2.9877540e-01
   2.0120000e+03   1.0000000e+00   3.0000000e+00   1.6000000e+01   1.7000000e+01   5.3000099e+01  -5.3703026e+01  -3.8610263e+01   4.9991853e+02   5.0748547e+00   1.0348761e+01   7.0494385e-01
   2.0120000e+03   1.0000000e+00   3.0000000e+00   1.6000000e+01   1.9000000e+01   3.3000000e+01  -5.3698653e+01  -3.8611909e+01   4.9784449e+02   1.1398559e+01   1.9521472e+01   2.2902678e+00
   2.0120000e+03   1.0000000e+00   3.0000000e+00   1.6000000e+01   2.1000000e+01   1.2000000e+01  -5.3694223e+01  -3.8613234e+01   4.9990674e+02   4.0744322e+00   1.3705954e+01   4.4380884e-01
   2.0120000e+03   1.0000000e+00   3.0000000e+00   1.6000000e+01   2.2000000e+01   5.2000000e+01  -5.3689789e+01  -3.8614623e+01   5.0116979e+02   8.3029858e+00   2.0761253e+01   7.8803063e+00
   2.0120000e+03   1.0000000e+00   3.0000000e+00   1.6000000e+01   2.4000000e+01   3.0000000e+01  -5.3685394e+01  -3.8615921e+01   4.9579745e+02   4.6434903e+00   2.6027992e+01   3.8064372e+00
   2.0120000e+03   1.0000000e+00   3.0000000e+00   1.6000000e+01   2.6000000e+01   6.0000000e+00  -5.3680915e+01  -3.8617084e+01   5.0356336e+02   1.4119443e+00   4.5743228e+00   4.0398382e-01
   2.0120000e+03   1.0000000e+00   3.0000000e+00   1.6000000e+01   2.7000000e+01   4.1000000e+01  -5.3676454e+01  -3.8618295e+01   5.0199473e+02   1.9966037e+00   6.1340413e+00   8.0187188e-02
   2.0120000e+03   1.0000000e+00   3.0000000e+00   1.6000000e+01   2.9000000e+01   1.7000099e+01  -5.3672005e+01  -3.8619472e+01   5.0038955e+02   3.3591534e+00   1.0873908e+01   3.8326383e-01
   2.0120000e+03   1.0000000e+00   3.0000000e+00   1.6000000e+01   3.0000000e+01   5.4000000e+01  -5.3667589e+01  -3.8620729e+01   4.9767346e+02   3.4220608e+00   1.0513384e+01   1.0268704e+00
   2.0120000e+03   1.0000000e+00   3.0000000e+00   1.6000000e+01   3.2000000e+01   3.2999901e+01  -5.3663140e+01  -3.8622010e+01   5.0155092e+02   6.8068414e+00   2.0912235e+01   4.5072884e-01
   2.0120000e+03   1.0000000e+00   3.0000000e+00   1.6000000e+01   3.4000000e+01   1.3000099e+01  -5.3658747e+01  -3.8623250e+01   4.9495151e+02   6.8374623e+00   2.1216350e+01   3.1452160e+00
   2.0120000e+03   1.0000000e+00   3.0000000e+00   1.6000000e+01   3.5000000e+01   5.3000000e+01  -5.3654325e+01  -3.8624486e+01   4.9800713e+02   3.8369032e+00   1.1956351e+01   3.3828727e+00
   2.0120000e+03   1.0000000e+00   3.0000000e+00   1.6000000e+01   3.7000000e+01   3.1000000e+01  -5.3649927e+01  -3.8625945e+01   4.9811062e+02   4.0102210e+00   1.2470449e+01   1.1588166e+00
   2.0120000e+03   1.0000000e+00   3.0000000e+00   1.6000000e+01   3.9000000e+01   9.0000992e+00  -5.3645507e+01  -3.8627493e+01   5.0159840e+02   7.0904487e+00   2.1857239e+01   5.3372324e+00
   2.0120000e+03   1.0000000e+00   3.0000000e+00   1.6000000e+01   4.0000000e+01   4.5000000e+01  -5.3641112e+01  -3.8629069e+01   4.9931102e+02   1.8943634e+01   4.2979958e+01   5.4636600e-01
   2.0120000e+03   1.0000000e+00   3.0000000e+00   1.6000000e+01   4.2000000e+01   2.0000000e+01  -5.3636706e+01  -3.8630536e+01   4.9902164e+02   9.0267750e+00   1.5582554e+01   5.4490557e-01
   2.0120000e+03   1.0000000e+00   3.0000000e+00   1.6000000e+01   4.3000000e+01   5.5000000e+01  -5.3632250e+01  -3.8631955e+01   5.0390185e+02   1.0107312e+01   2.9229484e+01   3.4395151e+00
   2.0120000e+03   1.0000000e+00   3.0000000e+00   1.6000000e+01   4.5000000e+01   3.1000000e+01  -5.3627844e+01  -3.8633195e+01   4.9638710e+02   6.5747826e+00   1.7499882e+01   8.3731363e-01
   2.0120000e+03   1.0000000e+00   3.0000000e+00   1.6000000e+01   4.7000000e+01   8.0000000e+00  -5.3623375e+01  -3.8634575e+01   5.0483931e+02   2.7297320e+01   3.7271845e+01   6.4816693e-01
   2.0120000e+03   1.0000000e+00   3.0000000e+00   1.6000000e+01   4.8000000e+01   4.3999901e+01  -5.3618981e+01  -3.8635940e+01   4.9641722e+02   1.9156752e+01   5.8854096e+01   2.1544250e+00
   2.0120000e+03   1.0000000e+00   3.0000000e+00   1.6000000e+01   5.0000000e+01   1.9000000e+01  -5.3614578e+01  -3.8637321e+01   4.9764078e+02   4.5424269e+00   7.7388964e+00   1.6399932e+00
   2.0120000e+03   1.0000000e+00   3.0000000e+00   1.6000000e+01   5.1000000e+01   5.4000000e+01  -5.3610147e+01  -3.8638753e+01   5.0136020e+02   5.0328208e+00   1.5462022e+01   1.7879525e+00
   2.0120000e+03   1.0000000e+00   3.0000000e+00   1.6000000e+01   5.3000000e+01   3.0000099e+01  -5.3605715e+01  -3.8640125e+01   5.0071569e+02   2.9674933e+00   9.1168449e+00   2.0424306e-01
   2.0120000e+03   1.0000000e+00   3.0000000e+00   1.6000000e+01   5.5000000e+01   9.0000000e+00  -5.3601290e+01  -3.8641522e+01   5.0027819e+02   2.0495033e+00   6.2965613e+00   0.0000000e+00
   2.0120000e+03   1.0000000e+00   3.0000000e+00   1.6000000e+01   5.6000000e+01   4.9000000e+01  -5.3596875e+01  -3.8642757e+01   4.9737213e+02   2.5516788e+00   7.8393640e+00   6.8601488e-01
   2.0120000e+03   1.0000000e+00   3.0000000e+00   1.6000000e+01   5.8000000e+01   3.0000000e+01  -5.3592471e+01  -3.8644171e+01   4.9808339e+02   3.8966996e+00   1.1971587e+01   1.2229657e+00
   2.0120000e+03   1.0000000e+00   3.0000000e+00   1.7000000e+01   0.0000000e+00   1.0000000e+01  -5.3588063e+01  -3.8645545e+01   4.9816544e+02   2.3996935e+00   8.1152777e+00   0.0000000e+00
   2.0120000e+03   1.0000000e+00   3.0000000e+00   1.7000000e+01   1.0000000e+00   4.9000099e+01  -5.3583635e+01  -3.8646920e+01   5.0031900e+02   1.5883796e+00   4.6315323e+00   0.0000000e+00
   2.0120000e+03   1.0000000e+00   3.0000000e+00   1.7000000e+01   3.0000000e+00   2.8000000e+01  -5.3579182e+01  -3.8648345e+01   5.0370848e+02   1.7189183e+00   5.2809256e+00   0.0000000e+00
   2.0120000e+03   1.0000000e+00   3.0000000e+00   1.7000000e+01   5.0000000e+00   7.0000000e+00  -5.3574763e+01  -3.8649695e+01   4.9903143e+02   1.4645674e+00   1.5271136e+00   0.0000000e+00
   2.0120000e+03   1.0000000e+00   3.0000000e+00   1.7000000e+01   6.0000000e+00   4.5000099e+01  -5.3570349e+01  -3.8651181e+01   5.0016166e+02   8.6590493e-01   3.1496603e+00   0.0000000e+00
   2.0120000e+03   1.0000000e+00   3.0000000e+00   1.7000000e+01   8.0000000e+00   2.3000000e+01  -5.3565965e+01  -3.8652738e+01   4.9786625e+02   6.5508717e-01   2.2092759e+00   0.0000000e+00
   2.0120000e+03   1.0000000e+00   3.0000000e+00   1.7000000e+01   1.0000000e+01   1.0000000e+00  -5.3561533e+01  -3.8654260e+01   5.0266796e+02   1.1001912e+00   3.5790265e+00   0.0000000e+00
   2.0120000e+03   1.0000000e+00   3.0000000e+00   1.7000000e+01   1.1000000e+01   3.9000099e+01  -5.3557118e+01  -3.8655778e+01   5.0072607e+02   2.5917034e+00   7.9623290e+00   2.2703010e+00
   2.0120000e+03   1.0000000e+00   3.0000000e+00   1.7000000e+01   1.3000000e+01   1.6000000e+01  -5.3552727e+01  -3.8657173e+01   4.9652443e+02   1.9662679e+00   6.0408424e+00   1.2787493e+00
   2.0120000e+03   1.0000000e+00   3.0000000e+00   1.7000000e+01   1.4000000e+01   5.2000000e+01  -5.3548335e+01  -3.8658577e+01   4.9674391e+02   2.8617369e+00   8.7919359e+00   2.3043469e+00
   2.0120000e+03   1.0000000e+00   3.0000000e+00   1.7000000e+01   1.6000000e+01   2.9000000e+01  -5.3543910e+01  -3.8660045e+01   5.0114690e+02   6.5149184e+00   1.1606479e+01   2.1837830e+00
   2.0120000e+03   1.0000000e+00   3.0000000e+00   1.7000000e+01   1.8000000e+01   6.0000000e+00  -5.3539494e+01  -3.8661434e+01   4.9919670e+02   3.3472025e+00   7.4136924e+00   1.7745972e+00
   2.0120000e+03   1.0000000e+00   3.0000000e+00   1.7000000e+01   1.9000000e+01   4.4000000e+01  -5.3535062e+01  -3.8662902e+01   5.0200543e+02   2.8725969e+00   6.4744768e+00   0.0000000e+00
   2.0120000e+03   1.0000000e+00   3.0000000e+00   1.7000000e+01   2.1000000e+01   2.2000000e+01  -5.3530634e+01  -3.8664394e+01   5.0179654e+02   3.7895656e+00   9.8620894e+00   2.0862463e+00
   2.0120000e+03   1.0000000e+00   3.0000000e+00   1.7000000e+01   2.2000000e+01   5.9000000e+01  -5.3526244e+01  -3.8665901e+01   4.9787100e+02   3.7834673e+00   8.6198231e+00   0.0000000e+00
   2.0120000e+03   1.0000000e+00   3.0000000e+00   1.7000000e+01   2.4000000e+01   3.6000000e+01  -5.3521838e+01  -3.8667255e+01   4.9769783e+02   6.6697184e+00   2.0490961e+01   0.0000000e+00
   2.0120000e+03   1.0000000e+00   3.0000000e+00   1.7000000e+01   2.6000000e+01   1.4000000e+01  -5.3517428e+01  -3.8668757e+01   4.9999879e+02   1.8080641e+00   5.5548028e+00   0.0000000e+00
   2.0120000e+03   1.0000000e+00   3.0000000e+00   1.7000000e+01   2.7000000e+01   5.1000099e+01  -5.3513021e+01  -3.8670231e+01   4.9923095e+02   2.2468265e+00   9.4478436e+00   2.8517862e+00
   2.0120000e+03   1.0000000e+00   3.0000000e+00   1.7000000e+01   2.9000000e+01   2.8000000e+01  -5.3508576e+01  -3.8671705e+01   5.0345410e+02   3.9807783e+00   1.2529984e+01   7.5891966e+00
   2.0120000e+03   1.0000000e+00   3.0000000e+00   1.7000000e+01   3.1000000e+01   7.0000000e+00  -5.3504184e+01  -3.8673093e+01   4.9656823e+02   5.0515523e+00   1.1561655e+01   0.0000000e+00
   2.0120000e+03   1.0000000e+00   3.0000000e+00   1.7000000e+01   3.2000000e+01   5.0000000e+01  -5.3499794e+01  -3.8674500e+01   4.9660410e+02   1.8274488e+00   5.7850479e+00   0.0000000e+00
   2.0120000e+03   1.0000000e+00   3.0000000e+00   1.7000000e+01   3.4000000e+01   3.1000000e+01  -5.3495392e+01  -3.8675892e+01   4.9779143e+02   2.1750478e+00   6.7499694e+00   0.0000000e+00
   2.0120000e+03   1.0000000e+00   3.0000000e+00   1.7000000e+01   3.6000000e+01   8.0000000e+00  -5.3490926e+01  -3.8677295e+01   5.0480038e+02   1.4177930e+00   2.4706405e+00   2.8862396e-01
   2.0120000e+03   1.0000000e+00   3.0000000e+00   1.7000000e+01   3.7000000e+01   4.3000099e+01  -5.3486464e+01  -3.8678584e+01   5.0307118e+02   1.5491262e+00   4.7592838e+00   1.0163599e+00
   2.0120000e+03   1.0000000e+00   3.0000000e+00   1.7000000e+01   3.9000000e+01   1.9000000e+01  -5.3482062e+01  -3.8679912e+01   4.9703628e+02   2.0313826e+00   4.1927945e+00   0.0000000e+00
   2.0120000e+03   1.0000000e+00   3.0000000e+00   1.7000000e+01   4.0000000e+01   5.7000099e+01  -5.3477640e+01  -3.8681136e+01   4.9796660e+02   1.5262758e+00   4.6890820e+00   1.3964943e+00
   2.0120000e+03   1.0000000e+00   3.0000000e+00   1.7000000e+01   4.2000000e+01   3.5000000e+01  -5.3473223e+01  -3.8682397e+01   4.9786296e+02   3.2287153e+00   6.1230862e+00   1.2148423e+00
   2.0120000e+03   1.0000000e+00   3.0000000e+00   1.7000000e+01   4.4000000e+01   1.2000099e+01  -5.3468784e+01  -3.8683875e+01   5.0284737e+02   2.5103433e+00   7.7123712e+00   1.8486801e+00
   2.0120000e+03   1.0000000e+00   3.0000000e+00   1.7000000e+01   4.5000000e+01   4.9000000e+01  -5.3464364e+01  -3.8685327e+01   5.0040675e+02   1.9518506e+00   6.1546348e+00   2.3075433e+00
   2.0120000e+03   1.0000000e+00   3.0000000e+00   1.7000000e+01   4.7000000e+01   2.6999901e+01  -5.3459981e+01  -3.8686740e+01   4.9602759e+02   9.9414613e-01   3.0542532e+00   5.0924426e-01
   2.0120000e+03   1.0000000e+00   3.0000000e+00   1.7000000e+01   4.9000000e+01   6.0000000e+00  -5.3455570e+01  -3.8688194e+01   4.9939879e+02   1.4924082e+00   2.8716529e+00   2.4428214e-01
   2.0120000e+03   1.0000000e+00   3.0000000e+00   1.7000000e+01   5.0000000e+01   4.4000000e+01  -5.3451141e+01  -3.8689657e+01   5.0160971e+02   1.3031844e+00   4.4397579e+00   1.2314856e+00
   2.0120000e+03   1.0000000e+00   3.0000000e+00   1.7000000e+01   5.2000000e+01   2.1000000e+01  -5.3446716e+01  -3.8691151e+01   5.0156104e+02   1.9891230e+00   4.5524375e+00   1.4362233e+00
   2.0120000e+03   1.0000000e+00   3.0000000e+00   1.7000000e+01   5.3000000e+01   5.6000000e+01  -5.3442314e+01  -3.8692576e+01   4.9815887e+02   2.6467944e+00   4.9583343e+00   0.0000000e+00
   2.0120000e+03   1.0000000e+00   3.0000000e+00   1.7000000e+01   5.5000000e+01   3.4000000e+01  -5.3437911e+01  -3.8693835e+01   4.9636129e+02   1.8759249e+00   4.8399921e+00   1.3719282e+00
   2.0120000e+03   1.0000000e+00   3.0000000e+00   1.7000000e+01   5.7000000e+01   1.5000000e+01  -5.3433461e+01  -3.8695139e+01   5.0192414e+02   4.4485160e+00   1.4741930e+01   1.9554250e+00
   2.0120000e+03   1.0000000e+00   3.0000000e+00   1.7000000e+01   5.8000000e+01   5.5000000e+01  -5.3429020e+01  -3.8696441e+01   5.0097421e+02   4.4431283e+00   8.9493524e+00   5.4604655e+00
   2.0120000e+03   1.0000000e+00   3.0000000e+00   1.8000000e+01   0.0000000e+00   3.6000000e+01  -5.3424605e+01  -3.8697804e+01   4.9882429e+02   3.5619384e+00   1.0083896e+01   2.5755123e+00
   2.0120000e+03   1.0000000e+00   3.0000000e+00   1.8000000e+01   2.0000000e+00   1.6000000e+01  -5.3420182e+01  -3.8699135e+01   4.9929111e+02   7.1284561e+00   2.1900312e+01   9.1772483e+00
   2.0120000e+03   1.0000000e+00   3.0000000e+00   1.8000000e+01   3.0000000e+00   5.5999901e+01  -5.3415753e+01  -3.8700551e+01   5.0097229e+02   2.6694970e+01   8.2013293e+01   4.7157162e+00
   2.0120000e+03   1.0000000e+00   3.0000000e+00   1.8000000e+01   5.0000000e+00   3.4000000e+01  -5.3411382e+01  -3.8701857e+01   4.9342021e+02   4.0862806e+00   1.2554025e+01   4.4503444e+00
   2.0120000e+03   1.0000000e+00   3.0000000e+00   1.8000000e+01   7.0000000e+00   1.2000000e+01  -5.3406939e+01  -3.8703202e+01   5.0165026e+02   3.3048968e+00   1.0153429e+01   7.6624908e+00
   2.0120000e+03   1.0000000e+00   3.0000000e+00   1.8000000e+01   8.0000000e+00   5.1000099e+01  -5.3402518e+01  -3.8704607e+01   5.0003232e+02   6.3351922e+00   1.9463216e+01   1.3693048e+01
   2.0120000e+03   1.0000000e+00   3.0000000e+00   1.8000000e+01   1.0000000e+01   2.9000000e+01  -5.3398089e+01  -3.8706019e+01   5.0098269e+02   6.5927746e+00   1.4788042e+01   6.2186568e+00
   2.0120000e+03   1.0000000e+00   3.0000000e+00   1.8000000e+01   1.2000000e+01   5.0000000e+00  -5.3393673e+01  -3.8707398e+01   4.9907323e+02   2.6245468e+00   1.1619305e+01   7.4797710e+00
   2.0120000e+03   1.0000000e+00   3.0000000e+00   1.8000000e+01   1.3000000e+01   4.1000000e+01  -5.3389245e+01  -3.8708842e+01   5.0127530e+02   1.5638886e+00   5.0903680e+00   2.8573063e-01
   2.0120000e+03   1.0000000e+00   3.0000000e+00   1.8000000e+01   1.5000000e+01   1.6000000e+01  -5.3384833e+01  -3.8710249e+01   4.9900267e+02   2.5168627e+00   8.9424529e+00   2.4576817e+00
   2.0120000e+03   1.0000000e+00   3.0000000e+00   1.8000000e+01   1.6000000e+01   5.3000000e+01  -5.3380429e+01  -3.8711708e+01   4.9891900e+02   3.8214652e+00   1.6238786e+01   7.3331331e+00
   2.0120000e+03   1.0000000e+00   3.0000000e+00   1.8000000e+01   1.8000000e+01   2.8000000e+01  -5.3376025e+01  -3.8713175e+01   4.9893001e+02   2.2784408e+00   9.8275529e+00   2.8276412e+00
   2.0120000e+03   1.0000000e+00   3.0000000e+00   1.8000000e+01   2.0000000e+01   3.0000000e+00  -5.3371618e+01  -3.8714680e+01   4.9973257e+02   1.6358170e+00   7.0237891e+00   3.8156259e+00
   2.0120000e+03   1.0000000e+00   3.0000000e+00   1.8000000e+01   2.1000000e+01   3.8000099e+01  -5.3367224e+01  -3.8716180e+01   4.9829380e+02   2.3073273e+00   7.6259247e+00   2.6707848e+00
   2.0120000e+03   1.0000000e+00   3.0000000e+00   1.8000000e+01   2.3000000e+01   1.5000000e+01  -5.3362791e+01  -3.8717633e+01   5.0195786e+02   2.7992420e+00   8.5999369e+00   5.1990744e+00
   2.0120000e+03   1.0000000e+00   3.0000000e+00   1.8000000e+01   2.4000000e+01   5.1000099e+01  -5.3358353e+01  -3.8718991e+01   5.0123824e+02   2.6583780e+00   6.3131891e+00   3.5950901e+00
   2.0120000e+03   1.0000000e+00   3.0000000e+00   1.8000000e+01   2.6000000e+01   2.8000000e+01  -5.3353921e+01  -3.8720356e+01   5.0077783e+02   6.7907371e+00   2.2834884e+01   1.9453609e+01
   2.0120000e+03   1.0000000e+00   3.0000000e+00   1.8000000e+01   2.8000000e+01   4.0000000e+00  -5.3349511e+01  -3.8721581e+01   4.9672233e+02   4.7671594e+00   1.4645847e+01   1.0860870e+01
   2.0120000e+03   1.0000000e+00   3.0000000e+00   1.8000000e+01   2.9000000e+01   4.2000000e+01  -5.3345079e+01  -3.8722802e+01   4.9913339e+02   7.4049111e+00   2.3026392e+01   1.4787384e+01
   2.0120000e+03   1.0000000e+00   3.0000000e+00   1.8000000e+01   3.1000000e+01   2.0000000e+01  -5.3340634e+01  -3.8724015e+01   5.0040322e+02   6.0823473e+00   1.8686417e+01   1.2161225e+01
   2.0120000e+03   1.0000000e+00   3.0000000e+00   1.8000000e+01   3.2000000e+01   5.9000000e+01  -5.3336177e+01  -3.8725146e+01   5.0095091e+02   2.0842625e+00   9.6541978e+00   5.8683855e+00
   2.0120000e+03   1.0000000e+00   3.0000000e+00   1.8000000e+01   3.4000000e+01   3.9000000e+01  -5.3331746e+01  -3.8726388e+01   4.9918728e+02   1.7180288e+00   6.7285797e+00   5.2209283e+00
   2.0120000e+03   1.0000000e+00   3.0000000e+00   1.8000000e+01   3.6000000e+01   2.0000000e+01  -5.3327325e+01  -3.8727738e+01   4.9931480e+02   2.3265514e+00   7.9821968e+00   8.3269780e-01
   2.0120000e+03   1.0000000e+00   3.0000000e+00   1.8000000e+01   3.8000000e+01   0.0000000e+00  -5.3322892e+01  -3.8729150e+01   5.0143238e+02   2.9099411e+00   9.3010211e+00   1.3244440e+00
   2.0120000e+03   1.0000000e+00   3.0000000e+00   1.8000000e+01   3.9000000e+01   3.8000000e+01  -5.3318553e+01  -3.8730648e+01   4.9232076e+02   9.6311919e+00   4.9693345e+00   4.1007523e+00
   2.0120000e+03   1.0000000e+00   3.0000000e+00   1.8000000e+01   4.1000000e+01   1.6000000e+01  -5.3314112e+01  -3.8732202e+01   5.0422470e+02   3.8205949e+00   6.7821782e+00   1.4605764e+00
   2.0120000e+03   1.0000000e+00   3.0000000e+00   1.8000000e+01   4.2000000e+01   5.3000099e+01  -5.3309689e+01  -3.8733825e+01   5.0314373e+02   2.4330259e+00   9.7654074e+00   7.0251760e+00
   2.0120000e+03   1.0000000e+00   3.0000000e+00   1.8000000e+01   4.4000000e+01   3.0000000e+01  -5.3305267e+01  -3.8735452e+01   5.0306505e+02   6.7923146e+00   1.1896509e+01   6.1619989e+00
   2.0120000e+03   1.0000000e+00   3.0000000e+00   1.8000000e+01   4.6000000e+01   9.0000992e+00  -5.3300959e+01  -3.8737136e+01   4.9163702e+02   2.2611113e+00   8.4425334e+00   3.6802362e+00
   2.0120000e+03   1.0000000e+00   3.0000000e+00   1.8000000e+01   4.7000000e+01   4.8000000e+01  -5.3296562e+01  -3.8738585e+01   4.9791803e+02   4.1486947e+00   5.6870075e+00   0.0000000e+00
   2.0120000e+03   1.0000000e+00   3.0000000e+00   1.8000000e+01   4.9000000e+01   2.8000000e+01  -5.3292084e+01  -3.8739952e+01   5.0580191e+02   3.7256612e+00   5.2710012e+00   0.0000000e+00
   2.0120000e+03   1.0000000e+00   3.0000000e+00   1.8000000e+01   5.1000000e+01   7.0000000e+00  -5.3287650e+01  -3.8741099e+01   4.9861885e+02   5.1336758e+00   7.1538342e+00   0.0000000e+00
   2.0120000e+03   1.0000000e+00   3.0000000e+00   1.8000000e+01   5.2000000e+01   4.5000000e+01  -5.3283204e+01  -3.8742164e+01   4.9900642e+02   3.1011380e+00   9.5274331e+00   6.9258178e-01
   2.0120000e+03   1.0000000e+00   3.0000000e+00   1.8000000e+01   5.4000000e+01   2.3000000e+01  -5.3278776e+01  -3.8743405e+01   4.9895758e+02   2.7347230e+00   3.1980083e+00   0.0000000e+00
   2.0120000e+03   1.0000000e+00   3.0000000e+00   1.8000000e+01   5.6000000e+01   1.0000992e+00  -5.3274330e+01  -3.8744762e+01   5.0218333e+02   5.6979604e+00   5.3625947e+00   0.0000000e+00
   2.0120000e+03   1.0000000e+00   3.0000000e+00   1.8000000e+01   5.7000000e+01   3.9000000e+01  -5.3269928e+01  -3.8746085e+01   4.9704247e+02   4.7897304e+00   1.0656212e+01   3.0576097e+00
   2.0120000e+03   1.0000000e+00   3.0000000e+00   1.8000000e+01   5.9000000e+01   1.6000000e+01  -5.3265546e+01  -3.8747440e+01   4.9516164e+02   2.1730194e+00   6.7987870e+00   0.0000000e+00
   2.0120000e+03   1.0000000e+00   3.0000000e+00   1.9000000e+01   0.0000000e+00   5.1000000e+01  -5.3261105e+01  -3.8748871e+01   5.0254961e+02   1.4712013e+00   4.6530410e+00   7.8403823e-01
   2.0120000e+03   1.0000000e+00   3.0000000e+00   1.9000000e+01   2.0000000e+00   2.6000000e+01  -5.3256653e+01  -3.8750255e+01   5.0323629e+02   1.7498638e+00   2.8156122e+00   0.0000000e+00
