   2.0120000e+03   1.0000000e+00   5.0000000e+00   9.0000000e+00   2.0000000e+00   2.7000000e+01  -5.3166865e+01  -3.7963288e+01   4.9868447e+02   5.3461762e+00   1.7944814e+01   6.0878380e+00
   2.0120000e+03   1.0000000e+00   5.0000000e+00   9.0000000e+00   5.0000000e+00   5.0000000e+00  -5.3171253e+01  -3.7961688e+01   4.9903720e+02   4.4884735e+00   1.3789658e+01   7.3190590e+00
   2.0120000e+03   1.0000000e+00   5.0000000e+00   9.0000000e+00   7.0000000e+00   3.3000000e+01  -5.3175385e+01  -3.7960101e+01   4.7114837e+02   5.0889609e+00   1.5634498e+01   1.2426657e+01
   2.0120000e+03   1.0000000e+00   5.0000000e+00   9.0000000e+00   9.0000000e+00   3.2000000e+01  -5.3179975e+01  -3.7958481e+01   5.2136802e+02   6.5273769e+00   1.9986344e+01   1.5972423e+01
   2.0120000e+03   1.0000000e+00   5.0000000e+00   9.0000000e+00   1.1000000e+01   1.0000099e+01  -5.3184417e+01  -3.7956882e+01   5.0494048e+02   1.0948435e+01   3.4131296e+01   2.4526588e+01
   2.0120000e+03   1.0000000e+00   5.0000000e+00   9.0000000e+00   1.2000000e+01   4.4000000e+01  -5.3188845e+01  -3.7955241e+01   5.0403052e+02   1.1940491e+01   3.3135380e+01   2.2237753e+01
   2.0120000e+03   1.0000000e+00   5.0000000e+00   9.0000000e+00   1.4000000e+01   1.7000000e+01  -5.3193208e+01  -3.7953589e+01   4.9709738e+02   2.1243697e+02   6.5265687e+02   3.0363303e+02
   2.0120000e+03   1.0000000e+00   5.0000000e+00   9.0000000e+00   1.5000000e+01   5.2000000e+01  -5.3197611e+01  -3.7951958e+01   5.0117574e+02   1.0466941e+01   2.9986554e+01   2.2623326e+01
   2.0120000e+03   1.0000000e+00   5.0000000e+00   9.0000000e+00   1.7000000e+01   2.8000000e+01  -5.3202036e+01  -3.7950411e+01   5.0243131e+02   8.5208068e+00   2.2723752e+01   1.6269973e+01
   2.0120000e+03   1.0000000e+00   5.0000000e+00   9.0000000e+00   1.9000000e+01   4.0000000e+00  -5.3206416e+01  -3.7948866e+01   4.9745327e+02   9.1463558e+00   2.8782231e+01   2.1625879e+01
   2.0120000e+03   1.0000000e+00   5.0000000e+00   9.0000000e+00   2.0000000e+01   4.0000000e+01  -5.3210797e+01  -3.7947256e+01   4.9845720e+02   1.3205440e+01   4.1032689e+01   2.4002842e+01
   2.0120000e+03   1.0000000e+00   5.0000000e+00   9.0000000e+00   2.2000000e+01   1.8000000e+01  -5.3215192e+01  -3.7945666e+01   4.9963100e+02   1.1960881e+01   1.8625540e+01   1.1496696e+01
   2.0120000e+03   1.0000000e+00   5.0000000e+00   9.0000000e+00   2.3000000e+01   5.6000000e+01  -5.3219611e+01  -3.7944094e+01   5.0213815e+02   1.2587619e+01   2.5978454e+01   1.1997734e+01
   2.0120000e+03   1.0000000e+00   5.0000000e+00   9.0000000e+00   2.5000000e+01   3.4000000e+01  -5.3223981e+01  -3.7942531e+01   4.9656511e+02   2.0238583e+01   6.0089655e+01   2.0392949e+01
   2.0120000e+03   1.0000000e+00   5.0000000e+00   9.0000000e+00   2.7000000e+01   1.2000099e+01  -5.3228376e+01  -3.7940953e+01   4.9951593e+02   1.0680995e+01   3.2782621e+01   1.5364295e+01
   2.0120000e+03   1.0000000e+00   5.0000000e+00   9.0000000e+00   2.8000000e+01   5.0000000e+01  -5.3232783e+01  -3.7939347e+01   5.0116461e+02   7.5317383e+00   2.3928373e+01   1.4689045e+01
   2.0120000e+03   1.0000000e+00   5.0000000e+00   9.0000000e+00   3.0000000e+01   2.8000000e+01  -5.3237175e+01  -3.7937717e+01   4.9995576e+02   1.2643536e+01   3.4652416e+01   3.1395951e+01
   2.0120000e+03   1.0000000e+00   5.0000000e+00   9.0000000e+00   3.2000000e+01   6.0000000e+00  -5.3241573e+01  -3.7936065e+01   5.0094826e+02   1.0591108e+01   3.3181278e+01   2.2210471e+01
   2.0120000e+03   1.0000000e+00   5.0000000e+00   9.0000000e+00   3.3000000e+01   4.4000000e+01  -5.3245981e+01  -3.7934528e+01   5.0035685e+02   1.0354624e+01   3.2958249e+01   2.2437630e+01
   2.0120000e+03   1.0000000e+00   5.0000000e+00   9.0000000e+00   3.5000000e+01   2.1999901e+01  -5.3250368e+01  -3.7933019e+01   4.9773252e+02   1.0519478e+01   2.0842062e+01   3.3064456e+00
   2.0120000e+03   1.0000000e+00   5.0000000e+00   9.0000000e+00   3.7000000e+01   0.0000000e+00  -5.3254749e+01  -3.7931512e+01   4.9702076e+02   9.5665073e+00   3.0105427e+01   6.4332794e+00
   2.0120000e+03   1.0000000e+00   5.0000000e+00   9.0000000e+00   3.8000000e+01   3.9000000e+01  -5.3259166e+01  -3.7930000e+01   5.0096683e+02   5.7612871e+00   1.8791227e+01   5.9034581e+00
   2.0120000e+03   1.0000000e+00   5.0000000e+00   9.0000000e+00   4.0000000e+01   1.9000000e+01  -5.3263584e+01  -3.7928478e+01   5.0122992e+02   4.6381078e+00   1.5168071e+01   2.6103909e+00
   2.0120000e+03   1.0000000e+00   5.0000000e+00   9.0000000e+00   4.1000000e+01   5.9000099e+01  -5.3268002e+01  -3.7927015e+01   5.0045271e+02   4.5847845e+00   1.2066718e+01   5.3881951e+00
   2.0120000e+03   1.0000000e+00   5.0000000e+00   9.0000000e+00   4.3000000e+01   3.9000099e+01  -5.3272429e+01  -3.7925552e+01   5.0145141e+02   1.0049391e+01   9.2499711e+01   8.5426972e+01
   2.0120000e+03   1.0000000e+00   5.0000000e+00   9.0000000e+00   4.5000000e+01   1.9000000e+01  -5.3276842e+01  -3.7924078e+01   5.0005383e+02   8.3611389e+00   2.6272034e+01   9.3540255e+00
   2.0120000e+03   1.0000000e+00   5.0000000e+00   9.0000000e+00   4.6000000e+01   5.8000000e+01  -5.3281233e+01  -3.7922671e+01   4.9686760e+02   6.4737404e+00   2.1844940e+01   6.1667113e+00
   2.0120000e+03   1.0000000e+00   5.0000000e+00   9.0000000e+00   4.8000000e+01   3.6000000e+01  -5.3285637e+01  -3.7921251e+01   4.9831407e+02   9.4642798e+00   2.9076517e+01   1.0123288e+01
   2.0120000e+03   1.0000000e+00   5.0000000e+00   9.0000000e+00   5.0000000e+01   1.2000000e+01  -5.3290050e+01  -3.7919835e+01   4.9938300e+02   7.9876464e+00   2.4486076e+01   1.1345786e+01
   2.0120000e+03   1.0000000e+00   5.0000000e+00   9.0000000e+00   5.1000000e+01   4.9000000e+01  -5.3294477e+01  -3.7918457e+01   5.0034677e+02   7.6990403e+00   1.6729218e+01   7.0424790e+00
   2.0120000e+03   1.0000000e+00   5.0000000e+00   9.0000000e+00   5.3000000e+01   2.6000000e+01  -5.3298925e+01  -3.7917065e+01   5.0280174e+02   2.7238201e+00   9.2732186e+00   4.2536160e+00
   2.0120000e+03   1.0000000e+00   5.0000000e+00   9.0000000e+00   5.5000000e+01   1.0000000e+00  -5.3303334e+01  -3.7915685e+01   4.9839157e+02   6.4999512e+00   1.2655129e+01   5.2476050e+00
   2.0120000e+03   1.0000000e+00   5.0000000e+00   9.0000000e+00   5.6000000e+01   3.7999901e+01  -5.3307758e+01  -3.7914312e+01   5.0005832e+02   1.0077405e+01   3.2760014e+01   8.8045266e+00
   2.0120000e+03   1.0000000e+00   5.0000000e+00   9.0000000e+00   5.8000000e+01   1.5000000e+01  -5.3312172e+01  -3.7912928e+01   4.9900412e+02   1.0451637e+01   2.3191228e+01   1.3605726e+01
   2.0120000e+03   1.0000000e+00   5.0000000e+00   9.0000000e+00   5.9000000e+01   5.1000000e+01  -5.3316560e+01  -3.7911395e+01   4.9807874e+02   9.9894630e+00   3.0690005e+01   2.7063033e+01
   2.0120000e+03   1.0000000e+00   5.0000000e+00   1.0000000e+01   1.0000000e+00   2.8000000e+01  -5.3320963e+01  -3.7909847e+01   4.9990499e+02   1.1664069e+01   2.5250679e+01   2.4315785e+01
   2.0120000e+03   1.0000000e+00   5.0000000e+00   1.0000000e+01   3.0000000e+00   5.0000000e+00  -5.3325373e+01  -3.7908337e+01   5.0026041e+02   7.8897638e+00   2.4239230e+01   1.9126355e+01
   2.0120000e+03   1.0000000e+00   5.0000000e+00   1.0000000e+01   4.0000000e+00   5.0000000e+01  -5.3329903e+01  -3.7906382e+01   5.1981289e+02   5.8821047e+00   1.9690593e+01   1.2524726e+01
   2.0120000e+03   1.0000000e+00   5.0000000e+00   1.0000000e+01   7.0000000e+00   1.0000000e+00  -5.3334281e+01  -3.7904592e+01   5.0077150e+02   1.1413844e+01   3.5572220e+01   2.5472872e+01
   2.0120000e+03   1.0000000e+00   5.0000000e+00   1.0000000e+01   9.0000000e+00   4.0000000e+01  -5.3338497e+01  -3.7903120e+01   4.7852508e+02   1.8031135e+01   4.0926043e+01   4.0098840e+01
   2.0120000e+03   1.0000000e+00   5.0000000e+00   1.0000000e+01   1.2000000e+01   2.8000099e+01  -5.3342902e+01  -3.7901614e+01   4.9960902e+02   2.3650051e+01   4.9261437e+01   4.5432776e+01
   2.0120000e+03   1.0000000e+00   5.0000000e+00   1.0000000e+01   1.4000000e+01   5.7000000e+01  -5.3347039e+01  -3.7900187e+01   4.6930262e+02   1.9391197e+01   4.5904253e+01   4.0712117e+01
   2.0120000e+03   1.0000000e+00   5.0000000e+00   1.0000000e+01   1.6000000e+01   5.6000000e+01  -5.3351634e+01  -3.7898684e+01   5.2030213e+02   1.4056332e+01   3.1211187e+01   2.5656213e+01
   2.0120000e+03   1.0000000e+00   5.0000000e+00   1.0000000e+01   1.8000000e+01   3.6000000e+01  -5.3356162e+01  -3.7897200e+01   5.1262137e+02   1.3575942e+01   3.5081204e+01   2.3566883e+01
   2.0120000e+03   1.0000000e+00   5.0000000e+00   1.0000000e+01   2.0000000e+01   1.1000000e+01  -5.3360553e+01  -3.7895750e+01   4.9732757e+02   9.2049363e+00   2.9028938e+01   1.6669328e+01
   2.0120000e+03   1.0000000e+00   5.0000000e+00   1.0000000e+01   2.1000000e+01   4.7000000e+01  -5.3364955e+01  -3.7894322e+01   4.9822907e+02   1.0231979e+01   3.2575089e+01   2.6253064e+01
   2.0120000e+03   1.0000000e+00   5.0000000e+00   1.0000000e+01   2.3000000e+01   2.3000000e+01  -5.3369364e+01  -3.7892878e+01   4.9921052e+02   1.1851496e+01   3.6740923e+01   3.2655726e+01
   2.0120000e+03   1.0000000e+00   5.0000000e+00   1.0000000e+01   2.4000000e+01   5.8000000e+01  -5.3373783e+01  -3.7891430e+01   5.0035094e+02   1.1715272e+01   3.4954276e+01   3.1567506e+01
   2.0120000e+03   1.0000000e+00   5.0000000e+00   1.0000000e+01   2.6000000e+01   3.4000000e+01  -5.3378212e+01  -3.7889984e+01   5.0135830e+02   1.0154156e+01   3.1195982e+01   1.1850023e+01
   2.0120000e+03   1.0000000e+00   5.0000000e+00   1.0000000e+01   2.8000000e+01   1.0000000e+01  -5.3382648e+01  -3.7888551e+01   5.0205815e+02   1.0170295e+01   2.2952653e+01   1.8392752e+01
   2.0120000e+03   1.0000000e+00   5.0000000e+00   1.0000000e+01   2.9000000e+01   4.6000099e+01  -5.3387056e+01  -3.7887165e+01   4.9828377e+02   1.2390255e+01   3.8065809e+01   2.2078958e+01
   2.0120000e+03   1.0000000e+00   5.0000000e+00   1.0000000e+01   3.1000000e+01   2.0000000e+01  -5.3391461e+01  -3.7885780e+01   4.9806169e+02   7.2089779e+00   1.8170473e+01   1.3695014e+01
   2.0120000e+03   1.0000000e+00   5.0000000e+00   1.0000000e+01   3.2000000e+01   5.5000000e+01  -5.3395871e+01  -3.7884417e+01   4.9827639e+02   6.0461363e+00   1.9923444e+01   1.4555125e+01
   2.0120000e+03   1.0000000e+00   5.0000000e+00   1.0000000e+01   3.4000000e+01   3.2000099e+01  -5.3400283e+01  -3.7883053e+01   4.9850564e+02   6.1638841e+00   1.6547442e+01   1.3341059e+01
   2.0120000e+03   1.0000000e+00   5.0000000e+00   1.0000000e+01   3.6000000e+01   1.0000000e+01  -5.3404728e+01  -3.7881716e+01   5.0179414e+02   3.8126964e+00   1.2408934e+01   9.0535926e+00
   2.0120000e+03   1.0000000e+00   5.0000000e+00   1.0000000e+01   3.7000000e+01   4.9000000e+01  -5.3409148e+01  -3.7880360e+01   4.9927808e+02   5.6813566e+00   1.7584261e+01   1.0625084e+01
   2.0120000e+03   1.0000000e+00   5.0000000e+00   1.0000000e+01   3.9000000e+01   2.8999901e+01  -5.3413581e+01  -3.7879025e+01   5.0045345e+02   6.5349703e+00   2.1911468e+01   1.6642890e+01
   2.0120000e+03   1.0000000e+00   5.0000000e+00   1.0000000e+01   4.1000000e+01   8.0000992e+00  -5.3417997e+01  -3.7877651e+01   4.9916088e+02   5.1819292e+00   1.4394289e+01   1.2855728e+01
   2.0120000e+03   1.0000000e+00   5.0000000e+00   1.0000000e+01   4.2000000e+01   4.9000000e+01  -5.3422435e+01  -3.7876214e+01   5.0216879e+02   7.3891846e+00   1.7584467e+01   1.4228823e+01
   2.0120000e+03   1.0000000e+00   5.0000000e+00   1.0000000e+01   4.4000000e+01   2.7000000e+01  -5.3426832e+01  -3.7874779e+01   4.9775092e+02   4.0668654e+00   1.3692941e+01   8.4080874e+00
   2.0120000e+03   1.0000000e+00   5.0000000e+00   1.0000000e+01   4.6000000e+01   3.0000000e+00  -5.3431241e+01  -3.7873331e+01   4.9921746e+02   4.2910170e+00   1.3493073e+01   8.9496855e+00
   2.0120000e+03   1.0000000e+00   5.0000000e+00   1.0000000e+01   4.7000000e+01   3.8000099e+01  -5.3435646e+01  -3.7871859e+01   4.9917180e+02   8.1030123e+00   2.5653813e+01   1.8395453e+01
   2.0120000e+03   1.0000000e+00   5.0000000e+00   1.0000000e+01   4.9000000e+01   1.5000000e+01  -5.3440081e+01  -3.7870374e+01   5.0244182e+02   7.6991994e+00   2.6591774e+01   1.7798764e+01
   2.0120000e+03   1.0000000e+00   5.0000000e+00   1.0000000e+01   5.0000000e+01   5.2000000e+01  -5.3444497e+01  -3.7868908e+01   5.0025824e+02   9.0052705e+00   2.4075571e+01   1.9249735e+01
   2.0120000e+03   1.0000000e+00   5.0000000e+00   1.0000000e+01   5.2000000e+01   2.8000000e+01  -5.3448895e+01  -3.7867374e+01   4.9916168e+02   6.9641804e+00   2.2741047e+01   1.7061822e+01
   2.0120000e+03   1.0000000e+00   5.0000000e+00   1.0000000e+01   5.4000000e+01   5.0000000e+00  -5.3453312e+01  -3.7865951e+01   4.9977024e+02   1.1103497e+01   3.5091950e+01   2.4896713e+01
   2.0120000e+03   1.0000000e+00   5.0000000e+00   1.0000000e+01   5.5000000e+01   4.1000000e+01  -5.3457728e+01  -3.7864505e+01   4.9992858e+02   9.5705154e+00   2.5980589e+01   1.8073623e+01
   2.0120000e+03   1.0000000e+00   5.0000000e+00   1.0000000e+01   5.7000000e+01   1.7000000e+01  -5.3462138e+01  -3.7863119e+01   4.9854940e+02   6.7008476e+00   2.0946692e+01   1.4050998e+01
   2.0120000e+03   1.0000000e+00   5.0000000e+00   1.0000000e+01   5.8000000e+01   5.3000099e+01  -5.3466570e+01  -3.7861860e+01   4.9942399e+02   4.7232852e+00   1.5470569e+01   9.9351850e+00
   2.0120000e+03   1.0000000e+00   5.0000000e+00   1.1000000e+01   0.0000000e+00   3.0000000e+01  -5.3471015e+01  -3.7860761e+01   4.9930570e+02   5.0807321e+00   1.5474511e+01   8.3519852e+00
   2.0120000e+03   1.0000000e+00   5.0000000e+00   1.1000000e+01   2.0000000e+00   7.0000000e+00  -5.3475488e+01  -3.7859728e+01   5.0166151e+02   2.2441938e+00   6.8946968e+00   6.1110022e-01
   2.0120000e+03   1.0000000e+00   5.0000000e+00   1.1000000e+01   3.0000000e+00   4.4000000e+01  -5.3479970e+01  -3.7858701e+01   5.0273082e+02   1.8095692e+00   5.0732651e+00   0.0000000e+00
   2.0120000e+03   1.0000000e+00   5.0000000e+00   1.1000000e+01   5.0000000e+00   2.1000099e+01  -5.3484387e+01  -3.7857422e+01   4.9804298e+02   2.5726444e+00   7.6547181e+00   1.4199651e+00
   2.0120000e+03   1.0000000e+00   5.0000000e+00   1.1000000e+01   6.0000000e+00   5.9000000e+01  -5.3488811e+01  -3.7856015e+01   5.0027883e+02   4.5430071e+00   1.4271775e+01   2.3194212e+00
   2.0120000e+03   1.0000000e+00   5.0000000e+00   1.1000000e+01   8.0000000e+00   3.8000000e+01  -5.3493231e+01  -3.7854585e+01   5.0012257e+02   3.5729725e+00   6.2209199e+00   0.0000000e+00
   2.0120000e+03   1.0000000e+00   5.0000000e+00   1.1000000e+01   1.0000000e+01   1.7000099e+01  -5.3497601e+01  -3.7853011e+01   4.9668519e+02   2.4207424e+00   6.1075071e+00   0.0000000e+00
   2.0120000e+03   1.0000000e+00   5.0000000e+00   1.1000000e+01   1.1000000e+01   5.9000099e+01  -5.3502115e+01  -3.7851397e+01   5.1275651e+02   3.2953476e+00   8.6226120e+00   0.0000000e+00
   2.0120000e+03   1.0000000e+00   5.0000000e+00   1.1000000e+01   1.3000000e+01   5.9000099e+01  -5.3506516e+01  -3.7849861e+01   4.9950165e+02   4.0691612e+00   1.3121109e+01   0.0000000e+00
   2.0120000e+03   1.0000000e+00   5.0000000e+00   1.1000000e+01   1.6000000e+01   2.1000000e+01  -5.3510858e+01  -3.7848587e+01   4.8978684e+02   4.5969410e+00   1.4585967e+01   8.8027916e+00
   2.0120000e+03   1.0000000e+00   5.0000000e+00   1.1000000e+01   1.8000000e+01   5.8000000e+01  -5.3515271e+01  -3.7847284e+01   4.9787520e+02   3.8099024e+00   1.1704926e+01   4.6780748e+00
   2.0120000e+03   1.0000000e+00   5.0000000e+00   1.1000000e+01   2.1000000e+01   3.9000000e+01  -5.3519681e+01  -3.7845821e+01   4.9946501e+02   3.1533870e+00   1.1199797e+01   9.2508851e-01
   2.0120000e+03   1.0000000e+00   5.0000000e+00   1.1000000e+01   2.4000000e+01   1.9000099e+01  -5.3524021e+01  -3.7844282e+01   4.9282266e+02   4.6402912e+00   1.4864684e+01   3.6432305e+00
   2.0120000e+03   1.0000000e+00   5.0000000e+00   1.1000000e+01   2.6000000e+01   4.1000000e+01  -5.3528332e+01  -3.7842772e+01   4.8937671e+02   3.6865783e+00   1.6529809e+01   7.3775879e+00
   2.0120000e+03   1.0000000e+00   5.0000000e+00   1.1000000e+01   2.8000000e+01   3.6000099e+01  -5.3532816e+01  -3.7841106e+01   5.1020927e+02   1.7098508e+00   5.3948971e+00   0.0000000e+00
   2.0120000e+03   1.0000000e+00   5.0000000e+00   1.1000000e+01   3.0000000e+01   1.9999901e+01  -5.3537267e+01  -3.7839811e+01   5.0197346e+02   2.2900539e+00   7.0355900e+00   3.4275902e+00
   2.0120000e+03   1.0000000e+00   5.0000000e+00   1.1000000e+01   3.2000000e+01   0.0000000e+00  -5.3541721e+01  -3.7838520e+01   5.0218263e+02   1.0784239e+00   3.3131746e+00   1.8336307e+00
   2.0120000e+03   1.0000000e+00   5.0000000e+00   1.1000000e+01   3.3000000e+01   3.7000000e+01  -5.3546150e+01  -3.7837174e+01   5.0009462e+02   9.0043031e-01   2.7663360e+00   1.7872363e+00
   2.0120000e+03   1.0000000e+00   5.0000000e+00   1.1000000e+01   3.5000000e+01   1.4000000e+01  -5.3550572e+01  -3.7835841e+01   4.9920520e+02   1.2413639e+00   3.8137649e+00   8.4895750e-01
   2.0120000e+03   1.0000000e+00   5.0000000e+00   1.1000000e+01   3.6000000e+01   5.2000000e+01  -5.3554981e+01  -3.7834357e+01   4.9963828e+02   5.2450510e+00   1.6795649e+01   9.6252084e+00
   2.0120000e+03   1.0000000e+00   5.0000000e+00   1.1000000e+01   3.8000000e+01   3.1000000e+01  -5.3559357e+01  -3.7832621e+01   4.9958266e+02   1.0537339e+01   3.0887951e+01   1.3210715e+01
   2.0120000e+03   1.0000000e+00   5.0000000e+00   1.1000000e+01   4.0000000e+01   1.0000000e+01  -5.3563752e+01  -3.7830891e+01   5.0151609e+02   1.0141632e+01   1.7967976e+01   4.2149909e+00
   2.0120000e+03   1.0000000e+00   5.0000000e+00   1.1000000e+01   4.1000000e+01   4.8000000e+01  -5.3568147e+01  -3.7829350e+01   4.9884228e+02   6.6613215e+00   1.9680236e+01   1.1967664e+01
   2.0120000e+03   1.0000000e+00   5.0000000e+00   1.1000000e+01   4.3000000e+01   2.6000099e+01  -5.3572540e+01  -3.7827848e+01   4.9813561e+02   5.1806032e+00   1.6073103e+01   1.3500833e+01
   2.0120000e+03   1.0000000e+00   5.0000000e+00   1.1000000e+01   4.5000000e+01   3.0000000e+00  -5.3576971e+01  -3.7826542e+01   4.9989029e+02   2.5182522e+01   7.7214719e+01   3.8115832e+01
   2.0120000e+03   1.0000000e+00   5.0000000e+00   1.1000000e+01   4.6000000e+01   4.0000099e+01  -5.3581407e+01  -3.7825276e+01   4.9992118e+02   8.1857595e+00   2.5545353e+01   1.5544744e+01
   2.0120000e+03   1.0000000e+00   5.0000000e+00   1.1000000e+01   4.8000000e+01   1.7000000e+01  -5.3585863e+01  -3.7823968e+01   5.0259031e+02   1.0432110e+01   3.2152301e+01   1.9733295e+01
   2.0120000e+03   1.0000000e+00   5.0000000e+00   1.1000000e+01   4.9000000e+01   5.3000000e+01  -5.3590276e+01  -3.7822593e+01   4.9874500e+02   1.1999526e+00   3.9992055e+00   1.9402751e+00
   2.0120000e+03   1.0000000e+00   5.0000000e+00   1.1000000e+01   5.1000000e+01   2.9000000e+01  -5.3594691e+01  -3.7821157e+01   4.9966606e+02   7.9761387e+00   2.4610144e+01   1.1564780e+01
   2.0120000e+03   1.0000000e+00   5.0000000e+00   1.1000000e+01   5.3000000e+01   4.0000000e+00  -5.3599075e+01  -3.7819599e+01   4.9784914e+02   1.3167757e+00   4.2255874e+00   1.2999109e-01
   2.0120000e+03   1.0000000e+00   5.0000000e+00   1.1000000e+01   5.4000000e+01   4.0000000e+01  -5.3603468e+01  -3.7818016e+01   4.9915445e+02   6.1433309e-01   1.9242384e+00   3.1018520e-01
   2.0120000e+03   1.0000000e+00   5.0000000e+00   1.1000000e+01   5.6000000e+01   1.6000000e+01  -5.3607857e+01  -3.7816371e+01   4.9961449e+02   1.1804984e+00   3.6267718e+00   2.3916181e+00
   2.0120000e+03   1.0000000e+00   5.0000000e+00   1.1000000e+01   5.7000000e+01   5.1000000e+01  -5.3612261e+01  -3.7814775e+01   5.0056557e+02   7.0052933e+00   1.5052891e+01   1.1087874e+01
   2.0120000e+03   1.0000000e+00   5.0000000e+00   1.1000000e+01   5.9000000e+01   2.6000000e+01  -5.3616686e+01  -3.7813178e+01   5.0283984e+02   6.5425040e-01   2.0100127e+00   1.4410012e+00
   2.0120000e+03   1.0000000e+00   5.0000000e+00   1.2000000e+01   1.0000000e+00   9.9182129e-05  -5.3621076e+01  -3.7811648e+01   4.9817906e+02   3.0203264e+02   9.2847547e+02   9.0802826e+02
   2.0120000e+03   1.0000000e+00   5.0000000e+00   1.2000000e+01   2.0000000e+00   3.4000000e+01  -5.3625488e+01  -3.7810150e+01   5.0009533e+02   7.4840478e-01   2.1021894e+00   1.6081150e+00
   2.0120000e+03   1.0000000e+00   5.0000000e+00   1.2000000e+01   4.0000000e+00   9.0000000e+00  -5.3629908e+01  -3.7808720e+01   5.0007733e+02   7.3283085e-01   2.2514306e+00   1.2967325e+00
   2.0120000e+03   1.0000000e+00   5.0000000e+00   1.2000000e+01   5.0000000e+00   4.4000000e+01  -5.3634318e+01  -3.7807232e+01   4.9976369e+02   6.5298011e-01   2.6291168e+00   2.4298627e+00
   2.0120000e+03   1.0000000e+00   5.0000000e+00   1.2000000e+01   7.0000000e+00   2.0000000e+01  -5.3638721e+01  -3.7805757e+01   4.9886388e+02   6.8516157e-01   2.2277267e+00   1.4371051e+00
   2.0120000e+03   1.0000000e+00   5.0000000e+00   1.2000000e+01   8.0000000e+00   5.7000000e+01  -5.3643122e+01  -3.7804266e+01   4.9874909e+02   3.2550222e-01   1.2595367e+00   6.6259661e-01
   2.0120000e+03   1.0000000e+00   5.0000000e+00   1.2000000e+01   1.0000000e+01   3.4000000e+01  -5.3647543e+01  -3.7802791e+01   5.0077176e+02   4.5335335e-01   1.3928093e+00   6.1641975e-01
   2.0120000e+03   1.0000000e+00   5.0000000e+00   1.2000000e+01   1.2000000e+01   1.1000000e+01  -5.3651956e+01  -3.7801272e+01   5.0045541e+02   7.8843752e-01   2.4222675e+00   2.1134462e+00
   2.0120000e+03   1.0000000e+00   5.0000000e+00   1.2000000e+01   1.3000000e+01   4.8000000e+01  -5.3656340e+01  -3.7799629e+01   4.9900334e+02   1.4907744e+00   4.0044695e+00   3.6811985e+00
   2.0120000e+03   1.0000000e+00   5.0000000e+00   1.2000000e+01   1.5000000e+01   2.5000000e+01  -5.3660729e+01  -3.7797909e+01   5.0074814e+02   7.7713157e-01   1.4708458e+00   9.9001279e-01
   2.0120000e+03   1.0000000e+00   5.0000000e+00   1.2000000e+01   1.7000000e+01   1.0000000e+00  -5.3665094e+01  -3.7796276e+01   4.9676078e+02   4.1148527e-01   2.5989701e+00   1.9805787e+00
   2.0120000e+03   1.0000000e+00   5.0000000e+00   1.2000000e+01   1.8000000e+01   3.7000000e+01  -5.3669472e+01  -3.7794613e+01   4.9867939e+02   5.4197694e-01   1.4977181e+00   6.6772909e-01
   2.0120000e+03   1.0000000e+00   5.0000000e+00   1.2000000e+01   2.0000000e+01   1.5000000e+01  -5.3673878e+01  -3.7793007e+01   5.0087556e+02   6.6763230e-01   1.8242415e+00   7.1316373e-01
   2.0120000e+03   1.0000000e+00   5.0000000e+00   1.2000000e+01   2.1000000e+01   5.7000000e+01  -5.3678470e+01  -3.7791732e+01   5.1713052e+02   1.1233376e+00   2.5971075e+00   1.7465386e+00
   2.0120000e+03   1.0000000e+00   5.0000000e+00   1.2000000e+01   2.3000000e+01   5.7000000e+01  -5.3682890e+01  -3.7790594e+01   4.9686607e+02   1.5938422e+00   2.3908554e+00   6.9002004e-01
   2.0120000e+03   1.0000000e+00   5.0000000e+00   1.2000000e+01   2.6000000e+01   2.3000000e+01  -5.3687274e+01  -3.7789388e+01   4.9355119e+02   8.9350974e-01   1.3193935e+00   3.4740646e-01
   2.0120000e+03   1.0000000e+00   5.0000000e+00   1.2000000e+01   2.9000000e+01   6.0000000e+00  -5.3691604e+01  -3.7788014e+01   4.8955372e+02   6.4954009e-01   1.8154380e+00   1.4742318e+00
   2.0120000e+03   1.0000000e+00   5.0000000e+00   1.2000000e+01   3.1000000e+01   5.3000000e+01  -5.3696056e+01  -3.7786579e+01   5.0368249e+02   8.5924610e+00   2.6174199e+01   2.3415787e+01
   2.0120000e+03   1.0000000e+00   5.0000000e+00   1.2000000e+01   3.4000000e+01   3.6000000e+01  -5.3700390e+01  -3.7784872e+01   4.9452817e+02   1.6359559e+00   4.9817981e+00   4.4071044e-01
   2.0120000e+03   1.0000000e+00   5.0000000e+00   1.2000000e+01   3.6000000e+01   5.6000000e+01  -5.3704674e+01  -3.7783209e+01   4.8835080e+02   1.1625659e+00   3.1016579e+00   2.0473455e+00
   2.0120000e+03   1.0000000e+00   5.0000000e+00   1.2000000e+01   3.8000000e+01   4.8000000e+01  -5.3709148e+01  -3.7781453e+01   5.1038616e+02   9.0486485e-01   2.7799599e+00   4.3979568e-01
   2.0120000e+03   1.0000000e+00   5.0000000e+00   1.2000000e+01   4.0000000e+01   3.0000000e+01  -5.3713567e+01  -3.7779786e+01   5.0314608e+02   1.1417122e+00   3.3894827e+00   1.2149528e+00
   2.0120000e+03   1.0000000e+00   5.0000000e+00   1.2000000e+01   4.2000000e+01   8.0000000e+00  -5.3717945e+01  -3.7778204e+01   4.9747045e+02   1.4183227e+00   4.3574246e+00   2.6479537e+00
   2.0120000e+03   1.0000000e+00   5.0000000e+00   1.2000000e+01   4.3000000e+01   4.3000000e+01  -5.3722365e+01  -3.7776806e+01   4.9970160e+02   1.1120214e+00   3.4163939e+00   1.0840055e+00
   2.0120000e+03   1.0000000e+00   5.0000000e+00   1.2000000e+01   4.5000000e+01   1.9000000e+01  -5.3726795e+01  -3.7775359e+01   5.0136072e+02   3.2905994e-01   1.3426368e+00   2.7269586e-01
   2.0120000e+03   1.0000000e+00   5.0000000e+00   1.2000000e+01   4.6000000e+01   5.5000000e+01  -5.3731221e+01  -3.7773916e+01   5.0091198e+02   2.3060907e-01   8.4704645e-01   1.3301647e-01
   2.0120000e+03   1.0000000e+00   5.0000000e+00   1.2000000e+01   4.8000000e+01   3.1000000e+01  -5.3735658e+01  -3.7772513e+01   5.0157500e+02   7.0276654e-01   1.8480504e+00   6.6270014e-01
   2.0120000e+03   1.0000000e+00   5.0000000e+00   1.2000000e+01   5.0000000e+01   6.0000000e+00  -5.3740071e+01  -3.7771119e+01   4.9887197e+02   1.2914606e+00   3.8585528e+00   2.3580519e-01
   2.0120000e+03   1.0000000e+00   5.0000000e+00   1.2000000e+01   5.1000000e+01   4.1000000e+01  -5.3744476e+01  -3.7769708e+01   4.9818916e+02   1.3083631e-01   6.2496473e-01   8.0046648e-02
   2.0120000e+03   1.0000000e+00   5.0000000e+00   1.2000000e+01   5.3000000e+01   1.7000000e+01  -5.3748916e+01  -3.7768294e+01   5.0201692e+02   4.1255451e-01   1.3061347e+00   3.0498269e-01
   2.0120000e+03   1.0000000e+00   5.0000000e+00   1.2000000e+01   5.4000000e+01   5.3000000e+01  -5.3753335e+01  -3.7766844e+01   5.0026431e+02   4.1260876e+02   1.2679377e+03   1.2673192e+03
   2.0120000e+03   1.0000000e+00   5.0000000e+00   1.2000000e+01   5.6000000e+01   2.9000000e+01  -5.3757752e+01  -3.7765403e+01   4.9979786e+02   1.0440949e-01   3.2077076e-01   0.0000000e+00
   2.0120000e+03   1.0000000e+00   5.0000000e+00   1.2000000e+01   5.8000000e+01   4.0000000e+00  -5.3762171e+01  -3.7763965e+01   5.0010466e+02   1.0181340e-01   3.1279495e-01   0.0000000e+00
   2.0120000e+03   1.0000000e+00   5.0000000e+00   1.2000000e+01   5.9000000e+01   4.0000000e+01  -5.3766557e+01  -3.7762545e+01   4.9617090e+02   5.7390428e-01   1.9150718e+00   7.7196323e-01
   2.0120000e+03   1.0000000e+00   5.0000000e+00   1.3000000e+01   1.0000000e+00   1.7000000e+01  -5.3770953e+01  -3.7761080e+01   4.9782080e+02   6.9562928e-01   2.2843556e+00   7.2991207e-01
   2.0120000e+03   1.0000000e+00   5.0000000e+00   1.3000000e+01   2.0000000e+00   5.4000000e+01  -5.3775379e+01  -3.7759637e+01   5.0093733e+02   6.2746494e-01   2.1024190e+00   7.6686676e-02
   2.0120000e+03   1.0000000e+00   5.0000000e+00   1.3000000e+01   4.0000000e+00   3.1000000e+01  -5.3779789e+01  -3.7758164e+01   4.9943579e+02   3.2919766e-01   9.5514521e-01   0.0000000e+00
   2.0120000e+03   1.0000000e+00   5.0000000e+00   1.3000000e+01   6.0000000e+00   9.0000000e+00  -5.3784215e+01  -3.7756736e+01   5.0070619e+02   3.7376651e-01   1.1792480e+00   4.3169384e-01
   2.0120000e+03   1.0000000e+00   5.0000000e+00   1.3000000e+01   7.0000000e+00   4.7000000e+01  -5.3788632e+01  -3.7755233e+01   5.0066076e+02   1.2455814e+00   3.8973805e+00   0.0000000e+00
   2.0120000e+03   1.0000000e+00   5.0000000e+00   1.3000000e+01   9.0000000e+00   2.5000000e+01  -5.3793060e+01  -3.7753739e+01   5.0164637e+02   4.7003576e-01   1.4440616e+00   3.5948846e-01
   2.0120000e+03   1.0000000e+00   5.0000000e+00   1.3000000e+01   1.1000000e+01   4.0000000e+00  -5.3797497e+01  -3.7752290e+01   5.0219075e+02   4.8183823e-01   1.4803216e+00   0.0000000e+00
   2.0120000e+03   1.0000000e+00   5.0000000e+00   1.3000000e+01   1.2000000e+01   4.2000000e+01  -5.3801900e+01  -3.7750831e+01   4.9853392e+02   1.4299668e+00   4.3931979e+00   4.6629834e-01
   2.0120000e+03   1.0000000e+00   5.0000000e+00   1.3000000e+01   1.4000000e+01   2.0000000e+01  -5.3806313e+01  -3.7749411e+01   4.9917014e+02   8.0541198e-01   2.4744170e+00   4.8530184e-01
   2.0120000e+03   1.0000000e+00   5.0000000e+00   1.3000000e+01   1.5000000e+01   5.9000000e+01  -5.3810739e+01  -3.7747996e+01   5.0053213e+02   5.2400211e-01   1.6327016e+00   0.0000000e+00
   2.0120000e+03   1.0000000e+00   5.0000000e+00   1.3000000e+01   1.7000000e+01   3.7000000e+01  -5.3815152e+01  -3.7746536e+01   4.9959828e+02   7.8834521e-01   2.4219839e+00   0.0000000e+00
   2.0120000e+03   1.0000000e+00   5.0000000e+00   1.3000000e+01   1.9000000e+01   1.6000000e+01  -5.3819513e+01  -3.7744874e+01   4.9673061e+02   8.5874407e-01   2.8420454e+00   1.2158966e-01
   2.0120000e+03   1.0000000e+00   5.0000000e+00   1.3000000e+01   2.0000000e+01   5.5000000e+01  -5.3823918e+01  -3.7743211e+01   5.0145894e+02   1.3424693e+02   4.1275747e+02   4.0601619e+02
   2.0120000e+03   1.0000000e+00   5.0000000e+00   1.3000000e+01   2.2000000e+01   3.6000000e+01  -5.3828336e+01  -3.7741624e+01   5.0186452e+02   2.0574547e+00   6.4836504e+00   1.6542184e-01
   2.0120000e+03   1.0000000e+00   5.0000000e+00   1.3000000e+01   2.4000000e+01   1.6000000e+01  -5.3832735e+01  -3.7740166e+01   4.9805842e+02   8.9859513e-01   3.7846109e+00   1.9214246e+00
   2.0120000e+03   1.0000000e+00   5.0000000e+00   1.3000000e+01   2.5000000e+01   5.6000000e+01  -5.3837135e+01  -3.7738671e+01   4.9860875e+02   1.1885343e+00   3.6633514e+00   3.9451008e-01
   2.0120000e+03   1.0000000e+00   5.0000000e+00   1.3000000e+01   2.7000000e+01   3.5000000e+01  -5.3841550e+01  -3.7737148e+01   5.0067166e+02   5.4988519e-01   1.7877145e+00   4.2657536e-01
   2.0120000e+03   1.0000000e+00   5.0000000e+00   1.3000000e+01   2.9000000e+01   1.4000000e+01  -5.3845944e+01  -3.7735607e+01   4.9867529e+02   3.8819746e-01   1.2055576e+00   4.3175385e-01
   2.0120000e+03   1.0000000e+00   5.0000000e+00   1.3000000e+01   3.0000000e+01   5.3000000e+01  -5.3850338e+01  -3.7734125e+01   4.9778854e+02   5.3546938e-01   1.6586927e+00   4.1502852e-01
   2.0120000e+03   1.0000000e+00   5.0000000e+00   1.3000000e+01   3.2000000e+01   3.8000000e+01  -5.3854951e+01  -3.7732593e+01   5.2235671e+02   1.2434888e+00   2.3217824e+00   2.2857610e-01
   2.0120000e+03   1.0000000e+00   5.0000000e+00   1.3000000e+01   3.4000000e+01   5.0000000e+01  -5.3859355e+01  -3.7731189e+01   4.9789519e+02   7.7626876e-01   9.9323622e-01   0.0000000e+00
   2.0120000e+03   1.0000000e+00   5.0000000e+00   1.3000000e+01   3.7000000e+01   3.6000000e+01  -5.3863634e+01  -3.7729948e+01   4.8246346e+02   5.3534403e-01   1.1385938e+00   0.0000000e+00
   2.0120000e+03   1.0000000e+00   5.0000000e+00   1.3000000e+01   3.9000000e+01   3.4000000e+01  -5.3866581e+01  -3.7729035e+01   3.3287315e+02   5.5462904e-01   1.2168529e+00   2.8473534e-01
