   2.0120000e+03   1.2000000e+01   4.0000000e+00   9.0000000e+00   3.1000000e+01   8.0000000e+00  -5.3166088e+01  -3.7963397e+01   4.9907080e+02   2.1672537e-01   2.5220249e-01   0.0000000e+00
   2.0120000e+03   1.2000000e+01   4.0000000e+00   9.0000000e+00   3.3000000e+01   4.8000000e+01  -5.3170526e+01  -3.7961947e+01   5.0253211e+02   7.8898135e-02   1.6001349e-01   0.0000000e+00
   2.0120000e+03   1.2000000e+01   4.0000000e+00   9.0000000e+00   3.6000000e+01   3.8000000e+01  -5.3174837e+01  -3.7960677e+01   4.8636364e+02   4.7141947e-02   9.7405179e-02   0.0000000e+00
   2.0120000e+03   1.2000000e+01   4.0000000e+00   9.0000000e+00   3.9000000e+01   3.1999901e+01  -5.3179262e+01  -3.7959118e+01   5.0261284e+02   5.3785354e-02   1.4492018e-01   0.0000000e+00
   2.0120000e+03   1.2000000e+01   4.0000000e+00   9.0000000e+00   4.2000000e+01   3.4000000e+01  -5.3183579e+01  -3.7957595e+01   4.9024654e+02   2.5361588e-02   4.4747711e-02   0.0000000e+00
   2.0120000e+03   1.2000000e+01   4.0000000e+00   9.0000000e+00   4.5000000e+01   3.4000000e+01  -5.3187995e+01  -3.7956126e+01   5.0035630e+02   4.5368466e-02   1.4605052e-01   2.1325861e-03
   2.0120000e+03   1.2000000e+01   4.0000000e+00   9.0000000e+00   4.8000000e+01   1.8000099e+01  -5.3192209e+01  -3.7954869e+01   4.7574824e+02   2.4444607e-01   4.5454513e-01   2.1268351e-02
   2.0120000e+03   1.2000000e+01   4.0000000e+00   9.0000000e+00   5.0000000e+01   3.0000000e+01  -5.3196750e+01  -3.7953672e+01   5.1087063e+02   8.2603378e-01   1.8479316e+00   7.5315842e-01
   2.0120000e+03   1.2000000e+01   4.0000000e+00   9.0000000e+00   5.2000000e+01   1.5000000e+01  -5.3201227e+01  -3.7952583e+01   5.0274522e+02   1.3054448e+00   4.2024981e+00   7.3272345e-01
   2.0120000e+03   1.2000000e+01   4.0000000e+00   9.0000000e+00   5.3000000e+01   5.1000099e+01  -5.3205639e+01  -3.7950930e+01   5.0244996e+02   8.5881946e-01   2.4981911e+00   1.5518477e+00
   2.0120000e+03   1.2000000e+01   4.0000000e+00   9.0000000e+00   5.5000000e+01   2.6000000e+01  -5.3210054e+01  -3.7949273e+01   5.0282926e+02   9.5285991e-01   3.4392685e+00   2.1336244e+00
   2.0120000e+03   1.2000000e+01   4.0000000e+00   9.0000000e+00   5.7000000e+01   4.0000000e+00  -5.3214488e+01  -3.7947709e+01   5.0355928e+02   6.7626901e-01   2.1848311e+00   1.2302988e+00
   2.0120000e+03   1.2000000e+01   4.0000000e+00   9.0000000e+00   5.8000000e+01   4.7999901e+01  -5.3218888e+01  -3.7946278e+01   4.9811917e+02   9.7378487e-01   1.2077083e+00   7.2195647e-01
   2.0120000e+03   1.2000000e+01   4.0000000e+00   1.0000000e+01   0.0000000e+00   3.3000000e+01  -5.3223253e+01  -3.7944943e+01   4.9306512e+02   6.0556234e-01   9.6745954e-01   4.5170516e-01
   2.0120000e+03   1.2000000e+01   4.0000000e+00   1.0000000e+01   2.0000000e+00   1.6000000e+01  -5.3227715e+01  -3.7943517e+01   5.0478396e+02   1.0324051e+00   3.3235265e+00   2.3491934e+00
   2.0120000e+03   1.2000000e+01   4.0000000e+00   1.0000000e+01   3.0000000e+00   5.5000000e+01  -5.3232087e+01  -3.7942038e+01   4.9569710e+02   1.3199584e+00   3.8940568e+00   2.6458294e+00
   2.0120000e+03   1.2000000e+01   4.0000000e+00   1.0000000e+01   5.0000000e+00   2.9000000e+01  -5.3236470e+01  -3.7940506e+01   4.9759093e+02   1.4101865e+00   3.7270066e+00   2.1341928e+00
   2.0120000e+03   1.2000000e+01   4.0000000e+00   1.0000000e+01   7.0000000e+00   1.0000000e+00  -5.3240910e+01  -3.7938969e+01   5.0385819e+02   8.6550802e-01   2.0817026e+00   1.1627854e+00
   2.0120000e+03   1.2000000e+01   4.0000000e+00   1.0000000e+01   8.0000000e+00   3.7000099e+01  -5.3245321e+01  -3.7937559e+01   4.9903959e+02   1.1544863e+00   2.0945739e+00   1.5377070e+00
   2.0120000e+03   1.2000000e+01   4.0000000e+00   1.0000000e+01   1.0000000e+01   1.5000000e+01  -5.3249693e+01  -3.7935913e+01   4.9801477e+02   3.2897128e-01   1.0590269e+00   9.2772463e-02
   2.0120000e+03   1.2000000e+01   4.0000000e+00   1.0000000e+01   1.1000000e+01   5.3000099e+01  -5.3254112e+01  -3.7934474e+01   5.0024658e+02   3.2301387e-01   1.0398488e+00   2.7435754e-01
   2.0120000e+03   1.2000000e+01   4.0000000e+00   1.0000000e+01   1.3000000e+01   3.0000000e+01  -5.3258503e+01  -3.7933054e+01   4.9701435e+02   1.9787547e-01   6.3700227e-01   1.8328320e-01
   2.0120000e+03   1.2000000e+01   4.0000000e+00   1.0000000e+01   1.5000000e+01   7.0000992e+00  -5.3262860e+01  -3.7931465e+01   4.9544238e+02   2.8604053e-01   9.8712440e-01   0.0000000e+00
   2.0120000e+03   1.2000000e+01   4.0000000e+00   1.0000000e+01   1.6000000e+01   4.5000000e+01  -5.3267276e+01  -3.7929940e+01   5.0110959e+02   3.5572274e-01   1.1451454e+00   1.0045845e-01
   2.0120000e+03   1.2000000e+01   4.0000000e+00   1.0000000e+01   1.8000000e+01   2.2000099e+01  -5.3271667e+01  -3.7928462e+01   4.9776766e+02   3.9988469e-01   1.2873119e+00   9.6557163e-02
   2.0120000e+03   1.2000000e+01   4.0000000e+00   1.0000000e+01   1.9000000e+01   5.9000000e+01  -5.3276122e+01  -3.7927032e+01   5.0399462e+02   1.0927500e-01   3.9372904e-01   3.8627571e-02
   2.0120000e+03   1.2000000e+01   4.0000000e+00   1.0000000e+01   2.1000000e+01   3.5000099e+01  -5.3280542e+01  -3.7925677e+01   4.9937328e+02   2.3508057e-01   7.0690760e-01   3.1896671e-01
   2.0120000e+03   1.2000000e+01   4.0000000e+00   1.0000000e+01   2.3000000e+01   1.1000000e+01  -5.3284976e+01  -3.7924311e+01   5.0098418e+02   2.1764589e-01   7.0064734e-01   1.0374281e-01
   2.0120000e+03   1.2000000e+01   4.0000000e+00   1.0000000e+01   2.4000000e+01   4.7000000e+01  -5.3289385e+01  -3.7922914e+01   4.9863936e+02   1.3430626e-01   4.3235975e-01   1.8349756e-01
   2.0120000e+03   1.2000000e+01   4.0000000e+00   1.0000000e+01   2.6000000e+01   2.2999901e+01  -5.3293771e+01  -3.7921430e+01   4.9728354e+02   4.3485523e-02   2.5263905e-01   1.1265011e-01
   2.0120000e+03   1.2000000e+01   4.0000000e+00   1.0000000e+01   2.7000000e+01   5.8000000e+01  -5.3298141e+01  -3.7919803e+01   4.9739893e+02   1.3684841e-01   4.4054346e-01   0.0000000e+00
   2.0120000e+03   1.2000000e+01   4.0000000e+00   1.0000000e+01   2.9000000e+01   3.3000000e+01  -5.3302572e+01  -3.7918275e+01   5.0281631e+02   5.8757596e-02   1.8915291e-01   0.0000000e+00
   2.0120000e+03   1.2000000e+01   4.0000000e+00   1.0000000e+01   3.1000000e+01   9.0000992e+00  -5.3307021e+01  -3.7916785e+01   5.0410462e+02   1.2073263e-01   3.8866343e-01   0.0000000e+00
   2.0120000e+03   1.2000000e+01   4.0000000e+00   1.0000000e+01   3.2000000e+01   4.7000000e+01  -5.3311345e+01  -3.7915263e+01   4.9104245e+02   9.2727550e-02   3.5498331e-01   6.7556815e-02
   2.0120000e+03   1.2000000e+01   4.0000000e+00   1.0000000e+01   3.4000000e+01   2.4000000e+01  -5.3315784e+01  -3.7913969e+01   5.0070084e+02   1.0987022e-01   3.5369508e-01   2.3123267e-01
   2.0120000e+03   1.2000000e+01   4.0000000e+00   1.0000000e+01   3.5000000e+01   5.8000000e+01  -5.3320187e+01  -3.7912559e+01   4.9804288e+02   0.0000000e+00   2.5809416e-01   1.1405179e-01
   2.0120000e+03   1.2000000e+01   4.0000000e+00   1.0000000e+01   3.7000000e+01   3.1000000e+01  -5.3324642e+01  -3.7911172e+01   5.0353513e+02   1.3163109e-01   5.1398776e-01   1.1879430e-01
   2.0120000e+03   1.2000000e+01   4.0000000e+00   1.0000000e+01   3.9000000e+01   6.0000000e+00  -5.3329090e+01  -3.7909698e+01   5.0387067e+02   7.6894036e-02   3.1482910e-01   0.0000000e+00
   2.0120000e+03   1.2000000e+01   4.0000000e+00   1.0000000e+01   4.0000000e+01   5.1000000e+01  -5.3333472e+01  -3.7908022e+01   4.9947251e+02   2.0926940e+01   6.7621631e+01   4.6963088e+01
   2.0120000e+03   1.2000000e+01   4.0000000e+00   1.0000000e+01   4.2000000e+01   5.9000000e+01  -5.3337909e+01  -3.7906587e+01   5.0209283e+02   3.3866793e-01   1.0902424e+00   5.5006763e-01
   2.0120000e+03   1.2000000e+01   4.0000000e+00   1.0000000e+01   4.5000000e+01   3.4000000e+01  -5.3342188e+01  -3.7904988e+01   4.8720402e+02   3.3651653e-01   2.2358223e-01   8.2915722e-02
   2.0120000e+03   1.2000000e+01   4.0000000e+00   1.0000000e+01   4.8000000e+01   2.2000000e+01  -5.3346553e+01  -3.7903453e+01   4.9568041e+02   4.2641982e-02   1.3727340e-01   0.0000000e+00
   2.0120000e+03   1.2000000e+01   4.0000000e+00   1.0000000e+01   5.1000000e+01   9.0000992e+00  -5.3350917e+01  -3.7901979e+01   4.9460243e+02   2.7650856e-01   6.7694003e-01   0.0000000e+00
   2.0120000e+03   1.2000000e+01   4.0000000e+00   1.0000000e+01   5.3000000e+01   2.9000099e+01  -5.3355209e+01  -3.7900516e+01   4.8670467e+02   2.1198748e-01   6.2911082e-01   0.0000000e+00
   2.0120000e+03   1.2000000e+01   4.0000000e+00   1.0000000e+01   5.5000000e+01   1.6000000e+01  -5.3359692e+01  -3.7899071e+01   5.0731973e+02   1.4198452e-01   6.7444199e-01   0.0000000e+00
   2.0120000e+03   1.2000000e+01   4.0000000e+00   1.0000000e+01   5.6000000e+01   5.4000000e+01  -5.3364173e+01  -3.7897567e+01   5.0781375e+02   2.4584943e-01   5.8682820e-01   1.6363194e-01
   2.0120000e+03   1.2000000e+01   4.0000000e+00   1.0000000e+01   5.8000000e+01   3.2000000e+01  -5.3368585e+01  -3.7896212e+01   4.9848224e+02   2.5069256e-02   4.9850442e-01   3.6613822e-01
   2.0120000e+03   1.2000000e+01   4.0000000e+00   1.1000000e+01   0.0000000e+00   7.0000992e+00  -5.3373002e+01  -3.7894690e+01   5.0101229e+02   2.5283308e-02   8.1392222e-02   8.1392222e-02
   2.0120000e+03   1.2000000e+01   4.0000000e+00   1.1000000e+01   1.0000000e+00   4.0000099e+01  -5.3377383e+01  -3.7893226e+01   4.9639487e+02   2.5340962e-02   8.1577824e-02   0.0000000e+00
   2.0120000e+03   1.2000000e+01   4.0000000e+00   1.1000000e+01   3.0000000e+00   1.2000099e+01  -5.3381786e+01  -3.7891757e+01   4.9892242e+02   2.1603660e-02   6.9546671e-02   0.0000000e+00
   2.0120000e+03   1.2000000e+01   4.0000000e+00   1.1000000e+01   4.0000000e+00   4.5000099e+01  -5.3386193e+01  -3.7890255e+01   4.9964819e+02   2.2207163e-02   7.1489473e-02   0.0000000e+00
   2.0120000e+03   1.2000000e+01   4.0000000e+00   1.1000000e+01   6.0000000e+00   2.0000000e+01  -5.3390629e+01  -3.7888798e+01   5.0230883e+02   2.2966902e-02   1.1007313e-01   3.6137898e-02
   2.0120000e+03   1.2000000e+01   4.0000000e+00   1.1000000e+01   7.0000000e+00   5.7000000e+01  -5.3395044e+01  -3.7887287e+01   5.0069001e+02   0.0000000e+00   0.0000000e+00   0.0000000e+00
   2.0120000e+03   1.2000000e+01   4.0000000e+00   1.1000000e+01   9.0000000e+00   3.6000000e+01  -5.3399457e+01  -3.7885798e+01   5.0026487e+02   5.3626682e-03   8.3732891e-02   0.0000000e+00
   2.0120000e+03   1.2000000e+01   4.0000000e+00   1.1000000e+01   1.1000000e+01   1.5000000e+01  -5.3403890e+01  -3.7884305e+01   5.0234103e+02   7.0322088e-03   2.2638142e-02   2.2638142e-02
   2.0120000e+03   1.2000000e+01   4.0000000e+00   1.1000000e+01   1.2000000e+01   5.5000099e+01  -5.3408270e+01  -3.7882853e+01   4.9613895e+02   0.0000000e+00   0.0000000e+00   0.0000000e+00
   2.0120000e+03   1.2000000e+01   4.0000000e+00   1.1000000e+01   1.4000000e+01   3.4000000e+01  -5.3412649e+01  -3.7881448e+01   4.9542015e+02   2.3741951e+02   7.6495045e+02   7.4287414e+02
   2.0120000e+03   1.2000000e+01   4.0000000e+00   1.1000000e+01   1.6000000e+01   1.3000000e+01  -5.3417118e+01  -3.7880079e+01   5.0486792e+02   2.5552253e-02   8.2258014e-02   0.0000000e+00
   2.0120000e+03   1.2000000e+01   4.0000000e+00   1.1000000e+01   1.7000000e+01   5.3000000e+01  -5.3421513e+01  -3.7878701e+01   4.9675149e+02   9.2502129e-02   3.0059688e-01   1.1113341e-01
   2.0120000e+03   1.2000000e+01   4.0000000e+00   1.1000000e+01   1.9000000e+01   3.2000099e+01  -5.3425917e+01  -3.7877271e+01   4.9849895e+02   0.0000000e+00   1.1123745e-01   0.0000000e+00
   2.0120000e+03   1.2000000e+01   4.0000000e+00   1.1000000e+01   2.1000000e+01   1.1000000e+01  -5.3430314e+01  -3.7875785e+01   4.9843765e+02   0.0000000e+00   9.4984518e-02   0.0000000e+00
   2.0120000e+03   1.2000000e+01   4.0000000e+00   1.1000000e+01   2.2000000e+01   5.0000000e+01  -5.3434768e+01  -3.7874356e+01   5.0380372e+02   1.9953040e-01   6.4232982e-01   0.0000000e+00
   2.0120000e+03   1.2000000e+01   4.0000000e+00   1.1000000e+01   2.4000000e+01   2.6000000e+01  -5.3439149e+01  -3.7872929e+01   4.9594441e+02   9.7106521e-02   3.6756865e-01   0.0000000e+00
   2.0120000e+03   1.2000000e+01   4.0000000e+00   1.1000000e+01   2.6000000e+01   2.0000000e+00  -5.3443554e+01  -3.7871504e+01   4.9852972e+02   1.1055590e-01   4.4406937e-01   0.0000000e+00
   2.0120000e+03   1.2000000e+01   4.0000000e+00   1.1000000e+01   2.7000000e+01   3.8000000e+01  -5.3447957e+01  -3.7870044e+01   4.9861399e+02   2.6910282e-01   1.0490609e+00   2.4230026e-01
   2.0120000e+03   1.2000000e+01   4.0000000e+00   1.1000000e+01   2.9000000e+01   1.5000099e+01  -5.3452324e+01  -3.7868459e+01   4.9654567e+02   3.5483405e-01   1.4723758e+00   1.9974108e-01
   2.0120000e+03   1.2000000e+01   4.0000000e+00   1.1000000e+01   3.0000000e+01   5.2000000e+01  -5.3456728e+01  -3.7866828e+01   5.0106838e+02   6.9860528e-02   6.0164286e-01   6.1114617e-02
   2.0120000e+03   1.2000000e+01   4.0000000e+00   1.1000000e+01   3.2000000e+01   2.8000000e+01  -5.3461127e+01  -3.7865262e+01   4.9965247e+02   2.2479243e-01   6.7841543e-01   0.0000000e+00
   2.0120000e+03   1.2000000e+01   4.0000000e+00   1.1000000e+01   3.4000000e+01   4.0000000e+00  -5.3465512e+01  -3.7863738e+01   4.9766070e+02   2.6856022e-01   8.6455115e-01   8.1546977e-02
   2.0120000e+03   1.2000000e+01   4.0000000e+00   1.1000000e+01   3.5000000e+01   4.1000000e+01  -5.3469936e+01  -3.7862119e+01   5.0312698e+02   1.4201749e-01   8.0640668e-01   9.5540799e-02
   2.0120000e+03   1.2000000e+01   4.0000000e+00   1.1000000e+01   3.7000000e+01   1.7000000e+01  -5.3474345e+01  -3.7860438e+01   5.0236236e+02   6.4076740e-02   2.0627634e-01   2.0627634e-01
   2.0120000e+03   1.2000000e+01   4.0000000e+00   1.1000000e+01   3.8000000e+01   5.3000000e+01  -5.3478711e+01  -3.7858788e+01   4.9723226e+02   4.2194065e-02   1.3583146e-01   0.0000000e+00
   2.0120000e+03   1.2000000e+01   4.0000000e+00   1.1000000e+01   4.0000000e+01   3.0000099e+01  -5.3483114e+01  -3.7857177e+01   5.0076425e+02   1.0151943e-01   3.2681216e-01   0.0000000e+00
   2.0120000e+03   1.2000000e+01   4.0000000e+00   1.1000000e+01   4.2000000e+01   7.0000000e+00  -5.3487509e+01  -3.7855665e+01   4.9845155e+02   4.6822493e-02   1.5073133e-01   0.0000000e+00
   2.0120000e+03   1.2000000e+01   4.0000000e+00   1.1000000e+01   4.3000000e+01   4.4000099e+01  -5.3491910e+01  -3.7854325e+01   4.9700195e+02   4.5140447e-02   2.1010548e-01   6.4789002e-02
   2.0120000e+03   1.2000000e+01   4.0000000e+00   1.1000000e+01   4.5000000e+01   2.1000000e+01  -5.3496336e+01  -3.7852928e+01   5.0045609e+02   5.2329703e-02   1.6846019e-01   1.6846019e-01
   2.0120000e+03   1.2000000e+01   4.0000000e+00   1.1000000e+01   4.6000000e+01   5.8999901e+01  -5.3500781e+01  -3.7851736e+01   5.0018583e+02   4.4899273e-02   1.7444439e-01   1.4454009e-01
   2.0120000e+03   1.2000000e+01   4.0000000e+00   1.1000000e+01   4.8000000e+01   3.6000000e+01  -5.3505231e+01  -3.7850515e+01   5.0097086e+02   8.7380310e-02   2.8129538e-01   1.4664287e-01
   2.0120000e+03   1.2000000e+01   4.0000000e+00   1.1000000e+01   5.0000000e+01   1.6000000e+01  -5.3509801e+01  -3.7849075e+01   5.1669019e+02   3.2651471e-01   1.0511187e+00   8.0862396e-01
   2.0120000e+03   1.2000000e+01   4.0000000e+00   1.1000000e+01   5.2000000e+01   2.1000000e+01  -5.3514094e+01  -3.7847619e+01   4.8665760e+02   1.5594451e-01   3.4027741e-01   1.5832478e-01
   2.0120000e+03   1.2000000e+01   4.0000000e+00   1.1000000e+01   5.4000000e+01   5.3000000e+01  -5.3518454e+01  -3.7845858e+01   4.9825108e+02   2.0987489e-01   6.7563089e-01   0.0000000e+00
   2.0120000e+03   1.2000000e+01   4.0000000e+00   1.1000000e+01   5.7000000e+01   3.0000000e+01  -5.3522811e+01  -3.7844370e+01   4.9403477e+02   1.5443770e-01   4.9716705e-01   0.0000000e+00
   2.0120000e+03   1.2000000e+01   4.0000000e+00   1.1000000e+01   5.9000000e+01   4.7000000e+01  -5.3526999e+01  -3.7842990e+01   4.7417038e+02   7.0737200e-02   2.3759435e-01   1.4348347e-01
   2.0120000e+03   1.2000000e+01   4.0000000e+00   1.2000000e+01   1.0000000e+00   3.3000000e+01  -5.3531619e+01  -3.7841569e+01   5.2195814e+02   2.4391517e-01   7.9471902e-01   7.2335711e-01
   2.0120000e+03   1.2000000e+01   4.0000000e+00   1.2000000e+01   3.0000000e+00   7.0000000e+00  -5.3536104e+01  -3.7840237e+01   5.0601483e+02   9.8866522e-02   2.0824737e-01   9.1832431e-02
   2.0120000e+03   1.2000000e+01   4.0000000e+00   1.2000000e+01   4.0000000e+00   4.1000099e+01  -5.3540493e+01  -3.7838779e+01   4.9716798e+02   8.3560181e-02   2.6899759e-01   9.8656289e-02
   2.0120000e+03   1.2000000e+01   4.0000000e+00   1.2000000e+01   6.0000000e+00   1.9000000e+01  -5.3544872e+01  -3.7837179e+01   4.9795990e+02   1.3222583e-01   3.1838742e-01   1.2318809e-01
   2.0120000e+03   1.2000000e+01   4.0000000e+00   1.2000000e+01   8.0000000e+00   0.0000000e+00  -5.3549293e+01  -3.7835624e+01   5.0181740e+02   2.9045816e+00   9.2094940e+00   2.4128599e-01
   2.0120000e+03   1.2000000e+01   4.0000000e+00   1.2000000e+01   9.0000000e+00   4.1000000e+01  -5.3553609e+01  -3.7834035e+01   4.9095066e+02   6.1572266e-02   2.3919053e-01   1.0853447e-01
   2.0120000e+03   1.2000000e+01   4.0000000e+00   1.2000000e+01   1.1000000e+01   2.1000000e+01  -5.3558073e+01  -3.7832686e+01   5.0391727e+02   5.0236281e-02   1.6172103e-01   1.1039623e-01
   2.0120000e+03   1.2000000e+01   4.0000000e+00   1.2000000e+01   1.2000000e+01   5.6000000e+01  -5.3562537e+01  -3.7831280e+01   5.0464388e+02   2.9050038e-01   1.6275768e+00   1.1441829e-01
   2.0120000e+03   1.2000000e+01   4.0000000e+00   1.2000000e+01   1.4000000e+01   3.0000000e+01  -5.3566946e+01  -3.7829872e+01   4.9873681e+02   4.0234355e+03   1.2952275e+04   3.4953511e+03
   2.0120000e+03   1.2000000e+01   4.0000000e+00   1.2000000e+01   1.6000000e+01   7.0000000e+00  -5.3571360e+01  -3.7828536e+01   4.9831338e+02   5.9043024e+03   1.9007205e+04   1.6392623e+04
   2.0120000e+03   1.2000000e+01   4.0000000e+00   1.2000000e+01   1.7000000e+01   4.5000000e+01  -5.3575772e+01  -3.7827064e+01   4.9977651e+02   5.2579159e-02   1.8249008e-01   9.5322260e-02
   2.0120000e+03   1.2000000e+01   4.0000000e+00   1.2000000e+01   1.9000000e+01   2.4000000e+01  -5.3580146e+01  -3.7825528e+01   4.9649038e+02   3.8096057e-02   1.3564691e-01   9.0738690e-02
   2.0120000e+03   1.2000000e+01   4.0000000e+00   1.2000000e+01   2.1000000e+01   4.0000000e+00  -5.3584532e+01  -3.7823900e+01   4.9905454e+02   3.8670327e-02   1.6104345e-01   1.2448782e-01
   2.0120000e+03   1.2000000e+01   4.0000000e+00   1.2000000e+01   2.2000000e+01   4.2000000e+01  -5.3588976e+01  -3.7822260e+01   5.0556845e+02   3.8947231e-02   1.3342335e-01   8.9636061e-02
   2.0120000e+03   1.2000000e+01   4.0000000e+00   1.2000000e+01   2.4000000e+01   1.8000000e+01  -5.3593357e+01  -3.7820754e+01   4.9684688e+02   1.6429207e+00   3.0016398e-01   6.8897328e-03
   2.0120000e+03   1.2000000e+01   4.0000000e+00   1.2000000e+01   2.5000000e+01   5.3000000e+01  -5.3597744e+01  -3.7819367e+01   4.9599094e+02   6.9962033e-02   2.2522232e-01   1.1108008e-01
   2.0120000e+03   1.2000000e+01   4.0000000e+00   1.2000000e+01   2.7000000e+01   2.9000000e+01  -5.3602148e+01  -3.7817981e+01   4.9783372e+02   5.2873928e-02   3.2796968e-01   2.5470785e-01
   2.0120000e+03   1.2000000e+01   4.0000000e+00   1.2000000e+01   2.9000000e+01   4.0000000e+00  -5.3606589e+01  -3.7816599e+01   5.0183868e+02   5.2165185e-02   1.6793057e-01   0.0000000e+00
   2.0120000e+03   1.2000000e+01   4.0000000e+00   1.2000000e+01   3.0000000e+01   3.8000000e+01  -5.3611003e+01  -3.7815215e+01   4.9886233e+02   5.1732371e-02   1.6653725e-01   0.0000000e+00
   2.0120000e+03   1.2000000e+01   4.0000000e+00   1.2000000e+01   3.2000000e+01   1.3000000e+01  -5.3615439e+01  -3.7813784e+01   5.0188300e+02   8.3540854e-02   2.6893537e-01   0.0000000e+00
   2.0120000e+03   1.2000000e+01   4.0000000e+00   1.2000000e+01   3.3000000e+01   5.0000000e+01  -5.3619862e+01  -3.7812252e+01   5.0173712e+02   2.1595215e-02   1.6640812e-01   0.0000000e+00
   2.0120000e+03   1.2000000e+01   4.0000000e+00   1.2000000e+01   3.5000000e+01   2.7000000e+01  -5.3624267e+01  -3.7810749e+01   4.9939570e+02   1.4147279e+00   4.6702308e+00   4.4757802e+00
   2.0120000e+03   1.2000000e+01   4.0000000e+00   1.2000000e+01   3.7000000e+01   4.0000000e+00  -5.3628636e+01  -3.7809198e+01   4.9612820e+02   1.3431373e-01   4.3238380e-01   3.9683303e-01
   2.0120000e+03   1.2000000e+01   4.0000000e+00   1.2000000e+01   3.8000000e+01   4.0000000e+01  -5.3633031e+01  -3.7807623e+01   4.9923838e+02   4.1384955e-02   1.5950322e-01   0.0000000e+00
   2.0120000e+03   1.2000000e+01   4.0000000e+00   1.2000000e+01   4.0000000e+01   1.7000000e+01  -5.3637475e+01  -3.7806041e+01   5.0471047e+02   3.8418597e-02   1.3316455e-01   0.0000000e+00
   2.0120000e+03   1.2000000e+01   4.0000000e+00   1.2000000e+01   4.1000000e+01   5.5000000e+01  -5.3641895e+01  -3.7804511e+01   5.0144270e+02   3.1327759e-02   1.4643897e-01   0.0000000e+00
   2.0120000e+03   1.2000000e+01   4.0000000e+00   1.2000000e+01   4.3000000e+01   3.4000000e+01  -5.3646273e+01  -3.7802979e+01   4.9678216e+02   3.7157509e-02   1.1961774e-01   1.1961774e-01
   2.0120000e+03   1.2000000e+01   4.0000000e+00   1.2000000e+01   4.5000000e+01   1.3000000e+01  -5.3650680e+01  -3.7801531e+01   4.9897412e+02   4.7804079e-02   1.5389126e-01   0.0000000e+00
   2.0120000e+03   1.2000000e+01   4.0000000e+00   1.2000000e+01   4.6000000e+01   5.1000000e+01  -5.3655065e+01  -3.7800081e+01   4.9654425e+02   4.5050636e-02   2.7555428e-01   1.3052692e-01
   2.0120000e+03   1.2000000e+01   4.0000000e+00   1.2000000e+01   4.8000000e+01   3.0000000e+01  -5.3659489e+01  -3.7798639e+01   5.0068746e+02   9.8197082e-02   3.3899493e-01   1.6304167e-01
   2.0120000e+03   1.2000000e+01   4.0000000e+00   1.2000000e+01   5.0000000e+01   7.0000000e+00  -5.3663885e+01  -3.7797200e+01   4.9750091e+02   7.8105103e-02   2.5143656e-01   1.4187789e-01
   2.0120000e+03   1.2000000e+01   4.0000000e+00   1.2000000e+01   5.1000000e+01   4.4000000e+01  -5.3668321e+01  -3.7795752e+01   5.0206978e+02   4.1799579e-02   2.3818096e-01   1.7881152e-01
   2.0120000e+03   1.2000000e+01   4.0000000e+00   1.2000000e+01   5.3000000e+01   2.2000000e+01  -5.3672759e+01  -3.7794223e+01   5.0329719e+02   2.4745677e-01   5.9622643e-01   9.2381916e-02
   2.0120000e+03   1.2000000e+01   4.0000000e+00   1.2000000e+01   5.5000000e+01   0.0000000e+00  -5.3677125e+01  -3.7792658e+01   4.9601253e+02   1.7008483e+02   5.4760580e+02   5.4751325e+02
   2.0120000e+03   1.2000000e+01   4.0000000e+00   1.2000000e+01   5.6000000e+01   3.7000000e+01  -5.3681509e+01  -3.7791018e+01   4.9893876e+02   1.0241365e-01   3.2969081e-01   2.0981427e-01
   2.0120000e+03   1.2000000e+01   4.0000000e+00   1.2000000e+01   5.8000000e+01   1.4000000e+01  -5.3685949e+01  -3.7789517e+01   5.0316428e+02   9.7006803e-02   8.5985988e-01   1.5539280e-01
   2.0120000e+03   1.2000000e+01   4.0000000e+00   1.3000000e+01   0.0000000e+00   9.0000000e+00  -5.3690579e+01  -3.7788130e+01   5.2257054e+02   1.1157760e-01   3.9410704e-01   0.0000000e+00
   2.0120000e+03   1.2000000e+01   4.0000000e+00   1.3000000e+01   2.0000000e+00   3.3000000e+01  -5.3694566e+01  -3.7786382e+01   4.5770157e+02   2.5045041e-01   8.8531393e-01   6.3896024e-01
   2.0120000e+03   1.2000000e+01   4.0000000e+00   1.3000000e+01   4.0000000e+00   4.0000000e+01  -5.3698925e+01  -3.7785004e+01   4.9283202e+02   1.3732134e-01   6.9302357e-01   3.9841822e-01
   2.0120000e+03   1.2000000e+01   4.0000000e+00   1.3000000e+01   6.0000000e+00   1.8000000e+01  -5.3703566e+01  -3.7783726e+01   5.2246454e+02   1.4094820e-01   4.5374155e-01   1.3486163e-01
   2.0120000e+03   1.2000000e+01   4.0000000e+00   1.3000000e+01   7.0000000e+00   5.5000000e+01  -5.3707955e+01  -3.7782231e+01   4.9756891e+02   1.1290593e-01   3.7252395e-01   5.5169621e-02
   2.0120000e+03   1.2000000e+01   4.0000000e+00   1.3000000e+01   9.0000000e+00   3.3000000e+01  -5.3712365e+01  -3.7780844e+01   4.9836006e+02   1.0506672e-01   3.3823161e-01   1.2931346e-01
   2.0120000e+03   1.2000000e+01   4.0000000e+00   1.3000000e+01   1.1000000e+01   1.0000000e+01  -5.3716802e+01  -3.7779438e+01   5.0173096e+02   1.0528889e-01   3.6285177e-01   1.5154798e-01
   2.0120000e+03   1.2000000e+01   4.0000000e+00   1.3000000e+01   1.2000000e+01   4.7000000e+01  -5.3721219e+01  -3.7777972e+01   5.0014039e+02   1.3026801e-01   4.1935981e-01   3.7144223e-01
   2.0120000e+03   1.2000000e+01   4.0000000e+00   1.3000000e+01   1.4000000e+01   2.5000000e+01  -5.3725627e+01  -3.7776410e+01   5.0043024e+02   1.3183670e-01   2.9580941e-01   1.3846805e-01
   2.0120000e+03   1.2000000e+01   4.0000000e+00   1.3000000e+01   1.6000000e+01   1.0000000e+00  -5.3730029e+01  -3.7774901e+01   4.9913034e+02   1.3432769e-01   5.0015967e-01   6.4241085e-02
   2.0120000e+03   1.2000000e+01   4.0000000e+00   1.3000000e+01   1.7000000e+01   3.6000000e+01  -5.3734408e+01  -3.7773349e+01   4.9714331e+02   1.4160952e-01   5.0652345e-01   2.5713374e-01
   2.0120000e+03   1.2000000e+01   4.0000000e+00   1.3000000e+01   1.9000000e+01   1.1000000e+01  -5.3738787e+01  -3.7771745e+01   4.9791179e+02   9.1741741e-02   3.1192327e-01   2.1398795e-01
   2.0120000e+03   1.2000000e+01   4.0000000e+00   1.3000000e+01   2.0000000e+01   4.7000000e+01  -5.3743201e+01  -3.7770317e+01   4.9943052e+02   1.6508947e-01   5.3145730e-01   2.8921768e-01
   2.0120000e+03   1.2000000e+01   4.0000000e+00   1.3000000e+01   2.2000000e+01   2.4000000e+01  -5.3747621e+01  -3.7768864e+01   5.0030300e+02   4.8553423e-02   1.9647293e-01   0.0000000e+00
   2.0120000e+03   1.2000000e+01   4.0000000e+00   1.3000000e+01   2.4000000e+01   1.0000000e+00  -5.3752036e+01  -3.7767439e+01   4.9950371e+02   1.2099833e-01   3.8951876e-01   1.8662769e-01
   2.0120000e+03   1.2000000e+01   4.0000000e+00   1.3000000e+01   2.5000000e+01   3.7000000e+01  -5.3756439e+01  -3.7765987e+01   4.9838547e+02   9.1796635e-02   3.6857561e-01   2.2152441e-01
   2.0120000e+03   1.2000000e+01   4.0000000e+00   1.3000000e+01   2.7000000e+01   1.5000000e+01  -5.3760861e+01  -3.7764442e+01   5.0180198e+02   2.9442315e-01   8.8345844e-01   3.2597774e-01
   2.0120000e+03   1.2000000e+01   4.0000000e+00   1.3000000e+01   2.8000000e+01   5.2000000e+01  -5.3765263e+01  -3.7762904e+01   4.9949784e+02   1.1420534e-01   3.7327472e-01   2.1380182e-01
   2.0120000e+03   1.2000000e+01   4.0000000e+00   1.3000000e+01   3.0000000e+01   2.8000000e+01  -5.3769650e+01  -3.7761425e+01   4.9700760e+02   1.4160741e-01   4.5586368e-01   3.2174132e-01
   2.0120000e+03   1.2000000e+01   4.0000000e+00   1.3000000e+01   3.2000000e+01   4.0000000e+00  -5.3774040e+01  -3.7759923e+01   4.9775210e+02   1.3564059e-01   3.9876694e-01   2.7735488e-01
   2.0120000e+03   1.2000000e+01   4.0000000e+00   1.3000000e+01   3.3000000e+01   4.0000000e+01  -5.3778446e+01  -3.7758465e+01   4.9878153e+02   5.8922602e-02   4.2300282e-01   7.2774044e-02
   2.0120000e+03   1.2000000e+01   4.0000000e+00   1.3000000e+01   3.5000000e+01   1.7000000e+01  -5.3782895e+01  -3.7756924e+01   5.0469223e+02   1.5582287e-01   5.0162619e-01   2.2939600e-01
   2.0120000e+03   1.2000000e+01   4.0000000e+00   1.3000000e+01   3.6000000e+01   5.3000000e+01  -5.3787304e+01  -3.7755398e+01   5.0001013e+02   1.8070990e-02   3.0253968e-01   1.9152495e-02
   2.0120000e+03   1.2000000e+01   4.0000000e+00   1.3000000e+01   3.8000000e+01   2.9000000e+01  -5.3791692e+01  -3.7753922e+01   4.9714352e+02   1.0815959e-02   2.3767016e-01   0.0000000e+00
   2.0120000e+03   1.2000000e+01   4.0000000e+00   1.3000000e+01   4.0000000e+01   5.0000000e+00  -5.3796113e+01  -3.7752445e+01   5.0072153e+02   7.7260751e-02   3.0088652e-01   0.0000000e+00
   2.0120000e+03   1.2000000e+01   4.0000000e+00   1.3000000e+01   4.1000000e+01   4.2000000e+01  -5.3800523e+01  -3.7750959e+01   4.9968223e+02   8.1069999e-02   4.0413004e-01   1.4652629e-01
   2.0120000e+03   1.2000000e+01   4.0000000e+00   1.3000000e+01   4.3000000e+01   2.0000000e+01  -5.3804927e+01  -3.7749503e+01   4.9865040e+02   5.5416566e-02   2.0306152e-01   5.7060664e-02
   2.0120000e+03   1.2000000e+01   4.0000000e+00   1.3000000e+01   4.4000000e+01   5.9000000e+01  -5.3809366e+01  -3.7748050e+01   5.0239512e+02   9.9489676e-02   3.4481236e-01   0.0000000e+00
   2.0120000e+03   1.2000000e+01   4.0000000e+00   1.3000000e+01   4.6000000e+01   3.8000000e+01  -5.3813761e+01  -3.7746568e+01   4.9787109e+02   3.2752878e-02   3.4349642e-01   0.0000000e+00
   2.0120000e+03   1.2000000e+01   4.0000000e+00   1.3000000e+01   4.8000000e+01   1.6000000e+01  -5.3818156e+01  -3.7745083e+01   4.9808053e+02   1.1309562e-01   3.8355652e-01   2.4351844e-01
   2.0120000e+03   1.2000000e+01   4.0000000e+00   1.3000000e+01   4.9000000e+01   5.3000000e+01  -5.3822592e+01  -3.7743542e+01   5.0313518e+02   5.4222877e-02   1.7455471e-01   0.0000000e+00
   2.0120000e+03   1.2000000e+01   4.0000000e+00   1.3000000e+01   5.1000000e+01   3.0000000e+01  -5.3827003e+01  -3.7742012e+01   5.0036539e+02   1.0484569e-01   2.6838589e-01   1.6732358e-02
   2.0120000e+03   1.2000000e+01   4.0000000e+00   1.3000000e+01   5.3000000e+01   7.0000000e+00  -5.3831354e+01  -3.7740551e+01   4.9287546e+02   7.4481667e+02   2.3977197e+03   2.3311301e+03
   2.0120000e+03   1.2000000e+01   4.0000000e+00   1.3000000e+01   5.4000000e+01   4.6000000e+01  -5.3835780e+01  -3.7739039e+01   5.0172919e+02   2.1328235e-01   7.4511848e-01   2.9414945e-01
   2.0120000e+03   1.2000000e+01   4.0000000e+00   1.3000000e+01   5.6000000e+01   2.5000000e+01  -5.3840234e+01  -3.7737473e+01   5.0544478e+02   1.7408225e-01   6.4936751e-01   1.8221299e-01
   2.0120000e+03   1.2000000e+01   4.0000000e+00   1.3000000e+01   5.8000000e+01   2.0000000e+00  -5.3844609e+01  -3.7735960e+01   4.9611800e+02   1.2874675e-01   4.2211821e-01   1.7949380e-01
   2.0120000e+03   1.2000000e+01   4.0000000e+00   1.3000000e+01   5.9000000e+01   4.0000000e+01  -5.3848991e+01  -3.7734422e+01   4.9733313e+02   8.3996080e-02   3.5953551e-01   2.5558880e-01
   2.0120000e+03   1.2000000e+01   4.0000000e+00   1.4000000e+01   1.0000000e+00   1.9000000e+01  -5.3853452e+01  -3.7732914e+01   5.0537399e+02   1.3061930e-01   4.2049067e-01   0.0000000e+00
   2.0120000e+03   1.2000000e+01   4.0000000e+00   1.4000000e+01   2.0000000e+00   5.7000000e+01  -5.3857836e+01  -3.7731544e+01   4.9537875e+02   9.3082733e-02   3.1065072e-01   7.2134634e-02
   2.0120000e+03   1.2000000e+01   4.0000000e+00   1.4000000e+01   4.0000000e+00   3.6000000e+01  -5.3862263e+01  -3.7730051e+01   5.0157304e+02   1.1081121e-01   6.0092398e-01   2.0343429e-01
   2.0120000e+03   1.2000000e+01   4.0000000e+00   1.4000000e+01   6.0000000e+00   3.4000000e+01  -5.3866921e+01  -3.7728701e+01   5.2516216e+02   1.1530776e-01   3.7119965e-01   1.7598933e-01
   2.0120000e+03   1.2000000e+01   4.0000000e+00   1.4000000e+01   8.0000000e+00   5.4000000e+01  -5.3870806e+01  -3.7727582e+01   4.3779909e+02   1.1843880e-01   3.9981520e-01   0.0000000e+00
