   1.9980000e+03   2.0000000e+00   2.0000000e+00   8.0000000e+00   1.0000000e+01   4.0000000e+00  -5.3206970e+01  -3.8308406e+01   4.9770698e+02   1.6452003e+00   4.2181448e+00   1.1333099e+00
   1.9980000e+03   2.0000000e+00   2.0000000e+00   8.0000000e+00   1.1000000e+01   3.9000099e+01  -5.3211279e+01  -3.8306768e+01   4.9117758e+02   1.1532374e+00   3.7703806e+00   2.8937269e+00
   1.9980000e+03   2.0000000e+00   2.0000000e+00   8.0000000e+00   1.3000000e+01   1.3999901e+01  -5.3215657e+01  -3.8305176e+01   4.9785070e+02   3.8023676e-01   1.1248189e+00   0.0000000e+00
   1.9980000e+03   2.0000000e+00   2.0000000e+00   8.0000000e+00   1.4000000e+01   4.7000000e+01  -5.3219986e+01  -3.8303551e+01   4.9307886e+02   1.4483723e+00   3.7134955e+00   1.1887964e+00
   1.9980000e+03   2.0000000e+00   2.0000000e+00   8.0000000e+00   1.6000000e+01   2.1000000e+01  -5.3224327e+01  -3.8301926e+01   4.9429562e+02   2.5473462e+00   6.5311652e+00   4.7891277e+00
   1.9980000e+03   2.0000000e+00   2.0000000e+00   8.0000000e+00   1.8000000e+01   9.9182129e-05  -5.3228701e+01  -3.8300232e+01   4.9892751e+02   2.7214240e+00   6.9774850e+00   1.3268339e+00
   1.9980000e+03   2.0000000e+00   2.0000000e+00   8.0000000e+00   1.9000000e+01   4.1000099e+01  -5.3233054e+01  -3.8298573e+01   4.9606265e+02   1.8391202e+00   4.7153380e+00   7.6505258e-01
   1.9980000e+03   2.0000000e+00   2.0000000e+00   8.0000000e+00   2.1000000e+01   2.0000000e+01  -5.3237401e+01  -3.8296912e+01   4.9557457e+02   2.0351989e+00   5.3132537e+00   4.1589319e+00
   1.9980000e+03   2.0000000e+00   2.0000000e+00   8.0000000e+00   2.2000000e+01   5.7000000e+01  -5.3241796e+01  -3.8295233e+01   5.0092181e+02   1.5507844e+00   3.9760709e+00   1.7034679e+00
   1.9980000e+03   2.0000000e+00   2.0000000e+00   8.0000000e+00   2.4000000e+01   3.5000000e+01  -5.3246186e+01  -3.8293698e+01   4.9847526e+02   1.5210869e+00   4.0121753e+00   2.6613465e+00
   1.9980000e+03   2.0000000e+00   2.0000000e+00   8.0000000e+00   2.6000000e+01   1.2000000e+01  -5.3250516e+01  -3.8292092e+01   4.9285450e+02   9.3360224e-01   2.3936717e+00   6.9730467e-01
   1.9980000e+03   2.0000000e+00   2.0000000e+00   8.0000000e+00   2.7000000e+01   5.1000099e+01  -5.3254916e+01  -3.8290483e+01   5.0043933e+02   4.6966649e-01   1.5084414e+00   0.0000000e+00
   1.9980000e+03   2.0000000e+00   2.0000000e+00   8.0000000e+00   2.9000000e+01   3.1000000e+01  -5.3259332e+01  -3.8289104e+01   4.9926163e+02   1.5404891e+00   4.5209187e+00   1.3303442e+00
   1.9980000e+03   2.0000000e+00   2.0000000e+00   8.0000000e+00   3.1000000e+01   1.1000000e+01  -5.3263692e+01  -3.8287787e+01   4.9231524e+02   5.4937028e-01   1.6239021e+00   1.6060835e-01
   1.9980000e+03   2.0000000e+00   2.0000000e+00   8.0000000e+00   3.2000000e+01   5.1000000e+01  -5.3268136e+01  -3.8286447e+01   5.0168976e+02   7.9620642e-01   2.0774874e+00   3.1829021e-01
   1.9980000e+03   2.0000000e+00   2.0000000e+00   8.0000000e+00   3.4000000e+01   2.9000099e+01  -5.3272536e+01  -3.8285146e+01   4.9651786e+02   1.0310320e+00   2.7662400e+00   3.2315071e-01
   1.9980000e+03   2.0000000e+00   2.0000000e+00   8.0000000e+00   3.6000000e+01   5.0000000e+00  -5.3276889e+01  -3.8283836e+01   4.9156345e+02   2.4425840e-01   1.0305222e+00   3.7697225e-01
   1.9980000e+03   2.0000000e+00   2.0000000e+00   8.0000000e+00   3.7000000e+01   4.2000000e+01  -5.3281295e+01  -3.8282561e+01   4.9684198e+02   5.6588216e-01   1.4508707e+00   2.3121697e-01
   1.9980000e+03   2.0000000e+00   2.0000000e+00   8.0000000e+00   3.9000000e+01   2.1000000e+01  -5.3285791e+01  -3.8281247e+01   5.0719512e+02   8.1377912e-01   2.0864561e+00   6.8832452e-01
   1.9980000e+03   2.0000000e+00   2.0000000e+00   8.0000000e+00   4.1000000e+01   0.0000000e+00  -5.3290179e+01  -3.8279996e+01   4.9456594e+02   5.2240047e-01   1.4800447e+00   2.3723373e-01
   1.9980000e+03   2.0000000e+00   2.0000000e+00   8.0000000e+00   4.2000000e+01   3.6000000e+01  -5.3294621e+01  -3.8278750e+01   5.0049380e+02   6.4231428e-01   1.6468357e+00   6.1777826e-01
   1.9980000e+03   2.0000000e+00   2.0000000e+00   8.0000000e+00   4.4000000e+01   1.1000099e+01  -5.3299045e+01  -3.8277448e+01   4.9912453e+02   1.0686992e+00   2.8165830e+00   1.0346351e+00
   1.9980000e+03   2.0000000e+00   2.0000000e+00   8.0000000e+00   4.5000000e+01   4.6000000e+01  -5.3303461e+01  -3.8276184e+01   4.9784717e+02   7.3743934e-01   1.9495532e+00   1.0705722e+00
   1.9980000e+03   2.0000000e+00   2.0000000e+00   8.0000000e+00   4.7000000e+01   2.1000000e+01  -5.3307864e+01  -3.8274874e+01   4.9698152e+02   8.0085781e-01   2.1084792e+00   1.3208625e+00
   1.9980000e+03   2.0000000e+00   2.0000000e+00   8.0000000e+00   4.8000000e+01   5.6000000e+01  -5.3312250e+01  -3.8273524e+01   4.9555637e+02   6.8955931e-01   1.7679677e+00   1.2536373e+00
   1.9980000e+03   2.0000000e+00   2.0000000e+00   8.0000000e+00   5.0000000e+01   3.1000099e+01  -5.3316694e+01  -3.8272228e+01   5.0124276e+02   6.9764173e-01   2.2523467e+00   1.6941598e+00
   1.9980000e+03   2.0000000e+00   2.0000000e+00   8.0000000e+00   5.2000000e+01   6.0000000e+00  -5.3321090e+01  -3.8270934e+01   4.9593520e+02   7.6335097e-01   1.9571629e+00   7.3625362e-01
   1.9980000e+03   2.0000000e+00   2.0000000e+00   8.0000000e+00   5.3000000e+01   4.1000000e+01  -5.3325470e+01  -3.8269694e+01   4.9361505e+02   3.9961351e-01   1.1799228e+00   6.6066017e-01
   1.9980000e+03   2.0000000e+00   2.0000000e+00   8.0000000e+00   5.5000000e+01   1.6000000e+01  -5.3329870e+01  -3.8268414e+01   4.9625259e+02   4.9838226e-01   1.4632390e+00   6.0532723e-01
   1.9980000e+03   2.0000000e+00   2.0000000e+00   8.0000000e+00   5.6000000e+01   5.1000000e+01  -5.3334334e+01  -3.8267184e+01   5.0266500e+02   5.1328587e-01   1.4342542e+00   6.7966387e-01
   1.9980000e+03   2.0000000e+00   2.0000000e+00   8.0000000e+00   5.8000000e+01   2.5000000e+01  -5.3338747e+01  -3.8265953e+01   4.9717112e+02   7.4093558e-01   1.9569957e+00   4.7312917e-01
   1.9980000e+03   2.0000000e+00   2.0000000e+00   8.0000000e+00   5.9000000e+01   5.9000000e+01  -5.3343174e+01  -3.8264699e+01   4.9887105e+02   1.0947396e+00   3.5213590e+00   1.6395609e+00
   1.9980000e+03   2.0000000e+00   2.0000000e+00   9.0000000e+00   1.0000000e+00   3.4000000e+01  -5.3347544e+01  -3.8263399e+01   4.9323532e+02   9.2906323e-01   2.3820341e+00   1.6963560e-01
   1.9980000e+03   2.0000000e+00   2.0000000e+00   9.0000000e+00   3.0000000e+00   9.0000992e+00  -5.3351934e+01  -3.8262168e+01   4.9460115e+02   7.1367500e-01   1.8297982e+00   2.3053425e-01
   1.9980000e+03   2.0000000e+00   2.0000000e+00   9.0000000e+00   4.0000000e+00   4.5000000e+01  -5.3356387e+01  -3.8260990e+01   5.0089577e+02   1.0568989e+00   2.7097933e+00   3.6644335e-01
   1.9980000e+03   2.0000000e+00   2.0000000e+00   9.0000000e+00   6.0000000e+00   2.2000000e+01  -5.3360791e+01  -3.8259724e+01   4.9658713e+02   1.4008032e+00   3.6291731e+00   2.4834457e+00
   1.9980000e+03   2.0000000e+00   2.0000000e+00   9.0000000e+00   8.0000000e+00   0.0000000e+00  -5.3365216e+01  -3.8258444e+01   4.9897323e+02   1.4221012e+00   3.6461388e+00   1.4493423e+00
   1.9980000e+03   2.0000000e+00   2.0000000e+00   9.0000000e+00   9.0000000e+00   3.7000000e+01  -5.3369661e+01  -3.8257112e+01   5.0175952e+02   1.7411550e+00   4.5899468e+00   3.8103593e+00
   1.9980000e+03   2.0000000e+00   2.0000000e+00   9.0000000e+00   1.1000000e+01   1.4000000e+01  -5.3374062e+01  -3.8255789e+01   4.9687907e+02   1.9676030e+00   5.1040760e+00   2.4553698e+00
   1.9980000e+03   2.0000000e+00   2.0000000e+00   9.0000000e+00   1.2000000e+01   4.9000000e+01  -5.3378452e+01  -3.8254519e+01   4.9502807e+02   3.4411041e+00   1.0669985e+01   9.6158007e+00
   1.9980000e+03   2.0000000e+00   2.0000000e+00   9.0000000e+00   1.4000000e+01   2.4000099e+01  -5.3382873e+01  -3.8253139e+01   4.9966814e+02   3.7971352e+00   1.4352798e+01   1.2383106e+01
   1.9980000e+03   2.0000000e+00   2.0000000e+00   9.0000000e+00   1.5000000e+01   5.9000000e+01  -5.3387252e+01  -3.8251700e+01   4.9585641e+02   3.5506404e+00   9.1035210e+00   5.1999325e+00
   1.9980000e+03   2.0000000e+00   2.0000000e+00   9.0000000e+00   1.7000000e+01   3.5000000e+01  -5.3391672e+01  -3.8250257e+01   5.0036659e+02   2.9027657e+00   7.5855368e+00   7.1104583e+00
   1.9980000e+03   2.0000000e+00   2.0000000e+00   9.0000000e+00   1.9000000e+01   1.1000099e+01  -5.3396112e+01  -3.8248824e+01   5.0242073e+02   1.1225383e+00   2.9581661e+00   1.8009703e+00
   1.9980000e+03   2.0000000e+00   2.0000000e+00   9.0000000e+00   2.0000000e+01   4.6000000e+01  -5.3400432e+01  -3.8247399e+01   4.8919636e+02   2.7971478e+00   7.3520756e+00   1.8044158e-01
   1.9980000e+03   2.0000000e+00   2.0000000e+00   9.0000000e+00   2.2000000e+01   2.1000000e+01  -5.3404817e+01  -3.8246029e+01   4.9568441e+02   9.6245239e-01   2.4676409e+00   1.1824198e-01
   1.9980000e+03   2.0000000e+00   2.0000000e+00   9.0000000e+00   2.3000000e+01   5.6000000e+01  -5.3409277e+01  -3.8244695e+01   5.0341853e+02   1.1338517e+00   2.9070932e+00   2.9676991e-01
   1.9980000e+03   2.0000000e+00   2.0000000e+00   9.0000000e+00   2.5000000e+01   3.1000000e+01  -5.3413707e+01  -3.8243339e+01   5.0032836e+02   1.5369211e+00   3.9405266e+00   9.6043039e-01
   1.9980000e+03   2.0000000e+00   2.0000000e+00   9.0000000e+00   2.7000000e+01   5.0000000e+00  -5.3418084e+01  -3.8242057e+01   4.9377970e+02   1.1324852e+00   2.9035897e+00   1.4426971e+00
   1.9980000e+03   2.0000000e+00   2.0000000e+00   9.0000000e+00   2.8000000e+01   3.9000000e+01  -5.3422451e+01  -3.8240780e+01   4.9260181e+02   1.5592491e+00   4.4373096e+00   2.8778105e+00
   1.9980000e+03   2.0000000e+00   2.0000000e+00   9.0000000e+00   3.0000000e+01   1.2000000e+01  -5.3426859e+01  -3.8239475e+01   4.9730954e+02   1.1474835e+00   3.0979810e+00   2.6361665e+00
   1.9980000e+03   2.0000000e+00   2.0000000e+00   9.0000000e+00   3.1000000e+01   4.6000000e+01  -5.3431316e+01  -3.8238160e+01   5.0290612e+02   1.1125224e+00   2.9663689e+00   9.4918441e-01
   1.9980000e+03   2.0000000e+00   2.0000000e+00   9.0000000e+00   3.3000000e+01   2.1000000e+01  -5.3435721e+01  -3.8236835e+01   4.9725658e+02   1.2457203e+00   3.1939143e+00   2.0211412e+00
   1.9980000e+03   2.0000000e+00   2.0000000e+00   9.0000000e+00   3.4000000e+01   5.7000000e+01  -5.3440100e+01  -3.8235375e+01   4.9616996e+02   1.4630933e+00   3.7512390e+00   2.5592373e+00
   1.9980000e+03   2.0000000e+00   2.0000000e+00   9.0000000e+00   3.6000000e+01   3.4000000e+01  -5.3444480e+01  -3.8233820e+01   4.9746266e+02   1.4156755e+00   4.3543288e+00   3.4009004e+00
   1.9980000e+03   2.0000000e+00   2.0000000e+00   9.0000000e+00   3.8000000e+01   1.0000000e+01  -5.3448913e+01  -3.8232247e+01   5.0342191e+02   1.2914504e+00   3.6013246e+00   3.1352980e+00
   1.9980000e+03   2.0000000e+00   2.0000000e+00   9.0000000e+00   3.9000000e+01   4.5000000e+01  -5.3453273e+01  -3.8230670e+01   4.9554790e+02   8.9887522e-01   3.0423697e+00   2.0554159e+00
   1.9980000e+03   2.0000000e+00   2.0000000e+00   9.0000000e+00   4.1000000e+01   1.9000000e+01  -5.3457630e+01  -3.8229110e+01   4.9508382e+02   1.2088948e+00   3.0994970e+00   1.2597615e+00
   1.9980000e+03   2.0000000e+00   2.0000000e+00   9.0000000e+00   4.2000000e+01   5.5000099e+01  -5.3462012e+01  -3.8227483e+01   4.9873916e+02   1.2803886e+00   3.2828006e+00   1.8344448e+00
   1.9980000e+03   2.0000000e+00   2.0000000e+00   9.0000000e+00   4.4000000e+01   3.1000000e+01  -5.3466430e+01  -3.8225850e+01   5.0257137e+02   2.2016357e+00   5.6447948e+00   3.9798668e+00
   1.9980000e+03   2.0000000e+00   2.0000000e+00   9.0000000e+00   4.6000000e+01   6.0000000e+00  -5.3470800e+01  -3.8224180e+01   4.9800004e+02   1.7748573e+00   4.6268429e+00   2.8882792e+00
   1.9980000e+03   2.0000000e+00   2.0000000e+00   9.0000000e+00   4.7000000e+01   4.0000000e+01  -5.3475152e+01  -3.8222580e+01   4.9508224e+02   1.0208049e+00   4.7337400e+00   4.6191068e+00
   1.9980000e+03   2.0000000e+00   2.0000000e+00   9.0000000e+00   4.9000000e+01   1.3000099e+01  -5.3479539e+01  -3.8220980e+01   4.9883304e+02   2.5921786e+00   9.1199695e+00   5.0825027e+00
   1.9980000e+03   2.0000000e+00   2.0000000e+00   9.0000000e+00   5.0000000e+01   5.0000000e+01  -5.3483922e+01  -3.8219338e+01   4.9894799e+02   1.4914508e+00   3.8795435e+00   1.5838928e+00
   1.9980000e+03   2.0000000e+00   2.0000000e+00   9.0000000e+00   5.2000000e+01   2.7000000e+01  -5.3488336e+01  -3.8217733e+01   5.0193644e+02   1.3347156e+00   3.4220902e+00   8.7881467e-01
   1.9980000e+03   2.0000000e+00   2.0000000e+00   9.0000000e+00   5.4000000e+01   3.0000000e+00  -5.3492728e+01  -3.8216190e+01   4.9858252e+02   1.1374888e+00   3.3468044e+00   2.7686412e-01
   1.9980000e+03   2.0000000e+00   2.0000000e+00   9.0000000e+00   5.5000000e+01   3.7000000e+01  -5.3497066e+01  -3.8214683e+01   4.9217709e+02   1.3467388e+00   3.8254373e+00   1.3640597e-01
   1.9980000e+03   2.0000000e+00   2.0000000e+00   9.0000000e+00   5.7000000e+01   1.1000000e+01  -5.3501383e+01  -3.8213185e+01   4.8985481e+02   7.9599856e-01   2.2718307e+00   0.0000000e+00
   1.9980000e+03   2.0000000e+00   2.0000000e+00   9.0000000e+00   5.8000000e+01   4.6000000e+01  -5.3505758e+01  -3.8211735e+01   4.9550331e+02   7.0379829e-01   1.9071644e+00   5.9424800e-01
   1.9980000e+03   2.0000000e+00   2.0000000e+00   1.0000000e+01   0.0000000e+00   2.2000000e+01  -5.3510206e+01  -3.8210243e+01   5.0390859e+02   5.1280891e-01   2.8689929e+00   9.7057486e-01
   1.9980000e+03   2.0000000e+00   2.0000000e+00   1.0000000e+01   1.0000000e+00   5.8000000e+01  -5.3514598e+01  -3.8208730e+01   4.9826717e+02   8.5782316e-01   3.3870636e+00   1.5503224e+00
   1.9980000e+03   2.0000000e+00   2.0000000e+00   1.0000000e+01   3.0000000e+00   3.5000000e+01  -5.3519010e+01  -3.8207246e+01   4.9992950e+02   5.4552022e-01   1.5384679e+00   0.0000000e+00
   1.9980000e+03   2.0000000e+00   2.0000000e+00   1.0000000e+01   5.0000000e+00   1.1000000e+01  -5.3523418e+01  -3.8205691e+01   5.0047367e+02   6.9568211e-01   1.7836660e+00   1.5014437e-01
   1.9980000e+03   2.0000000e+00   2.0000000e+00   1.0000000e+01   6.0000000e+00   4.5000000e+01  -5.3527750e+01  -3.8204178e+01   4.9162997e+02   9.0762607e-01   2.7349843e+00   1.2163941e+00
   1.9980000e+03   2.0000000e+00   2.0000000e+00   1.0000000e+01   8.0000000e+00   1.8000000e+01  -5.3532107e+01  -3.8202711e+01   4.9376368e+02   5.5684533e-01   1.5312775e+00   1.0601978e+00
   1.9980000e+03   2.0000000e+00   2.0000000e+00   1.0000000e+01   9.0000000e+00   5.3000099e+01  -5.3536507e+01  -3.8201231e+01   4.9860252e+02   1.1404999e+00   3.2119272e+00   2.2799678e+00
   1.9980000e+03   2.0000000e+00   2.0000000e+00   1.0000000e+01   1.1000000e+01   2.8000000e+01  -5.3540927e+01  -3.8199681e+01   5.0168082e+02   1.8927241e+00   4.8527733e+00   3.3398159e+00
   1.9980000e+03   2.0000000e+00   2.0000000e+00   1.0000000e+01   1.3000000e+01   2.0000000e+00  -5.3545314e+01  -3.8198196e+01   4.9725818e+02   6.1222160e-01   2.1453146e+00   5.0101119e-01
   1.9980000e+03   2.0000000e+00   2.0000000e+00   1.0000000e+01   1.4000000e+01   3.6000000e+01  -5.3549712e+01  -3.8196766e+01   4.9769613e+02   9.0172801e-01   2.3896777e+00   6.6676942e-02
   1.9980000e+03   2.0000000e+00   2.0000000e+00   1.0000000e+01   1.6000000e+01   1.1000000e+01  -5.3554071e+01  -3.8195371e+01   4.9313576e+02   6.9792241e-01   1.7894099e+00   0.0000000e+00
   1.9980000e+03   2.0000000e+00   2.0000000e+00   1.0000000e+01   1.7000000e+01   4.6000000e+01  -5.3558477e+01  -3.8193856e+01   4.9964906e+02   9.1883683e-01   2.3558145e+00   7.0673460e-01
   1.9980000e+03   2.0000000e+00   2.0000000e+00   1.0000000e+01   1.9000000e+01   2.1000000e+01  -5.3562891e+01  -3.8192362e+01   5.0032190e+02   1.5180434e+00   3.8921261e+00   1.4323995e+00
   1.9980000e+03   2.0000000e+00   2.0000000e+00   1.0000000e+01   2.0000000e+01   5.7000000e+01  -5.3567307e+01  -3.8190853e+01   5.0066597e+02   3.0574090e+00   7.8389203e+00   2.4762982e-01
   1.9980000e+03   2.0000000e+00   2.0000000e+00   1.0000000e+01   2.2000000e+01   3.3000000e+01  -5.3571716e+01  -3.8189371e+01   4.9957800e+02   1.0228988e+01   2.6226201e+01   6.1799466e+00
   1.9980000e+03   2.0000000e+00   2.0000000e+00   1.0000000e+01   2.4000000e+01   1.0000000e+01  -5.3576018e+01  -3.8187908e+01   4.8773511e+02   9.3099685e+00   2.3869917e+01   1.4463679e-01
   1.9980000e+03   2.0000000e+00   2.0000000e+00   1.0000000e+01   2.5000000e+01   4.7000000e+01  -5.3580443e+01  -3.8186423e+01   5.0134579e+02   2.8704625e+00   7.3596063e+00   2.7309236e+00
   1.9980000e+03   2.0000000e+00   2.0000000e+00   1.0000000e+01   2.7000000e+01   2.3000000e+01  -5.3584856e+01  -3.8184812e+01   5.0178761e+02   3.7867261e+00   9.7088232e+00   1.6759402e+00
   1.9980000e+03   2.0000000e+00   2.0000000e+00   1.0000000e+01   2.8000000e+01   5.8000000e+01  -5.3589185e+01  -3.8183143e+01   4.9347500e+02   1.2549731e+01   3.2176376e+01   2.3108780e+01
   1.9980000e+03   2.0000000e+00   2.0000000e+00   1.0000000e+01   3.0000000e+01   3.3000000e+01  -5.3593575e+01  -3.8181461e+01   5.0024281e+02   7.5826402e+00   2.0642935e+01   6.2594798e-01
   1.9980000e+03   2.0000000e+00   2.0000000e+00   1.0000000e+01   3.2000000e+01   7.0000000e+00  -5.3597962e+01  -3.8179954e+01   4.9754505e+02   7.4798607e+00   1.9177686e+01   1.3581392e+01
   1.9980000e+03   2.0000000e+00   2.0000000e+00   1.0000000e+01   3.3000000e+01   4.1000000e+01  -5.3602316e+01  -3.8178386e+01   4.9469084e+02   1.1186850e+01   2.9765859e+01   1.1664654e+01
   1.9980000e+03   2.0000000e+00   2.0000000e+00   1.0000000e+01   3.5000000e+01   1.7000000e+01  -5.3606742e+01  -3.8176817e+01   5.0259059e+02   1.7159545e+01   4.3995523e+01   2.6370885e+01
   1.9980000e+03   2.0000000e+00   2.0000000e+00   1.0000000e+01   3.6000000e+01   5.3000000e+01  -5.3611134e+01  -3.8175202e+01   4.9954615e+02   7.6920536e+00   1.9963864e+01   1.5694391e+01
   1.9980000e+03   2.0000000e+00   2.0000000e+00   1.0000000e+01   3.8000000e+01   2.8000000e+01  -5.3615465e+01  -3.8173632e+01   4.9228482e+02   5.4732922e+00   1.4319761e+01   8.8821468e+00
   1.9980000e+03   2.0000000e+00   2.0000000e+00   1.0000000e+01   4.0000000e+01   3.0000992e+00  -5.3619854e+01  -3.8172221e+01   4.9643915e+02   3.0263015e+00   1.3971765e+01   3.9438859e+00
   1.9980000e+03   2.0000000e+00   2.0000000e+00   1.0000000e+01   4.1000000e+01   4.0000000e+01  -5.3624296e+01  -3.8170909e+01   5.0115197e+02   1.5343951e+00   5.0956152e+00   0.0000000e+00
   1.9980000e+03   2.0000000e+00   2.0000000e+00   1.0000000e+01   4.3000000e+01   1.7000000e+01  -5.3628731e+01  -3.8169524e+01   5.0119767e+02   2.8193007e+00   8.8203847e+00   3.2184298e+00
   1.9980000e+03   2.0000000e+00   2.0000000e+00   1.0000000e+01   4.4000000e+01   5.3000000e+01  -5.3633063e+01  -3.8168151e+01   4.8980804e+02   5.9211682e+00   1.6087416e+01   5.9653912e+00
   1.9980000e+03   2.0000000e+00   2.0000000e+00   1.0000000e+01   4.6000000e+01   3.0000000e+01  -5.3637454e+01  -3.8166847e+01   4.9547029e+02   1.5492742e+00   4.5151302e+00   2.7548264e+00
   1.9980000e+03   2.0000000e+00   2.0000000e+00   1.0000000e+01   4.8000000e+01   6.0000992e+00  -5.3641854e+01  -3.8165466e+01   4.9731208e+02   1.9717295e+00   5.0553360e+00   1.2645384e+00
   1.9980000e+03   2.0000000e+00   2.0000000e+00   1.0000000e+01   4.9000000e+01   4.2000000e+01  -5.3646244e+01  -3.8164098e+01   4.9604040e+02   2.1148708e+00   6.6490898e+00   6.6672233e-01
   1.9980000e+03   2.0000000e+00   2.0000000e+00   1.0000000e+01   5.1000000e+01   2.0000099e+01  -5.3650634e+01  -3.8162759e+01   4.9571580e+02   7.6150914e+00   1.9781470e+01   2.7325364e+00
   1.9980000e+03   2.0000000e+00   2.0000000e+00   1.0000000e+01   5.2000000e+01   5.8000000e+01  -5.3655062e+01  -3.8161390e+01   5.0028613e+02   1.5576934e+01   3.9937850e+01   7.7635517e+00
   1.9980000e+03   2.0000000e+00   2.0000000e+00   1.0000000e+01   5.4000000e+01   3.7000000e+01  -5.3659480e+01  -3.8159928e+01   5.0017221e+02   3.5373592e+00   9.2635807e+00   5.4844279e+00
   1.9980000e+03   2.0000000e+00   2.0000000e+00   1.0000000e+01   5.6000000e+01   1.6000000e+01  -5.3663844e+01  -3.8158493e+01   4.9405345e+02   2.5079984e+00   6.4302810e+00   3.7158369e+00
   1.9980000e+03   2.0000000e+00   2.0000000e+00   1.0000000e+01   5.7000000e+01   5.6000099e+01  -5.3668287e+01  -3.8157037e+01   5.0297074e+02   1.6455212e+00   4.2418825e+00   2.9936946e+00
   1.9980000e+03   2.0000000e+00   2.0000000e+00   1.0000000e+01   5.9000000e+01   3.5000000e+01  -5.3672673e+01  -3.8155589e+01   4.9662759e+02   1.6853335e+00   1.5119607e+01   3.2541442e+00
   1.9980000e+03   2.0000000e+00   2.0000000e+00   1.1000000e+01   1.0000000e+00   1.2000099e+01  -5.3677033e+01  -3.8154108e+01   4.9419100e+02   2.4536803e+01   7.1180950e+01   1.8472548e+00
   1.9980000e+03   2.0000000e+00   2.0000000e+00   1.1000000e+01   2.0000000e+00   5.0000000e+01  -5.3681394e+01  -3.8152588e+01   4.9477654e+02   9.1859863e+00   2.3653545e+01   5.3336102e+00
   1.9980000e+03   2.0000000e+00   2.0000000e+00   1.1000000e+01   4.0000000e+00   2.8000000e+01  -5.3685831e+01  -3.8151052e+01   5.0331782e+02   3.7180050e+00   9.5326286e+00   0.0000000e+00
   1.9980000e+03   2.0000000e+00   2.0000000e+00   1.1000000e+01   6.0000000e+00   7.0000000e+00  -5.3690233e+01  -3.8149599e+01   4.9838780e+02   2.5768424e+00   6.9956244e+00   1.2359753e+00
   1.9980000e+03   2.0000000e+00   2.0000000e+00   1.1000000e+01   7.0000000e+00   4.5000000e+01  -5.3694613e+01  -3.8148119e+01   4.9639437e+02   4.7534012e+00   1.2388749e+01   2.0080774e+00
   1.9980000e+03   2.0000000e+00   2.0000000e+00   1.1000000e+01   9.0000000e+00   2.3000000e+01  -5.3699001e+01  -3.8146564e+01   4.9813356e+02   2.5741381e+00   6.9600067e+00   1.4284895e+00
   1.9980000e+03   2.0000000e+00   2.0000000e+00   1.1000000e+01   1.1000000e+01   2.0000992e+00  -5.3703382e+01  -3.8145034e+01   4.9720204e+02   5.4494401e+00   1.4221684e+01   5.0095518e+00
   1.9980000e+03   2.0000000e+00   2.0000000e+00   1.1000000e+01   1.2000000e+01   3.8000000e+01  -5.3707732e+01  -3.8143454e+01   4.9439955e+02   5.4162607e+00   1.3961029e+01   3.6161980e+00
   1.9980000e+03   2.0000000e+00   2.0000000e+00   1.1000000e+01   1.4000000e+01   1.5000000e+01  -5.3712123e+01  -3.8141809e+01   4.9970485e+02   2.8681469e+00   7.6473829e+00   5.1113869e-01
   1.9980000e+03   2.0000000e+00   2.0000000e+00   1.1000000e+01   1.5000000e+01   5.2000000e+01  -5.3716532e+01  -3.8140114e+01   5.0249525e+02   8.5446461e-01   2.2543732e+00   0.0000000e+00
   1.9980000e+03   2.0000000e+00   2.0000000e+00   1.1000000e+01   1.7000000e+01   2.8000000e+01  -5.3720892e+01  -3.8138404e+01   4.9733513e+02   3.1496129e+00   8.4579940e+00   0.0000000e+00
   1.9980000e+03   2.0000000e+00   2.0000000e+00   1.1000000e+01   1.9000000e+01   4.9999008e+00  -5.3725222e+01  -3.8136700e+01   4.9401618e+02   2.6754068e+00   7.4603463e+00   1.8787995e+00
   1.9980000e+03   2.0000000e+00   2.0000000e+00   1.1000000e+01   2.0000000e+01   4.1000000e+01  -5.3729582e+01  -3.8135027e+01   4.9680340e+02   6.3469245e+00   1.6319362e+01   8.4044962e+00
   1.9980000e+03   2.0000000e+00   2.0000000e+00   1.1000000e+01   2.2000000e+01   1.7000099e+01  -5.3734007e+01  -3.8133379e+01   5.0349447e+02   6.4473438e+00   1.6577469e+01   1.3289011e+00
   1.9980000e+03   2.0000000e+00   2.0000000e+00   1.1000000e+01   2.3000000e+01   5.5000000e+01  -5.3738401e+01  -3.8131939e+01   4.9741529e+02   5.3146224e+00   1.3659600e+01   3.5528562e+00
   1.9980000e+03   2.0000000e+00   2.0000000e+00   1.1000000e+01   2.5000000e+01   3.1000000e+01  -5.3742771e+01  -3.8130504e+01   4.9466781e+02   1.1116581e+01   2.8501909e+01   1.1522662e+01
   1.9980000e+03   2.0000000e+00   2.0000000e+00   1.1000000e+01   2.7000000e+01   7.0000000e+00  -5.3747146e+01  -3.8129065e+01   4.9525169e+02   8.0826415e+00   2.0723162e+01   1.3036470e+01
   1.9980000e+03   2.0000000e+00   2.0000000e+00   1.1000000e+01   2.8000000e+01   4.3000000e+01  -5.3751541e+01  -3.8127582e+01   4.9796622e+02   5.4472687e+00   1.3966304e+01   1.0542945e+01
   1.9980000e+03   2.0000000e+00   2.0000000e+00   1.1000000e+01   3.0000000e+01   1.9999901e+01  -5.3755971e+01  -3.8126100e+01   5.0182612e+02   1.0137389e+01   2.5991349e+01   1.0929123e+01
   1.9980000e+03   2.0000000e+00   2.0000000e+00   1.1000000e+01   3.1000000e+01   5.7000000e+01  -5.3760390e+01  -3.8124590e+01   5.0100311e+02   1.0643595e+01   2.7497761e+01   1.9207564e+00
   1.9980000e+03   2.0000000e+00   2.0000000e+00   1.1000000e+01   3.3000000e+01   3.6000000e+01  -5.3764743e+01  -3.8123125e+01   4.9314124e+02   1.0202386e+01   2.6157996e+01   1.7253069e+00
   1.9980000e+03   2.0000000e+00   2.0000000e+00   1.1000000e+01   3.5000000e+01   1.5000099e+01  -5.3769150e+01  -3.8121620e+01   4.9961697e+02   1.3989621e+01   3.5932875e+01   2.7735565e+00
   1.9980000e+03   2.0000000e+00   2.0000000e+00   1.1000000e+01   3.6000000e+01   5.3000000e+01  -5.3773520e+01  -3.8120215e+01   4.9424608e+02   9.0470095e+00   2.3195714e+01   7.0658015e-01
   1.9980000e+03   2.0000000e+00   2.0000000e+00   1.1000000e+01   3.8000000e+01   3.3000000e+01  -5.3777948e+01  -3.8118790e+01   5.0080354e+02   9.6507808e+00   2.4743729e+01   0.0000000e+00
   1.9980000e+03   2.0000000e+00   2.0000000e+00   1.1000000e+01   4.0000000e+01   1.3000000e+01  -5.3782320e+01  -3.8117383e+01   4.9456290e+02   1.0362672e+02   2.6568955e+02   0.0000000e+00
   1.9980000e+03   2.0000000e+00   2.0000000e+00   1.1000000e+01   4.1000000e+01   5.3000099e+01  -5.3786730e+01  -3.8115925e+01   4.9926816e+02   7.6613256e+00   1.9642946e+01   2.2534614e+00
   1.9980000e+03   2.0000000e+00   2.0000000e+00   1.1000000e+01   4.3000000e+01   3.3000099e+01  -5.3791170e+01  -3.8114510e+01   5.0204321e+02   8.0414766e+00   2.0707344e+01   0.0000000e+00
   1.9980000e+03   2.0000000e+00   2.0000000e+00   1.1000000e+01   4.5000000e+01   1.3000000e+01  -5.3795597e+01  -3.8113083e+01   5.0078014e+02   5.2911566e+00   1.3566047e+01   5.1226261e+00
   1.9980000e+03   2.0000000e+00   2.0000000e+00   1.1000000e+01   4.6000000e+01   5.2000000e+01  -5.3800024e+01  -3.8111655e+01   5.0080378e+02   6.5806618e+00   1.6872222e+01   5.6595618e+00
   1.9980000e+03   2.0000000e+00   2.0000000e+00   1.1000000e+01   4.8000000e+01   2.9000000e+01  -5.3804379e+01  -3.8110180e+01   4.9353518e+02   5.4293779e+00   1.3963773e+01   3.3226075e+00
   1.9980000e+03   2.0000000e+00   2.0000000e+00   1.1000000e+01   5.0000000e+01   7.0000000e+00  -5.3808769e+01  -3.8108711e+01   4.9722014e+02   6.1210228e+00   1.5693749e+01   7.5886818e+00
   1.9980000e+03   2.0000000e+00   2.0000000e+00   1.1000000e+01   5.1000000e+01   4.4000099e+01  -5.3813119e+01  -3.8107300e+01   4.9210921e+02   5.1523723e+00   1.3327787e+01   8.9285471e+00
   1.9980000e+03   2.0000000e+00   2.0000000e+00   1.1000000e+01   5.3000000e+01   2.2000000e+01  -5.3817549e+01  -3.8106085e+01   4.9870166e+02   1.1243382e+02   2.8858106e+02   9.5300309e+00
   1.9980000e+03   2.0000000e+00   2.0000000e+00   1.1000000e+01   5.4000000e+01   5.8000000e+01  -5.3821998e+01  -3.8104883e+01   5.0069560e+02   5.0773032e+00   1.5994287e+01   2.3330862e+00
   1.9980000e+03   2.0000000e+00   2.0000000e+00   1.1000000e+01   5.6000000e+01   3.4000000e+01  -5.3826428e+01  -3.8103671e+01   4.9864018e+02   4.7778361e+00   1.3165538e+01   3.2573893e+00
   1.9980000e+03   2.0000000e+00   2.0000000e+00   1.1000000e+01   5.8000000e+01   1.2000000e+01  -5.3830833e+01  -3.8102525e+01   4.9516125e+02   3.4546641e+00   9.1637306e+00   7.6006436e-01
   1.9980000e+03   2.0000000e+00   2.0000000e+00   1.1000000e+01   5.9000000e+01   4.9000000e+01  -5.3835268e+01  -3.8101391e+01   4.9840907e+02   2.0300083e+00   5.2047578e+00   1.0289022e+00
   1.9980000e+03   2.0000000e+00   2.0000000e+00   1.2000000e+01   1.0000000e+00   2.7000099e+01  -5.3839728e+01  -3.8100195e+01   5.0175623e+02   2.0260818e+00   5.1946906e+00   1.6618594e-01
   1.9980000e+03   2.0000000e+00   2.0000000e+00   1.2000000e+01   3.0000000e+00   3.0000000e+00  -5.3844175e+01  -3.8099030e+01   5.0000404e+02   1.9901763e+00   1.8401610e+01   1.9421477e-01
   1.9980000e+03   2.0000000e+00   2.0000000e+00   1.2000000e+01   4.0000000e+00   3.8000000e+01  -5.3848545e+01  -3.8097876e+01   4.9141478e+02   1.8633930e+00   4.7775711e+00   0.0000000e+00
   1.9980000e+03   2.0000000e+00   2.0000000e+00   1.2000000e+01   6.0000000e+00   1.4000099e+01  -5.3852987e+01  -3.8096691e+01   4.9973038e+02   2.3717628e+00   6.0809854e+00   0.0000000e+00
   1.9980000e+03   2.0000000e+00   2.0000000e+00   1.2000000e+01   7.0000000e+00   5.2000000e+01  -5.3857402e+01  -3.8095516e+01   4.9657004e+02   1.9695568e+01   5.0497655e+01   6.2070598e+00
   1.9980000e+03   2.0000000e+00   2.0000000e+00   1.2000000e+01   9.0000000e+00   3.1000000e+01  -5.3861879e+01  -3.8094328e+01   5.0356585e+02   9.5995098e+00   2.4612275e+01   7.3107021e-01
   1.9980000e+03   2.0000000e+00   2.0000000e+00   1.2000000e+01   1.1000000e+01   9.0000000e+00  -5.3866336e+01  -3.8093161e+01   5.0119071e+02   9.9932648e+01   2.5621827e+02   1.4472638e+01
   1.9980000e+03   2.0000000e+00   2.0000000e+00   1.2000000e+01   1.2000000e+01   4.7000000e+01  -5.3870761e+01  -3.8092046e+01   4.9705770e+02   1.1670875e+01   3.0760846e+01   1.9102065e+01
   1.9980000e+03   2.0000000e+00   2.0000000e+00   1.2000000e+01   1.4000000e+01   2.3000000e+01  -5.3875184e+01  -3.8090930e+01   4.9682524e+02   2.0672903e+02   1.4326201e+03   1.0098067e+03
   1.9980000e+03   2.0000000e+00   2.0000000e+00   1.2000000e+01   1.5000000e+01   5.9000000e+01  -5.3879576e+01  -3.8089532e+01   4.9660668e+02   4.2915889e+01   1.1003246e+02   1.5900738e+01
   1.9980000e+03   2.0000000e+00   2.0000000e+00   1.2000000e+01   1.7000000e+01   3.6000000e+01  -5.3883946e+01  -3.8087897e+01   4.9731975e+02   6.7737457e+00   1.7780309e+01   3.4250192e-01
   1.9980000e+03   2.0000000e+00   2.0000000e+00   1.2000000e+01   1.9000000e+01   1.1000000e+01  -5.3888306e+01  -3.8086217e+01   4.9681554e+02   4.9592540e+00   1.3431943e+01   5.5993509e-01
   1.9980000e+03   2.0000000e+00   2.0000000e+00   1.2000000e+01   2.0000000e+01   4.7000000e+01  -5.3892720e+01  -3.8084636e+01   5.0129580e+02   3.8755213e+00   1.0072276e+01   3.2222613e-01
   1.9980000e+03   2.0000000e+00   2.0000000e+00   1.2000000e+01   2.2000000e+01   2.3000099e+01  -5.3897096e+01  -3.8083017e+01   4.9763279e+02   8.5941350e+01   2.2642316e+02   5.0752555e+01
   1.9980000e+03   2.0000000e+00   2.0000000e+00   1.2000000e+01   2.3000000e+01   5.9000000e+01  -5.3901455e+01  -3.8081382e+01   4.9606001e+02   5.3729378e+00   1.4228432e+01   6.6673281e+00
   1.9980000e+03   2.0000000e+00   2.0000000e+00   1.2000000e+01   2.5000000e+01   3.9000000e+01  -5.3905906e+01  -3.8079752e+01   5.0596052e+02   5.8254009e+01   1.4935801e+02   1.0279467e+02
