   1.9980000e+03   2.0000000e+00   2.0000000e+00   1.3000000e+01   1.7000000e+01   2.4000099e+01  -5.3884761e+01  -3.7907998e+01   5.0068585e+02   1.4071085e+01   3.7711630e+01   1.9588854e+01
   1.9980000e+03   2.0000000e+00   2.0000000e+00   1.3000000e+01   1.9000000e+01   6.0000000e+00  -5.3880318e+01  -3.7909330e+01   5.0130310e+02   1.3790174e+01   3.5356760e+01   2.0857301e+01
   1.9980000e+03   2.0000000e+00   2.0000000e+00   1.3000000e+01   2.0000000e+01   4.6000000e+01  -5.3875929e+01  -3.7910600e+01   4.9482506e+02   3.9657018e+02   1.0270831e+03   2.6804432e+02
   1.9980000e+03   2.0000000e+00   2.0000000e+00   1.3000000e+01   2.2000000e+01   2.6000000e+01  -5.3871539e+01  -3.7911910e+01   4.9527110e+02   4.4371629e+02   1.1378999e+03   1.2548900e+01
   1.9980000e+03   2.0000000e+00   2.0000000e+00   1.3000000e+01   2.4000000e+01   6.0000000e+00  -5.3867179e+01  -3.7913200e+01   4.9181779e+02   9.8865884e+00   2.5483548e+01   1.0918651e+01
   1.9980000e+03   2.0000000e+00   2.0000000e+00   1.3000000e+01   2.5000000e+01   4.7000000e+01  -5.3862780e+01  -3.7914405e+01   4.9520008e+02   2.5866542e+01   6.6390188e+01   1.2359240e+01
   1.9980000e+03   2.0000000e+00   2.0000000e+00   1.3000000e+01   2.7000000e+01   2.9000000e+01  -5.3858322e+01  -3.7915630e+01   5.0178854e+02   1.1462189e+01   3.3278280e+01   2.0525137e+01
   1.9980000e+03   2.0000000e+00   2.0000000e+00   1.3000000e+01   2.9000000e+01   1.1000000e+01  -5.3853890e+01  -3.7916860e+01   4.9907649e+02   1.1681081e+01   3.0347636e+01   2.2141822e+01
   1.9980000e+03   2.0000000e+00   2.0000000e+00   1.3000000e+01   3.0000000e+01   5.1000099e+01  -5.3849500e+01  -3.7918110e+01   4.9461143e+02   2.3717416e+02   6.1399554e+02   2.0152628e+01
   1.9980000e+03   2.0000000e+00   2.0000000e+00   1.3000000e+01   3.2000000e+01   3.1000000e+01  -5.3845050e+01  -3.7919350e+01   5.0112076e+02   7.2869274e+00   1.8724039e+01   0.0000000e+00
   1.9980000e+03   2.0000000e+00   2.0000000e+00   1.3000000e+01   3.4000000e+01   9.0000000e+00  -5.3840653e+01  -3.7920557e+01   4.9498559e+02   1.1303847e+01   2.8982040e+01   1.9807198e+01
   1.9980000e+03   2.0000000e+00   2.0000000e+00   1.3000000e+01   3.5000000e+01   4.8000000e+01  -5.3836225e+01  -3.7921795e+01   4.9860977e+02   1.8678723e+01   4.7988345e+01   2.7413661e+01
   1.9980000e+03   2.0000000e+00   2.0000000e+00   1.3000000e+01   3.7000000e+01   2.7000000e+01  -5.3831872e+01  -3.7923061e+01   4.9081574e+02   1.4433354e+01   3.7005814e+01   1.5687230e+01
   1.9980000e+03   2.0000000e+00   2.0000000e+00   1.3000000e+01   3.9000000e+01   5.0000000e+00  -5.3827461e+01  -3.7924340e+01   4.9732017e+02   4.0207319e+00   1.0353080e+01   5.0919313e+00
   1.9980000e+03   2.0000000e+00   2.0000000e+00   1.3000000e+01   4.0000000e+01   4.4000000e+01  -5.3823024e+01  -3.7925580e+01   4.9973031e+02   5.3521688e+00   1.3836173e+01   9.8473715e-01
   1.9980000e+03   2.0000000e+00   2.0000000e+00   1.3000000e+01   4.2000000e+01   2.3000000e+01  -5.3818611e+01  -3.7926840e+01   4.9725611e+02   7.8675772e+00   2.0171756e+01   7.9520807e-01
   1.9980000e+03   2.0000000e+00   2.0000000e+00   1.3000000e+01   4.4000000e+01   3.0000000e+00  -5.3814181e+01  -3.7928175e+01   4.9994440e+02   6.5336018e+00   1.6751564e+01   1.6207125e+00
   1.9980000e+03   2.0000000e+00   2.0000000e+00   1.3000000e+01   4.5000000e+01   4.2000000e+01  -5.3809841e+01  -3.7929702e+01   4.9256387e+02   4.9510473e+00   1.2694038e+01   3.5743807e+00
   1.9980000e+03   2.0000000e+00   2.0000000e+00   1.3000000e+01   4.7000000e+01   2.0000099e+01  -5.3805441e+01  -3.7931249e+01   4.9934180e+02   4.9006071e+00   1.2564713e+01   3.5173565e+00
   1.9980000e+03   2.0000000e+00   2.0000000e+00   1.3000000e+01   4.8000000e+01   5.9000000e+01  -5.3801052e+01  -3.7932744e+01   4.9755304e+02   7.1447907e+00   1.8318597e+01   4.5191990e-01
   1.9980000e+03   2.0000000e+00   2.0000000e+00   1.3000000e+01   5.0000000e+01   3.8000000e+01  -5.3796642e+01  -3.7934229e+01   4.9963682e+02   4.6422164e+00   1.1939219e+01   1.3089856e+00
   1.9980000e+03   2.0000000e+00   2.0000000e+00   1.3000000e+01   5.2000000e+01   1.9000000e+01  -5.3792265e+01  -3.7935714e+01   4.9602628e+02   2.9310696e+00   9.7335068e+00   1.7711849e+00
   1.9980000e+03   2.0000000e+00   2.0000000e+00   1.3000000e+01   5.4000000e+01   2.0000000e+00  -5.3787854e+01  -3.7937242e+01   5.0027841e+02   1.3630638e+00   3.5512120e+00   1.8049419e+00
   1.9980000e+03   2.0000000e+00   2.0000000e+00   1.3000000e+01   5.5000000e+01   4.3000000e+01  -5.3783472e+01  -3.7938744e+01   4.9681844e+02   1.7161966e+00   4.6681154e+00   4.1952404e-01
   1.9980000e+03   2.0000000e+00   2.0000000e+00   1.3000000e+01   5.7000000e+01   2.3000000e+01  -5.3779122e+01  -3.7940359e+01   4.9482297e+02   1.8308278e+00   4.6940769e+00   2.6779477e+00
   1.9980000e+03   2.0000000e+00   2.0000000e+00   1.3000000e+01   5.9000000e+01   2.9999008e+00  -5.3774738e+01  -3.7942069e+01   4.9995627e+02   5.7679668e+00   1.4788545e+01   0.0000000e+00
   1.9980000e+03   2.0000000e+00   2.0000000e+00   1.4000000e+01   0.0000000e+00   4.3000000e+01  -5.3770352e+01  -3.7943789e+01   5.0024242e+02   2.5700247e+00   6.6636077e+00   0.0000000e+00
   1.9980000e+03   2.0000000e+00   2.0000000e+00   1.4000000e+01   2.0000000e+00   2.3000000e+01  -5.3765993e+01  -3.7945459e+01   4.9670190e+02   1.3354559e+01   3.4239881e+01   4.4837137e-01
   1.9980000e+03   2.0000000e+00   2.0000000e+00   1.4000000e+01   4.0000000e+00   3.0000000e+00  -5.3761618e+01  -3.7947199e+01   4.9932828e+02   9.9028664e+00   2.6597628e+01   1.5025707e+00
   1.9980000e+03   2.0000000e+00   2.0000000e+00   1.4000000e+01   5.0000000e+00   4.2000000e+01  -5.3757253e+01  -3.7948874e+01   4.9742147e+02   4.0391465e+00   1.0356006e+01   2.2379659e-01
   1.9980000e+03   2.0000000e+00   2.0000000e+00   1.4000000e+01   7.0000000e+00   2.0000099e+01  -5.3753003e+01  -3.7950508e+01   4.8429323e+02   1.9048674e+00   4.9882344e+00   9.8003619e-01
   1.9980000e+03   2.0000000e+00   2.0000000e+00   1.4000000e+01   8.0000000e+00   5.8000000e+01  -5.3748749e+01  -3.7952168e+01   4.8514622e+02   2.4136862e+00   6.4150308e+00   3.1700781e+00
   1.9980000e+03   2.0000000e+00   2.0000000e+00   1.4000000e+01   1.0000000e+01   3.5000000e+01  -5.3744473e+01  -3.7953879e+01   4.8822207e+02   2.1528262e+00   6.1057165e+00   2.7132204e+00
   1.9980000e+03   2.0000000e+00   2.0000000e+00   1.4000000e+01   1.2000000e+01   1.4000000e+01  -5.3740117e+01  -3.7955627e+01   4.9751957e+02   3.7468038e+00   9.6647469e+00   1.6978118e+00
   1.9980000e+03   2.0000000e+00   2.0000000e+00   1.4000000e+01   1.3000000e+01   5.2000000e+01  -5.3735822e+01  -3.7957313e+01   4.8996496e+02   3.9587869e+00   1.0180894e+01   2.5509861e+00
   1.9980000e+03   2.0000000e+00   2.0000000e+00   1.4000000e+01   1.5000000e+01   2.9000000e+01  -5.3731467e+01  -3.7959157e+01   4.9882030e+02   5.1295916e+00   1.3151809e+01   3.7089851e+00
   1.9980000e+03   2.0000000e+00   2.0000000e+00   1.4000000e+01   1.7000000e+01   7.0000000e+00  -5.3727139e+01  -3.7960949e+01   4.9524082e+02   2.9045605e+00   7.4470305e+00   9.4841301e-01
   1.9980000e+03   2.0000000e+00   2.0000000e+00   1.4000000e+01   1.8000000e+01   4.5000000e+01  -5.3722845e+01  -3.7962719e+01   4.9108749e+02   3.5504352e+00   9.2815096e+00   0.0000000e+00
   1.9980000e+03   2.0000000e+00   2.0000000e+00   1.4000000e+01   2.0000000e+01   2.4000000e+01  -5.3718464e+01  -3.7964499e+01   5.0065249e+02   5.9170183e+00   1.5256252e+01   9.4161636e-01
   1.9980000e+03   2.0000000e+00   2.0000000e+00   1.4000000e+01   2.2000000e+01   2.0000000e+00  -5.3714114e+01  -3.7966243e+01   4.9678448e+02   3.3276355e+00   8.5317565e+00   1.8990413e+00
   1.9980000e+03   2.0000000e+00   2.0000000e+00   1.4000000e+01   2.3000000e+01   3.9000000e+01  -5.3709718e+01  -3.7968076e+01   5.0317212e+02   2.3391522e+01   5.9973747e+01   5.4689206e+01
   1.9980000e+03   2.0000000e+00   2.0000000e+00   1.4000000e+01   2.5000000e+01   1.7000099e+01  -5.3705384e+01  -3.7969943e+01   4.9706277e+02   2.1995210e+00   5.8014248e+00   6.3051953e-01
   1.9980000e+03   2.0000000e+00   2.0000000e+00   1.4000000e+01   2.6000000e+01   5.3000000e+01  -5.3701031e+01  -3.7971808e+01   4.9896614e+02   1.3557298e+00   3.6413292e+00   1.5136189e+00
   1.9980000e+03   2.0000000e+00   2.0000000e+00   1.4000000e+01   2.8000000e+01   2.9000000e+01  -5.3696685e+01  -3.7973702e+01   4.9875610e+02   5.1000699e+00   1.3530841e+01   1.1498551e+00
   1.9980000e+03   2.0000000e+00   2.0000000e+00   1.4000000e+01   3.0000000e+01   7.0000000e+00  -5.3692325e+01  -3.7975602e+01   5.0032848e+02   4.4190812e+00   1.1849193e+01   2.6586245e+00
   1.9980000e+03   2.0000000e+00   2.0000000e+00   1.4000000e+01   3.1000000e+01   4.4000000e+01  -5.3687959e+01  -3.7977536e+01   5.0158051e+02   5.9996440e+00   1.5382545e+01   1.3392330e+01
   1.9980000e+03   2.0000000e+00   2.0000000e+00   1.4000000e+01   3.3000000e+01   2.3000000e+01  -5.3683675e+01  -3.7979364e+01   4.9094010e+02   1.2302704e+01   3.2371246e+01   1.9463650e+00
   1.9980000e+03   2.0000000e+00   2.0000000e+00   1.4000000e+01   3.5000000e+01   4.0000000e+00  -5.3679310e+01  -3.7981112e+01   4.9861070e+02   8.9354759e+00   2.3205997e+01   9.0007249e+00
   1.9980000e+03   2.0000000e+00   2.0000000e+00   1.4000000e+01   3.6000000e+01   4.5000000e+01  -5.3674956e+01  -3.7982977e+01   4.9913454e+02   1.4858389e+01   3.8095565e+01   1.4336719e+01
   1.9980000e+03   2.0000000e+00   2.0000000e+00   1.4000000e+01   3.8000000e+01   2.5000000e+01  -5.3670606e+01  -3.7984747e+01   4.9717101e+02   1.3725204e+01   3.6355025e+01   1.3819946e+01
   1.9980000e+03   2.0000000e+00   2.0000000e+00   1.4000000e+01   4.0000000e+01   5.0000000e+00  -5.3666228e+01  -3.7986539e+01   5.0062989e+02   7.9785096e+00   2.0456177e+01   1.3056202e+01
   1.9980000e+03   2.0000000e+00   2.0000000e+00   1.4000000e+01   4.1000000e+01   4.5000000e+01  -5.3661866e+01  -3.7988317e+01   4.9858043e+02   1.6663613e+01   4.2723996e+01   1.9189689e+01
   1.9980000e+03   2.0000000e+00   2.0000000e+00   1.4000000e+01   4.3000000e+01   2.5000000e+01  -5.3657516e+01  -3.7990098e+01   4.9737297e+02   3.9878282e+00   1.0292153e+01   5.1801523e+00
   1.9980000e+03   2.0000000e+00   2.0000000e+00   1.4000000e+01   4.5000000e+01   4.0000000e+00  -5.3653216e+01  -3.7991856e+01   4.9163361e+02   6.5895609e+00   1.6930642e+01   1.0172550e+01
   1.9980000e+03   2.0000000e+00   2.0000000e+00   1.4000000e+01   4.6000000e+01   4.3000000e+01  -5.3648837e+01  -3.7993547e+01   4.9925718e+02   7.2682572e+00   1.8635154e+01   1.6424572e+01
   1.9980000e+03   2.0000000e+00   2.0000000e+00   1.4000000e+01   4.8000000e+01   2.2000000e+01  -5.3644367e+01  -3.7994612e+01   5.0161606e+02   9.3593318e+00   2.3996480e+01   6.7266020e+00
   1.9980000e+03   2.0000000e+00   2.0000000e+00   1.4000000e+01   4.9000000e+01   5.8000000e+01  -5.3639943e+01  -3.7995753e+01   4.9723787e+02   7.5514697e+00   1.9361285e+01   8.9255812e+00
   1.9980000e+03   2.0000000e+00   2.0000000e+00   1.4000000e+01   5.1000000e+01   3.4000000e+01  -5.3635483e+01  -3.7996880e+01   5.0119582e+02   7.6240860e+00   2.4658775e+01   4.4886523e+00
   1.9980000e+03   2.0000000e+00   2.0000000e+00   1.4000000e+01   5.3000000e+01   1.2000000e+01  -5.3631026e+01  -3.7998051e+01   5.0116737e+02   1.6599406e+02   4.2559377e+02   9.7009539e+00
   1.9980000e+03   2.0000000e+00   2.0000000e+00   1.4000000e+01   5.4000000e+01   4.9000000e+01  -5.3626582e+01  -3.7999176e+01   4.9945379e+02   2.9515105e+01   7.9184665e+01   0.0000000e+00
   1.9980000e+03   2.0000000e+00   2.0000000e+00   1.4000000e+01   5.6000000e+01   2.8000000e+01  -5.3622145e+01  -3.8000253e+01   4.9812588e+02   8.0690908e+00   9.8238632e+01   9.7719354e+01
   1.9980000e+03   2.0000000e+00   2.0000000e+00   1.4000000e+01   5.8000000e+01   7.0000000e+00  -5.3617738e+01  -3.8001311e+01   4.9463009e+02   1.4362683e+01   3.6824621e+01   3.5677998e+01
   1.9980000e+03   2.0000000e+00   2.0000000e+00   1.4000000e+01   5.9000000e+01   4.4000000e+01  -5.3613348e+01  -3.8002401e+01   4.9307500e+02   4.9327717e+00   1.2647181e+01   1.2647181e+01
   1.9980000e+03   2.0000000e+00   2.0000000e+00   1.5000000e+01   1.0000000e+00   2.2000000e+01  -5.3608898e+01  -3.8003541e+01   5.0012182e+02   7.8339080e+00   2.0085432e+01   1.4035288e+01
   1.9980000e+03   2.0000000e+00   2.0000000e+00   1.5000000e+01   2.0000000e+00   5.9000099e+01  -5.3604408e+01  -3.8004780e+01   5.0557711e+02   7.0089772e+00   1.9913257e+01   1.9626446e+01
   1.9980000e+03   2.0000000e+00   2.0000000e+00   1.5000000e+01   4.0000000e+00   3.7000000e+01  -5.3599978e+01  -3.8005950e+01   4.9829863e+02   5.8299392e+00   2.2201610e+01   2.1098952e+01
   1.9980000e+03   2.0000000e+00   2.0000000e+00   1.5000000e+01   6.0000000e+00   1.4000099e+01  -5.3595553e+01  -3.8007075e+01   4.9724646e+02   1.5992225e+01   4.3083903e+01   4.0262125e+01
   1.9980000e+03   2.0000000e+00   2.0000000e+00   1.5000000e+01   7.0000000e+00   5.0000000e+01  -5.3591148e+01  -3.8008198e+01   4.9500620e+02   4.1515497e+00   1.0798904e+01   4.3647576e-01
   1.9980000e+03   2.0000000e+00   2.0000000e+00   1.5000000e+01   9.0000000e+00   2.7000000e+01  -5.3586748e+01  -3.8009430e+01   4.9564489e+02   1.9656010e+00   5.8894909e+00   9.9776992e-01
   1.9980000e+03   2.0000000e+00   2.0000000e+00   1.5000000e+01   1.1000000e+01   4.0000000e+00  -5.3582339e+01  -3.8010570e+01   4.9572287e+02   1.5029601e+00   3.8534538e+00   3.0595119e-01
   1.9980000e+03   2.0000000e+00   2.0000000e+00   1.5000000e+01   1.2000000e+01   4.2000099e+01  -5.3577888e+01  -3.8011760e+01   5.0071325e+02   5.3260155e-01   1.9988402e+00   4.3832873e-01
   1.9980000e+03   2.0000000e+00   2.0000000e+00   1.5000000e+01   1.4000000e+01   1.9000000e+01  -5.3573444e+01  -3.8012945e+01   5.0002670e+02   5.2831243e-01   1.9087327e+00   7.8476106e-01
   1.9980000e+03   2.0000000e+00   2.0000000e+00   1.5000000e+01   1.5000000e+01   5.7000099e+01  -5.3569019e+01  -3.8014180e+01   4.9840660e+02   7.4215378e-01   1.9816237e+00   0.0000000e+00
   1.9980000e+03   2.0000000e+00   2.0000000e+00   1.5000000e+01   1.7000000e+01   3.4000000e+01  -5.3564579e+01  -3.8015320e+01   4.9905076e+02   5.2466543e-01   1.3451947e+00   0.0000000e+00
   1.9980000e+03   2.0000000e+00   2.0000000e+00   1.5000000e+01   1.9000000e+01   1.2000000e+01  -5.3560129e+01  -3.8016550e+01   5.0107516e+02   6.0617873e-01   1.5937224e+00   0.0000000e+00
   1.9980000e+03   2.0000000e+00   2.0000000e+00   1.5000000e+01   2.0000000e+01   4.9000000e+01  -5.3555694e+01  -3.8017785e+01   4.9951265e+02   6.9707591e-02   2.0453618e-01   0.0000000e+00
   1.9980000e+03   2.0000000e+00   2.0000000e+00   1.5000000e+01   2.2000000e+01   2.7000000e+01  -5.3551270e+01  -3.8018920e+01   4.9735614e+02   1.9449124e-01   8.0830364e-01   0.0000000e+00
   1.9980000e+03   2.0000000e+00   2.0000000e+00   1.5000000e+01   2.4000000e+01   4.0000000e+00  -5.3546805e+01  -3.8019520e+01   4.9769931e+02   8.1505211e-01   2.1684953e+00   6.5584125e-01
   1.9980000e+03   2.0000000e+00   2.0000000e+00   1.5000000e+01   2.5000000e+01   4.2000000e+01  -5.3542310e+01  -3.8019960e+01   5.0032858e+02   5.6608075e-01   2.1167490e+00   3.2708494e-01
   1.9980000e+03   2.0000000e+00   2.0000000e+00   1.5000000e+01   2.7000000e+01   1.8000000e+01  -5.3537928e+01  -3.8020842e+01   4.9042420e+02   4.9945169e-01   1.4575112e+00   8.0024551e-01
   1.9980000e+03   2.0000000e+00   2.0000000e+00   1.5000000e+01   2.8000000e+01   5.3999901e+01  -5.3533490e+01  -3.8021685e+01   4.9621285e+02   6.3639157e-01   1.6532815e+00   2.8471094e-01
   1.9980000e+03   2.0000000e+00   2.0000000e+00   1.5000000e+01   3.0000000e+01   3.1000000e+01  -5.3528981e+01  -3.8022420e+01   5.0348588e+02   2.1074693e-01   8.4090783e-01   4.3460878e-01
   1.9980000e+03   2.0000000e+00   2.0000000e+00   1.5000000e+01   3.2000000e+01   9.0000000e+00  -5.3524551e+01  -3.8023165e+01   4.9469491e+02   7.7633468e-01   2.1147552e+00   5.7953368e-01
   1.9980000e+03   2.0000000e+00   2.0000000e+00   1.5000000e+01   3.3000000e+01   4.8000000e+01  -5.3520079e+01  -3.8024042e+01   5.0031806e+02   0.0000000e+00   5.6356127e-01   0.0000000e+00
   1.9980000e+03   2.0000000e+00   2.0000000e+00   1.5000000e+01   3.5000000e+01   2.6000000e+01  -5.3515611e+01  -3.8025160e+01   5.0191093e+02   5.2859063e-01   1.4306085e+00   3.6385292e-01
   1.9980000e+03   2.0000000e+00   2.0000000e+00   1.5000000e+01   3.7000000e+01   3.9999008e+00  -5.3511196e+01  -3.8026230e+01   4.9559349e+02   2.3668372e-01   1.0327668e+00   0.0000000e+00
   1.9980000e+03   2.0000000e+00   2.0000000e+00   1.5000000e+01   3.8000000e+01   4.3000099e+01  -5.3506781e+01  -3.8027260e+01   4.9532150e+02   8.9765436e-01   2.4870184e+00   7.5140413e-01
   1.9980000e+03   2.0000000e+00   2.0000000e+00   1.5000000e+01   4.0000000e+01   2.1000000e+01  -5.3502332e+01  -3.8028330e+01   4.9946903e+02   8.9850534e-01   2.9636673e+00   6.1288891e-01
   1.9980000e+03   2.0000000e+00   2.0000000e+00   1.5000000e+01   4.1000000e+01   5.9999901e+01  -5.3497932e+01  -3.8029474e+01   4.9474462e+02   1.1242628e+00   2.8825081e+00   2.7087664e-01
   1.9980000e+03   2.0000000e+00   2.0000000e+00   1.5000000e+01   4.3000000e+01   3.9000099e+01  -5.3493462e+01  -3.8030705e+01   5.0332138e+02   6.7456998e-01   1.7295364e+00   3.5050701e-01
   1.9980000e+03   2.0000000e+00   2.0000000e+00   1.5000000e+01   4.5000000e+01   1.8000000e+01  -5.3489041e+01  -3.8032012e+01   4.9880350e+02   1.4251946e+00   3.9548374e+00   0.0000000e+00
   1.9980000e+03   2.0000000e+00   2.0000000e+00   1.5000000e+01   4.6000000e+01   5.8000000e+01  -5.3484630e+01  -3.8033324e+01   4.9772699e+02   4.6445822e-01   1.1908289e+00   0.0000000e+00
   1.9980000e+03   2.0000000e+00   2.0000000e+00   1.5000000e+01   4.8000000e+01   3.6000000e+01  -5.3480242e+01  -3.8034839e+01   4.9772473e+02   4.2954435e-01   1.2922583e+00   1.2404786e-02
   1.9980000e+03   2.0000000e+00   2.0000000e+00   1.5000000e+01   5.0000000e+01   1.4000000e+01  -5.3475878e+01  -3.8036474e+01   4.9691573e+02   3.2826174e-01   9.7648172e-01   0.0000000e+00
   1.9980000e+03   2.0000000e+00   2.0000000e+00   1.5000000e+01   5.1000000e+01   5.3000000e+01  -5.3471460e+01  -3.8038122e+01   5.0280056e+02   8.0444209e-02   4.0091580e-01   0.0000000e+00
   1.9980000e+03   2.0000000e+00   2.0000000e+00   1.5000000e+01   5.3000000e+01   3.3000099e+01  -5.3467032e+01  -3.8039772e+01   5.0400884e+02   1.9714031e-01   5.0544993e-01   5.2523139e-02
   1.9980000e+03   2.0000000e+00   2.0000000e+00   1.5000000e+01   5.5000000e+01   1.1000000e+01  -5.3462723e+01  -3.8041419e+01   4.9111708e+02   3.1836616e-01   8.1626205e-01   0.0000000e+00
   1.9980000e+03   2.0000000e+00   2.0000000e+00   1.5000000e+01   5.6000000e+01   5.0000000e+01  -5.3458356e+01  -3.8043027e+01   4.9676506e+02   1.8870092e-01   5.5174628e-01   0.0000000e+00
   1.9980000e+03   2.0000000e+00   2.0000000e+00   1.5000000e+01   5.8000000e+01   2.9000099e+01  -5.3453913e+01  -3.8044654e+01   5.0532497e+02   2.9579520e-01   9.2542671e-01   0.0000000e+00
   1.9980000e+03   2.0000000e+00   2.0000000e+00   1.6000000e+01   0.0000000e+00   8.0000000e+00  -5.3449523e+01  -3.8046272e+01   4.9938621e+02   8.9738957e-01   2.3008257e+00   0.0000000e+00
   1.9980000e+03   2.0000000e+00   2.0000000e+00   1.6000000e+01   1.0000000e+00   4.6000000e+01  -5.3445214e+01  -3.8047878e+01   4.9050184e+02   5.9252478e-02   1.6638452e-01   0.0000000e+00
   1.9980000e+03   2.0000000e+00   2.0000000e+00   1.6000000e+01   3.0000000e+00   2.4000000e+01  -5.3440909e+01  -3.8049458e+01   4.8964640e+02   1.3347691e-01   4.2651671e-01   0.0000000e+00
   1.9980000e+03   2.0000000e+00   2.0000000e+00   1.6000000e+01   5.0000000e+00   1.0000000e+00  -5.3436534e+01  -3.8051078e+01   4.9789802e+02   2.3712564e+00   6.1960680e+00   2.7509567e+00
   1.9980000e+03   2.0000000e+00   2.0000000e+00   1.6000000e+01   6.0000000e+00   4.0000000e+01  -5.3432144e+01  -3.8052687e+01   4.9930157e+02   1.1112059e-01   2.8490315e-01   0.0000000e+00
   1.9980000e+03   2.0000000e+00   2.0000000e+00   1.6000000e+01   8.0000000e+00   1.9000000e+01  -5.3427770e+01  -3.8054264e+01   4.9710510e+02   8.5021471e-01   2.1798736e+00   0.0000000e+00
   1.9980000e+03   2.0000000e+00   2.0000000e+00   1.6000000e+01   9.0000000e+00   5.8000000e+01  -5.3423393e+01  -3.8055932e+01   4.9878416e+02   0.0000000e+00   0.0000000e+00   0.0000000e+00
   1.9980000e+03   2.0000000e+00   2.0000000e+00   1.6000000e+01   1.1000000e+01   3.6000000e+01  -5.3419005e+01  -3.8057559e+01   4.9930865e+02   9.6502832e-01   2.5358008e+00   0.0000000e+00
   1.9980000e+03   2.0000000e+00   2.0000000e+00   1.6000000e+01   1.3000000e+01   1.6000099e+01  -5.3414645e+01  -3.8059219e+01   4.9674502e+02   5.6887397e-01   1.4585414e+00   0.0000000e+00
   1.9980000e+03   2.0000000e+00   2.0000000e+00   1.6000000e+01   1.4000000e+01   5.8000099e+01  -5.3410253e+01  -3.8060953e+01   5.0142183e+02   1.8614701e-01   4.7726410e-01   0.0000000e+00
   1.9980000e+03   2.0000000e+00   2.0000000e+00   1.6000000e+01   1.6000000e+01   3.8000099e+01  -5.3405904e+01  -3.8062551e+01   4.9467165e+02   2.3649019e+00   6.0633947e+00   0.0000000e+00
   1.9980000e+03   2.0000000e+00   2.0000000e+00   1.6000000e+01   1.8000000e+01   1.9000000e+01  -5.3401525e+01  -3.8064158e+01   4.9816895e+02   4.8088089e-01   1.2329351e+00   0.0000000e+00
   1.9980000e+03   2.0000000e+00   2.0000000e+00   1.6000000e+01   2.0000000e+01   1.0000000e+00  -5.3397125e+01  -3.8065788e+01   5.0071263e+02   2.9132999e-01   4.0479228e+00   0.0000000e+00
   1.9980000e+03   2.0000000e+00   2.0000000e+00   1.6000000e+01   2.1000000e+01   4.3000000e+01  -5.3392765e+01  -3.8067412e+01   4.9627836e+02   4.4838738e-01   1.1496247e+00   0.0000000e+00
   1.9980000e+03   2.0000000e+00   2.0000000e+00   1.6000000e+01   2.3000000e+01   2.3000000e+01  -5.3388415e+01  -3.8069082e+01   4.9585767e+02   5.4968174e-01   1.5668922e+00   0.0000000e+00
   1.9980000e+03   2.0000000e+00   2.0000000e+00   1.6000000e+01   2.5000000e+01   4.0000000e+00  -5.3384051e+01  -3.8070724e+01   4.9694529e+02   9.5039546e-01   2.4367280e+00   6.0615634e-01
   1.9980000e+03   2.0000000e+00   2.0000000e+00   1.6000000e+01   2.6000000e+01   4.5000000e+01  -5.3379639e+01  -3.8072376e+01   5.0235597e+02   5.1917449e-01   1.3311164e+00   1.2168061e-01
   1.9980000e+03   2.0000000e+00   2.0000000e+00   1.6000000e+01   2.8000000e+01   2.8000000e+01  -5.3375296e+01  -3.8073991e+01   4.9441316e+02   3.5271005e+00   9.2133429e+00   1.1030394e-01
   1.9980000e+03   2.0000000e+00   2.0000000e+00   1.6000000e+01   3.1000000e+01   5.1000000e+01  -5.3366556e+01  -3.8077387e+01   9.9690001e+02   1.0555510e+00   5.6725903e+00   7.0561144e-01
   1.9980000e+03   2.0000000e+00   2.0000000e+00   1.6000000e+01   3.3000000e+01   3.3000000e+01  -5.3362195e+01  -3.8079032e+01   4.9671859e+02   1.0223018e+00   2.7829011e+00   0.0000000e+00
   1.9980000e+03   2.0000000e+00   2.0000000e+00   1.6000000e+01   3.5000000e+01   1.6000000e+01  -5.3357836e+01  -3.8080805e+01   4.9842435e+02   5.1288173e-01   1.3366872e+00   0.0000000e+00
   1.9980000e+03   2.0000000e+00   2.0000000e+00   1.6000000e+01   3.6000000e+01   5.9000000e+01  -5.3353486e+01  -3.8082497e+01   4.9619433e+02   1.8527954e+00   4.8917295e+00   3.9143325e-01
   1.9980000e+03   2.0000000e+00   2.0000000e+00   1.6000000e+01   3.8000000e+01   4.1000000e+01  -5.3349106e+01  -3.8084248e+01   5.0038015e+02   2.4936308e+00   6.5992840e+00   0.0000000e+00
   1.9980000e+03   2.0000000e+00   2.0000000e+00   1.6000000e+01   4.0000000e+01   2.3999901e+01  -5.3344723e+01  -3.8085987e+01   5.0050457e+02   1.2670135e+00   3.5551920e+00   4.5210574e-01
   1.9980000e+03   2.0000000e+00   2.0000000e+00   1.6000000e+01   4.2000000e+01   5.0000000e+00  -5.3340357e+01  -3.8087696e+01   4.9828696e+02   1.5721999e+00   4.0309782e+00   0.0000000e+00
   1.9980000e+03   2.0000000e+00   2.0000000e+00   1.6000000e+01   4.3000000e+01   4.6000000e+01  -5.3335987e+01  -3.8089307e+01   4.9721063e+02   3.7747259e+00   9.6780559e+00   1.4008557e+00
   1.9980000e+03   2.0000000e+00   2.0000000e+00   1.6000000e+01   4.5000000e+01   3.1000000e+01  -5.3331637e+01  -3.8090868e+01   4.9431613e+02   1.0393123e+00   2.9658245e+00   2.9771104e-01
   1.9980000e+03   2.0000000e+00   2.0000000e+00   1.6000000e+01   4.7000000e+01   1.6000000e+01  -5.3327237e+01  -3.8092546e+01   5.0145159e+02   1.3156722e+00   3.3732645e+00   5.0637578e-01
   1.9980000e+03   2.0000000e+00   2.0000000e+00   1.6000000e+01   4.8000000e+01   5.9000000e+01  -5.3322867e+01  -3.8094193e+01   4.9772127e+02   2.5200537e+00   6.6982308e+00   1.3933343e+00
   1.9980000e+03   2.0000000e+00   2.0000000e+00   1.6000000e+01   5.0000000e+01   4.1000000e+01  -5.3318468e+01  -3.8095798e+01   5.0037629e+02   1.4536850e+00   3.7271168e+00   2.6139028e-01
   1.9980000e+03   2.0000000e+00   2.0000000e+00   1.6000000e+01   5.2000000e+01   2.5000099e+01  -5.3314088e+01  -3.8097326e+01   4.9715616e+02   1.5880267e+00   4.0715570e+00   1.2847437e+00
   1.9980000e+03   2.0000000e+00   2.0000000e+00   1.6000000e+01   5.4000000e+01   9.0000000e+00  -5.3309735e+01  -3.8098936e+01   4.9534688e+02   9.9353358e-01   2.5725366e+00   1.2213887e-01
   1.9980000e+03   2.0000000e+00   2.0000000e+00   1.6000000e+01   5.5000000e+01   5.4000000e+01  -5.3305368e+01  -3.8100503e+01   4.9627928e+02   1.2207702e+00   3.1299444e+00   5.1404778e-01
   1.9980000e+03   2.0000000e+00   2.0000000e+00   1.6000000e+01   5.7000000e+01   3.9999901e+01  -5.3300978e+01  -3.8102051e+01   4.9851773e+02   7.5600517e-01   2.0513777e+00   0.0000000e+00
   1.9980000e+03   2.0000000e+00   2.0000000e+00   1.6000000e+01   5.9000000e+01   2.4000000e+01  -5.3296636e+01  -3.8103583e+01   4.9315777e+02   4.5604282e-01   1.1692526e+00   2.8587186e-01
   1.9980000e+03   2.0000000e+00   2.0000000e+00   1.7000000e+01   1.0000000e+00   8.0000000e+00  -5.3292258e+01  -3.8105141e+01   4.9731095e+02   5.3676076e-01   1.7618084e+00   3.9688695e-01
   1.9980000e+03   2.0000000e+00   2.0000000e+00   1.7000000e+01   2.0000000e+00   5.3000099e+01  -5.3287859e+01  -3.8106670e+01   4.9930153e+02   3.4713688e-01   9.7200480e-01   0.0000000e+00
   1.9980000e+03   2.0000000e+00   2.0000000e+00   1.7000000e+01   4.0000000e+00   3.8000000e+01  -5.3283449e+01  -3.8108150e+01   4.9978775e+02   4.6261130e-01   1.3212185e+00   0.0000000e+00
   1.9980000e+03   2.0000000e+00   2.0000000e+00   1.7000000e+01   6.0000000e+00   2.4000000e+01  -5.3279066e+01  -3.8109563e+01   4.9597445e+02   5.5109705e-01   1.8619500e+00   9.5962165e-01
   1.9980000e+03   2.0000000e+00   2.0000000e+00   1.7000000e+01   8.0000000e+00   1.3000000e+01  -5.3274669e+01  -3.8111050e+01   4.9846627e+02   2.4107861e+00   6.1892259e+00   2.8581827e+00
   1.9980000e+03   2.0000000e+00   2.0000000e+00   1.7000000e+01   1.0000000e+01   1.0000000e+00  -5.3270239e+01  -3.8112488e+01   5.0144661e+02   1.4178690e+00   3.6352879e+00   0.0000000e+00
   1.9980000e+03   2.0000000e+00   2.0000000e+00   1.7000000e+01   1.1000000e+01   5.0000099e+01  -5.3265879e+01  -3.8113850e+01   4.9285161e+02   4.3737935e-01   1.1296298e+00   1.2787855e-01
   1.9980000e+03   2.0000000e+00   2.0000000e+00   1.7000000e+01   1.3000000e+01   3.6000000e+01  -5.3261440e+01  -3.8115275e+01   5.0235834e+02   7.9259368e-01   2.0321385e+00   0.0000000e+00
   1.9980000e+03   2.0000000e+00   2.0000000e+00   1.7000000e+01   1.5000000e+01   1.9000000e+01  -5.3257030e+01  -3.8116663e+01   4.9864157e+02   2.2894060e+00   5.8698300e+00   4.1306430e-01
   1.9980000e+03   2.0000000e+00   2.0000000e+00   1.7000000e+01   1.7000000e+01   0.0000000e+00  -5.3252630e+01  -3.8118060e+01   4.9763826e+02   4.5514932e-01   6.1188706e+00   4.9241886e-01
   1.9980000e+03   2.0000000e+00   2.0000000e+00   1.7000000e+01   1.8000000e+01   4.1000000e+01  -5.3248233e+01  -3.8119441e+01   4.9713984e+02   5.0723196e+00   1.8157262e+01   8.8818350e-01
   1.9980000e+03   2.0000000e+00   2.0000000e+00   1.7000000e+01   2.0000000e+01   2.4000000e+01  -5.3243750e+01  -3.8120822e+01   5.0654163e+02   1.0419174e+00   2.6713819e+00   6.8487952e-01
   1.9980000e+03   2.0000000e+00   2.0000000e+00   1.7000000e+01   2.2000000e+01   7.0000000e+00  -5.3239381e+01  -3.8122190e+01   4.9398800e+02   8.9952958e-01   2.4073503e+00   4.4565789e-01
   1.9980000e+03   2.0000000e+00   2.0000000e+00   1.7000000e+01   2.3000000e+01   5.1000099e+01  -5.3234960e+01  -3.8123505e+01   4.9888562e+02   1.8904914e+00   5.1733722e+00   1.1123904e+00
   1.9980000e+03   2.0000000e+00   2.0000000e+00   1.7000000e+01   2.5000000e+01   3.2000099e+01  -5.3230581e+01  -3.8124830e+01   4.9460050e+02   1.8961961e+00   4.8616754e+00   2.4007374e+00
   1.9980000e+03   2.0000000e+00   2.0000000e+00   1.7000000e+01   2.7000000e+01   1.1000000e+01  -5.3226232e+01  -3.8126298e+01   4.9293721e+02   1.3403332e+00   3.4364931e+00   1.4809248e+00
   1.9980000e+03   2.0000000e+00   2.0000000e+00   1.7000000e+01   2.8000000e+01   5.1000000e+01  -5.3221884e+01  -3.8127645e+01   4.9148724e+02   7.8488842e-01   2.5990934e+00   1.0572306e+00
   1.9980000e+03   2.0000000e+00   2.0000000e+00   1.7000000e+01   3.0000000e+01   3.2000000e+01  -5.3217451e+01  -3.8129060e+01   5.0144677e+02   4.3950273e+00   1.1571227e+01   8.8031160e+00
   1.9980000e+03   2.0000000e+00   2.0000000e+00   1.7000000e+01   3.2000000e+01   1.1000099e+01  -5.3213058e+01  -3.8130474e+01   4.9711049e+02   8.7676681e-01   2.9469332e+00   2.2393746e-01
   1.9980000e+03   2.0000000e+00   2.0000000e+00   1.7000000e+01   3.3000000e+01   5.2000099e+01  -5.3208662e+01  -3.8131869e+01   4.9732010e+02   1.3992428e+00   3.5875319e+00   2.6782329e-01
   1.9980000e+03   2.0000000e+00   2.0000000e+00   1.7000000e+01   3.5000000e+01   3.6000000e+01  -5.3204254e+01  -3.8133297e+01   4.9884345e+02   1.2509082e+00   5.4128731e+00   1.9301100e-01
   1.9980000e+03   2.0000000e+00   2.0000000e+00   1.7000000e+01   3.7000000e+01   1.7000000e+01  -5.3199832e+01  -3.8134710e+01   5.0038431e+02   5.0137689e-01   2.1616553e+00   1.8274263e-01
   1.9980000e+03   2.0000000e+00   2.0000000e+00   1.7000000e+01   3.8000000e+01   5.7000099e+01  -5.3195462e+01  -3.8136120e+01   4.9456874e+02   4.2520856e-01   2.6349054e+00   1.6800017e+00
   1.9980000e+03   2.0000000e+00   2.0000000e+00   1.7000000e+01   4.0000000e+01   3.6000000e+01  -5.3191125e+01  -3.8137447e+01   4.8993236e+02   8.4254901e-01   2.4188920e+00   3.5382004e-01
