   1.9980000e+03   1.0000000e+00   3.0000000e+01   1.3000000e+01   1.7000000e+01   4.2000000e+01  -5.3291862e+01  -3.9035509e+01   5.3655777e+02   1.0397646e+00   3.0294332e+00   3.6357075e-01
   1.9980000e+03   1.0000000e+00   3.0000000e+01   1.3000000e+01   1.9000000e+01   2.2000000e+01  -5.3296192e+01  -3.9033580e+01   4.9796831e+02   1.6436797e+00   5.5474320e+00   0.0000000e+00
   1.9980000e+03   1.0000000e+00   3.0000000e+01   1.3000000e+01   2.1000000e+01   2.0000000e+00  -5.3300472e+01  -3.9031600e+01   4.9338382e+02   1.6143185e+00   4.5573697e+00   4.7765659e-01
   1.9980000e+03   1.0000000e+00   3.0000000e+01   1.3000000e+01   2.2000000e+01   4.4000000e+01  -5.3304781e+01  -3.9029609e+01   4.9679389e+02   6.6344247e-01   1.7010065e+00   2.9738941e-01
   1.9980000e+03   1.0000000e+00   3.0000000e+01   1.3000000e+01   2.4000000e+01   2.7000000e+01  -5.3309081e+01  -3.9027759e+01   4.9335239e+02   1.3727448e+00   6.3230915e+00   1.1063923e+00
   1.9980000e+03   1.0000000e+00   3.0000000e+01   1.3000000e+01   2.7000000e+01   5.2000000e+01  -5.3317681e+01  -3.9024110e+01   9.8584637e+02   1.7639566e+00   6.5953850e+00   0.0000000e+00
   1.9980000e+03   1.0000000e+00   3.0000000e+01   1.3000000e+01   2.9000000e+01   3.4000000e+01  -5.3322041e+01  -3.9022640e+01   4.9419208e+02   5.9051799e-01   1.5140347e+00   0.0000000e+00
   1.9980000e+03   1.0000000e+00   3.0000000e+01   1.3000000e+01   3.1000000e+01   1.7000000e+01  -5.3326441e+01  -3.9021200e+01   4.9815316e+02   2.2358062e+00   6.0365005e+00   0.0000000e+00
   1.9980000e+03   1.0000000e+00   3.0000000e+01   1.3000000e+01   3.2000000e+01   5.9000099e+01  -5.3330890e+01  -3.9020075e+01   5.0006732e+02   1.6685944e+00   5.1444837e+00   4.3401517e-01
   1.9980000e+03   1.0000000e+00   3.0000000e+01   1.3000000e+01   3.4000000e+01   4.2000099e+01  -5.3335340e+01  -3.9018930e+01   5.0028806e+02   1.5512603e+00   4.2402659e+00   2.6297467e-01
   1.9980000e+03   1.0000000e+00   3.0000000e+01   1.3000000e+01   3.6000000e+01   2.3999901e+01  -5.3339700e+01  -3.9017765e+01   4.9057800e+02   1.5584061e+00   4.1485261e+00   9.9453496e-01
   1.9980000e+03   1.0000000e+00   3.0000000e+01   1.3000000e+01   3.8000000e+01   8.0000000e+00  -5.3344100e+01  -3.9016537e+01   4.9565242e+02   7.8876083e-01   3.0291069e+00   1.1200611e+00
   1.9980000e+03   1.0000000e+00   3.0000000e+01   1.3000000e+01   3.9000000e+01   5.2000000e+01  -5.3348460e+01  -3.9015440e+01   4.8992283e+02   1.7154323e+00   4.8886061e+00   3.2995372e-01
   1.9980000e+03   1.0000000e+00   3.0000000e+01   1.3000000e+01   4.3000000e+01   1.9000000e+01  -5.3357295e+01  -3.9013130e+01   9.9357165e+02   3.3708554e+00   8.8871677e+00   5.9590070e-01
   1.9980000e+03   1.0000000e+00   3.0000000e+01   1.3000000e+01   4.5000000e+01   1.0000992e+00  -5.3361689e+01  -3.9011890e+01   4.9523582e+02   2.5428717e+00   7.1872636e+00   1.8505437e+00
   1.9980000e+03   1.0000000e+00   3.0000000e+01   1.3000000e+01   4.6000000e+01   4.3000099e+01  -5.3366089e+01  -3.9010860e+01   4.9365539e+02   3.1718432e+00   1.2910207e+01   1.0296809e+01
   1.9980000e+03   1.0000000e+00   3.0000000e+01   1.3000000e+01   4.8000000e+01   2.3000000e+01  -5.3370529e+01  -3.9009823e+01   4.9813960e+02   3.3438450e+00   1.6050175e+01   1.3579283e+01
   1.9980000e+03   1.0000000e+00   3.0000000e+01   1.3000000e+01   5.0000000e+01   1.0000000e+00  -5.3374949e+01  -3.9008780e+01   4.9597488e+02   9.2431767e-01   4.9301816e+00   1.9121331e+00
   1.9980000e+03   1.0000000e+00   3.0000000e+01   1.3000000e+01   5.1000000e+01   4.1000000e+01  -5.3379399e+01  -3.9007720e+01   4.9939417e+02   3.0896548e+00   1.2778797e+01   1.1294270e+00
   1.9980000e+03   1.0000000e+00   3.0000000e+01   1.3000000e+01   5.3000000e+01   2.4000000e+01  -5.3383809e+01  -3.9006585e+01   4.9580996e+02   3.1408095e+00   8.0527515e+00   0.0000000e+00
   1.9980000e+03   1.0000000e+00   3.0000000e+01   1.3000000e+01   5.5000000e+01   6.0000000e+00  -5.3388198e+01  -3.9005630e+01   4.9184234e+02   2.5742797e+00   6.9683186e+00   1.9576996e+00
   1.9980000e+03   1.0000000e+00   3.0000000e+01   1.3000000e+01   5.6000000e+01   4.9000000e+01  -5.3392593e+01  -3.9004595e+01   4.9313927e+02   2.4221139e+00   6.2100809e+00   3.0025683e+00
   1.9980000e+03   1.0000000e+00   3.0000000e+01   1.3000000e+01   5.8000000e+01   3.3000099e+01  -5.3397051e+01  -3.9003640e+01   4.9934647e+02   2.2745309e+00   5.8544839e+00   7.1781298e-01
   1.9980000e+03   1.0000000e+00   3.0000000e+01   1.4000000e+01   0.0000000e+00   1.6000099e+01  -5.3401458e+01  -3.9002560e+01   4.9491902e+02   2.5307032e+00   1.1154328e+01   2.3150695e+00
   1.9980000e+03   1.0000000e+00   3.0000000e+01   1.4000000e+01   1.0000000e+00   5.8999901e+01  -5.3405862e+01  -3.9001340e+01   4.9609797e+02   2.6001070e+00   8.6954539e+00   4.6326220e-01
   1.9980000e+03   1.0000000e+00   3.0000000e+01   1.4000000e+01   3.0000000e+00   4.0999901e+01  -5.3410298e+01  -3.9000010e+01   5.0067871e+02   2.3983497e+00   6.1789809e+00   8.4527783e-02
   1.9980000e+03   1.0000000e+00   3.0000000e+01   1.4000000e+01   5.0000000e+00   2.4000000e+01  -5.3414582e+01  -3.8998181e+01   4.9121489e+02   1.1362077e+00   2.9131337e+00   1.4231198e-01
   1.9980000e+03   1.0000000e+00   3.0000000e+01   1.4000000e+01   7.0000000e+00   5.0000000e+00  -5.3418878e+01  -3.8996486e+01   4.9034892e+02   4.0184918e+00   1.0627153e+01   3.5328952e+00
   1.9980000e+03   1.0000000e+00   3.0000000e+01   1.4000000e+01   8.0000000e+00   4.5999901e+01  -5.3423278e+01  -3.8994930e+01   4.9966566e+02   4.3803196e+00   1.1258094e+01   2.1233717e+00
   1.9980000e+03   1.0000000e+00   3.0000000e+01   1.4000000e+01   1.0000000e+01   2.8000000e+01  -5.3427677e+01  -3.8993466e+01   4.9840029e+02   2.6846740e+00   6.8832613e+00   0.0000000e+00
   1.9980000e+03   1.0000000e+00   3.0000000e+01   1.4000000e+01   1.2000000e+01   1.0000000e+01  -5.3432057e+01  -3.8991996e+01   4.9634068e+02   1.9228904e+00   4.9301171e+00   1.1025387e-01
   1.9980000e+03   1.0000000e+00   3.0000000e+01   1.4000000e+01   1.3000000e+01   5.4000000e+01  -5.3436477e+01  -3.8990546e+01   5.0044009e+02   1.5321474e+00   4.1666268e+00   0.0000000e+00
   1.9980000e+03   1.0000000e+00   3.0000000e+01   1.4000000e+01   1.5000000e+01   3.8000000e+01  -5.3440867e+01  -3.8989098e+01   4.9710350e+02   1.2422756e+00   8.7546591e+00   0.0000000e+00
   1.9980000e+03   1.0000000e+00   3.0000000e+01   1.4000000e+01   1.7000000e+01   2.3000099e+01  -5.3445245e+01  -3.8987825e+01   4.9376280e+02   2.4218535e+00   6.2094135e+00   4.2385203e-01
   1.9980000e+03   1.0000000e+00   3.0000000e+01   1.4000000e+01   1.9000000e+01   6.0000000e+00  -5.3449568e+01  -3.8986580e+01   4.8740613e+02   2.0525278e+00   5.6075822e+00   1.4557834e+00
   1.9980000e+03   1.0000000e+00   3.0000000e+01   1.4000000e+01   2.2000000e+01   3.7999901e+01  -5.3458386e+01  -3.8983948e+01   9.9522003e+02   2.6454101e+00   6.7825922e+00   4.9843604e-01
   1.9980000e+03   1.0000000e+00   3.0000000e+01   1.4000000e+01   2.4000000e+01   2.3000000e+01  -5.3462816e+01  -3.8982527e+01   5.0112868e+02   1.4371355e+00   4.1841946e+00   3.9201965e-01
   1.9980000e+03   1.0000000e+00   3.0000000e+01   1.4000000e+01   2.6000000e+01   6.0000000e+00  -5.3467166e+01  -3.8981052e+01   4.9311246e+02   2.5649389e+00   6.7249247e+00   0.0000000e+00
   1.9980000e+03   1.0000000e+00   3.0000000e+01   1.4000000e+01   2.7000000e+01   5.0000000e+01  -5.3471536e+01  -3.8979837e+01   4.9219970e+02   1.5964734e+00   7.8375599e+00   1.0426160e+00
   1.9980000e+03   1.0000000e+00   3.0000000e+01   1.4000000e+01   2.9000000e+01   3.3999901e+01  -5.3475936e+01  -3.8978620e+01   4.9546622e+02   4.8902104e+00   1.5578110e+01   4.1695775e+00
   1.9980000e+03   1.0000000e+00   3.0000000e+01   1.4000000e+01   3.1000000e+01   1.9000000e+01  -5.3480366e+01  -3.8977580e+01   4.9704178e+02   1.4762424e+00   9.7321337e+00   1.7066838e-01
   1.9980000e+03   1.0000000e+00   3.0000000e+01   1.4000000e+01   3.3000000e+01   4.0000000e+00  -5.3484808e+01  -3.8976480e+01   4.9894086e+02   1.4919471e+00   3.8252175e+00   0.0000000e+00
   1.9980000e+03   1.0000000e+00   3.0000000e+01   1.4000000e+01   3.4000000e+01   4.8000099e+01  -5.3489205e+01  -3.8975334e+01   4.9449043e+02   2.6310329e+00   6.7457305e+00   2.7609230e-01
   1.9980000e+03   1.0000000e+00   3.0000000e+01   1.4000000e+01   3.6000000e+01   3.4000000e+01  -5.3493595e+01  -3.8974306e+01   4.9252174e+02   1.1386563e+00   2.9876804e+00   1.9914019e-01
   1.9980000e+03   1.0000000e+00   3.0000000e+01   1.4000000e+01   3.8000000e+01   1.9000000e+01  -5.3498039e+01  -3.8973366e+01   4.9765786e+02   5.7704360e-01   1.4794876e+00   3.6830396e-01
   1.9980000e+03   1.0000000e+00   3.0000000e+01   1.4000000e+01   4.0000000e+01   1.0000000e+00  -5.3502435e+01  -3.8972401e+01   4.9263857e+02   5.2826924e-01   1.3544346e+00   1.7499934e-01
   1.9980000e+03   1.0000000e+00   3.0000000e+01   1.4000000e+01   4.1000000e+01   4.5000000e+01  -5.3506875e+01  -3.8971390e+01   4.9787931e+02   8.3230772e-01   2.1623907e+00   3.7453924e-01
   1.9980000e+03   1.0000000e+00   3.0000000e+01   1.4000000e+01   4.3000000e+01   2.9000000e+01  -5.3511298e+01  -3.8970344e+01   4.9635826e+02   6.8102923e-01   1.7460974e+00   1.0263542e+00
   1.9980000e+03   1.0000000e+00   3.0000000e+01   1.4000000e+01   4.5000000e+01   1.1000000e+01  -5.3515683e+01  -3.8969250e+01   4.9257823e+02   5.6684203e-01   1.4533317e+00   1.8490959e-01
   1.9980000e+03   1.0000000e+00   3.0000000e+01   1.4000000e+01   4.6000000e+01   5.4000000e+01  -5.3520148e+01  -3.8968066e+01   5.0227552e+02   8.7134339e-01   2.2340457e+00   8.7341232e-01
   1.9980000e+03   1.0000000e+00   3.0000000e+01   1.4000000e+01   4.8000000e+01   3.5000000e+01  -5.3524614e+01  -3.8966818e+01   5.0306914e+02   7.4464150e-01   1.9091935e+00   9.3358497e-01
   1.9980000e+03   1.0000000e+00   3.0000000e+01   1.4000000e+01   5.0000000e+01   1.5000000e+01  -5.3528944e+01  -3.8965378e+01   4.9046052e+02   7.0041658e-01   1.9034848e+00   5.6290189e-01
   1.9980000e+03   1.0000000e+00   3.0000000e+01   1.4000000e+01   5.1000000e+01   5.6000000e+01  -5.3533344e+01  -3.8963940e+01   4.9806208e+02   8.1272575e-01   2.6001445e+00   7.0359129e-01
   1.9980000e+03   1.0000000e+00   3.0000000e+01   1.4000000e+01   5.3000000e+01   3.8000000e+01  -5.3537684e+01  -3.8962540e+01   4.9100552e+02   1.3478144e+00   3.4556741e+00   4.6634993e-01
   1.9980000e+03   1.0000000e+00   3.0000000e+01   1.4000000e+01   5.5000000e+01   1.9000000e+01  -5.3542064e+01  -3.8961143e+01   4.9536856e+02   1.3589892e+00   3.4843254e+00   0.0000000e+00
   1.9980000e+03   1.0000000e+00   3.0000000e+01   1.4000000e+01   5.6000000e+01   5.9999901e+01  -5.3546469e+01  -3.8959744e+01   4.9820833e+02   6.0550186e-01   1.5524520e+00   0.0000000e+00
   1.9980000e+03   1.0000000e+00   3.0000000e+01   1.4000000e+01   5.8000000e+01   4.1000099e+01  -5.3550873e+01  -3.8958352e+01   4.9791359e+02   8.8444095e-01   2.2676266e+00   0.0000000e+00
   1.9980000e+03   1.0000000e+00   3.0000000e+01   1.5000000e+01   0.0000000e+00   2.2999901e+01  -5.3555273e+01  -3.8957010e+01   4.9688569e+02   1.0102692e+00   3.0569758e+00   1.5650562e+00
   1.9980000e+03   1.0000000e+00   3.0000000e+01   1.5000000e+01   2.0000000e+00   3.0000000e+00  -5.3559633e+01  -3.8955599e+01   4.9333367e+02   6.3287531e-01   2.0910921e+00   0.0000000e+00
   1.9980000e+03   1.0000000e+00   3.0000000e+01   1.5000000e+01   3.0000000e+00   4.1000000e+01  -5.3564011e+01  -3.8954264e+01   4.9440127e+02   2.8473901e-01   7.3004507e-01   0.0000000e+00
   1.9980000e+03   1.0000000e+00   3.0000000e+01   1.5000000e+01   5.0000000e+00   2.0000000e+01  -5.3568443e+01  -3.8952904e+01   5.0056508e+02   5.4567744e-01   1.3990676e+00   0.0000000e+00
   1.9980000e+03   1.0000000e+00   3.0000000e+01   1.5000000e+01   6.0000000e+00   5.9000000e+01  -5.3572833e+01  -3.8951504e+01   4.9647501e+02   5.2567859e-01   1.3477924e+00   0.0000000e+00
   1.9980000e+03   1.0000000e+00   3.0000000e+01   1.5000000e+01   8.0000000e+00   3.8000000e+01  -5.3577203e+01  -3.8950119e+01   4.9415081e+02   7.1981186e-01   2.1377224e+00   0.0000000e+00
   1.9980000e+03   1.0000000e+00   3.0000000e+01   1.5000000e+01   1.0000000e+01   1.6000000e+01  -5.3581581e+01  -3.8948812e+01   4.9401691e+02   2.5495415e-01   2.4246453e+00   5.3979254e-01
   1.9980000e+03   1.0000000e+00   3.0000000e+01   1.5000000e+01   1.1000000e+01   5.5000000e+01  -5.3585952e+01  -3.8947519e+01   4.9321336e+02   5.8769333e-01   2.1845177e+00   3.4102574e-01
   1.9980000e+03   1.0000000e+00   3.0000000e+01   1.5000000e+01   1.3000000e+01   3.5000000e+01  -5.3590402e+01  -3.8946179e+01   5.0229905e+02   5.8070914e-01   1.8675870e+00   0.0000000e+00
   1.9980000e+03   1.0000000e+00   3.0000000e+01   1.5000000e+01   1.5000000e+01   1.5000000e+01  -5.3594812e+01  -3.8944884e+01   4.9742069e+02   3.7978182e-01   1.2129801e+00   1.3545975e-01
   1.9980000e+03   1.0000000e+00   3.0000000e+01   1.5000000e+01   1.6000000e+01   5.6000000e+01  -5.3599162e+01  -3.8943544e+01   4.9135891e+02   3.2455747e-01   8.3213601e-01   0.0000000e+00
   1.9980000e+03   1.0000000e+00   3.0000000e+01   1.5000000e+01   1.8000000e+01   3.9000000e+01  -5.3603582e+01  -3.8942084e+01   5.0048029e+02   2.5023176e-01   7.2393752e-01   0.0000000e+00
   1.9980000e+03   1.0000000e+00   3.0000000e+01   1.5000000e+01   2.0000000e+01   2.1000000e+01  -5.3607952e+01  -3.8940792e+01   4.9301046e+02   1.7787626e-01   4.7977137e-01   0.0000000e+00
   1.9980000e+03   1.0000000e+00   3.0000000e+01   1.5000000e+01   2.3000000e+01   4.3000000e+01  -5.3616686e+01  -3.8938117e+01   9.8648008e+02   0.0000000e+00   0.0000000e+00   0.0000000e+00
   1.9980000e+03   1.0000000e+00   3.0000000e+01   1.5000000e+01   2.7000000e+01   2.9999008e+00  -5.3625410e+01  -3.8935555e+01   9.8395506e+02   0.0000000e+00   0.0000000e+00   0.0000000e+00
   1.9980000e+03   1.0000000e+00   3.0000000e+01   1.5000000e+01   2.8000000e+01   4.3000000e+01  -5.3629807e+01  -3.8934153e+01   4.9723821e+02   0.0000000e+00   0.0000000e+00   0.0000000e+00
   1.9980000e+03   1.0000000e+00   3.0000000e+01   1.5000000e+01   3.0000000e+01   2.3000000e+01  -5.3634212e+01  -3.8932772e+01   4.9789786e+02   0.0000000e+00   0.0000000e+00   0.0000000e+00
   1.9980000e+03   1.0000000e+00   3.0000000e+01   1.5000000e+01   3.2000000e+01   4.0000000e+00  -5.3638630e+01  -3.8931260e+01   5.0097791e+02   0.0000000e+00   0.0000000e+00   0.0000000e+00
   1.9980000e+03   1.0000000e+00   3.0000000e+01   1.5000000e+01   3.3000000e+01   4.4000000e+01  -5.3643089e+01  -3.8929730e+01   5.0558537e+02   0.0000000e+00   0.0000000e+00   0.0000000e+00
   1.9980000e+03   1.0000000e+00   3.0000000e+01   1.5000000e+01   3.5000000e+01   2.4000000e+01  -5.3647487e+01  -3.8928130e+01   5.0000202e+02   0.0000000e+00   0.0000000e+00   0.0000000e+00
   1.9980000e+03   1.0000000e+00   3.0000000e+01   1.5000000e+01   3.7000000e+01   3.9999008e+00  -5.3651866e+01  -3.8926629e+01   4.9647389e+02   0.0000000e+00   0.0000000e+00   0.0000000e+00
   1.9980000e+03   1.0000000e+00   3.0000000e+01   1.5000000e+01   3.8000000e+01   4.4000000e+01  -5.3656248e+01  -3.8925079e+01   4.9747111e+02   0.0000000e+00   0.0000000e+00   0.0000000e+00
   1.9980000e+03   1.0000000e+00   3.0000000e+01   1.5000000e+01   4.0000000e+01   2.4000000e+01  -5.3660634e+01  -3.8923513e+01   4.9825747e+02   0.0000000e+00   0.0000000e+00   0.0000000e+00
   1.9980000e+03   1.0000000e+00   3.0000000e+01   1.5000000e+01   4.2000000e+01   5.0000000e+00  -5.3664941e+01  -3.8921910e+01   4.9010640e+02   0.0000000e+00   0.0000000e+00   0.0000000e+00
   1.9980000e+03   1.0000000e+00   3.0000000e+01   1.5000000e+01   4.3000000e+01   5.3000000e+01  -5.3669577e+01  -3.8920188e+01   5.2741946e+02   1.5898004e+00   4.2831325e+00   0.0000000e+00
   1.9980000e+03   1.0000000e+00   3.0000000e+01   1.5000000e+01   4.5000000e+01   2.6000000e+01  -5.3673614e+01  -3.8918652e+01   4.5990751e+02   1.8188151e+00   5.6513992e+00   0.0000000e+00
   1.9980000e+03   1.0000000e+00   3.0000000e+01   1.5000000e+01   4.7000000e+01   6.0000000e+00  -5.3677954e+01  -3.8917022e+01   4.9405133e+02   1.7203089e+01   4.4107165e+01   2.4822658e+01
   1.9980000e+03   1.0000000e+00   3.0000000e+01   1.5000000e+01   4.8000000e+01   4.8000000e+01  -5.3682375e+01  -3.8915377e+01   5.0304842e+02   6.8388836e+01   1.9736933e+02   1.6668392e+02
   1.9980000e+03   1.0000000e+00   3.0000000e+01   1.5000000e+01   5.0000000e+01   3.0000000e+01  -5.3686745e+01  -3.8913794e+01   4.9661918e+02   6.4881557e-01   1.6635044e+00   2.5214790e-01
   1.9980000e+03   1.0000000e+00   3.0000000e+01   1.5000000e+01   5.2000000e+01   1.1000000e+01  -5.3691145e+01  -3.8912171e+01   5.0044881e+02   1.4395095e+00   3.6907723e+00   2.1785103e+00
   1.9980000e+03   1.0000000e+00   3.0000000e+01   1.5000000e+01   5.3000000e+01   5.3000000e+01  -5.3695505e+01  -3.8910609e+01   4.9525027e+02   4.8720857e-01   1.2491587e+00   9.7345340e-01
   1.9980000e+03   1.0000000e+00   3.0000000e+01   1.5000000e+01   5.5000000e+01   3.4000000e+01  -5.3699905e+01  -3.8909036e+01   4.9972806e+02   2.8049623e-01   8.5429024e-01   0.0000000e+00
   1.9980000e+03   1.0000000e+00   3.0000000e+01   1.5000000e+01   5.8000000e+01   5.4000000e+01  -5.3708578e+01  -3.8906016e+01   9.8404996e+02   2.6123350e-01   7.4509248e-01   3.5992293e-01
   1.9980000e+03   1.0000000e+00   3.0000000e+01   1.6000000e+01   0.0000000e+00   3.4000000e+01  -5.3712994e+01  -3.8904469e+01   5.0116304e+02   8.0685483e-01   2.0687028e+00   3.0412155e-01
   1.9980000e+03   1.0000000e+00   3.0000000e+01   1.6000000e+01   2.0000000e+00   1.4000000e+01  -5.3717378e+01  -3.8902956e+01   4.9716068e+02   1.0002949e-01   3.8020509e-01   0.0000000e+00
   1.9980000e+03   1.0000000e+00   3.0000000e+01   1.6000000e+01   3.0000000e+00   5.4000000e+01  -5.3721744e+01  -3.8901373e+01   4.9621095e+02   7.4225726e+01   2.6719586e+02   0.0000000e+00
   1.9980000e+03   1.0000000e+00   3.0000000e+01   1.6000000e+01   5.0000000e+00   3.3000000e+01  -5.3726104e+01  -3.8899789e+01   4.9553493e+02   1.2863303e+00   3.4738801e+00   0.0000000e+00
   1.9980000e+03   1.0000000e+00   3.0000000e+01   1.6000000e+01   7.0000000e+00   1.1000000e+01  -5.3730424e+01  -3.8898073e+01   4.9311565e+02   6.4068483e-01   1.6426580e+00   0.0000000e+00
   1.9980000e+03   1.0000000e+00   3.0000000e+01   1.6000000e+01   8.0000000e+00   5.1000000e+01  -5.3734814e+01  -3.8896355e+01   5.0068715e+02   3.2181935e+00   9.4574586e+00   5.4845798e+00
   1.9980000e+03   1.0000000e+00   3.0000000e+01   1.6000000e+01   1.0000000e+01   2.9000099e+01  -5.3739167e+01  -3.8894800e+01   4.9441918e+02   5.3305521e+01   1.3705453e+02   6.1792635e-01
   1.9980000e+03   1.0000000e+00   3.0000000e+01   1.6000000e+01   1.2000000e+01   5.0000000e+00  -5.3743519e+01  -3.8893224e+01   4.9461169e+02   1.4155651e+00   4.1783166e+00   9.8363606e-01
   1.9980000e+03   1.0000000e+00   3.0000000e+01   1.6000000e+01   1.3000000e+01   4.3000000e+01  -5.3747873e+01  -3.8891668e+01   4.9447229e+02   7.4163287e+00   2.0095512e+01   0.0000000e+00
   1.9980000e+03   1.0000000e+00   3.0000000e+01   1.6000000e+01   1.5000000e+01   2.1000000e+01  -5.3752282e+01  -3.8890082e+01   5.0081611e+02   1.0310690e+00   2.7458442e+00   5.1397353e-01
   1.9980000e+03   1.0000000e+00   3.0000000e+01   1.6000000e+01   1.7000000e+01   1.0000000e+00  -5.3756651e+01  -3.8888522e+01   4.9629149e+02   2.5733897e+00   7.0491370e+00   3.3576736e+00
   1.9980000e+03   1.0000000e+00   3.0000000e+01   1.6000000e+01   1.8000000e+01   4.0000099e+01  -5.3761053e+01  -3.8887149e+01   4.9732225e+02   8.9858659e-01   2.6820950e+00   5.0715227e-01
   1.9980000e+03   1.0000000e+00   3.0000000e+01   1.6000000e+01   2.0000000e+01   1.8000000e+01  -5.3765373e+01  -3.8885720e+01   4.8912425e+02   2.9582380e+00   7.9238762e+00   3.0522341e+00
   1.9980000e+03   1.0000000e+00   3.0000000e+01   1.6000000e+01   2.3000000e+01   3.4000099e+01  -5.3774172e+01  -3.8882887e+01   9.9535702e+02   4.8937389e+00   1.3204836e+01   1.0133307e+00
   1.9980000e+03   1.0000000e+00   3.0000000e+01   1.6000000e+01   2.5000000e+01   1.3000000e+01  -5.3778563e+01  -3.8881568e+01   4.9550838e+02   6.9651137e+00   1.8077658e+01   3.2419028e-01
   1.9980000e+03   1.0000000e+00   3.0000000e+01   1.6000000e+01   2.8000000e+01   3.3000000e+01  -5.3787322e+01  -3.8879040e+01   9.8735815e+02   1.4767031e+00   3.7861332e+00   1.0874803e+00
   1.9980000e+03   1.0000000e+00   3.0000000e+01   1.6000000e+01   3.0000000e+01   1.1000000e+01  -5.3791692e+01  -3.8877686e+01   4.9365597e+02   1.0751045e+00   2.7794349e+00   0.0000000e+00
   1.9980000e+03   1.0000000e+00   3.0000000e+01   1.6000000e+01   3.1000000e+01   5.1000000e+01  -5.3796112e+01  -3.8876362e+01   4.9876051e+02   5.5936502e+00   1.5203472e+01   2.0550998e-01
   1.9980000e+03   1.0000000e+00   3.0000000e+01   1.6000000e+01   3.3000000e+01   3.1000000e+01  -5.3800502e+01  -3.8874952e+01   4.9649079e+02   1.2128882e+03   3.1097355e+03   2.4318216e+03
   1.9980000e+03   1.0000000e+00   3.0000000e+01   1.6000000e+01   3.5000000e+01   9.0000992e+00  -5.3804895e+01  -3.8873574e+01   4.9644343e+02   9.7039403e+00   2.6675023e+01   1.7999087e+00
   1.9980000e+03   1.0000000e+00   3.0000000e+01   1.6000000e+01   3.8000000e+01   2.4000099e+01  -5.3813624e+01  -3.8870754e+01   9.8750906e+02   1.0265856e+01   3.5827344e+01   1.8202996e+01
   1.9980000e+03   1.0000000e+00   3.0000000e+01   1.6000000e+01   4.0000000e+01   3.0000992e+00  -5.3818051e+01  -3.8869670e+01   4.9707041e+02   1.3590221e+01   3.5058988e+01   2.7266962e+00
   1.9980000e+03   1.0000000e+00   3.0000000e+01   1.6000000e+01   4.1000000e+01   4.0000000e+01  -5.3822466e+01  -3.8868465e+01   4.9691886e+02   1.7341505e+01   4.4462050e+01   1.9605081e+01
   1.9980000e+03   1.0000000e+00   3.0000000e+01   1.6000000e+01   4.3000000e+01   1.9999901e+01  -5.3826921e+01  -3.8867355e+01   5.0032238e+02   2.2936498e+01   5.8807108e+01   2.6513077e+01
   1.9980000e+03   1.0000000e+00   3.0000000e+01   1.6000000e+01   4.5000000e+01   1.0000992e+00  -5.3831331e+01  -3.8866200e+01   4.9585700e+02   1.9730159e+01   5.0586345e+01   1.1833666e+01
   1.9980000e+03   1.0000000e+00   3.0000000e+01   1.6000000e+01   4.6000000e+01   4.1000099e+01  -5.3835758e+01  -3.8865145e+01   4.9680205e+02   9.8873265e+00   3.7333872e+01   1.3730718e+01
   1.9980000e+03   1.0000000e+00   3.0000000e+01   1.6000000e+01   4.8000000e+01   2.1000000e+01  -5.3840198e+01  -3.8864212e+01   4.9713715e+02   1.8525252e+01   4.8185342e+01   6.2731851e-01
   1.9980000e+03   1.0000000e+00   3.0000000e+01   1.6000000e+01   5.0000000e+01   0.0000000e+00  -5.3844620e+01  -3.8863255e+01   4.9541210e+02   8.1862136e+00   2.8993144e+01   2.5641220e+00
   1.9980000e+03   1.0000000e+00   3.0000000e+01   1.6000000e+01   5.1000000e+01   3.8000000e+01  -5.3849040e+01  -3.8862320e+01   4.9491370e+02   1.7352977e+01   4.7365626e+01   1.3003618e+00
   1.9980000e+03   1.0000000e+00   3.0000000e+01   1.6000000e+01   5.3000000e+01   1.5000000e+01  -5.3853455e+01  -3.8861375e+01   4.9448980e+02   2.3442683e+01   6.2170506e+01   3.9556831e+00
   1.9980000e+03   1.0000000e+00   3.0000000e+01   1.6000000e+01   5.4000000e+01   5.4000000e+01  -5.3857880e+01  -3.8860398e+01   4.9585877e+02   1.1479302e+01   3.0623406e+01   3.7548881e+00
   1.9980000e+03   1.0000000e+00   3.0000000e+01   1.6000000e+01   5.6000000e+01   3.1000000e+01  -5.3862330e+01  -3.8859485e+01   4.9804447e+02   2.2887675e+01   1.2785578e+02   7.1629696e+00
   1.9980000e+03   1.0000000e+00   3.0000000e+01   1.6000000e+01   5.8000000e+01   7.0000992e+00  -5.3866749e+01  -3.8858590e+01   4.9462994e+02   8.1711756e+00   2.1883549e+01   6.1130877e-01
   1.9980000e+03   1.0000000e+00   3.0000000e+01   1.6000000e+01   5.9000000e+01   4.4000000e+01  -5.3871192e+01  -3.8857720e+01   4.9692305e+02   2.5550947e+02   6.5518200e+02   3.5321695e+02
   1.9980000e+03   1.0000000e+00   3.0000000e+01   1.7000000e+01   1.0000000e+00   2.0000000e+01  -5.3875579e+01  -3.8856875e+01   4.9064497e+02   5.6845187e+00   5.6209098e+01   2.6049795e-01
   1.9980000e+03   1.0000000e+00   3.0000000e+01   1.7000000e+01   2.0000000e+00   5.7000000e+01  -5.3880039e+01  -3.8855950e+01   4.9926358e+02   1.7485176e+02   4.8491037e+02   3.7518000e+02
   1.9980000e+03   1.0000000e+00   3.0000000e+01   1.7000000e+01   6.0000000e+00   1.4000000e+01  -5.3888959e+01  -3.8854118e+01   9.9840765e+02   3.5846351e+01   1.1021998e+02   1.6029018e+01
   1.9980000e+03   1.0000000e+00   3.0000000e+01   1.7000000e+01   7.0000000e+00   5.2000000e+01  -5.3893369e+01  -3.8853190e+01   4.9379132e+02   1.7955770e+01   1.3514493e+02   1.4335936e+01
   1.9980000e+03   1.0000000e+00   3.0000000e+01   1.7000000e+01   9.0000000e+00   3.1000000e+01  -5.3897816e+01  -3.8852266e+01   4.9784442e+02   4.5418706e+01   1.1727537e+02   2.0860360e+00
   1.9980000e+03   1.0000000e+00   3.0000000e+01   1.7000000e+01   1.1000000e+01   9.0000000e+00  -5.3902188e+01  -3.8851248e+01   4.9043014e+02   2.1286490e+01   7.1223145e+01   0.0000000e+00
   1.9980000e+03   1.0000000e+00   3.0000000e+01   1.7000000e+01   1.2000000e+01   4.5000000e+01  -5.3906633e+01  -3.8850230e+01   4.9835908e+02   1.3880062e+01   4.8632367e+01   7.0717975e+00
   1.9980000e+03   1.0000000e+00   3.0000000e+01   1.7000000e+01   1.4000000e+01   2.4000000e+01  -5.3911070e+01  -3.8849204e+01   4.9762135e+02   1.2490894e+01   3.2791920e+01   5.0425057e+00
   1.9980000e+03   1.0000000e+00   3.0000000e+01   1.7000000e+01   1.6000000e+01   2.0000000e+00  -5.3915488e+01  -3.8848190e+01   4.9536498e+02   1.5455921e+01   3.9811902e+01   1.3841899e+00
   1.9980000e+03   1.0000000e+00   3.0000000e+01   1.7000000e+01   1.7000000e+01   4.0000000e+01  -5.3919893e+01  -3.8847186e+01   4.9382317e+02   1.2536821e+01   3.6427026e+01   6.9507151e+00
   1.9980000e+03   1.0000000e+00   3.0000000e+01   1.7000000e+01   2.0000000e+01   5.5000000e+01  -5.3928752e+01  -3.8845116e+01   9.9374075e+02   7.4225689e+00   1.9852258e+01   2.6516853e+00
   1.9980000e+03   1.0000000e+00   3.0000000e+01   1.7000000e+01   2.2000000e+01   3.2000000e+01  -5.3933197e+01  -3.8844061e+01   4.9872757e+02   9.2196058e+01   3.7518038e+02   2.5914458e+02
   1.9980000e+03   1.0000000e+00   3.0000000e+01   1.7000000e+01   2.4000000e+01   1.0000099e+01  -5.3937647e+01  -3.8843091e+01   4.9856436e+02   3.9671119e+00   1.1484707e+01   2.9278345e+00
   1.9980000e+03   1.0000000e+00   3.0000000e+01   1.7000000e+01   2.5000000e+01   4.9000000e+01  -5.3942027e+01  -3.8841938e+01   4.9250559e+02   8.6457970e+00   2.2305797e+01   0.0000000e+00
   1.9980000e+03   1.0000000e+00   3.0000000e+01   1.7000000e+01   2.7000000e+01   2.7000000e+01  -5.3946477e+01  -3.8840880e+01   4.9930376e+02   4.1960205e+00   1.6967985e+01   8.6403797e-01
   1.9980000e+03   1.0000000e+00   3.0000000e+01   1.7000000e+01   2.9000000e+01   5.0000000e+00  -5.3950847e+01  -3.8839426e+01   4.9477612e+02   4.4661939e+00   1.1450917e+01   5.3433587e-01
   1.9980000e+03   1.0000000e+00   3.0000000e+01   1.7000000e+01   3.0000000e+01   4.1000000e+01  -5.3955174e+01  -3.8837993e+01   4.8982139e+02   1.6185168e+01   4.1674153e+01   8.4258854e-01
   1.9980000e+03   1.0000000e+00   3.0000000e+01   1.7000000e+01   3.3000000e+01   5.1000000e+01  -5.3963896e+01  -3.8834540e+01   9.9523207e+02   1.0123712e+01   2.5956283e+01   1.2703167e+00
   1.9980000e+03   1.0000000e+00   3.0000000e+01   1.7000000e+01   3.5000000e+01   2.6000000e+01  -5.3968253e+01  -3.8832777e+01   4.9763958e+02   3.5264390e+02   9.1020335e+02   4.7081975e+02
   1.9980000e+03   1.0000000e+00   3.0000000e+01   1.7000000e+01   3.7000000e+01   0.0000000e+00  -5.3972636e+01  -3.8830986e+01   5.0094013e+02   3.2686032e+02   8.3843506e+02   7.2923822e+02
   1.9980000e+03   1.0000000e+00   3.0000000e+01   1.7000000e+01   3.8000000e+01   3.2000000e+01  -5.3976955e+01  -3.8829231e+01   4.9340889e+02   6.7155844e+02   1.7218420e+03   1.6968194e+03
   1.9980000e+03   1.0000000e+00   3.0000000e+01   1.7000000e+01   4.0000000e+01   5.0000000e+00  -5.3981286e+01  -3.8827462e+01   4.9494965e+02   2.5101183e+03   6.4460069e+03   6.3332269e+03
   1.9980000e+03   1.0000000e+00   3.0000000e+01   1.7000000e+01   4.1000000e+01   3.9000000e+01  -5.3985627e+01  -3.8825609e+01   4.9738684e+02   3.5243919e+01   9.0362221e+01   7.8583245e-01
   1.9980000e+03   1.0000000e+00   3.0000000e+01   1.7000000e+01   4.3000000e+01   1.2000000e+01  -5.3990004e+01  -3.8823822e+01   5.0018820e+02   9.0410117e+00   2.3258675e+01   1.3230600e+00
