   2.0120000e+03   1.2000000e+01   4.0000000e+00   1.4000000e+01   4.9000000e+01   4.8000000e+01  -5.3852029e+01  -3.7593865e+01   4.9943920e+02   1.4031758e-01   4.5171144e-01   1.1156317e-01
   2.0120000e+03   1.2000000e+01   4.0000000e+00   1.4000000e+01   5.2000000e+01   7.0000000e+00  -5.3847731e+01  -3.7594783e+01   4.8146917e+02   2.4060110e-01   8.3703352e-01   2.3544661e-01
   2.0120000e+03   1.2000000e+01   4.0000000e+00   1.4000000e+01   5.3000000e+01   5.5000000e+01  -5.3843162e+01  -3.7596228e+01   5.1637269e+02   2.8258566e-01   9.0970195e-01   4.0802819e-01
   2.0120000e+03   1.2000000e+01   4.0000000e+00   1.4000000e+01   5.5000000e+01   3.2000000e+01  -5.3838757e+01  -3.7597732e+01   4.9939967e+02   2.4990602e-01   1.1202780e+00   4.3742431e-01
   2.0120000e+03   1.2000000e+01   4.0000000e+00   1.4000000e+01   5.7000000e+01   1.1000000e+01  -5.3834304e+01  -3.7599155e+01   5.0350354e+02   3.9280635e-01   1.3256707e+00   4.0327313e-01
   2.0120000e+03   1.2000000e+01   4.0000000e+00   1.4000000e+01   5.8000000e+01   5.1000000e+01  -5.3829902e+01  -3.7600720e+01   4.9983027e+02   4.7428367e+02   1.5269057e+03   1.5265452e+03
   2.0120000e+03   1.2000000e+01   4.0000000e+00   1.5000000e+01   0.0000000e+00   3.1000000e+01  -5.3825492e+01  -3.7602259e+01   5.0031314e+02   4.8005106e+02   1.5309183e+03   1.5200094e+03
   2.0120000e+03   1.2000000e+01   4.0000000e+00   1.5000000e+01   2.0000000e+00   1.1000000e+01  -5.3821092e+01  -3.7603801e+01   4.9927486e+02   9.0681915e+02   2.6613458e+03   2.6522503e+03
   2.0120000e+03   1.2000000e+01   4.0000000e+00   1.5000000e+01   3.0000000e+00   5.1000000e+01  -5.3816723e+01  -3.7605318e+01   4.9551475e+02   6.4708471e+01   2.1941827e+02   1.9071465e+02
   2.0120000e+03   1.2000000e+01   4.0000000e+00   1.5000000e+01   5.0000000e+00   3.3000000e+01  -5.3812341e+01  -3.7606904e+01   4.9792809e+02   2.0782118e+00   6.6957751e+00   2.1119242e-01
   2.0120000e+03   1.2000000e+01   4.0000000e+00   1.5000000e+01   7.0000000e+00   1.5000000e+01  -5.3807915e+01  -3.7608495e+01   5.0277128e+02   2.2845844e-01   7.3545518e-01   2.0429224e-01
   2.0120000e+03   1.2000000e+01   4.0000000e+00   1.5000000e+01   8.0000000e+00   5.6000000e+01  -5.3803533e+01  -3.7610045e+01   4.9752839e+02   1.1000046e+00   3.5411433e+00   3.0414997e-01
   2.0120000e+03   1.2000000e+01   4.0000000e+00   1.5000000e+01   1.0000000e+01   3.6000000e+01  -5.3799137e+01  -3.7611610e+01   4.9915297e+02   1.3395221e-01   4.3122000e-01   4.0163357e-01
   2.0120000e+03   1.2000000e+01   4.0000000e+00   1.5000000e+01   1.2000000e+01   1.6000000e+01  -5.3794747e+01  -3.7613275e+01   4.9985762e+02   1.5381812e-01   4.0046872e-01   2.8548108e-01
   2.0120000e+03   1.2000000e+01   4.0000000e+00   1.5000000e+01   1.3000000e+01   5.5000000e+01  -5.3790316e+01  -3.7614833e+01   5.0287290e+02   7.6924731e-02   2.7118193e-01   2.4763670e-01
   2.0120000e+03   1.2000000e+01   4.0000000e+00   1.5000000e+01   1.5000000e+01   3.4000000e+01  -5.3785931e+01  -3.7616365e+01   4.9753520e+02   1.2201776e-02   3.9280051e-02   0.0000000e+00
   2.0120000e+03   1.2000000e+01   4.0000000e+00   1.5000000e+01   1.7000000e+01   1.5000000e+01  -5.3781496e+01  -3.7617881e+01   5.0276978e+02   1.1971597e-01   5.4128894e-01   3.8357377e-01
   2.0120000e+03   1.2000000e+01   4.0000000e+00   1.5000000e+01   1.8000000e+01   5.5000000e+01  -5.3777101e+01  -3.7619362e+01   4.9802994e+02   1.5302915e-01   4.9263262e-01   3.5206440e-01
   2.0120000e+03   1.2000000e+01   4.0000000e+00   1.5000000e+01   2.0000000e+01   3.4000099e+01  -5.3772677e+01  -3.7620798e+01   5.0051578e+02   5.0787814e-02   1.6349653e-01   1.6349653e-01
   2.0120000e+03   1.2000000e+01   4.0000000e+00   1.5000000e+01   2.2000000e+01   1.3000000e+01  -5.3768300e+01  -3.7622277e+01   4.9599836e+02   1.6627471e-01   2.4611842e-01   2.4611842e-01
   2.0120000e+03   1.2000000e+01   4.0000000e+00   1.5000000e+01   2.3000000e+01   5.3000000e+01  -5.3763887e+01  -3.7623720e+01   4.9939533e+02   8.0896062e-02   2.6042123e-01   2.6042123e-01
   2.0120000e+03   1.2000000e+01   4.0000000e+00   1.5000000e+01   2.5000000e+01   3.3000000e+01  -5.3759487e+01  -3.7625121e+01   4.9748158e+02   7.6790583e-02   2.4720485e-01   2.4720485e-01
   2.0120000e+03   1.2000000e+01   4.0000000e+00   1.5000000e+01   2.7000000e+01   1.2000099e+01  -5.3755055e+01  -3.7626599e+01   5.0204696e+02   2.1088506e-02   3.2225734e-01   2.5436906e-01
   2.0120000e+03   1.2000000e+01   4.0000000e+00   1.5000000e+01   2.8000000e+01   5.0000000e+01  -5.3750616e+01  -3.7628049e+01   5.0235924e+02   7.4171272e-01   5.1392178e+00   2.7962496e-01
   2.0120000e+03   1.2000000e+01   4.0000000e+00   1.5000000e+01   3.0000000e+01   2.9000000e+01  -5.3746222e+01  -3.7629608e+01   4.9891110e+02   1.6078406e-01   5.1759732e-01   2.4365646e-01
   2.0120000e+03   1.2000000e+01   4.0000000e+00   1.5000000e+01   3.2000000e+01   7.0000000e+00  -5.3741848e+01  -3.7631120e+01   4.9607677e+02   5.5453757e-02   1.7851717e-01   1.7851717e-01
   2.0120000e+03   1.2000000e+01   4.0000000e+00   1.5000000e+01   3.3000000e+01   4.5000000e+01  -5.3737407e+01  -3.7632663e+01   5.0375390e+02   5.3722827e-02   3.0589462e-01   2.9928512e-01
   2.0120000e+03   1.2000000e+01   4.0000000e+00   1.5000000e+01   3.5000000e+01   2.4000000e+01  -5.3732998e+01  -3.7634245e+01   5.0088212e+02   9.0319384e-02   4.5830264e-01   1.8901803e-01
   2.0120000e+03   1.2000000e+01   4.0000000e+00   1.5000000e+01   3.7000000e+01   3.0000000e+00  -5.3728604e+01  -3.7635805e+01   4.9894282e+02   6.4344711e-02   3.3490020e-01   1.7583562e-01
   2.0120000e+03   1.2000000e+01   4.0000000e+00   1.5000000e+01   3.8000000e+01   4.1000000e+01  -5.3724229e+01  -3.7637325e+01   4.9621654e+02   7.3807335e-02   3.9288155e-01   1.5528040e-01
   2.0120000e+03   1.2000000e+01   4.0000000e+00   1.5000000e+01   4.0000000e+01   1.9000000e+01  -5.3719820e+01  -3.7638818e+01   4.9968625e+02   1.8208435e-01   5.8981403e-01   5.8616736e-01
   2.0120000e+03   1.2000000e+01   4.0000000e+00   1.5000000e+01   4.1000000e+01   5.8000000e+01  -5.3715379e+01  -3.7640262e+01   5.0253152e+02   1.2527316e+02   4.0328033e+02   4.0288512e+02
   2.0120000e+03   1.2000000e+01   4.0000000e+00   1.5000000e+01   4.3000000e+01   3.7000000e+01  -5.3710953e+01  -3.7641708e+01   5.0099572e+02   3.6335390e-01   1.4622488e+00   8.8224811e-01
   2.0120000e+03   1.2000000e+01   4.0000000e+00   1.5000000e+01   4.5000000e+01   1.6000000e+01  -5.3706570e+01  -3.7643100e+01   4.9556465e+02   7.2701183e-02   6.3738602e-01   4.1920714e-01
   2.0120000e+03   1.2000000e+01   4.0000000e+00   1.5000000e+01   4.6000000e+01   5.6000000e+01  -5.3702157e+01  -3.7644541e+01   4.9945603e+02   1.4537606e-01   4.6799574e-01   0.0000000e+00
   2.0120000e+03   1.2000000e+01   4.0000000e+00   1.5000000e+01   4.8000000e+01   3.7000000e+01  -5.3697705e+01  -3.7645889e+01   5.0250967e+02   4.9034634e-02   3.7999192e-01   2.2213925e-01
   2.0120000e+03   1.2000000e+01   4.0000000e+00   1.5000000e+01   5.0000000e+01   1.7000000e+01  -5.3693303e+01  -3.7647254e+01   4.9737733e+02   8.4539655e-02   2.7215072e-01   2.5315507e-01
   2.0120000e+03   1.2000000e+01   4.0000000e+00   1.5000000e+01   5.1000000e+01   5.6000000e+01  -5.3688855e+01  -3.7648654e+01   5.0275212e+02   7.6549995e+02   2.4643034e+03   1.9668986e+03
   2.0120000e+03   1.2000000e+01   4.0000000e+00   1.5000000e+01   5.3000000e+01   3.4000000e+01  -5.3684425e+01  -3.7650009e+01   5.0024080e+02   2.2110482e+02   7.1200793e+02   7.1178236e+02
   2.0120000e+03   1.2000000e+01   4.0000000e+00   1.5000000e+01   5.5000000e+01   2.6000000e+01  -5.3679875e+01  -3.7651640e+01   5.1690616e+02   1.4800266e-01   5.3961644e-01   4.1311837e-01
   2.0120000e+03   1.2000000e+01   4.0000000e+00   1.5000000e+01   5.7000000e+01   4.7000000e+01  -5.3675627e+01  -3.7653195e+01   4.8305061e+02   4.6501187e-01   1.4969698e+00   1.0085088e+00
   2.0120000e+03   1.2000000e+01   4.0000000e+00   1.6000000e+01   0.0000000e+00   1.4000000e+01  -5.3671532e+01  -3.7654541e+01   4.6350532e+02   1.6315780e-01   5.2523887e-01   3.5279217e-01
   2.0120000e+03   1.2000000e+01   4.0000000e+00   1.6000000e+01   2.0000000e+00   1.5000000e+01  -5.3666961e+01  -3.7656126e+01   5.1859894e+02   0.0000000e+00   2.9702915e-01   2.9702915e-01
   2.0120000e+03   1.2000000e+01   4.0000000e+00   1.6000000e+01   3.0000000e+00   5.7000000e+01  -5.3662537e+01  -3.7657827e+01   5.0418976e+02   1.5657270e-01   5.0404005e-01   3.1849042e-01
   2.0120000e+03   1.2000000e+01   4.0000000e+00   1.6000000e+01   5.0000000e+00   3.3000000e+01  -5.3658104e+01  -3.7659453e+01   5.0407411e+02   9.2751748e-02   2.9858715e-01   2.9858715e-01
   2.0120000e+03   1.2000000e+01   4.0000000e+00   1.6000000e+01   7.0000000e+00   6.0000000e+00  -5.3653691e+01  -3.7660998e+01   5.0084199e+02   1.5292523e+01   2.2162150e+01   0.0000000e+00
   2.0120000e+03   1.2000000e+01   4.0000000e+00   1.6000000e+01   8.0000000e+00   3.7000099e+01  -5.3649284e+01  -3.7662542e+01   5.0013898e+02   2.0195257e+02   6.6733877e+02   3.9525102e+02
   2.0120000e+03   1.2000000e+01   4.0000000e+00   1.6000000e+01   1.0000000e+01   8.0000000e+00  -5.3644850e+01  -3.7664146e+01   5.0394251e+02   5.4429946e-02   2.1953403e-01   0.0000000e+00
   2.0120000e+03   1.2000000e+01   4.0000000e+00   1.6000000e+01   1.1000000e+01   3.9000000e+01  -5.3640536e+01  -3.7665733e+01   4.9055849e+02   3.9279304e-01   1.2644824e+00   3.1167074e-01
   2.0120000e+03   1.2000000e+01   4.0000000e+00   1.6000000e+01   1.3000000e+01   1.2000000e+01  -5.3636063e+01  -3.7667251e+01   5.0707820e+02   2.1820991e+00   7.0246305e+00   6.8436482e+00
   2.0120000e+03   1.2000000e+01   4.0000000e+00   1.6000000e+01   1.4000000e+01   4.9000099e+01  -5.3631678e+01  -3.7668501e+01   4.9413725e+02   1.3058737e+01   4.2038788e+01   4.5112211e+00
   2.0120000e+03   1.2000000e+01   4.0000000e+00   1.6000000e+01   1.6000000e+01   2.8000000e+01  -5.3627221e+01  -3.7669798e+01   5.0260958e+02   5.3171457e-02   1.7116997e-01   0.0000000e+00
   2.0120000e+03   1.2000000e+01   4.0000000e+00   1.6000000e+01   1.8000000e+01   6.0000000e+00  -5.3622788e+01  -3.7671099e+01   4.9999740e+02   5.3259806e-02   1.7145438e-01   1.7145438e-01
   2.0120000e+03   1.2000000e+01   4.0000000e+00   1.6000000e+01   1.9000000e+01   4.6000000e+01  -5.3618350e+01  -3.7672414e+01   5.0071907e+02   4.3935788e+01   1.4143843e+02   7.4897236e+01
   2.0120000e+03   1.2000000e+01   4.0000000e+00   1.6000000e+01   2.1000000e+01   2.5000000e+01  -5.3613989e+01  -3.7674016e+01   4.9589477e+02   0.0000000e+00   6.6492195e-01   1.9581574e-01
   2.0120000e+03   1.2000000e+01   4.0000000e+00   1.6000000e+01   2.3000000e+01   5.0000000e+00  -5.3609582e+01  -3.7675551e+01   5.0009841e+02   4.3337408e-02   1.9905880e-01   1.9905880e-01
   2.0120000e+03   1.2000000e+01   4.0000000e+00   1.6000000e+01   2.4000000e+01   4.5000000e+01  -5.3605212e+01  -3.7677181e+01   4.9733207e+02   8.1439149e-02   2.6216955e-01   2.6216955e-01
   2.0120000e+03   1.2000000e+01   4.0000000e+00   1.6000000e+01   2.6000000e+01   2.5000000e+01  -5.3600800e+01  -3.7678745e+01   5.0097529e+02   4.9567653e-02   1.5956857e-01   0.0000000e+00
   2.0120000e+03   1.2000000e+01   4.0000000e+00   1.6000000e+01   2.8000000e+01   4.0000992e+00  -5.3596419e+01  -3.7680388e+01   4.9877133e+02   4.0483923e-02   1.5047515e-01   1.3032616e-01
   2.0120000e+03   1.2000000e+01   4.0000000e+00   1.6000000e+01   2.9000000e+01   4.1000000e+01  -5.3592051e+01  -3.7681964e+01   4.9632143e+02   9.3198204e-02   3.0002439e-01   3.0002439e-01
   2.0120000e+03   1.2000000e+01   4.0000000e+00   1.6000000e+01   3.1000000e+01   1.8999901e+01  -5.3587622e+01  -3.7683585e+01   5.0359553e+02   6.6380641e-02   2.6734809e-01   1.4882827e-01
   2.0120000e+03   1.2000000e+01   4.0000000e+00   1.6000000e+01   3.2000000e+01   5.6000000e+01  -5.3583192e+01  -3.7685021e+01   5.0136376e+02   1.3281033e-01   4.2754405e-01   1.7364186e-01
   2.0120000e+03   1.2000000e+01   4.0000000e+00   1.6000000e+01   3.4000000e+01   3.4000000e+01  -5.3578763e+01  -3.7686475e+01   5.0135650e+02   2.1083407e-01   6.7871867e-01   5.9281137e-01
   2.0120000e+03   1.2000000e+01   4.0000000e+00   1.6000000e+01   3.6000000e+01   1.1000000e+01  -5.3574390e+01  -3.7688009e+01   4.9639610e+02   1.0147867e-01   3.2668093e-01   1.5787045e-01
   2.0120000e+03   1.2000000e+01   4.0000000e+00   1.6000000e+01   3.7000000e+01   4.6999901e+01  -5.3570006e+01  -3.7689551e+01   4.9761483e+02   1.0709940e-01   3.4477524e-01   0.0000000e+00
   2.0120000e+03   1.2000000e+01   4.0000000e+00   1.6000000e+01   3.9000000e+01   2.3000000e+01  -5.3565586e+01  -3.7691097e+01   5.0163570e+02   5.8096926e-02   1.8702608e-01   1.2880005e-01
   2.0120000e+03   1.2000000e+01   4.0000000e+00   1.6000000e+01   4.0000000e+01   5.8000000e+01  -5.3561203e+01  -3.7692617e+01   4.9726530e+02   5.2130430e-02   1.7766445e-01   0.0000000e+00
   2.0120000e+03   1.2000000e+01   4.0000000e+00   1.6000000e+01   4.2000000e+01   3.5000000e+01  -5.3556808e+01  -3.7694118e+01   4.9832081e+02   1.0554452e-01   3.3976975e-01   0.0000000e+00
   2.0120000e+03   1.2000000e+01   4.0000000e+00   1.6000000e+01   4.4000000e+01   1.6000000e+01  -5.3552416e+01  -3.7695604e+01   4.9780502e+02   1.9239457e-01   6.1935812e-01   1.8953509e-01
   2.0120000e+03   1.2000000e+01   4.0000000e+00   1.6000000e+01   4.5000000e+01   5.4000000e+01  -5.3547974e+01  -3.7697054e+01   5.0284725e+02   7.4983160e-02   2.4138637e-01   2.0042911e-01
   2.0120000e+03   1.2000000e+01   4.0000000e+00   1.6000000e+01   4.7000000e+01   2.9999901e+01  -5.3543546e+01  -3.7698553e+01   5.0182764e+02   4.2339256e-02   1.5310599e-01   1.3629886e-01
   2.0120000e+03   1.2000000e+01   4.0000000e+00   1.6000000e+01   4.9000000e+01   5.0000000e+00  -5.3539157e+01  -3.7700013e+01   4.9713255e+02   0.0000000e+00   1.4540013e-01   0.0000000e+00
   2.0120000e+03   1.2000000e+01   4.0000000e+00   1.6000000e+01   5.0000000e+01   4.0000000e+01  -5.3534739e+01  -3.7701486e+01   5.0051625e+02   1.7959417e-02   5.7815095e-02   0.0000000e+00
   2.0120000e+03   1.2000000e+01   4.0000000e+00   1.6000000e+01   5.2000000e+01   1.5000000e+01  -5.3530295e+01  -3.7702949e+01   5.0321079e+02   7.3399370e-02   2.3628782e-01   1.6977404e-01
   2.0120000e+03   1.2000000e+01   4.0000000e+00   1.6000000e+01   5.3000000e+01   5.0000000e+01  -5.3525869e+01  -3.7704425e+01   5.0134141e+02   3.9557555e-02   1.2734399e-01   0.0000000e+00
   2.0120000e+03   1.2000000e+01   4.0000000e+00   1.6000000e+01   5.5000000e+01   2.8000000e+01  -5.3521485e+01  -3.7705895e+01   4.9675787e+02   5.4639126e-02   3.2337775e-01   0.0000000e+00
   2.0120000e+03   1.2000000e+01   4.0000000e+00   1.6000000e+01   5.7000000e+01   1.0000000e+01  -5.3517024e+01  -3.7707342e+01   5.0484561e+02   1.5268696e-01   4.9153104e-01   0.0000000e+00
   2.0120000e+03   1.2000000e+01   4.0000000e+00   1.6000000e+01   5.8000000e+01   5.3000099e+01  -5.3512668e+01  -3.7708754e+01   4.9293649e+02   4.3384019e-02   1.3966217e-01   0.0000000e+00
   2.0120000e+03   1.2000000e+01   4.0000000e+00   1.7000000e+01   0.0000000e+00   3.6000000e+01  -5.3508335e+01  -3.7710401e+01   4.9362994e+02   5.0393490e-02   2.5381748e-01   2.5381748e-01
   2.0120000e+03   1.2000000e+01   4.0000000e+00   1.7000000e+01   2.0000000e+00   2.8000000e+01  -5.3503741e+01  -3.7712175e+01   5.2373736e+02   1.0074735e-01   3.2432667e-01   1.7617545e-01
   2.0120000e+03   1.2000000e+01   4.0000000e+00   1.7000000e+01   4.0000000e+00   5.3000000e+01  -5.3499513e+01  -3.7713671e+01   4.8012466e+02   3.0419094e-01   9.7925385e-01   0.0000000e+00
   2.0120000e+03   1.2000000e+01   4.0000000e+00   1.7000000e+01   7.0000000e+00   3.7000000e+01  -5.3495161e+01  -3.7714460e+01   4.8639143e+02   1.6910708e-01   5.8526654e-01   3.8671488e-01
   2.0120000e+03   1.2000000e+01   4.0000000e+00   1.7000000e+01   1.0000000e+01   6.0000000e+00  -5.3490873e+01  -3.7716048e+01   4.8794203e+02   5.2802306e-02   2.5282674e-01   1.6998160e-01
   2.0120000e+03   1.2000000e+01   4.0000000e+00   1.7000000e+01   1.2000000e+01   9.0000992e+00  -5.3486393e+01  -3.7717813e+01   5.1133370e+02   5.4731697e-02   1.7619271e-01   1.7619271e-01
   2.0120000e+03   1.2000000e+01   4.0000000e+00   1.7000000e+01   1.3000000e+01   5.5000000e+01  -5.3481968e+01  -3.7719598e+01   5.0561609e+02   2.5835815e-02   8.3170859e-02   0.0000000e+00
   2.0120000e+03   1.2000000e+01   4.0000000e+00   1.7000000e+01   1.5000000e+01   3.4000000e+01  -5.3477496e+01  -3.7720755e+01   5.0277161e+02   3.8719212e-02   1.2464519e-01   0.0000000e+00
   2.0120000e+03   1.2000000e+01   4.0000000e+00   1.7000000e+01   1.7000000e+01   9.0000000e+00  -5.3473071e+01  -3.7721990e+01   4.9848901e+02   0.0000000e+00   8.7371724e-02   0.0000000e+00
   2.0120000e+03   1.2000000e+01   4.0000000e+00   1.7000000e+01   1.8000000e+01   4.5000000e+01  -5.3468623e+01  -3.7723377e+01   5.0267442e+02   2.7979259e-02   9.0071048e-02   0.0000000e+00
   2.0120000e+03   1.2000000e+01   4.0000000e+00   1.7000000e+01   2.0000000e+01   2.5000000e+01  -5.3464274e+01  -3.7724898e+01   4.9361668e+02   4.7064852e-01   1.5151154e+00   0.0000000e+00
   2.0120000e+03   1.2000000e+01   4.0000000e+00   1.7000000e+01   2.2000000e+01   8.0000000e+00  -5.3459892e+01  -3.7726421e+01   4.9727190e+02   3.4396433e-02   1.1072927e-01   1.2129966e-02
   2.0120000e+03   1.2000000e+01   4.0000000e+00   1.7000000e+01   2.3000000e+01   4.9000000e+01  -5.3455425e+01  -3.7728072e+01   5.0823642e+02   3.3960696e-02   1.0932654e-01   1.0932654e-01
   2.0120000e+03   1.2000000e+01   4.0000000e+00   1.7000000e+01   2.5000000e+01   2.8000000e+01  -5.3451055e+01  -3.7729651e+01   4.9674759e+02   8.0323903e-02   3.8328308e-01   1.5956230e-01
   2.0120000e+03   1.2000000e+01   4.0000000e+00   1.7000000e+01   2.7000000e+01   7.0000000e+00  -5.3446653e+01  -3.7731160e+01   4.9918015e+02   4.9389980e-02   2.5860129e-01   0.0000000e+00
   2.0120000e+03   1.2000000e+01   4.0000000e+00   1.7000000e+01   2.8000000e+01   4.5000000e+01  -5.3442229e+01  -3.7732714e+01   5.0228451e+02   9.0536359e-02   2.9145535e-01   8.7792072e-02
   2.0120000e+03   1.2000000e+01   4.0000000e+00   1.7000000e+01   3.0000000e+01   2.1000000e+01  -5.3437870e+01  -3.7734232e+01   4.9471392e+02   3.4074215e+00   4.2006828e+00   8.3554087e-02
   2.0120000e+03   1.2000000e+01   4.0000000e+00   1.7000000e+01   3.1000000e+01   5.8000000e+01  -5.3433456e+01  -3.7735691e+01   4.9984978e+02   1.8405093e-01   5.9249820e-01   0.0000000e+00
   2.0120000e+03   1.2000000e+01   4.0000000e+00   1.7000000e+01   3.3000000e+01   3.7000000e+01  -5.3429019e+01  -3.7737061e+01   5.0131898e+02   2.6693323e-02   8.5931353e-02   0.0000000e+00
   2.0120000e+03   1.2000000e+01   4.0000000e+00   1.7000000e+01   3.5000000e+01   1.5000099e+01  -5.3424626e+01  -3.7738467e+01   4.9700353e+02   3.2637569e-02   1.0506712e-01   1.0506712e-01
   2.0120000e+03   1.2000000e+01   4.0000000e+00   1.7000000e+01   3.6000000e+01   5.3000000e+01  -5.3420221e+01  -3.7739764e+01   4.9686859e+02   1.1949542e-01   3.8468058e-01   1.0473983e-01
   2.0120000e+03   1.2000000e+01   4.0000000e+00   1.7000000e+01   3.8000000e+01   3.0000099e+01  -5.3415797e+01  -3.7741156e+01   5.0021154e+02   6.6412148e-02   2.1379450e-01   0.0000000e+00
   2.0120000e+03   1.2000000e+01   4.0000000e+00   1.7000000e+01   4.0000000e+01   6.0000000e+00  -5.3411330e+01  -3.7742498e+01   5.0422328e+02   7.5379107e-02   2.4266101e-01   1.0424211e-01
   2.0120000e+03   1.2000000e+01   4.0000000e+00   1.7000000e+01   4.1000000e+01   4.4000099e+01  -5.3406893e+01  -3.7743811e+01   5.0064559e+02   0.0000000e+00   1.0517168e-01   0.0000000e+00
   2.0120000e+03   1.2000000e+01   4.0000000e+00   1.7000000e+01   4.3000000e+01   2.3000000e+01  -5.3402495e+01  -3.7745320e+01   4.9888751e+02   3.8064388e-02   3.0606767e-01   1.8353050e-01
   2.0120000e+03   1.2000000e+01   4.0000000e+00   1.7000000e+01   4.5000000e+01   1.0000000e+00  -5.3398129e+01  -3.7746856e+01   4.9573711e+02   0.0000000e+00   8.9932501e-02   0.0000000e+00
   2.0120000e+03   1.2000000e+01   4.0000000e+00   1.7000000e+01   4.6000000e+01   3.9000099e+01  -5.3393734e+01  -3.7748387e+01   4.9875438e+02   3.9533844e-02   1.2726766e-01   0.0000000e+00
   2.0120000e+03   1.2000000e+01   4.0000000e+00   1.7000000e+01   4.8000000e+01   1.5000000e+01  -5.3389333e+01  -3.7749905e+01   4.9929322e+02   4.7445647e-02   1.5273740e-01   1.5273740e-01
   2.0120000e+03   1.2000000e+01   4.0000000e+00   1.7000000e+01   4.9000000e+01   5.2000099e+01  -5.3384918e+01  -3.7751359e+01   4.9990918e+02   5.4584882e-02   1.9168859e-01   1.7572008e-01
   2.0120000e+03   1.2000000e+01   4.0000000e+00   1.7000000e+01   5.1000000e+01   3.1000000e+01  -5.3380481e+01  -3.7752805e+01   5.0226648e+02   0.0000000e+00   1.4650851e-01   1.4650851e-01
   2.0120000e+03   1.2000000e+01   4.0000000e+00   1.7000000e+01   5.3000000e+01   1.0000000e+01  -5.3376038e+01  -3.7754263e+01   5.0312931e+02   2.5415182e-02   3.1609694e-01   1.6855900e-01
   2.0120000e+03   1.2000000e+01   4.0000000e+00   1.7000000e+01   5.4000000e+01   4.8000099e+01  -5.3371627e+01  -3.7755591e+01   4.9794746e+02   1.2692222e+02   4.0858902e+02   1.8112812e+02
   2.0120000e+03   1.2000000e+01   4.0000000e+00   1.7000000e+01   5.6000000e+01   2.6000000e+01  -5.3367231e+01  -3.7757028e+01   4.9777807e+02   2.3356801e+02   7.5190397e+02   1.5115025e+02
   2.0120000e+03   1.2000000e+01   4.0000000e+00   1.7000000e+01   5.8000000e+01   5.0000000e+00  -5.3362836e+01  -3.7758415e+01   4.9692929e+02   3.2940620e-02   2.1083795e-01   2.1083795e-01
   2.0120000e+03   1.2000000e+01   4.0000000e+00   1.7000000e+01   5.9000000e+01   4.3000000e+01  -5.3358411e+01  -3.7759834e+01   5.0061345e+02   8.1031996e-02   2.6085883e-01   1.9224697e-01
   2.0120000e+03   1.2000000e+01   4.0000000e+00   1.8000000e+01   1.0000000e+00   2.1000000e+01  -5.3353989e+01  -3.7761246e+01   5.0016924e+02   0.0000000e+00   0.0000000e+00   0.0000000e+00
   2.0120000e+03   1.2000000e+01   4.0000000e+00   1.8000000e+01   2.0000000e+00   5.8000000e+01  -5.3349585e+01  -3.7762711e+01   4.9891734e+02   0.0000000e+00   0.0000000e+00   0.0000000e+00
   2.0120000e+03   1.2000000e+01   4.0000000e+00   1.8000000e+01   4.0000000e+00   3.5000000e+01  -5.3345197e+01  -3.7764158e+01   4.9698600e+02   7.2300039e-02   2.3274885e-01   0.0000000e+00
   2.0120000e+03   1.2000000e+01   4.0000000e+00   1.8000000e+01   6.0000000e+00   1.3000000e+01  -5.3340739e+01  -3.7765647e+01   5.0516231e+02   9.2463639e-02   3.5372227e-01   2.1746889e-01
   2.0120000e+03   1.2000000e+01   4.0000000e+00   1.8000000e+01   7.0000000e+00   5.2000000e+01  -5.3336285e+01  -3.7767212e+01   5.0569860e+02   1.0108061e-01   5.1731918e-01   2.4231020e-01
   2.0120000e+03   1.2000000e+01   4.0000000e+00   1.8000000e+01   9.0000000e+00   4.8000000e+01  -5.3331779e+01  -3.7768966e+01   5.1399702e+02   1.9305784e-01   6.2149332e-01   1.6551043e-01
   2.0120000e+03   1.2000000e+01   4.0000000e+00   1.8000000e+01   1.2000000e+01   1.4000099e+01  -5.3327575e+01  -3.7769931e+01   4.7156103e+02   2.2241870e-01   7.1601200e-01   5.1081476e-01
   2.0120000e+03   1.2000000e+01   4.0000000e+00   1.8000000e+01   1.4000000e+01   5.2000099e+01  -5.3323117e+01  -3.7771230e+01   5.0276819e+02   3.0056554e-01   1.9384209e-01   0.0000000e+00
   2.0120000e+03   1.2000000e+01   4.0000000e+00   1.8000000e+01   1.7000000e+01   1.6000000e+01  -5.3318877e+01  -3.7772557e+01   4.7935189e+02   4.5676161e-01   1.4704106e+00   2.1915289e-01
   2.0120000e+03   1.2000000e+01   4.0000000e+00   1.8000000e+01   1.9000000e+01   1.9000000e+01  -5.3314235e+01  -3.7774131e+01   5.2631390e+02   5.4212158e-02   1.7452020e-01   0.0000000e+00
   2.0120000e+03   1.2000000e+01   4.0000000e+00   1.8000000e+01   2.1000000e+01   1.1999901e+01  -5.3309953e+01  -3.7775747e+01   4.8775868e+02   1.6118050e-02   9.9749193e-01   5.1887352e-02
   2.0120000e+03   1.2000000e+01   4.0000000e+00   1.8000000e+01   2.2000000e+01   5.9000000e+01  -5.3305539e+01  -3.7777356e+01   5.0196321e+02   5.5114165e-02   2.9469946e-01   1.7111455e-01
   2.0120000e+03   1.2000000e+01   4.0000000e+00   1.8000000e+01   2.4000000e+01   4.1000000e+01  -5.3301170e+01  -3.7779029e+01   4.9807095e+02   1.5304555e-02   4.9268543e-02   2.2439992e-02
   2.0120000e+03   1.2000000e+01   4.0000000e+00   1.8000000e+01   2.6000000e+01   2.1000000e+01  -5.3296751e+01  -3.7780674e+01   5.0300448e+02   1.7852212e-01   5.7469981e-01   5.1773952e-01
   2.0120000e+03   1.2000000e+01   4.0000000e+00   1.8000000e+01   2.7000000e+01   5.9000000e+01  -5.3292379e+01  -3.7782390e+01   4.9905600e+02   2.3895494e-01   7.4137456e-01   6.6681770e-01
   2.0120000e+03   1.2000000e+01   4.0000000e+00   1.8000000e+01   2.9000000e+01   3.6000000e+01  -5.3287998e+01  -3.7784022e+01   4.9868331e+02   2.9763848e-01   9.5816012e-01   8.2231454e-01
   2.0120000e+03   1.2000000e+01   4.0000000e+00   1.8000000e+01   3.1000000e+01   1.2999901e+01  -5.3283579e+01  -3.7785433e+01   4.9991560e+02   6.2712962e-01   2.0188606e+00   1.7027061e+00
   2.0120000e+03   1.2000000e+01   4.0000000e+00   1.8000000e+01   3.2000000e+01   5.1000000e+01  -5.3279162e+01  -3.7786900e+01   5.0045167e+02   1.6329497e+00   5.2557797e+00   1.9968577e+00
   2.0120000e+03   1.2000000e+01   4.0000000e+00   1.8000000e+01   3.4000000e+01   3.0000000e+01  -5.3274733e+01  -3.7788293e+01   5.0072530e+02   1.6255529e+00   2.4534214e+00   7.1022908e-01
   2.0120000e+03   1.2000000e+01   4.0000000e+00   1.8000000e+01   3.6000000e+01   1.1000000e+01  -5.3270300e+01  -3.7789697e+01   5.0136179e+02   6.8748952e-01   2.3030299e+00   1.3509423e+00
   2.0120000e+03   1.2000000e+01   4.0000000e+00   1.8000000e+01   3.7000000e+01   4.9999901e+01  -5.3265921e+01  -3.7791204e+01   4.9680753e+02   6.0380851e-01   1.9437851e+00   1.5173698e+00
   2.0120000e+03   1.2000000e+01   4.0000000e+00   1.8000000e+01   3.9000000e+01   2.8000000e+01  -5.3261547e+01  -3.7792721e+01   4.9632841e+02   3.3031922e+00   1.0984264e+01   9.4071255e-01
   2.0120000e+03   1.2000000e+01   4.0000000e+00   1.8000000e+01   4.1000000e+01   6.0000000e+00  -5.3257141e+01  -3.7794378e+01   5.0189920e+02   6.0319218e-01   1.7343838e+00   1.0480633e+00
   2.0120000e+03   1.2000000e+01   4.0000000e+00   1.8000000e+01   4.2000000e+01   4.4000000e+01  -5.3252712e+01  -3.7795989e+01   5.0362199e+02   4.0690536e-01   1.4971853e+00   9.1146647e-01
   2.0120000e+03   1.2000000e+01   4.0000000e+00   1.8000000e+01   4.4000000e+01   2.2000000e+01  -5.3248361e+01  -3.7797583e+01   4.9501745e+02   6.8148973e-01   2.1938571e+00   7.3282017e-01
   2.0120000e+03   1.2000000e+01   4.0000000e+00   1.8000000e+01   4.6000000e+01   1.0000000e+00  -5.3243989e+01  -3.7799174e+01   4.9716618e+02   6.5238857e-01   2.3088776e+00   1.8525361e+00
   2.0120000e+03   1.2000000e+01   4.0000000e+00   1.8000000e+01   4.7000000e+01   3.9000000e+01  -5.3239583e+01  -3.7800771e+01   5.0094150e+02   1.9027335e+00   3.3328353e+00   1.3713130e+00
   2.0120000e+03   1.2000000e+01   4.0000000e+00   1.8000000e+01   4.9000000e+01   1.4000099e+01  -5.3235169e+01  -3.7802369e+01   5.0187828e+02   7.5788713e-01   2.0376298e+00   1.4773426e+00
   2.0120000e+03   1.2000000e+01   4.0000000e+00   1.8000000e+01   5.0000000e+01   5.1000000e+01  -5.3230767e+01  -3.7803771e+01   4.9803531e+02   1.0888947e+00   1.1863280e+00   1.0315757e+00
   2.0120000e+03   1.2000000e+01   4.0000000e+00   1.8000000e+01   5.2000000e+01   3.0000000e+01  -5.3226345e+01  -3.7805206e+01   5.0045902e+02   7.3567883e-01   2.0438101e+00   1.7610440e+00
   2.0120000e+03   1.2000000e+01   4.0000000e+00   1.8000000e+01   5.4000000e+01   1.0000099e+01  -5.3221935e+01  -3.7806615e+01   4.9892759e+02   2.3843402e+00   7.6756867e+00   2.5117321e+00
   2.0120000e+03   1.2000000e+01   4.0000000e+00   1.8000000e+01   5.5000000e+01   5.0000000e+01  -5.3217520e+01  -3.7808023e+01   4.9949757e+02   1.8976318e+00   3.6989657e+00   3.0667509e+00
   2.0120000e+03   1.2000000e+01   4.0000000e+00   1.8000000e+01   5.7000000e+01   3.0000000e+01  -5.3213120e+01  -3.7809421e+01   4.9775976e+02   2.1458582e+00   7.3777661e+00   6.9224143e+00
   2.0120000e+03   1.2000000e+01   4.0000000e+00   1.8000000e+01   5.9000000e+01   1.0000000e+01  -5.3208683e+01  -3.7810899e+01   5.0266166e+02   1.5399790e+00   5.5374353e+00   4.7717982e+00
   2.0120000e+03   1.2000000e+01   4.0000000e+00   1.9000000e+01   0.0000000e+00   4.9000000e+01  -5.3204300e+01  -3.7812359e+01   4.9673111e+02   2.0936752e+03   6.7398893e+03   5.1025366e+03
   2.0120000e+03   1.2000000e+01   4.0000000e+00   1.9000000e+01   2.0000000e+00   2.7000099e+01  -5.3199871e+01  -3.7813959e+01   5.0347043e+02   9.6949240e+02   3.1209975e+03   1.9605137e+03
   2.0120000e+03   1.2000000e+01   4.0000000e+00   1.9000000e+01   4.0000000e+00   7.0000000e+00  -5.3195556e+01  -3.7815659e+01   4.9267779e+02   2.8188029e+00   5.7436128e+00   4.0325358e+00
   2.0120000e+03   1.2000000e+01   4.0000000e+00   1.9000000e+01   5.0000000e+00   4.7000000e+01  -5.3191147e+01  -3.7817269e+01   5.0155051e+02   2.1405452e+00   4.8140531e+00   3.9774279e+00
   2.0120000e+03   1.2000000e+01   4.0000000e+00   1.9000000e+01   7.0000000e+00   2.5999901e+01  -5.3186758e+01  -3.7818895e+01   4.9952309e+02   2.6805310e+00   8.2421542e+00   4.3440680e+00
   2.0120000e+03   1.2000000e+01   4.0000000e+00   1.9000000e+01   9.0000000e+00   4.0000000e+00  -5.3182315e+01  -3.7820340e+01   5.0298279e+02   7.3336129e-01   2.5350552e+00   1.4428589e+00
   2.0120000e+03   1.2000000e+01   4.0000000e+00   1.9000000e+01   1.0000000e+01   3.9000099e+01  -5.3177931e+01  -3.7821970e+01   4.9913519e+02   1.8672671e+00   3.6030270e+00   1.4986784e+00
   2.0120000e+03   1.2000000e+01   4.0000000e+00   1.9000000e+01   1.2000000e+01   1.5000000e+01  -5.3173481e+01  -3.7823476e+01   5.0450960e+02   1.6699143e+00   5.3456792e+00   4.4354937e+00
   2.0120000e+03   1.2000000e+01   4.0000000e+00   1.9000000e+01   1.3000000e+01   4.9000000e+01  -5.3169144e+01  -3.7825009e+01   4.9262118e+02   1.7808973e+00   5.7330785e+00   5.6578618e+00
   2.0120000e+03   1.2000000e+01   4.0000000e+00   1.9000000e+01   1.5000000e+01   2.4000099e+01  -5.3164739e+01  -3.7826562e+01   5.0032485e+02   1.4676678e+00   4.7247276e+00   4.2886009e+00
   2.0120000e+03   1.2000000e+01   4.0000000e+00   1.9000000e+01   1.7000000e+01   5.0000000e+00  -5.3160153e+01  -3.7828170e+01   5.2076035e+02   1.7765113e+00   4.9715063e+00   3.6449630e+00
   2.0120000e+03   1.2000000e+01   4.0000000e+00   1.9000000e+01   1.9000000e+01   6.0000000e+00  -5.3155939e+01  -3.7830355e+01   4.9038985e+02   8.7566558e-01   2.8189495e+00   2.8189495e+00
   2.0120000e+03   1.2000000e+01   4.0000000e+00   1.9000000e+01   2.1000000e+01   3.4000000e+01  -5.3151644e+01  -3.7831445e+01   4.8278076e+02   4.9730043e-01   1.6009134e+00   5.4254528e-01
