   2.0120000e+03   1.2000000e+01   2.0000000e+00   9.0000000e+00   0.0000000e+00   4.8000000e+01  -5.3293339e+01  -3.9084556e+01   5.1809503e+02   2.7982716e+00   9.0082179e+00   4.9631485e-01
   2.0120000e+03   1.2000000e+01   2.0000000e+00   9.0000000e+00   3.0000000e+00   4.1000000e+01  -5.3297731e+01  -3.9083354e+01   4.9452708e+02   6.0782288e-01   2.3020229e+00   1.4982685e+00
   2.0120000e+03   1.2000000e+01   2.0000000e+00   9.0000000e+00   6.0000000e+00   2.0000000e+01  -5.3302090e+01  -3.9082851e+01   4.8548778e+02   5.5660238e+00   1.8054177e+01   1.5989356e+01
   2.0120000e+03   1.2000000e+01   2.0000000e+00   9.0000000e+00   8.0000000e+00   3.0000000e+01  -5.3306608e+01  -3.9082372e+01   5.0302971e+02   6.1791109e-01   1.9891842e+00   4.7882911e-01
   2.0120000e+03   1.2000000e+01   2.0000000e+00   9.0000000e+00   1.0000000e+01   2.0000000e+01  -5.3311196e+01  -3.9081946e+01   5.1056255e+02   2.5976169e+00   4.5638530e+00   0.0000000e+00
   2.0120000e+03   1.2000000e+01   2.0000000e+00   9.0000000e+00   1.2000000e+01   1.0000000e+00  -5.3315732e+01  -3.9081610e+01   5.0460498e+02   1.9962828e+00   6.4264492e+00   5.0678977e+00
   2.0120000e+03   1.2000000e+01   2.0000000e+00   9.0000000e+00   1.3000000e+01   3.8000099e+01  -5.3320212e+01  -3.9081166e+01   4.9869056e+02   2.6648625e+00   8.5840272e+00   8.5787462e+00
   2.0120000e+03   1.2000000e+01   2.0000000e+00   9.0000000e+00   1.5000000e+01   1.7000000e+01  -5.3324668e+01  -3.9079939e+01   5.0180812e+02   3.5590972e+00   4.5055851e+00   2.0422160e+00
   2.0120000e+03   1.2000000e+01   2.0000000e+00   9.0000000e+00   1.6000000e+01   5.8000000e+01  -5.3328882e+01  -3.9077379e+01   4.9810648e+02   8.6838505e-01   2.7955119e+00   2.7955119e+00
   2.0120000e+03   1.2000000e+01   2.0000000e+00   9.0000000e+00   1.8000000e+01   3.9000000e+01  -5.3333048e+01  -3.9074598e+01   4.9834901e+02   6.4203579e-02   2.0668466e-01   2.0668466e-01
   2.0120000e+03   1.2000000e+01   2.0000000e+00   9.0000000e+00   2.0000000e+01   1.7000000e+01  -5.3337149e+01  -3.9071608e+01   4.9704716e+02   2.1677311e-01   6.9783770e-01   4.2234877e-01
   2.0120000e+03   1.2000000e+01   2.0000000e+00   9.0000000e+00   2.1000000e+01   5.4000000e+01  -5.3341295e+01  -3.9068713e+01   4.9912156e+02   1.8195312e-01   4.2578109e-01   4.2578109e-01
   2.0120000e+03   1.2000000e+01   2.0000000e+00   9.0000000e+00   2.3000000e+01   3.1000000e+01  -5.3345477e+01  -3.9065794e+01   5.0341802e+02   8.3252907e-02   3.8946857e-01   3.0005994e-01
   2.0120000e+03   1.2000000e+01   2.0000000e+00   9.0000000e+00   2.5000000e+01   8.0000000e+00  -5.3349615e+01  -3.9062961e+01   4.9672905e+02   3.4052456e-02   1.7169802e-01   1.7169802e-01
   2.0120000e+03   1.2000000e+01   2.0000000e+00   9.0000000e+00   2.6000000e+01   4.7000000e+01  -5.3353753e+01  -3.9059974e+01   5.0069683e+02   7.9914476e-02   3.0921087e-01   1.0760175e-01
   2.0120000e+03   1.2000000e+01   2.0000000e+00   9.0000000e+00   2.8000000e+01   2.6000099e+01  -5.3357920e+01  -3.9057076e+01   5.0131446e+02   8.0868777e-02   1.2771310e-01   0.0000000e+00
   2.0120000e+03   1.2000000e+01   2.0000000e+00   9.0000000e+00   3.0000000e+01   6.0000000e+00  -5.3362077e+01  -3.9054296e+01   4.9734245e+02   3.1747581e-02   1.0220206e-01   0.0000000e+00
   2.0120000e+03   1.2000000e+01   2.0000000e+00   9.0000000e+00   3.1000000e+01   4.5000000e+01  -5.3366227e+01  -3.9051498e+01   4.9713600e+02   6.6989990e-02   2.1565470e-01   1.6230450e-02
   2.0120000e+03   1.2000000e+01   2.0000000e+00   9.0000000e+00   3.3000000e+01   2.3000000e+01  -5.3370405e+01  -3.9048684e+01   5.0032724e+02   4.1073459e-02   1.3222400e-01   1.3222400e-01
   2.0120000e+03   1.2000000e+01   2.0000000e+00   9.0000000e+00   3.5000000e+01   1.0000000e+00  -5.3374576e+01  -3.9045815e+01   5.0098874e+02   9.6379589e-02   3.1026592e-01   0.0000000e+00
   2.0120000e+03   1.2000000e+01   2.0000000e+00   9.0000000e+00   3.6000000e+01   3.8000000e+01  -5.3378751e+01  -3.9042898e+01   5.0260090e+02   7.3712815e-02   6.2470814e-02   6.2470814e-02
   2.0120000e+03   1.2000000e+01   2.0000000e+00   9.0000000e+00   3.8000000e+01   1.6000000e+01  -5.3382926e+01  -3.9039998e+01   5.0216422e+02   2.5570930e-02   1.3583983e-01   8.2318138e-02
   2.0120000e+03   1.2000000e+01   2.0000000e+00   9.0000000e+00   3.9000000e+01   5.6000000e+01  -5.3387065e+01  -3.9037197e+01   4.9601147e+02   2.0017109e-02   6.4439235e-02   0.0000000e+00
   2.0120000e+03   1.2000000e+01   2.0000000e+00   9.0000000e+00   4.1000000e+01   3.6000000e+01  -5.3391245e+01  -3.9034359e+01   5.0110300e+02   0.0000000e+00   0.0000000e+00   0.0000000e+00
   2.0120000e+03   1.2000000e+01   2.0000000e+00   9.0000000e+00   4.3000000e+01   1.6000000e+01  -5.3395428e+01  -3.9031504e+01   5.0177429e+02   8.0370189e-03   2.5872834e-02   0.0000000e+00
   2.0120000e+03   1.2000000e+01   2.0000000e+00   9.0000000e+00   4.4000000e+01   5.5000099e+01  -5.3399574e+01  -3.9028659e+01   4.9787261e+02   1.1206645e-01   3.6890864e-01   8.0386838e-02
   2.0120000e+03   1.2000000e+01   2.0000000e+00   9.0000000e+00   4.6000000e+01   3.4000000e+01  -5.3403699e+01  -3.9025761e+01   4.9694717e+02   8.8042442e-02   5.0697412e-02   0.0000000e+00
   2.0120000e+03   1.2000000e+01   2.0000000e+00   9.0000000e+00   4.8000000e+01   1.3000000e+01  -5.3407822e+01  -3.9022795e+01   4.9841596e+02   4.2435401e-02   1.4824846e-01   0.0000000e+00
   2.0120000e+03   1.2000000e+01   2.0000000e+00   9.0000000e+00   4.9000000e+01   5.2000000e+01  -5.3411974e+01  -3.9019789e+01   5.0252976e+02   1.0460451e-02   3.3674366e-02   0.0000000e+00
   2.0120000e+03   1.2000000e+01   2.0000000e+00   9.0000000e+00   5.1000000e+01   2.9000000e+01  -5.3416118e+01  -3.9016809e+01   5.0104097e+02   8.8930969e-02   1.0243158e-01   0.0000000e+00
   2.0120000e+03   1.2000000e+01   2.0000000e+00   9.0000000e+00   5.3000000e+01   5.0000992e+00  -5.3420263e+01  -3.9013871e+01   4.9996163e+02   4.0051109e-03   1.2893284e-02   0.0000000e+00
   2.0120000e+03   1.2000000e+01   2.0000000e+00   9.0000000e+00   5.4000000e+01   4.1000000e+01  -5.3424406e+01  -3.9010979e+01   4.9861360e+02   3.5352359e-02   4.5495868e-03   0.0000000e+00
   2.0120000e+03   1.2000000e+01   2.0000000e+00   9.0000000e+00   5.6000000e+01   1.6000000e+01  -5.3428574e+01  -3.9008189e+01   4.9863459e+02   4.3561042e-02   0.0000000e+00   0.0000000e+00
   2.0120000e+03   1.2000000e+01   2.0000000e+00   9.0000000e+00   5.7000000e+01   5.1999901e+01  -5.3432745e+01  -3.9005432e+01   4.9810742e+02   2.7413077e-01   5.5552744e-01   5.5552744e-01
   2.0120000e+03   1.2000000e+01   2.0000000e+00   9.0000000e+00   5.9000000e+01   2.9000000e+01  -5.3436895e+01  -3.9002511e+01   5.0008983e+02   0.0000000e+00   1.9392993e-02   0.0000000e+00
   2.0120000e+03   1.2000000e+01   2.0000000e+00   1.0000000e+01   1.0000000e+00   6.0000992e+00  -5.3441081e+01  -3.8999695e+01   5.0106575e+02   5.4095550e-02   1.8439629e-01   0.0000000e+00
   2.0120000e+03   1.2000000e+01   2.0000000e+00   1.0000000e+01   2.0000000e+00   4.2000000e+01  -5.3445224e+01  -3.8996887e+01   4.9645812e+02   2.7461474e-01   8.8404191e-01   6.8796528e-01
   2.0120000e+03   1.2000000e+01   2.0000000e+00   1.0000000e+01   4.0000000e+00   1.9000000e+01  -5.3449401e+01  -3.8994048e+01   5.0080432e+02   4.6036071e-01   1.3401006e+00   0.0000000e+00
   2.0120000e+03   1.2000000e+01   2.0000000e+00   1.0000000e+01   5.0000000e+00   5.6000000e+01  -5.3453587e+01  -3.8991127e+01   5.0363369e+02   2.0841643e+03   6.7093581e+03   4.8257981e+03
   2.0120000e+03   1.2000000e+01   2.0000000e+00   1.0000000e+01   7.0000000e+00   4.2000000e+01  -5.3457821e+01  -3.8988174e+01   5.0949917e+02   5.1547227e-02   1.6594124e-01   1.6594124e-01
   2.0120000e+03   1.2000000e+01   2.0000000e+00   1.0000000e+01   9.0000000e+00   5.1000099e+01  -5.3461921e+01  -3.8985234e+01   4.9536143e+02   5.0804217e-02   1.6354933e-01   9.1937518e-02
   2.0120000e+03   1.2000000e+01   2.0000000e+00   1.0000000e+01   1.2000000e+01   2.4000000e+01  -5.3466172e+01  -3.8983034e+01   4.9422281e+02   1.1667518e+00   3.7896949e+00   3.2412590e-01
   2.0120000e+03   1.2000000e+01   2.0000000e+00   1.0000000e+01   1.5000000e+01   6.0000000e+00  -5.3470489e+01  -3.8981746e+01   4.8730211e+02   3.1136558e-01   1.0304025e+00   8.2576412e-01
   2.0120000e+03   1.2000000e+01   2.0000000e+00   1.0000000e+01   1.7000000e+01   3.2000000e+01  -5.3474693e+01  -3.8980364e+01   4.7597606e+02   1.2085541e+00   3.8905868e+00   2.5840555e+00
   2.0120000e+03   1.2000000e+01   2.0000000e+00   1.0000000e+01   1.9000000e+01   2.9000000e+01  -5.3479299e+01  -3.8978911e+01   5.2070172e+02   1.1911782e-01   3.8346502e-01   0.0000000e+00
   2.0120000e+03   1.2000000e+01   2.0000000e+00   1.0000000e+01   2.1000000e+01   9.0000000e+00  -5.3483739e+01  -3.8977645e+01   5.0043322e+02   1.4236775e+00   4.9990401e+00   2.5986600e+00
   2.0120000e+03   1.2000000e+01   2.0000000e+00   1.0000000e+01   2.2000000e+01   4.5000000e+01  -5.3488188e+01  -3.8976470e+01   5.0043325e+02   6.5965091e-01   1.9132042e+00   6.6892780e-01
   2.0120000e+03   1.2000000e+01   2.0000000e+00   1.0000000e+01   2.4000000e+01   1.9000000e+01  -5.3492632e+01  -3.8975129e+01   5.0173934e+02   9.6565869e-02   3.1086560e-01   1.7063303e-01
   2.0120000e+03   1.2000000e+01   2.0000000e+00   1.0000000e+01   2.5000000e+01   5.4000000e+01  -5.3497077e+01  -3.8973845e+01   5.0122480e+02   3.1741734e-02   1.0218324e-01   0.0000000e+00
   2.0120000e+03   1.2000000e+01   2.0000000e+00   1.0000000e+01   2.7000000e+01   3.0000000e+01  -5.3501483e+01  -3.8972490e+01   4.9764267e+02   9.0456455e-02   3.2116883e-02   0.0000000e+00
   2.0120000e+03   1.2000000e+01   2.0000000e+00   1.0000000e+01   2.9000000e+01   6.0000000e+00  -5.3505893e+01  -3.8971015e+01   4.9965824e+02   1.0361204e-01   4.4775630e-01   0.0000000e+00
   2.0120000e+03   1.2000000e+01   2.0000000e+00   1.0000000e+01   3.0000000e+01   4.4000000e+01  -5.3510348e+01  -3.8969500e+01   5.0509139e+02   2.4926306e-01   8.1212581e-01   7.0042933e-01
   2.0120000e+03   1.2000000e+01   2.0000000e+00   1.0000000e+01   3.2000000e+01   2.4000000e+01  -5.3514701e+01  -3.8967988e+01   4.9395570e+02   7.0156271e-02   3.5832623e-01   0.0000000e+00
   2.0120000e+03   1.2000000e+01   2.0000000e+00   1.0000000e+01   3.4000000e+01   1.0000000e+00  -5.3519155e+01  -3.8966589e+01   5.0345035e+02   8.6990209e-02   8.6513775e-02   0.0000000e+00
   2.0120000e+03   1.2000000e+01   2.0000000e+00   1.0000000e+01   3.5000000e+01   3.7000099e+01  -5.3523591e+01  -3.8965121e+01   5.0236657e+02   3.7007543e-01   1.3481050e+00   8.8785693e-01
   2.0120000e+03   1.2000000e+01   2.0000000e+00   1.0000000e+01   3.7000000e+01   1.2000000e+01  -5.3527963e+01  -3.8963773e+01   4.9392166e+02   1.4694182e-01   4.7303625e-01   2.3071403e-01
   2.0120000e+03   1.2000000e+01   2.0000000e+00   1.0000000e+01   3.8000000e+01   4.7000000e+01  -5.3532393e+01  -3.8962438e+01   5.0011007e+02   4.1630189e-02   4.0282560e-01   1.3401623e-01
   2.0120000e+03   1.2000000e+01   2.0000000e+00   1.0000000e+01   4.0000000e+01   2.2000000e+01  -5.3536809e+01  -3.8961080e+01   4.9875115e+02   1.6432437e-01   5.2899429e-01   4.4532414e-01
   2.0120000e+03   1.2000000e+01   2.0000000e+00   1.0000000e+01   4.1000000e+01   5.7000000e+01  -5.3541284e+01  -3.8959758e+01   5.0496922e+02   1.6065252e-01   5.1717383e-01   0.0000000e+00
   2.0120000e+03   1.2000000e+01   2.0000000e+00   1.0000000e+01   4.3000000e+01   3.4000000e+01  -5.3545704e+01  -3.8958378e+01   4.9949830e+02   2.3504549e-01   8.0666599e-01   2.1606773e-01
   2.0120000e+03   1.2000000e+01   2.0000000e+00   1.0000000e+01   4.5000000e+01   9.0000000e+00  -5.3550077e+01  -3.8956944e+01   4.9505777e+02   1.1318088e-01   3.6435278e-01   8.1743035e-02
   2.0120000e+03   1.2000000e+01   2.0000000e+00   1.0000000e+01   4.6000000e+01   4.4000000e+01  -5.3554497e+01  -3.8955635e+01   4.9872808e+02   2.5030928e-02   1.5477954e-01   0.0000000e+00
   2.0120000e+03   1.2000000e+01   2.0000000e+00   1.0000000e+01   4.8000000e+01   1.8000000e+01  -5.3558928e+01  -3.8954255e+01   5.0064755e+02   2.6266843e-02   8.4558425e-02   0.0000000e+00
   2.0120000e+03   1.2000000e+01   2.0000000e+00   1.0000000e+01   4.9000000e+01   5.2000000e+01  -5.3563350e+01  -3.8952937e+01   4.9908905e+02   4.5991782e-02   2.6892073e-01   3.7128643e-02
   2.0120000e+03   1.2000000e+01   2.0000000e+00   1.0000000e+01   5.1000000e+01   2.8000000e+01  -5.3567785e+01  -3.8951513e+01   5.0169144e+02   5.4228237e-02   2.1012796e-01   0.0000000e+00
   2.0120000e+03   1.2000000e+01   2.0000000e+00   1.0000000e+01   5.3000000e+01   4.0000000e+00  -5.3572194e+01  -3.8950075e+01   4.9897133e+02   5.3655591e-02   1.7272850e-01   0.0000000e+00
   2.0120000e+03   1.2000000e+01   2.0000000e+00   1.0000000e+01   5.4000000e+01   4.2000000e+01  -5.3576605e+01  -3.8948725e+01   4.9818369e+02   7.6609662e-02   2.4662242e-01   1.0143351e-01
   2.0120000e+03   1.2000000e+01   2.0000000e+00   1.0000000e+01   5.6000000e+01   2.2000000e+01  -5.3581051e+01  -3.8947320e+01   5.0270403e+02   3.2612883e-02   1.0498765e-01   0.0000000e+00
   2.0120000e+03   1.2000000e+01   2.0000000e+00   1.0000000e+01   5.7000000e+01   5.8000099e+01  -5.3585463e+01  -3.8945899e+01   4.9913137e+02   0.0000000e+00   0.0000000e+00   0.0000000e+00
   2.0120000e+03   1.2000000e+01   2.0000000e+00   1.0000000e+01   5.9000000e+01   3.2000000e+01  -5.3589846e+01  -3.8944485e+01   4.9590702e+02   4.2130077e-02   1.3562547e-01   1.3562547e-01
   2.0120000e+03   1.2000000e+01   2.0000000e+00   1.1000000e+01   1.0000000e+00   8.0000000e+00  -5.3594297e+01  -3.8943134e+01   5.0257410e+02   3.0392622e-02   9.7840165e-02   0.0000000e+00
   2.0120000e+03   1.2000000e+01   2.0000000e+00   1.1000000e+01   2.0000000e+00   4.4000099e+01  -5.3598731e+01  -3.8941820e+01   5.0023810e+02   3.3535841e-02   1.0795884e-01   0.0000000e+00
   2.0120000e+03   1.2000000e+01   2.0000000e+00   1.1000000e+01   4.0000000e+00   1.9000000e+01  -5.3603135e+01  -3.8940502e+01   4.9702055e+02   4.7996368e-02   1.5451028e-01   0.0000000e+00
   2.0120000e+03   1.2000000e+01   2.0000000e+00   1.1000000e+01   5.0000000e+00   5.5000000e+01  -5.3607560e+01  -3.8939185e+01   4.9935102e+02   3.3960209e-02   1.0932497e-01   0.0000000e+00
   2.0120000e+03   1.2000000e+01   2.0000000e+00   1.1000000e+01   7.0000000e+00   3.1999901e+01  -5.3611966e+01  -3.8937673e+01   4.9961776e+02   2.8261684e-02   9.0980233e-02   9.0980233e-02
   2.0120000e+03   1.2000000e+01   2.0000000e+00   1.1000000e+01   9.0000000e+00   1.1000099e+01  -5.3616395e+01  -3.8936245e+01   5.0105159e+02   3.4545198e-02   1.1120817e-01   1.1120817e-01
   2.0120000e+03   1.2000000e+01   2.0000000e+00   1.1000000e+01   1.0000000e+01   4.9000000e+01  -5.3620780e+01  -3.8934800e+01   4.9647057e+02   7.0086598e-02   2.2562332e-01   0.0000000e+00
   2.0120000e+03   1.2000000e+01   2.0000000e+00   1.1000000e+01   1.2000000e+01   2.7000099e+01  -5.3625242e+01  -3.8933437e+01   5.0390174e+02   3.7065262e-02   1.1932078e-01   0.0000000e+00
   2.0120000e+03   1.2000000e+01   2.0000000e+00   1.1000000e+01   1.4000000e+01   5.0000000e+00  -5.3629678e+01  -3.8932222e+01   4.9939970e+02   1.1675529e-01   0.0000000e+00   0.0000000e+00
   2.0120000e+03   1.2000000e+01   2.0000000e+00   1.1000000e+01   1.5000000e+01   5.1000099e+01  -5.3634284e+01  -3.8930923e+01   5.1897150e+02   7.7942859e-02   2.5091426e-01   0.0000000e+00
   2.0120000e+03   1.2000000e+01   2.0000000e+00   1.1000000e+01   1.8000000e+01   1.3000000e+01  -5.3638823e+01  -3.8929850e+01   5.0921025e+02   1.7252412e-01   5.5539099e-01   0.0000000e+00
   2.0120000e+03   1.2000000e+01   2.0000000e+00   1.1000000e+01   2.1000000e+01   8.0000000e+00  -5.3642849e+01  -3.8930855e+01   4.5231895e+02   1.7875095e-01   1.6586386e-01   0.0000000e+00
   2.0120000e+03   1.2000000e+01   2.0000000e+00   1.1000000e+01   2.3000000e+01   5.7000000e+01  -5.3647405e+01  -3.8932186e+01   5.1376438e+02   2.6984713e-01   1.0050127e+00   4.2143488e-01
   2.0120000e+03   1.2000000e+01   2.0000000e+00   1.1000000e+01   2.6000000e+01   1.8000000e+01  -5.3651465e+01  -3.8930832e+01   4.5981177e+02   1.4976217e-01   4.8211556e-01   0.0000000e+00
   2.0120000e+03   1.2000000e+01   2.0000000e+00   1.1000000e+01   2.8000000e+01   8.0000000e+00  -5.3655748e+01  -3.8927579e+01   5.2198464e+02   0.0000000e+00   0.0000000e+00   0.0000000e+00
   2.0120000e+03   1.2000000e+01   2.0000000e+00   1.1000000e+01   2.9000000e+01   4.4000000e+01  -5.3659935e+01  -3.8924356e+01   5.1131451e+02   7.7825439e-02   2.5053626e-01   0.0000000e+00
   2.0120000e+03   1.2000000e+01   2.0000000e+00   1.1000000e+01   3.1000000e+01   2.1000000e+01  -5.3664063e+01  -3.8921641e+01   4.9232844e+02   3.5495927e-02   1.1426876e-01   0.0000000e+00
   2.0120000e+03   1.2000000e+01   2.0000000e+00   1.1000000e+01   3.3000000e+01   2.0000000e+00  -5.3668437e+01  -3.8919779e+01   5.0131061e+02   1.0404096e-01   3.3492947e-01   3.3492947e-01
   2.0120000e+03   1.2000000e+01   2.0000000e+00   1.1000000e+01   3.4000000e+01   4.2000000e+01  -5.3672808e+01  -3.8918247e+01   4.9601549e+02   1.7201007e+00   5.5373616e+00   4.8118442e+00
   2.0120000e+03   1.2000000e+01   2.0000000e+00   1.1000000e+01   3.6000000e+01   2.0000099e+01  -5.3677279e+01  -3.8916878e+01   5.0493741e+02   1.8234469e-01   6.9991696e-01   0.0000000e+00
   2.0120000e+03   1.2000000e+01   2.0000000e+00   1.1000000e+01   3.7000000e+01   5.6000000e+01  -5.3681711e+01  -3.8915650e+01   4.9906327e+02   9.8817638e-02   3.1811451e-01   1.2824220e-01
   2.0120000e+03   1.2000000e+01   2.0000000e+00   1.1000000e+01   3.9000000e+01   3.4000000e+01  -5.3686157e+01  -3.8914623e+01   4.9870104e+02   1.5309378e-01   5.8195447e-01   0.0000000e+00
   2.0120000e+03   1.2000000e+01   2.0000000e+00   1.1000000e+01   4.1000000e+01   1.4000099e+01  -5.3690571e+01  -3.8913498e+01   4.9602739e+02   2.3437784e-01   7.5451096e-01   0.0000000e+00
   2.0120000e+03   1.2000000e+01   2.0000000e+00   1.1000000e+01   4.2000000e+01   5.4000000e+01  -5.3695018e+01  -3.8912289e+01   5.0048704e+02   2.7182459e-01   9.5777585e-01   6.1920441e-01
   2.0120000e+03   1.2000000e+01   2.0000000e+00   1.1000000e+01   4.4000000e+01   3.4000000e+01  -5.3699438e+01  -3.8910846e+01   5.0023678e+02   1.3727196e-01   4.5409864e-01   2.7428906e-01
   2.0120000e+03   1.2000000e+01   2.0000000e+00   1.1000000e+01   4.6000000e+01   1.5000000e+01  -5.3703896e+01  -3.8909398e+01   5.0441733e+02   1.5902812e-01   6.7602876e-01   4.2011685e-01
   2.0120000e+03   1.2000000e+01   2.0000000e+00   1.1000000e+01   4.7000000e+01   5.3999901e+01  -5.3708309e+01  -3.8908023e+01   4.9871288e+02   2.3083363e-01   7.4310144e-01   0.0000000e+00
   2.0120000e+03   1.2000000e+01   2.0000000e+00   1.1000000e+01   4.9000000e+01   3.3000000e+01  -5.3712712e+01  -3.8906651e+01   4.9747990e+02   2.0566466e-01   1.0238364e+00   1.4695866e-01
   2.0120000e+03   1.2000000e+01   2.0000000e+00   1.1000000e+01   5.1000000e+01   1.3000000e+01  -5.3717120e+01  -3.8905193e+01   4.9908918e+02   1.6719361e-01   5.3823096e-01   0.0000000e+00
   2.0120000e+03   1.2000000e+01   2.0000000e+00   1.1000000e+01   5.2000000e+01   4.9999901e+01  -5.3721522e+01  -3.8903714e+01   4.9873138e+02   1.3049392e-01   4.2008705e-01   0.0000000e+00
   2.0120000e+03   1.2000000e+01   2.0000000e+00   1.1000000e+01   5.4000000e+01   2.5000000e+01  -5.3726004e+01  -3.8902407e+01   5.0539179e+02   8.7150180e-02   4.0541618e-01   7.3881901e-02
   2.0120000e+03   1.2000000e+01   2.0000000e+00   1.1000000e+01   5.6000000e+01   2.0000992e+00  -5.3730369e+01  -3.8900941e+01   4.9455457e+02   1.5976480e-01   2.6539169e-01   0.0000000e+00
   2.0120000e+03   1.2000000e+01   2.0000000e+00   1.1000000e+01   5.7000000e+01   4.2000000e+01  -5.3734789e+01  -3.8899501e+01   5.0022984e+02   3.2938850e-01   1.0603700e+00   1.5119403e-01
   2.0120000e+03   1.2000000e+01   2.0000000e+00   1.1000000e+01   5.9000000e+01   2.2000000e+01  -5.3739229e+01  -3.8898102e+01   5.0178683e+02   3.8430225e-01   1.2972157e+00   8.9099647e-02
   2.0120000e+03   1.2000000e+01   2.0000000e+00   1.2000000e+01   1.0000000e+00   1.0000000e+00  -5.3743661e+01  -3.8896739e+01   5.0059278e+02   3.8958404e-01   1.3831131e+00   2.2185222e-01
   2.0120000e+03   1.2000000e+01   2.0000000e+00   1.2000000e+01   2.0000000e+00   4.0000000e+01  -5.3748070e+01  -3.8895354e+01   4.9835639e+02   3.4800956e-01   1.2008384e+00   2.7190552e-01
   2.0120000e+03   1.2000000e+01   2.0000000e+00   1.2000000e+01   4.0000000e+00   2.0000000e+01  -5.3752478e+01  -3.8894007e+01   4.9771766e+02   1.2693197e+00   2.4068998e+00   8.8499083e-01
   2.0120000e+03   1.2000000e+01   2.0000000e+00   1.2000000e+01   1.6000000e+01   2.3000000e+01  -5.3785244e+01  -3.8884053e+01   3.6992218e+03   8.6406244e-01   2.2869270e+00   1.4300702e+00
   2.0120000e+03   1.2000000e+01   2.0000000e+00   1.2000000e+01   1.7000000e+01   2.1000000e+01  -5.3787885e+01  -3.8883160e+01   2.9925590e+02   4.2188641e-01   3.8398366e+00   1.1291100e+00
   2.0120000e+03   1.2000000e+01   2.0000000e+00   1.2000000e+01   1.8000000e+01   5.9000000e+01  -5.3792346e+01  -3.8881697e+01   5.0484489e+02   6.8549988e-01   2.2896415e+00   2.2023179e+00
   2.0120000e+03   1.2000000e+01   2.0000000e+00   1.2000000e+01   2.0000000e+01   4.7000000e+01  -5.3796826e+01  -3.8880248e+01   5.0683120e+02   1.3706079e+00   4.5691946e+00   4.1170174e+00
   2.0120000e+03   1.2000000e+01   2.0000000e+00   1.2000000e+01   2.2000000e+01   5.5000000e+01  -5.3801232e+01  -3.8878826e+01   4.9840118e+02   1.6134490e+00   4.4028759e+00   4.1801370e+00
   2.0120000e+03   1.2000000e+01   2.0000000e+00   1.2000000e+01   2.5000000e+01   1.6000000e+01  -5.3805550e+01  -3.8877361e+01   4.8943251e+02   1.3110129e+00   4.3510032e+00   3.6123296e+00
   2.0120000e+03   1.2000000e+01   2.0000000e+00   1.2000000e+01   2.7000000e+01   4.1000000e+01  -5.3809934e+01  -3.8875952e+01   4.9579019e+02   1.4617770e+00   3.9505089e+00   2.6723495e+00
   2.0120000e+03   1.2000000e+01   2.0000000e+00   1.2000000e+01   3.0000000e+01   4.0000000e+00  -5.3814446e+01  -3.8874809e+01   5.0692799e+02   1.3346920e+00   3.6511940e+00   3.0828757e+00
   2.0120000e+03   1.2000000e+01   2.0000000e+00   1.2000000e+01   3.2000000e+01   3.2000000e+01  -5.3818881e+01  -3.8873475e+01   5.0055228e+02   1.0413650e+00   3.3523705e+00   2.2438534e+00
   2.0120000e+03   1.2000000e+01   2.0000000e+00   1.2000000e+01   3.5000000e+01   7.0000000e+00  -5.3823094e+01  -3.8872008e+01   4.7796342e+02   1.0430466e+00   3.3577838e+00   2.4249413e+00
   2.0120000e+03   1.2000000e+01   2.0000000e+00   1.2000000e+01   3.7000000e+01   2.0000099e+01  -5.3827508e+01  -3.8870579e+01   4.9933729e+02   1.8006440e+00   5.7966472e+00   3.4223673e+00
   2.0120000e+03   1.2000000e+01   2.0000000e+00   1.2000000e+01   3.9000000e+01   5.0000000e+00  -5.3832034e+01  -3.8869399e+01   5.0883325e+02   6.9641637e-01   2.7622862e+00   1.8458377e+00
   2.0120000e+03   1.2000000e+01   2.0000000e+00   1.2000000e+01   4.0000000e+01   4.0000000e+01  -5.3836517e+01  -3.8868167e+01   5.0470229e+02   1.8332871e-01   5.9017321e-01   4.0792729e-01
   2.0120000e+03   1.2000000e+01   2.0000000e+00   1.2000000e+01   4.2000000e+01   1.5000000e+01  -5.3840969e+01  -3.8866838e+01   5.0235440e+02   1.4462340e+00   4.9769541e+00   4.5749969e+00
   2.0120000e+03   1.2000000e+01   2.0000000e+00   1.2000000e+01   4.3000000e+01   5.2000000e+01  -5.3845393e+01  -3.8865336e+01   5.0129877e+02   6.7072704e-01   2.1592097e+00   8.3829352e-01
   2.0120000e+03   1.2000000e+01   2.0000000e+00   1.2000000e+01   4.5000000e+01   2.9000000e+01  -5.3849763e+01  -3.8863910e+01   4.9447850e+02   9.0055960e-01   5.1909258e+00   4.6482797e+00
   2.0120000e+03   1.2000000e+01   2.0000000e+00   1.2000000e+01   4.7000000e+01   6.9999008e+00  -5.3854168e+01  -3.8862491e+01   4.9830503e+02   2.5297608e+00   5.7777342e+00   5.7777342e+00
   2.0120000e+03   1.2000000e+01   2.0000000e+00   1.2000000e+01   4.8000000e+01   4.4000099e+01  -5.3858622e+01  -3.8861051e+01   5.0388177e+02   1.5607448e+00   4.5157875e+00   3.9274917e+00
   2.0120000e+03   1.2000000e+01   2.0000000e+00   1.2000000e+01   5.0000000e+01   2.1000000e+01  -5.3863023e+01  -3.8859665e+01   4.9733389e+02   0.0000000e+00   4.1698343e+00   0.0000000e+00
   2.0120000e+03   1.2000000e+01   2.0000000e+00   1.2000000e+01   5.1000000e+01   5.9000000e+01  -5.3867459e+01  -3.8858315e+01   5.0080855e+02   3.7890241e+00   1.2218157e+01   1.2146908e+01
   2.0120000e+03   1.2000000e+01   2.0000000e+00   1.2000000e+01   5.3000000e+01   3.8000000e+01  -5.3871928e+01  -3.8857070e+01   5.0322179e+02   2.0959656e+00   6.6108675e+00   1.3278467e+00
   2.0120000e+03   1.2000000e+01   2.0000000e+00   1.2000000e+01   5.5000000e+01   1.7000000e+01  -5.3876319e+01  -3.8855820e+01   4.9475749e+02   2.4363518e-01   2.5513881e+00   5.1366884e-01
   2.0120000e+03   1.2000000e+01   2.0000000e+00   1.2000000e+01   5.6000000e+01   5.5000000e+01  -5.3880736e+01  -3.8854466e+01   4.9876877e+02   2.2816221e-01   2.7301855e+00   2.1254496e+00
   2.0120000e+03   1.2000000e+01   2.0000000e+00   1.2000000e+01   5.8000000e+01   3.2000000e+01  -5.3885169e+01  -3.8852940e+01   5.0267319e+02   7.2272852e-01   2.3816334e+00   1.3110407e+00
   2.0120000e+03   1.2000000e+01   2.0000000e+00   1.3000000e+01   0.0000000e+00   8.0000000e+00  -5.3889599e+01  -3.8851518e+01   5.0103459e+02   1.2513736e+00   4.1860329e+00   3.2906541e+00
   2.0120000e+03   1.2000000e+01   2.0000000e+00   1.3000000e+01   1.0000000e+00   4.3000099e+01  -5.3894050e+01  -3.8850113e+01   5.0307108e+02   1.3765323e+00   4.6356096e+00   2.9911975e+00
   2.0120000e+03   1.2000000e+01   2.0000000e+00   1.3000000e+01   3.0000000e+00   2.0000000e+01  -5.3898438e+01  -3.8848777e+01   4.9535266e+02   3.6181549e+00   1.2565982e+01   1.0898720e+01
   2.0120000e+03   1.2000000e+01   2.0000000e+00   1.3000000e+01   4.0000000e+00   5.9000000e+01  -5.3902826e+01  -3.8847301e+01   4.9703420e+02   7.5141246e-01   5.4198607e+00   2.9380491e+00
   2.0120000e+03   1.2000000e+01   2.0000000e+00   1.3000000e+01   6.0000000e+00   3.7000000e+01  -5.3907252e+01  -3.8845922e+01   5.0009952e+02   7.3833808e-01   4.4602247e+00   2.9262360e+00
   2.0120000e+03   1.2000000e+01   2.0000000e+00   1.3000000e+01   8.0000000e+00   1.5000000e+01  -5.3911642e+01  -3.8844507e+01   4.9652568e+02   2.0580688e+00   7.0800631e+00   4.7252410e+00
   2.0120000e+03   1.2000000e+01   2.0000000e+00   1.3000000e+01   9.0000000e+00   5.2000000e+01  -5.3916093e+01  -3.8843168e+01   5.0227328e+02   3.8373633e+00   1.1118387e+01   6.9274214e+00
   2.0120000e+03   1.2000000e+01   2.0000000e+00   1.3000000e+01   1.1000000e+01   2.8000000e+01  -5.3920497e+01  -3.8841870e+01   4.9670967e+02   1.6300954e+00   5.7564669e+00   4.2279464e+00
   2.0120000e+03   1.2000000e+01   2.0000000e+00   1.3000000e+01   1.3000000e+01   5.0000992e+00  -5.3924937e+01  -3.8840577e+01   5.0055119e+02   1.1530328e+00   3.8098455e+00   3.4985857e+00
   2.0120000e+03   1.2000000e+01   2.0000000e+00   1.3000000e+01   1.4000000e+01   4.2000000e+01  -5.3929347e+01  -3.8839273e+01   4.9740401e+02   8.7224351e-01   3.8388176e+00   1.9543607e+00
   2.0120000e+03   1.2000000e+01   2.0000000e+00   1.3000000e+01   1.6000000e+01   1.7000000e+01  -5.3933790e+01  -3.8837780e+01   5.0326705e+02   2.0328493e+00   7.1901780e+00   3.7088397e+00
   2.0120000e+03   1.2000000e+01   2.0000000e+00   1.3000000e+01   1.7000000e+01   5.1000000e+01  -5.3938245e+01  -3.8836337e+01   5.0396173e+02   2.3479769e+00   7.6718800e+00   6.0015203e+00
   2.0120000e+03   1.2000000e+01   2.0000000e+00   1.3000000e+01   1.9000000e+01   2.6000000e+01  -5.3942632e+01  -3.8834904e+01   4.9645907e+02   5.3730067e+00   1.8061755e+01   1.2166197e+00
   2.0120000e+03   1.2000000e+01   2.0000000e+00   1.3000000e+01   2.1000000e+01   3.0000000e+00  -5.3947025e+01  -3.8833541e+01   4.9620291e+02   5.8910814e+00   1.9059841e+01   1.2969679e+00
   2.0120000e+03   1.2000000e+01   2.0000000e+00   1.3000000e+01   2.2000000e+01   4.1000000e+01  -5.3951438e+01  -3.8832164e+01   4.9849355e+02   1.4261435e+00   4.5910522e+00   4.2206718e+00
   2.0120000e+03   1.2000000e+01   2.0000000e+00   1.3000000e+01   2.4000000e+01   2.0000099e+01  -5.3955893e+01  -3.8830798e+01   5.0305981e+02   1.2682317e+00   4.0827015e+00   3.4068103e+00
   2.0120000e+03   1.2000000e+01   2.0000000e+00   1.3000000e+01   2.5000000e+01   5.8000000e+01  -5.3960337e+01  -3.8829354e+01   5.0277650e+02   9.7885147e-01   3.2710415e+00   2.5741658e+00
   2.0120000e+03   1.2000000e+01   2.0000000e+00   1.3000000e+01   2.7000000e+01   3.6000000e+01  -5.3964747e+01  -3.8828052e+01   4.9742746e+02   1.9561115e+00   6.4861883e+00   5.6056691e+00
   2.0120000e+03   1.2000000e+01   2.0000000e+00   1.3000000e+01   2.9000000e+01   1.4000000e+01  -5.3969145e+01  -3.8826787e+01   4.9557492e+02   2.3949936e+00   7.3975120e+00   6.5603175e+00
   2.0120000e+03   1.2000000e+01   2.0000000e+00   1.3000000e+01   3.0000000e+01   5.2000000e+01  -5.3973599e+01  -3.8825487e+01   5.0222590e+02   2.0685156e+00   6.6589816e+00   5.7371413e+00
   2.0120000e+03   1.2000000e+01   2.0000000e+00   1.3000000e+01   3.2000000e+01   2.9000000e+01  -5.3978028e+01  -3.8824141e+01   4.9989478e+02   3.7967983e+00   1.2484513e+01   9.7346638e+00
   2.0120000e+03   1.2000000e+01   2.0000000e+00   1.3000000e+01   3.4000000e+01   1.1000000e+01  -5.3982598e+01  -3.8822614e+01   5.1752571e+02   1.7555706e+00   5.8824782e+00   4.2780122e+00
   2.0120000e+03   1.2000000e+01   2.0000000e+00   1.3000000e+01   3.6000000e+01   1.8000000e+01  -5.3986991e+01  -3.8821176e+01   4.9717122e+02   3.5369620e+00   9.6611301e+00   7.6976039e+00
   2.0120000e+03   1.2000000e+01   2.0000000e+00   1.3000000e+01   3.8000000e+01   4.6000000e+01  -5.3991198e+01  -3.8819560e+01   4.7923810e+02   6.4057291e+00   1.9013619e+01   1.4618988e+01
   2.0120000e+03   1.2000000e+01   2.0000000e+00   1.3000000e+01   4.1000000e+01   2.3000000e+01  -5.3995660e+01  -3.8817943e+01   5.0692576e+02   2.9337823e+00   6.4792583e+00   4.4528885e+00
   2.0120000e+03   1.2000000e+01   2.0000000e+00   1.3000000e+01   4.3000000e+01   4.9000000e+01  -5.3999895e+01  -3.8817337e+01   4.7222450e+02   8.4527247e+00   1.6364885e+01   1.5202896e+01
   2.0120000e+03   1.2000000e+01   2.0000000e+00   1.3000000e+01   4.6000000e+01   0.0000000e+00  -5.4003388e+01  -3.8813800e+01   4.5175233e+02   3.4284506e+00   5.1407183e+00   6.2387581e-01
