   2.0120000e+03   1.2000000e+01   1.0000000e+00   9.0000000e+00   3.0000000e+00   1.3000000e+01  -5.4051123e+01  -3.9393156e+01   4.9949699e+02   6.7902229e-02   8.7340878e-02   0.0000000e+00
   2.0120000e+03   1.2000000e+01   1.0000000e+00   9.0000000e+00   5.0000000e+00   5.5000000e+01  -5.4046737e+01  -3.9394483e+01   4.9501207e+02   2.0380774e+00   5.9293951e+00   5.6473239e+00
   2.0120000e+03   1.2000000e+01   1.0000000e+00   9.0000000e+00   8.0000000e+00   3.6000000e+01  -5.4042266e+01  -3.9395853e+01   5.0481534e+02   1.3103230e+00   4.3188874e+00   4.1572014e+00
   2.0120000e+03   1.2000000e+01   1.0000000e+00   9.0000000e+00   1.1000000e+01   4.0000000e+00  -5.4038024e+01  -3.9397078e+01   4.7804563e+02   1.5914257e+00   4.8999970e+00   1.0556751e+00
   2.0120000e+03   1.2000000e+01   1.0000000e+00   9.0000000e+00   1.3000000e+01   4.0000000e+00  -5.4033464e+01  -3.9398497e+01   5.1508897e+02   1.1993879e+00   3.0737833e+00   1.3437520e+00
   2.0120000e+03   1.2000000e+01   1.0000000e+00   9.0000000e+00   1.4000000e+01   4.6000000e+01  -5.4029030e+01  -3.9399874e+01   5.0090539e+02   1.4244918e+00   6.8426360e+00   3.9986680e+00
   2.0120000e+03   1.2000000e+01   1.0000000e+00   9.0000000e+00   1.6000000e+01   2.1000000e+01  -5.4024607e+01  -3.9401151e+01   4.9842697e+02   2.0872098e+00   5.8878627e+00   2.2504681e+00
   2.0120000e+03   1.2000000e+01   1.0000000e+00   9.0000000e+00   1.7000000e+01   5.6000099e+01  -5.4020135e+01  -3.9402433e+01   5.0398103e+02   1.5896245e+00   1.8137062e+00   7.3518802e-01
   2.0120000e+03   1.2000000e+01   1.0000000e+00   9.0000000e+00   1.9000000e+01   3.2000000e+01  -5.4015682e+01  -3.9403817e+01   5.0299677e+02   2.1747258e+00   7.0008944e+00   4.4377334e+00
   2.0120000e+03   1.2000000e+01   1.0000000e+00   9.0000000e+00   2.1000000e+01   9.0000992e+00  -5.4011257e+01  -3.9405079e+01   4.9857630e+02   2.1134479e+00   8.3649146e+00   5.9815266e+00
   2.0120000e+03   1.2000000e+01   1.0000000e+00   9.0000000e+00   2.2000000e+01   4.6000000e+01  -5.4006817e+01  -3.9406323e+01   5.0001056e+02   1.0938721e+00   4.0473661e+00   1.2341050e+00
   2.0120000e+03   1.2000000e+01   1.0000000e+00   9.0000000e+00   2.4000000e+01   2.2000000e+01  -5.4002417e+01  -3.9407642e+01   4.9641174e+02   1.7314885e+00   5.5740212e+00   3.8616874e+00
   2.0120000e+03   1.2000000e+01   1.0000000e+00   9.0000000e+00   2.5000000e+01   5.8000099e+01  -5.3998016e+01  -3.9409007e+01   4.9718035e+02   1.2244469e+00   4.8744582e+00   2.6619757e+00
   2.0120000e+03   1.2000000e+01   1.0000000e+00   9.0000000e+00   2.7000000e+01   3.3000000e+01  -5.3993547e+01  -3.9410351e+01   5.0426029e+02   4.2614178e-01   1.9642640e+00   7.4289336e-01
   2.0120000e+03   1.2000000e+01   1.0000000e+00   9.0000000e+00   2.9000000e+01   9.0000000e+00  -5.3989090e+01  -3.9411658e+01   5.0250911e+02   6.1570090e-01   4.7415530e+00   2.4356779e+00
   2.0120000e+03   1.2000000e+01   1.0000000e+00   9.0000000e+00   3.0000000e+01   4.4999901e+01  -5.3984694e+01  -3.9412910e+01   4.9534558e+02   1.8857985e+00   7.9454178e+00   3.1041603e+00
   2.0120000e+03   1.2000000e+01   1.0000000e+00   9.0000000e+00   3.2000000e+01   2.2000000e+01  -5.3980273e+01  -3.9414268e+01   4.9923162e+02   2.0113904e+00   6.4750836e+00   4.0760732e-01
   2.0120000e+03   1.2000000e+01   1.0000000e+00   9.0000000e+00   3.4000000e+01   0.0000000e+00  -5.3975884e+01  -3.9415559e+01   4.9494732e+02   2.7119658e+00   7.4574806e+00   3.4236712e-01
   2.0120000e+03   1.2000000e+01   1.0000000e+00   9.0000000e+00   3.5000000e+01   3.7000000e+01  -5.3971449e+01  -3.9416873e+01   5.0018596e+02   4.8361650e+00   1.5568620e+01   7.7041051e+00
   2.0120000e+03   1.2000000e+01   1.0000000e+00   9.0000000e+00   3.7000000e+01   1.2000099e+01  -5.3967023e+01  -3.9418287e+01   5.0044379e+02   2.2516171e+00   8.4136786e+00   7.4999358e+00
   2.0120000e+03   1.2000000e+01   1.0000000e+00   9.0000000e+00   3.8000000e+01   4.8000000e+01  -5.3962586e+01  -3.9419576e+01   5.0018013e+02   3.4180251e+00   1.2235443e+01   1.1495381e+01
   2.0120000e+03   1.2000000e+01   1.0000000e+00   9.0000000e+00   4.0000000e+01   2.3000000e+01  -5.3958169e+01  -3.9420946e+01   4.9889018e+02   4.4107886e+00   1.0261770e+01   8.5460166e+00
   2.0120000e+03   1.2000000e+01   1.0000000e+00   9.0000000e+00   4.1000000e+01   5.7000000e+01  -5.3953747e+01  -3.9422300e+01   4.9929665e+02   3.1422717e+00   8.8224184e+00   8.7910052e+00
   2.0120000e+03   1.2000000e+01   1.0000000e+00   9.0000000e+00   4.3000000e+01   3.2000099e+01  -5.3949286e+01  -3.9423638e+01   5.0343142e+02   3.0865748e+00   3.3154912e+00   3.0193556e+00
   2.0120000e+03   1.2000000e+01   1.0000000e+00   9.0000000e+00   4.5000000e+01   8.0000000e+00  -5.3944851e+01  -3.9424916e+01   4.9982660e+02   7.5766002e+00   1.1198310e+01   1.0760348e+01
   2.0120000e+03   1.2000000e+01   1.0000000e+00   9.0000000e+00   4.6000000e+01   4.6000099e+01  -5.3940417e+01  -3.9426096e+01   4.9872015e+02   4.8768266e+00   1.1816551e+01   1.1320455e+01
   2.0120000e+03   1.2000000e+01   1.0000000e+00   9.0000000e+00   4.8000000e+01   2.5000000e+01  -5.3935980e+01  -3.9427486e+01   5.0136900e+02   1.9646734e+00   4.5152442e+00   3.8108582e+00
   2.0120000e+03   1.2000000e+01   1.0000000e+00   9.0000000e+00   5.0000000e+01   2.0000000e+00  -5.3931562e+01  -3.9428879e+01   4.9927613e+02   1.0553665e+00   4.7572878e+00   3.5765874e+00
   2.0120000e+03   1.2000000e+01   1.0000000e+00   9.0000000e+00   5.1000000e+01   3.8000000e+01  -5.3927160e+01  -3.9430248e+01   4.9733755e+02   1.6872180e+00   5.7123570e+00   3.4634166e+00
   2.0120000e+03   1.2000000e+01   1.0000000e+00   9.0000000e+00   5.3000000e+01   1.3000000e+01  -5.3922733e+01  -3.9431590e+01   4.9966681e+02   2.2752583e+00   9.0052409e+00   6.0480535e+00
   2.0120000e+03   1.2000000e+01   1.0000000e+00   9.0000000e+00   5.4000000e+01   4.9000000e+01  -5.3918298e+01  -3.9432855e+01   4.9970644e+02   2.0964798e+00   5.6888803e+00   4.3381842e+00
   2.0120000e+03   1.2000000e+01   1.0000000e+00   9.0000000e+00   5.6000000e+01   2.6000000e+01  -5.3913859e+01  -3.9434096e+01   4.9991235e+02   1.4881494e+00   4.2870303e+00   3.4066335e+00
   2.0120000e+03   1.2000000e+01   1.0000000e+00   9.0000000e+00   5.8000000e+01   3.0000000e+00  -5.3909447e+01  -3.9435419e+01   4.9790017e+02   1.7594621e+00   6.4256075e+00   6.2559218e+00
   2.0120000e+03   1.2000000e+01   1.0000000e+00   9.0000000e+00   5.9000000e+01   3.9000000e+01  -5.3905004e+01  -3.9436745e+01   5.0121879e+02   2.4757028e+00   6.9640768e+00   6.8226590e+00
   2.0120000e+03   1.2000000e+01   1.0000000e+00   1.0000000e+01   1.0000000e+00   1.5000099e+01  -5.3900545e+01  -3.9438034e+01   5.0262626e+02   1.2609816e+00   3.7757696e+00   3.3988906e+00
   2.0120000e+03   1.2000000e+01   1.0000000e+00   1.0000000e+01   2.0000000e+00   5.1000000e+01  -5.3896120e+01  -3.9439316e+01   4.9878069e+02   1.4655930e+00   6.3841619e+00   5.0341753e+00
   2.0120000e+03   1.2000000e+01   1.0000000e+00   1.0000000e+01   4.0000000e+00   3.3000000e+01  -5.3891582e+01  -3.9440698e+01   5.1237960e+02   1.9469532e+00   6.2676471e+00   4.7395699e+00
   2.0120000e+03   1.2000000e+01   1.0000000e+00   1.0000000e+01   6.0000000e+00   3.5000000e+01  -5.3887157e+01  -3.9441993e+01   4.9895644e+02   1.4009399e+00   4.7160775e+00   2.9705456e+00
   2.0120000e+03   1.2000000e+01   1.0000000e+00   1.0000000e+01   8.0000000e+00   5.9000000e+01  -5.3882779e+01  -3.9443279e+01   4.9368941e+02   0.0000000e+00   0.0000000e+00   0.0000000e+00
   2.0120000e+03   1.2000000e+01   1.0000000e+00   1.0000000e+01   1.1000000e+01   3.4999901e+01  -5.3878455e+01  -3.9444707e+01   4.8952939e+02   0.0000000e+00   0.0000000e+00   0.0000000e+00
   2.0120000e+03   1.2000000e+01   1.0000000e+00   1.0000000e+01   1.4000000e+01   1.3000000e+01  -5.3874170e+01  -3.9446013e+01   4.8381275e+02   0.0000000e+00   0.0000000e+00   0.0000000e+00
   2.0120000e+03   1.2000000e+01   1.0000000e+00   1.0000000e+01   1.6000000e+01   3.0000099e+01  -5.3869740e+01  -3.9447429e+01   5.0088149e+02   1.6308724e+00   4.3813655e+00   3.1987187e+00
   2.0120000e+03   1.2000000e+01   1.0000000e+00   1.0000000e+01   1.8000000e+01   2.2000099e+01  -5.3865263e+01  -3.9448824e+01   5.0577445e+02   1.1534185e+00   3.9510301e+00   2.2516800e+00
   2.0120000e+03   1.2000000e+01   1.0000000e+00   1.0000000e+01   2.0000000e+01   3.9999008e+00  -5.3860766e+01  -3.9450170e+01   5.0742879e+02   6.3839090e-01   2.3047447e+00   1.2593671e+00
   2.0120000e+03   1.2000000e+01   1.0000000e+00   1.0000000e+01   2.1000000e+01   4.1000000e+01  -5.3856340e+01  -3.9451514e+01   4.9973780e+02   1.0724369e+00   3.2632871e+00   2.4895347e+00
   2.0120000e+03   1.2000000e+01   1.0000000e+00   1.0000000e+01   2.3000000e+01   1.7000099e+01  -5.3851902e+01  -3.9452881e+01   5.0112206e+02   2.5331556e+00   5.8710216e+00   5.4076105e+00
   2.0120000e+03   1.2000000e+01   1.0000000e+00   1.0000000e+01   2.4000000e+01   5.3000000e+01  -5.3847470e+01  -3.9454176e+01   4.9982575e+02   6.9846915e+00   1.6930220e+01   1.6290092e+01
   2.0120000e+03   1.2000000e+01   1.0000000e+00   1.0000000e+01   2.6000000e+01   2.8000000e+01  -5.3843041e+01  -3.9455474e+01   4.9945410e+02   1.9951528e+00   6.2563698e+00   6.2563698e+00
   2.0120000e+03   1.2000000e+01   1.0000000e+00   1.0000000e+01   2.8000000e+01   3.0000000e+00  -5.3838596e+01  -3.9456760e+01   5.0106127e+02   1.2187570e+00   5.7260952e+00   4.5836616e+00
   2.0120000e+03   1.2000000e+01   1.0000000e+00   1.0000000e+01   2.9000000e+01   4.0000000e+01  -5.3834161e+01  -3.9458062e+01   5.0016309e+02   1.3859537e+00   4.4616729e+00   4.2547127e+00
   2.0120000e+03   1.2000000e+01   1.0000000e+00   1.0000000e+01   3.1000000e+01   1.7000000e+01  -5.3829718e+01  -3.9459277e+01   5.0006401e+02   1.3342894e+00   5.6792227e+00   5.6792227e+00
   2.0120000e+03   1.2000000e+01   1.0000000e+00   1.0000000e+01   3.2000000e+01   5.5000000e+01  -5.3825327e+01  -3.9460534e+01   4.9486133e+02   2.4523794e+00   7.1298801e+00   5.5981076e+00
   2.0120000e+03   1.2000000e+01   1.0000000e+00   1.0000000e+01   3.4000000e+01   3.2999901e+01  -5.3820843e+01  -3.9461931e+01   5.0656670e+02   2.2443907e+00   4.6383414e+00   2.7519704e+00
   2.0120000e+03   1.2000000e+01   1.0000000e+00   1.0000000e+01   3.6000000e+01   1.1000000e+01  -5.3816483e+01  -3.9463165e+01   4.9121291e+02   2.9483883e+00   5.2922339e+00   1.3814312e+00
   2.0120000e+03   1.2000000e+01   1.0000000e+00   1.0000000e+01   3.7000000e+01   4.9000000e+01  -5.3812080e+01  -3.9464470e+01   4.9676972e+02   3.5221472e+00   6.2447272e+00   1.5368464e+00
   2.0120000e+03   1.2000000e+01   1.0000000e+00   1.0000000e+01   3.9000000e+01   2.7000000e+01  -5.3807627e+01  -3.9465828e+01   5.0268339e+02   3.3177589e+00   1.0680555e+01   6.3038849e+00
   2.0120000e+03   1.2000000e+01   1.0000000e+00   1.0000000e+01   4.1000000e+01   5.0000000e+00  -5.3803146e+01  -3.9467100e+01   5.0495743e+02   3.4554351e+00   1.1123764e+01   7.0909043e+00
   2.0120000e+03   1.2000000e+01   1.0000000e+00   1.0000000e+01   4.2000000e+01   4.1000000e+01  -5.3798774e+01  -3.9468466e+01   4.9396091e+02   2.7056865e+00   8.7101672e+00   4.4191032e+00
   2.0120000e+03   1.2000000e+01   1.0000000e+00   1.0000000e+01   4.4000000e+01   1.7000000e+01  -5.3794359e+01  -3.9469843e+01   4.9883576e+02   3.1328857e+00   1.0187339e+01   1.0127132e+01
   2.0120000e+03   1.2000000e+01   1.0000000e+00   1.0000000e+01   4.5000000e+01   5.3000000e+01  -5.3789913e+01  -3.9471110e+01   5.0103357e+02   2.9657801e+00   9.8779575e+00   9.6487785e+00
   2.0120000e+03   1.2000000e+01   1.0000000e+00   1.0000000e+01   4.7000000e+01   2.9000099e+01  -5.3785517e+01  -3.9472489e+01   4.9676604e+02   3.3381088e+00   1.0910889e+01   9.4569503e+00
   2.0120000e+03   1.2000000e+01   1.0000000e+00   1.0000000e+01   4.9000000e+01   5.0000000e+00  -5.3781050e+01  -3.9473765e+01   5.0341571e+02   3.4408887e+00   1.0126238e+01   1.0126238e+01
   2.0120000e+03   1.2000000e+01   1.0000000e+00   1.0000000e+01   5.0000000e+01   4.2000000e+01  -5.3776631e+01  -3.9475076e+01   4.9858124e+02   3.1938285e+00   1.0281598e+01   1.0034504e+01
   2.0120000e+03   1.2000000e+01   1.0000000e+00   1.0000000e+01   5.2000000e+01   2.0000000e+01  -5.3772167e+01  -3.9476353e+01   5.0305738e+02   2.7324620e+00   9.0401209e+00   8.3311607e+00
   2.0120000e+03   1.2000000e+01   1.0000000e+00   1.0000000e+01   5.3000000e+01   5.7999901e+01  -5.3767753e+01  -3.9477799e+01   4.9960260e+02   2.4598561e+00   8.1877897e+00   7.2701179e+00
   2.0120000e+03   1.2000000e+01   1.0000000e+00   1.0000000e+01   5.5000000e+01   3.3000000e+01  -5.3763321e+01  -3.9479017e+01   4.9885366e+02   1.6844821e+00   5.6512936e+00   5.6512936e+00
   2.0120000e+03   1.2000000e+01   1.0000000e+00   1.0000000e+01   5.7000000e+01   8.0000000e+00  -5.3758963e+01  -3.9480460e+01   4.9352493e+02   2.4842980e+00   8.3395389e+00   8.3395389e+00
   2.0120000e+03   1.2000000e+01   1.0000000e+00   1.0000000e+01   5.8000000e+01   4.4000099e+01  -5.3754489e+01  -3.9481732e+01   5.0406990e+02   2.4058797e+00   8.2144499e+00   8.2144499e+00
   2.0120000e+03   1.2000000e+01   1.0000000e+00   1.1000000e+01   0.0000000e+00   2.2000000e+01  -5.3750071e+01  -3.9482979e+01   4.9775543e+02   1.8343439e+00   6.7420730e+00   6.6773284e+00
   2.0120000e+03   1.2000000e+01   1.0000000e+00   1.1000000e+01   2.0000000e+00   0.0000000e+00  -5.3745609e+01  -3.9484421e+01   5.0478155e+02   2.1285249e+00   6.8977053e+00   6.7659361e+00
   2.0120000e+03   1.2000000e+01   1.0000000e+00   1.1000000e+01   3.0000000e+00   3.5000000e+01  -5.3741162e+01  -3.9485743e+01   5.0169096e+02   1.8305710e+00   6.6121813e+00   6.6121813e+00
   2.0120000e+03   1.2000000e+01   1.0000000e+00   1.1000000e+01   5.0000000e+00   1.0000000e+01  -5.3736762e+01  -3.9487050e+01   4.9641715e+02   5.1262792e+00   1.6714346e+01   1.6502558e+01
   2.0120000e+03   1.2000000e+01   1.0000000e+00   1.1000000e+01   6.0000000e+00   4.8000000e+01  -5.3732362e+01  -3.9488356e+01   4.9646631e+02   2.6501054e+00   8.5312401e+00   8.5312401e+00
   2.0120000e+03   1.2000000e+01   1.0000000e+00   1.1000000e+01   8.0000000e+00   2.5000000e+01  -5.3727927e+01  -3.9489624e+01   4.9983248e+02   1.3730422e+00   5.0819433e+00   5.0819433e+00
   2.0120000e+03   1.2000000e+01   1.0000000e+00   1.1000000e+01   1.0000000e+01   2.0000000e+00  -5.3723523e+01  -3.9491013e+01   4.9775471e+02   1.8715361e+00   6.2346372e+00   6.2346372e+00
   2.0120000e+03   1.2000000e+01   1.0000000e+00   1.1000000e+01   1.1000000e+01   4.0000099e+01  -5.3719105e+01  -3.9492340e+01   4.9860463e+02   1.9104855e+00   4.5669580e+00   4.2753793e+00
   2.0120000e+03   1.2000000e+01   1.0000000e+00   1.1000000e+01   1.3000000e+01   1.8000000e+01  -5.3714635e+01  -3.9493664e+01   5.0430948e+02   3.5503852e-01   1.1626453e+00   8.4090814e-01
   2.0120000e+03   1.2000000e+01   1.0000000e+00   1.1000000e+01   1.4000000e+01   5.8000000e+01  -5.3710098e+01  -3.9495011e+01   5.1194252e+02   1.7123558e+00   3.2734894e+00   1.7255105e+00
   2.0120000e+03   1.2000000e+01   1.0000000e+00   1.1000000e+01   1.6000000e+01   5.6000000e+01  -5.3705595e+01  -3.9496417e+01   5.0881070e+02   4.2336414e-01   1.3628972e+00   7.6548183e-01
   2.0120000e+03   1.2000000e+01   1.0000000e+00   1.1000000e+01   1.9000000e+01   2.2000000e+01  -5.3701380e+01  -3.9497464e+01   4.7336752e+02   0.0000000e+00   0.0000000e+00   0.0000000e+00
   2.0120000e+03   1.2000000e+01   1.0000000e+00   1.1000000e+01   2.2000000e+01   2.0000000e+00  -5.3696894e+01  -3.9498447e+01   5.0265938e+02   0.0000000e+00   0.0000000e+00   0.0000000e+00
   2.0120000e+03   1.2000000e+01   1.0000000e+00   1.1000000e+01   2.4000000e+01   4.5000000e+01  -5.3692509e+01  -3.9499927e+01   4.9695331e+02   0.0000000e+00   0.0000000e+00   0.0000000e+00
   2.0120000e+03   1.2000000e+01   1.0000000e+00   1.1000000e+01   2.7000000e+01   1.0000000e+01  -5.3688219e+01  -3.9501000e+01   4.8183199e+02   1.3742100e+00   3.5587127e+00   2.4735568e+00
   2.0120000e+03   1.2000000e+01   1.0000000e+00   1.1000000e+01   2.9000000e+01   7.0000000e+00  -5.3683757e+01  -3.9502712e+01   5.0846482e+02   1.1043127e+00   3.1136019e+00   1.5981435e+00
   2.0120000e+03   1.2000000e+01   1.0000000e+00   1.1000000e+01   3.0000000e+01   5.0000000e+01  -5.3679294e+01  -3.9504400e+01   5.0821716e+02   1.6229347e+00   2.8331378e+00   1.3906882e+00
   2.0120000e+03   1.2000000e+01   1.0000000e+00   1.1000000e+01   3.2000000e+01   2.8000000e+01  -5.3674906e+01  -3.9505967e+01   4.9837059e+02   9.4260441e-01   2.5651665e+00   5.9181748e-01
   2.0120000e+03   1.2000000e+01   1.0000000e+00   1.1000000e+01   3.4000000e+01   6.0000000e+00  -5.3670444e+01  -3.9507247e+01   5.0294932e+02   9.1938562e-01   2.2749889e+00   8.5917655e-01
   2.0120000e+03   1.2000000e+01   1.0000000e+00   1.1000000e+01   3.5000000e+01   4.3000099e+01  -5.3666035e+01  -3.9508546e+01   4.9735699e+02   8.9111598e-01   3.0727858e+00   1.3664445e-01
   2.0120000e+03   1.2000000e+01   1.0000000e+00   1.1000000e+01   3.7000000e+01   1.9000000e+01  -5.3661597e+01  -3.9509844e+01   5.0046209e+02   1.6377977e+00   2.5387609e+00   1.5754897e+00
   2.0120000e+03   1.2000000e+01   1.0000000e+00   1.1000000e+01   3.8000000e+01   5.6000000e+01  -5.3657121e+01  -3.9511074e+01   5.0395661e+02   1.9800451e+00   4.1075486e+00   1.8199869e+00
   2.0120000e+03   1.2000000e+01   1.0000000e+00   1.1000000e+01   4.0000000e+01   3.3000000e+01  -5.3652684e+01  -3.9512159e+01   4.9815400e+02   1.6276455e+00   4.0060910e+00   1.3730650e+00
   2.0120000e+03   1.2000000e+01   1.0000000e+00   1.1000000e+01   4.2000000e+01   9.0000000e+00  -5.3648267e+01  -3.9513381e+01   4.9741110e+02   1.5816522e+00   4.5445013e+00   1.3548760e+00
   2.0120000e+03   1.2000000e+01   1.0000000e+00   1.1000000e+01   4.3000000e+01   4.8000000e+01  -5.3643785e+01  -3.9514644e+01   5.0499525e+02   7.1644371e-01   2.4838689e+00   1.1436444e-01
   2.0120000e+03   1.2000000e+01   1.0000000e+00   1.1000000e+01   4.5000000e+01   2.7000000e+01  -5.3639422e+01  -3.9515891e+01   4.9168663e+02   1.0906660e+00   2.9003192e+00   4.5031394e-01
   2.0120000e+03   1.2000000e+01   1.0000000e+00   1.1000000e+01   4.7000000e+01   3.0000000e+00  -5.3634970e+01  -3.9517324e+01   5.0363737e+02   2.2691868e+00   3.2662530e+00   1.4274781e+00
   2.0120000e+03   1.2000000e+01   1.0000000e+00   1.1000000e+01   4.8000000e+01   3.7000000e+01  -5.3630531e+01  -3.9518667e+01   5.0111367e+02   2.3563514e+00   4.8404189e+00   2.2964209e+00
   2.0120000e+03   1.2000000e+01   1.0000000e+00   1.1000000e+01   5.0000000e+01   1.2000099e+01  -5.3626130e+01  -3.9520026e+01   4.9716606e+02   1.2268986e+00   3.1891150e+00   1.3653821e+00
   2.0120000e+03   1.2000000e+01   1.0000000e+00   1.1000000e+01   5.1000000e+01   4.9000000e+01  -5.3621719e+01  -3.9521280e+01   4.9712731e+02   1.9794183e+00   5.4230227e+00   9.5620739e-01
   2.0120000e+03   1.2000000e+01   1.0000000e+00   1.1000000e+01   5.3000000e+01   2.7000099e+01  -5.3617299e+01  -3.9522479e+01   4.9737846e+02   2.4150003e+00   6.0565017e+00   3.2779830e+00
   2.0120000e+03   1.2000000e+01   1.0000000e+00   1.1000000e+01   5.5000000e+01   5.0000000e+00  -5.3612828e+01  -3.9523699e+01   5.0328850e+02   2.5327478e+00   6.1326840e+00   3.1421610e+00
   2.0120000e+03   1.2000000e+01   1.0000000e+00   1.1000000e+01   5.6000000e+01   4.1000099e+01  -5.3608402e+01  -3.9524915e+01   4.9835247e+02   1.9757160e+00   4.4890603e+00   8.4173106e-01
   2.0120000e+03   1.2000000e+01   1.0000000e+00   1.1000000e+01   5.8000000e+01   1.7000000e+01  -5.3603973e+01  -3.9526226e+01   4.9966213e+02   1.3219931e+00   4.2557704e+00   2.7340983e+00
   2.0120000e+03   1.2000000e+01   1.0000000e+00   1.1000000e+01   5.9000000e+01   5.3000099e+01  -5.3599549e+01  -3.9527519e+01   4.9892814e+02   3.8604955e+00   7.7029570e+00   6.7857019e-01
   2.0120000e+03   1.2000000e+01   1.0000000e+00   1.2000000e+01   1.0000000e+00   2.9000000e+01  -5.3595120e+01  -3.9528929e+01   5.0090763e+02   1.1031626e+00   2.8290316e+00   1.3646669e+00
   2.0120000e+03   1.2000000e+01   1.0000000e+00   1.2000000e+01   3.0000000e+00   6.0000000e+00  -5.3590676e+01  -3.9530324e+01   5.0231501e+02   1.9636508e+00   5.4175237e+00   3.7629950e+00
   2.0120000e+03   1.2000000e+01   1.0000000e+00   1.2000000e+01   4.0000000e+00   4.3000000e+01  -5.3586259e+01  -3.9531699e+01   4.9905336e+02   4.7601807e+00   2.8086117e+00   1.9695037e+00
   2.0120000e+03   1.2000000e+01   1.0000000e+00   1.2000000e+01   6.0000000e+00   1.9000000e+01  -5.3581903e+01  -3.9533100e+01   4.9277717e+02   2.3227241e+00   4.0108659e+00   1.5332975e-01
   2.0120000e+03   1.2000000e+01   1.0000000e+00   1.2000000e+01   7.0000000e+00   5.6000099e+01  -5.3577440e+01  -3.9534448e+01   5.0385206e+02   3.8195523e+00   1.1763783e+01   3.2189921e-01
   2.0120000e+03   1.2000000e+01   1.0000000e+00   1.2000000e+01   9.0000000e+00   3.2000000e+01  -5.3572966e+01  -3.9535685e+01   5.0387870e+02   2.1616156e+00   4.6163447e+00   7.1713554e-01
   2.0120000e+03   1.2000000e+01   1.0000000e+00   1.2000000e+01   1.1000000e+01   8.0000992e+00  -5.3568533e+01  -3.9536843e+01   4.9844582e+02   7.6524513e-01   2.5277555e+00   4.4750325e-01
   2.0120000e+03   1.2000000e+01   1.0000000e+00   1.2000000e+01   1.2000000e+01   4.7000000e+01  -5.3564026e+01  -3.9538006e+01   5.0671293e+02   3.4612483e-01   1.1142478e+00   7.7518329e-01
   2.0120000e+03   1.2000000e+01   1.0000000e+00   1.2000000e+01   1.4000000e+01   2.7000000e+01  -5.3559664e+01  -3.9539345e+01   4.9266247e+02   1.3386386e-01   1.2867086e+00   3.7946963e-01
   2.0120000e+03   1.2000000e+01   1.0000000e+00   1.2000000e+01   1.6000000e+01   5.0000000e+00  -5.3555253e+01  -3.9540796e+01   4.9941264e+02   2.7661201e-01   1.5055666e+00   3.0529756e-01
   2.0120000e+03   1.2000000e+01   1.0000000e+00   1.2000000e+01   1.7000000e+01   4.4000000e+01  -5.3550844e+01  -3.9542186e+01   4.9848804e+02   6.4850055e-01   2.5219402e+00   4.3428216e-01
   2.0120000e+03   1.2000000e+01   1.0000000e+00   1.2000000e+01   1.9000000e+01   2.2000000e+01  -5.3546449e+01  -3.9543541e+01   4.9644039e+02   9.6547550e-01   1.6865604e+00   9.7450507e-01
   2.0120000e+03   1.2000000e+01   1.0000000e+00   1.2000000e+01   2.0000000e+01   5.9000000e+01  -5.3542013e+01  -3.9544822e+01   5.0009688e+02   1.0730597e+00   2.4237105e+00   8.3852722e-01
   2.0120000e+03   1.2000000e+01   1.0000000e+00   1.2000000e+01   2.2000000e+01   3.7000000e+01  -5.3537521e+01  -3.9546104e+01   5.0633246e+02   2.2145405e+00   4.6172048e+00   4.4623902e+00
   2.0120000e+03   1.2000000e+01   1.0000000e+00   1.2000000e+01   2.4000000e+01   2.5000099e+01  -5.3533063e+01  -3.9547311e+01   5.0172900e+02   3.5117389e+00   1.1305017e+01   9.6640877e+00
   2.0120000e+03   1.2000000e+01   1.0000000e+00   1.2000000e+01   2.6000000e+01   3.2000000e+01  -5.3528507e+01  -3.9548569e+01   5.1299740e+02   6.4246357e-01   1.2236559e+00   9.0944734e-01
   2.0120000e+03   1.2000000e+01   1.0000000e+00   1.2000000e+01   2.9000000e+01   4.0000000e+00  -5.3524213e+01  -3.9549743e+01   4.8347593e+02   0.0000000e+00   0.0000000e+00   0.0000000e+00
   2.0120000e+03   1.2000000e+01   1.0000000e+00   1.2000000e+01   3.1000000e+01   4.5000000e+01  -5.3519808e+01  -3.9551223e+01   4.9912727e+02   0.0000000e+00   0.0000000e+00   0.0000000e+00
   2.0120000e+03   1.2000000e+01   1.0000000e+00   1.2000000e+01   3.4000000e+01   2.2000000e+01  -5.3515519e+01  -3.9552765e+01   4.8738345e+02   0.0000000e+00   0.0000000e+00   0.0000000e+00
   2.0120000e+03   1.2000000e+01   1.0000000e+00   1.2000000e+01   3.6000000e+01   3.7000000e+01  -5.3511133e+01  -3.9553804e+01   4.9213872e+02   1.6723112e-01   5.3835174e-01   3.4990411e-01
   2.0120000e+03   1.2000000e+01   1.0000000e+00   1.2000000e+01   3.8000000e+01   2.4000000e+01  -5.3506597e+01  -3.9555268e+01   5.1323724e+02   1.9187244e-01   6.1767725e-01   1.7685930e-01
   2.0120000e+03   1.2000000e+01   1.0000000e+00   1.2000000e+01   4.0000000e+01   3.0000000e+00  -5.3502150e+01  -3.9556713e+01   5.0336955e+02   1.2676701e-01   4.9602834e-01   1.3053372e-01
   2.0120000e+03   1.2000000e+01   1.0000000e+00   1.2000000e+01   4.1000000e+01   4.0000099e+01  -5.3497712e+01  -3.9557952e+01   4.9981842e+02   3.0397738e-01   1.2200876e+00   4.1714043e-01
   2.0120000e+03   1.2000000e+01   1.0000000e+00   1.2000000e+01   4.3000000e+01   1.5000000e+01  -5.3493312e+01  -3.9559242e+01   4.9637110e+02   7.5236335e-01   2.4220140e+00   5.9864605e-01
   2.0120000e+03   1.2000000e+01   1.0000000e+00   1.2000000e+01   4.4000000e+01   5.2000000e+01  -5.3488892e+01  -3.9560499e+01   4.9813832e+02   4.8128096e-01   1.5493434e+00   5.1856976e-01
   2.0120000e+03   1.2000000e+01   1.0000000e+00   1.2000000e+01   4.6000000e+01   2.7999901e+01  -5.3484431e+01  -3.9561852e+01   5.0370773e+02   3.8085663e-01   1.3139292e+00   5.0909625e-01
   2.0120000e+03   1.2000000e+01   1.0000000e+00   1.2000000e+01   4.8000000e+01   5.0000000e+00  -5.3479938e+01  -3.9563159e+01   5.0671818e+02   6.2222283e-01   2.5056115e+00   0.0000000e+00
   2.0120000e+03   1.2000000e+01   1.0000000e+00   1.2000000e+01   4.9000000e+01   4.4000000e+01  -5.3475587e+01  -3.9564312e+01   4.8942484e+02   2.6556511e-01   8.5490929e-01   4.0044467e-01
   2.0120000e+03   1.2000000e+01   1.0000000e+00   1.2000000e+01   5.1000000e+01   2.1000000e+01  -5.3471175e+01  -3.9565599e+01   4.9760401e+02   2.7344866e-01   8.8028805e-01   2.7556265e-01
   2.0120000e+03   1.2000000e+01   1.0000000e+00   1.2000000e+01   5.2000000e+01   5.7000000e+01  -5.3466669e+01  -3.9566985e+01   5.0896642e+02   3.3375496e-01   3.3233994e+00   2.0214234e+00
   2.0120000e+03   1.2000000e+01   1.0000000e+00   1.2000000e+01   5.4000000e+01   3.4000000e+01  -5.3462243e+01  -3.9568359e+01   5.0022305e+02   2.4172950e-01   5.9319878e-01   3.1763038e-01
   2.0120000e+03   1.2000000e+01   1.0000000e+00   1.2000000e+01   5.6000000e+01   1.2000000e+01  -5.3457853e+01  -3.9569686e+01   4.9565746e+02   6.1820472e-01   2.4928342e+00   9.5144449e-01
   2.0120000e+03   1.2000000e+01   1.0000000e+00   1.2000000e+01   5.7000000e+01   5.0000000e+01  -5.3453430e+01  -3.9570974e+01   4.9877481e+02   5.6933169e-01   1.9052521e+00   5.4748907e-01
   2.0120000e+03   1.2000000e+01   1.0000000e+00   1.2000000e+01   5.9000000e+01   2.5000000e+01  -5.3448981e+01  -3.9572276e+01   5.0180597e+02   4.5257948e-01   1.4569474e+00   8.6489359e-01
   2.0120000e+03   1.2000000e+01   1.0000000e+00   1.3000000e+01   1.0000000e+00   0.0000000e+00  -5.3444592e+01  -3.9573596e+01   4.9546636e+02   3.3859436e-01   4.7742847e-01   2.8647601e-01
   2.0120000e+03   1.2000000e+01   1.0000000e+00   1.3000000e+01   2.0000000e+00   3.7000000e+01  -5.3440151e+01  -3.9574890e+01   5.0090795e+02   2.2588380e-01   5.1426381e-01   5.1426381e-01
   2.0120000e+03   1.2000000e+01   1.0000000e+00   1.3000000e+01   4.0000000e+00   1.4000000e+01  -5.3435751e+01  -3.9576112e+01   4.9552813e+02   4.5578100e-01   1.5356283e+00   9.5770945e-01
   2.0120000e+03   1.2000000e+01   1.0000000e+00   1.3000000e+01   5.0000000e+00   5.0000000e+01  -5.3431254e+01  -3.9577393e+01   5.0686937e+02   8.7716947e-01   2.8806481e+00   7.5303869e-01
   2.0120000e+03   1.2000000e+01   1.0000000e+00   1.3000000e+01   7.0000000e+00   2.5999901e+01  -5.3426877e+01  -3.9578721e+01   4.9428075e+02   3.7567278e-01   1.1622887e+00   4.2413996e-01
   2.0120000e+03   1.2000000e+01   1.0000000e+00   1.3000000e+01   9.0000000e+00   2.0000000e+00  -5.3422436e+01  -3.9580101e+01   5.0184159e+02   8.7932785e-01   2.8383806e+00   1.8757765e-02
   2.0120000e+03   1.2000000e+01   1.0000000e+00   1.3000000e+01   1.0000000e+01   3.8000000e+01  -5.3417965e+01  -3.9581489e+01   5.0529953e+02   3.3550457e-01   7.4273546e-01   2.3400623e-01
   2.0120000e+03   1.2000000e+01   1.0000000e+00   1.3000000e+01   1.2000000e+01   1.4000000e+01  -5.3413520e+01  -3.9582825e+01   5.0174155e+02   2.3608733e-01   1.6731573e-01   0.0000000e+00
   2.0120000e+03   1.2000000e+01   1.0000000e+00   1.3000000e+01   1.3000000e+01   5.3000099e+01  -5.3409158e+01  -3.9584073e+01   4.9166123e+02   7.3609670e-01   2.3696482e+00   1.4232715e+00
   2.0120000e+03   1.2000000e+01   1.0000000e+00   1.3000000e+01   1.5000000e+01   3.3000000e+01  -5.3404781e+01  -3.9585295e+01   4.9313900e+02   3.2524760e+00   1.0470396e+01   3.1821385e+00
   2.0120000e+03   1.2000000e+01   1.0000000e+00   1.3000000e+01   1.7000000e+01   1.3000000e+01  -5.3400339e+01  -3.9586618e+01   5.0125057e+02   9.2223180e-01   1.5664486e+00   7.6169765e-01
   2.0120000e+03   1.2000000e+01   1.0000000e+00   1.3000000e+01   1.8000000e+01   5.3000000e+01  -5.3395875e+01  -3.9587943e+01   5.0372963e+02   4.2578871e-01   1.3707023e+00   6.0235755e-01
   2.0120000e+03   1.2000000e+01   1.0000000e+00   1.3000000e+01   2.0000000e+01   3.2000000e+01  -5.3391433e+01  -3.9589226e+01   5.0088005e+02   1.7681544e+00   5.6920564e+00   5.6920564e+00
   2.0120000e+03   1.2000000e+01   1.0000000e+00   1.3000000e+01   2.2000000e+01   1.0000000e+01  -5.3387018e+01  -3.9590631e+01   4.9942834e+02   4.8842491e-01   1.0089082e+00   4.3787289e-01
   2.0120000e+03   1.2000000e+01   1.0000000e+00   1.3000000e+01   2.3000000e+01   4.7000000e+01  -5.3382564e+01  -3.9591927e+01   5.0229541e+02   5.6128720e-01   1.8069001e+00   1.4141613e+00
   2.0120000e+03   1.2000000e+01   1.0000000e+00   1.3000000e+01   2.5000000e+01   2.5000099e+01  -5.3378147e+01  -3.9593180e+01   4.9777955e+02   2.0226825e-01   2.3124992e-01   4.2533042e-02
   2.0120000e+03   1.2000000e+01   1.0000000e+00   1.3000000e+01   2.7000000e+01   4.0000000e+00  -5.3373716e+01  -3.9594497e+01   5.0010263e+02   8.5603419e-02   1.2240176e-01   1.2240176e-01
   2.0120000e+03   1.2000000e+01   1.0000000e+00   1.3000000e+01   2.8000000e+01   4.3000000e+01  -5.3369318e+01  -3.9595874e+01   4.9707554e+02   1.0897207e+00   1.3466348e+00   6.6626978e-01
   2.0120000e+03   1.2000000e+01   1.0000000e+00   1.3000000e+01   3.0000000e+01   2.2000099e+01  -5.3364914e+01  -3.9597276e+01   4.9818171e+02   1.0919141e+00   3.7265293e+00   7.7557332e-02
   2.0120000e+03   1.2000000e+01   1.0000000e+00   1.3000000e+01   3.2000000e+01   7.0000000e+00  -5.3360342e+01  -3.9598583e+01   5.1538696e+02   3.9201365e-01   1.7424719e+00   1.5295646e-01
   2.0120000e+03   1.2000000e+01   1.0000000e+00   1.3000000e+01   3.4000000e+01   8.0000000e+00  -5.3355957e+01  -3.9599699e+01   4.9277681e+02   1.4131807e+00   4.6362543e+00   6.8244952e-01
   2.0120000e+03   1.2000000e+01   1.0000000e+00   1.3000000e+01   3.6000000e+01   2.6000000e+01  -5.3351499e+01  -3.9601027e+01   5.0313386e+02   6.3191266e-01   2.0342582e+00   1.5503180e+00
   2.0120000e+03   1.2000000e+01   1.0000000e+00   1.3000000e+01   3.9000000e+01   2.0000000e+00  -5.3347180e+01  -3.9602444e+01   4.8909192e+02   8.7124552e-01   2.8262810e+00   1.8573351e+00
   2.0120000e+03   1.2000000e+01   1.0000000e+00   1.3000000e+01   4.1000000e+01   4.3000000e+01  -5.3342836e+01  -3.9603585e+01   4.8862047e+02   9.9172464e-01   2.9918265e+00   3.9396117e-01
