   1.9980000e+03   2.0000000e+00   1.0000000e+00   8.0000000e+00   2.0000000e+00   3.6000000e+01  -5.3933965e+01  -3.8311723e+01   4.9691682e+02   2.5063322e+01   7.6342990e+01   1.7971677e+00
   1.9980000e+03   2.0000000e+00   1.0000000e+00   8.0000000e+00   4.0000000e+00   1.7000000e+01  -5.3929543e+01  -3.8312790e+01   4.9635897e+02   1.7294561e+01   4.4341692e+01   1.8083821e+01
   1.9980000e+03   2.0000000e+00   1.0000000e+00   8.0000000e+00   6.0000000e+00   1.0000000e+00  -5.3925045e+01  -3.8313650e+01   5.0291327e+02   2.1168038e+01   5.4496628e+01   2.0335785e+01
   1.9980000e+03   2.0000000e+00   1.0000000e+00   8.0000000e+00   7.0000000e+00   5.0000000e+01  -5.3920708e+01  -3.8314880e+01   4.8856916e+02   1.2791125e+01   3.2795287e+01   2.1501794e+00
   1.9980000e+03   2.0000000e+00   1.0000000e+00   8.0000000e+00   9.0000000e+00   4.0000000e+01  -5.3916298e+01  -3.8316240e+01   4.9809969e+02   1.8667259e+01   4.7861163e+01   0.0000000e+00
   1.9980000e+03   2.0000000e+00   1.0000000e+00   8.0000000e+00   1.1000000e+01   2.5000000e+01  -5.3911879e+01  -3.8317561e+01   4.9862974e+02   2.3602817e+01   6.0515488e+01   2.3715663e+00
   1.9980000e+03   2.0000000e+00   1.0000000e+00   8.0000000e+00   1.3000000e+01   5.0000000e+00  -5.3907479e+01  -3.8318981e+01   4.9769304e+02   7.4563175e+00   1.9117324e+01   4.2975740e+00
   1.9980000e+03   2.0000000e+00   1.0000000e+00   8.0000000e+00   1.4000000e+01   4.0000000e+01  -5.3903138e+01  -3.8320401e+01   4.9113808e+02   8.4224723e+00   2.2472612e+01   1.8827168e+00
   1.9980000e+03   2.0000000e+00   1.0000000e+00   8.0000000e+00   1.6000000e+01   1.2000000e+01  -5.3898734e+01  -3.8321861e+01   4.9870310e+02   9.6074146e+00   2.6062619e+01   5.0863618e+00
   1.9980000e+03   2.0000000e+00   1.0000000e+00   8.0000000e+00   1.7000000e+01   4.5000000e+01  -5.3894359e+01  -3.8323390e+01   4.9632845e+02   7.0857120e+00   1.8167125e+01   8.5253570e-01
   1.9980000e+03   2.0000000e+00   1.0000000e+00   8.0000000e+00   1.9000000e+01   1.8000000e+01  -5.3889939e+01  -3.8324848e+01   5.0031858e+02   4.6190651e+01   1.1842865e+02   2.3687183e+00
   1.9980000e+03   2.0000000e+00   1.0000000e+00   8.0000000e+00   2.0000000e+01   5.2000000e+01  -5.3885574e+01  -3.8326200e+01   4.9306272e+02   3.3040183e+01   8.4712041e+01   1.2081858e+00
   1.9980000e+03   2.0000000e+00   1.0000000e+00   8.0000000e+00   2.2000000e+01   2.5000000e+01  -5.3881130e+01  -3.8327590e+01   5.0220137e+02   1.8973092e+01   6.8824723e+01   2.9288062e+00
   1.9980000e+03   2.0000000e+00   1.0000000e+00   8.0000000e+00   2.3000000e+01   5.8000000e+01  -5.3876750e+01  -3.8329003e+01   4.9542473e+02   1.2998068e+01   3.3325870e+01   6.2136846e+00
   1.9980000e+03   2.0000000e+00   1.0000000e+00   8.0000000e+00   2.5000000e+01   3.3000000e+01  -5.3872332e+01  -3.8330408e+01   4.9941717e+02   1.0843530e+01   2.7801830e+01   6.2902022e+00
   1.9980000e+03   2.0000000e+00   1.0000000e+00   8.0000000e+00   2.7000000e+01   1.0000000e+01  -5.3867980e+01  -3.8331740e+01   4.9142923e+02   1.6655805e+01   4.2703977e+01   4.8859707e+00
   1.9980000e+03   2.0000000e+00   1.0000000e+00   8.0000000e+00   2.8000000e+01   4.6000000e+01  -5.3863588e+01  -3.8333295e+01   4.9861631e+02   1.5944727e+01   4.1092640e+01   1.2181808e+01
   1.9980000e+03   2.0000000e+00   1.0000000e+00   8.0000000e+00   3.0000000e+01   2.0000000e+01  -5.3859170e+01  -3.8334810e+01   5.0079127e+02   1.2232525e+01   3.1363088e+01   5.2142183e+00
   1.9980000e+03   2.0000000e+00   1.0000000e+00   8.0000000e+00   3.1000000e+01   5.2000000e+01  -5.3854775e+01  -3.8336270e+01   4.9762176e+02   1.1136289e+01   2.8586381e+01   5.1344182e+00
   1.9980000e+03   2.0000000e+00   1.0000000e+00   8.0000000e+00   3.3000000e+01   2.6000000e+01  -5.3850378e+01  -3.8337780e+01   4.9857546e+02   4.4051698e+00   1.1351952e+01   4.6508013e+00
   1.9980000e+03   2.0000000e+00   1.0000000e+00   8.0000000e+00   3.5000000e+01   3.0000000e+00  -5.3846031e+01  -3.8339155e+01   4.9142447e+02   5.1315786e+00   1.3498087e+01   8.1660443e+00
   1.9980000e+03   2.0000000e+00   1.0000000e+00   8.0000000e+00   3.6000000e+01   4.2000000e+01  -5.3841696e+01  -3.8340620e+01   4.9113377e+02   1.8107591e+01   4.6426226e+01   7.0331846e+00
   1.9980000e+03   2.0000000e+00   1.0000000e+00   8.0000000e+00   3.8000000e+01   1.9000000e+01  -5.3837291e+01  -3.8342050e+01   4.9840430e+02   2.7283649e+01   7.2607021e+01   6.0874142e+00
   1.9980000e+03   2.0000000e+00   1.0000000e+00   8.0000000e+00   3.9000000e+01   5.8000000e+01  -5.3832851e+01  -3.8343535e+01   5.0287434e+02   1.2548126e+01   3.4573802e+01   7.0099153e+00
   1.9980000e+03   2.0000000e+00   1.0000000e+00   8.0000000e+00   4.1000000e+01   4.1000000e+01  -5.3828459e+01  -3.8345034e+01   4.9784597e+02   1.1547546e+01   2.9622912e+01   1.6961466e+01
   1.9980000e+03   2.0000000e+00   1.0000000e+00   8.0000000e+00   4.3000000e+01   2.8000000e+01  -5.3824168e+01  -3.8346494e+01   4.8629252e+02   1.5723927e+01   4.3230521e+01   6.5537938e+00
   1.9980000e+03   2.0000000e+00   1.0000000e+00   8.0000000e+00   4.5000000e+01   1.4000000e+01  -5.3819761e+01  -3.8347890e+01   4.9817647e+02   2.2928095e+01   5.8785562e+01   5.5916441e+00
   1.9980000e+03   2.0000000e+00   1.0000000e+00   8.0000000e+00   4.6000000e+01   5.3000000e+01  -5.3815315e+01  -3.8349427e+01   5.0433531e+02   1.0974294e+01   2.8137097e+01   7.1249384e+00
   1.9980000e+03   2.0000000e+00   1.0000000e+00   8.0000000e+00   4.8000000e+01   2.8000000e+01  -5.3811005e+01  -3.8350867e+01   4.8815648e+02   7.1145683e+00   1.8457702e+01   5.6263788e+00
   1.9980000e+03   2.0000000e+00   1.0000000e+00   8.0000000e+00   5.0000000e+01   1.0000000e+00  -5.3806600e+01  -3.8352504e+01   5.0109604e+02   8.4503566e+00   2.2075937e+01   4.7575601e+00
   1.9980000e+03   2.0000000e+00   1.0000000e+00   8.0000000e+00   5.1000000e+01   3.2000000e+01  -5.3802187e+01  -3.8354045e+01   5.0060771e+02   8.3777112e+00   2.1479694e+01   3.1192450e+00
   1.9980000e+03   2.0000000e+00   1.0000000e+00   8.0000000e+00   5.3000000e+01   7.0000000e+00  -5.3797808e+01  -3.8355534e+01   4.9643169e+02   6.4421418e+00   1.8019792e+01   2.7475287e+00
   1.9980000e+03   2.0000000e+00   1.0000000e+00   8.0000000e+00   5.4000000e+01   4.6000000e+01  -5.3793352e+01  -3.8356922e+01   5.0337529e+02   5.4701758e+00   1.4231704e+01   3.1722599e+00
   1.9980000e+03   2.0000000e+00   1.0000000e+00   8.0000000e+00   5.6000000e+01   2.4000000e+01  -5.3788993e+01  -3.8358398e+01   4.9399551e+02   1.3574250e+01   3.4803150e+01   4.9216215e+00
   1.9980000e+03   2.0000000e+00   1.0000000e+00   8.0000000e+00   5.8000000e+01   3.0000000e+00  -5.3784535e+01  -3.8359944e+01   5.0560344e+02   2.7074658e+01   6.9416976e+01   2.6263549e+01
   1.9980000e+03   2.0000000e+00   1.0000000e+00   8.0000000e+00   5.9000000e+01   4.3000000e+01  -5.3780303e+01  -3.8361387e+01   4.7979597e+02   9.2808830e+00   2.3795345e+01   8.2694934e+00
   1.9980000e+03   2.0000000e+00   1.0000000e+00   9.0000000e+00   1.0000000e+00   2.2000000e+01  -5.3775873e+01  -3.8362983e+01   5.0328317e+02   6.3375705e+00   2.4509201e+01   1.0779293e+01
   1.9980000e+03   2.0000000e+00   1.0000000e+00   9.0000000e+00   2.0000000e+00   5.7000000e+01  -5.3771473e+01  -3.8364509e+01   4.9908812e+02   9.9346616e+00   2.6777876e+01   3.3373689e+00
   1.9980000e+03   2.0000000e+00   1.0000000e+00   9.0000000e+00   4.0000000e+00   3.1000000e+01  -5.3767171e+01  -3.8366063e+01   4.8876039e+02   8.1061725e+00   2.0783493e+01   4.6886305e+00
   1.9980000e+03   2.0000000e+00   1.0000000e+00   9.0000000e+00   6.0000000e+00   7.0000000e+00  -5.3762689e+01  -3.8367604e+01   5.0825918e+02   4.0544455e+00   1.0645151e+01   3.7111728e+00
   1.9980000e+03   2.0000000e+00   1.0000000e+00   9.0000000e+00   7.0000000e+00   4.4000000e+01  -5.3758294e+01  -3.8369149e+01   4.9880658e+02   5.0893313e+00   1.3083775e+01   2.7260135e+00
   1.9980000e+03   2.0000000e+00   1.0000000e+00   9.0000000e+00   9.0000000e+00   2.2000000e+01  -5.3753944e+01  -3.8370614e+01   4.9291436e+02   1.3710138e+01   3.5200571e+01   2.2712097e+01
   1.9980000e+03   2.0000000e+00   1.0000000e+00   9.0000000e+00   1.0000000e+01   5.9000000e+01  -5.3749614e+01  -3.8372048e+01   4.9017964e+02   6.3091901e+00   1.6176193e+01   4.2062606e+00
   1.9980000e+03   2.0000000e+00   1.0000000e+00   9.0000000e+00   1.2000000e+01   3.6000000e+01  -5.3745232e+01  -3.8373520e+01   4.9649385e+02   3.9508613e+00   1.1255160e+01   2.8499362e+00
   1.9980000e+03   2.0000000e+00   1.0000000e+00   9.0000000e+00   1.4000000e+01   1.2000000e+01  -5.3740854e+01  -3.8374972e+01   4.9575801e+02   4.7661302e+00   1.2866753e+01   8.0887137e-01
   1.9980000e+03   2.0000000e+00   1.0000000e+00   9.0000000e+00   1.5000000e+01   4.9000000e+01  -5.3736425e+01  -3.8376239e+01   4.9914095e+02   3.4238482e+00   9.5653134e+00   7.8687626e-01
   1.9980000e+03   2.0000000e+00   1.0000000e+00   9.0000000e+00   1.7000000e+01   2.7000099e+01  -5.3731990e+01  -3.8377468e+01   4.9939099e+02   6.0539386e+00   1.5521751e+01   1.6594752e+00
   1.9980000e+03   2.0000000e+00   1.0000000e+00   9.0000000e+00   1.9000000e+01   3.0000000e+00  -5.3727598e+01  -3.8378750e+01   4.9526550e+02   4.8432114e+00   1.2902291e+01   8.4668400e-01
   1.9980000e+03   2.0000000e+00   1.0000000e+00   9.0000000e+00   2.0000000e+01   3.9000000e+01  -5.3723224e+01  -3.8379979e+01   4.9266441e+02   3.9786682e+00   1.0200945e+01   2.6557447e+00
   1.9980000e+03   2.0000000e+00   1.0000000e+00   9.0000000e+00   2.2000000e+01   1.6000000e+01  -5.3718814e+01  -3.8381273e+01   4.9736483e+02   4.8360119e+00   1.2738880e+01   9.2677899e-01
   1.9980000e+03   2.0000000e+00   1.0000000e+00   9.0000000e+00   2.3000000e+01   5.1000000e+01  -5.3714404e+01  -3.8382601e+01   4.9786829e+02   1.3731325e+01   3.5338152e+01   4.5910321e+00
   1.9980000e+03   2.0000000e+00   1.0000000e+00   9.0000000e+00   2.5000000e+01   2.7000000e+01  -5.3709981e+01  -3.8383878e+01   4.9854488e+02   1.2418518e+01   3.1859309e+01   8.6405062e+00
   1.9980000e+03   2.0000000e+00   1.0000000e+00   9.0000000e+00   2.7000000e+01   3.0000000e+00  -5.3705539e+01  -3.8385146e+01   5.0064464e+02   6.4020087e+00   1.6729486e+01   0.0000000e+00
   1.9980000e+03   2.0000000e+00   1.0000000e+00   9.0000000e+00   2.8000000e+01   3.8000000e+01  -5.3701125e+01  -3.8386342e+01   4.9668621e+02   5.5952275e+00   1.4637133e+01   0.0000000e+00
   1.9980000e+03   2.0000000e+00   1.0000000e+00   9.0000000e+00   3.0000000e+01   1.4000000e+01  -5.3696737e+01  -3.8387579e+01   4.9440785e+02   6.0042112e+00   1.5469349e+01   5.2428747e+00
   1.9980000e+03   2.0000000e+00   1.0000000e+00   9.0000000e+00   3.1000000e+01   5.2000000e+01  -5.3692315e+01  -3.8388881e+01   4.9870092e+02   6.3937280e+00   1.6705265e+01   4.6441268e+00
   1.9980000e+03   2.0000000e+00   1.0000000e+00   9.0000000e+00   3.3000000e+01   2.9000000e+01  -5.3687856e+01  -3.8390159e+01   5.0264026e+02   3.2256270e+00   8.2702160e+00   3.7845993e+00
   1.9980000e+03   2.0000000e+00   1.0000000e+00   9.0000000e+00   3.5000000e+01   8.0000000e+00  -5.3683509e+01  -3.8391380e+01   4.8958156e+02   2.0951908e+00   5.3718798e+00   3.8423513e+00
   1.9980000e+03   2.0000000e+00   1.0000000e+00   9.0000000e+00   3.6000000e+01   4.4000099e+01  -5.3679076e+01  -3.8392759e+01   5.0096368e+02   1.5906184e+00   4.7764670e+00   4.0782017e+00
   1.9980000e+03   2.0000000e+00   1.0000000e+00   9.0000000e+00   3.8000000e+01   2.1000000e+01  -5.3674685e+01  -3.8394023e+01   4.9494653e+02   1.1642898e+00   3.5967038e+00   9.1398172e-01
   1.9980000e+03   2.0000000e+00   1.0000000e+00   9.0000000e+00   4.0000000e+01   1.0000000e+00  -5.3670235e+01  -3.8395370e+01   5.0237112e+02   1.1587407e+00   2.9709065e+00   9.8175211e-01
   1.9980000e+03   2.0000000e+00   1.0000000e+00   9.0000000e+00   4.1000000e+01   4.1000099e+01  -5.3665876e+01  -3.8396842e+01   4.9394809e+02   1.6018987e+00   4.4758355e+00   6.8103482e-01
   1.9980000e+03   2.0000000e+00   1.0000000e+00   9.0000000e+00   4.3000000e+01   2.1000000e+01  -5.3661506e+01  -3.8398331e+01   4.9546831e+02   3.4958552e+00   8.9630565e+00   6.3120547e+00
   1.9980000e+03   2.0000000e+00   1.0000000e+00   9.0000000e+00   4.5000000e+01   1.0000000e+00  -5.3657145e+01  -3.8399902e+01   4.9540282e+02   2.6927597e+00   6.9039924e+00   5.9532961e+00
   1.9980000e+03   2.0000000e+00   1.0000000e+00   9.0000000e+00   4.6000000e+01   3.8000000e+01  -5.3652741e+01  -3.8401462e+01   5.0010733e+02   7.0697065e-01   1.8126088e+00   0.0000000e+00
   1.9980000e+03   2.0000000e+00   1.0000000e+00   9.0000000e+00   4.8000000e+01   1.2000000e+01  -5.3648383e+01  -3.8403023e+01   4.9499334e+02   1.7933637e+00   4.5980223e+00   4.1536250e+00
   1.9980000e+03   2.0000000e+00   1.0000000e+00   9.0000000e+00   4.9000000e+01   4.8000000e+01  -5.3644011e+01  -3.8404596e+01   4.9678996e+02   1.4413482e+00   3.6954864e+00   3.0173097e+00
   1.9980000e+03   2.0000000e+00   1.0000000e+00   9.0000000e+00   5.1000000e+01   2.6000000e+01  -5.3639656e+01  -3.8406191e+01   4.9515615e+02   2.3380321e+00   5.9945028e+00   3.4120930e+00
   1.9980000e+03   2.0000000e+00   1.0000000e+00   9.0000000e+00   5.3000000e+01   3.0000000e+00  -5.3635267e+01  -3.8407756e+01   4.9850896e+02   3.8727508e+00   9.9945355e+00   1.0660656e+00
   1.9980000e+03   2.0000000e+00   1.0000000e+00   9.0000000e+00   5.4000000e+01   4.2000000e+01  -5.3630944e+01  -3.8409233e+01   4.9015766e+02   2.9650522e+00   7.6928446e+00   2.5736584e+00
   1.9980000e+03   2.0000000e+00   1.0000000e+00   9.0000000e+00   5.6000000e+01   1.9000099e+01  -5.3626529e+01  -3.8410750e+01   5.0061962e+02   2.0779301e+00   5.4543666e+00   1.1529254e+00
   1.9980000e+03   2.0000000e+00   1.0000000e+00   9.0000000e+00   5.7000000e+01   5.7000000e+01  -5.3622108e+01  -3.8412356e+01   5.0263407e+02   1.7698984e+00   4.7260765e+00   2.2039806e+00
   1.9980000e+03   2.0000000e+00   1.0000000e+00   9.0000000e+00   5.9000000e+01   3.3000099e+01  -5.3617732e+01  -3.8413946e+01   4.9736598e+02   2.2913532e+00   6.1102104e+00   2.8244731e+00
   1.9980000e+03   2.0000000e+00   1.0000000e+00   1.0000000e+01   1.0000000e+00   8.0000000e+00  -5.3613432e+01  -3.8415477e+01   4.8830903e+02   5.6326505e+00   1.4592974e+01   4.4750038e+00
   1.9980000e+03   2.0000000e+00   1.0000000e+00   1.0000000e+01   2.0000000e+00   4.2000000e+01  -5.3609075e+01  -3.8417110e+01   4.9603531e+02   1.8630147e+00   4.9648976e+00   3.0602337e+00
   1.9980000e+03   2.0000000e+00   1.0000000e+00   1.0000000e+01   4.0000000e+00   1.6000000e+01  -5.3604638e+01  -3.8418680e+01   5.0378229e+02   2.9714964e+00   7.6186480e+00   1.4595878e+00
   1.9980000e+03   2.0000000e+00   1.0000000e+00   1.0000000e+01   5.0000000e+00   4.9000000e+01  -5.3600271e+01  -3.8420258e+01   4.9634898e+02   5.9495583e+00   1.5369220e+01   2.0538973e+00
   1.9980000e+03   2.0000000e+00   1.0000000e+00   1.0000000e+01   7.0000000e+00   2.3000099e+01  -5.3595933e+01  -3.8421851e+01   4.9329643e+02   4.6955454e+00   1.2115666e+01   4.7633082e+00
   1.9980000e+03   2.0000000e+00   1.0000000e+00   1.0000000e+01   8.0000000e+00   5.9000000e+01  -5.3591531e+01  -3.8423520e+01   5.0141826e+02   3.7744628e+00   9.6773812e+00   3.9744089e+00
   1.9980000e+03   2.0000000e+00   1.0000000e+00   1.0000000e+01   1.0000000e+01   3.6000000e+01  -5.3587148e+01  -3.8425061e+01   4.9743810e+02   1.9127247e+00   4.9697407e+00   2.1526816e+00
   1.9980000e+03   2.0000000e+00   1.0000000e+00   1.0000000e+01   1.2000000e+01   1.1000099e+01  -5.3582809e+01  -3.8426711e+01   4.9435782e+02   1.5671001e+00   5.4814399e+00   1.7480747e+00
   1.9980000e+03   2.0000000e+00   1.0000000e+00   1.0000000e+01   1.3000000e+01   4.6000000e+01  -5.3578359e+01  -3.8428430e+01   5.0730926e+02   1.8221355e+00   4.6717908e+00   2.3685320e+00
   1.9980000e+03   2.0000000e+00   1.0000000e+00   1.0000000e+01   1.5000000e+01   2.1000000e+01  -5.3573999e+01  -3.8430020e+01   4.9570711e+02   1.6188244e+00   4.1505195e+00   2.9233007e+00
   1.9980000e+03   2.0000000e+00   1.0000000e+00   1.0000000e+01   1.6000000e+01   5.6000000e+01  -5.3569649e+01  -3.8431620e+01   4.9477011e+02   3.2103900e+00   8.2311495e+00   4.2067821e+00
   1.9980000e+03   2.0000000e+00   1.0000000e+00   1.0000000e+01   1.8000000e+01   3.2000000e+01  -5.3565327e+01  -3.8433278e+01   4.9258289e+02   1.6301357e+00   4.1795204e+00   1.4494051e+00
   1.9980000e+03   2.0000000e+00   1.0000000e+00   1.0000000e+01   2.0000000e+01   8.0000000e+00  -5.3561030e+01  -3.8435420e+01   4.9800186e+02   1.7175440e+00   4.7339861e+00   3.4849661e-01
   1.9980000e+03   2.0000000e+00   1.0000000e+00   1.0000000e+01   2.1000000e+01   4.3000000e+01  -5.3556714e+01  -3.8437670e+01   5.0196216e+02   1.9601065e+00   5.0255357e+00   3.2972035e-01
   1.9980000e+03   2.0000000e+00   1.0000000e+00   1.0000000e+01   2.3000000e+01   1.7000099e+01  -5.3552507e+01  -3.8440135e+01   4.9500291e+02   1.7175197e+00   4.8807135e+00   4.3403723e-01
   1.9980000e+03   2.0000000e+00   1.0000000e+00   1.0000000e+01   2.4000000e+01   5.1000000e+01  -5.3548400e+01  -3.8442890e+01   4.9131350e+02   2.4135957e+00   6.2704297e+00   2.1645258e+00
   1.9980000e+03   2.0000000e+00   1.0000000e+00   1.0000000e+01   2.6000000e+01   2.8000000e+01  -5.3544210e+01  -3.8445825e+01   5.0430951e+02   1.3481046e+00   3.4564184e+00   9.3508916e-01
   1.9980000e+03   2.0000000e+00   1.0000000e+00   1.0000000e+01   2.8000000e+01   5.0000000e+00  -5.3540090e+01  -3.8448740e+01   4.9658756e+02   3.9346885e+00   1.0088186e+01   0.0000000e+00
   1.9980000e+03   2.0000000e+00   1.0000000e+00   1.0000000e+01   2.9000000e+01   4.4000000e+01  -5.3535950e+01  -3.8451490e+01   4.9457685e+02   1.8931126e+01   4.8537696e+01   9.4161713e+00
   1.9980000e+03   2.0000000e+00   1.0000000e+00   1.0000000e+01   3.1000000e+01   2.5000000e+01  -5.3531821e+01  -3.8454300e+01   4.9501943e+02   9.2644388e+00   2.3753183e+01   6.7333567e+00
   1.9980000e+03   2.0000000e+00   1.0000000e+00   1.0000000e+01   3.3000000e+01   3.0000000e+00  -5.3527681e+01  -3.8457140e+01   4.9677954e+02   5.8892763e+00   1.5099572e+01   2.9763143e+00
   1.9980000e+03   2.0000000e+00   1.0000000e+00   1.0000000e+01   3.4000000e+01   3.9000000e+01  -5.3523551e+01  -3.8460092e+01   4.9864343e+02   9.2209144e+00   2.3641591e+01   1.5450005e+01
   1.9980000e+03   2.0000000e+00   1.0000000e+00   1.0000000e+01   3.6000000e+01   1.4999901e+01  -5.3519461e+01  -3.8463030e+01   4.9417439e+02   5.9727947e+00   1.5722199e+01   7.7593531e+00
   1.9980000e+03   2.0000000e+00   1.0000000e+00   1.0000000e+01   3.7000000e+01   4.9000000e+01  -5.3515384e+01  -3.8466059e+01   4.9526354e+02   2.0937682e+00   6.6599306e+00   7.8216809e-01
   1.9980000e+03   2.0000000e+00   1.0000000e+00   1.0000000e+01   3.9000000e+01   2.3000000e+01  -5.3511237e+01  -3.8469154e+01   5.0421402e+02   2.4023224e+00   6.1593373e+00   1.0596394e+00
   1.9980000e+03   2.0000000e+00   1.0000000e+00   1.0000000e+01   4.0000000e+01   5.8000000e+01  -5.3507221e+01  -3.8472199e+01   4.8944633e+02   1.6863397e+00   4.3236226e+00   8.5841795e-01
   1.9980000e+03   2.0000000e+00   1.0000000e+00   1.0000000e+01   4.2000000e+01   3.5000000e+01  -5.3503112e+01  -3.8475299e+01   5.0051152e+02   2.0933694e+00   5.5798928e+00   6.2557883e-01
   1.9980000e+03   2.0000000e+00   1.0000000e+00   1.0000000e+01   4.4000000e+01   1.5000099e+01  -5.3499042e+01  -3.8478409e+01   4.9678038e+02   2.7847562e+00   7.3468693e+00   3.5019667e+00
   1.9980000e+03   2.0000000e+00   1.0000000e+00   1.0000000e+01   4.5000000e+01   5.7000099e+01  -5.3494940e+01  -3.8481456e+01   4.9831945e+02   2.3782916e+00   6.0977246e+00   1.2408626e+00
   1.9980000e+03   2.0000000e+00   1.0000000e+00   1.0000000e+01   4.7000000e+01   3.5000000e+01  -5.3490922e+01  -3.8484547e+01   4.9100752e+02   4.1834021e-01   1.2205804e+00   1.5662999e-01
   1.9980000e+03   2.0000000e+00   1.0000000e+00   1.0000000e+01   4.9000000e+01   1.2000000e+01  -5.3486932e+01  -3.8487576e+01   4.8648372e+02   9.1135565e-01   2.6252888e+00   2.4673579e-01
   1.9980000e+03   2.0000000e+00   1.0000000e+00   1.0000000e+01   5.0000000e+01   4.9000000e+01  -5.3482785e+01  -3.8490744e+01   5.0614431e+02   2.6115969e-01   6.6958983e-01   0.0000000e+00
   1.9980000e+03   2.0000000e+00   1.0000000e+00   1.0000000e+01   5.2000000e+01   2.7000000e+01  -5.3478442e+01  -3.8492436e+01   4.9539247e+02   1.0156152e+01   2.6160620e+01   1.5676802e+00
   1.9980000e+03   2.0000000e+00   1.0000000e+00   1.0000000e+01   5.4000000e+01   3.0000000e+00  -5.3474048e+01  -3.8493370e+01   4.9219949e+02   1.0281501e+00   3.3126217e+00   8.3866492e-01
   1.9980000e+03   2.0000000e+00   1.0000000e+00   1.0000000e+01   5.5000000e+01   3.8000000e+01  -5.3469568e+01  -3.8493976e+01   4.9937268e+02   7.7021502e-01   2.2429728e+00   2.0964830e-01
   1.9980000e+03   2.0000000e+00   1.0000000e+00   1.0000000e+01   5.7000000e+01   1.2000099e+01  -5.3465131e+01  -3.8494280e+01   4.9350456e+02   8.4236779e-01   2.4840635e+00   4.6134176e-01
   1.9980000e+03   2.0000000e+00   1.0000000e+00   1.0000000e+01   5.8000000e+01   4.4999901e+01  -5.3460673e+01  -3.8494659e+01   4.9602690e+02   6.0779545e-01   2.3332585e+00   6.5935583e-01
   1.9980000e+03   2.0000000e+00   1.0000000e+00   1.1000000e+01   0.0000000e+00   1.9000000e+01  -5.3456187e+01  -3.8494970e+01   4.9894466e+02   7.2498357e-01   2.0760689e+00   5.8624758e-01
   1.9980000e+03   2.0000000e+00   1.0000000e+00   1.1000000e+01   1.0000000e+00   5.2000000e+01  -5.3451731e+01  -3.8495340e+01   4.9564462e+02   8.9326247e-01   2.3181984e+00   4.6214626e-01
   1.9980000e+03   2.0000000e+00   1.0000000e+00   1.1000000e+01   3.0000000e+00   2.3000000e+01  -5.3447259e+01  -3.8495774e+01   4.9781076e+02   8.4317988e-01   2.1618370e+00   1.8687934e+00
   1.9980000e+03   2.0000000e+00   1.0000000e+00   1.1000000e+01   4.0000000e+00   5.4000099e+01  -5.3442777e+01  -3.8496037e+01   4.9834588e+02   1.3385856e+00   3.4320123e+00   2.4491362e+00
   1.9980000e+03   2.0000000e+00   1.0000000e+00   1.1000000e+01   6.0000000e+00   2.8000000e+01  -5.3438290e+01  -3.8496390e+01   4.9919933e+02   1.2304374e+00   3.2598457e+00   6.6274354e-01
   1.9980000e+03   2.0000000e+00   1.0000000e+00   1.1000000e+01   8.0000000e+00   3.0000000e+00  -5.3433830e+01  -3.8496784e+01   4.9626797e+02   1.2979213e+00   3.5185887e+00   3.9813697e-01
   1.9980000e+03   2.0000000e+00   1.0000000e+00   1.1000000e+01   9.0000000e+00   3.8000000e+01  -5.3429340e+01  -3.8497146e+01   4.9946162e+02   9.5386571e-01   2.4456254e+00   1.1091771e+00
   1.9980000e+03   2.0000000e+00   1.0000000e+00   1.1000000e+01   1.1000000e+01   1.5000000e+01  -5.3424884e+01  -3.8497430e+01   4.9550763e+02   1.1212925e+00   3.3717162e+00   7.0907893e-01
   1.9980000e+03   2.0000000e+00   1.0000000e+00   1.1000000e+01   1.2000000e+01   5.5000099e+01  -5.3420444e+01  -3.8497730e+01   4.9375147e+02   1.4622076e+00   3.7489681e+00   9.9158981e-01
   1.9980000e+03   2.0000000e+00   1.0000000e+00   1.1000000e+01   1.4000000e+01   3.5000000e+01  -5.3415964e+01  -3.8497979e+01   4.9806709e+02   1.1436097e+00   2.9321120e+00   7.1281246e-01
   1.9980000e+03   2.0000000e+00   1.0000000e+00   1.1000000e+01   1.6000000e+01   1.5000000e+01  -5.3411515e+01  -3.8498280e+01   4.9476383e+02   1.1350628e+00   3.2534492e+00   7.0071021e-01
   1.9980000e+03   2.0000000e+00   1.0000000e+00   1.1000000e+01   1.7000000e+01   5.3000000e+01  -5.3407011e+01  -3.8498544e+01   5.0086056e+02   8.1202703e-01   2.3169331e+00   3.0473596e-01
   1.9980000e+03   2.0000000e+00   1.0000000e+00   1.1000000e+01   1.9000000e+01   2.9000000e+01  -5.3402525e+01  -3.8498800e+01   4.9877976e+02   1.0007046e+00   2.5657162e+00   5.2425250e-01
   1.9980000e+03   2.0000000e+00   1.0000000e+00   1.1000000e+01   2.1000000e+01   5.0000992e+00  -5.3398086e+01  -3.8499059e+01   4.9353738e+02   1.6446353e+00   4.2166962e+00   1.5422906e+00
   1.9980000e+03   2.0000000e+00   1.0000000e+00   1.1000000e+01   2.2000000e+01   4.0000000e+01  -5.3393636e+01  -3.8499369e+01   4.9485800e+02   2.2726715e+00   6.7541238e+00   7.8011314e-01
   1.9980000e+03   2.0000000e+00   1.0000000e+00   1.1000000e+01   2.4000000e+01   1.7000000e+01  -5.3389135e+01  -3.8499661e+01   5.0055651e+02   2.1542008e+00   5.5231762e+00   1.5660950e+00
   1.9980000e+03   2.0000000e+00   1.0000000e+00   1.1000000e+01   2.5000000e+01   5.5000000e+01  -5.3384725e+01  -3.8499939e+01   4.9037635e+02   1.1057055e+01   2.8349289e+01   1.5254208e+01
   1.9980000e+03   2.0000000e+00   1.0000000e+00   1.1000000e+01   2.7000000e+01   3.5000000e+01  -5.3380247e+01  -3.8500201e+01   4.9792993e+02   8.7771675e+00   2.2503864e+01   1.4723323e+01
   1.9980000e+03   2.0000000e+00   1.0000000e+00   1.1000000e+01   2.9000000e+01   1.4000099e+01  -5.3375756e+01  -3.8500496e+01   4.9946653e+02   5.4160612e+00   1.3886291e+01   8.4252875e+00
   1.9980000e+03   2.0000000e+00   1.0000000e+00   1.1000000e+01   3.0000000e+01   5.2000000e+01  -5.3371305e+01  -3.8500800e+01   4.9499195e+02   4.4137119e+00   1.1316358e+01   3.6137824e+00
   1.9980000e+03   2.0000000e+00   1.0000000e+00   1.1000000e+01   3.2000000e+01   2.9000099e+01  -5.3366846e+01  -3.8501006e+01   4.9564118e+02   4.3329399e+00   1.1109266e+01   8.7154789e+00
   1.9980000e+03   2.0000000e+00   1.0000000e+00   1.1000000e+01   3.4000000e+01   7.0000000e+00  -5.3362386e+01  -3.8501199e+01   4.9576040e+02   5.6883592e+00   1.5009878e+01   1.2289897e+01
   1.9980000e+03   2.0000000e+00   1.0000000e+00   1.1000000e+01   3.5000000e+01   4.3000099e+01  -5.3357863e+01  -3.8501387e+01   5.0276854e+02   3.4495182e+00   8.8442527e+00   5.3218516e+00
   1.9980000e+03   2.0000000e+00   1.0000000e+00   1.1000000e+01   3.7000000e+01   1.7000000e+01  -5.3353375e+01  -3.8501480e+01   4.9867061e+02   2.4947191e+00   7.7054370e+00   4.5039827e+00
   1.9980000e+03   2.0000000e+00   1.0000000e+00   1.1000000e+01   3.8000000e+01   5.2000000e+01  -5.3348925e+01  -3.8502101e+01   4.9619603e+02   1.7217756e+00   5.0330100e+00   2.8618394e+00
   1.9980000e+03   2.0000000e+00   1.0000000e+00   1.1000000e+01   4.0000000e+01   3.0000099e+01  -5.3344497e+01  -3.8503118e+01   4.9673129e+02   1.6007900e+00   4.1042808e+00   2.4485642e+00
   1.9980000e+03   2.0000000e+00   1.0000000e+00   1.1000000e+01   4.2000000e+01   9.0000000e+00  -5.3340067e+01  -3.8503846e+01   4.9461411e+02   1.8820017e+00   4.9282077e+00   1.3169609e-01
   1.9980000e+03   2.0000000e+00   1.0000000e+00   1.1000000e+01   4.3000000e+01   4.8000000e+01  -5.3335624e+01  -3.8504610e+01   4.9632954e+02   1.6111912e+00   4.2092800e+00   3.5870261e-01
   1.9980000e+03   2.0000000e+00   1.0000000e+00   1.1000000e+01   4.5000000e+01   2.8000000e+01  -5.3331177e+01  -3.8505380e+01   4.9671167e+02   1.6999973e+00   4.3586394e+00   2.2992435e+00
   1.9980000e+03   2.0000000e+00   1.0000000e+00   1.1000000e+01   4.7000000e+01   9.0000000e+00  -5.3326781e+01  -3.8506206e+01   4.9151713e+02   9.1531146e-01   2.5016649e+00   2.6664073e-01
   1.9980000e+03   2.0000000e+00   1.0000000e+00   1.1000000e+01   4.8000000e+01   4.9999901e+01  -5.3322277e+01  -3.8507040e+01   5.0355156e+02   7.9778210e-01   2.1658442e+00   2.2822514e-01
   1.9980000e+03   2.0000000e+00   1.0000000e+00   1.1000000e+01   5.0000000e+01   3.0000099e+01  -5.3317798e+01  -3.8507850e+01   5.0068826e+02   2.5426000e+00   6.5189964e+00   2.2572764e-01
   1.9980000e+03   2.0000000e+00   1.0000000e+00   1.1000000e+01   5.2000000e+01   1.2000099e+01  -5.3313438e+01  -3.8508680e+01   4.8760622e+02   2.1276852e+00   6.8182018e+00   2.4279095e-01
   1.9980000e+03   2.0000000e+00   1.0000000e+00   1.1000000e+01   5.3000000e+01   5.4000099e+01  -5.3308938e+01  -3.8509481e+01   5.0282357e+02   1.0326106e+00   3.5952357e+00   1.5199734e-01
   1.9980000e+03   2.0000000e+00   1.0000000e+00   1.1000000e+01   5.5000000e+01   3.8000000e+01  -5.3304618e+01  -3.8510916e+01   4.8939493e+02   1.1881213e+00   3.0462356e+00   1.0753377e+00
   1.9980000e+03   2.0000000e+00   1.0000000e+00   1.1000000e+01   5.7000000e+01   2.2000000e+01  -5.3300198e+01  -3.8512440e+01   5.0151584e+02   1.2427987e+00   3.6425767e+00   1.1939077e+00
   1.9980000e+03   2.0000000e+00   1.0000000e+00   1.1000000e+01   5.9000000e+01   4.0000000e+00  -5.3295813e+01  -3.8513875e+01   4.9645083e+02   1.0234763e+00   2.6241007e+00   1.3352730e+00
   1.9980000e+03   2.0000000e+00   1.0000000e+00   1.2000000e+01   0.0000000e+00   4.7000000e+01  -5.3291378e+01  -3.8515381e+01   5.0281950e+02   6.7060490e-01   1.7193703e+00   5.3792683e-01
   1.9980000e+03   2.0000000e+00   1.0000000e+00   1.2000000e+01   2.0000000e+00   2.8000000e+01  -5.3287076e+01  -3.8516783e+01   4.8708693e+02   1.1696640e+00   2.9989128e+00   2.3101542e+00
   1.9980000e+03   2.0000000e+00   1.0000000e+00   1.2000000e+01   4.0000000e+00   8.0000000e+00  -5.3282706e+01  -3.8518246e+01   4.9519889e+02   1.1232215e+00   3.2277014e+00   0.0000000e+00
   1.9980000e+03   2.0000000e+00   1.0000000e+00   1.2000000e+01   5.0000000e+00   4.8000000e+01  -5.3278269e+01  -3.8519638e+01   5.0166983e+02   7.2392705e-01   2.0924631e+00   0.0000000e+00
   1.9980000e+03   2.0000000e+00   1.0000000e+00   1.2000000e+01   7.0000000e+00   2.8000099e+01  -5.3273919e+01  -3.8520953e+01   4.9115702e+02   1.1217019e+00   3.2022889e+00   1.0848716e+00
   1.9980000e+03   2.0000000e+00   1.0000000e+00   1.2000000e+01   9.0000000e+00   1.2000000e+01  -5.3269529e+01  -3.8522310e+01   4.9608655e+02   1.8782233e+00   4.9835011e+00   3.9698624e-01
   1.9980000e+03   2.0000000e+00   1.0000000e+00   1.2000000e+01   1.0000000e+01   5.5000000e+01  -5.3265159e+01  -3.8524045e+01   4.9908395e+02   7.8134105e-01   2.3632706e+00   2.2929738e-01
   1.9980000e+03   2.0000000e+00   1.0000000e+00   1.2000000e+01   1.2000000e+01   3.3999901e+01  -5.3260780e+01  -3.8525820e+01   5.0076651e+02   2.0963733e+00   5.8169076e+00   0.0000000e+00
   1.9980000e+03   2.0000000e+00   1.0000000e+00   1.2000000e+01   1.4000000e+01   1.2000000e+01  -5.3256479e+01  -3.8527500e+01   4.9070333e+02   1.0942535e+00   3.2040210e+00   1.6677276e-01
   1.9980000e+03   2.0000000e+00   1.0000000e+00   1.2000000e+01   1.5000000e+01   5.0000000e+01  -5.3252090e+01  -3.8529235e+01   5.0123328e+02   1.1823876e+00   3.1626017e+00   4.0647599e-01
   1.9980000e+03   2.0000000e+00   1.0000000e+00   1.2000000e+01   1.7000000e+01   3.2000000e+01  -5.3247760e+01  -3.8530910e+01   4.9384613e+02   2.4258742e+00   6.7920328e+00   9.3334523e-01
   1.9980000e+03   2.0000000e+00   1.0000000e+00   1.2000000e+01   1.9000000e+01   1.7000000e+01  -5.3243390e+01  -3.8532630e+01   4.9888058e+02   5.8020210e+00   1.5406855e+01   2.6277566e-01
   1.9980000e+03   2.0000000e+00   1.0000000e+00   1.2000000e+01   2.1000000e+01   1.0000000e+00  -5.3238950e+01  -3.8534210e+01   5.0438195e+02   4.8791118e+00   1.2823062e+01   0.0000000e+00
   1.9980000e+03   2.0000000e+00   1.0000000e+00   1.2000000e+01   2.2000000e+01   4.5000000e+01  -5.3234490e+01  -3.8535585e+01   5.0396998e+02   6.1955643e+00   1.5884867e+01   0.0000000e+00
