   1.9980000e+03   1.0000000e+00   3.1000000e+01   8.0000000e+00   3.0000000e+00   1.5000000e+01  -5.3271253e+01  -3.8830420e+01   4.9594077e+02   1.2124938e+00   4.2420662e+00   4.4111604e-01
   1.9980000e+03   1.0000000e+00   3.1000000e+01   8.0000000e+00   4.0000000e+00   5.4000099e+01  -5.3275652e+01  -3.8829274e+01   4.9479736e+02   2.6053281e+00   6.9232723e+00   2.4444408e-01
   1.9980000e+03   1.0000000e+00   3.1000000e+01   8.0000000e+00   6.0000000e+00   3.4000000e+01  -5.3280026e+01  -3.8827681e+01   4.9733362e+02   1.0552910e+00   3.1291531e+00   9.9407670e-01
   1.9980000e+03   1.0000000e+00   3.1000000e+01   8.0000000e+00   8.0000000e+00   1.4000000e+01  -5.3284395e+01  -3.8826114e+01   4.9659611e+02   5.0590779e-01   1.2971018e+00   2.4689491e-01
   1.9980000e+03   1.0000000e+00   3.1000000e+01   8.0000000e+00   9.0000000e+00   5.3000000e+01  -5.3288822e+01  -3.8824499e+01   5.0346454e+02   7.6274427e-01   1.9556073e+00   3.2703063e-01
   1.9980000e+03   1.0000000e+00   3.1000000e+01   8.0000000e+00   1.1000000e+01   3.0000000e+01  -5.3293232e+01  -3.8823019e+01   4.9980218e+02   1.0230576e+00   2.8454995e+00   0.0000000e+00
   1.9980000e+03   1.0000000e+00   3.1000000e+01   8.0000000e+00   1.3000000e+01   8.0000000e+00  -5.3297612e+01  -3.8821709e+01   4.9438864e+02   1.2562024e+00   3.2207894e+00   4.2748966e-01
   1.9980000e+03   1.0000000e+00   3.1000000e+01   8.0000000e+00   1.4000000e+01   4.5000000e+01  -5.3301952e+01  -3.8820339e+01   4.9075368e+02   1.6199786e+00   4.5803369e+00   8.2399006e-01
   1.9980000e+03   1.0000000e+00   3.1000000e+01   8.0000000e+00   1.6000000e+01   2.3000000e+01  -5.3306312e+01  -3.8818980e+01   4.9281802e+02   1.0813605e+00   2.7725105e+00   1.9053768e-01
   1.9980000e+03   1.0000000e+00   3.1000000e+01   8.0000000e+00   1.8000000e+01   9.9182129e-05  -5.3310671e+01  -3.8817635e+01   4.9261684e+02   5.8735161e+00   3.8833201e+01   3.1826942e-01
   1.9980000e+03   1.0000000e+00   3.1000000e+01   8.0000000e+00   1.9000000e+01   3.8000000e+01  -5.3315051e+01  -3.8816269e+01   4.9506489e+02   1.4456232e+00   3.7064472e+00   1.6139630e-01
   1.9980000e+03   1.0000000e+00   3.1000000e+01   8.0000000e+00   2.1000000e+01   1.6000000e+01  -5.3319431e+01  -3.8814932e+01   4.9473027e+02   4.8439169e-01   1.7329950e+00   1.5062469e-01
   1.9980000e+03   1.0000000e+00   3.1000000e+01   8.0000000e+00   2.2000000e+01   5.4000099e+01  -5.3323861e+01  -3.8813607e+01   5.0001667e+02   6.4098801e-01   1.8694086e+00   0.0000000e+00
   1.9980000e+03   1.0000000e+00   3.1000000e+01   8.0000000e+00   2.4000000e+01   3.0000000e+01  -5.3328256e+01  -3.8812255e+01   4.9656924e+02   1.8041446e+00   5.1061148e+00   9.5298540e-02
   1.9980000e+03   1.0000000e+00   3.1000000e+01   8.0000000e+00   2.6000000e+01   9.0000000e+00  -5.3332681e+01  -3.8810965e+01   4.9908264e+02   5.6142807e+00   1.4394508e+01   1.1271104e+01
   1.9980000e+03   1.0000000e+00   3.1000000e+01   8.0000000e+00   2.7000000e+01   4.8000000e+01  -5.3337091e+01  -3.8809660e+01   4.9760024e+02   3.3930963e+00   1.3771946e+01   6.1058485e+00
   1.9980000e+03   1.0000000e+00   3.1000000e+01   8.0000000e+00   2.9000000e+01   2.6000000e+01  -5.3341470e+01  -3.8808355e+01   4.9433161e+02   1.0839258e+00   2.7790878e+00   1.6395567e+00
   1.9980000e+03   1.0000000e+00   3.1000000e+01   8.0000000e+00   3.1000000e+01   5.0000000e+00  -5.3345840e+01  -3.8806870e+01   4.9548680e+02   1.1330896e+00   2.9051393e+00   1.2907257e-01
   1.9980000e+03   1.0000000e+00   3.1000000e+01   8.0000000e+00   3.2000000e+01   4.4000000e+01  -5.3350160e+01  -3.8805165e+01   4.9313535e+02   1.7604493e+00   4.7057315e+00   2.0842161e-01
   1.9980000e+03   1.0000000e+00   3.1000000e+01   8.0000000e+00   3.4000000e+01   2.5000000e+01  -5.3354575e+01  -3.8803565e+01   5.0194150e+02   1.2640669e+00   3.5874581e+00   1.7303155e+00
   1.9980000e+03   1.0000000e+00   3.1000000e+01   8.0000000e+00   3.6000000e+01   8.0000000e+00  -5.3358980e+01  -3.8802020e+01   5.0008070e+02   4.5101212e-01   2.4465220e+00   2.4460701e-01
   1.9980000e+03   1.0000000e+00   3.1000000e+01   8.0000000e+00   3.7000000e+01   4.9000000e+01  -5.3363300e+01  -3.8800638e+01   4.8868178e+02   8.5753917e-01   2.6067811e+00   1.2008817e-01
   1.9980000e+03   1.0000000e+00   3.1000000e+01   8.0000000e+00   3.9000000e+01   3.0000000e+01  -5.3367665e+01  -3.8799110e+01   4.9548836e+02   1.9699271e+00   5.0507148e+00   5.6582667e-01
   1.9980000e+03   1.0000000e+00   3.1000000e+01   8.0000000e+00   4.1000000e+01   1.2000000e+01  -5.3372099e+01  -3.8797720e+01   5.0135339e+02   2.6844282e+00   6.8826312e+00   4.1945127e+00
   1.9980000e+03   1.0000000e+00   3.1000000e+01   8.0000000e+00   4.2000000e+01   5.2000000e+01  -5.3376489e+01  -3.8796430e+01   4.9522938e+02   2.4848738e+00   6.8367596e+00   4.5478452e+00
   1.9980000e+03   1.0000000e+00   3.1000000e+01   8.0000000e+00   4.4000000e+01   2.9000000e+01  -5.3380849e+01  -3.8795133e+01   4.9205324e+02   7.3682139e-01   2.1000074e+00   0.0000000e+00
   1.9980000e+03   1.0000000e+00   3.1000000e+01   8.0000000e+00   4.6000000e+01   5.0000000e+00  -5.3385274e+01  -3.8793865e+01   4.9878766e+02   1.1994592e+00   3.1213360e+00   1.3773194e-01
   1.9980000e+03   1.0000000e+00   3.1000000e+01   8.0000000e+00   4.7000000e+01   4.1000000e+01  -5.3389709e+01  -3.8792656e+01   4.9929816e+02   6.8788600e-01   2.1778811e+00   1.5191078e-01
   1.9980000e+03   1.0000000e+00   3.1000000e+01   8.0000000e+00   4.9000000e+01   1.7000099e+01  -5.3394059e+01  -3.8791421e+01   4.9025081e+02   1.0721118e+00   2.8915871e+00   0.0000000e+00
   1.9980000e+03   1.0000000e+00   3.1000000e+01   8.0000000e+00   5.0000000e+01   5.6000000e+01  -5.3398476e+01  -3.8790273e+01   4.9666361e+02   3.5435771e+00   9.0854114e+00   1.4286244e+00
   1.9980000e+03   1.0000000e+00   3.1000000e+01   8.0000000e+00   5.2000000e+01   3.6000000e+01  -5.3402915e+01  -3.8789120e+01   4.9922679e+02   1.1100395e+00   2.8460410e+00   1.1738835e+00
   1.9980000e+03   1.0000000e+00   3.1000000e+01   8.0000000e+00   5.4000000e+01   1.7000000e+01  -5.3407288e+01  -3.8788000e+01   4.9154829e+02   1.0863113e+00   3.3276479e+00   7.6493717e-01
   1.9980000e+03   1.0000000e+00   3.1000000e+01   8.0000000e+00   5.6000000e+01   0.0000000e+00  -5.3411668e+01  -3.8786840e+01   4.9270474e+02   1.2244576e+00   3.1393986e+00   2.5675806e-01
   1.9980000e+03   1.0000000e+00   3.1000000e+01   8.0000000e+00   5.7000000e+01   4.2000000e+01  -5.3416068e+01  -3.8785551e+01   4.9631008e+02   3.0392617e+00   7.7923923e+00   3.3754837e+00
   1.9980000e+03   1.0000000e+00   3.1000000e+01   8.0000000e+00   5.9000000e+01   2.5000000e+01  -5.3420478e+01  -3.8784301e+01   4.9698185e+02   9.0463078e-01   2.6067837e+00   1.1620486e-01
   1.9980000e+03   1.0000000e+00   3.1000000e+01   9.0000000e+00   1.0000000e+00   6.0000000e+00  -5.3424905e+01  -3.8783090e+01   4.9837182e+02   2.7054116e+00   7.3711952e+00   3.1116994e+00
   1.9980000e+03   1.0000000e+00   3.1000000e+01   9.0000000e+00   2.0000000e+00   4.5000000e+01  -5.3429308e+01  -3.8781900e+01   4.9557040e+02   2.6111248e+00   6.6946878e+00   1.9915577e+00
   1.9980000e+03   1.0000000e+00   3.1000000e+01   9.0000000e+00   4.0000000e+00   2.4000000e+01  -5.3433718e+01  -3.8780694e+01   4.9649291e+02   4.8679146e+00   1.2480893e+01   5.4553693e+00
   1.9980000e+03   1.0000000e+00   3.1000000e+01   9.0000000e+00   6.0000000e+00   4.0000000e+00  -5.3438109e+01  -3.8779478e+01   4.9457275e+02   2.1555637e+00   5.7829375e+00   9.8666311e-02
   1.9980000e+03   1.0000000e+00   3.1000000e+01   9.0000000e+00   7.0000000e+00   4.4000000e+01  -5.3442499e+01  -3.8778228e+01   4.9478346e+02   1.4019628e+00   3.7417827e+00   9.6736112e-02
   1.9980000e+03   1.0000000e+00   3.1000000e+01   9.0000000e+00   9.0000000e+00   2.5000000e+01  -5.3446907e+01  -3.8776906e+01   4.9758644e+02   1.9902443e+00   5.1028065e+00   2.1334674e+00
   1.9980000e+03   1.0000000e+00   3.1000000e+01   9.0000000e+00   1.1000000e+01   6.0000000e+00  -5.3451327e+01  -3.8775510e+01   4.9972808e+02   1.4287958e+00   6.0554282e+00   8.7616271e-01
   1.9980000e+03   1.0000000e+00   3.1000000e+01   9.0000000e+00   1.2000000e+01   4.7000000e+01  -5.3455697e+01  -3.8774100e+01   4.9447477e+02   1.3786023e+00   3.6802476e+00   4.5554989e-01
   1.9980000e+03   1.0000000e+00   3.1000000e+01   9.0000000e+00   1.4000000e+01   3.0000000e+01  -5.3460047e+01  -3.8772592e+01   4.9355206e+02   2.3104526e+00   6.0012740e+00   8.1348450e-01
   1.9980000e+03   1.0000000e+00   3.1000000e+01   9.0000000e+00   1.6000000e+01   1.2000000e+01  -5.3464426e+01  -3.8771103e+01   4.9654403e+02   1.3352042e+00   3.4706091e+00   2.2812734e+00
   1.9980000e+03   1.0000000e+00   3.1000000e+01   9.0000000e+00   1.7000000e+01   5.4000000e+01  -5.3468776e+01  -3.8769638e+01   4.9298141e+02   1.4457566e+00   5.4650186e+00   1.9107575e+00
   1.9980000e+03   1.0000000e+00   3.1000000e+01   9.0000000e+00   1.9000000e+01   3.5000000e+01  -5.3473116e+01  -3.8768100e+01   4.9285340e+02   6.2352322e-01   2.3913155e+00   9.8214418e-02
   1.9980000e+03   1.0000000e+00   3.1000000e+01   9.0000000e+00   2.1000000e+01   1.6000000e+01  -5.3477513e+01  -3.8766664e+01   4.9767216e+02   1.3105958e+00   3.3602491e+00   3.1847096e-01
   1.9980000e+03   1.0000000e+00   3.1000000e+01   9.0000000e+00   2.2000000e+01   5.6000000e+01  -5.3481892e+01  -3.8765137e+01   4.9706360e+02   1.7578173e+00   4.5068845e+00   1.8040258e+00
   1.9980000e+03   1.0000000e+00   3.1000000e+01   9.0000000e+00   2.4000000e+01   3.7000000e+01  -5.3486286e+01  -3.8763662e+01   4.9781862e+02   1.3717856e+00   3.6339742e+00   1.9135418e+00
   1.9980000e+03   1.0000000e+00   3.1000000e+01   9.0000000e+00   2.6000000e+01   1.9000000e+01  -5.3490626e+01  -3.8762207e+01   4.9174881e+02   2.0590053e+00   5.5398890e+00   4.2607797e+00
   1.9980000e+03   1.0000000e+00   3.1000000e+01   9.0000000e+00   2.7000000e+01   5.9000000e+01  -5.3495006e+01  -3.8760660e+01   4.9733689e+02   2.1411579e+00   5.4897352e+00   3.0608506e+00
   1.9980000e+03   1.0000000e+00   3.1000000e+01   9.0000000e+00   2.9000000e+01   3.9000000e+01  -5.3499395e+01  -3.8759080e+01   4.9883358e+02   2.1571187e+00   5.5306572e+00   3.1223365e+00
   1.9980000e+03   1.0000000e+00   3.1000000e+01   9.0000000e+00   3.1000000e+01   1.9000000e+01  -5.3503785e+01  -3.8757487e+01   4.9903891e+02   1.5427455e+00   3.9554599e+00   1.7734740e+00
   1.9980000e+03   1.0000000e+00   3.1000000e+01   9.0000000e+00   3.2000000e+01   5.7000000e+01  -5.3508145e+01  -3.8755964e+01   4.9483863e+02   1.3161860e+00   4.1924891e+00   1.2725736e-01
   1.9980000e+03   1.0000000e+00   3.1000000e+01   9.0000000e+00   3.4000000e+01   3.6000099e+01  -5.3512555e+01  -3.8754501e+01   4.9943285e+02   1.3453884e+00   3.4494541e+00   1.3241446e-01
   1.9980000e+03   1.0000000e+00   3.1000000e+01   9.0000000e+00   3.6000000e+01   1.6000000e+01  -5.3516935e+01  -3.8753038e+01   4.9622027e+02   7.2674575e-01   4.5617826e+00   2.6788800e+00
   1.9980000e+03   1.0000000e+00   3.1000000e+01   9.0000000e+00   3.7000000e+01   5.5000000e+01  -5.3521285e+01  -3.8751595e+01   4.9267353e+02   1.5332382e+00   3.9310840e+00   7.3233594e-01
   1.9980000e+03   1.0000000e+00   3.1000000e+01   9.0000000e+00   3.9000000e+01   3.4000000e+01  -5.3525695e+01  -3.8749947e+01   5.0207205e+02   9.3233224e-01   2.5529342e+00   9.9289372e-01
   1.9980000e+03   1.0000000e+00   3.1000000e+01   9.0000000e+00   4.1000000e+01   1.2000000e+01  -5.3530003e+01  -3.8748423e+01   4.8911901e+02   2.5770630e+00   6.8143533e+00   2.1616914e+00
   1.9980000e+03   1.0000000e+00   3.1000000e+01   9.0000000e+00   4.2000000e+01   5.2000000e+01  -5.3534353e+01  -3.8746803e+01   4.9506203e+02   1.0773266e+00   2.7621679e+00   1.2627512e+00
   1.9980000e+03   1.0000000e+00   3.1000000e+01   9.0000000e+00   4.4000000e+01   3.5000000e+01  -5.3538724e+01  -3.8745070e+01   4.9902168e+02   5.4911409e-01   1.5221434e+00   4.5051245e-01
   1.9980000e+03   1.0000000e+00   3.1000000e+01   9.0000000e+00   4.6000000e+01   1.6000000e+01  -5.3543050e+01  -3.8743480e+01   4.9203037e+02   1.6694595e+00   4.3545898e+00   2.0207780e+00
   1.9980000e+03   1.0000000e+00   3.1000000e+01   9.0000000e+00   4.7000000e+01   5.6000000e+01  -5.3547430e+01  -3.8741794e+01   4.9925281e+02   1.2143136e+00   3.1133903e+00   7.8496346e-01
   1.9980000e+03   1.0000000e+00   3.1000000e+01   9.0000000e+00   4.9000000e+01   3.6000000e+01  -5.3551754e+01  -3.8740058e+01   4.9393757e+02   2.2967670e+00   5.9638310e+00   2.7871748e+00
   1.9980000e+03   1.0000000e+00   3.1000000e+01   9.0000000e+00   5.1000000e+01   1.7000000e+01  -5.3556134e+01  -3.8738593e+01   4.9622058e+02   2.4261590e+00   6.2204524e+00   4.2036927e+00
   1.9980000e+03   1.0000000e+00   3.1000000e+01   9.0000000e+00   5.2000000e+01   5.9000000e+01  -5.3560513e+01  -3.8737190e+01   4.9541804e+02   1.2921054e+00   3.3128415e+00   1.6586613e+00
   1.9980000e+03   1.0000000e+00   3.1000000e+01   9.0000000e+00   5.4000000e+01   4.0000000e+01  -5.3564933e+01  -3.8735793e+01   4.9970285e+02   3.0911029e+00   7.9253082e+00   3.7158373e+00
   1.9980000e+03   1.0000000e+00   3.1000000e+01   9.0000000e+00   5.6000000e+01   2.1000000e+01  -5.3569313e+01  -3.8734323e+01   4.9628942e+02   3.8159728e+01   1.4526397e+02   1.3877759e+02
   1.9980000e+03   1.0000000e+00   3.1000000e+01   9.0000000e+00   5.8000000e+01   1.0000992e+00  -5.3573643e+01  -3.8732804e+01   4.9143921e+02   3.0623532e+00   7.8515966e+00   2.6039056e+00
   1.9980000e+03   1.0000000e+00   3.1000000e+01   9.0000000e+00   5.9000000e+01   4.1000000e+01  -5.3578043e+01  -3.8731424e+01   4.9732015e+02   5.4455039e+00   1.4939826e+01   2.4198238e+00
   1.9980000e+03   1.0000000e+00   3.1000000e+01   1.0000000e+01   1.0000000e+00   2.1000000e+01  -5.3582393e+01  -3.8729956e+01   4.9298617e+02   6.1511790e+01   1.5776608e+02   1.8158302e+00
   1.9980000e+03   1.0000000e+00   3.1000000e+01   1.0000000e+01   3.0000000e+00   1.0000000e+00  -5.3586792e+01  -3.8728570e+01   4.9736418e+02   1.0841388e+00   2.7796339e+00   4.8661256e-01
   1.9980000e+03   1.0000000e+00   3.1000000e+01   1.0000000e+01   4.0000000e+00   4.2000000e+01  -5.3591220e+01  -3.8727182e+01   5.0048720e+02   8.9864601e-01   2.6726392e+00   4.9291615e-01
   1.9980000e+03   1.0000000e+00   3.1000000e+01   1.0000000e+01   6.0000000e+00   2.5000000e+01  -5.3595582e+01  -3.8725781e+01   4.9342507e+02   5.0859956e-01   1.5527571e+00   5.8398557e-01
   1.9980000e+03   1.0000000e+00   3.1000000e+01   1.0000000e+01   8.0000000e+00   9.0000000e+00  -5.3599943e+01  -3.8724320e+01   4.9398552e+02   6.6513283e-01   1.8281094e+00   1.3485846e+00
   1.9980000e+03   1.0000000e+00   3.1000000e+01   1.0000000e+01   9.0000000e+00   5.2000000e+01  -5.3604342e+01  -3.8722812e+01   4.9887329e+02   7.4405631e-01   1.9076931e+00   1.2731456e+00
   1.9980000e+03   1.0000000e+00   3.1000000e+01   1.0000000e+01   1.1000000e+01   3.4000099e+01  -5.3608732e+01  -3.8721350e+01   4.9729564e+02   1.6086250e+00   4.5217317e+00   1.6490197e+00
   1.9980000e+03   1.0000000e+00   3.1000000e+01   1.0000000e+01   1.3000000e+01   1.2000000e+01  -5.3613090e+01  -3.8720002e+01   4.9224428e+02   2.3460622e+01   6.0150913e+01   4.5496523e+01
   1.9980000e+03   1.0000000e+00   3.1000000e+01   1.0000000e+01   1.4000000e+01   5.1000000e+01  -5.3617527e+01  -3.8718735e+01   5.0012319e+02   3.1666173e+00   8.2202129e+00   2.1947904e+00
   1.9980000e+03   1.0000000e+00   3.1000000e+01   1.0000000e+01   1.6000000e+01   3.0000099e+01  -5.3621962e+01  -3.8717427e+01   5.0024463e+02   5.5791608e-01   1.4986249e+01   0.0000000e+00
   1.9980000e+03   1.0000000e+00   3.1000000e+01   1.0000000e+01   1.8000000e+01   7.0000000e+00  -5.3626401e+01  -3.8716122e+01   5.0077451e+02   4.4830894e-01   1.1494236e+00   0.0000000e+00
   1.9980000e+03   1.0000000e+00   3.1000000e+01   1.0000000e+01   1.9000000e+01   4.5000099e+01  -5.3630751e+01  -3.8714854e+01   4.9053841e+02   1.8688469e+00   1.0632270e+02   1.0198579e+02
   1.9980000e+03   1.0000000e+00   3.1000000e+01   1.0000000e+01   2.1000000e+01   2.1000000e+01  -5.3635146e+01  -3.8713569e+01   4.9567990e+02   6.5807765e+00   1.8116313e+01   2.2049263e+00
   1.9980000e+03   1.0000000e+00   3.1000000e+01   1.0000000e+01   2.2000000e+01   5.7000000e+01  -5.3639518e+01  -3.8712300e+01   4.9297275e+02   3.3926904e+00   1.0160869e+01   0.0000000e+00
   1.9980000e+03   1.0000000e+00   3.1000000e+01   1.0000000e+01   2.4000000e+01   3.6000000e+01  -5.3643951e+01  -3.8711030e+01   4.9957672e+02   5.5935390e-01   1.4341328e+00   3.3077519e-01
   1.9980000e+03   1.0000000e+00   3.1000000e+01   1.0000000e+01   2.6000000e+01   1.5000000e+01  -5.3648333e+01  -3.8709875e+01   4.9290076e+02   7.7569769e-01   2.2451024e+00   0.0000000e+00
   1.9980000e+03   1.0000000e+00   3.1000000e+01   1.0000000e+01   2.7000000e+01   5.2000000e+01  -5.3652730e+01  -3.8708665e+01   4.9504947e+02   6.3338122e-01   1.9217145e+00   3.5309786e-01
   1.9980000e+03   1.0000000e+00   3.1000000e+01   1.0000000e+01   2.9000000e+01   3.0000000e+01  -5.3657183e+01  -3.8707475e+01   5.0094079e+02   3.3058328e+00   5.9278174e+01   3.6169062e-01
   1.9980000e+03   1.0000000e+00   3.1000000e+01   1.0000000e+01   3.1000000e+01   7.0000992e+00  -5.3661600e+01  -3.8706312e+01   4.9678096e+02   3.0861273e+00   8.3595449e+00   2.3215517e+00
   1.9980000e+03   1.0000000e+00   3.1000000e+01   1.0000000e+01   3.2000000e+01   4.5000000e+01  -5.3666020e+01  -3.8705138e+01   4.9717343e+02   2.8071528e+00   7.3196454e+00   3.2915393e+00
   1.9980000e+03   1.0000000e+00   3.1000000e+01   1.0000000e+01   3.4000000e+01   2.5000000e+01  -5.3670420e+01  -3.8703927e+01   4.9537481e+02   8.3857896e-01   2.6304828e+00   0.0000000e+00
   1.9980000e+03   1.0000000e+00   3.1000000e+01   1.0000000e+01   3.6000000e+01   6.0000000e+00  -5.3674885e+01  -3.8702760e+01   5.0204390e+02   1.3544581e+00   3.8406846e+00   1.0357132e+00
   1.9980000e+03   1.0000000e+00   3.1000000e+01   1.0000000e+01   3.7000000e+01   4.6000099e+01  -5.3679245e+01  -3.8701575e+01   4.9068940e+02   1.0142623e+00   2.6004767e+00   1.3733912e+00
   1.9980000e+03   1.0000000e+00   3.1000000e+01   1.0000000e+01   3.9000000e+01   2.7000000e+01  -5.3683570e+01  -3.8700395e+01   4.8683809e+02   6.8087875e+00   1.7786000e+01   0.0000000e+00
   1.9980000e+03   1.0000000e+00   3.1000000e+01   1.0000000e+01   4.1000000e+01   1.0000099e+01  -5.3688022e+01  -3.8699195e+01   5.0098360e+02   1.4514420e+00   4.3811021e+00   0.0000000e+00
   1.9980000e+03   1.0000000e+00   3.1000000e+01   1.0000000e+01   4.2000000e+01   5.0000000e+01  -5.3692452e+01  -3.8697945e+01   4.9905827e+02   3.7556469e-01   1.0297092e+00   1.0656744e-01
   1.9980000e+03   1.0000000e+00   3.1000000e+01   1.0000000e+01   4.4000000e+01   2.8000000e+01  -5.3696809e+01  -3.8696610e+01   4.9210730e+02   6.5578719e-01   1.6813790e+00   4.8936168e-01
   1.9980000e+03   1.0000000e+00   3.1000000e+01   1.0000000e+01   4.6000000e+01   7.0000000e+00  -5.3701219e+01  -3.8695286e+01   4.9772551e+02   1.2630653e+00   3.3950360e+00   2.9524960e-01
   1.9980000e+03   1.0000000e+00   3.1000000e+01   1.0000000e+01   4.7000000e+01   4.6000000e+01  -5.3705599e+01  -3.8693881e+01   4.9538417e+02   4.5127873e-01   1.1570379e+00   2.6301710e-01
   1.9980000e+03   1.0000000e+00   3.1000000e+01   1.0000000e+01   4.9000000e+01   2.5000000e+01  -5.3709961e+01  -3.8692548e+01   4.9259053e+02   1.2416113e+00   3.1833790e+00   7.7111347e-01
   1.9980000e+03   1.0000000e+00   3.1000000e+01   1.0000000e+01   5.1000000e+01   3.0000000e+00  -5.3714289e+01  -3.8691220e+01   4.8873295e+02   8.8262247e+00   2.2629642e+01   8.1980633e-02
   1.9980000e+03   1.0000000e+00   3.1000000e+01   1.0000000e+01   5.2000000e+01   4.2000000e+01  -5.3718648e+01  -3.8689586e+01   4.9625160e+02   1.3358761e+00   3.4937320e+00   0.0000000e+00
   1.9980000e+03   1.0000000e+00   3.1000000e+01   1.0000000e+01   5.4000000e+01   2.0000000e+01  -5.3723038e+01  -3.8687982e+01   4.9902562e+02   7.2043230e-01   1.9362676e+00   0.0000000e+00
   1.9980000e+03   1.0000000e+00   3.1000000e+01   1.0000000e+01   5.5000000e+01   5.8000099e+01  -5.3727468e+01  -3.8686380e+01   5.0337409e+02   3.4456671e+00   9.2397683e+00   1.0317620e+00
   1.9980000e+03   1.0000000e+00   3.1000000e+01   1.0000000e+01   5.7000000e+01   3.6000000e+01  -5.3731848e+01  -3.8684776e+01   4.9803435e+02   4.3593856e+00   1.5605324e+01   5.9826272e+00
   1.9980000e+03   1.0000000e+00   3.1000000e+01   1.0000000e+01   5.9000000e+01   1.1000099e+01  -5.3736153e+01  -3.8683256e+01   4.8863951e+02   3.1563813e+00   8.6177371e+00   3.2976520e+00
   1.9980000e+03   1.0000000e+00   3.1000000e+01   1.1000000e+01   0.0000000e+00   4.6000000e+01  -5.3740512e+01  -3.8681657e+01   4.9572589e+02   1.6805699e+00   5.1585378e+00   2.0648581e+00
   1.9980000e+03   1.0000000e+00   3.1000000e+01   1.1000000e+01   2.0000000e+00   2.1000000e+01  -5.3744892e+01  -3.8680091e+01   4.9744194e+02   6.2373306e-01   1.9095316e+00   5.5754833e-01
   1.9980000e+03   1.0000000e+00   3.1000000e+01   1.1000000e+01   3.0000000e+00   5.6000000e+01  -5.3749242e+01  -3.8678511e+01   4.9439636e+02   4.5873476e-01   1.1761544e+00   7.3883217e-01
   1.9980000e+03   1.0000000e+00   3.1000000e+01   1.1000000e+01   5.0000000e+00   3.2000000e+01  -5.3753624e+01  -3.8676856e+01   4.9893858e+02   7.9411623e-01   2.0360422e+00   6.8039708e-01
   1.9980000e+03   1.0000000e+00   3.1000000e+01   1.1000000e+01   7.0000000e+00   8.0000000e+00  -5.3758027e+01  -3.8675241e+01   5.0055997e+02   1.3686206e+00   3.5640805e+00   1.3225682e+00
   1.9980000e+03   1.0000000e+00   3.1000000e+01   1.1000000e+01   8.0000000e+00   4.3000099e+01  -5.3762377e+01  -3.8673601e+01   4.9530791e+02   5.4685327e-01   1.8530458e+00   8.7405303e-01
   1.9980000e+03   1.0000000e+00   3.1000000e+01   1.1000000e+01   1.0000000e+01   1.7999901e+01  -5.3766716e+01  -3.8671852e+01   4.9566031e+02   2.5521351e+00   6.7079093e+00   1.6812662e+00
   1.9980000e+03   1.0000000e+00   3.1000000e+01   1.1000000e+01   1.1000000e+01   5.3000000e+01  -5.3771046e+01  -3.8670261e+01   4.9233956e+02   4.1169205e+00   1.1461630e+01   3.2901391e+00
   1.9980000e+03   1.0000000e+00   3.1000000e+01   1.1000000e+01   1.3000000e+01   3.1000099e+01  -5.3775411e+01  -3.8668607e+01   4.9704324e+02   2.4062658e+00   7.6785525e+00   8.0075469e-01
   1.9980000e+03   1.0000000e+00   3.1000000e+01   1.1000000e+01   1.5000000e+01   1.1000000e+01  -5.3779751e+01  -3.8666986e+01   4.9384461e+02   2.2753527e+00   7.7567992e+00   4.4121478e+00
   1.9980000e+03   1.0000000e+00   3.1000000e+01   1.1000000e+01   1.6000000e+01   5.0000000e+01  -5.3784068e+01  -3.8665357e+01   4.9151484e+02   6.1652826e+02   1.5807227e+03   2.6682548e+02
   1.9980000e+03   1.0000000e+00   3.1000000e+01   1.1000000e+01   1.8000000e+01   2.8000099e+01  -5.3788406e+01  -3.8663723e+01   4.9387510e+02   4.8163831e+00   1.2348771e+01   2.7818883e-01
   1.9980000e+03   1.0000000e+00   3.1000000e+01   1.1000000e+01   2.0000000e+01   8.0000000e+00  -5.3792836e+01  -3.8662132e+01   5.0318587e+02   7.4420515e+00   2.4060042e+01   3.2916789e-01
   1.9980000e+03   1.0000000e+00   3.1000000e+01   1.1000000e+01   2.1000000e+01   4.8000000e+01  -5.3797175e+01  -3.8660541e+01   4.9331366e+02   3.1938370e+01   8.2649861e+01   9.7465675e-01
   1.9980000e+03   1.0000000e+00   3.1000000e+01   1.1000000e+01   2.3000000e+01   2.8000000e+01  -5.3801556e+01  -3.8659013e+01   4.9703808e+02   3.8324092e+00   9.8259505e+00   2.3648541e+00
   1.9980000e+03   1.0000000e+00   3.1000000e+01   1.1000000e+01   2.5000000e+01   8.0000000e+00  -5.3805946e+01  -3.8657502e+01   4.9775517e+02   3.3310639e+00   1.1043424e+01   0.0000000e+00
   1.9980000e+03   1.0000000e+00   3.1000000e+01   1.1000000e+01   2.6000000e+01   4.7000099e+01  -5.3810306e+01  -3.8656027e+01   4.9404629e+02   2.0722587e+00   5.4367797e+00   2.0344845e+00
   1.9980000e+03   1.0000000e+00   3.1000000e+01   1.1000000e+01   2.8000000e+01   2.7000000e+01  -5.3814686e+01  -3.8654547e+01   4.9629717e+02   2.7710080e+00   7.1730716e+00   9.5483031e-01
   1.9980000e+03   1.0000000e+00   3.1000000e+01   1.1000000e+01   3.0000000e+01   8.0000000e+00  -5.3819045e+01  -3.8653001e+01   4.9494804e+02   9.7911669e+01   2.5190333e+02   1.4798683e+01
   1.9980000e+03   1.0000000e+00   3.1000000e+01   1.1000000e+01   3.1000000e+01   5.0000099e+01  -5.3823405e+01  -3.8651507e+01   4.9428592e+02   5.2149964e+00   2.3861804e+01   1.1192534e+01
   1.9980000e+03   1.0000000e+00   3.1000000e+01   1.1000000e+01   3.3000000e+01   3.2000099e+01  -5.3827755e+01  -3.8649940e+01   4.9418197e+02   1.9447457e+02   4.9928224e+02   3.7318635e+02
   1.9980000e+03   1.0000000e+00   3.1000000e+01   1.1000000e+01   3.5000000e+01   1.6000000e+01  -5.3832175e+01  -3.8648423e+01   5.0108778e+02   9.3272575e+00   3.2557646e+01   1.1423454e+01
   1.9980000e+03   1.0000000e+00   3.1000000e+01   1.1000000e+01   3.7000000e+01   0.0000000e+00  -5.3836545e+01  -3.8646799e+01   4.9713159e+02   5.1138850e+01   2.3021561e+02   1.0142185e+02
   1.9980000e+03   1.0000000e+00   3.1000000e+01   1.1000000e+01   3.8000000e+01   4.2000000e+01  -5.3840875e+01  -3.8645244e+01   4.9182352e+02   3.0395221e+00   7.7930597e+00   4.5457686e+00
   1.9980000e+03   1.0000000e+00   3.1000000e+01   1.1000000e+01   4.0000000e+01   2.5000000e+01  -5.3845264e+01  -3.8643689e+01   4.9832090e+02   6.3644049e+00   1.7040321e+01   5.4499856e+00
   1.9980000e+03   1.0000000e+00   3.1000000e+01   1.1000000e+01   4.2000000e+01   7.0000000e+00  -5.3849654e+01  -3.8642598e+01   4.9303262e+02   3.9195690e+00   1.0455718e+01   2.1302884e+00
   1.9980000e+03   1.0000000e+00   3.1000000e+01   1.1000000e+01   4.3000000e+01   5.0000000e+01  -5.3854065e+01  -3.8641468e+01   4.9570557e+02   1.8485966e+00   6.5338974e+00   1.6195473e+00
   1.9980000e+03   1.0000000e+00   3.1000000e+01   1.1000000e+01   4.5000000e+01   3.2000000e+01  -5.3858488e+01  -3.8640348e+01   4.9689873e+02   6.0304495e+00   1.5622931e+01   2.6084733e+00
   1.9980000e+03   1.0000000e+00   3.1000000e+01   1.1000000e+01   4.7000000e+01   1.6000000e+01  -5.3862924e+01  -3.8639147e+01   4.9917732e+02   4.3741341e+00   1.3962745e+01   3.3005784e+00
   1.9980000e+03   1.0000000e+00   3.1000000e+01   1.1000000e+01   4.9000000e+01   0.0000000e+00  -5.3867364e+01  -3.8637939e+01   4.9965457e+02   7.2009271e-01   7.4656900e+00   1.7558493e+00
   1.9980000e+03   1.0000000e+00   3.1000000e+01   1.1000000e+01   5.0000000e+01   4.1000000e+01  -5.3871744e+01  -3.8636677e+01   4.9366227e+02   8.4924118e+00   2.2084593e+01   8.0259188e+00
   1.9980000e+03   1.0000000e+00   3.1000000e+01   1.1000000e+01   5.2000000e+01   2.1000000e+01  -5.3876114e+01  -3.8635493e+01   4.9174425e+02   1.6501185e+00   1.5166341e+01   7.0688239e+00
   1.9980000e+03   1.0000000e+00   3.1000000e+01   1.1000000e+01   5.4000000e+01   2.0000000e+00  -5.3880569e+01  -3.8634330e+01   5.0093297e+02   2.8409971e+00   8.7391899e+00   0.0000000e+00
   1.9980000e+03   1.0000000e+00   3.1000000e+01   1.1000000e+01   5.5000000e+01   4.3000000e+01  -5.3884983e+01  -3.8633042e+01   4.9769136e+02   2.3739060e+01   6.0864803e+01   4.8834730e+01
   1.9980000e+03   1.0000000e+00   3.1000000e+01   1.1000000e+01   5.7000000e+01   2.3000000e+01  -5.3889393e+01  -3.8631832e+01   4.9640523e+02   1.3870599e+01   3.5562962e+01   9.2494978e-01
   1.9980000e+03   1.0000000e+00   3.1000000e+01   1.1000000e+01   5.9000000e+01   3.0000000e+00  -5.3893821e+01  -3.8630642e+01   4.9816466e+02   8.9324308e+00   3.0745080e+01   9.3100600e-02
   1.9980000e+03   1.0000000e+00   3.1000000e+01   1.2000000e+01   0.0000000e+00   4.2000000e+01  -5.3898258e+01  -3.8629590e+01   4.9786551e+02   8.8529711e+00   2.2765406e+01   3.2851886e+00
   1.9980000e+03   1.0000000e+00   3.1000000e+01   1.2000000e+01   2.0000000e+00   1.8000000e+01  -5.3902621e+01  -3.8628220e+01   4.9298927e+02   6.5369006e+00   1.7599216e+01   0.0000000e+00
   1.9980000e+03   1.0000000e+00   3.1000000e+01   1.2000000e+01   3.0000000e+00   5.5000000e+01  -5.3907023e+01  -3.8626819e+01   4.9768501e+02   6.5931386e+00   2.1675325e+01   6.8653065e+00
   1.9980000e+03   1.0000000e+00   3.1000000e+01   1.2000000e+01   5.0000000e+00   3.1000000e+01  -5.3911402e+01  -3.8625424e+01   4.9512333e+02   4.0538495e+00   1.4765673e+01   5.0462765e+00
   1.9980000e+03   1.0000000e+00   3.1000000e+01   1.2000000e+01   7.0000000e+00   7.0000000e+00  -5.3915762e+01  -3.8623949e+01   4.9400786e+02   2.2966098e+01   6.6179738e+01   1.1102900e+00
   1.9980000e+03   1.0000000e+00   3.1000000e+01   1.2000000e+01   8.0000000e+00   4.5000000e+01  -5.3920193e+01  -3.8622469e+01   5.0172410e+02   1.2609175e+01   4.5354047e+01   1.3243894e+00
   1.9980000e+03   1.0000000e+00   3.1000000e+01   1.2000000e+01   1.0000000e+01   2.2000000e+01  -5.3924582e+01  -3.8620989e+01   4.9726675e+02   6.2301910e+00   1.8346075e+01   5.1415785e+00
   1.9980000e+03   1.0000000e+00   3.1000000e+01   1.2000000e+01   1.2000000e+01   1.0000000e+00  -5.3928962e+01  -3.8619544e+01   4.9580362e+02   1.3266264e+02   3.7461105e+02   3.1937166e+01
   1.9980000e+03   1.0000000e+00   3.1000000e+01   1.2000000e+01   1.3000000e+01   4.0000000e+01  -5.3933322e+01  -3.8618069e+01   4.9401108e+02   3.5634206e+00   3.4660541e+01   1.3934818e+01
   1.9980000e+03   1.0000000e+00   3.1000000e+01   1.2000000e+01   1.5000000e+01   1.8000000e+01  -5.3937700e+01  -3.8616572e+01   4.9617484e+02   9.9374736e+00   2.5866884e+01   1.7023959e+01
   1.9980000e+03   1.0000000e+00   3.1000000e+01   1.2000000e+01   1.6000000e+01   5.7000000e+01  -5.3942127e+01  -3.8615090e+01   5.0144384e+02   2.2686398e+00   2.1084936e+01   7.1951435e+00
   1.9980000e+03   1.0000000e+00   3.1000000e+01   1.2000000e+01   1.8000000e+01   3.7000000e+01  -5.3946531e+01  -3.8614225e+01   4.9266263e+02   5.6314544e+00   1.5171994e+01   3.2329663e+00
   1.9980000e+03   1.0000000e+00   3.1000000e+01   1.2000000e+01   2.0000000e+01   1.8000000e+01  -5.3950991e+01  -3.8613324e+01   4.9907334e+02   7.6577985e+00   1.9778518e+01   3.1116455e+00
   1.9980000e+03   1.0000000e+00   3.1000000e+01   1.2000000e+01   2.1000000e+01   5.7000000e+01  -5.3955391e+01  -3.8612435e+01   4.9237690e+02   6.6423970e+00   2.0454244e+01   4.9674901e+00
   1.9980000e+03   1.0000000e+00   3.1000000e+01   1.2000000e+01   2.3000000e+01   3.8000000e+01  -5.3959811e+01  -3.8611478e+01   4.9507799e+02   3.7555964e+00   1.8847737e+01   2.6524092e-01
   1.9980000e+03   1.0000000e+00   3.1000000e+01   1.2000000e+01   2.5000000e+01   2.1000000e+01  -5.3964264e+01  -3.8610620e+01   4.9794884e+02   4.7655138e+00   1.2366373e+01   4.4126519e+00
   1.9980000e+03   1.0000000e+00   3.1000000e+01   1.2000000e+01   2.6000000e+01   5.6000000e+01  -5.3968453e+01  -3.8609465e+01   4.7167867e+02   4.9983335e+00   1.3668185e+01   4.5055187e+00
