   2.0120000e+03   1.2000000e+01   2.0000000e+00   1.4000000e+01   5.4000000e+01   7.0000000e+00  -5.3959219e+01  -3.8527519e+01   4.9969520e+02   6.4603196e+02   2.0799993e+03   2.0795704e+03
   2.0120000e+03   1.2000000e+01   2.0000000e+00   1.4000000e+01   5.5000000e+01   4.6000000e+01  -5.3954790e+01  -3.8528934e+01   5.0083945e+02   1.3650823e+02   4.3971786e+02   4.3917973e+02
   2.0120000e+03   1.2000000e+01   2.0000000e+00   1.4000000e+01   5.7000000e+01   2.6000000e+01  -5.3950348e+01  -3.8530401e+01   5.0281517e+02   5.8753122e+00   1.9002169e+01   9.4922130e+00
   2.0120000e+03   1.2000000e+01   2.0000000e+00   1.4000000e+01   5.9000000e+01   6.0000000e+00  -5.3945984e+01  -3.8531871e+01   4.9438695e+02   7.3595922e+00   2.4070367e+01   4.3431154e+00
   2.0120000e+03   1.2000000e+01   2.0000000e+00   1.5000000e+01   0.0000000e+00   4.6000000e+01  -5.3941560e+01  -3.8533333e+01   5.0081614e+02   2.1887369e+01   7.0563065e+01   5.8384006e+01
   2.0120000e+03   1.2000000e+01   2.0000000e+00   1.5000000e+01   2.0000000e+00   2.8000000e+01  -5.3937107e+01  -3.8534736e+01   5.0323148e+02   7.7350727e+00   2.2245488e+01   7.5017667e+00
   2.0120000e+03   1.2000000e+01   2.0000000e+00   1.5000000e+01   4.0000000e+00   9.0000000e+00  -5.3932765e+01  -3.8536083e+01   4.9049410e+02   2.7560670e+00   1.0179704e+01   7.5639134e+00
   2.0120000e+03   1.2000000e+01   2.0000000e+00   1.5000000e+01   5.0000000e+00   4.9000000e+01  -5.3928345e+01  -3.8537501e+01   4.9981484e+02   4.1842156e+00   1.2569753e+01   1.0877115e+01
   2.0120000e+03   1.2000000e+01   2.0000000e+00   1.5000000e+01   7.0000000e+00   2.8000000e+01  -5.3923876e+01  -3.8538924e+01   5.0527269e+02   2.6638103e+00   7.3654558e+00   6.7833727e+00
   2.0120000e+03   1.2000000e+01   2.0000000e+00   1.5000000e+01   9.0000000e+00   6.0000000e+00  -5.3919442e+01  -3.8540281e+01   5.0055824e+02   1.6880840e+00   4.3682479e+00   3.8579868e+00
   2.0120000e+03   1.2000000e+01   2.0000000e+00   1.5000000e+01   1.0000000e+01   4.3000000e+01  -5.3915066e+01  -3.8541596e+01   4.9388976e+02   1.7701427e+00   4.8454537e+00   4.5698069e+00
   2.0120000e+03   1.2000000e+01   2.0000000e+00   1.5000000e+01   1.2000000e+01   2.0000000e+01  -5.3910601e+01  -3.8542925e+01   5.0369171e+02   2.1453543e+00   7.1675022e+00   5.8344127e+00
   2.0120000e+03   1.2000000e+01   2.0000000e+00   1.5000000e+01   1.3000000e+01   5.8000000e+01  -5.3906163e+01  -3.8544224e+01   5.0046781e+02   1.8618786e+00   6.0234940e+00   5.2755538e+00
   2.0120000e+03   1.2000000e+01   2.0000000e+00   1.5000000e+01   1.5000000e+01   3.5000000e+01  -5.3901792e+01  -3.8545499e+01   4.9282664e+02   2.8121621e+00   1.0203195e+01   7.3231868e+00
   2.0120000e+03   1.2000000e+01   2.0000000e+00   1.5000000e+01   1.7000000e+01   1.4000000e+01  -5.3897300e+01  -3.8546736e+01   5.0558773e+02   1.6750224e+00   5.8029153e+00   2.9755296e+00
   2.0120000e+03   1.2000000e+01   2.0000000e+00   1.5000000e+01   1.8000000e+01   5.3000000e+01  -5.3892889e+01  -3.8548027e+01   4.9742356e+02   2.3290997e+00   6.0711250e+00   5.0407283e+00
   2.0120000e+03   1.2000000e+01   2.0000000e+00   1.5000000e+01   2.0000000e+01   3.3000000e+01  -5.3888468e+01  -3.8549355e+01   4.9891417e+02   1.9349126e+00   3.7927660e+00   2.8401384e+00
   2.0120000e+03   1.2000000e+01   2.0000000e+00   1.5000000e+01   2.2000000e+01   1.4000000e+01  -5.3884049e+01  -3.8550821e+01   5.0034015e+02   2.6806634e+00   8.2183083e+00   7.6222560e+00
   2.0120000e+03   1.2000000e+01   2.0000000e+00   1.5000000e+01   2.3000000e+01   5.3000000e+01  -5.3879609e+01  -3.8552504e+01   5.0548936e+02   2.8709584e+00   7.9732899e+00   6.6386219e+00
   2.0120000e+03   1.2000000e+01   2.0000000e+00   1.5000000e+01   2.5000000e+01   3.1000000e+01  -5.3875221e+01  -3.8554119e+01   4.9900834e+02   8.4620708e+00   2.2559033e+01   5.1091133e+00
   2.0120000e+03   1.2000000e+01   2.0000000e+00   1.5000000e+01   2.7000000e+01   1.0000000e+01  -5.3870882e+01  -3.8555842e+01   4.9514921e+02   7.1671457e+00   2.3781303e+01   4.4482076e+00
   2.0120000e+03   1.2000000e+01   2.0000000e+00   1.5000000e+01   2.8000000e+01   4.8000000e+01  -5.3866464e+01  -3.8557385e+01   5.0121030e+02   3.5958532e+00   1.1600983e+01   7.7590217e+00
   2.0120000e+03   1.2000000e+01   2.0000000e+00   1.5000000e+01   3.0000000e+01   2.6000000e+01  -5.3862043e+01  -3.8558865e+01   5.0080006e+02   1.2825142e+01   4.1617567e+01   2.4201637e+00
   2.0120000e+03   1.2000000e+01   2.0000000e+00   1.5000000e+01   3.2000000e+01   4.0000000e+00  -5.3857645e+01  -3.8560349e+01   4.9825821e+02   1.1667817e+02   3.7349203e+02   3.2916169e+02
   2.0120000e+03   1.2000000e+01   2.0000000e+00   1.5000000e+01   3.3000000e+01   4.1000000e+01  -5.3853271e+01  -3.8561908e+01   4.9662461e+02   1.6312417e+00   5.2682939e+00   4.9965118e+00
   2.0120000e+03   1.2000000e+01   2.0000000e+00   1.5000000e+01   3.5000000e+01   1.8000000e+01  -5.3848861e+01  -3.8563427e+01   5.0009342e+02   4.2068096e+00   1.0663152e+01   1.7451173e+00
   2.0120000e+03   1.2000000e+01   2.0000000e+00   1.5000000e+01   3.6000000e+01   5.6000000e+01  -5.3844464e+01  -3.8564939e+01   4.9853930e+02   3.3644907e+01   1.0449142e+02   9.8455421e-01
   2.0120000e+03   1.2000000e+01   2.0000000e+00   1.5000000e+01   3.8000000e+01   3.5000000e+01  -5.3840059e+01  -3.8566495e+01   5.0003757e+02   1.9808782e+01   6.4366569e+01   4.2415988e+00
   2.0120000e+03   1.2000000e+01   2.0000000e+00   1.5000000e+01   4.0000000e+01   1.2000000e+01  -5.3835648e+01  -3.8568025e+01   5.0025126e+02   1.4119956e+00   2.9022411e+00   2.0335701e+00
   2.0120000e+03   1.2000000e+01   2.0000000e+00   1.5000000e+01   4.1000000e+01   4.9000000e+01  -5.3831163e+01  -3.8569375e+01   5.0618205e+02   1.7233586e+00   4.8998579e+00   3.0186038e+00
   2.0120000e+03   1.2000000e+01   2.0000000e+00   1.5000000e+01   4.3000000e+01   2.7000000e+01  -5.3826747e+01  -3.8570658e+01   4.9788877e+02   4.8173497e+00   1.3547580e+01   1.2282150e+01
   2.0120000e+03   1.2000000e+01   2.0000000e+00   1.5000000e+01   4.5000000e+01   4.0000000e+00  -5.3822381e+01  -3.8571997e+01   4.9309347e+02   1.1433674e+02   3.6542936e+02   2.4709109e+02
   2.0120000e+03   1.2000000e+01   2.0000000e+00   1.5000000e+01   4.6000000e+01   4.1000000e+01  -5.3817930e+01  -3.8573376e+01   5.0273931e+02   5.1602023e-01   1.8574349e+00   1.3569841e+00
   2.0120000e+03   1.2000000e+01   2.0000000e+00   1.5000000e+01   4.8000000e+01   1.9000000e+01  -5.3813546e+01  -3.8574695e+01   4.9480451e+02   2.1850190e+00   7.2738848e+00   6.9246101e-01
   2.0120000e+03   1.2000000e+01   2.0000000e+00   1.5000000e+01   4.9000000e+01   5.6000000e+01  -5.3809142e+01  -3.8576168e+01   4.9877633e+02   1.5757774e+01   5.0194297e+01   2.3961558e-01
   2.0120000e+03   1.2000000e+01   2.0000000e+00   1.5000000e+01   5.1000000e+01   3.3000000e+01  -5.3804706e+01  -3.8577590e+01   5.0165344e+02   4.0153303e+00   1.2926183e+01   3.4950624e-01
   2.0120000e+03   1.2000000e+01   2.0000000e+00   1.5000000e+01   5.3000000e+01   1.0000000e+01  -5.3800251e+01  -3.8579020e+01   5.0395604e+02   2.4383169e-01   8.5604485e-01   4.0479036e-01
   2.0120000e+03   1.2000000e+01   2.0000000e+00   1.5000000e+01   5.4000000e+01   4.7000099e+01  -5.3795830e+01  -3.8580362e+01   4.9901533e+02   3.7949453e-01   1.3813240e+00   8.1973704e-01
   2.0120000e+03   1.2000000e+01   2.0000000e+00   1.5000000e+01   5.6000000e+01   2.4000000e+01  -5.3791419e+01  -3.8581790e+01   4.9903814e+02   1.4063263e+00   4.7539825e+00   1.0360949e+00
   2.0120000e+03   1.2000000e+01   2.0000000e+00   1.5000000e+01   5.8000000e+01   0.0000000e+00  -5.3787013e+01  -3.8583289e+01   4.9939886e+02   7.0346530e-01   5.5475869e+00   5.2895455e-01
   2.0120000e+03   1.2000000e+01   2.0000000e+00   1.5000000e+01   5.9000000e+01   3.5000000e+01  -5.3782591e+01  -3.8584695e+01   4.9996405e+02   3.1110109e+01   1.0029051e+02   6.6533446e-01
   2.0120000e+03   1.2000000e+01   2.0000000e+00   1.6000000e+01   1.0000000e+00   1.2000000e+01  -5.3778125e+01  -3.8586086e+01   5.0458010e+02   5.1062637e+01   1.6446863e+02   3.4705584e+01
   2.0120000e+03   1.2000000e+01   2.0000000e+00   1.6000000e+01   2.0000000e+00   5.1000000e+01  -5.3773731e+01  -3.8587392e+01   4.9571281e+02   7.0370621e+01   2.2659559e+02   5.4051621e-01
   2.0120000e+03   1.2000000e+01   2.0000000e+00   1.6000000e+01   4.0000000e+00   3.1000000e+01  -5.3769310e+01  -3.8588761e+01   4.9947742e+02   1.1839349e-01   3.8113324e-01   2.6748507e-01
   2.0120000e+03   1.2000000e+01   2.0000000e+00   1.6000000e+01   6.0000000e+00   9.0000992e+00  -5.3764897e+01  -3.8590093e+01   4.9811621e+02   3.3516352e-01   1.0789610e+00   1.0789610e+00
   2.0120000e+03   1.2000000e+01   2.0000000e+00   1.6000000e+01   7.0000000e+00   4.8000000e+01  -5.3760470e+01  -3.8591588e+01   5.0161194e+02   5.4334288e-02   1.7491337e-01   1.7491337e-01
   2.0120000e+03   1.2000000e+01   2.0000000e+00   1.6000000e+01   9.0000000e+00   2.8000000e+01  -5.3756072e+01  -3.8593181e+01   4.9977699e+02   4.9862291e-01   3.2070979e-01   2.8331242e-01
   2.0120000e+03   1.2000000e+01   2.0000000e+00   1.6000000e+01   1.1000000e+01   7.0000992e+00  -5.3751684e+01  -3.8594696e+01   4.9762640e+02   7.1203956e-02   2.2922033e-01   2.2922033e-01
   2.0120000e+03   1.2000000e+01   2.0000000e+00   1.6000000e+01   1.2000000e+01   4.6000000e+01  -5.3747303e+01  -3.8596182e+01   4.9660097e+02   1.9885804e-01   5.2513117e-01   2.5123789e-01
   2.0120000e+03   1.2000000e+01   2.0000000e+00   1.6000000e+01   1.4000000e+01   2.5000000e+01  -5.3742901e+01  -3.8597745e+01   4.9976144e+02   1.9681398e-01   6.3358512e-01   5.9778496e-01
   2.0120000e+03   1.2000000e+01   2.0000000e+00   1.6000000e+01   1.6000000e+01   3.0000992e+00  -5.3738487e+01  -3.8599244e+01   5.0029353e+02   5.1546578e-02   1.6593915e-01   1.6593915e-01
   2.0120000e+03   1.2000000e+01   2.0000000e+00   1.6000000e+01   1.7000000e+01   3.9000000e+01  -5.3734082e+01  -3.8600786e+01   4.9989345e+02   1.4600278e-01   4.8764753e-01   4.6371749e-01
   2.0120000e+03   1.2000000e+01   2.0000000e+00   1.6000000e+01   1.9000000e+01   1.6000099e+01  -5.3729664e+01  -3.8602306e+01   5.0092835e+02   1.3275121e-01   4.2735374e-01   4.2735374e-01
   2.0120000e+03   1.2000000e+01   2.0000000e+00   1.6000000e+01   2.0000000e+01   5.2000000e+01  -5.3725249e+01  -3.8603839e+01   5.0089330e+02   1.7265453e-01   5.5581081e-01   5.5581081e-01
   2.0120000e+03   1.2000000e+01   2.0000000e+00   1.6000000e+01   2.2000000e+01   2.7000000e+01  -5.3720870e+01  -3.8605308e+01   4.9605353e+02   1.1924856e-01   3.8388589e-01   0.0000000e+00
   2.0120000e+03   1.2000000e+01   2.0000000e+00   1.6000000e+01   2.4000000e+01   3.9999008e+00  -5.3716445e+01  -3.8606731e+01   5.0050293e+02   1.5714713e-01   5.0588927e-01   5.0588927e-01
   2.0120000e+03   1.2000000e+01   2.0000000e+00   1.6000000e+01   2.5000000e+01   4.3000000e+01  -5.3711987e+01  -3.8608125e+01   5.0379708e+02   1.6918341e-01   5.4463656e-01   5.4463656e-01
   2.0120000e+03   1.2000000e+01   2.0000000e+00   1.6000000e+01   2.7000000e+01   2.3000000e+01  -5.3707550e+01  -3.8609371e+01   4.9982534e+02   1.0857178e-01   3.8648170e-01   3.4951513e-01
   2.0120000e+03   1.2000000e+01   2.0000000e+00   1.6000000e+01   2.9000000e+01   4.0000000e+00  -5.3703126e+01  -3.8610627e+01   4.9854480e+02   9.8778660e-02   3.1798903e-01   3.1551871e-01
   2.0120000e+03   1.2000000e+01   2.0000000e+00   1.6000000e+01   3.0000000e+01   4.4000000e+01  -5.3698731e+01  -3.8611852e+01   4.9494838e+02   1.0841457e-01   3.4900904e-01   2.2505031e-01
   2.0120000e+03   1.2000000e+01   2.0000000e+00   1.6000000e+01   3.2000000e+01   2.4000000e+01  -5.3694322e+01  -3.8613172e+01   4.9749835e+02   1.0641616e-01   3.4257573e-01   2.0878431e-01
   2.0120000e+03   1.2000000e+01   2.0000000e+00   1.6000000e+01   3.4000000e+01   4.0000992e+00  -5.3689837e+01  -3.8614494e+01   5.0590934e+02   1.1722611e-01   5.7966242e-01   1.9880994e-01
   2.0120000e+03   1.2000000e+01   2.0000000e+00   1.6000000e+01   3.5000000e+01   4.3000000e+01  -5.3685399e+01  -3.8615898e+01   5.0177881e+02   4.3559077e-01   1.4022572e+00   7.2399652e-01
   2.0120000e+03   1.2000000e+01   2.0000000e+00   1.6000000e+01   3.7000000e+01   2.3000000e+01  -5.3680997e+01  -3.8617295e+01   4.9767693e+02   8.5138936e-02   3.4393768e-01   2.7407993e-01
   2.0120000e+03   1.2000000e+01   2.0000000e+00   1.6000000e+01   3.9000000e+01   4.0000000e+00  -5.3676597e+01  -3.8618655e+01   4.9709201e+02   6.4647112e-02   2.0811249e-01   2.0811249e-01
   2.0120000e+03   1.2000000e+01   2.0000000e+00   1.6000000e+01   4.0000000e+01   4.6000000e+01  -5.3672173e+01  -3.8620033e+01   4.9994398e+02   4.9643025e-01   1.5981122e+00   1.4954061e+00
   2.0120000e+03   1.2000000e+01   2.0000000e+00   1.6000000e+01   4.2000000e+01   2.7000000e+01  -5.3667732e+01  -3.8621557e+01   5.0354871e+02   3.9735228e-02   6.2227493e-01   0.0000000e+00
   2.0120000e+03   1.2000000e+01   2.0000000e+00   1.6000000e+01   4.4000000e+01   7.0000000e+00  -5.3663331e+01  -3.8623079e+01   4.9921322e+02   3.6220423e-02   1.1660107e-01   1.1660107e-01
   2.0120000e+03   1.2000000e+01   2.0000000e+00   1.6000000e+01   4.5000000e+01   4.7000099e+01  -5.3658960e+01  -3.8624630e+01   4.9630526e+02   6.6848534e-02   2.1519932e-01   2.1519932e-01
   2.0120000e+03   1.2000000e+01   2.0000000e+00   1.6000000e+01   4.7000000e+01   2.8000000e+01  -5.3654554e+01  -3.8626117e+01   4.9926388e+02   5.3895628e-02   1.9143659e-01   1.7350123e-01
   2.0120000e+03   1.2000000e+01   2.0000000e+00   1.6000000e+01   4.9000000e+01   1.1000099e+01  -5.3650154e+01  -3.8627397e+01   4.9619652e+02   4.6128366e-02   1.4849680e-01   0.0000000e+00
   2.0120000e+03   1.2000000e+01   2.0000000e+00   1.6000000e+01   5.0000000e+01   5.3000099e+01  -5.3645709e+01  -3.8628625e+01   5.0043638e+02   4.7179300e-02   1.5187997e-01   0.0000000e+00
   2.0120000e+03   1.2000000e+01   2.0000000e+00   1.6000000e+01   5.2000000e+01   3.4000099e+01  -5.3641259e+01  -3.8629825e+01   5.0084751e+02   0.0000000e+00   1.2312849e-01   1.2312849e-01
   2.0120000e+03   1.2000000e+01   2.0000000e+00   1.6000000e+01   5.4000000e+01   1.7000000e+01  -5.3636829e+01  -3.8631029e+01   4.9860468e+02   6.4252983e-01   2.1332051e+00   8.3266169e-01
   2.0120000e+03   1.2000000e+01   2.0000000e+00   1.6000000e+01   5.5000000e+01   5.9000000e+01  -5.3632357e+01  -3.8632287e+01   5.0378740e+02   1.8195361e-01   5.8574649e-01   5.8574649e-01
   2.0120000e+03   1.2000000e+01   2.0000000e+00   1.6000000e+01   5.7000000e+01   4.2000000e+01  -5.3627959e+01  -3.8633487e+01   4.9496819e+02   1.3823114e-01   4.4499476e-01   4.4499476e-01
   2.0120000e+03   1.2000000e+01   2.0000000e+00   1.6000000e+01   5.9000000e+01   2.4000000e+01  -5.3623503e+01  -3.8634907e+01   5.0396612e+02   6.8135039e-01   4.5392924e-01   4.5392924e-01
   2.0120000e+03   1.2000000e+01   2.0000000e+00   1.7000000e+01   1.0000000e+00   4.0000000e+00  -5.3619100e+01  -3.8636357e+01   4.9848597e+02   7.3253122e-01   8.0879387e-01   2.1735648e-01
   2.0120000e+03   1.2000000e+01   2.0000000e+00   1.7000000e+01   2.0000000e+00   4.6000000e+01  -5.3614719e+01  -3.8637708e+01   4.9492158e+02   5.5017452e-01   1.7711261e+00   1.5408345e+00
   2.0120000e+03   1.2000000e+01   2.0000000e+00   1.7000000e+01   4.0000000e+00   2.8000000e+01  -5.3610302e+01  -3.8639229e+01   5.0096411e+02   1.1984646e+00   3.8665135e+00   3.7384711e+00
   2.0120000e+03   1.2000000e+01   2.0000000e+00   1.7000000e+01   6.0000000e+00   8.0000992e+00  -5.3605884e+01  -3.8640724e+01   5.0069673e+02   9.5166736e-02   3.0636150e-01   0.0000000e+00
   2.0120000e+03   1.2000000e+01   2.0000000e+00   1.7000000e+01   7.0000000e+00   4.7000000e+01  -5.3601438e+01  -3.8642248e+01   5.0416344e+02   2.9433286e-02   9.4751863e-02   0.0000000e+00
   2.0120000e+03   1.2000000e+01   2.0000000e+00   1.7000000e+01   9.0000000e+00   2.6000000e+01  -5.3597055e+01  -3.8643714e+01   4.9653714e+02   4.2919812e-01   1.3935376e+00   1.2035335e+00
   2.0120000e+03   1.2000000e+01   2.0000000e+00   1.7000000e+01   1.1000000e+01   6.0000000e+00  -5.3592645e+01  -3.8645140e+01   4.9894037e+02   4.8649974e-01   1.5661437e+00   8.0512995e-01
   2.0120000e+03   1.2000000e+01   2.0000000e+00   1.7000000e+01   1.2000000e+01   4.5999901e+01  -5.3588218e+01  -3.8646644e+01   5.0185894e+02   5.8725115e-02   3.1892541e-01   8.6849949e-02
   2.0120000e+03   1.2000000e+01   2.0000000e+00   1.7000000e+01   1.4000000e+01   2.5000000e+01  -5.3583825e+01  -3.8648045e+01   4.9683894e+02   1.3770986e+01   4.4388473e+01   3.5975680e+01
   2.0120000e+03   1.2000000e+01   2.0000000e+00   1.7000000e+01   1.6000000e+01   5.0000000e+00  -5.3579388e+01  -3.8649444e+01   5.0161270e+02   1.2428317e-01   4.0009334e-01   3.4073592e-01
   2.0120000e+03   1.2000000e+01   2.0000000e+00   1.7000000e+01   1.7000000e+01   4.6000000e+01  -5.3574965e+01  -3.8650825e+01   4.9981063e+02   3.9095508e-02   1.2585656e-01   1.2585656e-01
   2.0120000e+03   1.2000000e+01   2.0000000e+00   1.7000000e+01   1.9000000e+01   2.6000000e+01  -5.3570577e+01  -3.8652206e+01   4.9605794e+02   3.3985057e-02   1.0940496e-01   0.0000000e+00
   2.0120000e+03   1.2000000e+01   2.0000000e+00   1.7000000e+01   2.1000000e+01   5.0000992e+00  -5.3566146e+01  -3.8653496e+01   4.9964042e+02   5.0758776e-01   7.5396461e-01   5.4246372e-01
   2.0120000e+03   1.2000000e+01   2.0000000e+00   1.7000000e+01   2.2000000e+01   4.3000000e+01  -5.3561748e+01  -3.8654874e+01   4.9712318e+02   2.2877643e-01   7.3647887e-01   6.3006235e-01
   2.0120000e+03   1.2000000e+01   2.0000000e+00   1.7000000e+01   2.4000000e+01   2.0000000e+01  -5.3557320e+01  -3.8656194e+01   4.9967759e+02   2.2538895e-01   7.9686885e-01   7.9686885e-01
   2.0120000e+03   1.2000000e+01   2.0000000e+00   1.7000000e+01   2.5000000e+01   5.6000000e+01  -5.3552871e+01  -3.8657539e+01   5.0236488e+02   8.9522292e-02   4.1560229e-01   7.0529574e-02
   2.0120000e+03   1.2000000e+01   2.0000000e+00   1.7000000e+01   2.7000000e+01   3.2000000e+01  -5.3548425e+01  -3.8658975e+01   5.0299268e+02   5.2122992e-01   1.6779474e+00   1.4031225e+00
   2.0120000e+03   1.2000000e+01   2.0000000e+00   1.7000000e+01   2.9000000e+01   8.0000000e+00  -5.3544054e+01  -3.8660451e+01   4.9544320e+02   9.0392304e-02   2.9099161e-01   0.0000000e+00
   2.0120000e+03   1.2000000e+01   2.0000000e+00   1.7000000e+01   3.0000000e+01   4.5000000e+01  -5.3539642e+01  -3.8661951e+01   5.0009236e+02   1.1901572e+00   3.8313632e+00   3.8313632e+00
   2.0120000e+03   1.2000000e+01   2.0000000e+00   1.7000000e+01   3.2000000e+01   2.0000099e+01  -5.3535191e+01  -3.8663498e+01   5.0504309e+02   1.2196327e+00   4.1134486e+00   1.5759242e+00
   2.0120000e+03   1.2000000e+01   2.0000000e+00   1.7000000e+01   3.3000000e+01   5.2999901e+01  -5.3530796e+01  -3.8665023e+01   4.9867446e+02   1.1332234e+00   4.0040499e+00   1.2541604e+00
   2.0120000e+03   1.2000000e+01   2.0000000e+00   1.7000000e+01   3.5000000e+01   3.0000000e+01  -5.3526323e+01  -3.8666706e+01   5.0933208e+02   2.5314092e+00   6.0812630e+00   1.9848255e+00
   2.0120000e+03   1.2000000e+01   2.0000000e+00   1.7000000e+01   3.7000000e+01   2.5000099e+01  -5.3522062e+01  -3.8668366e+01   4.8605402e+02   3.4381281e+00   7.2801921e+00   1.9765189e+00
   2.0120000e+03   1.2000000e+01   2.0000000e+00   1.7000000e+01   3.9000000e+01   2.4000000e+01  -5.3517673e+01  -3.8669856e+01   4.9745616e+02   1.7982454e+00   6.2565654e+00   3.2144525e+00
   2.0120000e+03   1.2000000e+01   2.0000000e+00   1.7000000e+01   4.1000000e+01   1.3000000e+01  -5.3513250e+01  -3.8671179e+01   4.9923267e+02   1.7330828e+00   5.5791538e+00   4.6101127e+00
   2.0120000e+03   1.2000000e+01   2.0000000e+00   1.7000000e+01   4.2000000e+01   5.5000000e+01  -5.3508841e+01  -3.8672406e+01   4.9660425e+02   7.8961473e-01   2.1784459e+00   1.2844678e+00
   2.0120000e+03   1.2000000e+01   2.0000000e+00   1.7000000e+01   4.4000000e+01   3.4000000e+01  -5.3504336e+01  -3.8673604e+01   5.0679918e+02   1.6401627e+00   5.3569973e+00   3.1207802e+00
   2.0120000e+03   1.2000000e+01   2.0000000e+00   1.7000000e+01   4.6000000e+01   1.5000000e+01  -5.3499871e+01  -3.8674806e+01   5.0244055e+02   4.0165599e+00   3.7875545e+00   1.1757838e+00
   2.0120000e+03   1.2000000e+01   2.0000000e+00   1.7000000e+01   4.7000000e+01   5.7000000e+01  -5.3495426e+01  -3.8675950e+01   4.9970893e+02   9.0766879e-01   3.0691046e+00   9.0747474e-01
   2.0120000e+03   1.2000000e+01   2.0000000e+00   1.7000000e+01   4.9000000e+01   3.9000000e+01  -5.3490985e+01  -3.8677100e+01   4.9933906e+02   1.0051264e+00   3.2357109e+00   2.7629209e+00
   2.0120000e+03   1.2000000e+01   2.0000000e+00   1.7000000e+01   5.1000000e+01   2.1000000e+01  -5.3486528e+01  -3.8678210e+01   5.0061037e+02   2.4096487e+00   2.6884529e+00   1.9515960e+00
   2.0120000e+03   1.2000000e+01   2.0000000e+00   1.7000000e+01   5.3000000e+01   2.0000000e+00  -5.3482089e+01  -3.8679252e+01   4.9809216e+02   4.6459140e-01   1.4956163e+00   1.4571278e-01
   2.0120000e+03   1.2000000e+01   2.0000000e+00   1.7000000e+01   5.4000000e+01   4.3000000e+01  -5.3477722e+01  -3.8680738e+01   4.9508370e+02   1.5128133e-01   6.4409015e-01   4.1098997e-01
   2.0120000e+03   1.2000000e+01   2.0000000e+00   1.7000000e+01   5.6000000e+01   2.6000000e+01  -5.3473275e+01  -3.8682236e+01   5.0406129e+02   5.1985693e-01   1.7758022e+00   1.2231158e+00
   2.0120000e+03   1.2000000e+01   2.0000000e+00   1.7000000e+01   5.8000000e+01   8.0000000e+00  -5.3468859e+01  -3.8683738e+01   5.0058396e+02   4.9010971e-01   1.5777650e+00   1.2510491e+00
   2.0120000e+03   1.2000000e+01   2.0000000e+00   1.7000000e+01   5.9000000e+01   5.0000000e+01  -5.3464463e+01  -3.8685217e+01   4.9819891e+02   2.4490130e-01   7.8838818e-01   1.7591352e-01
   2.0120000e+03   1.2000000e+01   2.0000000e+00   1.8000000e+01   1.0000000e+00   3.1000000e+01  -5.3460067e+01  -3.8686620e+01   4.9727750e+02   6.7502319e-01   2.1839412e+00   0.0000000e+00
   2.0120000e+03   1.2000000e+01   2.0000000e+00   1.8000000e+01   3.0000000e+00   1.0000000e+01  -5.3455624e+01  -3.8688043e+01   5.0257547e+02   4.4698522e-01   1.4389383e+00   3.3158290e-01
   2.0120000e+03   1.2000000e+01   2.0000000e+00   1.8000000e+01   4.0000000e+00   4.8000000e+01  -5.3451186e+01  -3.8689422e+01   5.0150157e+02   2.1322034e+00   3.7229171e+00   1.8139875e+00
   2.0120000e+03   1.2000000e+01   2.0000000e+00   1.8000000e+01   6.0000000e+00   2.5000000e+01  -5.3446795e+01  -3.8690811e+01   4.9655335e+02   2.2845590e+00   2.8643199e+00   3.3032708e-01
   2.0120000e+03   1.2000000e+01   2.0000000e+00   1.8000000e+01   8.0000000e+00   3.0000000e+00  -5.3442375e+01  -3.8692165e+01   4.9916779e+02   2.1273926e+00   7.2696353e+00   3.6459328e+00
   2.0120000e+03   1.2000000e+01   2.0000000e+00   1.8000000e+01   9.0000000e+00   4.1000000e+01  -5.3437942e+01  -3.8693565e+01   5.0128618e+02   3.0938666e-01   1.1301938e+00   0.0000000e+00
   2.0120000e+03   1.2000000e+01   2.0000000e+00   1.8000000e+01   1.1000000e+01   1.9000099e+01  -5.3433514e+01  -3.8694948e+01   5.0045505e+02   8.3993189e-01   2.3173024e+00   1.2595486e-01
   2.0120000e+03   1.2000000e+01   2.0000000e+00   1.8000000e+01   1.2000000e+01   5.7000000e+01  -5.3429093e+01  -3.8696332e+01   4.9977671e+02   1.4286899e+00   4.7288087e+00   4.1729310e-01
   2.0120000e+03   1.2000000e+01   2.0000000e+00   1.8000000e+01   1.4000000e+01   3.5000000e+01  -5.3424689e+01  -3.8697705e+01   4.9774118e+02   7.6855075e-01   2.5525979e+00   1.0002686e+00
   2.0120000e+03   1.2000000e+01   2.0000000e+00   1.8000000e+01   1.6000000e+01   1.4000000e+01  -5.3420276e+01  -3.8699064e+01   4.9858075e+02   5.2598697e-01   1.7066482e+00   1.6718215e+00
   2.0120000e+03   1.2000000e+01   2.0000000e+00   1.8000000e+01   1.7000000e+01   5.4000000e+01  -5.3415782e+01  -3.8700426e+01   5.0740348e+02   8.9750311e-01   3.0015258e+00   2.3064450e+00
   2.0120000e+03   1.2000000e+01   2.0000000e+00   1.8000000e+01   1.9000000e+01   3.1000000e+01  -5.3411406e+01  -3.8701797e+01   4.9469832e+02   1.8763947e-01   8.5330527e-01   1.3563331e-01
   2.0120000e+03   1.2000000e+01   2.0000000e+00   1.8000000e+01   2.1000000e+01   1.0000000e+01  -5.3406981e+01  -3.8703166e+01   5.0000556e+02   4.1717612e-01   1.7115083e+00   1.7434088e-01
   2.0120000e+03   1.2000000e+01   2.0000000e+00   1.8000000e+01   2.2000000e+01   4.8000000e+01  -5.3402542e+01  -3.8704542e+01   5.0162381e+02   6.2924594e-01   2.7025450e+00   1.5157276e+00
   2.0120000e+03   1.2000000e+01   2.0000000e+00   1.8000000e+01   2.4000000e+01   2.4000000e+01  -5.3398138e+01  -3.8705920e+01   4.9773512e+02   3.8779913e+00   9.9568020e+00   9.3344863e+00
   2.0120000e+03   1.2000000e+01   2.0000000e+00   1.8000000e+01   2.5000000e+01   5.9000000e+01  -5.3393741e+01  -3.8707331e+01   4.9752725e+02   3.4215282e+00   7.8044465e+00   7.6077953e+00
   2.0120000e+03   1.2000000e+01   2.0000000e+00   1.8000000e+01   2.7000000e+01   3.5000000e+01  -5.3389301e+01  -3.8708775e+01   5.0255018e+02   9.0409942e-01   2.9391460e+00   2.7145887e+00
   2.0120000e+03   1.2000000e+01   2.0000000e+00   1.8000000e+01   2.9000000e+01   1.3000000e+01  -5.3384890e+01  -3.8710175e+01   4.9887795e+02   5.1206890e+00   5.0207654e+00   3.2328008e+00
   2.0120000e+03   1.2000000e+01   2.0000000e+00   1.8000000e+01   3.0000000e+01   5.3000000e+01  -5.3380456e+01  -3.8711660e+01   5.0246128e+02   4.2247963e+00   3.4515940e+00   3.2067340e+00
   2.0120000e+03   1.2000000e+01   2.0000000e+00   1.8000000e+01   3.2000000e+01   3.3000000e+01  -5.3376020e+01  -3.8713066e+01   5.0160778e+02   1.1785167e+00   3.8516184e+00   2.0267918e+00
   2.0120000e+03   1.2000000e+01   2.0000000e+00   1.8000000e+01   3.4000000e+01   1.2000000e+01  -5.3371619e+01  -3.8714533e+01   4.9859519e+02   2.1447755e+00   3.8787094e+00   9.9085734e-01
   2.0120000e+03   1.2000000e+01   2.0000000e+00   1.8000000e+01   3.5000000e+01   5.2000000e+01  -5.3367234e+01  -3.8715750e+01   4.9391436e+02   7.1413656e-01   2.4193544e+00   1.6631343e+00
   2.0120000e+03   1.2000000e+01   2.0000000e+00   1.8000000e+01   3.7000000e+01   3.1000099e+01  -5.3362774e+01  -3.8717021e+01   5.0267873e+02   6.4800602e-01   2.1646445e+00   1.5951101e+00
   2.0120000e+03   1.2000000e+01   2.0000000e+00   1.8000000e+01   3.9000000e+01   8.0000000e+00  -5.3358298e+01  -3.8718280e+01   5.0440260e+02   8.8832421e-01   3.1203008e+00   1.8159847e+00
   2.0120000e+03   1.2000000e+01   2.0000000e+00   1.8000000e+01   4.0000000e+01   4.3000000e+01  -5.3353878e+01  -3.8719563e+01   4.9844075e+02   1.1110960e+00   3.9284380e+00   3.8064550e+00
   2.0120000e+03   1.2000000e+01   2.0000000e+00   1.8000000e+01   4.2000000e+01   1.8000099e+01  -5.3349416e+01  -3.8720772e+01   5.0224499e+02   1.4342053e+00   4.0753533e+00   3.2339260e+00
   2.0120000e+03   1.2000000e+01   2.0000000e+00   1.8000000e+01   4.3000000e+01   5.6000000e+01  -5.3344983e+01  -3.8722121e+01   5.0068197e+02   8.4705700e-01   3.1894689e+00   2.3774895e+00
   2.0120000e+03   1.2000000e+01   2.0000000e+00   1.8000000e+01   4.5000000e+01   3.9000000e+01  -5.3340578e+01  -3.8723388e+01   4.9660882e+02   1.0915370e+00   3.6134186e+00   2.5419313e+00
   2.0120000e+03   1.2000000e+01   2.0000000e+00   1.8000000e+01   4.7000000e+01   2.3000099e+01  -5.3336173e+01  -3.8724733e+01   4.9759087e+02   9.5306649e-01   2.8372210e+00   2.2881217e+00
   2.0120000e+03   1.2000000e+01   2.0000000e+00   1.8000000e+01   4.9000000e+01   4.0000992e+00  -5.3331768e+01  -3.8726079e+01   4.9751515e+02   1.0190125e+00   3.2804131e+00   2.9368597e+00
   2.0120000e+03   1.2000000e+01   2.0000000e+00   1.8000000e+01   5.0000000e+01   4.1000000e+01  -5.3327363e+01  -3.8727589e+01   4.9970109e+02   1.1270180e+00   3.6407768e+00   3.5582610e+00
   2.0120000e+03   1.2000000e+01   2.0000000e+00   1.8000000e+01   5.2000000e+01   1.6000000e+01  -5.3322952e+01  -3.8729112e+01   5.0048535e+02   1.3392212e+00   4.3330448e+00   3.1546391e+00
   2.0120000e+03   1.2000000e+01   2.0000000e+00   1.8000000e+01   5.3000000e+01   5.1000099e+01  -5.3318541e+01  -3.8730616e+01   5.0015454e+02   9.3206763e-01   2.5785125e+00   2.1220874e+00
   2.0120000e+03   1.2000000e+01   2.0000000e+00   1.8000000e+01   5.5000000e+01   2.8000000e+01  -5.3314086e+01  -3.8732118e+01   5.0498772e+02   1.7572679e+00   3.2564789e+00   2.4670393e+00
   2.0120000e+03   1.2000000e+01   2.0000000e+00   1.8000000e+01   5.7000000e+01   6.0000992e+00  -5.3309661e+01  -3.8733560e+01   5.0090657e+02   1.5309841e+00   5.7313819e+00   4.2686035e+00
   2.0120000e+03   1.2000000e+01   2.0000000e+00   1.8000000e+01   5.8000000e+01   4.3000000e+01  -5.3305285e+01  -3.8734955e+01   4.9508711e+02   1.5430030e+00   5.2922642e+00   4.7074557e+00
   2.0120000e+03   1.2000000e+01   2.0000000e+00   1.9000000e+01   0.0000000e+00   2.2000000e+01  -5.3300832e+01  -3.8736355e+01   5.0345210e+02   2.6017568e+00   6.0869435e+00   5.2372483e+00
   2.0120000e+03   1.2000000e+01   2.0000000e+00   1.9000000e+01   2.0000000e+00   1.0000992e+00  -5.3296406e+01  -3.8737808e+01   5.0118946e+02   2.3667178e+00   7.6189564e+00   6.3245891e+00
   2.0120000e+03   1.2000000e+01   2.0000000e+00   1.9000000e+01   3.0000000e+00   3.9000000e+01  -5.3291980e+01  -3.8739131e+01   4.9957926e+02   1.3181408e+00   4.4353353e+00   2.2629870e+00
   2.0120000e+03   1.2000000e+01   2.0000000e+00   1.9000000e+01   5.0000000e+00   1.7000000e+01  -5.3287552e+01  -3.8740446e+01   4.9977269e+02   8.6328971e-01   3.0629735e+00   2.8191408e+00
   2.0120000e+03   1.2000000e+01   2.0000000e+00   1.9000000e+01   6.0000000e+00   5.5000000e+01  -5.3283105e+01  -3.8741707e+01   5.0116982e+02   6.5708326e-01   2.0460603e+00   2.0116671e+00
   2.0120000e+03   1.2000000e+01   2.0000000e+00   1.9000000e+01   8.0000000e+00   3.3000000e+01  -5.3278724e+01  -3.8743211e+01   4.9693482e+02   3.2190626e-01   1.0160050e+00   9.9365443e-01
   2.0120000e+03   1.2000000e+01   2.0000000e+00   1.9000000e+01   1.0000000e+01   1.1999901e+01  -5.3274328e+01  -3.8744740e+01   4.9893726e+02   1.4441110e+00   3.8997043e+00   3.8857758e+00
   2.0120000e+03   1.2000000e+01   2.0000000e+00   1.9000000e+01   1.1000000e+01   4.9000000e+01  -5.3269904e+01  -3.8746244e+01   5.0167026e+02   1.0115985e+00   3.2565458e+00   2.3127910e+00
   2.0120000e+03   1.2000000e+01   2.0000000e+00   1.9000000e+01   1.3000000e+01   2.5000000e+01  -5.3265484e+01  -3.8747646e+01   4.9995410e+02   6.3695928e-01   1.5499504e+00   1.4531904e+00
   2.0120000e+03   1.2000000e+01   2.0000000e+00   1.9000000e+01   1.5000000e+01   1.0000000e+00  -5.3261094e+01  -3.8749015e+01   4.9615546e+02   7.8845856e-01   2.6342233e+00   2.2154726e+00
   2.0120000e+03   1.2000000e+01   2.0000000e+00   1.9000000e+01   1.6000000e+01   3.8000099e+01  -5.3256637e+01  -3.8750458e+01   5.0445722e+02   1.2229729e+00   3.7942147e+00   2.7206942e+00
