   2.0120000e+03   1.2000000e+01   1.0000000e+00   1.4000000e+01   5.8000000e+01   2.2000000e+01  -5.3320087e+01  -3.9302748e+01   4.9963842e+02   0.0000000e+00   4.3532153e-02   0.0000000e+00
   2.0120000e+03   1.2000000e+01   1.0000000e+00   1.4000000e+01   5.9000000e+01   5.9000000e+01  -5.3324527e+01  -3.9301410e+01   5.0128031e+02   0.0000000e+00   0.0000000e+00   0.0000000e+00
   2.0120000e+03   1.2000000e+01   1.0000000e+00   1.5000000e+01   1.0000000e+00   4.0000000e+01  -5.3328967e+01  -3.9300010e+01   5.0198390e+02   8.1655475e-02   2.6286594e-01   0.0000000e+00
   2.0120000e+03   1.2000000e+01   1.0000000e+00   1.5000000e+01   3.0000000e+00   2.1000000e+01  -5.3333326e+01  -3.9298507e+01   4.9460669e+02   1.5992428e-01   5.1482950e-01   3.9437472e-01
   2.0120000e+03   1.2000000e+01   1.0000000e+00   1.5000000e+01   5.0000000e+00   2.0000000e+00  -5.3337759e+01  -3.9297211e+01   5.0000388e+02   0.0000000e+00   1.8669043e-01   1.8669043e-01
   2.0120000e+03   1.2000000e+01   1.0000000e+00   1.5000000e+01   6.0000000e+00   4.1000099e+01  -5.3342120e+01  -3.9295910e+01   4.9218094e+02   1.1298064e-01   3.6370815e-01   0.0000000e+00
   2.0120000e+03   1.2000000e+01   1.0000000e+00   1.5000000e+01   8.0000000e+00   1.7000000e+01  -5.3346606e+01  -3.9294620e+01   5.0585383e+02   3.7672988e-01   1.2127718e+00   0.0000000e+00
   2.0120000e+03   1.2000000e+01   1.0000000e+00   1.5000000e+01   9.0000000e+00   5.2000000e+01  -5.3351050e+01  -3.9293303e+01   5.0145684e+02   7.8987458e-02   2.5427704e-01   2.5427704e-01
   2.0120000e+03   1.2000000e+01   1.0000000e+00   1.5000000e+01   1.1000000e+01   2.8999901e+01  -5.3355489e+01  -3.9292032e+01   5.0038433e+02   0.0000000e+00   0.0000000e+00   0.0000000e+00
   2.0120000e+03   1.2000000e+01   1.0000000e+00   1.5000000e+01   1.3000000e+01   6.0000000e+00  -5.3359903e+01  -3.9290686e+01   4.9858587e+02   0.0000000e+00   0.0000000e+00   0.0000000e+00
   2.0120000e+03   1.2000000e+01   1.0000000e+00   1.5000000e+01   1.4000000e+01   4.3000099e+01  -5.3364327e+01  -3.9289388e+01   4.9904024e+02   2.0726713e-01   6.6723596e-01   6.6723596e-01
   2.0120000e+03   1.2000000e+01   1.0000000e+00   1.5000000e+01   1.6000000e+01   1.9000000e+01  -5.3368746e+01  -3.9288021e+01   4.9930655e+02   3.2483120e-02   1.0456992e-01   1.0456992e-01
   2.0120000e+03   1.2000000e+01   1.0000000e+00   1.5000000e+01   1.7000000e+01   5.5000099e+01  -5.3373154e+01  -3.9286566e+01   4.9925432e+02   1.9039454e-01   6.1291958e-01   0.0000000e+00
   2.0120000e+03   1.2000000e+01   1.0000000e+00   1.5000000e+01   1.9000000e+01   3.2000000e+01  -5.3377576e+01  -3.9285153e+01   5.0026116e+02   5.2111412e-01   1.7664385e+00   7.9180168e-01
   2.0120000e+03   1.2000000e+01   1.0000000e+00   1.5000000e+01   2.1000000e+01   9.0000992e+00  -5.3382034e+01  -3.9283824e+01   5.0310366e+02   3.8707746e-01   1.4313731e+00   0.0000000e+00
   2.0120000e+03   1.2000000e+01   1.0000000e+00   1.5000000e+01   2.2000000e+01   4.3999901e+01  -5.3386417e+01  -3.9282522e+01   4.9459127e+02   1.4912164e-01   4.8005355e-01   1.8158926e-01
   2.0120000e+03   1.2000000e+01   1.0000000e+00   1.5000000e+01   2.4000000e+01   2.0000000e+01  -5.3390873e+01  -3.9281188e+01   5.0306948e+02   6.2067558e-01   1.1257692e+00   5.4468571e-01
   2.0120000e+03   1.2000000e+01   1.0000000e+00   1.5000000e+01   2.6000000e+01   0.0000000e+00  -5.3395294e+01  -3.9279828e+01   4.9946521e+02   2.2459917e-01   4.2015502e-01   1.0810523e-01
   2.0120000e+03   1.2000000e+01   1.0000000e+00   1.5000000e+01   2.7000000e+01   4.1000000e+01  -5.3399705e+01  -3.9278498e+01   4.9795708e+02   7.7628764e-02   2.4990312e-01   1.3357811e-01
   2.0120000e+03   1.2000000e+01   1.0000000e+00   1.5000000e+01   2.9000000e+01   2.2000000e+01  -5.3404142e+01  -3.9277176e+01   5.0071469e+02   3.5812132e-02   1.3918484e-01   0.0000000e+00
   2.0120000e+03   1.2000000e+01   1.0000000e+00   1.5000000e+01   3.1000000e+01   2.0000000e+00  -5.3408562e+01  -3.9275830e+01   4.9918114e+02   2.7168979e-01   6.2340161e-01   4.0045618e-01
   2.0120000e+03   1.2000000e+01   1.0000000e+00   1.5000000e+01   3.2000000e+01   4.2000000e+01  -5.3412962e+01  -3.9274534e+01   4.9639520e+02   1.9197313e-01   6.4443051e-01   1.6887740e-01
   2.0120000e+03   1.2000000e+01   1.0000000e+00   1.5000000e+01   3.4000000e+01   2.2000000e+01  -5.3417399e+01  -3.9273186e+01   5.0109182e+02   5.5824857e-02   3.1162003e-01   0.0000000e+00
   2.0120000e+03   1.2000000e+01   1.0000000e+00   1.5000000e+01   3.6000000e+01   1.0000000e+00  -5.3421834e+01  -3.9271863e+01   5.0051154e+02   9.2122098e-02   2.9656018e-01   5.9262786e-02
   2.0120000e+03   1.2000000e+01   1.0000000e+00   1.5000000e+01   3.7000000e+01   4.0999901e+01  -5.3426240e+01  -3.9270507e+01   4.9780816e+02   1.5330621e-01   5.7971784e-01   1.3639088e-01
   2.0120000e+03   1.2000000e+01   1.0000000e+00   1.5000000e+01   3.9000000e+01   2.2000099e+01  -5.3430706e+01  -3.9269177e+01   5.0404451e+02   2.6765724e-01   4.1025750e-01   2.7857357e-01
   2.0120000e+03   1.2000000e+01   1.0000000e+00   1.5000000e+01   4.1000000e+01   0.0000000e+00  -5.3435111e+01  -3.9267894e+01   4.9676228e+02   8.6910760e-01   2.7978380e+00   1.6009139e+00
   2.0120000e+03   1.2000000e+01   1.0000000e+00   1.5000000e+01   4.2000000e+01   3.8000000e+01  -5.3439556e+01  -3.9266607e+01   5.0127755e+02   4.5724136e-01   1.4719550e+00   0.0000000e+00
   2.0120000e+03   1.2000000e+01   1.0000000e+00   1.5000000e+01   4.4000000e+01   1.5000000e+01  -5.3443992e+01  -3.9265303e+01   5.0038816e+02   7.7222829e-01   2.7490771e+00   1.8980858e+00
   2.0120000e+03   1.2000000e+01   1.0000000e+00   1.5000000e+01   4.5000000e+01   5.2000000e+01  -5.3448370e+01  -3.9263975e+01   4.9437460e+02   7.4090443e-01   5.6499416e-01   3.5160641e-01
   2.0120000e+03   1.2000000e+01   1.0000000e+00   1.5000000e+01   4.7000000e+01   3.1000000e+01  -5.3452821e+01  -3.9262649e+01   5.0228215e+02   2.0558200e-01   5.9466163e-01   2.6677455e-01
   2.0120000e+03   1.2000000e+01   1.0000000e+00   1.5000000e+01   4.9000000e+01   1.0000000e+01  -5.3457247e+01  -3.9261368e+01   4.9913028e+02   6.5570832e-01   2.1108614e+00   3.5751167e-01
   2.0120000e+03   1.2000000e+01   1.0000000e+00   1.5000000e+01   5.0000000e+01   5.1000000e+01  -5.3461670e+01  -3.9260039e+01   4.9928408e+02   2.6694703e-01   1.2263913e+00   8.0137975e-02
   2.0120000e+03   1.2000000e+01   1.0000000e+00   1.5000000e+01   5.2000000e+01   3.1000000e+01  -5.3466099e+01  -3.9258740e+01   4.9949491e+02   1.7631076e+00   6.2162245e-01   4.8824929e-01
   2.0120000e+03   1.2000000e+01   1.0000000e+00   1.5000000e+01   5.4000000e+01   8.0000992e+00  -5.3470562e+01  -3.9257477e+01   5.0293867e+02   1.8818840e-01   9.2115748e-01   3.1533990e-01
   2.0120000e+03   1.2000000e+01   1.0000000e+00   1.5000000e+01   5.5000000e+01   4.4000000e+01  -5.3474953e+01  -3.9256160e+01   4.9569273e+02   4.8643169e-01   1.0066931e+00   3.7923226e-01
   2.0120000e+03   1.2000000e+01   1.0000000e+00   1.5000000e+01   5.7000000e+01   2.0000000e+01  -5.3479388e+01  -3.9254892e+01   4.9983832e+02   2.4243369e-01   8.3735192e-01   0.0000000e+00
   2.0120000e+03   1.2000000e+01   1.0000000e+00   1.5000000e+01   5.8000000e+01   5.6999901e+01  -5.3483810e+01  -3.9253456e+01   5.0046849e+02   9.8710644e-01   3.2194815e+00   2.3249983e+00
   2.0120000e+03   1.2000000e+01   1.0000000e+00   1.6000000e+01   0.0000000e+00   3.4000000e+01  -5.3488262e+01  -3.9252058e+01   5.0324802e+02   4.5075500e-01   1.5065098e+00   9.7986398e-01
   2.0120000e+03   1.2000000e+01   1.0000000e+00   1.6000000e+01   2.0000000e+00   1.0000000e+01  -5.3492657e+01  -3.9250677e+01   4.9686351e+02   6.7751483e-01   2.2208618e+00   1.2641008e+00
   2.0120000e+03   1.2000000e+01   1.0000000e+00   1.6000000e+01   3.0000000e+00   4.7000000e+01  -5.3497054e+01  -3.9249311e+01   4.9690395e+02   1.4281810e+00   2.5729879e+00   6.9976221e-01
   2.0120000e+03   1.2000000e+01   1.0000000e+00   1.6000000e+01   5.0000000e+00   2.3000099e+01  -5.3501488e+01  -3.9247986e+01   5.0039894e+02   1.3366298e+00   2.6761274e+00   2.0633505e+00
   2.0120000e+03   1.2000000e+01   1.0000000e+00   1.6000000e+01   6.0000000e+00   5.9000000e+01  -5.3505910e+01  -3.9246639e+01   4.9934529e+02   2.2835222e-01   5.6388996e-01   2.7028948e-01
   2.0120000e+03   1.2000000e+01   1.0000000e+00   1.6000000e+01   8.0000000e+00   3.6000000e+01  -5.3510373e+01  -3.9245341e+01   5.0338014e+02   1.6400800e-01   5.2797583e-01   1.9231755e-01
   2.0120000e+03   1.2000000e+01   1.0000000e+00   1.6000000e+01   1.0000000e+01   1.5000000e+01  -5.3514820e+01  -3.9244190e+01   4.9996646e+02   2.3386885e-02   8.2605167e-02   0.0000000e+00
   2.0120000e+03   1.2000000e+01   1.0000000e+00   1.6000000e+01   1.1000000e+01   5.5000000e+01  -5.3519271e+01  -3.9242956e+01   5.0123491e+02   4.4435602e-02   1.4304744e-01   0.0000000e+00
   2.0120000e+03   1.2000000e+01   1.0000000e+00   1.6000000e+01   1.3000000e+01   3.5000099e+01  -5.3523672e+01  -3.9241680e+01   4.9630563e+02   3.7387640e-02   1.2035858e-01   0.0000000e+00
   2.0120000e+03   1.2000000e+01   1.0000000e+00   1.6000000e+01   1.5000000e+01   1.5000000e+01  -5.3528111e+01  -3.9240356e+01   5.0093105e+02   3.5753179e-02   1.3337107e-01   0.0000000e+00
   2.0120000e+03   1.2000000e+01   1.0000000e+00   1.6000000e+01   1.6000000e+01   5.5000000e+01  -5.3532540e+01  -3.9239049e+01   4.9965840e+02   5.8672495e-02   2.0411082e-01   0.0000000e+00
   2.0120000e+03   1.2000000e+01   1.0000000e+00   1.6000000e+01   1.8000000e+01   3.4000000e+01  -5.3536967e+01  -3.9237724e+01   4.9962983e+02   1.8629945e-01   5.9973665e-01   0.0000000e+00
   2.0120000e+03   1.2000000e+01   1.0000000e+00   1.6000000e+01   2.0000000e+01   1.2999901e+01  -5.3541373e+01  -3.9236431e+01   4.9699187e+02   8.0769872e-02   2.9324968e-01   0.0000000e+00
   2.0120000e+03   1.2000000e+01   1.0000000e+00   1.6000000e+01   2.1000000e+01   5.2000000e+01  -5.3545795e+01  -3.9235115e+01   4.9899476e+02   1.9242462e-01   4.6171405e-01   0.0000000e+00
   2.0120000e+03   1.2000000e+01   1.0000000e+00   1.6000000e+01   2.3000000e+01   3.2000000e+01  -5.3550221e+01  -3.9233724e+01   5.0033209e+02   2.6004377e-01   8.6888272e-01   5.4573031e-01
   2.0120000e+03   1.2000000e+01   1.0000000e+00   1.6000000e+01   2.5000000e+01   1.2000000e+01  -5.3554680e+01  -3.9232388e+01   5.0320134e+02   6.5831235e-01   2.1192443e+00   3.1683830e-01
   2.0120000e+03   1.2000000e+01   1.0000000e+00   1.6000000e+01   2.6000000e+01   5.2000000e+01  -5.3559078e+01  -3.9231036e+01   4.9682716e+02   2.9757043e-01   9.9232646e-01   3.7602633e-01
   2.0120000e+03   1.2000000e+01   1.0000000e+00   1.6000000e+01   2.8000000e+01   3.3000000e+01  -5.3563478e+01  -3.9229783e+01   4.9585290e+02   2.1386071e+02   6.8846208e+02   6.8582129e+02
   2.0120000e+03   1.2000000e+01   1.0000000e+00   1.6000000e+01   3.0000000e+01   1.3000099e+01  -5.3567941e+01  -3.9228515e+01   5.0296066e+02   7.0509246e-01   2.2698391e+00   9.5786525e-01
   2.0120000e+03   1.2000000e+01   1.0000000e+00   1.6000000e+01   3.1000000e+01   5.2000000e+01  -5.3572380e+01  -3.9227178e+01   5.0110354e+02   3.3015213e-01   1.1920341e+00   3.5216844e-01
   2.0120000e+03   1.2000000e+01   1.0000000e+00   1.6000000e+01   3.3000000e+01   2.9000000e+01  -5.3576797e+01  -3.9225938e+01   4.9762885e+02   5.4287190e-01   1.8528017e+00   3.9674728e-01
   2.0120000e+03   1.2000000e+01   1.0000000e+00   1.6000000e+01   3.5000000e+01   7.0000000e+00  -5.3581231e+01  -3.9224587e+01   5.0064944e+02   4.2730559e-01   1.5325870e+00   3.3558457e-01
   2.0120000e+03   1.2000000e+01   1.0000000e+00   1.6000000e+01   3.6000000e+01   4.6000000e+01  -5.3585686e+01  -3.9223192e+01   5.0354695e+02   3.7180587e-01   1.1969204e+00   5.3159584e-01
   2.0120000e+03   1.2000000e+01   1.0000000e+00   1.6000000e+01   3.8000000e+01   2.4000099e+01  -5.3590104e+01  -3.9221746e+01   5.0010045e+02   3.3952576e-02   1.8509687e-01   0.0000000e+00
   2.0120000e+03   1.2000000e+01   1.0000000e+00   1.6000000e+01   4.0000000e+01   2.0000000e+00  -5.3594515e+01  -3.9220405e+01   4.9802202e+02   1.5123374e-01   6.3623425e-01   0.0000000e+00
   2.0120000e+03   1.2000000e+01   1.0000000e+00   1.6000000e+01   4.1000000e+01   4.1000000e+01  -5.3598927e+01  -3.9219078e+01   4.9809388e+02   3.8635735e-02   1.2437646e-01   0.0000000e+00
   2.0120000e+03   1.2000000e+01   1.0000000e+00   1.6000000e+01   4.3000000e+01   1.9000000e+01  -5.3603328e+01  -3.9217752e+01   4.9671680e+02   2.3405400e-02   7.5346845e-02   0.0000000e+00
   2.0120000e+03   1.2000000e+01   1.0000000e+00   1.6000000e+01   4.4000000e+01   5.6000000e+01  -5.3607806e+01  -3.9216400e+01   5.0559536e+02   2.1859840e-01   7.0371369e-01   8.3257124e-02
   2.0120000e+03   1.2000000e+01   1.0000000e+00   1.6000000e+01   4.6000000e+01   3.2000000e+01  -5.3612227e+01  -3.9215054e+01   4.9913733e+02   5.9198206e-02   3.1431779e-01   1.0285454e-01
   2.0120000e+03   1.2000000e+01   1.0000000e+00   1.6000000e+01   4.8000000e+01   8.0000000e+00  -5.3616641e+01  -3.9213671e+01   4.9893353e+02   5.4890369e-02   1.7670350e-01   0.0000000e+00
   2.0120000e+03   1.2000000e+01   1.0000000e+00   1.6000000e+01   4.9000000e+01   4.3000000e+01  -5.3621027e+01  -3.9212288e+01   4.9575287e+02   1.0707456e-01   3.7214804e-01   0.0000000e+00
   2.0120000e+03   1.2000000e+01   1.0000000e+00   1.6000000e+01   5.1000000e+01   1.9000000e+01  -5.3625449e+01  -3.9210833e+01   5.0063417e+02   3.2267802e-01   1.2710025e+00   9.6562914e-01
   2.0120000e+03   1.2000000e+01   1.0000000e+00   1.6000000e+01   5.2000000e+01   5.7000000e+01  -5.3629853e+01  -3.9209443e+01   4.9794200e+02   5.0571667e-01   1.6676484e+00   9.8506239e-01
   2.0120000e+03   1.2000000e+01   1.0000000e+00   1.6000000e+01   5.4000000e+01   3.4000000e+01  -5.3634289e+01  -3.9208046e+01   5.0143702e+02   2.4763607e-02   7.9719196e-02   7.9719196e-02
   2.0120000e+03   1.2000000e+01   1.0000000e+00   1.6000000e+01   5.6000000e+01   1.1000000e+01  -5.3638715e+01  -3.9206590e+01   5.0103701e+02   3.7008095e-02   1.1913675e-01   1.1913675e-01
   2.0120000e+03   1.2000000e+01   1.0000000e+00   1.6000000e+01   5.7000000e+01   4.7000000e+01  -5.3643129e+01  -3.9205167e+01   4.9944423e+02   9.2645372e-02   3.4254436e-01   0.0000000e+00
   2.0120000e+03   1.2000000e+01   1.0000000e+00   1.6000000e+01   5.9000000e+01   2.2000000e+01  -5.3647530e+01  -3.9203829e+01   4.9691273e+02   3.1842637e-01   1.1066219e+00   9.5983054e-01
   2.0120000e+03   1.2000000e+01   1.0000000e+00   1.7000000e+01   0.0000000e+00   5.7000000e+01  -5.3651930e+01  -3.9202516e+01   4.9645196e+02   1.1603697e-01   3.7354711e-01   2.4872625e-01
   2.0120000e+03   1.2000000e+01   1.0000000e+00   1.7000000e+01   2.0000000e+00   3.4000000e+01  -5.3656393e+01  -3.9201219e+01   5.0326439e+02   3.9043749e-01   1.2568994e+00   1.1544250e-01
   2.0120000e+03   1.2000000e+01   1.0000000e+00   1.7000000e+01   4.0000000e+00   1.2000000e+01  -5.3660867e+01  -3.9199924e+01   5.0436005e+02   6.7854140e-01   1.7695671e+00   1.0638029e+00
   2.0120000e+03   1.2000000e+01   1.0000000e+00   1.7000000e+01   5.0000000e+00   4.9999901e+01  -5.3665296e+01  -3.9198691e+01   4.9884924e+02   6.3299120e-01   2.1167269e+00   8.1321276e-01
   2.0120000e+03   1.2000000e+01   1.0000000e+00   1.7000000e+01   7.0000000e+00   2.6000000e+01  -5.3669727e+01  -3.9197389e+01   4.9981056e+02   4.2623517e-01   1.0450990e+00   7.0896229e-01
   2.0120000e+03   1.2000000e+01   1.0000000e+00   1.7000000e+01   9.0000000e+00   2.0000000e+00  -5.3674151e+01  -3.9196058e+01   4.9926385e+02   1.9735620e+00   4.5026103e+00   2.5691216e+00
   2.0120000e+03   1.2000000e+01   1.0000000e+00   1.7000000e+01   1.0000000e+01   3.8000000e+01  -5.3678563e+01  -3.9194743e+01   4.9784046e+02   3.1070577e+00   7.5595959e+00   2.6241658e+00
   2.0120000e+03   1.2000000e+01   1.0000000e+00   1.7000000e+01   1.2000000e+01   1.5000000e+01  -5.3683002e+01  -3.9193436e+01   5.0074684e+02   2.3004307e+00   7.5433942e+00   2.6504459e+00
   2.0120000e+03   1.2000000e+01   1.0000000e+00   1.7000000e+01   1.3000000e+01   5.2000000e+01  -5.3687410e+01  -3.9192145e+01   4.9713935e+02   3.0338432e+00   3.8563766e+00   2.4488310e+00
   2.0120000e+03   1.2000000e+01   1.0000000e+00   1.7000000e+01   1.5000000e+01   2.8000000e+01  -5.3691803e+01  -3.9190901e+01   4.9500161e+02   1.0390321e+00   2.0519583e+00   1.0219490e+00
   2.0120000e+03   1.2000000e+01   1.0000000e+00   1.7000000e+01   1.7000000e+01   4.9999008e+00  -5.3696279e+01  -3.9189580e+01   5.0489585e+02   3.2104356e+00   1.0609644e+01   8.9332998e+00
   2.0120000e+03   1.2000000e+01   1.0000000e+00   1.7000000e+01   1.8000000e+01   4.3000000e+01  -5.3700741e+01  -3.9188285e+01   5.0309485e+02   4.9789991e+00   9.9410866e+00   5.3355726e+00
   2.0120000e+03   1.2000000e+01   1.0000000e+00   1.7000000e+01   2.0000000e+01   1.8999901e+01  -5.3705175e+01  -3.9187023e+01   4.9965444e+02   1.4604798e+00   5.5044782e+00   3.6974291e+00
   2.0120000e+03   1.2000000e+01   1.0000000e+00   1.7000000e+01   2.1000000e+01   5.5000000e+01  -5.3709574e+01  -3.9185788e+01   4.9544092e+02   3.3696217e-01   1.1321821e+00   0.0000000e+00
   2.0120000e+03   1.2000000e+01   1.0000000e+00   1.7000000e+01   2.3000000e+01   3.2000000e+01  -5.3713989e+01  -3.9184543e+01   4.9742416e+02   3.3746040e+00   1.0886465e+01   1.3750632e+00
   2.0120000e+03   1.2000000e+01   1.0000000e+00   1.7000000e+01   2.5000000e+01   1.0000000e+01  -5.3718411e+01  -3.9183134e+01   4.9998345e+02   8.0237140e+00   1.4686138e+01   3.6263626e+00
   2.0120000e+03   1.2000000e+01   1.0000000e+00   1.7000000e+01   2.6000000e+01   4.8000000e+01  -5.3722829e+01  -3.9181711e+01   4.9984625e+02   6.0370522e-01   1.4999557e+00   9.3905521e-01
   2.0120000e+03   1.2000000e+01   1.0000000e+00   1.7000000e+01   2.8000000e+01   2.6000000e+01  -5.3727289e+01  -3.9180241e+01   5.0488096e+02   2.2268720e+00   3.9762128e+00   2.9277584e+00
   2.0120000e+03   1.2000000e+01   1.0000000e+00   1.7000000e+01   3.0000000e+01   5.0000000e+00  -5.3731664e+01  -3.9178844e+01   4.9480498e+02   5.1916056e+00   4.8143997e+00   9.2064668e-01
   2.0120000e+03   1.2000000e+01   1.0000000e+00   1.7000000e+01   3.1000000e+01   4.3000099e+01  -5.3736117e+01  -3.9177559e+01   5.0197035e+02   2.1074128e+00   5.2869821e+00   2.5270811e+00
   2.0120000e+03   1.2000000e+01   1.0000000e+00   1.7000000e+01   3.3000000e+01   2.0000000e+01  -5.3740562e+01  -3.9176279e+01   5.0099240e+02   1.0584400e+00   2.8608666e+00   1.7323474e+00
   2.0120000e+03   1.2000000e+01   1.0000000e+00   1.7000000e+01   3.4000000e+01   5.6000000e+01  -5.3744996e+01  -3.9175041e+01   4.9943348e+02   4.4676693e+00   1.0943071e+01   9.7107432e+00
   2.0120000e+03   1.2000000e+01   1.0000000e+00   1.7000000e+01   3.6000000e+01   3.1000000e+01  -5.3749417e+01  -3.9173815e+01   4.9777689e+02   3.8159865e+00   8.6099842e+00   8.3822895e+00
   2.0120000e+03   1.2000000e+01   1.0000000e+00   1.7000000e+01   3.8000000e+01   6.0000000e+00  -5.3753857e+01  -3.9172544e+01   5.0037901e+02   7.5358400e-01   3.3806290e+00   1.3499417e+00
   2.0120000e+03   1.2000000e+01   1.0000000e+00   1.7000000e+01   3.9000000e+01   4.1000000e+01  -5.3758295e+01  -3.9171261e+01   5.0026493e+02   2.0152462e+00   4.3149688e+00   1.5919146e+00
   2.0120000e+03   1.2000000e+01   1.0000000e+00   1.7000000e+01   4.1000000e+01   1.6999901e+01  -5.3762727e+01  -3.9170039e+01   4.9905400e+02   2.1929557e+00   4.6936453e+00   7.3682654e-01
   2.0120000e+03   1.2000000e+01   1.0000000e+00   1.7000000e+01   4.2000000e+01   5.5000000e+01  -5.3767166e+01  -3.9168495e+01   5.0359963e+02   1.3472070e+00   3.6895674e+00   5.0764699e-01
   2.0120000e+03   1.2000000e+01   1.0000000e+00   1.7000000e+01   4.4000000e+01   3.0999901e+01  -5.3771573e+01  -3.9166852e+01   5.0142314e+02   1.5204064e+00   3.5669623e+00   6.5545157e-01
   2.0120000e+03   1.2000000e+01   1.0000000e+00   1.7000000e+01   4.6000000e+01   6.0000000e+00  -5.3775932e+01  -3.9165285e+01   4.9513879e+02   1.4179989e+00   3.2307540e+00   1.1153216e+00
   2.0120000e+03   1.2000000e+01   1.0000000e+00   1.7000000e+01   4.7000000e+01   4.2000000e+01  -5.3780319e+01  -3.9163631e+01   4.9945626e+02   8.3670698e-01   2.7777031e+00   4.9276019e-01
   2.0120000e+03   1.2000000e+01   1.0000000e+00   1.7000000e+01   4.9000000e+01   1.9000000e+01  -5.3784688e+01  -3.9161970e+01   4.9757048e+02   4.7371671e-01   1.5400398e+00   5.1188184e-01
   2.0120000e+03   1.2000000e+01   1.0000000e+00   1.7000000e+01   5.0000000e+01   5.6000000e+01  -5.3789039e+01  -3.9160306e+01   4.9565409e+02   9.4699719e-01   3.0485807e+00   7.4406500e-01
   2.0120000e+03   1.2000000e+01   1.0000000e+00   1.7000000e+01   5.2000000e+01   3.4000000e+01  -5.3793448e+01  -3.9158676e+01   5.0155207e+02   1.2277454e+00   4.1039929e+00   2.9522897e+00
   2.0120000e+03   1.2000000e+01   1.0000000e+00   1.7000000e+01   5.4000000e+01   1.3000099e+01  -5.3797934e+01  -3.9157394e+01   5.0553498e+02   2.3049136e+00   5.6898402e+00   4.4094661e+00
   2.0120000e+03   1.2000000e+01   1.0000000e+00   1.7000000e+01   5.5000000e+01   5.0000000e+01  -5.3802353e+01  -3.9156115e+01   4.9811436e+02   2.6188382e+00   4.7467294e+00   2.9174698e+00
   2.0120000e+03   1.2000000e+01   1.0000000e+00   1.7000000e+01   5.7000000e+01   2.6000000e+01  -5.3806803e+01  -3.9154957e+01   5.0027761e+02   3.2233591e+00   6.6052733e+00   2.8818652e+00
   2.0120000e+03   1.2000000e+01   1.0000000e+00   1.7000000e+01   5.9000000e+01   2.0000000e+00  -5.3811238e+01  -3.9153811e+01   4.9852768e+02   1.8516483e+00   6.0453766e+00   4.4125183e+00
   2.0120000e+03   1.2000000e+01   1.0000000e+00   1.8000000e+01   0.0000000e+00   3.8000000e+01  -5.3815688e+01  -3.9152685e+01   4.9998394e+02   2.2923352e+00   5.8232520e+00   2.5850776e+00
   2.0120000e+03   1.2000000e+01   1.0000000e+00   1.8000000e+01   2.0000000e+00   1.4000099e+01  -5.3820142e+01  -3.9151486e+01   5.0108085e+02   2.7099323e+00   5.6026765e+00   1.3637614e+00
   2.0120000e+03   1.2000000e+01   1.0000000e+00   1.8000000e+01   3.0000000e+00   5.0000000e+01  -5.3824549e+01  -3.9150195e+01   4.9706666e+02   2.0135041e+00   6.4818881e+00   1.8122758e+00
   2.0120000e+03   1.2000000e+01   1.0000000e+00   1.8000000e+01   5.0000000e+00   2.6000099e+01  -5.3829004e+01  -3.9148934e+01   5.0186046e+02   1.7167683e+00   6.1542169e+00   2.5156240e+00
   2.0120000e+03   1.2000000e+01   1.0000000e+00   1.8000000e+01   7.0000000e+00   2.0000000e+00  -5.3833432e+01  -3.9147698e+01   4.9870884e+02   1.2283427e+00   4.4818606e+00   2.7937406e+00
   2.0120000e+03   1.2000000e+01   1.0000000e+00   1.8000000e+01   8.0000000e+00   3.7000000e+01  -5.3837872e+01  -3.9146496e+01   4.9962905e+02   2.2346563e+00   4.8518865e+00   1.8410795e+00
   2.0120000e+03   1.2000000e+01   1.0000000e+00   1.8000000e+01   1.0000000e+01   1.3000000e+01  -5.3842342e+01  -3.9145304e+01   5.0282824e+02   1.2900574e+00   4.4537548e+00   1.4937341e+00
   2.0120000e+03   1.2000000e+01   1.0000000e+00   1.8000000e+01   1.1000000e+01   4.8000000e+01  -5.3846741e+01  -3.9144031e+01   4.9585892e+02   8.7985730e-01   2.3076694e+00   2.0328267e+00
   2.0120000e+03   1.2000000e+01   1.0000000e+00   1.8000000e+01   1.3000000e+01   2.3000000e+01  -5.3851147e+01  -3.9142537e+01   4.9927459e+02   1.1872342e+00   2.9175582e+00   1.4963644e+00
   2.0120000e+03   1.2000000e+01   1.0000000e+00   1.8000000e+01   1.4000000e+01   5.7000000e+01  -5.3855553e+01  -3.9141042e+01   4.9930431e+02   7.2329922e-01   2.4490705e+00   1.2551014e+00
   2.0120000e+03   1.2000000e+01   1.0000000e+00   1.8000000e+01   1.6000000e+01   3.0000000e+01  -5.3859934e+01  -3.9139571e+01   4.9626665e+02   9.7713500e-01   2.1817736e+00   1.4759891e+00
   2.0120000e+03   1.2000000e+01   1.0000000e+00   1.8000000e+01   1.8000000e+01   4.0000000e+00  -5.3864375e+01  -3.9138053e+01   5.0342740e+02   6.4796006e-01   2.0859181e+00   8.7267317e-01
   2.0120000e+03   1.2000000e+01   1.0000000e+00   1.8000000e+01   1.9000000e+01   3.8000000e+01  -5.3868752e+01  -3.9136509e+01   4.9679225e+02   7.8190513e-01   2.1135602e+00   1.7431155e+00
   2.0120000e+03   1.2000000e+01   1.0000000e+00   1.8000000e+01   2.1000000e+01   1.1000099e+01  -5.3873163e+01  -3.9134951e+01   5.0064349e+02   1.3590681e+00   2.6594285e+00   2.3947813e+00
   2.0120000e+03   1.2000000e+01   1.0000000e+00   1.8000000e+01   2.2000000e+01   4.5000000e+01  -5.3877590e+01  -3.9133403e+01   5.0222320e+02   3.5005808e+00   1.1325636e+01   1.0326672e+01
   2.0120000e+03   1.2000000e+01   1.0000000e+00   1.8000000e+01   2.4000000e+01   1.9000000e+01  -5.3882033e+01  -3.9131944e+01   5.0294007e+02   1.8304654e+00   5.1392727e+00   4.3904025e+00
   2.0120000e+03   1.2000000e+01   1.0000000e+00   1.8000000e+01   2.5000000e+01   5.7000099e+01  -5.3886462e+01  -3.9130763e+01   4.9815610e+02   1.7525175e+00   2.5083981e+00   9.4982479e-01
   2.0120000e+03   1.2000000e+01   1.0000000e+00   1.8000000e+01   2.7000000e+01   4.2000000e+01  -5.3890876e+01  -3.9129597e+01   4.9645771e+02   2.3354274e-01   8.0953053e-01   4.0862211e-01
   2.0120000e+03   1.2000000e+01   1.0000000e+00   1.8000000e+01   2.9000000e+01   3.0999901e+01  -5.3895301e+01  -3.9128381e+01   4.9808124e+02   2.4832191e-01   6.5104681e-01   1.2095982e-01
   2.0120000e+03   1.2000000e+01   1.0000000e+00   1.8000000e+01   3.1000000e+01   2.3000000e+01  -5.3899757e+01  -3.9127232e+01   5.0078504e+02   4.5472390e-01   1.4638507e+00   9.4408004e-01
   2.0120000e+03   1.2000000e+01   1.0000000e+00   1.8000000e+01   3.3000000e+01   1.4999901e+01  -5.3904140e+01  -3.9126053e+01   4.9319689e+02   6.0317675e-01   2.0724649e+00   1.2979341e+00
   2.0120000e+03   1.2000000e+01   1.0000000e+00   1.8000000e+01   3.5000000e+01   3.0000992e+00  -5.3908586e+01  -3.9124794e+01   5.0087753e+02   9.3031738e-01   3.1790193e+00   1.1049557e+00
   2.0120000e+03   1.2000000e+01   1.0000000e+00   1.8000000e+01   3.6000000e+01   4.5000099e+01  -5.3913035e+01  -3.9123596e+01   5.0044732e+02   5.3084260e-01   1.8148569e+00   1.4458641e+00
   2.0120000e+03   1.2000000e+01   1.0000000e+00   1.8000000e+01   3.8000000e+01   2.3000000e+01  -5.3917490e+01  -3.9122410e+01   5.0111075e+02   1.0522697e+00   2.6259298e+00   2.0366302e+00
   2.0120000e+03   1.2000000e+01   1.0000000e+00   1.8000000e+01   3.9000000e+01   5.9000099e+01  -5.3921944e+01  -3.9121264e+01   5.0063914e+02   1.2533801e+00   3.1698396e+00   2.3229849e+00
   2.0120000e+03   1.2000000e+01   1.0000000e+00   1.8000000e+01   4.1000000e+01   3.6000000e+01  -5.3926415e+01  -3.9120085e+01   5.0274382e+02   1.4607330e+00   3.2953062e+00   2.1859023e+00
   2.0120000e+03   1.2000000e+01   1.0000000e+00   1.8000000e+01   4.3000000e+01   1.3999901e+01  -5.3930839e+01  -3.9118841e+01   4.9831969e+02   9.9974509e-01   2.6254822e+00   1.8359758e+00
   2.0120000e+03   1.2000000e+01   1.0000000e+00   1.8000000e+01   4.4000000e+01   5.4000099e+01  -5.3935244e+01  -3.9117546e+01   4.9668502e+02   2.1414028e+00   2.5328400e+00   8.3796571e-01
   2.0120000e+03   1.2000000e+01   1.0000000e+00   1.8000000e+01   4.6000000e+01   3.4000000e+01  -5.3939696e+01  -3.9116123e+01   5.0346417e+02   9.8597609e-01   2.8581935e+00   1.9208453e+00
   2.0120000e+03   1.2000000e+01   1.0000000e+00   1.8000000e+01   4.8000000e+01   1.2000000e+01  -5.3944085e+01  -3.9114478e+01   4.9942328e+02   1.1245242e+00   3.2032447e+00   1.9947047e+00
   2.0120000e+03   1.2000000e+01   1.0000000e+00   1.8000000e+01   4.9000000e+01   4.9000099e+01  -5.3948479e+01  -3.9112852e+01   4.9971487e+02   1.0816484e+00   2.7724812e+00   1.4011645e+00
   2.0120000e+03   1.2000000e+01   1.0000000e+00   1.8000000e+01   5.1000000e+01   2.5999901e+01  -5.3952887e+01  -3.9111192e+01   5.0162953e+02   1.6864858e+00   2.4151734e+00   1.8485778e+00
   2.0120000e+03   1.2000000e+01   1.0000000e+00   1.8000000e+01   5.3000000e+01   3.0000992e+00  -5.3957258e+01  -3.9109443e+01   4.9903280e+02   1.2432172e+00   3.5777141e+00   2.2012220e-01
   2.0120000e+03   1.2000000e+01   1.0000000e+00   1.8000000e+01   5.4000000e+01   4.0000000e+01  -5.3961662e+01  -3.9107822e+01   5.0074375e+02   1.7269419e+00   3.3432833e+00   3.1444535e-02
   2.0120000e+03   1.2000000e+01   1.0000000e+00   1.8000000e+01   5.6000000e+01   1.7000099e+01  -5.3966009e+01  -3.9106208e+01   4.9434597e+02   1.1060162e+00   3.5026323e+00   2.7731410e-01
   2.0120000e+03   1.2000000e+01   1.0000000e+00   1.8000000e+01   5.7000000e+01   5.4000000e+01  -5.3970455e+01  -3.9104794e+01   5.0263039e+02   1.3415666e+00   3.6813555e+00   6.4739804e-01
   2.0120000e+03   1.2000000e+01   1.0000000e+00   1.8000000e+01   5.9000000e+01   3.1000099e+01  -5.3974920e+01  -3.9103435e+01   5.0404819e+02   1.1396209e+00   2.6584696e+00   1.5024406e-01
   2.0120000e+03   1.2000000e+01   1.0000000e+00   1.9000000e+01   1.0000000e+00   7.0000000e+00  -5.3979325e+01  -3.9102122e+01   4.9690785e+02   1.3377324e+00   2.8687215e+00   6.9095215e-01
   2.0120000e+03   1.2000000e+01   1.0000000e+00   1.9000000e+01   2.0000000e+00   4.4000000e+01  -5.3983730e+01  -3.9100822e+01   4.9683081e+02   6.9619160e-01   1.5713254e+00   9.4284461e-02
   2.0120000e+03   1.2000000e+01   1.0000000e+00   1.9000000e+01   4.0000000e+00   2.0999901e+01  -5.3988170e+01  -3.9099576e+01   5.0011361e+02   1.3923483e+00   4.1753893e+00   1.8654921e+00
   2.0120000e+03   1.2000000e+01   1.0000000e+00   1.9000000e+01   5.0000000e+00   5.7000000e+01  -5.3992615e+01  -3.9098291e+01   5.0095883e+02   1.6278290e+00   5.2403199e+00   1.7651853e+00
   2.0120000e+03   1.2000000e+01   1.0000000e+00   1.9000000e+01   7.0000000e+00   3.3000000e+01  -5.3997040e+01  -3.9096990e+01   4.9895473e+02   1.3537921e+00   3.6278505e+00   6.7568213e-01
   2.0120000e+03   1.2000000e+01   1.0000000e+00   1.9000000e+01   9.0000000e+00   1.1000000e+01  -5.4001495e+01  -3.9095720e+01   5.0198637e+02   8.0734792e-01   2.5990207e+00   5.4316482e-01
   2.0120000e+03   1.2000000e+01   1.0000000e+00   1.9000000e+01   1.0000000e+01   4.8999901e+01  -5.4005929e+01  -3.9094339e+01   5.0084561e+02   1.9157900e+00   4.2358556e+00   2.3435799e+00
   2.0120000e+03   1.2000000e+01   1.0000000e+00   1.9000000e+01   1.2000000e+01   2.6000000e+01  -5.4010339e+01  -3.9093040e+01   4.9739718e+02   2.0238166e+00   4.8224914e+00   4.1844309e+00
   2.0120000e+03   1.2000000e+01   1.0000000e+00   1.9000000e+01   1.4000000e+01   2.0000000e+00  -5.4014765e+01  -3.9091718e+01   4.9930694e+02   1.3636003e+00   3.4361907e+00   1.9602581e+00
   2.0120000e+03   1.2000000e+01   1.0000000e+00   1.9000000e+01   1.5000000e+01   3.8000000e+01  -5.4019198e+01  -3.9090415e+01   4.9989207e+02   2.4993282e+00   6.8768599e+00   3.2810070e+00
