   2.0120000e+03   1.2000000e+01   3.0000000e+00   1.5000000e+01   1.0000000e+00   1.4000000e+01  -5.3189658e+01  -3.8138199e+01   4.9976582e+02   1.3117164e-01   4.2226878e-01   4.2226878e-01
   2.0120000e+03   1.2000000e+01   3.0000000e+00   1.5000000e+01   2.0000000e+00   4.6000000e+01  -5.3194119e+01  -3.8137308e+01   4.9918489e+02   1.8484656e-01   2.2728694e-01   0.0000000e+00
   2.0120000e+03   1.2000000e+01   3.0000000e+00   1.5000000e+01   4.0000000e+00   2.3000099e+01  -5.3198580e+01  -3.8136441e+01   4.9915471e+02   2.3625412e-01   7.6055111e-01   6.1870720e-01
   2.0120000e+03   1.2000000e+01   3.0000000e+00   1.5000000e+01   6.0000000e+00   2.0000000e+00  -5.3203053e+01  -3.8135595e+01   5.0014795e+02   8.5060834e-01   2.7564463e+00   1.5091432e-01
   2.0120000e+03   1.2000000e+01   3.0000000e+00   1.5000000e+01   7.0000000e+00   4.2000000e+01  -5.3207447e+01  -3.8134289e+01   4.9591506e+02   2.1372541e+00   6.0977674e+00   4.3259052e+00
   2.0120000e+03   1.2000000e+01   3.0000000e+00   1.5000000e+01   9.0000000e+00   2.4000000e+01  -5.3211895e+01  -3.8132737e+01   5.0493543e+02   4.6551192e-01   1.7841423e+00   9.4517587e-01
   2.0120000e+03   1.2000000e+01   3.0000000e+00   1.5000000e+01   1.1000000e+01   6.0000000e+00  -5.3216215e+01  -3.8130724e+01   4.9846399e+02   5.6420093e+00   1.1629295e+01   8.3823841e+00
   2.0120000e+03   1.2000000e+01   3.0000000e+00   1.5000000e+01   1.2000000e+01   4.6000000e+01  -5.3220504e+01  -3.8128739e+01   4.9455273e+02   1.6957645e+00   7.0762188e+00   6.4737582e+00
   2.0120000e+03   1.2000000e+01   3.0000000e+00   1.5000000e+01   1.4000000e+01   2.6000000e+01  -5.3224887e+01  -3.8127096e+01   4.9913825e+02   3.3238195e+00   1.1048138e+01   3.9593660e+00
   2.0120000e+03   1.2000000e+01   3.0000000e+00   1.5000000e+01   1.6000000e+01   6.0000992e+00  -5.3229318e+01  -3.8125718e+01   5.0083025e+02   8.8761660e-01   2.9058627e+00   2.5265321e+00
   2.0120000e+03   1.2000000e+01   3.0000000e+00   1.5000000e+01   1.7000000e+01   4.6000000e+01  -5.3233774e+01  -3.8124380e+01   5.0302825e+02   2.3634374e+00   7.1715855e+00   6.9360949e+00
   2.0120000e+03   1.2000000e+01   3.0000000e+00   1.5000000e+01   1.9000000e+01   2.4000000e+01  -5.3238223e+01  -3.8123051e+01   5.0229775e+02   3.1462383e+00   9.8384892e+00   5.3211861e+00
   2.0120000e+03   1.2000000e+01   3.0000000e+00   1.5000000e+01   2.1000000e+01   0.0000000e+00  -5.3242638e+01  -3.8121796e+01   4.9760487e+02   3.5840255e+00   1.1798577e+01   9.5520211e+00
   2.0120000e+03   1.2000000e+01   3.0000000e+00   1.5000000e+01   2.2000000e+01   3.6000000e+01  -5.3247035e+01  -3.8120451e+01   4.9674460e+02   2.2771414e+00   2.7204929e+00   1.9920963e+00
   2.0120000e+03   1.2000000e+01   3.0000000e+00   1.5000000e+01   2.4000000e+01   1.4000000e+01  -5.3251473e+01  -3.8119027e+01   5.0210728e+02   3.7161519e+00   4.7585760e+00   3.2776913e+00
   2.0120000e+03   1.2000000e+01   3.0000000e+00   1.5000000e+01   2.5000000e+01   5.1000000e+01  -5.3255902e+01  -3.8117595e+01   5.0132713e+02   9.4057466e-01   3.0279053e+00   2.0245421e+00
   2.0120000e+03   1.2000000e+01   3.0000000e+00   1.5000000e+01   2.7000000e+01   2.7000000e+01  -5.3260287e+01  -3.8116095e+01   4.9731324e+02   1.6372598e+00   4.6451704e+00   2.1849503e+00
   2.0120000e+03   1.2000000e+01   3.0000000e+00   1.5000000e+01   2.9000000e+01   4.0000000e+00  -5.3264686e+01  -3.8114584e+01   4.9900471e+02   9.4698290e-01   1.7954781e+00   6.3327717e-01
   2.0120000e+03   1.2000000e+01   3.0000000e+00   1.5000000e+01   3.0000000e+01   4.1000000e+01  -5.3269083e+01  -3.8113083e+01   4.9869506e+02   2.5080589e+00   5.0175072e+00   1.0006947e+00
   2.0120000e+03   1.2000000e+01   3.0000000e+00   1.5000000e+01   3.2000000e+01   1.8000000e+01  -5.3273523e+01  -3.8111570e+01   5.0348105e+02   9.1407346e-02   4.4817351e-01   3.3810979e-01
   2.0120000e+03   1.2000000e+01   3.0000000e+00   1.5000000e+01   3.3000000e+01   5.5000000e+01  -5.3277938e+01  -3.8110008e+01   5.0151341e+02   1.0156661e+00   2.0272560e+00   9.7404028e-01
   2.0120000e+03   1.2000000e+01   3.0000000e+00   1.5000000e+01   3.5000000e+01   3.2000000e+01  -5.3282316e+01  -3.8108505e+01   4.9662091e+02   1.5135087e+00   2.9099078e+00   0.0000000e+00
   2.0120000e+03   1.2000000e+01   3.0000000e+00   1.5000000e+01   3.7000000e+01   8.0000000e+00  -5.3286708e+01  -3.8107024e+01   4.9786758e+02   5.9080883e-01   1.6711554e+00   2.6039771e-01
   2.0120000e+03   1.2000000e+01   3.0000000e+00   1.5000000e+01   3.8000000e+01   4.5000099e+01  -5.3291144e+01  -3.8105587e+01   5.0202670e+02   1.0228538e+00   3.3418189e+00   4.5909001e-01
   2.0120000e+03   1.2000000e+01   3.0000000e+00   1.5000000e+01   4.0000000e+01   2.2000000e+01  -5.3295577e+01  -3.8104129e+01   5.0209169e+02   3.3600787e-01   1.0816792e+00   2.8140256e-01
   2.0120000e+03   1.2000000e+01   3.0000000e+00   1.5000000e+01   4.1000000e+01   5.9000099e+01  -5.3299997e+01  -3.8102694e+01   5.0031156e+02   3.2612071e-01   1.0746206e+00   3.1210050e-01
   2.0120000e+03   1.2000000e+01   3.0000000e+00   1.5000000e+01   4.3000000e+01   3.6000000e+01  -5.3304397e+01  -3.8101281e+01   4.9784766e+02   1.3701072e+00   4.4106597e+00   1.7086537e+00
   2.0120000e+03   1.2000000e+01   3.0000000e+00   1.5000000e+01   4.5000000e+01   1.3000099e+01  -5.3308794e+01  -3.8099899e+01   4.9704756e+02   6.0198501e-01   9.1965908e-01   8.2975115e-01
   2.0120000e+03   1.2000000e+01   3.0000000e+00   1.5000000e+01   4.6000000e+01   5.0000000e+01  -5.3313216e+01  -3.8098464e+01   5.0052967e+02   2.0815988e-01   8.0456059e-01   6.3126588e-01
   2.0120000e+03   1.2000000e+01   3.0000000e+00   1.5000000e+01   4.8000000e+01   2.8000099e+01  -5.3317627e+01  -3.8096987e+01   4.9994165e+02   1.7363790e-01   3.5548940e-01   2.7609279e-01
   2.0120000e+03   1.2000000e+01   3.0000000e+00   1.5000000e+01   5.0000000e+01   5.0000000e+00  -5.3322060e+01  -3.8095550e+01   5.0165954e+02   2.5056637e-01   8.0662521e-01   0.0000000e+00
   2.0120000e+03   1.2000000e+01   3.0000000e+00   1.5000000e+01   5.1000000e+01   4.1000099e+01  -5.3326445e+01  -3.8094108e+01   4.9661701e+02   1.5627972e-01   3.7187827e-01   2.0311693e-01
   2.0120000e+03   1.2000000e+01   3.0000000e+00   1.5000000e+01   5.3000000e+01   1.7000000e+01  -5.3330860e+01  -3.8092722e+01   4.9915776e+02   1.1543687e-01   3.0115316e-01   1.6756041e-01
   2.0120000e+03   1.2000000e+01   3.0000000e+00   1.5000000e+01   5.4000000e+01   5.4000099e+01  -5.3335319e+01  -3.8091323e+01   5.0404758e+02   7.0224807e-02   2.2606825e-01   1.4864580e-01
   2.0120000e+03   1.2000000e+01   3.0000000e+00   1.5000000e+01   5.6000000e+01   3.1000000e+01  -5.3339765e+01  -3.8089900e+01   5.0299414e+02   4.0233329e-02   1.2951945e-01   1.0120504e-01
   2.0120000e+03   1.2000000e+01   3.0000000e+00   1.5000000e+01   5.8000000e+01   7.0000000e+00  -5.3344170e+01  -3.8088499e+01   4.9824891e+02   1.3147794e-02   1.6511832e-01   1.2279283e-01
   2.0120000e+03   1.2000000e+01   3.0000000e+00   1.5000000e+01   5.9000000e+01   4.3000099e+01  -5.3348553e+01  -3.8087070e+01   4.9617000e+02   5.9119114e-02   1.9031671e-01   1.0595539e-01
   2.0120000e+03   1.2000000e+01   3.0000000e+00   1.6000000e+01   1.0000000e+00   2.1000000e+01  -5.3352985e+01  -3.8085642e+01   5.0153467e+02   3.4949753e-02   1.7516014e-01   8.8918228e-02
   2.0120000e+03   1.2000000e+01   3.0000000e+00   1.6000000e+01   2.0000000e+00   5.8000000e+01  -5.3357412e+01  -3.8084202e+01   5.0112901e+02   4.5309674e-02   1.4586126e-01   4.0037096e-02
   2.0120000e+03   1.2000000e+01   3.0000000e+00   1.6000000e+01   4.0000000e+00   3.5000000e+01  -5.3361816e+01  -3.8082821e+01   4.9785735e+02   1.9485195e-01   6.2726892e-01   1.7136446e-01
   2.0120000e+03   1.2000000e+01   3.0000000e+00   1.6000000e+01   6.0000000e+00   1.1999901e+01  -5.3366243e+01  -3.8081350e+01   5.0152447e+02   2.0107732e-02   6.4730969e-02   6.1472226e-02
   2.0120000e+03   1.2000000e+01   3.0000000e+00   1.6000000e+01   7.0000000e+00   4.8000000e+01  -5.3370633e+01  -3.8079933e+01   4.9672883e+02   0.0000000e+00   9.4431897e-03   0.0000000e+00
   2.0120000e+03   1.2000000e+01   3.0000000e+00   1.6000000e+01   9.0000000e+00   2.4000000e+01  -5.3375038e+01  -3.8078495e+01   4.9864666e+02   4.3645916e-01   1.4050527e+00   9.6377313e-02
   2.0120000e+03   1.2000000e+01   3.0000000e+00   1.6000000e+01   1.1000000e+01   1.0000000e+00  -5.3379448e+01  -3.8077024e+01   4.9968422e+02   2.6210017e-01   8.4375490e-01   2.2824998e-01
   2.0120000e+03   1.2000000e+01   3.0000000e+00   1.6000000e+01   1.2000000e+01   3.9999901e+01  -5.3383892e+01  -3.8075501e+01   5.0406838e+02   1.3328715e-02   3.0685609e-01   2.5199859e-01
   2.0120000e+03   1.2000000e+01   3.0000000e+00   1.6000000e+01   1.4000000e+01   1.7000000e+01  -5.3388312e+01  -3.8074025e+01   5.0075863e+02   4.6848965e-02   3.9540834e-01   2.3698318e-01
   2.0120000e+03   1.2000000e+01   3.0000000e+00   1.6000000e+01   1.5000000e+01   5.3000000e+01  -5.3392692e+01  -3.8072488e+01   4.9723925e+02   2.0139954e-01   5.3492621e-01   4.6549352e-01
   2.0120000e+03   1.2000000e+01   3.0000000e+00   1.6000000e+01   1.7000000e+01   3.0000000e+01  -5.3397097e+01  -3.8070990e+01   4.9950429e+02   2.5536987e-02   1.2734922e-01   3.0645665e-02
   2.0120000e+03   1.2000000e+01   3.0000000e+00   1.6000000e+01   1.9000000e+01   7.0000992e+00  -5.3401479e+01  -3.8069397e+01   4.9819461e+02   1.1655797e-01   3.7522432e-01   2.5988639e-01
   2.0120000e+03   1.2000000e+01   3.0000000e+00   1.6000000e+01   2.0000000e+01   4.3000000e+01  -5.3405880e+01  -3.8068073e+01   4.9679342e+02   7.7885692e-02   2.6544136e-01   0.0000000e+00
   2.0120000e+03   1.2000000e+01   3.0000000e+00   1.6000000e+01   2.2000000e+01   1.9000000e+01  -5.3410319e+01  -3.8066786e+01   5.0066080e+02   2.2528404e-02   8.1232762e-02   0.0000000e+00
   2.0120000e+03   1.2000000e+01   3.0000000e+00   1.6000000e+01   2.3000000e+01   5.4999901e+01  -5.3414747e+01  -3.8065444e+01   4.9996267e+02   1.9251670e-01   6.1975128e-01   2.4937089e-01
   2.0120000e+03   1.2000000e+01   3.0000000e+00   1.6000000e+01   2.5000000e+01   3.3000000e+01  -5.3419201e+01  -3.8064053e+01   5.0347925e+02   1.1754573e-01   3.7840412e-01   2.1115792e-01
   2.0120000e+03   1.2000000e+01   3.0000000e+00   1.6000000e+01   2.7000000e+01   1.0000000e+01  -5.3423646e+01  -3.8062725e+01   5.0163536e+02   4.4056220e-02   1.4289059e-01   9.4147482e-02
   2.0120000e+03   1.2000000e+01   3.0000000e+00   1.6000000e+01   2.8000000e+01   4.6000000e+01  -5.3428030e+01  -3.8061279e+01   4.9642253e+02   1.0487524e-01   3.4634422e-01   2.9905978e-01
   2.0120000e+03   1.2000000e+01   3.0000000e+00   1.6000000e+01   3.0000000e+01   2.2000099e+01  -5.3432451e+01  -3.8059905e+01   4.9970844e+02   6.0874080e-02   1.9596631e-01   9.9098595e-02
   2.0120000e+03   1.2000000e+01   3.0000000e+00   1.6000000e+01   3.1000000e+01   5.8000000e+01  -5.3436851e+01  -3.8058482e+01   4.9791473e+02   8.9215793e+01   2.8720418e+02   2.8718741e+02
   2.0120000e+03   1.2000000e+01   3.0000000e+00   1.6000000e+01   3.3000000e+01   3.4000000e+01  -5.3441266e+01  -3.8056989e+01   5.0041716e+02   4.3181497e-02   1.6220673e-01   1.3901021e-01
   2.0120000e+03   1.2000000e+01   3.0000000e+00   1.6000000e+01   3.5000000e+01   9.9999008e+00  -5.3445663e+01  -3.8055429e+01   4.9936288e+02   7.9749795e-03   1.4024303e-01   0.0000000e+00
   2.0120000e+03   1.2000000e+01   3.0000000e+00   1.6000000e+01   3.6000000e+01   4.7000000e+01  -5.3450082e+01  -3.8053899e+01   5.0144754e+02   1.4713395e-02   1.9642640e-01   0.0000000e+00
   2.0120000e+03   1.2000000e+01   3.0000000e+00   1.6000000e+01   3.8000000e+01   2.5000000e+01  -5.3454515e+01  -3.8052353e+01   5.0307602e+02   1.1142397e-02   3.5869691e-02   0.0000000e+00
   2.0120000e+03   1.2000000e+01   3.0000000e+00   1.6000000e+01   4.0000000e+01   1.0000000e+00  -5.3458881e+01  -3.8050738e+01   4.9676539e+02   0.0000000e+00   0.0000000e+00   0.0000000e+00
   2.0120000e+03   1.2000000e+01   3.0000000e+00   1.6000000e+01   4.1000000e+01   3.7000099e+01  -5.3463246e+01  -3.8049023e+01   4.9810713e+02   0.0000000e+00   0.0000000e+00   0.0000000e+00
   2.0120000e+03   1.2000000e+01   3.0000000e+00   1.6000000e+01   4.3000000e+01   1.4000000e+01  -5.3467683e+01  -3.8047401e+01   5.0459998e+02   8.4701575e-03   2.7267197e-02   0.0000000e+00
   2.0120000e+03   1.2000000e+01   3.0000000e+00   1.6000000e+01   4.4000000e+01   5.1000000e+01  -5.3472074e+01  -3.8045734e+01   5.0020935e+02   4.8239653e-03   1.8635948e-02   0.0000000e+00
   2.0120000e+03   1.2000000e+01   3.0000000e+00   1.6000000e+01   4.6000000e+01   2.8000000e+01  -5.3476469e+01  -3.8044127e+01   4.9983450e+02   1.0196378e-02   3.2824260e-02   0.0000000e+00
   2.0120000e+03   1.2000000e+01   3.0000000e+00   1.6000000e+01   4.8000000e+01   5.0000000e+00  -5.3480891e+01  -3.8042646e+01   5.0102270e+02   4.9025701e-03   9.1715320e-02   7.5932927e-02
   2.0120000e+03   1.2000000e+01   3.0000000e+00   1.6000000e+01   4.9000000e+01   4.2000000e+01  -5.3485294e+01  -3.8041311e+01   4.9721766e+02   6.1259245e+00   3.8462695e+01   3.1361887e+01
   2.0120000e+03   1.2000000e+01   3.0000000e+00   1.6000000e+01   5.1000000e+01   1.9000000e+01  -5.3489726e+01  -3.8039983e+01   5.0022808e+02   1.3862546e-02   3.5536288e-01   3.5536288e-01
   2.0120000e+03   1.2000000e+01   3.0000000e+00   1.6000000e+01   5.2000000e+01   5.6000000e+01  -5.3494157e+01  -3.8038697e+01   4.9962748e+02   3.9245572e-02   1.2633965e-01   1.1171792e-01
   2.0120000e+03   1.2000000e+01   3.0000000e+00   1.6000000e+01   5.4000000e+01   3.2000000e+01  -5.3498553e+01  -3.8037354e+01   4.9644180e+02   9.8171584e-03   3.1603473e-02   0.0000000e+00
   2.0120000e+03   1.2000000e+01   3.0000000e+00   1.6000000e+01   5.6000000e+01   9.0000000e+00  -5.3502978e+01  -3.8036016e+01   4.9961478e+02   1.4435842e-02   5.3362230e-02   0.0000000e+00
   2.0120000e+03   1.2000000e+01   3.0000000e+00   1.6000000e+01   5.7000000e+01   4.7000000e+01  -5.3507424e+01  -3.8034690e+01   5.0176579e+02   2.0156941e-02   8.2232918e-02   5.3132189e-02
   2.0120000e+03   1.2000000e+01   3.0000000e+00   1.6000000e+01   5.9000000e+01   2.6000000e+01  -5.3511876e+01  -3.8033328e+01   5.0282963e+02   2.1097276e-02   6.7916516e-02   3.8379231e-02
   2.0120000e+03   1.2000000e+01   3.0000000e+00   1.7000000e+01   1.0000000e+00   5.0000000e+00  -5.3516301e+01  -3.8032010e+01   4.9934467e+02   7.7224372e-04   2.4600549e-01   2.4351948e-01
   2.0120000e+03   1.2000000e+01   3.0000000e+00   1.7000000e+01   2.0000000e+00   4.4000099e+01  -5.3520697e+01  -3.8030644e+01   4.9673211e+02   0.0000000e+00   0.0000000e+00   0.0000000e+00
   2.0120000e+03   1.2000000e+01   3.0000000e+00   1.7000000e+01   4.0000000e+00   2.2000000e+01  -5.3525066e+01  -3.8029159e+01   4.9535386e+02   6.6958971e-02   2.2452802e-01   2.0161905e-01
   2.0120000e+03   1.2000000e+01   3.0000000e+00   1.7000000e+01   6.0000000e+00   0.0000000e+00  -5.3529513e+01  -3.8027727e+01   5.0313197e+02   3.9950742e-02   1.2860974e-01   0.0000000e+00
   2.0120000e+03   1.2000000e+01   3.0000000e+00   1.7000000e+01   7.0000000e+00   3.7000000e+01  -5.3533957e+01  -3.8026192e+01   5.0405295e+02   2.5082817e-01   9.1567936e-01   6.3347689e-01
   2.0120000e+03   1.2000000e+01   3.0000000e+00   1.7000000e+01   9.0000000e+00   1.3000099e+01  -5.3538375e+01  -3.8024755e+01   5.0002184e+02   0.0000000e+00   3.4619103e-01   3.4619103e-01
   2.0120000e+03   1.2000000e+01   3.0000000e+00   1.7000000e+01   1.0000000e+01   4.9000000e+01  -5.3542800e+01  -3.8023263e+01   5.0151301e+02   4.1894425e-03   1.3486686e-02   0.0000000e+00
   2.0120000e+03   1.2000000e+01   3.0000000e+00   1.7000000e+01   1.2000000e+01   2.5000099e+01  -5.3547182e+01  -3.8021715e+01   4.9754316e+02   0.0000000e+00   0.0000000e+00   0.0000000e+00
   2.0120000e+03   1.2000000e+01   3.0000000e+00   1.7000000e+01   1.4000000e+01   1.0000000e+00  -5.3551558e+01  -3.8020127e+01   4.9742806e+02   2.4252838e-02   7.8074924e-02   0.0000000e+00
   2.0120000e+03   1.2000000e+01   3.0000000e+00   1.7000000e+01   1.5000000e+01   3.9000000e+01  -5.3555962e+01  -3.8018497e+01   5.0109095e+02   1.0015489e-01   3.2241942e-01   2.6026073e-01
   2.0120000e+03   1.2000000e+01   3.0000000e+00   1.7000000e+01   1.7000000e+01   1.7000000e+01  -5.3560407e+01  -3.8017039e+01   5.0322132e+02   6.5462491e-01   2.1766892e+00   1.8738437e+00
   2.0120000e+03   1.2000000e+01   3.0000000e+00   1.7000000e+01   1.8000000e+01   5.4000000e+01  -5.3564803e+01  -3.8015714e+01   4.9623953e+02   1.6684649e+00   2.1825291e+00   1.8644318e+00
   2.0120000e+03   1.2000000e+01   3.0000000e+00   1.7000000e+01   2.0000000e+01   3.1000000e+01  -5.3569196e+01  -3.8014414e+01   4.9560601e+02   1.4489642e+00   3.4116118e+00   8.6062685e-01
   2.0120000e+03   1.2000000e+01   3.0000000e+00   1.7000000e+01   2.2000000e+01   9.0000000e+00  -5.3573639e+01  -3.8013125e+01   5.0097419e+02   2.6564047e-01   1.1030061e+00   2.7679075e-01
   2.0120000e+03   1.2000000e+01   3.0000000e+00   1.7000000e+01   2.3000000e+01   4.7000000e+01  -5.3578079e+01  -3.8011861e+01   5.0033313e+02   1.0539205e+00   3.4738840e+00   6.1684178e-01
   2.0120000e+03   1.2000000e+01   3.0000000e+00   1.7000000e+01   2.5000000e+01   2.3999901e+01  -5.3582541e+01  -3.8010593e+01   5.0287028e+02   1.4628456e-01   4.7092040e-01   6.8960066e-02
   2.0120000e+03   1.2000000e+01   3.0000000e+00   1.7000000e+01   2.7000000e+01   1.0000000e+00  -5.3587001e+01  -3.8009358e+01   5.0228648e+02   2.5739752e-01   1.0378422e+00   7.0826693e-01
   2.0120000e+03   1.2000000e+01   3.0000000e+00   1.7000000e+01   2.8000000e+01   3.7000000e+01  -5.3591450e+01  -3.8008127e+01   5.0095770e+02   3.3573925e-01   1.0958659e+00   4.9841816e-01
   2.0120000e+03   1.2000000e+01   3.0000000e+00   1.7000000e+01   3.0000000e+01   1.3000000e+01  -5.3595805e+01  -3.8006413e+01   4.9689835e+02   6.5137245e+00   2.1068955e+01   1.3463001e+01
   2.0120000e+03   1.2000000e+01   3.0000000e+00   1.7000000e+01   3.1000000e+01   4.9000000e+01  -5.3600212e+01  -3.8004740e+01   5.0203910e+02   8.7480840e-02   2.8161900e-01   1.6669305e-01
   2.0120000e+03   1.2000000e+01   3.0000000e+00   1.7000000e+01   3.3000000e+01   2.4000000e+01  -5.3604571e+01  -3.8003067e+01   4.9674031e+02   2.4089310e-01   7.8601823e-01   2.5607764e-01
   2.0120000e+03   1.2000000e+01   3.0000000e+00   1.7000000e+01   3.4000000e+01   5.9000000e+01  -5.3608937e+01  -3.8001463e+01   4.9651539e+02   1.4656471e-01   4.7182226e-01   2.7741552e-01
   2.0120000e+03   1.2000000e+01   3.0000000e+00   1.7000000e+01   3.6000000e+01   3.5000000e+01  -5.3613345e+01  -3.7999834e+01   5.0152836e+02   5.5794811e-02   2.4079559e-01   1.7961509e-01
   2.0120000e+03   1.2000000e+01   3.0000000e+00   1.7000000e+01   3.8000000e+01   1.0000000e+01  -5.3617732e+01  -3.7998255e+01   4.9840359e+02   7.1049020e-02   2.5722837e-01   2.0563432e-01
   2.0120000e+03   1.2000000e+01   3.0000000e+00   1.7000000e+01   3.9000000e+01   4.6000000e+01  -5.3622126e+01  -3.7996599e+01   5.0032398e+02   9.6907898e-02   3.4790798e-01   2.1988380e-01
   2.0120000e+03   1.2000000e+01   3.0000000e+00   1.7000000e+01   4.1000000e+01   2.3000000e+01  -5.3626546e+01  -3.7995181e+01   4.9996839e+02   5.6152756e-02   3.8312467e-01   2.8412175e-01
   2.0120000e+03   1.2000000e+01   3.0000000e+00   1.7000000e+01   4.3000000e+01   3.0000000e+00  -5.3630965e+01  -3.7993660e+01   5.0120161e+02   7.0904144e+02   2.2825998e+03   1.3259572e+03
   2.0120000e+03   1.2000000e+01   3.0000000e+00   1.7000000e+01   4.4000000e+01   4.4000000e+01  -5.3635412e+01  -3.7992213e+01   5.0326568e+02   6.6206541e-02   2.1313261e-01   1.4367325e-01
   2.0120000e+03   1.2000000e+01   3.0000000e+00   1.7000000e+01   4.6000000e+01   2.4000000e+01  -5.3639789e+01  -3.7990723e+01   4.9611634e+02   2.3550791e+00   7.5814890e+00   1.3327591e-01
   2.0120000e+03   1.2000000e+01   3.0000000e+00   1.7000000e+01   4.8000000e+01   5.0000000e+00  -5.3644192e+01  -3.7989290e+01   4.9830027e+02   3.7680946e-02   1.2130280e-01   1.2130280e-01
   2.0120000e+03   1.2000000e+01   3.0000000e+00   1.7000000e+01   4.9000000e+01   4.7000000e+01  -5.3648615e+01  -3.7987770e+01   5.0157177e+02   6.7252115e-02   2.1649853e-01   2.0302962e-01
   2.0120000e+03   1.2000000e+01   3.0000000e+00   1.7000000e+01   5.1000000e+01   2.9000000e+01  -5.3653000e+01  -3.7986269e+01   4.9720981e+02   1.2452077e-01   4.0424140e-01   0.0000000e+00
   2.0120000e+03   1.2000000e+01   3.0000000e+00   1.7000000e+01   5.3000000e+01   8.0000000e+00  -5.3657385e+01  -3.7984656e+01   4.9866028e+02   7.9432615e-02   2.5322304e-02   0.0000000e+00
   2.0120000e+03   1.2000000e+01   3.0000000e+00   1.7000000e+01   5.4000000e+01   4.6000000e+01  -5.3661795e+01  -3.7983078e+01   5.0099250e+02   1.2683084e-01   4.1131203e-01   3.7330348e-01
   2.0120000e+03   1.2000000e+01   3.0000000e+00   1.7000000e+01   5.6000000e+01   2.4000000e+01  -5.3666200e+01  -3.7981442e+01   5.0117501e+02   3.7895989e-01   9.0232077e-01   8.7524858e-01
   2.0120000e+03   1.2000000e+01   3.0000000e+00   1.7000000e+01   5.8000000e+01   1.0000000e+00  -5.3670599e+01  -3.7979957e+01   4.9851508e+02   9.2631243e-02   2.5281994e-01   2.2744692e-01
   2.0120000e+03   1.2000000e+01   3.0000000e+00   1.7000000e+01   5.9000000e+01   3.7000000e+01  -5.3674988e+01  -3.7978424e+01   4.9803641e+02   2.0682100e-01   6.7210342e-01   0.0000000e+00
   2.0120000e+03   1.2000000e+01   3.0000000e+00   1.8000000e+01   1.0000000e+00   1.4000000e+01  -5.3679446e+01  -3.7977022e+01   5.0389502e+02   1.6752751e-01   6.4608681e-01   5.0232363e-01
   2.0120000e+03   1.2000000e+01   3.0000000e+00   1.8000000e+01   2.0000000e+00   5.1000000e+01  -5.3683870e+01  -3.7975647e+01   4.9985662e+02   4.4045403e-01   1.4270091e+00   5.6813736e-01
   2.0120000e+03   1.2000000e+01   3.0000000e+00   1.8000000e+01   4.0000000e+00   2.9000000e+01  -5.3688278e+01  -3.7974191e+01   4.9915110e+02   4.9327372e-01   1.5879506e+00   1.2004316e+00
   2.0120000e+03   1.2000000e+01   3.0000000e+00   1.8000000e+01   6.0000000e+00   6.0000000e+00  -5.3692688e+01  -3.7972720e+01   4.9944863e+02   1.9425462e-01   6.2534598e-01   5.8889073e-01
   2.0120000e+03   1.2000000e+01   3.0000000e+00   1.8000000e+01   7.0000000e+00   4.3000000e+01  -5.3697108e+01  -3.7971249e+01   5.0055642e+02   7.6380344e-02   2.5187625e-01   0.0000000e+00
   2.0120000e+03   1.2000000e+01   3.0000000e+00   1.8000000e+01   9.0000000e+00   2.0000000e+01  -5.3701536e+01  -3.7969792e+01   5.0136348e+02   5.4575300e-02   2.4542882e-01   7.4787427e-02
   2.0120000e+03   1.2000000e+01   3.0000000e+00   1.8000000e+01   1.0000000e+01   5.6000000e+01  -5.3705929e+01  -3.7968301e+01   4.9790143e+02   1.4755913e-01   4.7502349e-01   3.0189713e-01
   2.0120000e+03   1.2000000e+01   3.0000000e+00   1.8000000e+01   1.2000000e+01   3.2000000e+01  -5.3710328e+01  -3.7966791e+01   4.9876673e+02   1.6068289e-01   5.9274392e-01   3.1490178e-01
   2.0120000e+03   1.2000000e+01   3.0000000e+00   1.8000000e+01   1.4000000e+01   8.0000000e+00  -5.3714741e+01  -3.7965277e+01   5.0037547e+02   1.5211593e-01   4.8969280e-01   1.7220149e-01
   2.0120000e+03   1.2000000e+01   3.0000000e+00   1.8000000e+01   1.5000000e+01   4.4000000e+01  -5.3719147e+01  -3.7963778e+01   4.9948060e+02   3.2894675e-01   3.1041336e-01   0.0000000e+00
   2.0120000e+03   1.2000000e+01   3.0000000e+00   1.8000000e+01   1.7000000e+01   2.2000000e+01  -5.3723576e+01  -3.7962263e+01   5.0204361e+02   1.0290119e-01   4.6691925e-01   2.5907758e-01
   2.0120000e+03   1.2000000e+01   3.0000000e+00   1.8000000e+01   1.8000000e+01   5.9000000e+01  -5.3728009e+01  -3.7960755e+01   5.0247779e+02   2.2204224e-01   1.6547331e-01   1.6547331e-01
   2.0120000e+03   1.2000000e+01   3.0000000e+00   1.8000000e+01   2.0000000e+01   3.5000000e+01  -5.3732379e+01  -3.7959289e+01   4.9510196e+02   7.7544426e-01   1.8762696e+00   2.0207757e-01
   2.0120000e+03   1.2000000e+01   3.0000000e+00   1.8000000e+01   2.2000000e+01   1.2000000e+01  -5.3736804e+01  -3.7957782e+01   5.0155415e+02   1.7554683e-01   5.6512173e-01   0.0000000e+00
   2.0120000e+03   1.2000000e+01   3.0000000e+00   1.8000000e+01   2.3000000e+01   4.9000000e+01  -5.3741234e+01  -3.7956298e+01   5.0190998e+02   5.3632691e-02   3.2173557e-01   0.0000000e+00
   2.0120000e+03   1.2000000e+01   3.0000000e+00   1.8000000e+01   2.5000000e+01   2.5000000e+01  -5.3745616e+01  -3.7954866e+01   4.9583421e+02   1.7827835e-01   6.1968906e-01   1.7401934e-01
   2.0120000e+03   1.2000000e+01   3.0000000e+00   1.8000000e+01   2.7000000e+01   2.0000000e+00  -5.3750038e+01  -3.7953409e+01   5.0061726e+02   2.5158352e-01   8.5220526e-01   4.2279997e-01
   2.0120000e+03   1.2000000e+01   3.0000000e+00   1.8000000e+01   2.8000000e+01   4.0000000e+01  -5.3754470e+01  -3.7951986e+01   5.0128527e+02   7.6950359e-01   2.4771920e+00   1.5838527e+00
   2.0120000e+03   1.2000000e+01   3.0000000e+00   1.8000000e+01   3.0000000e+01   1.7000000e+01  -5.3758882e+01  -3.7950547e+01   4.9933981e+02   8.7683920e+01   2.8227276e+02   2.7910245e+02
   2.0120000e+03   1.2000000e+01   3.0000000e+00   1.8000000e+01   3.1000000e+01   5.5000000e+01  -5.3763332e+01  -3.7949113e+01   5.0339167e+02   5.5848422e-01   1.7509677e+00   1.5756805e+00
   2.0120000e+03   1.2000000e+01   3.0000000e+00   1.8000000e+01   3.3000000e+01   3.2000000e+01  -5.3767718e+01  -3.7947668e+01   4.9646685e+02   4.1038769e-01   1.4194946e+00   4.4675196e-01
   2.0120000e+03   1.2000000e+01   3.0000000e+00   1.8000000e+01   3.5000000e+01   9.0000000e+00  -5.3772091e+01  -3.7946188e+01   4.9557764e+02   2.3825237e-01   7.4183674e-01   2.7689218e-01
   2.0120000e+03   1.2000000e+01   3.0000000e+00   1.8000000e+01   3.6000000e+01   4.7000000e+01  -5.3776538e+01  -3.7944719e+01   5.0351717e+02   1.9091066e-01   6.4957298e-01   2.6151550e-01
   2.0120000e+03   1.2000000e+01   3.0000000e+00   1.8000000e+01   3.8000000e+01   2.4000000e+01  -5.3780946e+01  -3.7943209e+01   4.9969596e+02   3.6640780e-01   1.1682651e+00   3.5133455e-01
   2.0120000e+03   1.2000000e+01   3.0000000e+00   1.8000000e+01   4.0000000e+01   1.0000000e+00  -5.3785331e+01  -3.7941661e+01   4.9773678e+02   9.9622444e-01   3.0817966e+00   1.5119779e+00
   2.0120000e+03   1.2000000e+01   3.0000000e+00   1.8000000e+01   4.1000000e+01   4.0000099e+01  -5.3789662e+01  -3.7939657e+01   4.9899545e+02   2.5275844e+00   5.7094109e+00   3.7927174e+00
   2.0120000e+03   1.2000000e+01   3.0000000e+00   1.8000000e+01   4.3000000e+01   1.8000000e+01  -5.3794033e+01  -3.7937797e+01   5.0073971e+02   4.4788282e+00   1.3966353e+01   7.4064821e+00
   2.0120000e+03   1.2000000e+01   3.0000000e+00   1.8000000e+01   4.4000000e+01   5.7000000e+01  -5.3798392e+01  -3.7935846e+01   5.0107649e+02   8.1858651e+00   2.0496491e+01   1.4539882e+01
   2.0120000e+03   1.2000000e+01   3.0000000e+00   1.8000000e+01   4.6000000e+01   3.6000099e+01  -5.3802811e+01  -3.7934211e+01   5.0259622e+02   3.6148988e+01   1.1659184e+02   9.8884202e+00
   2.0120000e+03   1.2000000e+01   3.0000000e+00   1.8000000e+01   4.8000000e+01   1.4000000e+01  -5.3807247e+01  -3.7933021e+01   4.9912790e+02   1.8308164e+01   5.8984732e+01   1.1027791e+01
   2.0120000e+03   1.2000000e+01   3.0000000e+00   1.8000000e+01   4.9000000e+01   5.2000000e+01  -5.3811642e+01  -3.7931454e+01   4.9903762e+02   3.2433039e+00   1.0726580e+01   8.9272810e+00
   2.0120000e+03   1.2000000e+01   3.0000000e+00   1.8000000e+01   5.1000000e+01   3.0000000e+01  -5.3816038e+01  -3.7929838e+01   4.9989471e+02   2.2194660e+00   7.7068991e+00   5.4977197e+00
   2.0120000e+03   1.2000000e+01   3.0000000e+00   1.8000000e+01   5.3000000e+01   9.0000000e+00  -5.3820431e+01  -3.7928207e+01   4.9964615e+02   2.1350827e+00   6.8732749e+00   3.0850308e+00
   2.0120000e+03   1.2000000e+01   3.0000000e+00   1.8000000e+01   5.4000000e+01   4.7000099e+01  -5.3824843e+01  -3.7926565e+01   5.0200813e+02   8.5459689e-01   2.8156808e+00   1.8591195e+00
   2.0120000e+03   1.2000000e+01   3.0000000e+00   1.8000000e+01   5.6000000e+01   2.4000000e+01  -5.3829176e+01  -3.7924759e+01   4.9585476e+02   1.0224455e+01   3.2914647e+01   1.4881797e+01
   2.0120000e+03   1.2000000e+01   3.0000000e+00   1.8000000e+01   5.8000000e+01   1.9999008e+00  -5.3833473e+01  -3.7922586e+01   4.9826011e+02   1.1742949e+01   3.7135707e+01   8.1047647e+00
   2.0120000e+03   1.2000000e+01   3.0000000e+00   1.8000000e+01   5.9000000e+01   4.1000000e+01  -5.3837841e+01  -3.7920336e+01   5.0732556e+02   8.4986246e+00   2.3502200e+01   1.4357942e+01
   2.0120000e+03   1.2000000e+01   3.0000000e+00   1.9000000e+01   1.0000000e+00   1.9000000e+01  -5.3842267e+01  -3.7919286e+01   4.9658849e+02   1.1771017e+01   1.6032356e+01   1.1603038e+01
   2.0120000e+03   1.2000000e+01   3.0000000e+00   1.9000000e+01   2.0000000e+00   5.6000000e+01  -5.3846702e+01  -3.7918403e+01   4.9615495e+02   4.7122935e+00   6.7619214e+00   5.5322975e+00
   2.0120000e+03   1.2000000e+01   3.0000000e+00   1.9000000e+01   4.0000000e+00   3.3000000e+01  -5.3851146e+01  -3.7917454e+01   4.9779507e+02   2.7426405e+00   8.8291298e+00   7.7633136e+00
   2.0120000e+03   1.2000000e+01   3.0000000e+00   1.9000000e+01   6.0000000e+00   1.1999901e+01  -5.3855633e+01  -3.7916534e+01   5.0223101e+02   3.5563624e+00   7.1678013e+00   5.6908173e+00
   2.0120000e+03   1.2000000e+01   3.0000000e+00   1.9000000e+01   7.0000000e+00   5.0000000e+01  -5.3860130e+01  -3.7915610e+01   5.0338199e+02   3.6290251e+00   7.6286365e+00   6.8818157e+00
   2.0120000e+03   1.2000000e+01   3.0000000e+00   1.9000000e+01   9.0000000e+00   2.8000000e+01  -5.3864589e+01  -3.7914689e+01   4.9915166e+02   3.0731612e+00   7.0259888e+00   5.9119522e+00
   2.0120000e+03   1.2000000e+01   3.0000000e+00   1.9000000e+01   1.1000000e+01   9.0000000e+00  -5.3869040e+01  -3.7914424e+01   4.9482705e+02   6.5731940e+00   1.6298654e+01   1.3480027e+01
   2.0120000e+03   1.2000000e+01   3.0000000e+00   1.9000000e+01   1.2000000e+01   5.2000000e+01  -5.3873393e+01  -3.7912710e+01   4.9659010e+02   5.6584233e+00   1.6231343e+01   1.3738269e+01
   2.0120000e+03   1.2000000e+01   3.0000000e+00   1.9000000e+01   1.4000000e+01   3.3000000e+01  -5.3877768e+01  -3.7910846e+01   5.0128712e+02   5.6101044e+00   1.3499479e+01   1.2383864e+01
   2.0120000e+03   1.2000000e+01   3.0000000e+00   1.9000000e+01   1.6000000e+01   1.2000000e+01  -5.3882180e+01  -3.7909361e+01   4.9979943e+02   5.1107476e+00   1.1948631e+01   9.7214349e+00
   2.0120000e+03   1.2000000e+01   3.0000000e+00   1.9000000e+01   1.7000000e+01   5.2000000e+01  -5.3886611e+01  -3.7907830e+01   5.0248561e+02   7.5062446e-01   2.5263455e+00   1.9744401e+00
