   2.0130000e+03   1.2000000e+01   1.0000000e+01   1.3000000e+01   4.0000000e+01   2.1000000e+01  -5.3253928e+01  -3.8750577e+01   5.0209649e+02   9.2013639e-01   1.4690451e+00   0.0000000e+00
   2.0130000e+03   1.2000000e+01   1.0000000e+01   1.3000000e+01   4.2000000e+01   1.6000000e+01  -5.3258333e+01  -3.8749578e+01   4.9400670e+02   8.6818242e-02   1.7327222e-01   1.3614875e-01
   2.0130000e+03   1.2000000e+01   1.0000000e+01   1.3000000e+01   4.4000000e+01   8.0000000e+00  -5.3262736e+01  -3.8747983e+01   5.0060424e+02   1.7338161e-01   4.2539208e-01   0.0000000e+00
   2.0130000e+03   1.2000000e+01   1.0000000e+01   1.3000000e+01   4.5000000e+01   5.8000000e+01  -5.3267072e+01  -3.8746139e+01   4.9716739e+02   1.8312744e-01   3.2028155e-01   0.0000000e+00
   2.0130000e+03   1.2000000e+01   1.0000000e+01   1.3000000e+01   4.7000000e+01   4.5000000e+01  -5.3271433e+01  -3.8744497e+01   4.9675709e+02   3.8437868e-01   3.8132760e-01   0.0000000e+00
   2.0130000e+03   1.2000000e+01   1.0000000e+01   1.3000000e+01   4.9000000e+01   2.5000000e+01  -5.3275823e+01  -3.8742865e+01   4.9967817e+02   3.5000978e+00   5.9281651e-01   4.2828246e-01
   2.0130000e+03   1.2000000e+01   1.0000000e+01   1.3000000e+01   5.1000000e+01   0.0000000e+00  -5.3280254e+01  -3.8741269e+01   5.0371047e+02   1.9582058e+00   3.4248127e+00   0.0000000e+00
   2.0130000e+03   1.2000000e+01   1.0000000e+01   1.3000000e+01   5.2000000e+01   3.3000000e+01  -5.3284647e+01  -3.8739729e+01   4.9877808e+02   4.5699177e-01   7.4715939e-01   0.0000000e+00
   2.0130000e+03   1.2000000e+01   1.0000000e+01   1.3000000e+01   5.4000000e+01   5.0000000e+00  -5.3288982e+01  -3.8738084e+01   4.9389840e+02   9.7618259e-01   5.9387215e-01   0.0000000e+00
   2.0130000e+03   1.2000000e+01   1.0000000e+01   1.3000000e+01   5.5000000e+01   3.9000099e+01  -5.3293474e+01  -3.8736659e+01   5.0809572e+02   1.3685355e+00   2.3203979e+00   1.8396717e-02
   2.0130000e+03   1.2000000e+01   1.0000000e+01   1.3000000e+01   5.7000000e+01   1.6000000e+01  -5.3297880e+01  -3.8735725e+01   4.9341340e+02   5.3589524e+00   4.2086200e+00   0.0000000e+00
   2.0130000e+03   1.2000000e+01   1.0000000e+01   1.3000000e+01   5.8000000e+01   5.3999901e+01  -5.3302288e+01  -3.8734646e+01   4.9508857e+02   1.8935214e+00   3.3116826e+00   0.0000000e+00
   2.0130000e+03   1.2000000e+01   1.0000000e+01   1.4000000e+01   0.0000000e+00   3.2000000e+01  -5.3306780e+01  -3.8733591e+01   5.0403662e+02   2.7831997e+00   1.5359585e+00   3.4388401e-01
   2.0130000e+03   1.2000000e+01   1.0000000e+01   1.4000000e+01   2.0000000e+00   8.0000992e+00  -5.3311197e+01  -3.8732617e+01   4.9501451e+02   5.9854489e-01   1.2338527e+00   0.0000000e+00
   2.0130000e+03   1.2000000e+01   1.0000000e+01   1.4000000e+01   3.0000000e+00   4.2000000e+01  -5.3315648e+01  -3.8731486e+01   5.0035733e+02   2.7718592e-01   1.6311081e-01   0.0000000e+00
   2.0130000e+03   1.2000000e+01   1.0000000e+01   1.4000000e+01   5.0000000e+00   1.8000000e+01  -5.3320065e+01  -3.8730301e+01   4.9708154e+02   5.9039361e-02   1.0325715e-01   0.0000000e+00
   2.0130000e+03   1.2000000e+01   1.0000000e+01   1.4000000e+01   6.0000000e+00   5.7000000e+01  -5.3324484e+01  -3.8728994e+01   4.9856555e+02   1.7984434e-01   3.1453956e-01   0.0000000e+00
   2.0130000e+03   1.2000000e+01   1.0000000e+01   1.4000000e+01   8.0000000e+00   3.6000099e+01  -5.3328902e+01  -3.8727774e+01   4.9757340e+02   9.4748699e-01   1.8836448e+00   9.6757433e-01
   2.0130000e+03   1.2000000e+01   1.0000000e+01   1.4000000e+01   1.0000000e+01   1.5000000e+01  -5.3333330e+01  -3.8726562e+01   4.9858863e+02   7.7028745e-01   1.3471976e+00   6.9067344e-02
   2.0130000e+03   1.2000000e+01   1.0000000e+01   1.4000000e+01   1.1000000e+01   5.3000000e+01  -5.3337764e+01  -3.8725274e+01   5.0007881e+02   2.2908171e+00   4.0065347e+00   3.6956590e-01
   2.0130000e+03   1.2000000e+01   1.0000000e+01   1.4000000e+01   1.3000000e+01   2.8000000e+01  -5.3342185e+01  -3.8724100e+01   4.9739537e+02   1.3859958e+00   2.4240434e+00   1.1469757e+00
   2.0130000e+03   1.2000000e+01   1.0000000e+01   1.4000000e+01   1.5000000e+01   4.0000992e+00  -5.3346621e+01  -3.8722479e+01   5.0446339e+02   2.6625704e+00   5.1869193e+00   3.7037476e+00
   2.0130000e+03   1.2000000e+01   1.0000000e+01   1.4000000e+01   1.6000000e+01   4.1000000e+01  -5.3351090e+01  -3.8720839e+01   5.0836587e+02   9.2127413e-01   7.4216795e-01   0.0000000e+00
   2.0130000e+03   1.2000000e+01   1.0000000e+01   1.4000000e+01   1.8000000e+01   2.0000000e+01  -5.3355363e+01  -3.8719248e+01   4.8638694e+02   4.4694294e-01   7.8168284e-01   0.0000000e+00
   2.0130000e+03   1.2000000e+01   1.0000000e+01   1.4000000e+01   1.9000000e+01   5.8000099e+01  -5.3359770e+01  -3.8717911e+01   4.9770043e+02   4.6859870e-01   1.7292355e-01   0.0000000e+00
   2.0130000e+03   1.2000000e+01   1.0000000e+01   1.4000000e+01   2.1000000e+01   3.2999901e+01  -5.3364203e+01  -3.8716393e+01   5.0280439e+02   6.6515447e-01   1.2642297e+00   0.0000000e+00
   2.0130000e+03   1.2000000e+01   1.0000000e+01   1.4000000e+01   2.3000000e+01   6.0000000e+00  -5.3368624e+01  -3.8715025e+01   4.9956905e+02   1.0905651e+00   1.9423929e+00   0.0000000e+00
   2.0130000e+03   1.2000000e+01   1.0000000e+01   1.4000000e+01   2.4000000e+01   3.9000000e+01  -5.3372982e+01  -3.8713636e+01   4.9293941e+02   8.9820188e-01   1.0753618e+00   0.0000000e+00
   2.0130000e+03   1.2000000e+01   1.0000000e+01   1.4000000e+01   2.6000000e+01   1.0999901e+01  -5.3377396e+01  -3.8712199e+01   4.9962685e+02   7.1824772e-01   1.5148226e+00   0.0000000e+00
   2.0130000e+03   1.2000000e+01   1.0000000e+01   1.4000000e+01   2.7000000e+01   4.6000000e+01  -5.3381821e+01  -3.8710724e+01   5.0138058e+02   2.9165057e+00   5.5827568e+00   0.0000000e+00
   2.0130000e+03   1.2000000e+01   1.0000000e+01   1.4000000e+01   2.9000000e+01   2.5000000e+01  -5.3386295e+01  -3.8709329e+01   5.0561353e+02   1.0117970e+00   2.2958453e+00   0.0000000e+00
   2.0130000e+03   1.2000000e+01   1.0000000e+01   1.4000000e+01   3.1000000e+01   4.0000992e+00  -5.3390626e+01  -3.8708065e+01   4.8848271e+02   1.3725721e+00   2.4005660e+00   0.0000000e+00
   2.0130000e+03   1.2000000e+01   1.0000000e+01   1.4000000e+01   3.2000000e+01   4.1000000e+01  -5.3395062e+01  -3.8706787e+01   5.0022081e+02   6.1053594e-01   3.2077750e-01   0.0000000e+00
   2.0130000e+03   1.2000000e+01   1.0000000e+01   1.4000000e+01   3.4000000e+01   1.5000000e+01  -5.3399507e+01  -3.8705414e+01   5.0223108e+02   1.7542798e-01   3.0681555e-01   0.0000000e+00
   2.0130000e+03   1.2000000e+01   1.0000000e+01   1.4000000e+01   3.5000000e+01   4.9000000e+01  -5.3403915e+01  -3.8704035e+01   4.9827774e+02   2.8803614e-01   1.9172275e-01   0.0000000e+00
   2.0130000e+03   1.2000000e+01   1.0000000e+01   1.4000000e+01   3.7000000e+01   2.5000099e+01  -5.3408288e+01  -3.8702746e+01   4.9334920e+02   1.8791516e+00   3.5635807e+00   0.0000000e+00
   2.0130000e+03   1.2000000e+01   1.0000000e+01   1.4000000e+01   3.8000000e+01   5.7000099e+01  -5.3412708e+01  -3.8701432e+01   4.9876522e+02   5.3521192e+00   9.5291888e+00   5.9224856e+00
   2.0130000e+03   1.2000000e+01   1.0000000e+01   1.4000000e+01   4.0000000e+01   3.1000000e+01  -5.3417259e+01  -3.8700113e+01   5.1324442e+02   1.2592832e+00   2.1864672e+00   1.1781173e+00
   2.0130000e+03   1.2000000e+01   1.0000000e+01   1.4000000e+01   4.2000000e+01   6.0000000e+00  -5.3421575e+01  -3.8698655e+01   4.8914066e+02   6.1054934e-01   1.1184945e+00   0.0000000e+00
   2.0130000e+03   1.2000000e+01   1.0000000e+01   1.4000000e+01   4.3000000e+01   4.2000099e+01  -5.3425994e+01  -3.8697244e+01   4.9994488e+02   9.2246978e-01   9.2821995e-01   0.0000000e+00
   2.0130000e+03   1.2000000e+01   1.0000000e+01   1.4000000e+01   4.5000000e+01   2.0000000e+01  -5.3430402e+01  -3.8695774e+01   4.9931569e+02   9.7964838e-01   1.3294881e+00   0.0000000e+00
   2.0130000e+03   1.2000000e+01   1.0000000e+01   1.4000000e+01   4.7000000e+01   0.0000000e+00  -5.3434734e+01  -3.8694335e+01   4.9068798e+02   8.3470339e+01   1.4755839e+02   6.8946540e+01
   2.0130000e+03   1.2000000e+01   1.0000000e+01   1.4000000e+01   4.8000000e+01   4.0999901e+01  -5.3439262e+01  -3.8692801e+01   5.1335497e+02   1.3183239e+01   5.7195534e-01   0.0000000e+00
   2.0130000e+03   1.2000000e+01   1.0000000e+01   1.4000000e+01   5.0000000e+01   2.8000000e+01  -5.3443552e+01  -3.8691326e+01   4.8659589e+02   4.6602233e+02   6.1163965e+02   5.4121874e+02
   2.0130000e+03   1.2000000e+01   1.0000000e+01   1.4000000e+01   5.2000000e+01   1.4000000e+01  -5.3447985e+01  -3.8689829e+01   5.0246152e+02   2.4571553e+00   4.0091366e+00   0.0000000e+00
   2.0130000e+03   1.2000000e+01   1.0000000e+01   1.4000000e+01   5.3000000e+01   5.3000000e+01  -5.3452359e+01  -3.8688430e+01   4.9472361e+02   1.8534626e+00   2.3512107e+00   0.0000000e+00
   2.0130000e+03   1.2000000e+01   1.0000000e+01   1.4000000e+01   5.5000000e+01   2.9000000e+01  -5.3456810e+01  -3.8687101e+01   5.0242365e+02   2.0277667e+00   3.6418500e+00   0.0000000e+00
   2.0130000e+03   1.2000000e+01   1.0000000e+01   1.4000000e+01   5.7000000e+01   4.0000000e+00  -5.3461254e+01  -3.8685736e+01   5.0202326e+02   1.8766532e+00   2.8998044e+00   0.0000000e+00
   2.0130000e+03   1.2000000e+01   1.0000000e+01   1.4000000e+01   5.8000000e+01   3.8000000e+01  -5.3465710e+01  -3.8684340e+01   5.0366278e+02   1.7412937e+00   3.0454433e+00   0.0000000e+00
   2.0130000e+03   1.2000000e+01   1.0000000e+01   1.5000000e+01   0.0000000e+00   1.1000000e+01  -5.3470055e+01  -3.8683042e+01   4.9032810e+02   7.8559218e-01   1.2106876e+00   0.0000000e+00
   2.0130000e+03   1.2000000e+01   1.0000000e+01   1.5000000e+01   1.0000000e+00   4.3000000e+01  -5.3474508e+01  -3.8681683e+01   5.0300583e+02   8.1996819e-01   1.4312128e+00   0.0000000e+00
   2.0130000e+03   1.2000000e+01   1.0000000e+01   1.5000000e+01   3.0000000e+00   1.7000000e+01  -5.3478928e+01  -3.8680187e+01   5.0101455e+02   1.1535146e+00   1.8498921e+00   0.0000000e+00
   2.0130000e+03   1.2000000e+01   1.0000000e+01   1.5000000e+01   4.0000000e+00   5.1000099e+01  -5.3483280e+01  -3.8678674e+01   4.9380555e+02   1.3529156e+00   2.2111713e+00   0.0000000e+00
   2.0130000e+03   1.2000000e+01   1.0000000e+01   1.5000000e+01   6.0000000e+00   2.6000000e+01  -5.3487693e+01  -3.8677232e+01   4.9949935e+02   6.8198105e-01   7.7118387e-01   0.0000000e+00
   2.0130000e+03   1.2000000e+01   1.0000000e+01   1.5000000e+01   8.0000000e+00   0.0000000e+00  -5.3492115e+01  -3.8675746e+01   5.0110871e+02   6.8620148e-01   9.3689259e-01   0.0000000e+00
   2.0130000e+03   1.2000000e+01   1.0000000e+01   1.5000000e+01   9.0000000e+00   3.1000000e+01  -5.3496510e+01  -3.8674359e+01   4.9690319e+02   4.8852379e-01   5.9134397e-01   1.6204104e-01
   2.0130000e+03   1.2000000e+01   1.0000000e+01   1.5000000e+01   1.1000000e+01   2.0000000e+00  -5.3500909e+01  -3.8672868e+01   4.9869538e+02   8.7831099e-01   5.5809197e-01   0.0000000e+00
   2.0130000e+03   1.2000000e+01   1.0000000e+01   1.5000000e+01   1.2000000e+01   3.3999901e+01  -5.3505300e+01  -3.8671591e+01   4.9519309e+02   6.8557624e-01   9.8828972e-01   0.0000000e+00
   2.0130000e+03   1.2000000e+01   1.0000000e+01   1.5000000e+01   1.4000000e+01   8.0000000e+00  -5.3509765e+01  -3.8670436e+01   5.0197795e+02   5.5792407e-01   8.2229485e-01   0.0000000e+00
   2.0130000e+03   1.2000000e+01   1.0000000e+01   1.5000000e+01   1.5000000e+01   4.9000000e+01  -5.3514231e+01  -3.8669067e+01   5.0437348e+02   5.3670881e-01   5.7119306e-01   0.0000000e+00
   2.0130000e+03   1.2000000e+01   1.0000000e+01   1.5000000e+01   1.7000000e+01   3.4000000e+01  -5.3518574e+01  -3.8667644e+01   4.9173968e+02   7.2080865e-01   1.1179625e+00   0.0000000e+00
   2.0130000e+03   1.2000000e+01   1.0000000e+01   1.5000000e+01   1.9000000e+01   1.8000000e+01  -5.3522997e+01  -3.8666211e+01   5.0050562e+02   4.8164343e-01   8.4237241e-01   0.0000000e+00
   2.0130000e+03   1.2000000e+01   1.0000000e+01   1.5000000e+01   2.0000000e+01   5.8000000e+01  -5.3527401e+01  -3.8664839e+01   4.9772350e+02   8.0894336e-01   1.0464800e+00   5.4772225e-01
   2.0130000e+03   1.2000000e+01   1.0000000e+01   1.5000000e+01   2.2000000e+01   3.4999901e+01  -5.3531771e+01  -3.8663430e+01   4.9438987e+02   5.6628761e-01   9.9041122e-01   0.0000000e+00
   2.0130000e+03   1.2000000e+01   1.0000000e+01   1.5000000e+01   2.4000000e+01   1.1000000e+01  -5.3536220e+01  -3.8662029e+01   5.0300406e+02   2.9999408e+00   2.6981504e+00   0.0000000e+00
   2.0130000e+03   1.2000000e+01   1.0000000e+01   1.5000000e+01   2.5000000e+01   4.6000000e+01  -5.3540681e+01  -3.8660631e+01   5.0418299e+02   1.4166918e+00   1.8680907e+00   2.4153431e-01
   2.0130000e+03   1.2000000e+01   1.0000000e+01   1.5000000e+01   2.7000000e+01   2.2000000e+01  -5.3545099e+01  -3.8659320e+01   4.9848400e+02   3.7381791e+00   6.2968756e+00   0.0000000e+00
   2.0130000e+03   1.2000000e+01   1.0000000e+01   1.5000000e+01   2.9000000e+01   0.0000000e+00  -5.3549531e+01  -3.8657830e+01   5.0225450e+02   5.5555357e-01   4.9079865e-01   5.9576821e-02
   2.0130000e+03   1.2000000e+01   1.0000000e+01   1.5000000e+01   3.0000000e+01   3.9000000e+01  -5.3553859e+01  -3.8656363e+01   4.9052101e+02   3.4777859e-01   4.8432054e-01   8.9541371e-02
   2.0130000e+03   1.2000000e+01   1.0000000e+01   1.5000000e+01   3.2000000e+01   1.6000000e+01  -5.3558299e+01  -3.8654961e+01   5.0204727e+02   2.3017009e+00   3.3411777e+00   0.0000000e+00
   2.0130000e+03   1.2000000e+01   1.0000000e+01   1.5000000e+01   3.3000000e+01   5.3000000e+01  -5.3562755e+01  -3.8653420e+01   5.0545918e+02   5.7318910e-01   5.4468639e-01   0.0000000e+00
   2.0130000e+03   1.2000000e+01   1.0000000e+01   1.5000000e+01   3.5000000e+01   3.3000000e+01  -5.3567111e+01  -3.8651976e+01   4.9330930e+02   5.2161853e+01   9.1228704e+01   6.5741259e+01
   2.0130000e+03   1.2000000e+01   1.0000000e+01   1.5000000e+01   3.7000000e+01   1.4000000e+01  -5.3571563e+01  -3.8650731e+01   5.0153206e+02   2.7415323e-01   4.7948150e-01   0.0000000e+00
   2.0130000e+03   1.2000000e+01   1.0000000e+01   1.5000000e+01   3.8000000e+01   5.3000000e+01  -5.3576010e+01  -3.8649472e+01   5.0108324e+02   2.7980339e-01   4.8936338e-01   0.0000000e+00
   2.0130000e+03   1.2000000e+01   1.0000000e+01   1.5000000e+01   4.0000000e+01   3.3000000e+01  -5.3580366e+01  -3.8648145e+01   4.9186150e+02   2.9863208e+00   5.5108124e-01   0.0000000e+00
   2.0130000e+03   1.2000000e+01   1.0000000e+01   1.5000000e+01   4.2000000e+01   1.4000000e+01  -5.3584832e+01  -3.8646798e+01   5.0414138e+02   2.8131424e-01   4.9200578e-01   1.4238068e-01
   2.0130000e+03   1.2000000e+01   1.0000000e+01   1.5000000e+01   4.3000000e+01   5.5000000e+01  -5.3589185e+01  -3.8645385e+01   4.9264399e+02   5.1443590e-01   7.1167889e-01   1.6758374e-01
   2.0130000e+03   1.2000000e+01   1.0000000e+01   1.5000000e+01   4.5000000e+01   3.6000000e+01  -5.3593560e+01  -3.8643780e+01   4.9752193e+02   6.2294752e+02   1.0882401e+03   1.0144314e+03
   2.0130000e+03   1.2000000e+01   1.0000000e+01   1.5000000e+01   4.7000000e+01   1.7000000e+01  -5.3597985e+01  -3.8642422e+01   4.9983851e+02   2.4243181e-01   4.2400219e-01   0.0000000e+00
   2.0130000e+03   1.2000000e+01   1.0000000e+01   1.5000000e+01   4.8000000e+01   5.9000000e+01  -5.3602406e+01  -3.8640914e+01   5.0113545e+02   1.4767797e-01   2.5828205e-01   0.0000000e+00
   2.0130000e+03   1.2000000e+01   1.0000000e+01   1.5000000e+01   5.0000000e+01   4.1000000e+01  -5.3606802e+01  -3.8639416e+01   4.9835266e+02   2.0398472e-01   3.7252811e-01   0.0000000e+00
   2.0130000e+03   1.2000000e+01   1.0000000e+01   1.5000000e+01   5.2000000e+01   2.1000000e+01  -5.3611176e+01  -3.8637957e+01   4.9554729e+02   8.7448154e-01   8.4427749e-01   5.4364338e-01
   2.0130000e+03   1.2000000e+01   1.0000000e+01   1.5000000e+01   5.4000000e+01   9.9990082e-01  -5.3615645e+01  -3.8636535e+01   5.0527709e+02   1.5841459e-01   2.7705990e-01   0.0000000e+00
   2.0130000e+03   1.2000000e+01   1.0000000e+01   1.5000000e+01   5.5000000e+01   3.8000000e+01  -5.3620098e+01  -3.8635275e+01   5.0183529e+02   2.8202609e-01   5.5587970e-01   0.0000000e+00
   2.0130000e+03   1.2000000e+01   1.0000000e+01   1.5000000e+01   5.7000000e+01   1.6000000e+01  -5.3624501e+01  -3.8633973e+01   4.9665522e+02   5.4541761e-01   6.2029256e-01   1.8666789e-01
   2.0130000e+03   1.2000000e+01   1.0000000e+01   1.5000000e+01   5.8000000e+01   5.5000000e+01  -5.3628902e+01  -3.8632709e+01   4.9610459e+02   4.2739939e-01   7.5337359e-01   5.9715990e-02
   2.0130000e+03   1.2000000e+01   1.0000000e+01   1.6000000e+01   0.0000000e+00   3.3000000e+01  -5.3633325e+01  -3.8631386e+01   4.9914750e+02   5.2054167e-02   9.1040365e-02   0.0000000e+00
   2.0130000e+03   1.2000000e+01   1.0000000e+01   1.6000000e+01   2.0000000e+00   9.0000000e+00  -5.3637769e+01  -3.8629910e+01   5.0334302e+02   1.7597983e+00   5.9440207e-01   5.2126938e-02
   2.0130000e+03   1.2000000e+01   1.0000000e+01   1.6000000e+01   3.0000000e+00   4.5000000e+01  -5.3642165e+01  -3.8628371e+01   4.9889809e+02   6.8745831e-01   1.2023333e+00   0.0000000e+00
   2.0130000e+03   1.2000000e+01   1.0000000e+01   1.6000000e+01   5.0000000e+00   2.5000099e+01  -5.3646535e+01  -3.8626876e+01   4.9541972e+02   5.7159095e-01   9.3943460e-01   0.0000000e+00
   2.0130000e+03   1.2000000e+01   1.0000000e+01   1.6000000e+01   7.0000000e+00   3.0000000e+00  -5.3650925e+01  -3.8625401e+01   4.9744568e+02   1.4239164e+00   2.4541345e+00   3.0866592e-01
   2.0130000e+03   1.2000000e+01   1.0000000e+01   1.6000000e+01   8.0000000e+00   3.9000099e+01  -5.3655314e+01  -3.8624054e+01   4.9564871e+02   7.4705503e-01   1.1358801e+00   0.0000000e+00
   2.0130000e+03   1.2000000e+01   1.0000000e+01   1.6000000e+01   1.0000000e+01   1.5000000e+01  -5.3659763e+01  -3.8622549e+01   5.0423205e+02   4.6512913e-01   8.0876363e-01   0.0000000e+00
   2.0130000e+03   1.2000000e+01   1.0000000e+01   1.6000000e+01   1.1000000e+01   5.0000000e+01  -5.3664194e+01  -3.8621167e+01   5.0075005e+02   5.2212521e-01   8.2202222e-01   0.0000000e+00
   2.0130000e+03   1.2000000e+01   1.0000000e+01   1.6000000e+01   1.3000000e+01   2.4000000e+01  -5.3668595e+01  -3.8619813e+01   4.9709974e+02   3.3022933e-01   5.7755605e-01   0.0000000e+00
   2.0130000e+03   1.2000000e+01   1.0000000e+01   1.6000000e+01   1.5000000e+01   0.0000000e+00  -5.3672968e+01  -3.8618431e+01   4.9440009e+02   5.9646965e-01   5.2860624e-01   0.0000000e+00
   2.0130000e+03   1.2000000e+01   1.0000000e+01   1.6000000e+01   1.6000000e+01   3.7000000e+01  -5.3677435e+01  -3.8617023e+01   5.0490391e+02   5.3999122e-01   5.6937876e-01   0.0000000e+00
   2.0130000e+03   1.2000000e+01   1.0000000e+01   1.6000000e+01   1.8000000e+01   1.2000099e+01  -5.3681871e+01  -3.8615631e+01   5.0136347e+02   1.1225379e+00   1.6769908e+00   0.0000000e+00
   2.0130000e+03   1.2000000e+01   1.0000000e+01   1.6000000e+01   1.9000000e+01   4.5000099e+01  -5.3686298e+01  -3.8614311e+01   4.9953439e+02   9.2509447e-01   1.6179481e+00   0.0000000e+00
   2.0130000e+03   1.2000000e+01   1.0000000e+01   1.6000000e+01   2.1000000e+01   2.0000000e+01  -5.3690722e+01  -3.8612980e+01   4.9939064e+02   1.2058134e+00   1.7884634e+00   6.1703276e-01
   2.0130000e+03   1.2000000e+01   1.0000000e+01   1.6000000e+01   2.2000000e+01   5.6000000e+01  -5.3695131e+01  -3.8611564e+01   4.9867004e+02   7.7239775e-01   1.6013738e+00   5.6636755e-01
   2.0130000e+03   1.2000000e+01   1.0000000e+01   1.6000000e+01   2.4000000e+01   3.1000099e+01  -5.3699504e+01  -3.8610268e+01   4.9333346e+02   1.3910729e+00   2.3797619e+00   6.0177380e-02
   2.0130000e+03   1.2000000e+01   1.0000000e+01   1.6000000e+01   2.6000000e+01   5.0000000e+00  -5.3703914e+01  -3.8608973e+01   4.9743353e+02   2.0029604e+00   3.3435835e+00   0.0000000e+00
   2.0130000e+03   1.2000000e+01   1.0000000e+01   1.6000000e+01   2.7000000e+01   3.9000000e+01  -5.3708377e+01  -3.8607531e+01   5.0493194e+02   1.5084264e+00   2.8157206e+00   5.3197004e-02
   2.0130000e+03   1.2000000e+01   1.0000000e+01   1.6000000e+01   2.9000000e+01   1.4000000e+01  -5.3712792e+01  -3.8605973e+01   5.0107527e+02   1.9304071e+00   3.4698128e+00   4.8957920e-02
   2.0130000e+03   1.2000000e+01   1.0000000e+01   1.6000000e+01   3.0000000e+01   5.1000099e+01  -5.3717148e+01  -3.8604437e+01   4.9448496e+02   1.6573848e+00   3.2092957e+00   4.1189722e-02
   2.0130000e+03   1.2000000e+01   1.0000000e+01   1.6000000e+01   3.2000000e+01   3.0000000e+01  -5.3721501e+01  -3.8602722e+01   4.9672954e+02   4.3283661e-01   7.6072037e-01   0.0000000e+00
   2.0130000e+03   1.2000000e+01   1.0000000e+01   1.6000000e+01   3.4000000e+01   1.1000000e+01  -5.3725909e+01  -3.8601378e+01   4.9772485e+02   1.8025492e-02   7.2141980e-02   4.0616215e-02
   2.0130000e+03   1.2000000e+01   1.0000000e+01   1.6000000e+01   3.5000000e+01   4.9000000e+01  -5.3730381e+01  -3.8600141e+01   5.0353448e+02   1.0830076e+00   1.8991981e+00   4.4986653e-02
   2.0130000e+03   1.2000000e+01   1.0000000e+01   1.6000000e+01   3.7000000e+01   2.5000000e+01  -5.3734795e+01  -3.8598880e+01   4.9741718e+02   1.4220479e+02   1.9705238e+02   1.9669710e+02
   2.0130000e+03   1.2000000e+01   1.0000000e+01   1.6000000e+01   3.8000000e+01   5.9000000e+01  -5.3739233e+01  -3.8597548e+01   5.0083649e+02   3.2278320e-01   6.4110474e-01   2.3491103e-01
   2.0130000e+03   1.2000000e+01   1.0000000e+01   1.6000000e+01   4.0000000e+01   3.3000099e+01  -5.3743683e+01  -3.8596272e+01   5.0156377e+02   1.2039741e+00   1.4042499e+00   4.0463821e-01
   2.0130000e+03   1.2000000e+01   1.0000000e+01   1.6000000e+01   4.2000000e+01   9.0000000e+00  -5.3748096e+01  -3.8594926e+01   4.9826106e+02   7.6154324e-01   8.7389216e-01   3.6240968e-02
   2.0130000e+03   1.2000000e+01   1.0000000e+01   1.6000000e+01   4.3000000e+01   4.7000099e+01  -5.3752468e+01  -3.8593472e+01   4.9518586e+02   1.0855735e-01   2.0204618e-01   0.0000000e+00
   2.0130000e+03   1.2000000e+01   1.0000000e+01   1.6000000e+01   4.5000000e+01   2.3000000e+01  -5.3756885e+01  -3.8592046e+01   4.9969281e+02   4.0381929e-02   7.0626153e-02   5.6773910e-02
   2.0130000e+03   1.2000000e+01   1.0000000e+01   1.6000000e+01   4.6000000e+01   5.7000000e+01  -5.3761286e+01  -3.8590517e+01   4.9915921e+02   4.1349517e-01   4.8196009e-01   1.2560049e-01
   2.0130000e+03   1.2000000e+01   1.0000000e+01   1.6000000e+01   4.8000000e+01   3.1000000e+01  -5.3765697e+01  -3.8589067e+01   4.9932685e+02   5.7491530e-01   1.1088254e+00   9.2507107e-01
   2.0130000e+03   1.2000000e+01   1.0000000e+01   1.6000000e+01   5.0000000e+01   5.0000000e+00  -5.3770114e+01  -3.8587660e+01   4.9951322e+02   3.6578329e+03   4.7530949e+03   4.7527711e+03
   2.0130000e+03   1.2000000e+01   1.0000000e+01   1.6000000e+01   5.1000000e+01   3.8999901e+01  -5.3774489e+01  -3.8586285e+01   4.9445165e+02   7.5342186e+02   6.8652094e+02   6.8628216e+02
   2.0130000e+03   1.2000000e+01   1.0000000e+01   1.6000000e+01   5.3000000e+01   1.3000000e+01  -5.3778951e+01  -3.8584886e+01   5.0422587e+02   6.1670736e-01   1.0376958e+00   6.8729461e-01
   2.0130000e+03   1.2000000e+01   1.0000000e+01   1.6000000e+01   5.4000000e+01   4.8000000e+01  -5.3783377e+01  -3.8583488e+01   5.0027491e+02   6.3249399e-01   1.1098525e+00   7.9676897e-01
   2.0130000e+03   1.2000000e+01   1.0000000e+01   1.6000000e+01   5.6000000e+01   2.6000000e+01  -5.3787773e+01  -3.8582073e+01   4.9724551e+02   5.0208669e-01   9.9130695e-01   6.6688461e-01
   2.0130000e+03   1.2000000e+01   1.0000000e+01   1.6000000e+01   5.8000000e+01   5.0000992e+00  -5.3792154e+01  -3.8580603e+01   4.9637845e+02   2.4147694e-01   2.8896288e-01   0.0000000e+00
   2.0130000e+03   1.2000000e+01   1.0000000e+01   1.6000000e+01   5.9000000e+01   4.4000000e+01  -5.3796587e+01  -3.8579196e+01   5.0114150e+02   1.0120395e+00   1.7700110e+00   0.0000000e+00
   2.0130000e+03   1.2000000e+01   1.0000000e+01   1.7000000e+01   1.0000000e+00   2.2000000e+01  -5.3800998e+01  -3.8577750e+01   4.9922604e+02   7.4075007e-01   1.0775347e+00   4.1079890e-01
   2.0130000e+03   1.2000000e+01   1.0000000e+01   1.7000000e+01   3.0000000e+00   0.0000000e+00  -5.3805474e+01  -3.8576285e+01   5.0659609e+02   1.9175758e+00   3.3728207e+00   6.4928443e-01
   2.0130000e+03   1.2000000e+01   1.0000000e+01   1.7000000e+01   4.0000000e+00   3.8000000e+01  -5.3809818e+01  -3.8574848e+01   4.9176298e+02   1.3555542e+01   1.5982291e+01   5.0179914e+00
   2.0130000e+03   1.2000000e+01   1.0000000e+01   1.7000000e+01   6.0000000e+00   1.6000000e+01  -5.3814271e+01  -3.8573535e+01   5.0234120e+02   1.0745648e+00   2.1326477e+00   1.1129557e+00
   2.0130000e+03   1.2000000e+01   1.0000000e+01   1.7000000e+01   7.0000000e+00   5.6000000e+01  -5.3818645e+01  -3.8572191e+01   4.9395343e+02   3.3165012e+00   5.8004095e+00   4.3234868e+00
   2.0130000e+03   1.2000000e+01   1.0000000e+01   1.7000000e+01   9.0000000e+00   3.7000000e+01  -5.3823092e+01  -3.8570778e+01   5.0279149e+02   4.0074586e+00   9.9672419e+00   9.3144590e+00
   2.0130000e+03   1.2000000e+01   1.0000000e+01   1.7000000e+01   1.1000000e+01   1.5000000e+01  -5.3827545e+01  -3.8569404e+01   5.0298086e+02   2.0293883e+00   3.5776535e+00   3.4372840e+00
   2.0130000e+03   1.2000000e+01   1.0000000e+01   1.7000000e+01   1.2000000e+01   5.5000000e+01  -5.3831939e+01  -3.8568043e+01   4.9625042e+02   3.3938572e+00   5.9424472e+00   5.7180805e+00
   2.0130000e+03   1.2000000e+01   1.0000000e+01   1.7000000e+01   1.4000000e+01   3.5000000e+01  -5.3836310e+01  -3.8566665e+01   4.9407244e+02   3.9610220e+00   6.3987007e+00   5.9503230e+00
   2.0130000e+03   1.2000000e+01   1.0000000e+01   1.7000000e+01   1.6000000e+01   1.2000000e+01  -5.3840713e+01  -3.8565278e+01   4.9764846e+02   4.1772031e+00   7.3341118e+00   5.0044986e+00
   2.0130000e+03   1.2000000e+01   1.0000000e+01   1.7000000e+01   1.7000000e+01   4.8000000e+01  -5.3845185e+01  -3.8563884e+01   5.0531846e+02   2.3599893e+00   3.8708035e+00   1.6856739e+00
   2.0130000e+03   1.2000000e+01   1.0000000e+01   1.7000000e+01   1.9000000e+01   2.4000000e+01  -5.3849626e+01  -3.8562501e+01   5.0172444e+02   2.2320885e+00   3.9256236e+00   2.2060912e+00
   2.0130000e+03   1.2000000e+01   1.0000000e+01   1.7000000e+01   2.1000000e+01   1.0000000e+00  -5.3854033e+01  -3.8561024e+01   4.9911145e+02   2.7838343e+00   3.7082208e+00   2.8760624e+00
   2.0130000e+03   1.2000000e+01   1.0000000e+01   1.7000000e+01   2.2000000e+01   3.9000000e+01  -5.3858410e+01  -3.8559487e+01   4.9673494e+02   2.3200204e+00   4.0904718e+00   2.8553575e+00
   2.0130000e+03   1.2000000e+01   1.0000000e+01   1.7000000e+01   2.4000000e+01   1.4000000e+01  -5.3862808e+01  -3.8557943e+01   4.9911668e+02   2.8878519e+00   5.0507213e+00   1.6998790e+00
   2.0130000e+03   1.2000000e+01   1.0000000e+01   1.7000000e+01   2.5000000e+01   4.8000000e+01  -5.3867214e+01  -3.8556417e+01   4.9969462e+02   2.8503299e+00   4.9850971e+00   2.3384144e+00
   2.0130000e+03   1.2000000e+01   1.0000000e+01   1.7000000e+01   2.7000000e+01   2.4000000e+01  -5.3871596e+01  -3.8555137e+01   4.9408005e+02   6.6406467e+00   1.0908209e+01   9.1017347e+00
   2.0130000e+03   1.2000000e+01   1.0000000e+01   1.7000000e+01   2.9000000e+01   0.0000000e+00  -5.3876052e+01  -3.8553769e+01   5.0313545e+02   2.0697712e+00   3.5067806e+00   9.7990714e-01
   2.0130000e+03   1.2000000e+01   1.0000000e+01   1.7000000e+01   3.0000000e+01   3.5000000e+01  -5.3880474e+01  -3.8552403e+01   4.9948575e+02   2.3875917e+00   4.1259189e+00   1.7802533e+00
   2.0130000e+03   1.2000000e+01   1.0000000e+01   1.7000000e+01   3.2000000e+01   9.0000000e+00  -5.3884888e+01  -3.8551106e+01   4.9783697e+02   1.7891654e+00   3.0626741e+00   1.4381235e+00
   2.0130000e+03   1.2000000e+01   1.0000000e+01   1.7000000e+01   3.3000000e+01   4.1000099e+01  -5.3889292e+01  -3.8549819e+01   4.9650194e+02   1.0845429e+01   1.8895204e+01   1.4666428e+00
   2.0130000e+03   1.2000000e+01   1.0000000e+01   1.7000000e+01   3.5000000e+01   1.6000000e+01  -5.3893756e+01  -3.8548449e+01   5.0411551e+02   4.7169467e+00   8.1759648e+00   6.9532260e+00
   2.0130000e+03   1.2000000e+01   1.0000000e+01   1.7000000e+01   3.6000000e+01   5.3000000e+01  -5.3898168e+01  -3.8547091e+01   4.9825006e+02   6.6256240e+00   1.0663498e+01   1.0260039e+01
   2.0130000e+03   1.2000000e+01   1.0000000e+01   1.7000000e+01   3.8000000e+01   3.0000000e+01  -5.3902565e+01  -3.8545725e+01   4.9673723e+02   7.0010335e+00   1.1650793e+01   1.1213814e+01
   2.0130000e+03   1.2000000e+01   1.0000000e+01   1.7000000e+01   4.0000000e+01   5.0000000e+00  -5.3906952e+01  -3.8544249e+01   4.9693914e+02   3.9845839e+00   6.7546969e+00   6.9239366e-01
   2.0130000e+03   1.2000000e+01   1.0000000e+01   1.7000000e+01   4.1000000e+01   3.7000000e+01  -5.3911377e+01  -3.8542677e+01   5.0242178e+02   4.7453840e+00   8.2994603e+00   3.8121873e+00
   2.0130000e+03   1.2000000e+01   1.0000000e+01   1.7000000e+01   4.3000000e+01   9.0000000e+00  -5.3915750e+01  -3.8541063e+01   4.9723996e+02   2.8674684e+00   4.7041047e+00   3.5522785e+00
   2.0130000e+03   1.2000000e+01   1.0000000e+01   1.7000000e+01   4.4000000e+01   4.2000000e+01  -5.3920164e+01  -3.8539439e+01   5.0189097e+02   3.7412426e+00   6.5800832e+00   5.5725633e+00
   2.0130000e+03   1.2000000e+01   1.0000000e+01   1.7000000e+01   4.6000000e+01   1.4000000e+01  -5.3924597e+01  -3.8537939e+01   5.0223528e+02   1.5339716e+00   2.7778207e+00   2.7754384e-02
   2.0130000e+03   1.2000000e+01   1.0000000e+01   1.7000000e+01   4.7000000e+01   5.0000000e+01  -5.3928982e+01  -3.8536443e+01   4.9701054e+02   7.7639116e-01   1.4197268e+00   1.4134248e-01
   2.0130000e+03   1.2000000e+01   1.0000000e+01   1.7000000e+01   4.9000000e+01   2.7000000e+01  -5.3933381e+01  -3.8534958e+01   4.9841517e+02   5.6264324e+00   9.8403738e+00   0.0000000e+00
   2.0130000e+03   1.2000000e+01   1.0000000e+01   1.7000000e+01   5.1000000e+01   4.0000000e+00  -5.3937815e+01  -3.8533634e+01   5.0023805e+02   1.7379329e+00   2.9777457e+00   2.6821959e+00
   2.0130000e+03   1.2000000e+01   1.0000000e+01   1.7000000e+01   5.2000000e+01   4.3000000e+01  -5.3942229e+01  -3.8532261e+01   4.9857033e+02   4.8957992e+00   8.6048210e+00   6.0897916e+00
   2.0130000e+03   1.2000000e+01   1.0000000e+01   1.7000000e+01   5.4000000e+01   2.2000000e+01  -5.3946667e+01  -3.8531107e+01   4.9896968e+02   1.5381033e+01   2.6941884e+01   2.4979416e+01
   2.0130000e+03   1.2000000e+01   1.0000000e+01   1.7000000e+01   5.7000000e+01   3.6000000e+01  -5.3955531e+01  -3.8528632e+01   9.9811839e+02   1.3638978e+01   2.3853951e+01   2.2145239e+01
   2.0130000e+03   1.2000000e+01   1.0000000e+01   1.7000000e+01   5.9000000e+01   1.5000000e+01  -5.3959910e+01  -3.8527090e+01   4.9695332e+02   5.2844695e+00   5.4029467e+00   3.4318117e+00
