   2.0130000e+03   1.2000000e+01   1.2000000e+01   8.0000000e+00   5.0000000e+00   5.9000000e+01  -5.3869667e+01  -3.7729510e+01   4.9962572e+02   4.6204092e-01   4.4584807e-01   0.0000000e+00
   2.0130000e+03   1.2000000e+01   1.2000000e+01   8.0000000e+00   8.0000000e+00   3.0000000e+00  -5.3865232e+01  -3.7730689e+01   4.9883587e+02   1.0564907e+00   1.9134185e+00   0.0000000e+00
   2.0130000e+03   1.2000000e+01   1.2000000e+01   8.0000000e+00   9.0000000e+00   5.0000000e+01  -5.3860778e+01  -3.7732265e+01   5.0564281e+02   6.7241344e-01   9.9524605e-01   0.0000000e+00
   2.0130000e+03   1.2000000e+01   1.2000000e+01   8.0000000e+00   1.1000000e+01   2.8000000e+01  -5.3856317e+01  -3.7733696e+01   5.0450246e+02   5.0991590e-01   9.7619016e-01   0.0000000e+00
   2.0130000e+03   1.2000000e+01   1.2000000e+01   8.0000000e+00   1.3000000e+01   3.0000000e+00  -5.3851882e+01  -3.7735040e+01   5.0058588e+02   1.2249639e+00   1.0727086e+00   2.8518549e-01
   2.0130000e+03   1.2000000e+01   1.2000000e+01   8.0000000e+00   1.4000000e+01   3.7000000e+01  -5.3847484e+01  -3.7736392e+01   4.9665466e+02   1.7497973e+00   2.0947000e+00   9.7667831e-01
   2.0130000e+03   1.2000000e+01   1.2000000e+01   8.0000000e+00   1.6000000e+01   1.1000000e+01  -5.3843096e+01  -3.7737756e+01   4.9581197e+02   1.3448820e+01   3.1196863e+01   1.1636317e+00
   2.0130000e+03   1.2000000e+01   1.2000000e+01   8.0000000e+00   1.7000000e+01   4.5000000e+01  -5.3838656e+01  -3.7739085e+01   5.0096081e+02   2.3859578e+00   4.3095633e+00   2.4648229e+00
   2.0130000e+03   1.2000000e+01   1.2000000e+01   8.0000000e+00   1.9000000e+01   1.9000000e+01  -5.3834220e+01  -3.7740436e+01   5.0085115e+02   2.4029370e+00   4.4137426e+00   1.3955249e+00
   2.0130000e+03   1.2000000e+01   1.2000000e+01   8.0000000e+00   2.0000000e+01   5.4000000e+01  -5.3829778e+01  -3.7741758e+01   5.0113768e+02   3.2059929e+00   5.7000256e+00   4.1584820e+00
   2.0130000e+03   1.2000000e+01   1.2000000e+01   8.0000000e+00   2.2000000e+01   3.1000000e+01  -5.3825339e+01  -3.7742988e+01   4.9981764e+02   3.1065501e+00   5.4332145e+00   4.5595051e+00
   2.0130000e+03   1.2000000e+01   1.2000000e+01   8.0000000e+00   2.4000000e+01   1.1000000e+01  -5.3820945e+01  -3.7744424e+01   4.9730319e+02   7.1265616e-01   1.3669767e+00   6.9186464e-01
   2.0130000e+03   1.2000000e+01   1.2000000e+01   8.0000000e+00   2.5000000e+01   5.2000000e+01  -5.3816507e+01  -3.7745936e+01   5.0294795e+02   5.8917252e-01   9.3730379e-01   5.7073077e-01
   2.0130000e+03   1.2000000e+01   1.2000000e+01   8.0000000e+00   2.7000000e+01   3.2000000e+01  -5.3812115e+01  -3.7747501e+01   4.9871716e+02   1.2407766e+00   2.1162624e+00   1.4317208e+00
   2.0130000e+03   1.2000000e+01   1.2000000e+01   8.0000000e+00   2.9000000e+01   9.0000000e+00  -5.3807719e+01  -3.7748999e+01   4.9832236e+02   7.6053097e-02   2.1206392e-01   1.0534138e-01
   2.0130000e+03   1.2000000e+01   1.2000000e+01   8.0000000e+00   3.0000000e+01   4.7000000e+01  -5.3803281e+01  -3.7750496e+01   5.0284895e+02   2.3021752e-01   1.8443427e-01   0.0000000e+00
   2.0130000e+03   1.2000000e+01   1.2000000e+01   8.0000000e+00   3.2000000e+01   2.5000000e+01  -5.3798889e+01  -3.7752073e+01   4.9882722e+02   1.3543567e-01   2.3687081e-01   5.4808715e-02
   2.0130000e+03   1.2000000e+01   1.2000000e+01   8.0000000e+00   3.4000000e+01   5.0000000e+00  -5.3794459e+01  -3.7753569e+01   5.0198342e+02   1.5681713e-01   2.6202938e-01   1.0085071e-01
   2.0130000e+03   1.2000000e+01   1.2000000e+01   8.0000000e+00   3.5000000e+01   4.8000000e+01  -5.3790112e+01  -3.7755057e+01   4.9286447e+02   1.2658232e-01   1.0747489e-01   0.0000000e+00
   2.0130000e+03   1.2000000e+01   1.2000000e+01   8.0000000e+00   3.7000000e+01   2.6000000e+01  -5.3785700e+01  -3.7756631e+01   5.0100559e+02   6.1395257e-02   8.3212954e-02   0.0000000e+00
   2.0130000e+03   1.2000000e+01   1.2000000e+01   8.0000000e+00   3.9000000e+01   1.0000000e+00  -5.3781305e+01  -3.7758154e+01   4.9843969e+02   3.5614969e-02   6.2288957e-02   0.0000000e+00
   2.0130000e+03   1.2000000e+01   1.2000000e+01   8.0000000e+00   4.0000000e+01   3.4000000e+01  -5.3776890e+01  -3.7759781e+01   5.0213817e+02   2.0878588e-02   3.6515698e-02   0.0000000e+00
   2.0130000e+03   1.2000000e+01   1.2000000e+01   8.0000000e+00   4.2000000e+01   7.0000000e+00  -5.3772461e+01  -3.7761389e+01   5.0333758e+02   3.3362362e-02   5.8349251e-02   0.0000000e+00
   2.0130000e+03   1.2000000e+01   1.2000000e+01   8.0000000e+00   4.3000000e+01   4.4000000e+01  -5.3768065e+01  -3.7762987e+01   4.9968345e+02   4.2163975e-02   8.3577257e-02   0.0000000e+00
   2.0130000e+03   1.2000000e+01   1.2000000e+01   8.0000000e+00   4.5000000e+01   2.4000000e+01  -5.3763698e+01  -3.7764575e+01   4.9632061e+02   3.8134650e-03   1.3870278e-02   0.0000000e+00
   2.0130000e+03   1.2000000e+01   1.2000000e+01   8.0000000e+00   4.7000000e+01   5.0000000e+00  -5.3759292e+01  -3.7766043e+01   4.9895739e+02   4.1842247e-02   7.3180184e-02   0.0000000e+00
   2.0130000e+03   1.2000000e+01   1.2000000e+01   8.0000000e+00   4.8000000e+01   4.8000000e+01  -5.3754871e+01  -3.7767491e+01   5.0038702e+02   4.5237570e-02   3.1552216e-02   0.0000000e+00
   2.0130000e+03   1.2000000e+01   1.2000000e+01   8.0000000e+00   5.0000000e+01   2.9000000e+01  -5.3750502e+01  -3.7768996e+01   4.9551510e+02   2.1240187e-02   3.7148119e-02   0.0000000e+00
   2.0130000e+03   1.2000000e+01   1.2000000e+01   8.0000000e+00   5.2000000e+01   1.0000000e+01  -5.3746106e+01  -3.7770485e+01   4.9815331e+02   5.2305430e-02   9.1479814e-02   4.0339080e-02
   2.0130000e+03   1.2000000e+01   1.2000000e+01   8.0000000e+00   5.3000000e+01   5.1000000e+01  -5.3741667e+01  -3.7772009e+01   5.0328669e+02   7.4908662e-02   1.5293737e-01   4.0506203e-02
   2.0130000e+03   1.2000000e+01   1.2000000e+01   8.0000000e+00   5.5000000e+01   3.1000000e+01  -5.3737259e+01  -3.7773547e+01   5.0015972e+02   7.6248333e-02   1.3335486e-01   5.7976832e-02
   2.0130000e+03   1.2000000e+01   1.2000000e+01   8.0000000e+00   5.7000000e+01   1.0000000e+01  -5.3732882e+01  -3.7775013e+01   4.9583868e+02   1.3787182e-01   1.8449890e-01   0.0000000e+00
   2.0130000e+03   1.2000000e+01   1.2000000e+01   8.0000000e+00   5.8000000e+01   4.8000000e+01  -5.3728469e+01  -3.7776592e+01   5.0125269e+02   1.2057793e+00   2.1088531e+00   0.0000000e+00
   2.0130000e+03   1.2000000e+01   1.2000000e+01   9.0000000e+00   0.0000000e+00   2.6000000e+01  -5.3724025e+01  -3.7778229e+01   5.0543320e+02   7.6246047e-01   1.4671063e+00   0.0000000e+00
   2.0130000e+03   1.2000000e+01   1.2000000e+01   9.0000000e+00   2.0000000e+00   4.0000000e+00  -5.3719614e+01  -3.7779874e+01   5.0193490e+02   6.1195604e-01   1.0702832e+00   0.0000000e+00
   2.0130000e+03   1.2000000e+01   1.2000000e+01   9.0000000e+00   3.0000000e+00   4.1000000e+01  -5.3715240e+01  -3.7781389e+01   4.9608796e+02   1.3383631e-01   3.4786640e-01   0.0000000e+00
   2.0130000e+03   1.2000000e+01   1.2000000e+01   9.0000000e+00   5.0000000e+00   2.0000000e+01  -5.3711080e+01  -3.7782870e+01   4.7243469e+02   5.1338255e-01   8.9788268e-01   0.0000000e+00
   2.0130000e+03   1.2000000e+01   1.2000000e+01   9.0000000e+00   6.0000000e+00   5.8000000e+01  -5.3706498e+01  -3.7784599e+01   5.2171159e+02   4.4457622e-01   7.3621706e-01   0.0000000e+00
   2.0130000e+03   1.2000000e+01   1.2000000e+01   9.0000000e+00   8.0000000e+00   3.4000000e+01  -5.3702058e+01  -3.7786030e+01   5.0230579e+02   3.5960654e-01   6.4139480e-01   1.4607391e-01
   2.0130000e+03   1.2000000e+01   1.2000000e+01   9.0000000e+00   1.0000000e+01   1.7000000e+01  -5.3697406e+01  -3.7787574e+01   5.2674347e+02   2.9727016e-01   5.1991196e-01   4.3552283e-02
   2.0130000e+03   1.2000000e+01   1.2000000e+01   9.0000000e+00   1.2000000e+01   2.6000000e+01  -5.3693126e+01  -3.7788683e+01   4.8112822e+02   7.6881132e-02   2.0217783e-01   4.4786466e-02
   2.0130000e+03   1.2000000e+01   1.2000000e+01   9.0000000e+00   1.4000000e+01   4.9000000e+01  -5.3688866e+01  -3.7789442e+01   4.7602258e+02   2.6846611e-01   4.6953500e-01   8.7991279e-02
   2.0130000e+03   1.2000000e+01   1.2000000e+01   9.0000000e+00   1.6000000e+01   5.3000000e+01  -5.3684340e+01  -3.7790637e+01   5.0912200e+02   1.6523050e-01   2.8898062e-01   9.1005198e-02
   2.0130000e+03   1.2000000e+01   1.2000000e+01   9.0000000e+00   1.8000000e+01   4.0000000e+01  -5.3679895e+01  -3.7792028e+01   5.0228632e+02   9.3952785e-02   1.3349222e-01   0.0000000e+00
   2.0130000e+03   1.2000000e+01   1.2000000e+01   9.0000000e+00   2.0000000e+01   2.1000000e+01  -5.3675477e+01  -3.7793418e+01   4.9940469e+02   2.2248902e-01   3.8912315e-01   7.7410251e-02
   2.0130000e+03   1.2000000e+01   1.2000000e+01   9.0000000e+00   2.1000000e+01   5.8000000e+01  -5.3671024e+01  -3.7794843e+01   5.0359762e+02   4.6915158e-01   8.6143131e-01   2.9668960e-01
   2.0130000e+03   1.2000000e+01   1.2000000e+01   9.0000000e+00   2.3000000e+01   3.3000000e+01  -5.3666612e+01  -3.7796319e+01   4.9975932e+02   7.5615534e-02   1.3224812e-01   0.0000000e+00
   2.0130000e+03   1.2000000e+01   1.2000000e+01   9.0000000e+00   2.5000000e+01   9.0000000e+00  -5.3662234e+01  -3.7797736e+01   4.9541954e+02   1.1403066e-01   1.7089644e-01   0.0000000e+00
   2.0130000e+03   1.2000000e+01   1.2000000e+01   9.0000000e+00   2.6000000e+01   4.7000000e+01  -5.3657786e+01  -3.7799151e+01   5.0295739e+02   1.7111371e-01   2.7473762e-01   3.0865991e-02
   2.0130000e+03   1.2000000e+01   1.2000000e+01   9.0000000e+00   2.8000000e+01   2.4000000e+01  -5.3653341e+01  -3.7800584e+01   5.0282504e+02   4.2645191e-01   7.4584495e-01   6.1298966e-01
   2.0130000e+03   1.2000000e+01   1.2000000e+01   9.0000000e+00   3.0000000e+01   2.0000000e+00  -5.3648956e+01  -3.7801981e+01   4.9584744e+02   1.7129142e-01   2.7914352e-01   0.0000000e+00
   2.0130000e+03   1.2000000e+01   1.2000000e+01   9.0000000e+00   3.1000000e+01   4.0000000e+01  -5.3644598e+01  -3.7803413e+01   4.9335299e+02   1.0770768e+03   1.8837974e+03   1.8489280e+03
   2.0130000e+03   1.2000000e+01   1.2000000e+01   9.0000000e+00   3.3000000e+01   1.6000000e+01  -5.3640137e+01  -3.7804889e+01   5.0524301e+02   9.2142399e-01   1.4846834e+00   4.5122335e-01
   2.0130000e+03   1.2000000e+01   1.2000000e+01   9.0000000e+00   3.4000000e+01   5.1000000e+01  -5.3635719e+01  -3.7806344e+01   5.0015971e+02   9.2426866e-01   2.0202282e+00   1.5898053e-01
   2.0130000e+03   1.2000000e+01   1.2000000e+01   9.0000000e+00   3.6000000e+01   2.7000000e+01  -5.3631353e+01  -3.7807763e+01   4.9404841e+02   3.0366983e+00   3.2796041e+00   0.0000000e+00
   2.0130000e+03   1.2000000e+01   1.2000000e+01   9.0000000e+00   3.8000000e+01   4.0000000e+00  -5.3626857e+01  -3.7809267e+01   5.0936790e+02   3.6430430e+00   6.3715163e+00   4.9359074e-01
   2.0130000e+03   1.2000000e+01   1.2000000e+01   9.0000000e+00   3.9000000e+01   3.9000000e+01  -5.3622469e+01  -3.7810725e+01   4.9693591e+02   2.0632784e+00   3.5537048e+00   0.0000000e+00
   2.0130000e+03   1.2000000e+01   1.2000000e+01   9.0000000e+00   4.1000000e+01   1.5000000e+01  -5.3618074e+01  -3.7812171e+01   4.9761124e+02   2.2874405e+00   4.0602337e+00   0.0000000e+00
   2.0130000e+03   1.2000000e+01   1.2000000e+01   9.0000000e+00   4.2000000e+01   5.0000000e+01  -5.3613692e+01  -3.7813703e+01   4.9734147e+02   2.2014404e+00   3.6946033e+00   0.0000000e+00
   2.0130000e+03   1.2000000e+01   1.2000000e+01   9.0000000e+00   4.4000000e+01   2.5000000e+01  -5.3609276e+01  -3.7815214e+01   5.0062391e+02   2.6626801e+00   3.6457572e+00   0.0000000e+00
   2.0130000e+03   1.2000000e+01   1.2000000e+01   9.0000000e+00   4.6000000e+01   9.9182129e-05  -5.3604871e+01  -3.7816785e+01   5.0032834e+02   2.4778483e+00   3.4290659e+00   0.0000000e+00
   2.0130000e+03   1.2000000e+01   1.2000000e+01   9.0000000e+00   4.7000000e+01   3.5000000e+01  -5.3600494e+01  -3.7818407e+01   4.9803515e+02   2.7803827e+00   3.5875459e+00   0.0000000e+00
   2.0130000e+03   1.2000000e+01   1.2000000e+01   9.0000000e+00   4.9000000e+01   1.0000000e+01  -5.3596118e+01  -3.7820060e+01   4.9837471e+02   3.3397252e+00   5.3612667e+00   0.0000000e+00
   2.0130000e+03   1.2000000e+01   1.2000000e+01   9.0000000e+00   5.0000000e+01   4.4000000e+01  -5.3591698e+01  -3.7821823e+01   5.0465157e+02   1.6062181e+00   2.8399570e+00   0.0000000e+00
   2.0130000e+03   1.2000000e+01   1.2000000e+01   9.0000000e+00   5.2000000e+01   2.1000000e+01  -5.3587278e+01  -3.7823453e+01   5.0281732e+02   1.7725107e+00   3.8478398e+00   2.2816210e-01
   2.0130000e+03   1.2000000e+01   1.2000000e+01   9.0000000e+00   5.4000000e+01   9.9182129e-05  -5.3582898e+01  -3.7825073e+01   4.9827225e+02   7.2645898e-01   1.3518245e+00   0.0000000e+00
   2.0130000e+03   1.2000000e+01   1.2000000e+01   9.0000000e+00   5.5000000e+01   3.9000000e+01  -5.3578504e+01  -3.7826522e+01   4.9750018e+02   2.8309525e-01   4.9512070e-01   0.0000000e+00
   2.0130000e+03   1.2000000e+01   1.2000000e+01   9.0000000e+00   5.7000000e+01   1.7000000e+01  -5.3574135e+01  -3.7828013e+01   4.9536561e+02   4.0300620e-01   7.0483949e-01   2.6892379e-01
   2.0130000e+03   1.2000000e+01   1.2000000e+01   9.0000000e+00   5.8000000e+01   5.6000099e+01  -5.3569682e+01  -3.7829600e+01   5.0576778e+02   3.4361948e+03   6.0087070e+03   5.8472268e+03
   2.0130000e+03   1.2000000e+01   1.2000000e+01   1.0000000e+01   0.0000000e+00   3.5000000e+01  -5.3565270e+01  -3.7831236e+01   5.0208017e+02   3.8896277e-01   7.2469161e-01   6.1315468e-01
   2.0130000e+03   1.2000000e+01   1.2000000e+01   1.0000000e+01   2.0000000e+00   1.3000000e+01  -5.3560911e+01  -3.7832692e+01   4.9374115e+02   2.4825229e-01   6.8486653e-01   2.5068458e-01
   2.0130000e+03   1.2000000e+01   1.2000000e+01   1.0000000e+01   3.0000000e+00   5.1000000e+01  -5.3556547e+01  -3.7834258e+01   4.9586765e+02   7.6159102e-01   1.3319880e+00   0.0000000e+00
   2.0130000e+03   1.2000000e+01   1.2000000e+01   1.0000000e+01   5.0000000e+00   3.0000000e+01  -5.3552130e+01  -3.7835848e+01   5.0186711e+02   4.2780017e-01   7.4820300e-01   0.0000000e+00
   2.0130000e+03   1.2000000e+01   1.2000000e+01   1.0000000e+01   7.0000000e+00   8.0000000e+00  -5.3547722e+01  -3.7837457e+01   5.0129300e+02   1.1250263e+00   2.0283259e+00   0.0000000e+00
   2.0130000e+03   1.2000000e+01   1.2000000e+01   1.0000000e+01   8.0000000e+00   4.6000000e+01  -5.3543329e+01  -3.7838986e+01   4.9836775e+02   3.7538991e-01   6.5653984e-01   1.8933464e-01
   2.0130000e+03   1.2000000e+01   1.2000000e+01   1.0000000e+01   1.0000000e+01   2.4000000e+01  -5.3538963e+01  -3.7840579e+01   4.9646227e+02   3.3164084e-01   4.6494093e-01   1.9053125e-01
   2.0130000e+03   1.2000000e+01   1.2000000e+01   1.0000000e+01   1.2000000e+01   2.9999008e+00  -5.3534485e+01  -3.7842141e+01   5.0814514e+02   1.8535733e+00   3.0218457e+00   0.0000000e+00
   2.0130000e+03   1.2000000e+01   1.2000000e+01   1.0000000e+01   1.3000000e+01   4.2000099e+01  -5.3530173e+01  -3.7843619e+01   4.8897730e+02   1.5386346e+00   1.0590863e+00   0.0000000e+00
   2.0130000e+03   1.2000000e+01   1.2000000e+01   1.0000000e+01   1.5000000e+01   2.2000000e+01  -5.3525680e+01  -3.7844881e+01   5.0618966e+02   1.2241042e+00   1.8365685e+00   0.0000000e+00
   2.0130000e+03   1.2000000e+01   1.2000000e+01   1.0000000e+01   1.7000000e+01   1.1000000e+01  -5.3521044e+01  -3.7846285e+01   5.2346611e+02   1.2997634e+00   1.4558313e+00   0.0000000e+00
   2.0130000e+03   1.2000000e+01   1.2000000e+01   1.0000000e+01   1.9000000e+01   2.0000000e+01  -5.3516787e+01  -3.7847313e+01   4.7785928e+02   7.0360792e-01   1.1867142e+00   9.9805888e-02
   2.0130000e+03   1.2000000e+01   1.2000000e+01   1.0000000e+01   2.1000000e+01   4.7000000e+01  -5.3512384e+01  -3.7848383e+01   4.9433871e+02   4.9768545e-01   9.7172354e-01   0.0000000e+00
   2.0130000e+03   1.2000000e+01   1.2000000e+01   1.0000000e+01   2.4000000e+01   1.2000099e+01  -5.3508092e+01  -3.7849465e+01   4.8228917e+02   9.1290217e-01   1.5966243e+00   9.8094685e-02
   2.0130000e+03   1.2000000e+01   1.2000000e+01   1.0000000e+01   2.6000000e+01   2.1000000e+01  -5.3503621e+01  -3.7850762e+01   5.0413669e+02   8.1466381e-01   1.3613177e+00   9.5374132e-02
   2.0130000e+03   1.2000000e+01   1.2000000e+01   1.0000000e+01   2.8000000e+01   1.2000000e+01  -5.3499140e+01  -3.7852120e+01   5.0594004e+02   7.7124301e-01   1.3445270e+00   0.0000000e+00
   2.0130000e+03   1.2000000e+01   1.2000000e+01   1.0000000e+01   2.9000000e+01   5.5000099e+01  -5.3494753e+01  -3.7853530e+01   4.9634438e+02   1.3946563e+00   2.4391903e+00   0.0000000e+00
   2.0130000e+03   1.2000000e+01   1.2000000e+01   1.0000000e+01   3.1000000e+01   3.6000099e+01  -5.3490269e+01  -3.7854889e+01   5.0628081e+02   6.6294689e-01   1.0972877e+00   0.0000000e+00
   2.0130000e+03   1.2000000e+01   1.2000000e+01   1.0000000e+01   3.3000000e+01   1.8000099e+01  -5.3485908e+01  -3.7856341e+01   4.9398609e+02   4.0320362e+00   5.5172228e+00   0.0000000e+00
   2.0130000e+03   1.2000000e+01   1.2000000e+01   1.0000000e+01   3.5000000e+01   9.9990082e-01  -5.3481499e+01  -3.7857718e+01   4.9838695e+02   7.8452646e-01   1.6232121e+00   0.0000000e+00
   2.0130000e+03   1.2000000e+01   1.2000000e+01   1.0000000e+01   3.6000000e+01   4.3000000e+01  -5.3477044e+01  -3.7859150e+01   5.0396669e+02   6.6390949e-01   1.1611474e+00   0.0000000e+00
   2.0130000e+03   1.2000000e+01   1.2000000e+01   1.0000000e+01   3.8000000e+01   2.3000000e+01  -5.3472569e+01  -3.7860490e+01   5.0513378e+02   2.7987425e+00   4.7780279e+00   2.1828894e-01
   2.0130000e+03   1.2000000e+01   1.2000000e+01   1.0000000e+01   4.0000000e+01   1.0000000e+00  -5.3468193e+01  -3.7861798e+01   4.9385240e+02   3.8945386e+00   3.4724219e+00   3.4218183e-01
   2.0130000e+03   1.2000000e+01   1.2000000e+01   1.0000000e+01   4.1000000e+01   3.5000000e+01  -5.3463803e+01  -3.7863271e+01   4.9747093e+02   1.0039946e+01   1.7570564e+01   0.0000000e+00
   2.0130000e+03   1.2000000e+01   1.2000000e+01   1.0000000e+01   4.3000000e+01   8.0000000e+00  -5.3459342e+01  -3.7864762e+01   5.0543048e+02   8.9082329e-01   1.8366491e+00   0.0000000e+00
   2.0130000e+03   1.2000000e+01   1.2000000e+01   1.0000000e+01   4.4000000e+01   4.1000000e+01  -5.3454918e+01  -3.7866207e+01   5.0086952e+02   3.9040900e-01   8.2592165e-01   0.0000000e+00
   2.0130000e+03   1.2000000e+01   1.2000000e+01   1.0000000e+01   4.6000000e+01   1.5999901e+01  -5.3450545e+01  -3.7867552e+01   4.9393076e+02   6.1154855e-01   2.0436936e+00   8.7368386e-01
   2.0130000e+03   1.2000000e+01   1.2000000e+01   1.0000000e+01   4.7000000e+01   5.4000000e+01  -5.3446142e+01  -3.7868843e+01   4.9676107e+02   1.8579527e-01   0.0000000e+00   0.0000000e+00
   2.0130000e+03   1.2000000e+01   1.2000000e+01   1.0000000e+01   4.9000000e+01   3.3000000e+01  -5.3441700e+01  -3.7870158e+01   5.0110363e+02   4.2032981e-01   7.3513768e-01   0.0000000e+00
   2.0130000e+03   1.2000000e+01   1.2000000e+01   1.0000000e+01   5.1000000e+01   9.0000992e+00  -5.3437266e+01  -3.7871565e+01   5.0146385e+02   4.2855602e-01   8.1088332e-01   0.0000000e+00
   2.0130000e+03   1.2000000e+01   1.2000000e+01   1.0000000e+01   5.2000000e+01   4.3000099e+01  -5.3432817e+01  -3.7872970e+01   5.0300911e+02   6.3033196e-01   1.1024219e+00   0.0000000e+00
   2.0130000e+03   1.2000000e+01   1.2000000e+01   1.0000000e+01   5.4000000e+01   1.8000000e+01  -5.3428405e+01  -3.7874267e+01   4.9782282e+02   1.8493860e+00   4.3417828e+00   0.0000000e+00
   2.0130000e+03   1.2000000e+01   1.2000000e+01   1.0000000e+01   5.5000000e+01   5.5000000e+01  -5.3423993e+01  -3.7875528e+01   4.9729168e+02   4.8391322e-01   1.7556075e+00   5.6039111e-01
   2.0130000e+03   1.2000000e+01   1.2000000e+01   1.0000000e+01   5.7000000e+01   3.0999901e+01  -5.3419550e+01  -3.7876944e+01   5.0247849e+02   5.5441601e-01   8.0683781e-01   6.0968688e-01
   2.0130000e+03   1.2000000e+01   1.2000000e+01   1.0000000e+01   5.9000000e+01   7.0000000e+00  -5.3415181e+01  -3.7878409e+01   4.9511100e+02   4.5827747e-01   1.7660097e+00   1.1168530e+00
   2.0130000e+03   1.2000000e+01   1.2000000e+01   1.1000000e+01   0.0000000e+00   4.4000099e+01  -5.3410729e+01  -3.7879897e+01   5.0446789e+02   5.6878048e-01   2.2703835e+00   1.0132914e+00
   2.0130000e+03   1.2000000e+01   1.2000000e+01   1.1000000e+01   2.0000000e+00   2.2000000e+01  -5.3406339e+01  -3.7881361e+01   4.9735828e+02   3.6303950e-01   1.3509167e+00   0.0000000e+00
   2.0130000e+03   1.2000000e+01   1.2000000e+01   1.1000000e+01   4.0000000e+00   1.0000000e+00  -5.3401914e+01  -3.7882797e+01   5.0079480e+02   2.1664517e-01   1.2735588e+00   0.0000000e+00
   2.0130000e+03   1.2000000e+01   1.2000000e+01   1.1000000e+01   5.0000000e+00   4.0000099e+01  -5.3397534e+01  -3.7884241e+01   4.9596305e+02   5.6319958e-01   1.5798167e+00   0.0000000e+00
   2.0130000e+03   1.2000000e+01   1.2000000e+01   1.1000000e+01   7.0000000e+00   1.7000000e+01  -5.3393100e+01  -3.7885672e+01   5.0183249e+02   4.9632086e-01   1.0656789e+00   0.0000000e+00
   2.0130000e+03   1.2000000e+01   1.2000000e+01   1.1000000e+01   8.0000000e+00   5.2000000e+01  -5.3388669e+01  -3.7887122e+01   5.0159824e+02   2.3571765e-01   4.1225942e-01   0.0000000e+00
   2.0130000e+03   1.2000000e+01   1.2000000e+01   1.1000000e+01   1.0000000e+01   2.8000000e+01  -5.3384212e+01  -3.7888572e+01   5.0458278e+02   5.3532239e-01   8.3368624e-01   1.2543186e-01
   2.0130000e+03   1.2000000e+01   1.2000000e+01   1.1000000e+01   1.2000000e+01   3.0000000e+00  -5.3379827e+01  -3.7890029e+01   4.9668626e+02   7.6569321e-01   1.3391625e+00   0.0000000e+00
   2.0130000e+03   1.2000000e+01   1.2000000e+01   1.1000000e+01   1.3000000e+01   3.7000000e+01  -5.3375416e+01  -3.7891534e+01   5.0016079e+02   6.9087598e-01   1.2083106e+00   0.0000000e+00
   2.0130000e+03   1.2000000e+01   1.2000000e+01   1.1000000e+01   1.5000000e+01   1.2000000e+01  -5.3370979e+01  -3.7892974e+01   5.0228177e+02   1.6990263e+00   2.6303494e+00   4.4500855e-01
   2.0130000e+03   1.2000000e+01   1.2000000e+01   1.1000000e+01   1.6000000e+01   4.8000000e+01  -5.3366595e+01  -3.7894402e+01   4.9624825e+02   1.6632747e+00   2.8180059e+00   4.9481681e-01
   2.0130000e+03   1.2000000e+01   1.2000000e+01   1.1000000e+01   1.8000000e+01   2.4000000e+01  -5.3362157e+01  -3.7895732e+01   5.0092970e+02   1.5946168e+00   3.1741470e+00   0.0000000e+00
   2.0130000e+03   1.2000000e+01   1.2000000e+01   1.1000000e+01   2.0000000e+01   9.9990082e-01  -5.3357771e+01  -3.7897098e+01   4.9569853e+02   1.0598169e+00   1.3603264e+00   0.0000000e+00
   2.0130000e+03   1.2000000e+01   1.2000000e+01   1.1000000e+01   2.1000000e+01   3.6000000e+01  -5.3353364e+01  -3.7898438e+01   4.9774473e+02   1.7644288e+00   2.8467937e+00   0.0000000e+00
   2.0130000e+03   1.2000000e+01   1.2000000e+01   1.1000000e+01   2.3000000e+01   1.1000000e+01  -5.3348923e+01  -3.7899860e+01   5.0242625e+02   1.0524708e+00   2.2582436e+00   0.0000000e+00
   2.0130000e+03   1.2000000e+01   1.2000000e+01   1.1000000e+01   2.4000000e+01   4.6000000e+01  -5.3344470e+01  -3.7901250e+01   5.0336034e+02   4.0903777e+00   7.3060547e+00   0.0000000e+00
   2.0130000e+03   1.2000000e+01   1.2000000e+01   1.1000000e+01   2.6000000e+01   1.9000099e+01  -5.3340081e+01  -3.7902599e+01   4.9584839e+02   1.7952796e+00   3.1398622e+00   0.0000000e+00
   2.0130000e+03   1.2000000e+01   1.2000000e+01   1.1000000e+01   2.8000000e+01   3.0000000e+00  -5.3335452e+01  -3.7904079e+01   5.2364763e+02   6.3722022e-01   1.7491980e+00   0.0000000e+00
   2.0130000e+03   1.2000000e+01   1.2000000e+01   1.1000000e+01   3.0000000e+01   1.5000000e+01  -5.3331209e+01  -3.7905314e+01   4.7847766e+02   3.3033704e+00   4.7604554e+00   0.0000000e+00
   2.0130000e+03   1.2000000e+01   1.2000000e+01   1.1000000e+01   3.2000000e+01   4.3000000e+01  -5.3326834e+01  -3.7906640e+01   4.9407489e+02   2.6621177e+00   6.0738173e+00   3.5975315e-01
   2.0130000e+03   1.2000000e+01   1.2000000e+01   1.1000000e+01   3.4000000e+01   5.6000000e+01  -5.3322523e+01  -3.7908206e+01   4.9016011e+02   1.7724406e-01   3.0999178e-01   9.7973851e-02
   2.0130000e+03   1.2000000e+01   1.2000000e+01   1.1000000e+01   3.6000000e+01   4.8000099e+01  -5.3318033e+01  -3.7909690e+01   5.0858488e+02   1.2312724e+00   2.1534394e+00   5.1264663e-01
   2.0130000e+03   1.2000000e+01   1.2000000e+01   1.1000000e+01   3.8000000e+01   3.0000099e+01  -5.3313598e+01  -3.7911081e+01   5.0145642e+02   5.9119224e+00   1.0538782e+01   0.0000000e+00
   2.0130000e+03   1.2000000e+01   1.2000000e+01   1.1000000e+01   4.0000000e+01   1.0000000e+01  -5.3309163e+01  -3.7912454e+01   5.0115374e+02   5.7957140e-02   2.0146546e-01   0.0000000e+00
   2.0130000e+03   1.2000000e+01   1.2000000e+01   1.1000000e+01   4.1000000e+01   4.9000000e+01  -5.3304758e+01  -3.7913959e+01   4.9959615e+02   7.7815894e-01   1.5241303e+00   9.3870028e-02
   2.0130000e+03   1.2000000e+01   1.2000000e+01   1.1000000e+01   4.3000000e+01   2.8000000e+01  -5.3300384e+01  -3.7915412e+01   4.9552218e+02   1.8607136e+00   2.8411969e+00   7.1910533e-02
   2.0130000e+03   1.2000000e+01   1.2000000e+01   1.1000000e+01   4.5000000e+01   7.0000992e+00  -5.3295972e+01  -3.7916937e+01   5.0061682e+02   5.4377426e-01   1.1626029e+00   0.0000000e+00
   2.0130000e+03   1.2000000e+01   1.2000000e+01   1.1000000e+01   4.6000000e+01   4.6000000e+01  -5.3291598e+01  -3.7918468e+01   4.9649655e+02   8.5267369e-01   1.4912874e+00   0.0000000e+00
   2.0130000e+03   1.2000000e+01   1.2000000e+01   1.1000000e+01   4.8000000e+01   2.4000000e+01  -5.3287175e+01  -3.7920047e+01   5.0258827e+02   2.1142069e+00   3.6976515e+00   0.0000000e+00
   2.0130000e+03   1.2000000e+01   1.2000000e+01   1.1000000e+01   5.0000000e+01   1.0000000e+00  -5.3282745e+01  -3.7921680e+01   5.0410555e+02   7.5597247e-01   1.3221614e+00   0.0000000e+00
   2.0130000e+03   1.2000000e+01   1.2000000e+01   1.1000000e+01   5.1000000e+01   3.8000000e+01  -5.3278350e+01  -3.7923255e+01   4.9937821e+02   3.9759974e-01   8.5510349e-01   0.0000000e+00
   2.0130000e+03   1.2000000e+01   1.2000000e+01   1.1000000e+01   5.3000000e+01   1.6000000e+01  -5.3274005e+01  -3.7924808e+01   4.9371912e+02   1.6227889e+00   2.8381839e+00   0.0000000e+00
   2.0130000e+03   1.2000000e+01   1.2000000e+01   1.1000000e+01   5.4000000e+01   5.4000000e+01  -5.3269593e+01  -3.7926404e+01   5.0163763e+02   5.0273135e-01   1.1466054e+00   0.0000000e+00
   2.0130000e+03   1.2000000e+01   1.2000000e+01   1.1000000e+01   5.6000000e+01   3.1999901e+01  -5.3265218e+01  -3.7927982e+01   4.9737229e+02   4.1711142e+00   1.5602328e+01   0.0000000e+00
   2.0130000e+03   1.2000000e+01   1.2000000e+01   1.1000000e+01   5.8000000e+01   1.2000000e+01  -5.3260840e+01  -3.7929717e+01   4.9987570e+02   1.5575900e+00   3.6358104e+00   0.0000000e+00
   2.0130000e+03   1.2000000e+01   1.2000000e+01   1.1000000e+01   5.9000000e+01   5.1000000e+01  -5.3256472e+01  -3.7931552e+01   5.0049902e+02   5.3328690e+00   9.5734997e+00   0.0000000e+00
   2.0130000e+03   1.2000000e+01   1.2000000e+01   1.2000000e+01   1.0000000e+00   2.7999901e+01  -5.3252089e+01  -3.7933172e+01   4.9886758e+02   1.9572205e+00   4.2655758e+00   0.0000000e+00
   2.0130000e+03   1.2000000e+01   1.2000000e+01   1.2000000e+01   3.0000000e+00   6.0000000e+00  -5.3247654e+01  -3.7934685e+01   5.0291399e+02   2.8897755e+00   6.1660450e+00   5.1266286e-01
   2.0130000e+03   1.2000000e+01   1.2000000e+01   1.2000000e+01   4.0000000e+00   4.5000000e+01  -5.3243249e+01  -3.7936252e+01   5.0048521e+02   1.8989806e+00   3.4919016e+00   6.2632611e-01
   2.0130000e+03   1.2000000e+01   1.2000000e+01   1.2000000e+01   6.0000000e+00   2.2000000e+01  -5.3238868e+01  -3.7937794e+01   4.9745007e+02   1.0470035e+00   1.2475700e+00   0.0000000e+00
   2.0130000e+03   1.2000000e+01   1.2000000e+01   1.2000000e+01   7.0000000e+00   5.9000000e+01  -5.3234472e+01  -3.7939299e+01   4.9862621e+02   6.7464548e+02   1.1799242e+03   1.1797276e+03
   2.0130000e+03   1.2000000e+01   1.2000000e+01   1.2000000e+01   9.0000000e+00   3.8000099e+01  -5.3230031e+01  -3.7940890e+01   5.0470112e+02   1.5846369e+03   2.7714576e+03   2.7704273e+03
   2.0130000e+03   1.2000000e+01   1.2000000e+01   1.2000000e+01   1.1000000e+01   1.8000000e+01  -5.3225647e+01  -3.7942461e+01   4.9832176e+02   3.6634705e+02   6.4207348e+02   6.3949707e+02
   2.0130000e+03   1.2000000e+01   1.2000000e+01   1.2000000e+01   1.2000000e+01   5.6000000e+01  -5.3221276e+01  -3.7944086e+01   4.9755093e+02   4.2318847e+00   2.8931925e+00   0.0000000e+00
   2.0130000e+03   1.2000000e+01   1.2000000e+01   1.2000000e+01   1.4000000e+01   3.3999901e+01  -5.3216961e+01  -3.7945662e+01   4.9083913e+02   3.9743123e+00   3.4694720e+00   3.8806421e-02
   2.0130000e+03   1.2000000e+01   1.2000000e+01   1.2000000e+01   1.6000000e+01   1.4000000e+01  -5.3212496e+01  -3.7947302e+01   5.0799580e+02   2.5791031e+00   4.9022587e+00   1.6410422e-01
   2.0130000e+03   1.2000000e+01   1.2000000e+01   1.2000000e+01   1.7000000e+01   5.2000000e+01  -5.3208089e+01  -3.7948953e+01   5.0186598e+02   1.6386154e+00   2.9911826e+00   0.0000000e+00
   2.0130000e+03   1.2000000e+01   1.2000000e+01   1.2000000e+01   1.9000000e+01   3.1000000e+01  -5.3203727e+01  -3.7950509e+01   4.9561884e+02   5.6432806e+00   9.9259965e+00   0.0000000e+00
   2.0130000e+03   1.2000000e+01   1.2000000e+01   1.2000000e+01   2.1000000e+01   1.0000000e+01  -5.3199303e+01  -3.7952006e+01   5.0163609e+02   8.3164618e+00   1.1276972e+01   8.5071111e-01
   2.0130000e+03   1.2000000e+01   1.2000000e+01   1.2000000e+01   2.2000000e+01   4.8000000e+01  -5.3194890e+01  -3.7953484e+01   5.0009208e+02   3.1009525e+00   4.3328014e+00   7.6890788e-01
   2.0130000e+03   1.2000000e+01   1.2000000e+01   1.2000000e+01   2.4000000e+01   2.8000000e+01  -5.3190477e+01  -3.7954988e+01   5.0053355e+02   5.8148425e+00   1.0169895e+01   8.2545275e-01
   2.0130000e+03   1.2000000e+01   1.2000000e+01   1.2000000e+01   2.6000000e+01   6.0000000e+00  -5.3186095e+01  -3.7956471e+01   4.9681598e+02   1.2840108e+00   2.2456764e+00   3.6834013e-02
   2.0130000e+03   1.2000000e+01   1.2000000e+01   1.2000000e+01   2.7000000e+01   4.3000000e+01  -5.3181693e+01  -3.7957978e+01   4.9937618e+02   3.3096695e+00   5.7884611e+00   4.3626773e+00
   2.0130000e+03   1.2000000e+01   1.2000000e+01   1.2000000e+01   2.9000000e+01   2.0000000e+01  -5.3177276e+01  -3.7959491e+01   5.0104865e+02   2.8063737e+00   4.9082198e+00   0.0000000e+00
   2.0130000e+03   1.2000000e+01   1.2000000e+01   1.2000000e+01   3.1000000e+01   3.0000992e+00  -5.3172694e+01  -3.7961138e+01   5.2078301e+02   3.0333984e+00   4.7030665e+00   3.9455975e-02
   2.0130000e+03   1.2000000e+01   1.2000000e+01   1.2000000e+01   3.3000000e+01   1.2000099e+01  -5.3168444e+01  -3.7962538e+01   4.8138923e+02   2.9955107e+00   5.0385033e+00   0.0000000e+00
   2.0130000e+03   1.2000000e+01   1.2000000e+01   1.2000000e+01   3.5000000e+01   3.8000000e+01  -5.3164158e+01  -3.7963753e+01   4.8315999e+02   1.4213772e+00   2.2154711e+00   0.0000000e+00
   2.0130000e+03   1.2000000e+01   1.2000000e+01   1.2000000e+01   3.7000000e+01   5.4000000e+01  -5.3159637e+01  -3.7965318e+01   5.1298138e+02   3.6893914e+00   5.3145505e+00   8.4725143e-01
   2.0130000e+03   1.2000000e+01   1.2000000e+01   1.2000000e+01   4.0000000e+01   4.0000000e+00  -5.3155211e+01  -3.7966952e+01   5.0374168e+02   2.7819256e+00   6.1161381e+00   0.0000000e+00
