   2.0130000e+03   1.2000000e+01   9.0000000e+00   8.0000000e+00   0.0000000e+00   3.9000000e+01  -5.3345817e+01  -3.9602585e+01   5.0242078e+02   2.0105404e+00   5.2547531e+00   1.7195737e+00
   2.0130000e+03   1.2000000e+01   9.0000000e+00   8.0000000e+00   2.0000000e+00   3.4000000e+01  -5.3350318e+01  -3.9601156e+01   5.0903495e+02   9.7962174e-01   3.4920480e+00   3.0514964e+00
   2.0130000e+03   1.2000000e+01   9.0000000e+00   8.0000000e+00   4.0000000e+00   1.7000099e+01  -5.3354720e+01  -3.9599784e+01   4.9763720e+02   1.7294996e+00   6.0548044e+00   5.2210178e+00
   2.0130000e+03   1.2000000e+01   9.0000000e+00   8.0000000e+00   5.0000000e+00   5.6000000e+01  -5.3359197e+01  -3.9598469e+01   5.0498927e+02   6.8186246e-01   1.1925464e+00   0.0000000e+00
   2.0130000e+03   1.2000000e+01   9.0000000e+00   8.0000000e+00   7.0000000e+00   3.1999901e+01  -5.3363765e+01  -3.9597297e+01   5.1356397e+02   1.4760480e+00   4.6482993e+00   2.0667587e+00
   2.0130000e+03   1.2000000e+01   9.0000000e+00   8.0000000e+00   9.0000000e+00   1.0000000e+01  -5.3368115e+01  -3.9596078e+01   4.9007395e+02   7.9030775e-01   1.9639948e+00   1.0405778e+00
   2.0130000e+03   1.2000000e+01   9.0000000e+00   8.0000000e+00   1.0000000e+01   5.0000000e+01  -5.3372549e+01  -3.9594869e+01   4.9912651e+02   2.2235232e+00   1.8852974e+00   0.0000000e+00
   2.0130000e+03   1.2000000e+01   9.0000000e+00   8.0000000e+00   1.2000000e+01   2.7999901e+01  -5.3376908e+01  -3.9593689e+01   4.9064855e+02   2.4501517e+00   6.7031787e+00   4.8009709e+00
   2.0130000e+03   1.2000000e+01   9.0000000e+00   8.0000000e+00   1.4000000e+01   5.0000000e+00  -5.3381403e+01  -3.9592517e+01   5.0555092e+02   1.1648100e+00   2.0371996e+00   0.0000000e+00
   2.0130000e+03   1.2000000e+01   9.0000000e+00   8.0000000e+00   1.5000000e+01   4.2000000e+01  -5.3385840e+01  -3.9591326e+01   4.9934671e+02   5.6556441e-01   6.7944526e-01   0.0000000e+00
   2.0130000e+03   1.2000000e+01   9.0000000e+00   8.0000000e+00   1.7000000e+01   1.9000000e+01  -5.3390324e+01  -3.9590155e+01   5.0417882e+02   1.2523598e+00   4.8894494e+00   0.0000000e+00
   2.0130000e+03   1.2000000e+01   9.0000000e+00   8.0000000e+00   1.8000000e+01   5.5999901e+01  -5.3394730e+01  -3.9588946e+01   4.9613454e+02   6.5535657e-01   1.7965159e+00   0.0000000e+00
   2.0130000e+03   1.2000000e+01   9.0000000e+00   8.0000000e+00   2.0000000e+01   3.4000000e+01  -5.3399128e+01  -3.9587738e+01   4.9525399e+02   1.4642693e+00   2.2865857e+00   0.0000000e+00
   2.0130000e+03   1.2000000e+01   9.0000000e+00   8.0000000e+00   2.2000000e+01   1.4000000e+01  -5.3403533e+01  -3.9586371e+01   4.9778203e+02   9.1562688e-01   1.8107129e+00   0.0000000e+00
   2.0130000e+03   1.2000000e+01   9.0000000e+00   8.0000000e+00   2.3000000e+01   5.6000000e+01  -5.3407904e+01  -3.9584981e+01   4.9437213e+02   3.5381218e-01   6.1880138e-01   4.8920467e-01
   2.0130000e+03   1.2000000e+01   9.0000000e+00   8.0000000e+00   2.5000000e+01   3.7000000e+01  -5.3412345e+01  -3.9583670e+01   5.0103917e+02   6.4419028e+00   1.1266594e+01   0.0000000e+00
   2.0130000e+03   1.2000000e+01   9.0000000e+00   8.0000000e+00   2.7000000e+01   1.4000099e+01  -5.3416804e+01  -3.9582367e+01   5.0299653e+02   1.0646623e+01   1.0328291e+01   0.0000000e+00
   2.0130000e+03   1.2000000e+01   9.0000000e+00   8.0000000e+00   2.8000000e+01   4.9000000e+01  -5.3421197e+01  -3.9581034e+01   4.9604803e+02   8.6241890e+00   1.5083314e+01   3.4704017e+00
   2.0130000e+03   1.2000000e+01   9.0000000e+00   8.0000000e+00   3.0000000e+01   2.5000000e+01  -5.3425598e+01  -3.9579764e+01   4.9615288e+02   6.9954375e+00   1.2234701e+01   6.7106057e-01
   2.0130000e+03   1.2000000e+01   9.0000000e+00   8.0000000e+00   3.2000000e+01   0.0000000e+00  -5.3430087e+01  -3.9578472e+01   5.0611494e+02   4.8389490e+00   8.4631013e+00   2.8272109e+00
   2.0130000e+03   1.2000000e+01   9.0000000e+00   8.0000000e+00   3.3000000e+01   3.6000000e+01  -5.3434507e+01  -3.9577106e+01   4.9947608e+02   6.6662530e+00   1.1658973e+01   1.7222401e+00
   2.0130000e+03   1.2000000e+01   9.0000000e+00   8.0000000e+00   3.5000000e+01   1.5999901e+01  -5.3438891e+01  -3.9575771e+01   4.9499560e+02   1.1624338e+01   1.7272217e+01   1.0064575e+01
   2.0130000e+03   1.2000000e+01   9.0000000e+00   8.0000000e+00   3.6000000e+01   5.7999901e+01  -5.3443320e+01  -3.9574354e+01   5.0105302e+02   2.5029392e+01   3.2634905e+01   1.9807392e+01
   2.0130000e+03   1.2000000e+01   9.0000000e+00   8.0000000e+00   3.8000000e+01   4.1000000e+01  -5.3447766e+01  -3.9572989e+01   5.0220066e+02   1.5513402e+01   2.5602701e+01   1.6350743e+01
   2.0130000e+03   1.2000000e+01   9.0000000e+00   8.0000000e+00   4.0000000e+01   2.3000000e+01  -5.3452137e+01  -3.9571598e+01   4.9435934e+02   1.1568470e+01   2.1693674e+01   9.9382885e+00
   2.0130000e+03   1.2000000e+01   9.0000000e+00   8.0000000e+00   4.2000000e+01   5.0000000e+00  -5.3456569e+01  -3.9570188e+01   5.0127420e+02   7.4695124e+00   1.3063837e+01   6.2732602e+00
   2.0130000e+03   1.2000000e+01   9.0000000e+00   8.0000000e+00   4.3000000e+01   4.9000000e+01  -5.3460983e+01  -3.9568781e+01   4.9919959e+02   5.0130782e+00   9.0593366e+00   0.0000000e+00
   2.0130000e+03   1.2000000e+01   9.0000000e+00   8.0000000e+00   4.5000000e+01   3.0000000e+01  -5.3465390e+01  -3.9567462e+01   4.9741418e+02   5.7849327e+00   7.0895497e+00   0.0000000e+00
   2.0130000e+03   1.2000000e+01   9.0000000e+00   8.0000000e+00   4.7000000e+01   1.0000000e+01  -5.3469821e+01  -3.9566229e+01   4.9914248e+02   4.3227155e+00   5.8172059e+00   0.0000000e+00
   2.0130000e+03   1.2000000e+01   9.0000000e+00   8.0000000e+00   4.8000000e+01   5.2000000e+01  -5.3474233e+01  -3.9564765e+01   4.9975786e+02   2.9486035e+00   4.7731630e+00   0.0000000e+00
   2.0130000e+03   1.2000000e+01   9.0000000e+00   8.0000000e+00   5.0000000e+01   3.2000000e+01  -5.3478699e+01  -3.9563497e+01   5.0322015e+02   5.0223870e+00   9.7823050e+00   0.0000000e+00
   2.0130000e+03   1.2000000e+01   9.0000000e+00   8.0000000e+00   5.2000000e+01   9.0000000e+00  -5.3483111e+01  -3.9562202e+01   4.9774449e+02   4.6402400e+00   6.9201135e+00   0.0000000e+00
   2.0130000e+03   1.2000000e+01   9.0000000e+00   8.0000000e+00   5.3000000e+01   4.4000000e+01  -5.3487566e+01  -3.9560985e+01   5.0155240e+02   6.8999571e+00   9.4486798e+00   0.0000000e+00
   2.0130000e+03   1.2000000e+01   9.0000000e+00   8.0000000e+00   5.5000000e+01   2.1000000e+01  -5.3491946e+01  -3.9559677e+01   4.9429262e+02   5.6292561e+00   8.7781050e+00   2.2787123e+00
   2.0130000e+03   1.2000000e+01   9.0000000e+00   8.0000000e+00   5.6000000e+01   5.8000000e+01  -5.3496381e+01  -3.9558490e+01   4.9904054e+02   3.6992596e+00   5.7486372e+00   4.8824131e-01
   2.0130000e+03   1.2000000e+01   9.0000000e+00   8.0000000e+00   5.8000000e+01   3.3000000e+01  -5.3500807e+01  -3.9557253e+01   4.9856846e+02   3.6090168e+00   4.6599086e+00   0.0000000e+00
   2.0130000e+03   1.2000000e+01   9.0000000e+00   9.0000000e+00   0.0000000e+00   7.0000000e+00  -5.3505228e+01  -3.9555851e+01   4.9984487e+02   2.5551774e+00   4.4688889e+00   0.0000000e+00
   2.0130000e+03   1.2000000e+01   9.0000000e+00   9.0000000e+00   1.0000000e+00   4.3000000e+01  -5.3509668e+01  -3.9554457e+01   5.0194362e+02   2.9082078e+00   4.6289428e+00   0.0000000e+00
   2.0130000e+03   1.2000000e+01   9.0000000e+00   9.0000000e+00   3.0000000e+00   2.7000099e+01  -5.3514185e+01  -3.9552969e+01   5.1151270e+02   2.4522800e+00   5.2257678e+00   0.0000000e+00
   2.0130000e+03   1.2000000e+01   9.0000000e+00   9.0000000e+00   5.0000000e+00   3.4000000e+01  -5.3518549e+01  -3.9551541e+01   4.9397126e+02   3.2442817e+00   5.2861836e+00   0.0000000e+00
   2.0130000e+03   1.2000000e+01   9.0000000e+00   9.0000000e+00   7.0000000e+00   5.5000099e+01  -5.3522787e+01  -3.9549983e+01   4.8202098e+02   2.7397308e+00   4.3313647e+00   0.0000000e+00
   2.0130000e+03   1.2000000e+01   9.0000000e+00   9.0000000e+00   1.0000000e+01   7.0000000e+00  -5.3527223e+01  -3.9548629e+01   5.0106544e+02   3.7819326e+00   5.6146385e+00   0.0000000e+00
   2.0130000e+03   1.2000000e+01   9.0000000e+00   9.0000000e+00   1.2000000e+01   1.4000099e+01  -5.3531641e+01  -3.9547392e+01   4.9762804e+02   9.3828008e+00   1.6445617e+01   4.2651661e+00
   2.0130000e+03   1.2000000e+01   9.0000000e+00   9.0000000e+00   1.4000000e+01   2.7000000e+01  -5.3536019e+01  -3.9545960e+01   4.9557104e+02   1.0730394e+02   1.8766970e+02   1.8115094e+02
   2.0130000e+03   1.2000000e+01   9.0000000e+00   9.0000000e+00   1.6000000e+01   2.6000000e+01  -5.3540394e+01  -3.9544583e+01   4.9462850e+02   3.9572575e+00   6.8952408e+00   0.0000000e+00
   2.0130000e+03   1.2000000e+01   9.0000000e+00   9.0000000e+00   1.8000000e+01   7.0000000e+00  -5.3544872e+01  -3.9543181e+01   5.0615673e+02   2.0085411e+00   3.8241144e+00   0.0000000e+00
   2.0130000e+03   1.2000000e+01   9.0000000e+00   9.0000000e+00   1.9000000e+01   4.3000000e+01  -5.3549311e+01  -3.9541927e+01   5.0007717e+02   2.9963769e+00   5.9352868e+00   6.9476013e-01
   2.0130000e+03   1.2000000e+01   9.0000000e+00   9.0000000e+00   2.1000000e+01   1.6000000e+01  -5.3553790e+01  -3.9540734e+01   5.0395783e+02   2.0242415e+00   5.1714972e+00   1.6311910e+00
   2.0130000e+03   1.2000000e+01   9.0000000e+00   9.0000000e+00   2.2000000e+01   5.1000000e+01  -5.3558234e+01  -3.9539473e+01   5.0081772e+02   2.5793773e+00   6.8356510e+00   1.5561743e+00
   2.0130000e+03   1.2000000e+01   9.0000000e+00   9.0000000e+00   2.4000000e+01   2.5000099e+01  -5.3562638e+01  -3.9538250e+01   4.9590966e+02   1.0465996e+00   4.6638964e+00   2.0453351e+00
   2.0130000e+03   1.2000000e+01   9.0000000e+00   9.0000000e+00   2.6000000e+01   2.0000000e+00  -5.3567072e+01  -3.9536985e+01   4.9973307e+02   1.8925994e+00   2.1036882e+00   0.0000000e+00
   2.0130000e+03   1.2000000e+01   9.0000000e+00   9.0000000e+00   2.7000000e+01   4.1000000e+01  -5.3571484e+01  -3.9535671e+01   4.9790216e+02   1.5152571e+00   3.5868804e+00   4.4837956e-01
   2.0130000e+03   1.2000000e+01   9.0000000e+00   9.0000000e+00   2.9000000e+01   2.2000000e+01  -5.3575936e+01  -3.9534499e+01   5.0069666e+02   1.0445249e+00   1.2287441e+00   0.0000000e+00
   2.0130000e+03   1.2000000e+01   9.0000000e+00   9.0000000e+00   3.1000000e+01   1.0000992e+00  -5.3580339e+01  -3.9533293e+01   4.9574178e+02   1.7648855e+00   3.4608886e+00   0.0000000e+00
   2.0130000e+03   1.2000000e+01   9.0000000e+00   9.0000000e+00   3.2000000e+01   3.9000000e+01  -5.3584793e+01  -3.9532084e+01   5.0121690e+02   2.4262784e+00   4.3631336e+00   0.0000000e+00
   2.0130000e+03   1.2000000e+01   9.0000000e+00   9.0000000e+00   3.4000000e+01   1.8000000e+01  -5.3589238e+01  -3.9530821e+01   5.0092364e+02   1.2288394e+00   1.9680580e+00   0.0000000e+00
   2.0130000e+03   1.2000000e+01   9.0000000e+00   9.0000000e+00   3.7000000e+01   2.9000099e+01  -5.3598035e+01  -3.9528454e+01   9.8993345e+02   7.2877999e-01   8.8031316e-01   0.0000000e+00
   2.0130000e+03   1.2000000e+01   9.0000000e+00   9.0000000e+00   3.9000000e+01   6.0000000e+00  -5.3602597e+01  -3.9527214e+01   5.1347556e+02   1.0916488e-01   1.9092440e-01   0.0000000e+00
   2.0130000e+03   1.2000000e+01   9.0000000e+00   9.0000000e+00   4.0000000e+01   4.4000000e+01  -5.3606945e+01  -3.9525982e+01   4.8992893e+02   8.8455820e-01   4.6163845e-01   2.0021835e-01
   2.0130000e+03   1.2000000e+01   9.0000000e+00   9.0000000e+00   4.2000000e+01   2.6000000e+01  -5.3611348e+01  -3.9524641e+01   4.9713895e+02   4.3966112e-01   7.6894725e-01   0.0000000e+00
   2.0130000e+03   1.2000000e+01   9.0000000e+00   9.0000000e+00   4.4000000e+01   7.0000000e+00  -5.3615811e+01  -3.9523320e+01   5.0362233e+02   7.2920140e-01   1.6097798e+00   8.1213674e-01
   2.0130000e+03   1.2000000e+01   9.0000000e+00   9.0000000e+00   4.5000000e+01   4.4000000e+01  -5.3620228e+01  -3.9522007e+01   4.9838021e+02   6.2670170e-01   1.2503979e+00   0.0000000e+00
   2.0130000e+03   1.2000000e+01   9.0000000e+00   9.0000000e+00   4.7000000e+01   2.0000000e+01  -5.3624710e+01  -3.9520737e+01   5.0500104e+02   1.2714157e-01   2.2236480e-01   0.0000000e+00
   2.0130000e+03   1.2000000e+01   9.0000000e+00   9.0000000e+00   4.8000000e+01   5.4000000e+01  -5.3629104e+01  -3.9519459e+01   4.9544616e+02   3.4227863e-02   1.4006622e-01   0.0000000e+00
   2.0130000e+03   1.2000000e+01   9.0000000e+00   9.0000000e+00   5.0000000e+01   2.6000099e+01  -5.3633437e+01  -3.9518116e+01   4.8954190e+02   9.5708244e-01   1.6870049e+00   1.0323674e+00
   2.0130000e+03   1.2000000e+01   9.0000000e+00   9.0000000e+00   5.2000000e+01   2.0000000e+00  -5.3637962e+01  -3.9516821e+01   5.1001965e+02   5.8971509e-01   1.1580713e+00   0.0000000e+00
   2.0130000e+03   1.2000000e+01   9.0000000e+00   9.0000000e+00   5.3000000e+01   4.0000099e+01  -5.3642362e+01  -3.9515423e+01   4.9746719e+02   1.3281149e-01   2.7429126e-01   0.0000000e+00
   2.0130000e+03   1.2000000e+01   9.0000000e+00   9.0000000e+00   5.5000000e+01   1.8000000e+01  -5.3646756e+01  -3.9514065e+01   4.9641312e+02   7.0154299e-01   1.2661185e+00   0.0000000e+00
   2.0130000e+03   1.2000000e+01   9.0000000e+00   9.0000000e+00   5.6000000e+01   5.4000000e+01  -5.3651116e+01  -3.9512678e+01   4.9302013e+02   3.1031394e+01   5.4272494e+01   2.1875775e+01
   2.0130000e+03   1.2000000e+01   9.0000000e+00   9.0000000e+00   5.8000000e+01   3.4000000e+01  -5.3655634e+01  -3.9511120e+01   5.1242598e+02   5.9281859e-02   1.0368127e-01   0.0000000e+00
   2.0130000e+03   1.2000000e+01   9.0000000e+00   1.0000000e+01   0.0000000e+00   1.4000000e+01  -5.3660034e+01  -3.9509727e+01   4.9742071e+02   6.5111791e-02   2.6116972e-01   0.0000000e+00
   2.0130000e+03   1.2000000e+01   9.0000000e+00   1.0000000e+01   1.0000000e+00   5.1000000e+01  -5.3664347e+01  -3.9508619e+01   4.8484791e+02   3.6194232e-01   8.1718047e-01   0.0000000e+00
   2.0130000e+03   1.2000000e+01   9.0000000e+00   1.0000000e+01   3.0000000e+00   3.1000000e+01  -5.3668885e+01  -3.9507318e+01   5.1146746e+02   8.8381851e-02   1.5457583e-01   0.0000000e+00
   2.0130000e+03   1.2000000e+01   9.0000000e+00   1.0000000e+01   5.0000000e+00   8.0000000e+00  -5.3673282e+01  -3.9505825e+01   4.9838423e+02   4.2931738e-01   2.7964459e-01   0.0000000e+00
   2.0130000e+03   1.2000000e+01   9.0000000e+00   1.0000000e+01   6.0000000e+00   4.4000000e+01  -5.3677719e+01  -3.9504503e+01   5.0067019e+02   2.9352939e-01   7.6022952e-01   0.0000000e+00
   2.0130000e+03   1.2000000e+01   9.0000000e+00   1.0000000e+01   8.0000000e+00   1.9000000e+01  -5.3682114e+01  -3.9503162e+01   4.9628874e+02   2.3201125e-01   4.5951786e-01   0.0000000e+00
   2.0130000e+03   1.2000000e+01   9.0000000e+00   1.0000000e+01   9.0000000e+00   5.7000000e+01  -5.3686633e+01  -3.9501814e+01   5.0989611e+02   6.5903082e-01   1.2302497e+00   0.0000000e+00
   2.0130000e+03   1.2000000e+01   9.0000000e+00   1.0000000e+01   1.1000000e+01   3.3000000e+01  -5.3690846e+01  -3.9500569e+01   4.7533508e+02   9.3021787e-01   1.6269087e+00   0.0000000e+00
   2.0130000e+03   1.2000000e+01   9.0000000e+00   1.0000000e+01   1.3000000e+01   2.6000099e+01  -5.3695507e+01  -3.9499304e+01   5.2451627e+02   2.4068144e+00   4.3309198e+00   1.2633297e+00
   2.0130000e+03   1.2000000e+01   9.0000000e+00   1.0000000e+01   1.5000000e+01   3.7000000e+01  -5.3699868e+01  -3.9497865e+01   4.9375742e+02   1.5295002e+00   1.4278644e+00   0.0000000e+00
   2.0130000e+03   1.2000000e+01   9.0000000e+00   1.0000000e+01   1.8000000e+01   6.0000000e+00  -5.3704165e+01  -3.9496420e+01   4.8683713e+02   7.5184708e-01   1.0103619e+00   0.0000000e+00
   2.0130000e+03   1.2000000e+01   9.0000000e+00   1.0000000e+01   2.0000000e+01   3.0000099e+01  -5.3708523e+01  -3.9495302e+01   4.8978886e+02   1.2786301e+00   2.0154430e+00   1.1730297e-01
   2.0130000e+03   1.2000000e+01   9.0000000e+00   1.0000000e+01   2.2000000e+01   3.0000000e+01  -5.3712984e+01  -3.9493893e+01   5.0433091e+02   3.2265642e+00   5.8366393e+00   3.1434142e+00
   2.0130000e+03   1.2000000e+01   9.0000000e+00   1.0000000e+01   2.4000000e+01   1.3000099e+01  -5.3717408e+01  -3.9492571e+01   4.9918809e+02   1.7073396e+00   3.0338683e+00   0.0000000e+00
   2.0130000e+03   1.2000000e+01   9.0000000e+00   1.0000000e+01   2.5000000e+01   5.2000000e+01  -5.3721867e+01  -3.9491167e+01   5.0408674e+02   1.0729988e+00   1.8807974e+00   0.0000000e+00
   2.0130000e+03   1.2000000e+01   9.0000000e+00   1.0000000e+01   2.7000000e+01   2.9000000e+01  -5.3726284e+01  -3.9489787e+01   4.9914800e+02   9.9615598e-01   1.7504312e+00   0.0000000e+00
   2.0130000e+03   1.2000000e+01   9.0000000e+00   1.0000000e+01   2.9000000e+01   1.0000000e+01  -5.3730842e+01  -3.9488395e+01   5.1464417e+02   9.1974111e-01   1.1747403e+00   0.0000000e+00
   2.0130000e+03   1.2000000e+01   9.0000000e+00   1.0000000e+01   3.0000000e+01   4.5000000e+01  -5.3735142e+01  -3.9487133e+01   4.8495873e+02   1.5151782e+00   2.6499776e+00   0.0000000e+00
   2.0130000e+03   1.2000000e+01   9.0000000e+00   1.0000000e+01   3.2000000e+01   2.3000099e+01  -5.3739636e+01  -3.9485884e+01   5.0611200e+02   2.1250341e+00   3.7165878e+00   0.0000000e+00
   2.0130000e+03   1.2000000e+01   9.0000000e+00   1.0000000e+01   3.4000000e+01   0.0000000e+00  -5.3744004e+01  -3.9484713e+01   4.9142341e+02   1.0820350e+00   1.8924299e+00   0.0000000e+00
   2.0130000e+03   1.2000000e+01   9.0000000e+00   1.0000000e+01   3.5000000e+01   3.9000000e+01  -5.3748475e+01  -3.9483416e+01   5.0409516e+02   4.3564399e-01   6.2149578e-01   0.0000000e+00
   2.0130000e+03   1.2000000e+01   9.0000000e+00   1.0000000e+01   3.7000000e+01   1.6000000e+01  -5.3752866e+01  -3.9482025e+01   4.9640724e+02   9.5993674e-01   1.7185799e+00   0.0000000e+00
   2.0130000e+03   1.2000000e+01   9.0000000e+00   1.0000000e+01   3.8000000e+01   5.1000099e+01  -5.3757296e+01  -3.9480683e+01   5.0010367e+02   4.3918712e-01   7.8883004e-01   0.0000000e+00
   2.0130000e+03   1.2000000e+01   9.0000000e+00   1.0000000e+01   4.0000000e+01   2.6000000e+01  -5.3761728e+01  -3.9479367e+01   4.9991234e+02   9.8206666e-01   4.6709098e-01   0.0000000e+00
   2.0130000e+03   1.2000000e+01   9.0000000e+00   1.0000000e+01   4.2000000e+01   3.0000000e+00  -5.3766221e+01  -3.9478087e+01   5.0632962e+02   2.3336175e-01   3.2974321e-01   0.0000000e+00
   2.0130000e+03   1.2000000e+01   9.0000000e+00   1.0000000e+01   4.3000000e+01   3.7000000e+01  -5.3770590e+01  -3.9476795e+01   4.9289014e+02   2.0511970e-01   1.4862464e-01   0.0000000e+00
   2.0130000e+03   1.2000000e+01   9.0000000e+00   1.0000000e+01   4.5000000e+01   1.0999901e+01  -5.3775045e+01  -3.9475548e+01   5.0176700e+02   8.1025038e-01   1.1138854e+00   9.1365593e-02
   2.0130000e+03   1.2000000e+01   9.0000000e+00   1.0000000e+01   4.6000000e+01   4.8000000e+01  -5.3779438e+01  -3.9474186e+01   4.9628902e+02   4.5866193e-01   3.9532773e-01   0.0000000e+00
   2.0130000e+03   1.2000000e+01   9.0000000e+00   1.0000000e+01   4.8000000e+01   3.0000000e+01  -5.3783838e+01  -3.9472775e+01   4.9760367e+02   2.9157720e-01   5.1433259e-01   0.0000000e+00
   2.0130000e+03   1.2000000e+01   9.0000000e+00   1.0000000e+01   5.0000000e+01   1.2000000e+01  -5.3788222e+01  -3.9471407e+01   4.9535582e+02   4.9830760e-01   8.1774136e-01   0.0000000e+00
   2.0130000e+03   1.2000000e+01   9.0000000e+00   1.0000000e+01   5.1000000e+01   5.2000000e+01  -5.3792590e+01  -3.9470239e+01   4.9138530e+02   9.2106995e-01   1.1478994e+00   2.7858144e-01
   2.0130000e+03   1.2000000e+01   9.0000000e+00   1.0000000e+01   5.3000000e+01   3.0000099e+01  -5.3797079e+01  -3.9468786e+01   5.0785389e+02   5.0979388e-01   7.2981861e-01   0.0000000e+00
   2.0130000e+03   1.2000000e+01   9.0000000e+00   1.0000000e+01   5.5000000e+01   7.0000000e+00  -5.3801493e+01  -3.9467579e+01   4.9686107e+02   6.1224924e-01   7.4850900e-01   0.0000000e+00
   2.0130000e+03   1.2000000e+01   9.0000000e+00   1.0000000e+01   5.6000000e+01   4.4000099e+01  -5.3805956e+01  -3.9466359e+01   5.0232433e+02   3.6397632e-01   7.2570607e-01   0.0000000e+00
   2.0130000e+03   1.2000000e+01   9.0000000e+00   1.0000000e+01   5.8000000e+01   2.1000000e+01  -5.3810413e+01  -3.9465033e+01   5.0286984e+02   4.1659953e-01   7.2861358e-01   0.0000000e+00
   2.0130000e+03   1.2000000e+01   9.0000000e+00   1.1000000e+01   0.0000000e+00   0.0000000e+00  -5.3814838e+01  -3.9463667e+01   4.9973309e+02   2.8817191e-01   5.0399954e-01   0.0000000e+00
   2.0130000e+03   1.2000000e+01   9.0000000e+00   1.1000000e+01   1.0000000e+00   3.8000099e+01  -5.3819192e+01  -3.9462436e+01   4.9056678e+02   1.6301966e-01   3.4640107e-01   0.0000000e+00
   2.0130000e+03   1.2000000e+01   9.0000000e+00   1.1000000e+01   3.0000000e+00   1.4000000e+01  -5.3823610e+01  -3.9461107e+01   4.9860581e+02   1.5708638e+00   7.9785166e-01   4.4401994e-01
   2.0130000e+03   1.2000000e+01   9.0000000e+00   1.1000000e+01   4.0000000e+00   4.9000000e+01  -5.3828091e+01  -3.9459711e+01   5.0625704e+02   4.6915192e-01   8.2410224e-01   6.1105873e-02
   2.0130000e+03   1.2000000e+01   9.0000000e+00   1.1000000e+01   6.0000000e+00   2.6000099e+01  -5.3832494e+01  -3.9458250e+01   4.9859165e+02   2.6794021e-01   4.6861522e-01   0.0000000e+00
   2.0130000e+03   1.2000000e+01   9.0000000e+00   1.1000000e+01   8.0000000e+00   5.0000000e+00  -5.3836876e+01  -3.9456866e+01   4.9523227e+02   3.3841774e-01   5.9187720e-01   5.0007546e-02
   2.0130000e+03   1.2000000e+01   9.0000000e+00   1.1000000e+01   9.0000000e+00   4.3000000e+01  -5.3841360e+01  -3.9455376e+01   5.0779535e+02   1.7761253e-01   3.3846966e-01   0.0000000e+00
   2.0130000e+03   1.2000000e+01   9.0000000e+00   1.1000000e+01   1.1000000e+01   2.1000000e+01  -5.3845696e+01  -3.9454165e+01   4.8832237e+02   4.9764507e-01   8.7035854e-01   8.2873298e-02
   2.0130000e+03   1.2000000e+01   9.0000000e+00   1.1000000e+01   1.2000000e+01   5.9000000e+01  -5.3850187e+01  -3.9452973e+01   5.0510678e+02   5.1694011e-01   9.0410469e-01   0.0000000e+00
   2.0130000e+03   1.2000000e+01   9.0000000e+00   1.1000000e+01   1.4000000e+01   3.7000099e+01  -5.3854591e+01  -3.9451740e+01   4.9599905e+02   2.2541686e+00   1.7545696e+00   1.3572193e-01
   2.0130000e+03   1.2000000e+01   9.0000000e+00   1.1000000e+01   1.6000000e+01   1.4000000e+01  -5.3858889e+01  -3.9450231e+01   4.8775632e+02   3.6231595e-01   6.3367409e-01   6.7479678e-02
   2.0130000e+03   1.2000000e+01   9.0000000e+00   1.1000000e+01   1.7000000e+01   5.4000000e+01  -5.3863455e+01  -3.9448885e+01   5.1491446e+02   4.2282646e-01   7.3950421e-01   0.0000000e+00
   2.0130000e+03   1.2000000e+01   9.0000000e+00   1.1000000e+01   1.9000000e+01   3.2000099e+01  -5.3867825e+01  -3.9447487e+01   4.9422943e+02   1.8835865e+00   3.3123340e+00   0.0000000e+00
   2.0130000e+03   1.2000000e+01   9.0000000e+00   1.1000000e+01   2.1000000e+01   1.4999901e+01  -5.3872326e+01  -3.9446248e+01   5.0672388e+02   4.7354663e-01   9.3235053e-01   3.7903898e-01
   2.0130000e+03   1.2000000e+01   9.0000000e+00   1.1000000e+01   2.3000000e+01   1.4999901e+01  -5.3876821e+01  -3.9444877e+01   5.0747406e+02   5.1825589e-01   9.0640594e-01   0.0000000e+00
   2.0130000e+03   1.2000000e+01   9.0000000e+00   1.1000000e+01   2.5000000e+01   3.1000000e+01  -5.3881161e+01  -3.9443576e+01   4.8967904e+02   3.2000950e-01   5.5968204e-01   0.0000000e+00
   2.0130000e+03   1.2000000e+01   9.0000000e+00   1.1000000e+01   2.7000000e+01   5.4000000e+01  -5.3885553e+01  -3.9442064e+01   4.9805728e+02   3.5839782e-01   6.2682146e-01   0.0000000e+00
   2.0130000e+03   1.2000000e+01   9.0000000e+00   1.1000000e+01   3.0000000e+01   9.0000000e+00  -5.3889792e+01  -3.9440553e+01   4.8125478e+02   3.7919993e-01   6.6320340e-01   0.0000000e+00
   2.0130000e+03   1.2000000e+01   9.0000000e+00   1.1000000e+01   3.2000000e+01   7.0000000e+00  -5.3894286e+01  -3.9439526e+01   5.0389445e+02   7.1223046e-01   1.3542469e+00   0.0000000e+00
   2.0130000e+03   1.2000000e+01   9.0000000e+00   1.1000000e+01   3.3000000e+01   5.2999901e+01  -5.3898730e+01  -3.9438510e+01   4.9826287e+02   2.8280034e-01   4.1562712e-01   0.0000000e+00
   2.0130000e+03   1.2000000e+01   9.0000000e+00   1.1000000e+01   3.5000000e+01   3.6000000e+01  -5.3903267e+01  -3.9437230e+01   5.1109513e+02   7.0180182e-01   1.2640316e+00   3.6612185e-02
   2.0130000e+03   1.2000000e+01   9.0000000e+00   1.1000000e+01   3.7000000e+01   1.9000000e+01  -5.3907606e+01  -3.9436018e+01   4.8862121e+02   3.6503671e-01   6.3843258e-01   0.0000000e+00
   2.0130000e+03   1.2000000e+01   9.0000000e+00   1.1000000e+01   3.9000000e+01   2.0000000e+00  -5.3911978e+01  -3.9434761e+01   4.9270781e+02   4.4614739e-01   1.3110411e-01   0.0000000e+00
   2.0130000e+03   1.2000000e+01   9.0000000e+00   1.1000000e+01   4.0000000e+01   4.1000000e+01  -5.3916469e+01  -3.9433463e+01   5.0630376e+02   1.0471840e+00   1.8314770e+00   4.2608612e-01
   2.0130000e+03   1.2000000e+01   9.0000000e+00   1.1000000e+01   4.2000000e+01   2.0000000e+01  -5.3920966e+01  -3.9432264e+01   5.0574689e+02   2.3782673e+00   5.3428950e+00   2.1232690e+00
   2.0130000e+03   1.2000000e+01   9.0000000e+00   1.1000000e+01   4.3000000e+01   5.8000000e+01  -5.3925332e+01  -3.9430799e+01   4.9454421e+02   5.4511290e-01   2.3573913e-01   0.0000000e+00
   2.0130000e+03   1.2000000e+01   9.0000000e+00   1.1000000e+01   4.5000000e+01   3.5000099e+01  -5.3929784e+01  -3.9429346e+01   5.0378781e+02   4.5885304e-01   8.0251306e-01   0.0000000e+00
   2.0130000e+03   1.2000000e+01   9.0000000e+00   1.1000000e+01   4.7000000e+01   1.2000000e+01  -5.3934136e+01  -3.9427800e+01   4.9400769e+02   2.8174407e-01   4.9275753e-01   0.0000000e+00
   2.0130000e+03   1.2000000e+01   9.0000000e+00   1.1000000e+01   4.8000000e+01   4.9000099e+01  -5.3938518e+01  -3.9426273e+01   4.9714841e+02   2.7426735e-01   4.7968109e-01   0.0000000e+00
   2.0130000e+03   1.2000000e+01   9.0000000e+00   1.1000000e+01   5.0000000e+01   2.1999901e+01  -5.3942828e+01  -3.9424922e+01   4.8700133e+02   1.4394769e-01   1.7335879e-01   0.0000000e+00
   2.0130000e+03   1.2000000e+01   9.0000000e+00   1.1000000e+01   5.2000000e+01   3.0000992e+00  -5.3947327e+01  -3.9423466e+01   5.0886718e+02   8.5689688e-01   1.4986736e+00   0.0000000e+00
   2.0130000e+03   1.2000000e+01   9.0000000e+00   1.1000000e+01   5.3000000e+01   4.0000000e+01  -5.3951812e+01  -3.9422380e+01   5.0344075e+02   4.3506602e-01   7.6091064e-01   0.0000000e+00
   2.0130000e+03   1.2000000e+01   9.0000000e+00   1.1000000e+01   5.5000000e+01   1.6000000e+01  -5.3956285e+01  -3.9421257e+01   5.0237047e+02   4.0749526e-01   7.1269064e-01   0.0000000e+00
   2.0130000e+03   1.2000000e+01   9.0000000e+00   1.1000000e+01   5.6000000e+01   5.3000000e+01  -5.3960750e+01  -3.9420084e+01   5.0211255e+02   1.7015882e+00   1.6874185e+00   0.0000000e+00
   2.0130000e+03   1.2000000e+01   9.0000000e+00   1.1000000e+01   5.8000000e+01   3.0000000e+01  -5.3965090e+01  -3.9419007e+01   4.8732939e+02   7.8531857e-01   1.4099396e+00   0.0000000e+00
   2.0130000e+03   1.2000000e+01   9.0000000e+00   1.2000000e+01   0.0000000e+00   4.0000992e+00  -5.3969471e+01  -3.9417704e+01   4.9427631e+02   2.2468457e-01   3.9296307e-01   3.0674281e-01
   2.0130000e+03   1.2000000e+01   9.0000000e+00   1.2000000e+01   1.0000000e+00   4.2000000e+01  -5.3974086e+01  -3.9416320e+01   5.2065869e+02   2.6259115e-01   4.5871832e-01   0.0000000e+00
   2.0130000e+03   1.2000000e+01   9.0000000e+00   1.2000000e+01   3.0000000e+00   1.3000000e+01  -5.3978423e+01  -3.9415111e+01   4.8840409e+02   2.1399831e-01   3.7427328e-01   0.0000000e+00
   2.0130000e+03   1.2000000e+01   9.0000000e+00   1.2000000e+01   4.0000000e+00   4.6000000e+01  -5.3982855e+01  -3.9413758e+01   5.0035359e+02   7.9169486e-02   1.3846382e-01   0.0000000e+00
   2.0130000e+03   1.2000000e+01   9.0000000e+00   1.2000000e+01   6.0000000e+00   2.2000000e+01  -5.3987328e+01  -3.9412405e+01   5.0478038e+02   2.0539468e-01   2.2449321e-01   0.0000000e+00
   2.0130000e+03   1.2000000e+01   9.0000000e+00   1.2000000e+01   7.0000000e+00   5.7000000e+01  -5.3991709e+01  -3.9411019e+01   4.9521362e+02   2.7748685e-01   4.8531186e-01   0.0000000e+00
   2.0130000e+03   1.2000000e+01   9.0000000e+00   1.2000000e+01   9.0000000e+00   3.2000000e+01  -5.3996100e+01  -3.9409488e+01   4.9811451e+02   4.7430867e-01   8.5657994e-01   0.0000000e+00
   2.0130000e+03   1.2000000e+01   9.0000000e+00   1.2000000e+01   1.1000000e+01   8.0000992e+00  -5.4000526e+01  -3.9408048e+01   5.0064137e+02   3.3011951e-01   6.0594375e-01   0.0000000e+00
   2.0130000e+03   1.2000000e+01   9.0000000e+00   1.2000000e+01   1.2000000e+01   4.2999901e+01  -5.4004937e+01  -3.9406863e+01   4.9631321e+02   2.8064122e-01   4.4725689e-01   0.0000000e+00
   2.0130000e+03   1.2000000e+01   9.0000000e+00   1.2000000e+01   1.4000000e+01   2.0000000e+01  -5.4009380e+01  -3.9405603e+01   5.0049636e+02   4.6261323e-01   8.0908945e-01   0.0000000e+00
   2.0130000e+03   1.2000000e+01   9.0000000e+00   1.2000000e+01   1.5000000e+01   5.9000000e+01  -5.4013825e+01  -3.9404356e+01   5.0058496e+02   4.5770878e-01   7.3151809e-01   0.0000000e+00
   2.0130000e+03   1.2000000e+01   9.0000000e+00   1.2000000e+01   1.7000000e+01   3.6000000e+01  -5.4018198e+01  -3.9403077e+01   4.9305137e+02   2.4067400e-01   5.1490189e-01   0.0000000e+00
   2.0130000e+03   1.2000000e+01   9.0000000e+00   1.2000000e+01   1.9000000e+01   1.1000099e+01  -5.4022674e+01  -3.9401759e+01   5.0477650e+02   1.0113227e+00   1.6636011e+00   0.0000000e+00
   2.0130000e+03   1.2000000e+01   9.0000000e+00   1.2000000e+01   2.0000000e+01   4.5000000e+01  -5.4026977e+01  -3.9400588e+01   4.8420974e+02   9.0994201e-01   1.5914471e+00   0.0000000e+00
   2.0130000e+03   1.2000000e+01   9.0000000e+00   1.2000000e+01   2.2000000e+01   1.9000000e+01  -5.4031569e+01  -3.9399341e+01   5.1674213e+02   8.1507147e-01   5.8990208e-01   0.0000000e+00
   2.0130000e+03   1.2000000e+01   9.0000000e+00   1.2000000e+01   2.3000000e+01   5.6000000e+01  -5.4035890e+01  -3.9398031e+01   4.8761663e+02   9.9733719e-01   7.2548953e+01   7.0388574e+01
   2.0130000e+03   1.2000000e+01   9.0000000e+00   1.2000000e+01   2.5000000e+01   3.6000000e+01  -5.4040386e+01  -3.9396743e+01   5.0666093e+02   1.7309716e+00   3.0273905e+00   2.5918301e+00
   2.0130000e+03   1.2000000e+01   9.0000000e+00   1.2000000e+01   2.7000000e+01   1.4000000e+01  -5.4044686e+01  -3.9395265e+01   4.8748413e+02   7.9110652e+00   7.0852752e+01   7.0177539e+01
   2.0130000e+03   1.2000000e+01   9.0000000e+00   1.2000000e+01   2.9000000e+01   0.0000000e+00  -5.4049356e+01  -3.9393863e+01   5.2694253e+02   2.8935458e+01   8.6889434e+01   8.6411030e+01
