   2.0130000e+03   1.2000000e+01   1.1000000e+01   1.4000000e+01   3.0000000e+00   4.0000000e+01  -5.3894221e+01  -3.7905659e+01   5.0242855e+02   9.6842144e-02   1.9364135e-01   0.0000000e+00
   2.0130000e+03   1.2000000e+01   1.1000000e+01   1.4000000e+01   7.0000000e+00   4.2000000e+01  -5.3885830e+01  -3.7907942e+01   9.4421774e+02   7.5043574e-01   1.3076948e+00   0.0000000e+00
   2.0130000e+03   1.2000000e+01   1.1000000e+01   1.4000000e+01   9.0000000e+00   2.5000000e+01  -5.3881463e+01  -3.7909237e+01   4.9269028e+02   9.2048665e-01   1.2180497e+00   4.1830980e-01
   2.0130000e+03   1.2000000e+01   1.1000000e+01   1.4000000e+01   1.1000000e+01   1.0000000e+00  -5.3876950e+01  -3.7910811e+01   5.1192889e+02   5.1239210e-01   5.2718660e-01   5.8376003e-02
   2.0130000e+03   1.2000000e+01   1.1000000e+01   1.4000000e+01   1.2000000e+01   3.4000000e+01  -5.3872543e+01  -3.7912497e+01   5.0199066e+02   7.2133266e-01   9.8738618e-01   1.1982724e-01
   2.0130000e+03   1.2000000e+01   1.1000000e+01   1.4000000e+01   1.4000000e+01   8.0000000e+00  -5.3868164e+01  -3.7914122e+01   4.9814851e+02   3.8748355e-01   6.8840105e-01   5.7733933e-01
   2.0130000e+03   1.2000000e+01   1.1000000e+01   1.4000000e+01   1.5000000e+01   4.4000000e+01  -5.3863769e+01  -3.7915861e+01   5.0147253e+02   4.5165938e-01   1.3575950e-01   0.0000000e+00
   2.0130000e+03   1.2000000e+01   1.1000000e+01   1.4000000e+01   1.7000000e+01   2.0000000e+01  -5.3859401e+01  -3.7917512e+01   4.9729776e+02   2.8692642e-01   2.1720865e-01   0.0000000e+00
   2.0130000e+03   1.2000000e+01   1.1000000e+01   1.4000000e+01   1.8000000e+01   5.7999901e+01  -5.3854976e+01  -3.7919108e+01   5.0269590e+02   1.1908352e+00   1.4749485e+00   1.1572050e+00
   2.0130000e+03   1.2000000e+01   1.1000000e+01   1.4000000e+01   2.0000000e+01   3.6000000e+01  -5.3850576e+01  -3.7920656e+01   4.9934479e+02   4.2286410e+00   7.3828659e+00   6.0113808e-01
   2.0130000e+03   1.2000000e+01   1.1000000e+01   1.4000000e+01   2.2000000e+01   1.4000000e+01  -5.3846178e+01  -3.7922098e+01   4.9783411e+02   3.3797464e+00   1.1070147e+00   2.3161035e-01
   2.0130000e+03   1.2000000e+01   1.1000000e+01   1.4000000e+01   2.3000000e+01   5.1000099e+01  -5.3841767e+01  -3.7923593e+01   4.9980587e+02   8.1417409e+01   1.4205613e+02   4.1441263e+00
   2.0130000e+03   1.2000000e+01   1.1000000e+01   1.4000000e+01   2.5000000e+01   2.7000000e+01  -5.3837378e+01  -3.7925103e+01   4.9763104e+02   1.7487197e+00   2.7519194e+00   2.1034827e+00
   2.0130000e+03   1.2000000e+01   1.1000000e+01   1.4000000e+01   2.7000000e+01   5.0000992e+00  -5.3832965e+01  -3.7926614e+01   5.0033818e+02   8.0678258e+00   1.5090238e+01   1.3397796e+01
   2.0130000e+03   1.2000000e+01   1.1000000e+01   1.4000000e+01   2.8000000e+01   4.4000000e+01  -5.3828540e+01  -3.7928086e+01   5.0105143e+02   5.5298565e+00   1.0266981e+01   4.1269334e+00
   2.0130000e+03   1.2000000e+01   1.1000000e+01   1.4000000e+01   3.0000000e+01   2.3000000e+01  -5.3824107e+01  -3.7929474e+01   5.0090264e+02   7.2431673e+00   1.3141459e+01   8.1779958e+00
   2.0130000e+03   1.2000000e+01   1.1000000e+01   1.4000000e+01   3.2000000e+01   1.0000992e+00  -5.3819674e+01  -3.7930818e+01   5.0041261e+02   4.6381948e+00   8.2130056e+00   2.0505240e+00
   2.0130000e+03   1.2000000e+01   1.1000000e+01   1.4000000e+01   3.3000000e+01   3.9000000e+01  -5.3815298e+01  -3.7932265e+01   4.9547468e+02   8.2726146e+00   1.3174071e+01   7.7017546e+00
   2.0130000e+03   1.2000000e+01   1.1000000e+01   1.4000000e+01   3.5000000e+01   1.9000000e+01  -5.3810865e+01  -3.7933815e+01   5.0298551e+02   1.2308897e+00   1.9858202e+00   9.8162556e-01
   2.0130000e+03   1.2000000e+01   1.1000000e+01   1.4000000e+01   3.6000000e+01   5.7000099e+01  -5.3806509e+01  -3.7935369e+01   4.9469647e+02   2.1860129e+00   4.9647147e+00   2.2990865e+00
   2.0130000e+03   1.2000000e+01   1.1000000e+01   1.4000000e+01   3.8000000e+01   3.5000000e+01  -5.3802114e+01  -3.7936845e+01   4.9787291e+02   1.4587989e+00   3.9235938e+00   2.5235349e+00
   2.0130000e+03   1.2000000e+01   1.1000000e+01   1.4000000e+01   4.0000000e+01   1.3000000e+01  -5.3797689e+01  -3.7938299e+01   5.0083897e+02   2.1889573e+00   3.9194828e+00   1.9325480e+00
   2.0130000e+03   1.2000000e+01   1.1000000e+01   1.4000000e+01   4.1000000e+01   5.3000099e+01  -5.3793236e+01  -3.7939617e+01   5.0233564e+02   2.1013947e-01   3.6752435e-01   6.2550462e-02
   2.0130000e+03   1.2000000e+01   1.1000000e+01   1.4000000e+01   4.3000000e+01   3.3000099e+01  -5.3788861e+01  -3.7940957e+01   4.9405468e+02   3.5244293e+00   6.2406643e+00   6.1152739e+00
   2.0130000e+03   1.2000000e+01   1.1000000e+01   1.4000000e+01   4.5000000e+01   1.4000000e+01  -5.3784400e+01  -3.7942309e+01   5.0358591e+02   1.1105022e-01   2.1665648e-01   4.0398895e-02
   2.0130000e+03   1.2000000e+01   1.1000000e+01   1.4000000e+01   4.6000000e+01   5.5000000e+01  -5.3779998e+01  -3.7943828e+01   4.9921304e+02   2.3509825e-01   4.1117613e-01   5.1730473e-02
   2.0130000e+03   1.2000000e+01   1.1000000e+01   1.4000000e+01   4.8000000e+01   3.4000000e+01  -5.3775619e+01  -3.7945348e+01   4.9672863e+02   8.9508549e-01   1.5734474e+00   0.0000000e+00
   2.0130000e+03   1.2000000e+01   1.1000000e+01   1.4000000e+01   5.0000000e+01   1.2000000e+01  -5.3771187e+01  -3.7947001e+01   5.0434313e+02   2.8613241e-01   5.1240797e-01   0.0000000e+00
   2.0130000e+03   1.2000000e+01   1.1000000e+01   1.4000000e+01   5.1000000e+01   4.9000000e+01  -5.3766761e+01  -3.7948590e+01   5.0275879e+02   6.5059201e-01   1.1533883e+00   3.5343135e-02
   2.0130000e+03   1.2000000e+01   1.1000000e+01   1.4000000e+01   5.3000000e+01   2.5000000e+01  -5.3762360e+01  -3.7950145e+01   4.9950852e+02   4.1796119e-01   7.3099508e-01   5.7111010e-01
   2.0130000e+03   1.2000000e+01   1.1000000e+01   1.4000000e+01   5.5000000e+01   1.0000000e+00  -5.3757946e+01  -3.7951644e+01   5.0033222e+02   1.1575620e+00   2.0245232e+00   3.3955956e-02
   2.0130000e+03   1.2000000e+01   1.1000000e+01   1.4000000e+01   5.6000000e+01   3.8000000e+01  -5.3753588e+01  -3.7953084e+01   4.9339010e+02   2.7361117e-01   4.7853347e-01   4.5432714e-02
   2.0130000e+03   1.2000000e+01   1.1000000e+01   1.4000000e+01   5.8000000e+01   1.4000000e+01  -5.3749135e+01  -3.7954581e+01   5.0455333e+02   7.6181633e-01   1.0219361e+00   2.0323377e-01
   2.0130000e+03   1.2000000e+01   1.1000000e+01   1.4000000e+01   5.9000000e+01   5.1000000e+01  -5.3744674e+01  -3.7955972e+01   5.0407011e+02   6.0691255e-01   1.0614624e+00   2.9731541e-01
   2.0130000e+03   1.2000000e+01   1.1000000e+01   1.5000000e+01   1.0000000e+00   2.8000000e+01  -5.3740285e+01  -3.7957363e+01   4.9618846e+02   2.2625230e-02   8.2255906e-02   4.2685410e-02
   2.0130000e+03   1.2000000e+01   1.1000000e+01   1.5000000e+01   3.0000000e+00   5.0000000e+00  -5.3735888e+01  -3.7958756e+01   4.9709775e+02   1.0720410e-01   1.9547699e-01   5.0023176e-02
   2.0130000e+03   1.2000000e+01   1.1000000e+01   1.5000000e+01   4.0000000e+00   4.2000000e+01  -5.3731470e+01  -3.7960181e+01   4.9973696e+02   3.6617101e-02   6.4041641e-02   0.0000000e+00
   2.0130000e+03   1.2000000e+01   1.1000000e+01   1.5000000e+01   6.0000000e+00   1.8000000e+01  -5.3727030e+01  -3.7961606e+01   5.0221371e+02   1.9789115e-01   3.4610260e-01   3.9548554e-02
   2.0130000e+03   1.2000000e+01   1.1000000e+01   1.5000000e+01   7.0000000e+00   5.3000000e+01  -5.3722642e+01  -3.7963030e+01   4.9644491e+02   4.5127286e-01   4.9454208e-01   4.2736208e-02
   2.0130000e+03   1.2000000e+01   1.1000000e+01   1.5000000e+01   9.0000000e+00   3.0000000e+01  -5.3718216e+01  -3.7964446e+01   5.0056092e+02   3.9879986e-01   7.1669828e-01   4.5952117e-02
   2.0130000e+03   1.2000000e+01   1.1000000e+01   1.5000000e+01   1.1000000e+01   7.0000000e+00  -5.3713728e+01  -3.7965886e+01   5.0770670e+02   9.0075800e-01   5.6835198e-01   1.5028595e-01
   2.0130000e+03   1.2000000e+01   1.1000000e+01   1.5000000e+01   1.2000000e+01   4.2000000e+01  -5.3709346e+01  -3.7967284e+01   4.9543263e+02   2.9875895e+02   5.2259197e+02   5.2208404e+02
   2.0130000e+03   1.2000000e+01   1.1000000e+01   1.5000000e+01   1.4000000e+01   1.6000000e+01  -5.3704966e+01  -3.7968700e+01   4.9563321e+02   1.1754844e+00   1.2094014e+00   4.1795392e-02
   2.0130000e+03   1.2000000e+01   1.1000000e+01   1.5000000e+01   1.5000000e+01   5.1000000e+01  -5.3700543e+01  -3.7970172e+01   5.0084134e+02   6.2287689e-01   9.5972888e-01   2.4045012e-01
   2.0130000e+03   1.2000000e+01   1.1000000e+01   1.5000000e+01   1.7000000e+01   2.7000000e+01  -5.3696096e+01  -3.7971710e+01   5.0443455e+02   5.3871376e-01   9.5970544e-01   1.4078310e-01
   2.0130000e+03   1.2000000e+01   1.1000000e+01   1.5000000e+01   1.9000000e+01   3.0000000e+00  -5.3691681e+01  -3.7973203e+01   5.0035856e+02   2.2916520e-01   4.2615976e-01   1.9071039e-01
   2.0130000e+03   1.2000000e+01   1.1000000e+01   1.5000000e+01   2.0000000e+01   4.0000000e+01  -5.3687287e+01  -3.7974682e+01   4.9782283e+02   1.1339761e+00   5.8984167e-01   0.0000000e+00
   2.0130000e+03   1.2000000e+01   1.1000000e+01   1.5000000e+01   2.2000000e+01   1.8000000e+01  -5.3682898e+01  -3.7976173e+01   4.9747206e+02   6.1211965e-01   1.0705694e+00   4.8030599e-01
   2.0130000e+03   1.2000000e+01   1.1000000e+01   1.5000000e+01   2.3000000e+01   5.7000000e+01  -5.3678453e+01  -3.7977718e+01   5.0434925e+02   4.5399362e-01   8.5071412e-01   2.0336422e-01
   2.0130000e+03   1.2000000e+01   1.1000000e+01   1.5000000e+01   2.5000000e+01   3.7000000e+01  -5.3674061e+01  -3.7979259e+01   4.9848342e+02   2.4419598e+00   4.2708765e+00   5.1647212e-02
   2.0130000e+03   1.2000000e+01   1.1000000e+01   1.5000000e+01   2.7000000e+01   1.8000000e+01  -5.3669748e+01  -3.7980756e+01   4.8923787e+02   2.2156220e+00   3.6373746e+00   6.6923605e-02
   2.0130000e+03   1.2000000e+01   1.1000000e+01   1.5000000e+01   2.8000000e+01   5.6000000e+01  -5.3665352e+01  -3.7982420e+01   5.0063345e+02   2.2370112e+00   2.5674921e+00   2.5967343e-01
   2.0130000e+03   1.2000000e+01   1.1000000e+01   1.5000000e+01   3.0000000e+01   3.0000000e+01  -5.3660906e+01  -3.7984150e+01   5.0692790e+02   2.4783582e+00   4.0845389e+00   7.4355152e-01
   2.0130000e+03   1.2000000e+01   1.1000000e+01   1.5000000e+01   3.2000000e+01   4.0000000e+00  -5.3656508e+01  -3.7985697e+01   4.9922113e+02   6.7768289e+00   9.0459680e+00   1.4168187e+00
   2.0130000e+03   1.2000000e+01   1.1000000e+01   1.5000000e+01   3.3000000e+01   4.2000000e+01  -5.3652125e+01  -3.7987143e+01   4.9632258e+02   3.1031187e+00   5.4272132e+00   2.5752368e-01
   2.0130000e+03   1.2000000e+01   1.1000000e+01   1.5000000e+01   3.5000000e+01   2.0000000e+01  -5.3647677e+01  -3.7988526e+01   5.0259205e+02   2.2975414e+00   4.3192886e+00   1.2375688e+00
   2.0130000e+03   1.2000000e+01   1.1000000e+01   1.5000000e+01   3.6000000e+01   5.8000000e+01  -5.3643284e+01  -3.7990002e+01   4.9771336e+02   8.2218264e+00   8.8343300e+00   7.9034887e-02
   2.0130000e+03   1.2000000e+01   1.1000000e+01   1.5000000e+01   3.8000000e+01   3.8000000e+01  -5.3638848e+01  -3.7991311e+01   5.0045552e+02   1.3358362e+01   1.7965726e+01   0.0000000e+00
   2.0130000e+03   1.2000000e+01   1.1000000e+01   1.5000000e+01   4.0000000e+01   1.8000000e+01  -5.3634415e+01  -3.7992668e+01   5.0060066e+02   4.1196200e+00   7.4434527e+00   0.0000000e+00
   2.0130000e+03   1.2000000e+01   1.1000000e+01   1.5000000e+01   4.1000000e+01   5.8000000e+01  -5.3629956e+01  -3.7994078e+01   5.0406883e+02   1.1783068e+02   2.0189182e+02   1.2531401e+02
   2.0130000e+03   1.2000000e+01   1.1000000e+01   1.5000000e+01   4.3000000e+01   3.9000000e+01  -5.3625580e+01  -3.7995410e+01   4.9422716e+02   9.8509927e+00   1.3690221e+01   2.9847616e+00
   2.0130000e+03   1.2000000e+01   1.1000000e+01   1.5000000e+01   4.5000000e+01   1.7000000e+01  -5.3621164e+01  -3.7996872e+01   4.9996764e+02   4.7532560e+02   8.2555695e+02   7.1442916e+02
   2.0130000e+03   1.2000000e+01   1.1000000e+01   1.5000000e+01   4.6000000e+01   5.6000000e+01  -5.3616728e+01  -3.7998236e+01   5.0111428e+02   2.8666299e+00   5.0136050e+00   4.8466982e-01
   2.0130000e+03   1.2000000e+01   1.1000000e+01   1.5000000e+01   4.8000000e+01   3.4000000e+01  -5.3612310e+01  -3.7999698e+01   5.0033842e+02   5.0502548e+00   6.9586437e+00   7.0905693e-02
   2.0130000e+03   1.2000000e+01   1.1000000e+01   1.5000000e+01   5.0000000e+01   1.2000000e+01  -5.3607927e+01  -3.8001225e+01   4.9728352e+02   2.6700361e+00   4.8480962e+00   1.6469186e-01
   2.0130000e+03   1.2000000e+01   1.1000000e+01   1.5000000e+01   5.1000000e+01   5.2000000e+01  -5.3603520e+01  -3.8002761e+01   5.0010824e+02   4.7282802e+00   8.3546916e+00   1.8853840e-01
   2.0130000e+03   1.2000000e+01   1.1000000e+01   1.5000000e+01   5.3000000e+01   2.9000000e+01  -5.3599116e+01  -3.8004246e+01   4.9899614e+02   3.0405656e+00   2.8224596e+00   1.9620139e-01
   2.0130000e+03   1.2000000e+01   1.1000000e+01   1.5000000e+01   5.5000000e+01   4.0000000e+00  -5.3594691e+01  -3.8005700e+01   5.0105537e+02   1.5222952e+00   1.9635394e+00   2.8274117e-01
   2.0130000e+03   1.2000000e+01   1.1000000e+01   1.5000000e+01   5.6000000e+01   3.9000000e+01  -5.3590258e+01  -3.8007239e+01   5.0286955e+02   1.5204326e+00   1.2682063e+00   3.0908102e-01
   2.0130000e+03   1.2000000e+01   1.1000000e+01   1.5000000e+01   5.8000000e+01   1.6000000e+01  -5.3585847e+01  -3.8008617e+01   4.9854101e+02   2.3832063e+00   4.1681192e+00   4.5634103e-01
   2.0130000e+03   1.2000000e+01   1.1000000e+01   1.5000000e+01   5.9000000e+01   5.4000000e+01  -5.3581394e+01  -3.8010010e+01   5.0330528e+02   3.0502944e+00   5.3348259e+00   0.0000000e+00
   2.0130000e+03   1.2000000e+01   1.1000000e+01   1.6000000e+01   1.0000000e+00   3.3999901e+01  -5.3577011e+01  -3.8011318e+01   4.9458772e+02   1.0198605e+00   1.9521308e+00   0.0000000e+00
   2.0130000e+03   1.2000000e+01   1.1000000e+01   1.6000000e+01   3.0000000e+00   1.5999901e+01  -5.3572584e+01  -3.8012822e+01   5.0186371e+02   9.7758070e-01   1.7097441e+00   5.2756564e-01
   2.0130000e+03   1.2000000e+01   1.1000000e+01   1.6000000e+01   4.0000000e+00   5.9000000e+01  -5.3568163e+01  -3.8014197e+01   4.9958491e+02   7.7608163e-01   1.3573314e+00   6.0904184e-01
   2.0130000e+03   1.2000000e+01   1.1000000e+01   1.6000000e+01   6.0000000e+00   4.2000000e+01  -5.3563755e+01  -3.8015580e+01   4.9825545e+02   6.9178685e-01   1.2099037e+00   1.4807698e-01
   2.0130000e+03   1.2000000e+01   1.1000000e+01   1.6000000e+01   8.0000000e+00   2.1000099e+01  -5.3559365e+01  -3.8017041e+01   4.9718154e+02   1.5940007e+00   2.7878346e+00   1.4322021e-01
   2.0130000e+03   1.2000000e+01   1.1000000e+01   1.6000000e+01   9.0000000e+00   5.8000000e+01  -5.3554965e+01  -3.8018630e+01   5.0006489e+02   4.0747515e-01   7.1265548e-01   0.0000000e+00
   2.0130000e+03   1.2000000e+01   1.1000000e+01   1.6000000e+01   1.1000000e+01   3.6000000e+01  -5.3550545e+01  -3.8020208e+01   5.0209290e+02   9.4789809e-01   1.8225305e+00   0.0000000e+00
   2.0130000e+03   1.2000000e+01   1.1000000e+01   1.6000000e+01   1.3000000e+01   1.2000000e+01  -5.3546180e+01  -3.8021667e+01   4.9452123e+02   4.3363151e+00   7.5840175e+00   6.2575470e-01
   2.0130000e+03   1.2000000e+01   1.1000000e+01   1.6000000e+01   1.4000000e+01   4.9000099e+01  -5.3541751e+01  -3.8023137e+01   5.0161027e+02   1.8443721e+00   4.2656392e+00   6.7375978e-01
   2.0130000e+03   1.2000000e+01   1.1000000e+01   1.6000000e+01   1.6000000e+01   2.7000000e+01  -5.3537328e+01  -3.8024641e+01   5.0139260e+02   3.8809555e-01   4.2413535e-01   0.0000000e+00
   2.0130000e+03   1.2000000e+01   1.1000000e+01   1.6000000e+01   1.8000000e+01   5.0000000e+00  -5.3532886e+01  -3.8025950e+01   5.0113673e+02   2.2777502e+00   1.5360795e+01   1.3246628e+00
   2.0130000e+03   1.2000000e+01   1.1000000e+01   1.6000000e+01   1.9000000e+01   4.1000000e+01  -5.3528494e+01  -3.8027424e+01   4.9770982e+02   7.7203392e-01   1.5571157e+00   0.0000000e+00
   2.0130000e+03   1.2000000e+01   1.1000000e+01   1.6000000e+01   2.1000000e+01   1.7000099e+01  -5.3524045e+01  -3.8028823e+01   5.0284536e+02   2.2076537e+00   4.0258383e+00   1.0377424e+00
   2.0130000e+03   1.2000000e+01   1.1000000e+01   1.6000000e+01   2.2000000e+01   5.6000000e+01  -5.3519621e+01  -3.8030228e+01   5.0029257e+02   2.6240150e+00   3.5316055e+00   0.0000000e+00
   2.0130000e+03   1.2000000e+01   1.1000000e+01   1.6000000e+01   2.4000000e+01   3.6000000e+01  -5.3515204e+01  -3.8031653e+01   4.9978279e+02   2.0029319e+00   2.9405940e+00   4.8122457e-01
   2.0130000e+03   1.2000000e+01   1.1000000e+01   1.6000000e+01   2.6000000e+01   1.6000000e+01  -5.3510812e+01  -3.8033101e+01   4.9732927e+02   2.4652598e+00   4.4752251e+00   0.0000000e+00
   2.0130000e+03   1.2000000e+01   1.1000000e+01   1.6000000e+01   2.7000000e+01   5.7000000e+01  -5.3506352e+01  -3.8034557e+01   5.0482818e+02   1.7434994e+00   3.1398845e+00   0.0000000e+00
   2.0130000e+03   1.2000000e+01   1.1000000e+01   1.6000000e+01   2.9000000e+01   3.8000000e+01  -5.3501950e+01  -3.8035943e+01   4.9764458e+02   2.8197493e+00   5.2334771e+00   3.3047669e+00
   2.0130000e+03   1.2000000e+01   1.1000000e+01   1.6000000e+01   3.1000000e+01   1.8999901e+01  -5.3497586e+01  -3.8037413e+01   4.9459894e+02   1.8023459e+00   1.5416250e+00   0.0000000e+00
   2.0130000e+03   1.2000000e+01   1.1000000e+01   1.6000000e+01   3.3000000e+01   9.9182129e-05  -5.3493175e+01  -3.8038867e+01   4.9947250e+02   2.6052555e+00   4.4290782e+00   2.4319412e-01
   2.0130000e+03   1.2000000e+01   1.1000000e+01   1.6000000e+01   3.4000000e+01   4.1000099e+01  -5.3488690e+01  -3.8040243e+01   5.0666383e+02   2.5161094e+00   4.4005607e+00   0.0000000e+00
   2.0130000e+03   1.2000000e+01   1.1000000e+01   1.6000000e+01   3.6000000e+01   2.3000099e+01  -5.3484293e+01  -3.8041599e+01   4.9669523e+02   2.0791232e+00   3.7953461e+00   0.0000000e+00
   2.0130000e+03   1.2000000e+01   1.1000000e+01   1.6000000e+01   3.8000000e+01   3.0000000e+00  -5.3479902e+01  -3.8042938e+01   4.9588172e+02   4.5174307e+00   6.7980484e+00   0.0000000e+00
   2.0130000e+03   1.2000000e+01   1.1000000e+01   1.6000000e+01   3.9000000e+01   4.1000000e+01  -5.3475518e+01  -3.8044310e+01   4.9553872e+02   1.7868932e+00   3.1406771e+00   0.0000000e+00
   2.0130000e+03   1.2000000e+01   1.1000000e+01   1.6000000e+01   4.1000000e+01   1.9999901e+01  -5.3471087e+01  -3.8046066e+01   5.0592384e+02   4.2665127e-02   2.1590834e-01   0.0000000e+00
   2.0130000e+03   1.2000000e+01   1.1000000e+01   1.6000000e+01   4.2000000e+01   5.9000000e+01  -5.3466683e+01  -3.8047749e+01   5.0181939e+02   1.1602335e+00   2.0291954e+00   1.9301485e+00
   2.0130000e+03   1.2000000e+01   1.1000000e+01   1.6000000e+01   4.4000000e+01   4.0000000e+01  -5.3462324e+01  -3.8049288e+01   4.9498088e+02   3.9382529e-01   6.8878249e-01   0.0000000e+00
   2.0130000e+03   1.2000000e+01   1.1000000e+01   1.6000000e+01   4.6000000e+01   2.2000000e+01  -5.3457934e+01  -3.8050879e+01   4.9908135e+02   9.1357226e-01   1.7463025e+00   1.6517670e-01
   2.0130000e+03   1.2000000e+01   1.1000000e+01   1.6000000e+01   4.8000000e+01   2.0000000e+00  -5.3453534e+01  -3.8052416e+01   4.9940445e+02   1.8412797e+00   3.8294494e+00   0.0000000e+00
   2.0130000e+03   1.2000000e+01   1.1000000e+01   1.6000000e+01   4.9000000e+01   4.3000000e+01  -5.3449099e+01  -3.8053971e+01   5.0342419e+02   5.7690323e-01   1.0089775e+00   0.0000000e+00
   2.0130000e+03   1.2000000e+01   1.1000000e+01   1.6000000e+01   5.1000000e+01   2.3000000e+01  -5.3444699e+01  -3.8055337e+01   4.9722066e+02   3.0723618e+00   5.6398515e+00   0.0000000e+00
   2.0130000e+03   1.2000000e+01   1.1000000e+01   1.6000000e+01   5.3000000e+01   5.0000000e+00  -5.3440273e+01  -3.8056428e+01   4.9708042e+02   4.6207272e+00   8.6504780e+00   9.2859718e-01
   2.0130000e+03   1.2000000e+01   1.1000000e+01   1.6000000e+01   5.4000000e+01   4.7000000e+01  -5.3435878e+01  -3.8057722e+01   4.9582990e+02   2.9741456e+00   5.2016451e+00   0.0000000e+00
   2.0130000e+03   1.2000000e+01   1.1000000e+01   1.6000000e+01   5.6000000e+01   2.7000000e+01  -5.3431421e+01  -3.8058986e+01   5.0228427e+02   1.3089132e+00   2.2892296e+00   0.0000000e+00
   2.0130000e+03   1.2000000e+01   1.1000000e+01   1.6000000e+01   5.8000000e+01   7.0000992e+00  -5.3427011e+01  -3.8060615e+01   5.0177579e+02   1.2219678e+00   2.1371660e+00   5.7517275e-01
   2.0130000e+03   1.2000000e+01   1.1000000e+01   1.6000000e+01   5.9000000e+01   4.8000000e+01  -5.3422609e+01  -3.8062198e+01   5.0018792e+02   1.5991614e+00   2.7968604e+00   0.0000000e+00
   2.0130000e+03   1.2000000e+01   1.1000000e+01   1.7000000e+01   1.0000000e+00   3.0000099e+01  -5.3418219e+01  -3.8063630e+01   4.9700316e+02   2.2127912e+00   8.1325069e-01   0.0000000e+00
   2.0130000e+03   1.2000000e+01   1.1000000e+01   1.7000000e+01   3.0000000e+00   1.0000000e+01  -5.3413831e+01  -3.8065126e+01   4.9756368e+02   1.3586584e+00   3.1520462e+00   0.0000000e+00
   2.0130000e+03   1.2000000e+01   1.1000000e+01   1.7000000e+01   4.0000000e+00   5.0000000e+01  -5.3409432e+01  -3.8066550e+01   4.9777230e+02   4.8166802e+00   6.9981676e+00   0.0000000e+00
   2.0130000e+03   1.2000000e+01   1.1000000e+01   1.7000000e+01   6.0000000e+00   3.0000000e+01  -5.3404933e+01  -3.8068038e+01   5.0963416e+02   1.2514849e+00   1.7470981e+00   0.0000000e+00
   2.0130000e+03   1.2000000e+01   1.1000000e+01   1.7000000e+01   8.0000000e+00   1.2000000e+01  -5.3400491e+01  -3.8069334e+01   5.0098971e+02   9.6188395e-01   2.3928907e+00   8.6050071e-01
   2.0130000e+03   1.2000000e+01   1.1000000e+01   1.7000000e+01   9.0000000e+00   5.4000000e+01  -5.3396151e+01  -3.8070748e+01   4.9128612e+02   1.5351174e+00   1.3666190e+00   0.0000000e+00
   2.0130000e+03   1.2000000e+01   1.1000000e+01   1.7000000e+01   1.1000000e+01   3.5000000e+01  -5.3391726e+01  -3.8072087e+01   4.9960228e+02   3.6619373e+00   2.0441325e-01   0.0000000e+00
   2.0130000e+03   1.2000000e+01   1.1000000e+01   1.7000000e+01   1.3000000e+01   1.6000000e+01  -5.3387327e+01  -3.8073566e+01   4.9858411e+02   1.7783575e+00   3.6971468e-01   0.0000000e+00
   2.0130000e+03   1.2000000e+01   1.1000000e+01   1.7000000e+01   1.4000000e+01   5.5999901e+01  -5.3382900e+01  -3.8075029e+01   5.0140180e+02   1.1445749e+00   2.3875719e+00   0.0000000e+00
   2.0130000e+03   1.2000000e+01   1.1000000e+01   1.7000000e+01   1.6000000e+01   3.4000000e+01  -5.3378494e+01  -3.8076468e+01   4.9873999e+02   1.2566863e+00   2.1978871e+00   0.0000000e+00
   2.0130000e+03   1.2000000e+01   1.1000000e+01   1.7000000e+01   1.8000000e+01   1.2000000e+01  -5.3374054e+01  -3.8078014e+01   5.0389644e+02   1.0325137e+00   1.8058195e+00   0.0000000e+00
   2.0130000e+03   1.2000000e+01   1.1000000e+01   1.7000000e+01   1.9000000e+01   5.1000099e+01  -5.3369673e+01  -3.8079420e+01   4.9574328e+02   2.1943630e+00   4.1786948e+00   0.0000000e+00
   2.0130000e+03   1.2000000e+01   1.1000000e+01   1.7000000e+01   2.1000000e+01   3.2999901e+01  -5.3365201e+01  -3.8080738e+01   5.0449133e+02   2.5727336e+00   3.7436770e+00   1.4752875e+00
   2.0130000e+03   1.2000000e+01   1.1000000e+01   1.7000000e+01   2.3000000e+01   1.9000000e+01  -5.3360733e+01  -3.8082163e+01   5.0537113e+02   4.5924094e-01   8.0319147e-01   0.0000000e+00
   2.0130000e+03   1.2000000e+01   1.1000000e+01   1.7000000e+01   2.5000000e+01   5.0000992e+00  -5.3356548e+01  -3.8083559e+01   4.7415621e+02   1.6784588e+00   2.7938137e+00   3.5523363e-01
   2.0130000e+03   1.2000000e+01   1.1000000e+01   1.7000000e+01   2.6000000e+01   4.4000000e+01  -5.3352084e+01  -3.8085380e+01   5.1054444e+02   7.9280870e-01   1.3865863e+00   0.0000000e+00
   2.0130000e+03   1.2000000e+01   1.1000000e+01   1.7000000e+01   2.8000000e+01   1.6000000e+01  -5.3347640e+01  -3.8086831e+01   5.0311710e+02   9.3267224e-02   4.2310225e-01   0.0000000e+00
   2.0130000e+03   1.2000000e+01   1.1000000e+01   1.7000000e+01   2.9000000e+01   4.9000000e+01  -5.3343219e+01  -3.8088249e+01   5.0025629e+02   1.0625880e+00   1.8584180e+00   0.0000000e+00
   2.0130000e+03   1.2000000e+01   1.1000000e+01   1.7000000e+01   3.1000000e+01   2.2000000e+01  -5.3338832e+01  -3.8089926e+01   4.9994646e+02   2.0543954e-01   2.8543257e-01   0.0000000e+00
   2.0130000e+03   1.2000000e+01   1.1000000e+01   1.7000000e+01   3.2000000e+01   5.4000000e+01  -5.3334473e+01  -3.8091472e+01   4.9509202e+02   1.4317830e+00   2.5041231e+00   0.0000000e+00
   2.0130000e+03   1.2000000e+01   1.1000000e+01   1.7000000e+01   3.4000000e+01   2.6000000e+01  -5.3330084e+01  -3.8092942e+01   4.9739683e+02   3.1353681e-01   5.9595427e-01   0.0000000e+00
   2.0130000e+03   1.2000000e+01   1.1000000e+01   1.7000000e+01   3.5000000e+01   5.9000000e+01  -5.3325597e+01  -3.8094266e+01   5.0628177e+02   6.2568135e-01   1.0942882e+00   0.0000000e+00
   2.0130000e+03   1.2000000e+01   1.1000000e+01   1.7000000e+01   3.7000000e+01   3.4000099e+01  -5.3321163e+01  -3.8095629e+01   5.0099483e+02   1.4267482e+00   2.4953176e+00   1.9366374e+00
   2.0130000e+03   1.2000000e+01   1.1000000e+01   1.7000000e+01   3.9000000e+01   1.2000000e+01  -5.3316778e+01  -3.8097130e+01   4.9728511e+02   4.5980740e-01   8.0418218e-01   0.0000000e+00
   2.0130000e+03   1.2000000e+01   1.1000000e+01   1.7000000e+01   4.0000000e+01   5.4000000e+01  -5.3312393e+01  -3.8098556e+01   4.9641411e+02   6.7633999e-01   1.1828878e+00   6.7147357e-01
   2.0130000e+03   1.2000000e+01   1.1000000e+01   1.7000000e+01   4.2000000e+01   3.4000000e+01  -5.3308014e+01  -3.8099994e+01   4.9584120e+02   9.2360407e-01   1.6153414e+00   6.4677188e-01
   2.0130000e+03   1.2000000e+01   1.1000000e+01   1.7000000e+01   4.4000000e+01   1.1000099e+01  -5.3303533e+01  -3.8101448e+01   5.0725195e+02   8.2259185e-01   2.0018261e+00   0.0000000e+00
   2.0130000e+03   1.2000000e+01   1.1000000e+01   1.7000000e+01   4.5000000e+01   4.6000000e+01  -5.3299134e+01  -3.8102894e+01   4.9808394e+02   1.1574108e+00   2.0376988e+00   1.3666716e+00
   2.0130000e+03   1.2000000e+01   1.1000000e+01   1.7000000e+01   4.7000000e+01   2.0000000e+01  -5.3294707e+01  -3.8104315e+01   5.0088612e+02   9.0693578e-01   1.7982515e+00   0.0000000e+00
   2.0130000e+03   1.2000000e+01   1.1000000e+01   1.7000000e+01   4.8000000e+01   5.5000000e+01  -5.3290292e+01  -3.8105878e+01   5.0154361e+02   4.7736645e-01   1.0484827e+00   0.0000000e+00
   2.0130000e+03   1.2000000e+01   1.1000000e+01   1.7000000e+01   5.0000000e+01   3.1000099e+01  -5.3285891e+01  -3.8107295e+01   4.9802834e+02   6.4248404e-01   1.1236753e+00   1.0103544e+00
   2.0130000e+03   1.2000000e+01   1.1000000e+01   1.7000000e+01   5.2000000e+01   7.0000000e+00  -5.3281545e+01  -3.8108634e+01   4.9098053e+02   1.2466558e+01   2.0833066e+01   1.9930379e+01
   2.0130000e+03   1.2000000e+01   1.1000000e+01   1.7000000e+01   5.3000000e+01   4.3000099e+01  -5.3277118e+01  -3.8109990e+01   5.0014146e+02   7.5562499e+00   1.4574298e+01   8.0951928e-01
   2.0130000e+03   1.2000000e+01   1.1000000e+01   1.7000000e+01   5.5000000e+01   1.7999901e+01  -5.3272700e+01  -3.8111441e+01   5.0024615e+02   4.5848680e-01   8.9672004e-01   4.9950857e-01
   2.0130000e+03   1.2000000e+01   1.1000000e+01   1.7000000e+01   5.6000000e+01   5.3000000e+01  -5.3268276e+01  -3.8112867e+01   5.0067496e+02   1.0378159e+00   1.8150927e+00   0.0000000e+00
   2.0130000e+03   1.2000000e+01   1.1000000e+01   1.7000000e+01   5.8000000e+01   2.7000000e+01  -5.3263838e+01  -3.8114270e+01   5.0194134e+02   6.4833202e-01   1.5285341e+00   0.0000000e+00
   2.0130000e+03   1.2000000e+01   1.1000000e+01   1.8000000e+01   0.0000000e+00   3.0000000e+00  -5.3259405e+01  -3.8115714e+01   5.0181140e+02   6.5354393e-01   1.1430185e+00   0.0000000e+00
   2.0130000e+03   1.2000000e+01   1.1000000e+01   1.8000000e+01   1.0000000e+00   4.1000000e+01  -5.3255000e+01  -3.8117041e+01   4.9736609e+02   2.7143408e+00   3.8026202e+00   1.0618721e-01
   2.0130000e+03   1.2000000e+01   1.1000000e+01   1.8000000e+01   3.0000000e+00   1.8999901e+01  -5.3250604e+01  -3.8118391e+01   4.9664220e+02   1.9040587e+00   3.3301118e+00   0.0000000e+00
   2.0130000e+03   1.2000000e+01   1.1000000e+01   1.8000000e+01   4.0000000e+00   5.8000099e+01  -5.3246183e+01  -3.8119725e+01   4.9928029e+02   7.9699219e-01   1.3939030e+00   0.0000000e+00
   2.0130000e+03   1.2000000e+01   1.1000000e+01   1.8000000e+01   6.0000000e+00   3.4000000e+01  -5.3241735e+01  -3.8121139e+01   5.0311647e+02   4.5184190e-01   1.4087787e+00   0.0000000e+00
   2.0130000e+03   1.2000000e+01   1.1000000e+01   1.8000000e+01   8.0000000e+00   9.0000000e+00  -5.3237261e+01  -3.8122529e+01   5.0560207e+02   9.3763449e+00   1.6480071e+01   2.5973115e-01
   2.0130000e+03   1.2000000e+01   1.1000000e+01   1.8000000e+01   9.0000000e+00   4.4000000e+01  -5.3232923e+01  -3.8123942e+01   4.9118540e+02   2.7621288e+00   4.9012613e+00   1.9027524e+00
   2.0130000e+03   1.2000000e+01   1.1000000e+01   1.8000000e+01   1.1000000e+01   1.9999901e+01  -5.3228479e+01  -3.8125392e+01   5.0305373e+02   3.8607788e-01   7.8352390e-01   0.0000000e+00
   2.0130000e+03   1.2000000e+01   1.1000000e+01   1.8000000e+01   1.2000000e+01   5.9000000e+01  -5.3224076e+01  -3.8126731e+01   4.9736442e+02   9.7854760e-02   4.3903451e-01   0.0000000e+00
   2.0130000e+03   1.2000000e+01   1.1000000e+01   1.8000000e+01   1.4000000e+01   4.0000000e+01  -5.3219689e+01  -3.8128103e+01   4.9598954e+02   2.0306783e-01   1.7588210e+00   0.0000000e+00
   2.0130000e+03   1.2000000e+01   1.1000000e+01   1.8000000e+01   1.6000000e+01   2.0000000e+01  -5.3215226e+01  -3.8129612e+01   5.0597057e+02   1.8673565e+00   3.2659214e+00   4.5806636e-01
   2.0130000e+03   1.2000000e+01   1.1000000e+01   1.8000000e+01   1.8000000e+01   5.0000000e+00  -5.3210873e+01  -3.8130879e+01   4.9098938e+02   3.3037074e+00   5.8724117e+00   0.0000000e+00
   2.0130000e+03   1.2000000e+01   1.1000000e+01   1.8000000e+01   1.9000000e+01   4.9000000e+01  -5.3206475e+01  -3.8132478e+01   5.0009647e+02   2.0627565e+00   3.6980864e+00   7.0933406e-01
   2.0130000e+03   1.2000000e+01   1.1000000e+01   1.8000000e+01   2.1000000e+01   2.9000099e+01  -5.3202054e+01  -3.8133963e+01   5.0116637e+02   5.0264090e+00   5.9403870e+00   0.0000000e+00
   2.0130000e+03   1.2000000e+01   1.1000000e+01   1.8000000e+01   2.3000000e+01   8.0000000e+00  -5.3197652e+01  -3.8135568e+01   5.0071131e+02   3.0694624e+00   6.1537696e+00   4.0490945e+00
   2.0130000e+03   1.2000000e+01   1.1000000e+01   1.8000000e+01   2.4000000e+01   4.5000000e+01  -5.3193277e+01  -3.8137202e+01   4.9818401e+02   2.4180448e+00   3.2295232e+00   2.0656243e+00
   2.0130000e+03   1.2000000e+01   1.1000000e+01   1.8000000e+01   2.6000000e+01   2.1000000e+01  -5.3188886e+01  -3.8138748e+01   4.9862592e+02   2.2309198e+00   3.9017771e+00   2.0716506e+00
   2.0130000e+03   1.2000000e+01   1.1000000e+01   1.8000000e+01   2.7000000e+01   5.8000099e+01  -5.3184422e+01  -3.8140311e+01   5.0677685e+02   1.2696214e+00   2.1772568e+00   0.0000000e+00
