   2.0130000e+03   1.2000000e+01   1.2000000e+01   1.3000000e+01   1.3000000e+01   1.5000000e+01  -5.3148722e+01  -3.7831237e+01   4.9961430e+02   1.7489691e+00   5.3703142e+00   2.3590983e+00
   2.0130000e+03   1.2000000e+01   1.2000000e+01   1.3000000e+01   1.5000000e+01   3.2000000e+01  -5.3152960e+01  -3.7829807e+01   4.8037789e+02   9.9167371e+00   1.0729297e+01   0.0000000e+00
   2.0130000e+03   1.2000000e+01   1.2000000e+01   1.3000000e+01   1.7000000e+01   4.6000000e+01  -5.3157371e+01  -3.7828344e+01   4.9974171e+02   5.1068679e+00   9.1960682e+00   0.0000000e+00
   2.0130000e+03   1.2000000e+01   1.2000000e+01   1.3000000e+01   1.9000000e+01   4.9000000e+01  -5.3161788e+01  -3.7827070e+01   4.9811270e+02   3.5595792e+00   5.9558795e+00   3.0010840e-02
   2.0130000e+03   1.2000000e+01   1.2000000e+01   1.3000000e+01   2.1000000e+01   4.1000000e+01  -5.3166229e+01  -3.7825782e+01   5.0095436e+02   2.7221853e+00   4.7545628e+00   0.0000000e+00
   2.0130000e+03   1.2000000e+01   1.2000000e+01   1.3000000e+01   2.3000000e+01   2.3000000e+01  -5.3170675e+01  -3.7824552e+01   5.0074829e+02   9.0750121e-01   1.0739109e+00   0.0000000e+00
   2.0130000e+03   1.2000000e+01   1.2000000e+01   1.3000000e+01   2.5000000e+01   1.0000000e+00  -5.3175090e+01  -3.7823237e+01   4.9836641e+02   2.9488178e-01   5.1573479e-01   0.0000000e+00
   2.0130000e+03   1.2000000e+01   1.2000000e+01   1.3000000e+01   2.6000000e+01   4.0000099e+01  -5.3179532e+01  -3.7821971e+01   5.0078888e+02   6.3241666e-01   1.1060679e+00   0.0000000e+00
   2.0130000e+03   1.2000000e+01   1.2000000e+01   1.3000000e+01   2.8000000e+01   1.8000000e+01  -5.3183984e+01  -3.7820657e+01   5.0229310e+02   2.3143001e+00   3.5142164e+00   1.3105506e+00
   2.0130000e+03   1.2000000e+01   1.2000000e+01   1.3000000e+01   2.9000000e+01   5.5999901e+01  -5.3188326e+01  -3.7818948e+01   4.9572681e+02   2.4709088e+00   4.1622982e+00   0.0000000e+00
   2.0130000e+03   1.2000000e+01   1.2000000e+01   1.3000000e+01   3.1000000e+01   3.4000000e+01  -5.3192716e+01  -3.7817190e+01   5.0173706e+02   2.6197714e+00   2.7939237e+00   0.0000000e+00
   2.0130000e+03   1.2000000e+01   1.2000000e+01   1.3000000e+01   3.3000000e+01   1.1000000e+01  -5.3197091e+01  -3.7815449e+01   4.9971718e+02   1.2772487e+00   2.2338497e+00   0.0000000e+00
   2.0130000e+03   1.2000000e+01   1.2000000e+01   1.3000000e+01   3.4000000e+01   4.8000000e+01  -5.3201459e+01  -3.7813636e+01   5.0020040e+02   7.6776295e-01   2.2828945e+00   0.0000000e+00
   2.0130000e+03   1.2000000e+01   1.2000000e+01   1.3000000e+01   3.6000000e+01   2.6000000e+01  -5.3205844e+01  -3.7811821e+01   5.0193544e+02   5.0611988e+00   8.1685248e+00   0.0000000e+00
   2.0130000e+03   1.2000000e+01   1.2000000e+01   1.3000000e+01   3.8000000e+01   4.0000000e+00  -5.3210202e+01  -3.7810181e+01   4.9642994e+02   7.0133368e+00   1.2028690e+01   4.9156844e-01
   2.0130000e+03   1.2000000e+01   1.2000000e+01   1.3000000e+01   3.9000000e+01   4.3000000e+01  -5.3214620e+01  -3.7808916e+01   4.9817818e+02   2.4069873e+00   5.0058290e+00   7.8257196e-01
   2.0130000e+03   1.2000000e+01   1.2000000e+01   1.3000000e+01   4.1000000e+01   2.1000000e+01  -5.3219039e+01  -3.7807679e+01   4.9787877e+02   6.4819367e-01   1.1533744e+00   0.0000000e+00
   2.0130000e+03   1.2000000e+01   1.2000000e+01   1.3000000e+01   4.2000000e+01   5.9000000e+01  -5.3223463e+01  -3.7806301e+01   4.9997088e+02   1.6394491e+00   2.9942440e+00   1.3876576e+00
   2.0130000e+03   1.2000000e+01   1.2000000e+01   1.3000000e+01   4.4000000e+01   3.7000000e+01  -5.3227908e+01  -3.7804920e+01   5.0245213e+02   2.6713065e+00   4.5685736e+00   1.1796283e+00
   2.0130000e+03   1.2000000e+01   1.2000000e+01   1.3000000e+01   4.6000000e+01   1.5000099e+01  -5.3232323e+01  -3.7803505e+01   4.9957376e+02   2.1127849e+00   3.6951645e+00   0.0000000e+00
   2.0130000e+03   1.2000000e+01   1.2000000e+01   1.3000000e+01   4.7000000e+01   5.3000000e+01  -5.3236740e+01  -3.7802184e+01   4.9853797e+02   2.7770199e+00   4.8568813e+00   1.1481666e+00
   2.0130000e+03   1.2000000e+01   1.2000000e+01   1.3000000e+01   4.9000000e+01   3.2000000e+01  -5.3241182e+01  -3.7800806e+01   5.0207884e+02   3.6110937e+00   6.3589700e+00   0.0000000e+00
   2.0130000e+03   1.2000000e+01   1.2000000e+01   1.3000000e+01   5.1000000e+01   1.1000099e+01  -5.3245642e+01  -3.7799428e+01   5.0403615e+02   3.9191842e+00   7.8799268e+00   0.0000000e+00
   2.0130000e+03   1.2000000e+01   1.2000000e+01   1.3000000e+01   5.2000000e+01   5.0000000e+01  -5.3250002e+01  -3.7798033e+01   4.9323697e+02   2.3636309e+00   2.9305718e+00   0.0000000e+00
   2.0130000e+03   1.2000000e+01   1.2000000e+01   1.3000000e+01   5.4000000e+01   2.9000000e+01  -5.3254416e+01  -3.7796706e+01   4.9834985e+02   1.4032778e+00   2.6533817e+00   6.4198063e-01
   2.0130000e+03   1.2000000e+01   1.2000000e+01   1.3000000e+01   5.6000000e+01   9.0000000e+00  -5.3258869e+01  -3.7795326e+01   5.0323936e+02   2.2492474e+00   4.0646883e+00   0.0000000e+00
   2.0130000e+03   1.2000000e+01   1.2000000e+01   1.3000000e+01   5.7000000e+01   4.8999901e+01  -5.3263305e+01  -3.7793956e+01   5.0131530e+02   6.3736586e+00   1.3191478e+01   1.8035143e+00
   2.0130000e+03   1.2000000e+01   1.2000000e+01   1.3000000e+01   5.9000000e+01   2.7000000e+01  -5.3267673e+01  -3.7792583e+01   4.9389156e+02   4.7656966e+00   1.1240320e+01   0.0000000e+00
   2.0130000e+03   1.2000000e+01   1.2000000e+01   1.4000000e+01   1.0000000e+00   7.0000000e+00  -5.3272138e+01  -3.7791188e+01   5.0468549e+02   1.2186311e+00   2.2916090e+00   0.0000000e+00
   2.0130000e+03   1.2000000e+01   1.2000000e+01   1.4000000e+01   2.0000000e+00   4.6000000e+01  -5.3276541e+01  -3.7789784e+01   4.9805330e+02   4.5535037e+00   8.2625590e+00   0.0000000e+00
   2.0130000e+03   1.2000000e+01   1.2000000e+01   1.4000000e+01   4.0000000e+00   2.5000000e+01  -5.3280925e+01  -3.7788288e+01   4.9721168e+02   1.2704015e+00   8.4588650e-01   0.0000000e+00
   2.0130000e+03   1.2000000e+01   1.2000000e+01   1.4000000e+01   6.0000000e+00   6.0000992e+00  -5.3285342e+01  -3.7786677e+01   5.0232830e+02   9.9434643e-01   1.6167779e+00   0.0000000e+00
   2.0130000e+03   1.2000000e+01   1.2000000e+01   1.4000000e+01   7.0000000e+00   4.6000000e+01  -5.3289710e+01  -3.7785067e+01   4.9703918e+02   3.6677305e-01   9.0052959e-01   0.0000000e+00
   2.0130000e+03   1.2000000e+01   1.2000000e+01   1.4000000e+01   9.0000000e+00   2.6000000e+01  -5.3294121e+01  -3.7783438e+01   5.0192763e+02   1.0155275e+00   1.8910030e+00   0.0000000e+00
   2.0130000e+03   1.2000000e+01   1.2000000e+01   1.4000000e+01   1.1000000e+01   6.0000000e+00  -5.3298536e+01  -3.7781886e+01   5.0134325e+02   2.6406490e+00   4.6183747e+00   0.0000000e+00
   2.0130000e+03   1.2000000e+01   1.2000000e+01   1.4000000e+01   1.2000000e+01   4.5999901e+01  -5.3302950e+01  -3.7780345e+01   5.0098960e+02   1.8195710e+00   3.9861698e+00   1.3475526e-01
   2.0130000e+03   1.2000000e+01   1.2000000e+01   1.4000000e+01   1.4000000e+01   2.7999901e+01  -5.3307446e+01  -3.7778842e+01   5.0952473e+02   1.1010248e+00   1.1126584e+00   0.0000000e+00
   2.0130000e+03   1.2000000e+01   1.2000000e+01   1.4000000e+01   1.6000000e+01   2.5000000e+01  -5.3311853e+01  -3.7777497e+01   4.9773498e+02   2.1649317e+00   3.7863669e+00   0.0000000e+00
   2.0130000e+03   1.2000000e+01   1.2000000e+01   1.4000000e+01   1.8000000e+01   4.2000000e+01  -5.3316147e+01  -3.7775939e+01   4.8823094e+02   1.9213929e+00   3.3604287e+00   1.0913680e-01
   2.0130000e+03   1.2000000e+01   1.2000000e+01   1.4000000e+01   2.1000000e+01   4.0000000e+00  -5.3320541e+01  -3.7774313e+01   5.0012735e+02   1.3703391e+00   4.5048371e+00   3.1365222e+00
   2.0130000e+03   1.2000000e+01   1.2000000e+01   1.4000000e+01   2.3000000e+01   2.4000099e+01  -5.3324872e+01  -3.7772867e+01   4.9064407e+02   9.6703502e-01   1.5230131e+00   2.3988263e-01
   2.0130000e+03   1.2000000e+01   1.2000000e+01   1.4000000e+01   2.5000000e+01   3.0000000e+01  -5.3329285e+01  -3.7771507e+01   4.9865060e+02   5.8966903e-01   2.0051875e+00   1.5328484e-01
   2.0130000e+03   1.2000000e+01   1.2000000e+01   1.4000000e+01   2.7000000e+01   2.0000000e+01  -5.3333789e+01  -3.7770315e+01   5.0668846e+02   7.7541102e-01   6.0178162e-01   0.0000000e+00
   2.0130000e+03   1.2000000e+01   1.2000000e+01   1.4000000e+01   2.9000000e+01   3.0000000e+00  -5.3338282e+01  -3.7769195e+01   5.0473145e+02   2.4611820e+00   4.6006828e+00   1.4336208e-01
   2.0130000e+03   1.2000000e+01   1.2000000e+01   1.4000000e+01   3.0000000e+01   4.3000000e+01  -5.3342702e+01  -3.7767968e+01   4.9786053e+02   1.3253782e+00   2.4184487e+00   2.0817711e-01
   2.0130000e+03   1.2000000e+01   1.2000000e+01   1.4000000e+01   3.2000000e+01   2.2000000e+01  -5.3347079e+01  -3.7766316e+01   4.9861064e+02   6.3947386e-01   1.2642862e+00   0.0000000e+00
   2.0130000e+03   1.2000000e+01   1.2000000e+01   1.4000000e+01   3.4000000e+01   0.0000000e+00  -5.3351479e+01  -3.7764652e+01   5.0125492e+02   1.3157264e+00   1.3226456e+00   0.0000000e+00
   2.0130000e+03   1.2000000e+01   1.2000000e+01   1.4000000e+01   3.5000000e+01   3.6000000e+01  -5.3355884e+01  -3.7763035e+01   5.0111307e+02   7.4269624e-01   1.4046548e+00   0.0000000e+00
   2.0130000e+03   1.2000000e+01   1.2000000e+01   1.4000000e+01   3.7000000e+01   1.2000000e+01  -5.3360266e+01  -3.7761433e+01   4.9831139e+02   7.7877146e-01   1.5098606e+00   0.0000000e+00
   2.0130000e+03   1.2000000e+01   1.2000000e+01   1.4000000e+01   3.8000000e+01   4.8000099e+01  -5.3364627e+01  -3.7759838e+01   4.9597493e+02   7.7310961e-01   7.0334049e-01   0.0000000e+00
   2.0130000e+03   1.2000000e+01   1.2000000e+01   1.4000000e+01   4.0000000e+01   2.4000000e+01  -5.3369001e+01  -3.7758245e+01   4.9745349e+02   8.3394803e-01   1.4585371e+00   0.0000000e+00
   2.0130000e+03   1.2000000e+01   1.2000000e+01   1.4000000e+01   4.2000000e+01   0.0000000e+00  -5.3373389e+01  -3.7756610e+01   4.9947277e+02   6.1634679e-01   1.2116497e+00   0.0000000e+00
   2.0130000e+03   1.2000000e+01   1.2000000e+01   1.4000000e+01   4.3000000e+01   3.8000000e+01  -5.3377835e+01  -3.7755051e+01   5.0476830e+02   6.5096306e-01   1.1385047e+00   0.0000000e+00
   2.0130000e+03   1.2000000e+01   1.2000000e+01   1.4000000e+01   4.5000000e+01   1.5000000e+01  -5.3382275e+01  -3.7753570e+01   5.0303160e+02   1.1098799e+00   2.2434082e+00   0.0000000e+00
   2.0130000e+03   1.2000000e+01   1.2000000e+01   1.4000000e+01   4.6000000e+01   5.1000000e+01  -5.3386679e+01  -3.7752090e+01   4.9908398e+02   8.2629893e-01   1.4451592e+00   0.0000000e+00
   2.0130000e+03   1.2000000e+01   1.2000000e+01   1.4000000e+01   4.8000000e+01   2.7000000e+01  -5.3391096e+01  -3.7750723e+01   4.9910729e+02   4.4985482e-01   7.8677557e-01   0.0000000e+00
   2.0130000e+03   1.2000000e+01   1.2000000e+01   1.4000000e+01   5.0000000e+01   3.0000992e+00  -5.3395527e+01  -3.7749350e+01   5.0067822e+02   3.6770523e-01   1.6800074e+00   0.0000000e+00
   2.0130000e+03   1.2000000e+01   1.2000000e+01   1.4000000e+01   5.1000000e+01   3.9000000e+01  -5.3399945e+01  -3.7747873e+01   5.0063550e+02   8.1579931e-01   2.6270250e+00   1.2002292e+00
   2.0130000e+03   1.2000000e+01   1.2000000e+01   1.4000000e+01   5.3000000e+01   1.4000000e+01  -5.3404302e+01  -3.7746245e+01   4.9596688e+02   7.4230439e-01   1.5123515e+00   1.5849780e-01
   2.0130000e+03   1.2000000e+01   1.2000000e+01   1.4000000e+01   5.4000000e+01   4.9000000e+01  -5.3408673e+01  -3.7744613e+01   4.9761304e+02   3.1773947e+00   6.3349002e+00   4.1235410e-02
   2.0130000e+03   1.2000000e+01   1.2000000e+01   1.4000000e+01   5.6000000e+01   2.6000000e+01  -5.3413094e+01  -3.7743143e+01   5.0084098e+02   5.2193307e-01   9.8713880e-01   0.0000000e+00
   2.0130000e+03   1.2000000e+01   1.2000000e+01   1.4000000e+01   5.8000000e+01   1.0000000e+00  -5.3417516e+01  -3.7741606e+01   5.0179393e+02   6.9564260e-01   1.4145691e+00   0.0000000e+00
   2.0130000e+03   1.2000000e+01   1.2000000e+01   1.4000000e+01   5.9000000e+01   3.5000000e+01  -5.3421904e+01  -3.7740114e+01   4.9748737e+02   8.6442413e-01   1.5696929e+00   0.0000000e+00
   2.0130000e+03   1.2000000e+01   1.2000000e+01   1.5000000e+01   1.0000000e+00   9.9999008e+00  -5.3426288e+01  -3.7738637e+01   4.9686960e+02   7.4328401e-01   1.2999699e+00   0.0000000e+00
   2.0130000e+03   1.2000000e+01   1.2000000e+01   1.5000000e+01   2.0000000e+00   4.7000000e+01  -5.3430733e+01  -3.7737184e+01   5.0319430e+02   8.3635634e-01   1.4627491e+00   4.0676211e-01
   2.0130000e+03   1.2000000e+01   1.2000000e+01   1.5000000e+01   4.0000000e+00   2.5000000e+01  -5.3435175e+01  -3.7735746e+01   5.0274418e+02   9.6048447e-01   1.7197657e+00   0.0000000e+00
   2.0130000e+03   1.2000000e+01   1.2000000e+01   1.5000000e+01   6.0000000e+00   3.0000992e+00  -5.3439598e+01  -3.7734371e+01   4.9987221e+02   2.3155788e-01   4.3141210e-01   0.0000000e+00
   2.0130000e+03   1.2000000e+01   1.2000000e+01   1.5000000e+01   7.0000000e+00   4.1000000e+01  -5.3443976e+01  -3.7732947e+01   4.9546465e+02   6.5177460e-01   1.1399241e+00   0.0000000e+00
   2.0130000e+03   1.2000000e+01   1.2000000e+01   1.5000000e+01   9.0000000e+00   2.1000000e+01  -5.3448437e+01  -3.7731426e+01   5.0585434e+02   1.0552209e+00   1.4101990e+00   0.0000000e+00
   2.0130000e+03   1.2000000e+01   1.2000000e+01   1.5000000e+01   1.1000000e+01   0.0000000e+00  -5.3452834e+01  -3.7729917e+01   4.9867420e+02   2.5311149e+00   2.9329097e+00   7.8008736e-01
   2.0130000e+03   1.2000000e+01   1.2000000e+01   1.5000000e+01   1.2000000e+01   3.8000000e+01  -5.3457208e+01  -3.7728378e+01   4.9661138e+02   3.3574022e+00   3.9800401e+00   0.0000000e+00
   2.0130000e+03   1.2000000e+01   1.2000000e+01   1.5000000e+01   1.4000000e+01   1.6000000e+01  -5.3461576e+01  -3.7726868e+01   4.9548979e+02   1.9371706e+00   1.7993242e+00   0.0000000e+00
   2.0130000e+03   1.2000000e+01   1.2000000e+01   1.5000000e+01   1.5000000e+01   5.4000000e+01  -5.3465988e+01  -3.7725362e+01   5.0034828e+02   1.1846328e+00   1.3464952e+00   0.0000000e+00
   2.0130000e+03   1.2000000e+01   1.2000000e+01   1.5000000e+01   1.7000000e+01   3.2000000e+01  -5.3470421e+01  -3.7723830e+01   5.0286219e+02   5.0357812e-01   9.7966096e-01   3.1074413e-01
   2.0130000e+03   1.2000000e+01   1.2000000e+01   1.5000000e+01   1.9000000e+01   1.0000099e+01  -5.3474798e+01  -3.7722336e+01   4.9637493e+02   1.3218151e+00   2.4293303e+00   0.0000000e+00
   2.0130000e+03   1.2000000e+01   1.2000000e+01   1.5000000e+01   2.0000000e+01   4.9000000e+01  -5.3479218e+01  -3.7720789e+01   5.0164371e+02   1.6774240e+00   1.7390627e+00   0.0000000e+00
   2.0130000e+03   1.2000000e+01   1.2000000e+01   1.5000000e+01   2.2000000e+01   2.7000000e+01  -5.3483629e+01  -3.7719214e+01   5.0115452e+02   1.4136356e+00   2.7444164e+00   0.0000000e+00
   2.0130000e+03   1.2000000e+01   1.2000000e+01   1.5000000e+01   2.4000000e+01   5.0000000e+00  -5.3488075e+01  -3.7717676e+01   5.0430091e+02   6.4594329e-01   1.2009713e+00   0.0000000e+00
   2.0130000e+03   1.2000000e+01   1.2000000e+01   1.5000000e+01   2.5000000e+01   5.4000000e+01  -5.3492583e+01  -3.7716327e+01   5.0878953e+02   1.1694236e+00   2.0452687e+00   4.3818477e-01
   2.0130000e+03   1.2000000e+01   1.2000000e+01   1.5000000e+01   2.8000000e+01   4.0000000e+00  -5.3496881e+01  -3.7714647e+01   4.9039788e+02   5.5621644e-01   9.9893778e-01   0.0000000e+00
   2.0130000e+03   1.2000000e+01   1.2000000e+01   1.5000000e+01   3.0000000e+01   2.2000000e+01  -5.3501128e+01  -3.7713160e+01   4.8203880e+02   2.9484500e-01   4.4642037e-01   0.0000000e+00
   2.0130000e+03   1.2000000e+01   1.2000000e+01   1.5000000e+01   3.2000000e+01   2.4000099e+01  -5.3505575e+01  -3.7711593e+01   5.0493598e+02   2.5868327e+00   4.3441462e+00   8.7669658e-02
   2.0130000e+03   1.2000000e+01   1.2000000e+01   1.5000000e+01   3.4000000e+01   9.0000000e+00  -5.3510029e+01  -3.7710167e+01   5.0374280e+02   1.2888266e+00   2.2540989e+00   3.1651407e-02
   2.0130000e+03   1.2000000e+01   1.2000000e+01   1.5000000e+01   3.5000000e+01   4.7000000e+01  -5.3514469e+01  -3.7708774e+01   5.0197026e+02   6.0633990e-01   1.0604609e+00   0.0000000e+00
   2.0130000e+03   1.2000000e+01   1.2000000e+01   1.5000000e+01   3.7000000e+01   2.5000000e+01  -5.3518888e+01  -3.7707396e+01   4.9930788e+02   2.0255379e-01   3.5425734e-01   1.0899283e-01
   2.0130000e+03   1.2000000e+01   1.2000000e+01   1.5000000e+01   3.9000000e+01   3.9999008e+00  -5.3523295e+01  -3.7706008e+01   4.9830974e+02   5.1268032e-01   9.6289700e-01   3.4347673e-01
   2.0130000e+03   1.2000000e+01   1.2000000e+01   1.5000000e+01   4.0000000e+01   4.3000000e+01  -5.3527710e+01  -3.7704475e+01   5.0094252e+02   1.6255769e-01   2.8430599e-01   0.0000000e+00
   2.0130000e+03   1.2000000e+01   1.2000000e+01   1.5000000e+01   4.2000000e+01   2.2000000e+01  -5.3532123e+01  -3.7702984e+01   5.0007806e+02   8.3382532e-02   1.4583225e-01   4.9247679e-02
   2.0130000e+03   1.2000000e+01   1.2000000e+01   1.5000000e+01   4.3000000e+01   5.9000099e+01  -5.3536507e+01  -3.7701481e+01   4.9726053e+02   5.7827143e-01   6.7021774e-01   1.3888494e-01
   2.0130000e+03   1.2000000e+01   1.2000000e+01   1.5000000e+01   4.5000000e+01   3.7000000e+01  -5.3540914e+01  -3.7699995e+01   4.9943474e+02   2.1685346e-01   4.1486455e-01   1.7508382e-01
   2.0130000e+03   1.2000000e+01   1.2000000e+01   1.5000000e+01   4.7000000e+01   1.5000000e+01  -5.3545366e+01  -3.7698495e+01   5.0444352e+02   4.1677036e-01   7.2891236e-01   1.8406546e-01
   2.0130000e+03   1.2000000e+01   1.2000000e+01   1.5000000e+01   4.8000000e+01   5.2000000e+01  -5.3549776e+01  -3.7696979e+01   5.0023046e+02   6.9014376e+02   1.0154950e+03   1.0118214e+03
   2.0130000e+03   1.2000000e+01   1.2000000e+01   1.5000000e+01   5.0000000e+01   2.9000000e+01  -5.3554174e+01  -3.7695473e+01   4.9868036e+02   5.9793100e-01   1.4977559e+00   3.6472625e-01
   2.0130000e+03   1.2000000e+01   1.2000000e+01   1.5000000e+01   5.2000000e+01   7.0000000e+00  -5.3558587e+01  -3.7694013e+01   4.9973199e+02   2.4218650e+00   3.4189345e+00   7.5670762e-01
   2.0130000e+03   1.2000000e+01   1.2000000e+01   1.5000000e+01   5.3000000e+01   4.4000000e+01  -5.3562983e+01  -3.7692530e+01   4.9821183e+02   1.6861635e+00   2.9490232e+00   2.6294456e+00
   2.0130000e+03   1.2000000e+01   1.2000000e+01   1.5000000e+01   5.5000000e+01   2.1000000e+01  -5.3567396e+01  -3.7691091e+01   4.9952577e+02   2.4907507e+00   3.5813429e+00   1.8809369e+00
   2.0130000e+03   1.2000000e+01   1.2000000e+01   1.5000000e+01   5.6000000e+01   5.9000000e+01  -5.3571827e+01  -3.7689639e+01   5.0159790e+02   1.8247718e+00   3.1914427e+00   9.0471066e-01
   2.0130000e+03   1.2000000e+01   1.2000000e+01   1.5000000e+01   5.8000000e+01   3.7000000e+01  -5.3576222e+01  -3.7688185e+01   4.9766434e+02   2.4385222e+00   3.1370975e+00   1.6872372e+00
   2.0130000e+03   1.2000000e+01   1.2000000e+01   1.6000000e+01   0.0000000e+00   1.5000000e+01  -5.3580626e+01  -3.7686640e+01   4.9983978e+02   1.9994293e+00   2.6435185e+00   1.4441736e+00
   2.0130000e+03   1.2000000e+01   1.2000000e+01   1.6000000e+01   1.0000000e+00   5.4000000e+01  -5.3585034e+01  -3.7685020e+01   5.0138153e+02   1.6825589e+00   2.9932957e+00   1.9979360e+00
   2.0130000e+03   1.2000000e+01   1.2000000e+01   1.6000000e+01   3.0000000e+00   3.2000099e+01  -5.3589408e+01  -3.7683488e+01   4.9642677e+02   1.7524801e+00   2.6710198e+00   1.1839597e+00
   2.0130000e+03   1.2000000e+01   1.2000000e+01   1.6000000e+01   5.0000000e+00   1.1000000e+01  -5.3593825e+01  -3.7681894e+01   5.0198362e+02   7.7584223e-01   1.3569127e+00   2.1543042e-01
   2.0130000e+03   1.2000000e+01   1.2000000e+01   1.6000000e+01   6.0000000e+00   5.0000000e+01  -5.3598255e+01  -3.7680408e+01   5.0192112e+02   9.1139528e-01   1.6419229e+00   1.5412033e+00
   2.0130000e+03   1.2000000e+01   1.2000000e+01   1.6000000e+01   8.0000000e+00   2.8000000e+01  -5.3602638e+01  -3.7678913e+01   4.9685200e+02   1.1868225e+00   2.5678687e+00   2.8847804e-01
   2.0130000e+03   1.2000000e+01   1.2000000e+01   1.6000000e+01   1.0000000e+01   6.0000000e+00  -5.3607030e+01  -3.7677454e+01   4.9748883e+02   1.5689091e+00   3.2340806e+00   1.7716062e+00
   2.0130000e+03   1.2000000e+01   1.2000000e+01   1.6000000e+01   1.1000000e+01   4.6000000e+01  -5.3611444e+01  -3.7676060e+01   4.9897203e+02   2.0093300e+00   3.4103337e+00   1.4155156e+00
   2.0130000e+03   1.2000000e+01   1.2000000e+01   1.6000000e+01   1.3000000e+01   2.6000099e+01  -5.3615895e+01  -3.7674679e+01   5.0288720e+02   5.6440898e-01   9.8712558e-01   3.5742305e-01
   2.0130000e+03   1.2000000e+01   1.2000000e+01   1.6000000e+01   1.5000000e+01   5.0000000e+00  -5.3620317e+01  -3.7673256e+01   5.0025328e+02   6.8333378e-01   1.1951196e+00   2.4317458e-01
   2.0130000e+03   1.2000000e+01   1.2000000e+01   1.6000000e+01   1.6000000e+01   4.4000000e+01  -5.3624725e+01  -3.7671818e+01   4.9887943e+02   3.0704400e-01   5.3700596e-01   3.3927702e-02
   2.0130000e+03   1.2000000e+01   1.2000000e+01   1.6000000e+01   1.8000000e+01   2.4000000e+01  -5.3629141e+01  -3.7670293e+01   5.0097387e+02   1.2808056e+00   2.3250551e+00   0.0000000e+00
   2.0130000e+03   1.2000000e+01   1.2000000e+01   1.6000000e+01   2.0000000e+01   4.0000000e+00  -5.3633566e+01  -3.7668769e+01   5.0181257e+02   1.0131316e-01   3.1040415e+00   0.0000000e+00
   2.0130000e+03   1.2000000e+01   1.2000000e+01   1.6000000e+01   2.1000000e+01   4.3000099e+01  -5.3637943e+01  -3.7667222e+01   4.9696765e+02   1.1724776e-01   2.4714705e-01   0.0000000e+00
   2.0130000e+03   1.2000000e+01   1.2000000e+01   1.6000000e+01   2.3000000e+01   2.3000000e+01  -5.3642324e+01  -3.7665669e+01   4.9741179e+02   2.4603028e-01   4.3029574e-01   0.0000000e+00
   2.0130000e+03   1.2000000e+01   1.2000000e+01   1.6000000e+01   2.5000000e+01   3.0000000e+00  -5.3646724e+01  -3.7664061e+01   5.0032784e+02   9.2093057e-02   2.1519146e-01   0.0000000e+00
   2.0130000e+03   1.2000000e+01   1.2000000e+01   1.6000000e+01   2.6000000e+01   4.2000000e+01  -5.3651157e+01  -3.7662523e+01   5.0280944e+02   1.6062423e-01   3.5367812e-01   4.6424629e-02
   2.0130000e+03   1.2000000e+01   1.2000000e+01   1.6000000e+01   2.8000000e+01   2.0000000e+01  -5.3655564e+01  -3.7661060e+01   4.9912371e+02   4.7163826e-01   8.5670017e-01   4.9542398e-01
   2.0130000e+03   1.2000000e+01   1.2000000e+01   1.6000000e+01   2.9000000e+01   5.8000000e+01  -5.3659982e+01  -3.7659544e+01   5.0101836e+02   1.0914001e+00   1.9088091e+00   1.5075097e+00
   2.0130000e+03   1.2000000e+01   1.2000000e+01   1.6000000e+01   3.1000000e+01   3.8000000e+01  -5.3664464e+01  -3.7658058e+01   5.0751606e+02   4.6964826e-01   8.4954576e-01   3.7690366e-02
   2.0130000e+03   1.2000000e+01   1.2000000e+01   1.6000000e+01   3.3000000e+01   3.3000000e+01  -5.3668884e+01  -3.7656566e+01   5.0090789e+02   5.4100882e-01   9.8454479e-01   0.0000000e+00
   2.0130000e+03   1.2000000e+01   1.2000000e+01   1.6000000e+01   3.5000000e+01   4.9000000e+01  -5.3673151e+01  -3.7654945e+01   4.8600817e+02   2.6040987e-01   6.5508172e-01   0.0000000e+00
   2.0130000e+03   1.2000000e+01   1.2000000e+01   1.6000000e+01   3.8000000e+01   1.0000000e+01  -5.3677534e+01  -3.7653417e+01   4.9727289e+02   5.4893410e-01   7.5013844e-01   0.0000000e+00
   2.0130000e+03   1.2000000e+01   1.2000000e+01   1.6000000e+01   4.0000000e+01   2.8000000e+01  -5.3681930e+01  -3.7651949e+01   4.9793582e+02   1.8505823e+01   1.0991322e+01   0.0000000e+00
   2.0130000e+03   1.2000000e+01   1.2000000e+01   1.6000000e+01   4.2000000e+01   3.2000000e+01  -5.3686241e+01  -3.7650595e+01   4.8727123e+02   4.4880508e-01   8.2393061e-01   6.9400687e-02
   2.0130000e+03   1.2000000e+01   1.2000000e+01   1.6000000e+01   4.4000000e+01   1.8000000e+01  -5.3690754e+01  -3.7649117e+01   5.1083723e+02   3.7826569e-01   4.1669959e-01   0.0000000e+00
   2.0130000e+03   1.2000000e+01   1.2000000e+01   1.6000000e+01   4.5000000e+01   5.8000000e+01  -5.3695171e+01  -3.7647671e+01   4.9994986e+02   8.8291288e+02   1.0000708e+03   9.9873312e+02
   2.0130000e+03   1.2000000e+01   1.2000000e+01   1.6000000e+01   4.7000000e+01   3.8000000e+01  -5.3699609e+01  -3.7646162e+01   5.0303008e+02   4.7580829e+01   8.3216702e+01   7.8810984e+01
   2.0130000e+03   1.2000000e+01   1.2000000e+01   1.6000000e+01   4.9000000e+01   1.7000000e+01  -5.3704034e+01  -3.7644747e+01   5.0049862e+02   5.4407330e-01   9.5155941e-01   3.1562556e-01
   2.0130000e+03   1.2000000e+01   1.2000000e+01   1.6000000e+01   5.0000000e+01   5.4000000e+01  -5.3708431e+01  -3.7643367e+01   4.9690104e+02   5.5785413e-01   1.0105249e+00   3.2975644e-01
   2.0130000e+03   1.2000000e+01   1.2000000e+01   1.6000000e+01   5.2000000e+01   3.2000000e+01  -5.3712842e+01  -3.7641897e+01   4.9959552e+02   4.0078006e-01   7.0094607e-01   0.0000000e+00
   2.0130000e+03   1.2000000e+01   1.2000000e+01   1.6000000e+01   5.4000000e+01   1.0000000e+01  -5.3717261e+01  -3.7640429e+01   5.0043428e+02   2.9747296e-01   5.5332928e-01   1.0678536e-01
   2.0130000e+03   1.2000000e+01   1.2000000e+01   1.6000000e+01   5.5000000e+01   4.8000000e+01  -5.3721693e+01  -3.7638944e+01   5.0215397e+02   3.6036789e-01   6.4949874e-01   2.2765412e-01
   2.0130000e+03   1.2000000e+01   1.2000000e+01   1.6000000e+01   5.7000000e+01   2.5000000e+01  -5.3726078e+01  -3.7637374e+01   4.9801772e+02   9.6200580e-02   2.3693604e-01   0.0000000e+00
   2.0130000e+03   1.2000000e+01   1.2000000e+01   1.6000000e+01   5.9000000e+01   2.0000000e+00  -5.3730454e+01  -3.7635831e+01   4.9675763e+02   3.0555120e-01   1.6788213e+00   5.7173681e-01
   2.0130000e+03   1.2000000e+01   1.2000000e+01   1.7000000e+01   0.0000000e+00   4.0000000e+01  -5.3734852e+01  -3.7634270e+01   4.9933368e+02   6.4631349e-01   2.6658462e+00   8.9933208e-01
   2.0130000e+03   1.2000000e+01   1.2000000e+01   1.7000000e+01   2.0000000e+00   1.9000000e+01  -5.3739271e+01  -3.7632720e+01   5.0150805e+02   2.7491370e+00   4.8605462e+00   0.0000000e+00
   2.0130000e+03   1.2000000e+01   1.2000000e+01   1.7000000e+01   3.0000000e+00   5.7000000e+01  -5.3743679e+01  -3.7631181e+01   5.0019338e+02   5.6139416e-01   9.8185280e-01   2.0129743e-01
   2.0130000e+03   1.2000000e+01   1.2000000e+01   1.7000000e+01   5.0000000e+00   3.5000000e+01  -5.3748101e+01  -3.7629627e+01   5.0183451e+02   2.2455907e+01   3.9690008e+01   0.0000000e+00
   2.0130000e+03   1.2000000e+01   1.2000000e+01   1.7000000e+01   7.0000000e+00   1.3000099e+01  -5.3752523e+01  -3.7628132e+01   5.0106707e+02   1.4799558e-01   3.2044626e-01   0.0000000e+00
   2.0130000e+03   1.2000000e+01   1.2000000e+01   1.7000000e+01   8.0000000e+00   5.1000000e+01  -5.3756945e+01  -3.7626622e+01   5.0134253e+02   1.6673774e-01   3.1358131e-01   0.0000000e+00
   2.0130000e+03   1.2000000e+01   1.2000000e+01   1.7000000e+01   1.0000000e+01   2.9000000e+01  -5.3761372e+01  -3.7625146e+01   5.0133798e+02   2.2710508e-01   3.9719644e-01   6.7179399e-02
   2.0130000e+03   1.2000000e+01   1.2000000e+01   1.7000000e+01   1.2000000e+01   6.0000000e+00  -5.3765757e+01  -3.7623715e+01   4.9622347e+02   2.8766470e+02   5.0492501e+02   4.8415827e+02
   2.0130000e+03   1.2000000e+01   1.2000000e+01   1.7000000e+01   1.3000000e+01   4.4000000e+01  -5.3770129e+01  -3.7622277e+01   4.9492522e+02   2.0759298e-01   3.9053257e-01   0.0000000e+00
   2.0130000e+03   1.2000000e+01   1.2000000e+01   1.7000000e+01   1.5000000e+01   2.2000099e+01  -5.3774559e+01  -3.7620783e+01   5.0194329e+02   1.6871313e-01   3.1869238e-01   0.0000000e+00
   2.0130000e+03   1.2000000e+01   1.2000000e+01   1.7000000e+01   1.6000000e+01   5.9000000e+01  -5.3778984e+01  -3.7619374e+01   5.0040681e+02   1.3370810e-01   2.6751587e-01   4.8308065e-02
   2.0130000e+03   1.2000000e+01   1.2000000e+01   1.7000000e+01   1.8000000e+01   3.5000099e+01  -5.3783384e+01  -3.7617941e+01   4.9784775e+02   9.9482301e-02   2.5368768e-01   5.7067877e-02
   2.0130000e+03   1.2000000e+01   1.2000000e+01   1.7000000e+01   2.0000000e+01   1.2000000e+01  -5.3787816e+01  -3.7616464e+01   5.0190028e+02   1.3005395e-01   2.7459725e-01   4.7138808e-02
   2.0130000e+03   1.2000000e+01   1.2000000e+01   1.7000000e+01   2.1000000e+01   4.9000000e+01  -5.3792233e+01  -3.7614999e+01   5.0022054e+02   5.3244661e-02   6.8378113e-02   0.0000000e+00
   2.0130000e+03   1.2000000e+01   1.2000000e+01   1.7000000e+01   2.3000000e+01   2.5000000e+01  -5.3796596e+01  -3.7613407e+01   4.9588044e+02   3.4338371e-02   1.0427131e-01   4.4215063e-02
   2.0130000e+03   1.2000000e+01   1.2000000e+01   1.7000000e+01   2.5000000e+01   2.0000000e+00  -5.3801000e+01  -3.7611646e+01   5.0292431e+02   8.1202795e-02   1.4201999e-01   0.0000000e+00
   2.0130000e+03   1.2000000e+01   1.2000000e+01   1.7000000e+01   2.6000000e+01   4.0000000e+01  -5.3805363e+01  -3.7609919e+01   4.9782717e+02   9.8272902e-03   3.3801458e-02   0.0000000e+00
   2.0130000e+03   1.2000000e+01   1.2000000e+01   1.7000000e+01   2.8000000e+01   1.6000000e+01  -5.3809740e+01  -3.7608312e+01   4.9768718e+02   1.0198428e-01   2.1704694e-01   1.6480458e-01
   2.0130000e+03   1.2000000e+01   1.2000000e+01   1.7000000e+01   2.9000000e+01   5.2000099e+01  -5.3814166e+01  -3.7606866e+01   5.0085854e+02   8.1091600e-02   1.4182551e-01   3.2461471e-02
   2.0130000e+03   1.2000000e+01   1.2000000e+01   1.7000000e+01   3.1000000e+01   2.9000000e+01  -5.3818634e+01  -3.7605411e+01   5.0563741e+02   9.2831896e-02   1.8726754e-01   0.0000000e+00
   2.0130000e+03   1.2000000e+01   1.2000000e+01   1.7000000e+01   3.3000000e+01   7.0000000e+00  -5.3823061e+01  -3.7604015e+01   5.0036765e+02   5.0109006e-01   8.7638367e-01   4.6519823e-01
   2.0130000e+03   1.2000000e+01   1.2000000e+01   1.7000000e+01   3.4000000e+01   4.6000099e+01  -5.3827455e+01  -3.7602525e+01   4.9787796e+02   2.7059275e-01   4.7325438e-01   2.7935603e-01
   2.0130000e+03   1.2000000e+01   1.2000000e+01   1.7000000e+01   3.6000000e+01   2.6000000e+01  -5.3831860e+01  -3.7601000e+01   4.9961773e+02   1.0338135e-01   1.8080928e-01   3.8045953e-02
   2.0130000e+03   1.2000000e+01   1.2000000e+01   1.7000000e+01   3.8000000e+01   6.0000000e+00  -5.3836243e+01  -3.7599446e+01   4.9764324e+02   5.9793839e-02   1.0457670e-01   2.9004798e-02
   2.0130000e+03   1.2000000e+01   1.2000000e+01   1.7000000e+01   3.9000000e+01   4.9000000e+01  -5.3840711e+01  -3.7597855e+01   5.0725095e+02   8.1365549e-02   1.6087148e-01   3.6366611e-02
   2.0130000e+03   1.2000000e+01   1.2000000e+01   1.7000000e+01   4.1000000e+01   4.4000000e+01  -5.3845146e+01  -3.7596295e+01   5.0338915e+02   1.4106761e-01   2.4672083e-01   6.3230976e-02
