   2.0130000e+03   1.2000000e+01   1.1000000e+01   8.0000000e+00   3.0000000e+01   2.5000000e+01  -5.3219444e+01  -3.8448642e+01   4.9965725e+02   2.2933236e+00   8.2870776e+00   3.9642816e+00
   2.0130000e+03   1.2000000e+01   1.1000000e+01   8.0000000e+00   3.2000000e+01   4.1000000e+01  -5.3223878e+01  -3.8447560e+01   4.9797718e+02   4.1993138e+00   7.3444085e+00   4.8349717e+00
   2.0130000e+03   1.2000000e+01   1.1000000e+01   8.0000000e+00   3.5000000e+01   4.0000000e+00  -5.3228210e+01  -3.8446330e+01   4.8822209e+02   1.2949040e+00   5.0817192e+00   3.5047592e+00
   2.0130000e+03   1.2000000e+01   1.1000000e+01   8.0000000e+00   3.7000000e+01   2.0000000e+01  -5.3232563e+01  -3.8445123e+01   4.9040977e+02   3.2219330e+00   4.1906005e+00   0.0000000e+00
   2.0130000e+03   1.2000000e+01   1.1000000e+01   8.0000000e+00   3.9000000e+01   1.7000000e+01  -5.3237074e+01  -3.8443875e+01   5.0804181e+02   2.2189088e+00   3.2123562e+00   0.0000000e+00
   2.0130000e+03   1.2000000e+01   1.1000000e+01   8.0000000e+00   4.1000000e+01   2.0000000e+00  -5.3241528e+01  -3.8442630e+01   5.0176560e+02   1.2173091e+00   2.7862430e+00   0.0000000e+00
   2.0130000e+03   1.2000000e+01   1.1000000e+01   8.0000000e+00   4.2000000e+01   3.9999901e+01  -5.3245938e+01  -3.8441172e+01   4.9953744e+02   2.8411852e+00   5.1824202e+00   0.0000000e+00
   2.0130000e+03   1.2000000e+01   1.1000000e+01   8.0000000e+00   4.4000000e+01   1.6000000e+01  -5.3250382e+01  -3.8439757e+01   5.0273504e+02   1.0754844e+00   2.1797375e+00   0.0000000e+00
   2.0130000e+03   1.2000000e+01   1.1000000e+01   8.0000000e+00   4.5000000e+01   5.2000000e+01  -5.3254782e+01  -3.8438358e+01   4.9773691e+02   2.3363200e+00   4.1950584e+00   0.0000000e+00
   2.0130000e+03   1.2000000e+01   1.1000000e+01   8.0000000e+00   4.7000000e+01   2.6999901e+01  -5.3259221e+01  -3.8436879e+01   5.0293586e+02   6.6573107e-01   1.1952943e+00   0.0000000e+00
   2.0130000e+03   1.2000000e+01   1.1000000e+01   8.0000000e+00   4.9000000e+01   2.0000000e+00  -5.3263630e+01  -3.8435384e+01   4.9989307e+02   2.8992044e-01   5.0705764e-01   0.0000000e+00
   2.0130000e+03   1.2000000e+01   1.1000000e+01   8.0000000e+00   5.0000000e+01   3.8000000e+01  -5.3268053e+01  -3.8433990e+01   5.0012192e+02   9.3903478e-01   1.7350692e+00   3.9875675e-01
   2.0130000e+03   1.2000000e+01   1.1000000e+01   8.0000000e+00   5.2000000e+01   1.4000000e+01  -5.3272459e+01  -3.8432643e+01   4.9771978e+02   6.5029383e-01   1.1373343e+00   0.0000000e+00
   2.0130000e+03   1.2000000e+01   1.1000000e+01   8.0000000e+00   5.3000000e+01   5.2000000e+01  -5.3276847e+01  -3.8431284e+01   4.9592998e+02   3.1308446e-01   1.2096855e+00   0.0000000e+00
   2.0130000e+03   1.2000000e+01   1.1000000e+01   8.0000000e+00   5.5000000e+01   3.0000000e+01  -5.3281274e+01  -3.8429905e+01   5.0035925e+02   1.4914063e+00   2.6960818e+00   0.0000000e+00
   2.0130000e+03   1.2000000e+01   1.1000000e+01   8.0000000e+00   5.7000000e+01   9.0000992e+00  -5.3285691e+01  -3.8428541e+01   4.9907895e+02   1.4172473e+00   3.0724369e+00   0.0000000e+00
   2.0130000e+03   1.2000000e+01   1.1000000e+01   8.0000000e+00   5.8000000e+01   4.8000000e+01  -5.3290109e+01  -3.8427103e+01   5.0015324e+02   6.7671414e-01   1.4712907e+00   0.0000000e+00
   2.0130000e+03   1.2000000e+01   1.1000000e+01   9.0000000e+00   0.0000000e+00   2.6000000e+01  -5.3294520e+01  -3.8425696e+01   4.9894777e+02   1.2631394e+00   2.2105584e+00   0.0000000e+00
   2.0130000e+03   1.2000000e+01   1.1000000e+01   9.0000000e+00   2.0000000e+00   4.9999008e+00  -5.3298949e+01  -3.8424275e+01   5.0116264e+02   1.1572793e+00   2.3894385e+00   3.7408542e-01
   2.0130000e+03   1.2000000e+01   1.1000000e+01   9.0000000e+00   3.0000000e+00   4.6000099e+01  -5.3303351e+01  -3.8422842e+01   4.9835635e+02   5.6156843e-01   1.1477788e+00   0.0000000e+00
   2.0130000e+03   1.2000000e+01   1.1000000e+01   9.0000000e+00   5.0000000e+00   2.6000099e+01  -5.3307773e+01  -3.8421513e+01   4.9921829e+02   5.1985972e-01   9.0921095e-01   0.0000000e+00
   2.0130000e+03   1.2000000e+01   1.1000000e+01   9.0000000e+00   7.0000000e+00   5.0000000e+00  -5.3312193e+01  -3.8420183e+01   4.9904358e+02   2.9434677e-01   5.1615711e-01   0.0000000e+00
   2.0130000e+03   1.2000000e+01   1.1000000e+01   9.0000000e+00   8.0000000e+00   4.2999901e+01  -5.3316639e+01  -3.8418828e+01   5.0216026e+02   3.8200817e-01   6.6811488e-01   0.0000000e+00
   2.0130000e+03   1.2000000e+01   1.1000000e+01   9.0000000e+00   1.0000000e+01   2.1000000e+01  -5.3321090e+01  -3.8417532e+01   5.0193810e+02   1.2249321e+00   2.0025823e+00   0.0000000e+00
   2.0130000e+03   1.2000000e+01   1.1000000e+01   9.0000000e+00   1.1000000e+01   5.9000000e+01  -5.3325489e+01  -3.8416207e+01   4.9675234e+02   9.7553415e-01   1.7061648e+00   0.0000000e+00
   2.0130000e+03   1.2000000e+01   1.1000000e+01   9.0000000e+00   1.3000000e+01   3.7000000e+01  -5.3329938e+01  -3.8414952e+01   5.0135204e+02   2.8494347e-01   9.2177882e-01   0.0000000e+00
   2.0130000e+03   1.2000000e+01   1.1000000e+01   9.0000000e+00   1.5000000e+01   1.4000000e+01  -5.3334360e+01  -3.8413609e+01   4.9932838e+02   1.5860209e+00   2.9171424e+00   2.4549686e-01
   2.0130000e+03   1.2000000e+01   1.1000000e+01   9.0000000e+00   1.6000000e+01   5.1000000e+01  -5.3338727e+01  -3.8412130e+01   4.9509561e+02   2.2960220e+00   2.6696383e+00   1.0881996e+00
   2.0130000e+03   1.2000000e+01   1.1000000e+01   9.0000000e+00   1.8000000e+01   2.9000000e+01  -5.3343138e+01  -3.8410648e+01   4.9991265e+02   7.7422122e-01   1.6213092e+00   0.0000000e+00
   2.0130000e+03   1.2000000e+01   1.1000000e+01   9.0000000e+00   2.0000000e+01   6.0000992e+00  -5.3347587e+01  -3.8409224e+01   5.0332512e+02   1.0885135e+00   1.9037606e+00   0.0000000e+00
   2.0130000e+03   1.2000000e+01   1.1000000e+01   9.0000000e+00   2.1000000e+01   4.3000000e+01  -5.3352001e+01  -3.8407827e+01   4.9919016e+02   1.4341978e+00   3.0005940e+00   0.0000000e+00
   2.0130000e+03   1.2000000e+01   1.1000000e+01   9.0000000e+00   2.3000000e+01   2.1000099e+01  -5.3356433e+01  -3.8406420e+01   5.0115288e+02   2.5949016e+00   4.4402201e+00   0.0000000e+00
   2.0130000e+03   1.2000000e+01   1.1000000e+01   9.0000000e+00   2.5000000e+01   0.0000000e+00  -5.3360866e+01  -3.8404858e+01   5.0340583e+02   2.8715479e+00   5.5977753e+00   0.0000000e+00
   2.0130000e+03   1.2000000e+01   1.1000000e+01   9.0000000e+00   2.6000000e+01   3.8000000e+01  -5.3365211e+01  -3.8403264e+01   4.9422657e+02   1.1078412e+00   2.2707640e+00   3.7471033e-01
   2.0130000e+03   1.2000000e+01   1.1000000e+01   9.0000000e+00   2.8000000e+01   1.6999901e+01  -5.3369590e+01  -3.8401707e+01   4.9743408e+02   9.4217746e-01   2.0038547e+00   3.5602926e-01
   2.0130000e+03   1.2000000e+01   1.1000000e+01   9.0000000e+00   2.9000000e+01   5.6000099e+01  -5.3374017e+01  -3.8400125e+01   5.0306675e+02   1.9748106e+00   3.4855182e+00   1.0151373e+00
   2.0130000e+03   1.2000000e+01   1.1000000e+01   9.0000000e+00   3.1000000e+01   3.4000000e+01  -5.3378452e+01  -3.8398704e+01   5.0172144e+02   2.0996563e+00   4.2532469e+00   0.0000000e+00
   2.0130000e+03   1.2000000e+01   1.1000000e+01   9.0000000e+00   3.3000000e+01   1.0000000e+01  -5.3382849e+01  -3.8397298e+01   4.9733083e+02   9.6794486e-01   1.6348701e+00   0.0000000e+00
   2.0130000e+03   1.2000000e+01   1.1000000e+01   9.0000000e+00   3.4000000e+01   4.8000000e+01  -5.3387303e+01  -3.8395884e+01   5.0375177e+02   5.4021962e-01   9.4481950e-01   2.3467627e-01
   2.0130000e+03   1.2000000e+01   1.1000000e+01   9.0000000e+00   3.6000000e+01   4.1000000e+01  -5.3391771e+01  -3.8394490e+01   5.0501404e+02   1.4528093e+00   2.5408973e+00   0.0000000e+00
   2.0130000e+03   1.2000000e+01   1.1000000e+01   9.0000000e+00   3.8000000e+01   5.6000000e+01  -5.3396136e+01  -3.8393100e+01   4.9368435e+02   7.9551554e-01   1.7813961e+00   0.0000000e+00
   2.0130000e+03   1.2000000e+01   1.1000000e+01   9.0000000e+00   4.1000000e+01   2.1000000e+01  -5.3400464e+01  -3.8391589e+01   4.9121975e+02   1.0785807e+00   2.4934715e+00   5.1058465e-01
   2.0130000e+03   1.2000000e+01   1.1000000e+01   9.0000000e+00   4.3000000e+01   4.4000000e+01  -5.3404876e+01  -3.8390048e+01   5.0084861e+02   1.4193090e+00   3.4647042e+00   8.4322065e-01
   2.0130000e+03   1.2000000e+01   1.1000000e+01   9.0000000e+00   4.6000000e+01   1.0000000e+00  -5.3409201e+01  -3.8388582e+01   4.9029220e+02   2.9812432e-01   7.7444938e-01   0.0000000e+00
   2.0130000e+03   1.2000000e+01   1.1000000e+01   9.0000000e+00   4.8000000e+01   1.0000000e+00  -5.3413641e+01  -3.8387094e+01   5.0313077e+02   1.6267627e+00   1.6840000e+00   1.2049062e-01
   2.0130000e+03   1.2000000e+01   1.1000000e+01   9.0000000e+00   4.9000000e+01   4.6000000e+01  -5.3418124e+01  -3.8385669e+01   5.0696222e+02   3.4094527e+02   3.4184331e+02   3.3665856e+02
   2.0130000e+03   1.2000000e+01   1.1000000e+01   9.0000000e+00   5.1000000e+01   2.5000000e+01  -5.3422555e+01  -3.8384322e+01   5.0043557e+02   1.1212337e+03   1.9610325e+03   1.9605065e+03
   2.0130000e+03   1.2000000e+01   1.1000000e+01   9.0000000e+00   5.3000000e+01   0.0000000e+00  -5.3426990e+01  -3.8383090e+01   4.9947779e+02   9.3867060e-01   1.7508842e+00   0.0000000e+00
   2.0130000e+03   1.2000000e+01   1.1000000e+01   9.0000000e+00   5.4000000e+01   3.4000000e+01  -5.3431442e+01  -3.8381865e+01   5.0130276e+02   6.1495659e-01   4.7597613e-01   0.0000000e+00
   2.0130000e+03   1.2000000e+01   1.1000000e+01   9.0000000e+00   5.6000000e+01   8.0000992e+00  -5.3435883e+01  -3.8380632e+01   5.0017967e+02   3.6263923e-01   1.0428030e+00   1.6628644e-01
   2.0130000e+03   1.2000000e+01   1.1000000e+01   9.0000000e+00   5.7000000e+01   4.2999901e+01  -5.3440301e+01  -3.8379307e+01   4.9871300e+02   4.1714536e-01   8.5431687e-01   0.0000000e+00
   2.0130000e+03   1.2000000e+01   1.1000000e+01   9.0000000e+00   5.9000000e+01   1.7000000e+01  -5.3444723e+01  -3.8377839e+01   5.0089266e+02   1.0054660e+00   1.7663767e+00   0.0000000e+00
   2.0130000e+03   1.2000000e+01   1.1000000e+01   1.0000000e+01   0.0000000e+00   5.1000000e+01  -5.3449114e+01  -3.8376390e+01   4.9731969e+02   1.2834815e+00   2.4918646e+00   6.1233349e-01
   2.0130000e+03   1.2000000e+01   1.1000000e+01   1.0000000e+01   2.0000000e+00   2.6000000e+01  -5.3453548e+01  -3.8374924e+01   5.0211031e+02   9.8024079e-01   1.7143965e+00   0.0000000e+00
   2.0130000e+03   1.2000000e+01   1.1000000e+01   1.0000000e+01   4.0000000e+00   3.0000000e+00  -5.3457958e+01  -3.8373452e+01   4.9969638e+02   1.0908124e+00   1.7897766e+00   4.6269169e-01
   2.0130000e+03   1.2000000e+01   1.1000000e+01   1.0000000e+01   5.0000000e+00   4.2000000e+01  -5.3462370e+01  -3.8371965e+01   5.0003455e+02   2.1123303e-01   4.6829180e-01   9.5583937e-02
   2.0130000e+03   1.2000000e+01   1.1000000e+01   1.0000000e+01   7.0000000e+00   2.1000000e+01  -5.3466745e+01  -3.8370494e+01   4.9578883e+02   4.1065771e-02   7.1822162e-02   0.0000000e+00
   2.0130000e+03   1.2000000e+01   1.1000000e+01   1.0000000e+01   9.0000000e+00   0.0000000e+00  -5.3471146e+01  -3.8369045e+01   4.9833539e+02   2.3722145e-01   4.1488950e-01   0.0000000e+00
   2.0130000e+03   1.2000000e+01   1.1000000e+01   1.0000000e+01   1.0000000e+01   3.8000000e+01  -5.3475558e+01  -3.8367615e+01   4.9924879e+02   6.3343838e-02   1.1078549e-01   0.0000000e+00
   2.0130000e+03   1.2000000e+01   1.1000000e+01   1.0000000e+01   1.2000000e+01   1.7000000e+01  -5.3480001e+01  -3.8366228e+01   5.0213637e+02   6.6405919e-02   1.1614093e-01   0.0000000e+00
   2.0130000e+03   1.2000000e+01   1.1000000e+01   1.0000000e+01   1.3000000e+01   5.6000000e+01  -5.3484399e+01  -3.8364890e+01   4.9665976e+02   5.4541418e-01   9.5390454e-01   0.0000000e+00
   2.0130000e+03   1.2000000e+01   1.1000000e+01   1.0000000e+01   1.5000000e+01   3.7000000e+01  -5.3488843e+01  -3.8363527e+01   5.0197286e+02   5.0067415e-01   9.5717575e-01   5.6861378e-02
   2.0130000e+03   1.2000000e+01   1.1000000e+01   1.0000000e+01   1.7000000e+01   1.8000000e+01  -5.3493279e+01  -3.8362220e+01   5.0051349e+02   9.1271450e-01   1.5962961e+00   0.0000000e+00
   2.0130000e+03   1.2000000e+01   1.1000000e+01   1.0000000e+01   1.9000000e+01   0.0000000e+00  -5.3497690e+01  -3.8360881e+01   4.9802866e+02   4.9397201e-01   9.9662001e-01   1.2874636e-01
   2.0130000e+03   1.2000000e+01   1.1000000e+01   1.0000000e+01   2.0000000e+01   4.2000000e+01  -5.3502060e+01  -3.8359481e+01   4.9427939e+02   2.3622167e+00   2.4042788e-01   0.0000000e+00
   2.0130000e+03   1.2000000e+01   1.1000000e+01   1.0000000e+01   2.2000000e+01   2.4000000e+01  -5.3506480e+01  -3.8357955e+01   5.0148856e+02   9.6000205e-01   5.7495543e-01   0.0000000e+00
   2.0130000e+03   1.2000000e+01   1.1000000e+01   1.0000000e+01   2.4000000e+01   3.9999008e+00  -5.3510884e+01  -3.8356410e+01   4.9985632e+02   1.9187925e+00   2.2822197e+00   0.0000000e+00
   2.0130000e+03   1.2000000e+01   1.1000000e+01   1.0000000e+01   2.5000000e+01   4.3000000e+01  -5.3515296e+01  -3.8354870e+01   5.0070155e+02   2.3187118e-01   2.4321336e-01   0.0000000e+00
   2.0130000e+03   1.2000000e+01   1.1000000e+01   1.0000000e+01   2.7000000e+01   2.1000000e+01  -5.3519717e+01  -3.8353412e+01   5.0065908e+02   6.3970570e-01   2.3072154e-01   0.0000000e+00
   2.0130000e+03   1.2000000e+01   1.1000000e+01   1.0000000e+01   2.8000000e+01   5.9999901e+01  -5.3524115e+01  -3.8351956e+01   4.9809370e+02   2.0902167e-01   3.6556938e-01   0.0000000e+00
   2.0130000e+03   1.2000000e+01   1.1000000e+01   1.0000000e+01   3.0000000e+01   3.9000000e+01  -5.3528560e+01  -3.8350512e+01   5.0307482e+02   6.8105316e-01   1.1911309e+00   0.0000000e+00
   2.0130000e+03   1.2000000e+01   1.1000000e+01   1.0000000e+01   3.2000000e+01   1.8000000e+01  -5.3533003e+01  -3.8349128e+01   5.0202083e+02   1.1278397e+00   1.9106980e+00   0.0000000e+00
   2.0130000e+03   1.2000000e+01   1.1000000e+01   1.0000000e+01   3.3000000e+01   5.7000000e+01  -5.3537411e+01  -3.8347728e+01   4.9847175e+02   5.2187653e-01   7.5375562e-01   0.0000000e+00
   2.0130000e+03   1.2000000e+01   1.1000000e+01   1.0000000e+01   3.5000000e+01   3.7000099e+01  -5.3541799e+01  -3.8346311e+01   4.9653791e+02   1.7973733e+03   3.1435239e+03   2.8327866e+03
   2.0130000e+03   1.2000000e+01   1.1000000e+01   1.0000000e+01   3.7000000e+01   1.7000099e+01  -5.3546213e+01  -3.8344892e+01   4.9931291e+02   1.0286815e+00   2.1818319e+00   1.5923122e-01
   2.0130000e+03   1.2000000e+01   1.1000000e+01   1.0000000e+01   3.8000000e+01   5.7000000e+01  -5.3550675e+01  -3.8343437e+01   5.0509692e+02   8.1292473e-01   1.0859317e+00   0.0000000e+00
   2.0130000e+03   1.2000000e+01   1.1000000e+01   1.0000000e+01   4.0000000e+01   3.7000000e+01  -5.3555091e+01  -3.8341957e+01   5.0033485e+02   1.1014421e+00   1.9638706e+00   0.0000000e+00
   2.0130000e+03   1.2000000e+01   1.1000000e+01   1.0000000e+01   4.2000000e+01   1.7000000e+01  -5.3559446e+01  -3.8340503e+01   4.9330602e+02   1.9788656e+00   3.7675776e+00   0.0000000e+00
   2.0130000e+03   1.2000000e+01   1.1000000e+01   1.0000000e+01   4.3000000e+01   5.8000000e+01  -5.3563876e+01  -3.8338976e+01   5.0247808e+02   2.1141361e+00   3.6975277e+00   0.0000000e+00
   2.0130000e+03   1.2000000e+01   1.1000000e+01   1.0000000e+01   4.5000000e+01   4.4000000e+01  -5.3568428e+01  -3.8337293e+01   5.1785403e+02   1.7046745e+00   1.8911356e+00   0.0000000e+00
   2.0130000e+03   1.2000000e+01   1.1000000e+01   1.0000000e+01   4.7000000e+01   5.5000099e+01  -5.3572775e+01  -3.8336588e+01   4.8526373e+02   1.9596941e+00   3.4274157e+00   0.0000000e+00
   2.0130000e+03   1.2000000e+01   1.1000000e+01   1.0000000e+01   5.0000000e+01   1.9000000e+01  -5.3577024e+01  -3.8334768e+01   4.8722208e+02   1.6100833e+00   2.1510227e+00   0.0000000e+00
   2.0130000e+03   1.2000000e+01   1.1000000e+01   1.0000000e+01   5.2000000e+01   3.8000000e+01  -5.3581413e+01  -3.8333069e+01   5.0042794e+02   5.3634277e+00   6.7583505e+00   0.0000000e+00
   2.0130000e+03   1.2000000e+01   1.1000000e+01   1.0000000e+01   5.4000000e+01   5.3000099e+01  -5.3585752e+01  -3.8331788e+01   4.8951394e+02   1.9498318e+01   3.1459938e+01   1.0094728e+00
   2.0130000e+03   1.2000000e+01   1.1000000e+01   1.0000000e+01   5.6000000e+01   5.2000000e+01  -5.3590197e+01  -3.8330396e+01   5.0237841e+02   3.6850001e+00   6.1600875e+00   5.5341470e+00
   2.0130000e+03   1.2000000e+01   1.1000000e+01   1.0000000e+01   5.8000000e+01   3.6000000e+01  -5.3594660e+01  -3.8329021e+01   5.0412123e+02   5.8770536e+01   1.0259487e+02   6.7576459e+01
   2.0130000e+03   1.2000000e+01   1.1000000e+01   1.1000000e+01   0.0000000e+00   1.4000000e+01  -5.3599141e+01  -3.8327573e+01   5.0704625e+02   7.4401873e-01   1.5285356e+00   4.2916256e-02
   2.0130000e+03   1.2000000e+01   1.1000000e+01   1.1000000e+01   1.0000000e+00   4.7000000e+01  -5.3603550e+01  -3.8326099e+01   4.9942364e+02   2.6607585e-01   1.9622424e-01   0.0000000e+00
   2.0130000e+03   1.2000000e+01   1.1000000e+01   1.1000000e+01   3.0000000e+00   1.9000000e+01  -5.3607962e+01  -3.8324659e+01   4.9938823e+02   2.4827491e+00   4.3776447e+00   1.2809627e+00
   2.0130000e+03   1.2000000e+01   1.1000000e+01   1.1000000e+01   4.0000000e+00   5.1000000e+01  -5.3612359e+01  -3.8323179e+01   4.9821936e+02   6.8677928e-01   1.1883040e+00   1.6758344e-01
   2.0130000e+03   1.2000000e+01   1.1000000e+01   1.1000000e+01   6.0000000e+00   2.3000000e+01  -5.3616758e+01  -3.8321677e+01   4.9877618e+02   1.0861246e+00   3.4284280e-01   0.0000000e+00
   2.0130000e+03   1.2000000e+01   1.1000000e+01   1.1000000e+01   7.0000000e+00   5.4000000e+01  -5.3621129e+01  -3.8320171e+01   4.9575604e+02   9.9132508e-01   1.9037777e+00   7.8988899e-02
   2.0130000e+03   1.2000000e+01   1.1000000e+01   1.1000000e+01   9.0000000e+00   2.9000000e+01  -5.3625555e+01  -3.8318613e+01   5.0242205e+02   2.7300257e+00   2.5165747e+00   5.2180261e-01
   2.0130000e+03   1.2000000e+01   1.1000000e+01   1.1000000e+01   1.1000000e+01   5.0000000e+00  -5.3629993e+01  -3.8317074e+01   5.0342245e+02   1.8671040e+00   3.2654798e+00   6.3365335e-02
   2.0130000e+03   1.2000000e+01   1.1000000e+01   1.1000000e+01   1.2000000e+01   4.1000000e+01  -5.3634387e+01  -3.8315507e+01   4.9902552e+02   1.3100126e+00   2.7581159e+00   6.5111106e-02
   2.0130000e+03   1.2000000e+01   1.1000000e+01   1.1000000e+01   1.4000000e+01   1.6000000e+01  -5.3638761e+01  -3.8313945e+01   4.9688914e+02   5.4950004e-01   2.8607491e-01   0.0000000e+00
   2.0130000e+03   1.2000000e+01   1.1000000e+01   1.1000000e+01   1.5000000e+01   5.2000000e+01  -5.3643171e+01  -3.8312351e+01   5.0109779e+02   1.1473513e-01   2.7282683e-01   0.0000000e+00
   2.0130000e+03   1.2000000e+01   1.1000000e+01   1.1000000e+01   1.7000000e+01   2.8000000e+01  -5.3647556e+01  -3.8310732e+01   4.9878663e+02   6.0708385e+00   1.0617620e+01   1.0374125e+01
   2.0130000e+03   1.2000000e+01   1.1000000e+01   1.1000000e+01   1.9000000e+01   4.9999008e+00  -5.3651926e+01  -3.8309109e+01   4.9732111e+02   1.7303244e+00   4.1066761e+00   2.7103810e+00
   2.0130000e+03   1.2000000e+01   1.1000000e+01   1.1000000e+01   2.0000000e+01   4.2000000e+01  -5.3656308e+01  -3.8307446e+01   4.9898763e+02   4.1562321e+00   7.2690605e+00   6.5946331e+00
   2.0130000e+03   1.2000000e+01   1.1000000e+01   1.1000000e+01   2.2000000e+01   1.8000000e+01  -5.3660690e+01  -3.8305799e+01   4.9888821e+02   8.1047156e-01   6.7842359e-01   2.2561288e-01
   2.0130000e+03   1.2000000e+01   1.1000000e+01   1.1000000e+01   2.3000000e+01   5.5000000e+01  -5.3665117e+01  -3.8304091e+01   5.0462654e+02   1.5033410e+00   7.4611397e-01   6.5663783e-01
   2.0130000e+03   1.2000000e+01   1.1000000e+01   1.1000000e+01   2.5000000e+01   3.3000099e+01  -5.3669515e+01  -3.8302365e+01   5.0174112e+02   4.4399687e-01   7.9032423e-01   4.4779853e-02
   2.0130000e+03   1.2000000e+01   1.1000000e+01   1.1000000e+01   2.7000000e+01   1.0000000e+01  -5.3673899e+01  -3.8300708e+01   4.9923718e+02   7.3326389e-01   1.0440657e+00   1.2872833e-01
   2.0130000e+03   1.2000000e+01   1.1000000e+01   1.1000000e+01   2.8000000e+01   4.7000099e+01  -5.3678334e+01  -3.8299538e+01   4.9878217e+02   6.0235990e-01   6.1341408e-01   0.0000000e+00
   2.0130000e+03   1.2000000e+01   1.1000000e+01   1.1000000e+01   3.0000000e+01   2.4000000e+01  -5.3682762e+01  -3.8298315e+01   4.9858153e+02   4.8350425e+02   8.4562691e+02   4.9813320e+02
   2.0130000e+03   1.2000000e+01   1.1000000e+01   1.1000000e+01   3.2000000e+01   1.9999008e+00  -5.3687229e+01  -3.8297056e+01   5.0327017e+02   7.1564348e-01   1.2516278e+00   0.0000000e+00
   2.0130000e+03   1.2000000e+01   1.1000000e+01   1.1000000e+01   3.3000000e+01   4.0000000e+01  -5.3691618e+01  -3.8295793e+01   4.9465470e+02   7.2362015e-01   1.2655787e+00   0.0000000e+00
   2.0130000e+03   1.2000000e+01   1.1000000e+01   1.1000000e+01   3.5000000e+01   1.9000000e+01  -5.3696074e+01  -3.8294518e+01   5.0227004e+02   7.4087776e-01   1.2957614e+00   4.5888694e-02
   2.0130000e+03   1.2000000e+01   1.1000000e+01   1.1000000e+01   3.6000000e+01   5.7999901e+01  -5.3700534e+01  -3.8293330e+01   5.0174067e+02   4.9749297e-01   8.8677053e-01   7.9027373e-02
   2.0130000e+03   1.2000000e+01   1.1000000e+01   1.1000000e+01   3.8000000e+01   3.7000099e+01  -5.3704947e+01  -3.8292106e+01   4.9695962e+02   5.2974492e-01   9.6948632e-01   0.0000000e+00
   2.0130000e+03   1.2000000e+01   1.1000000e+01   1.1000000e+01   4.0000000e+01   1.5000000e+01  -5.3709403e+01  -3.8290904e+01   5.0134401e+02   7.7306767e-01   1.3520601e+00   0.0000000e+00
   2.0130000e+03   1.2000000e+01   1.1000000e+01   1.1000000e+01   4.1000000e+01   5.3000099e+01  -5.3713845e+01  -3.8289722e+01   4.9967659e+02   6.6013126e-01   1.2450352e+00   0.0000000e+00
   2.0130000e+03   1.2000000e+01   1.1000000e+01   1.1000000e+01   4.3000000e+01   3.2000000e+01  -5.3718286e+01  -3.8288461e+01   5.0042780e+02   6.0354455e-01   1.3843593e+00   4.4701703e-02
   2.0130000e+03   1.2000000e+01   1.1000000e+01   1.1000000e+01   4.5000000e+01   9.0000000e+00  -5.3722669e+01  -3.8287102e+01   4.9514132e+02   4.5473916e-01   8.5301987e-01   0.0000000e+00
   2.0130000e+03   1.2000000e+01   1.1000000e+01   1.1000000e+01   4.6000000e+01   4.8000000e+01  -5.3727136e+01  -3.8285773e+01   5.0400301e+02   1.0260926e+00   1.7945892e+00   0.0000000e+00
   2.0130000e+03   1.2000000e+01   1.1000000e+01   1.1000000e+01   4.8000000e+01   2.7000000e+01  -5.3731528e+01  -3.8284362e+01   4.9684330e+02   7.2647290e-01   1.1519716e+00   0.0000000e+00
   2.0130000e+03   1.2000000e+01   1.1000000e+01   1.1000000e+01   5.0000000e+01   5.0000000e+00  -5.3735905e+01  -3.8282895e+01   4.9582241e+02   8.5483229e-01   1.2163713e+00   4.8571073e-02
   2.0130000e+03   1.2000000e+01   1.1000000e+01   1.1000000e+01   5.1000000e+01   4.4000099e+01  -5.3740323e+01  -3.8281421e+01   5.0040903e+02   6.4433036e-01   7.6663669e-01   0.0000000e+00
   2.0130000e+03   1.2000000e+01   1.1000000e+01   1.1000000e+01   5.3000000e+01   2.8000000e+01  -5.3744927e+01  -3.8279875e+01   5.2152226e+02   6.1010662e-01   1.1140898e+00   0.0000000e+00
   2.0130000e+03   1.2000000e+01   1.1000000e+01   1.1000000e+01   5.5000000e+01   2.9000000e+01  -5.3749185e+01  -3.8278348e+01   4.8374955e+02   4.1156343e-01   7.1416619e-01   0.0000000e+00
   2.0130000e+03   1.2000000e+01   1.1000000e+01   1.1000000e+01   5.7000000e+01   4.5000000e+01  -5.3753535e+01  -3.8276664e+01   4.9583531e+02   3.9839959e-01   6.0511926e-01   0.0000000e+00
   2.0130000e+03   1.2000000e+01   1.1000000e+01   1.2000000e+01   0.0000000e+00   0.0000000e+00  -5.3757904e+01  -3.8275342e+01   4.9321266e+02   3.9819681e+00   5.4839777e+00   0.0000000e+00
   2.0130000e+03   1.2000000e+01   1.1000000e+01   1.2000000e+01   2.0000000e+00   5.0000000e+00  -5.3762319e+01  -3.8273927e+01   4.9929406e+02   9.6326211e-02   1.7338765e-01   5.9464404e-02
   2.0130000e+03   1.2000000e+01   1.1000000e+01   1.2000000e+01   3.0000000e+00   5.5999901e+01  -5.3766781e+01  -3.8272662e+01   5.0272602e+02   2.5523319e-01   4.5818298e-01   3.0133206e-01
   2.0130000e+03   1.2000000e+01   1.1000000e+01   1.2000000e+01   5.0000000e+00   3.8000000e+01  -5.3771220e+01  -3.8271513e+01   4.9899799e+02   7.5297192e-01   1.3169136e+00   7.2074950e-02
   2.0130000e+03   1.2000000e+01   1.1000000e+01   1.2000000e+01   7.0000000e+00   1.7000099e+01  -5.3775660e+01  -3.8270135e+01   5.0164353e+02   1.2477560e+00   7.4115860e-01   0.0000000e+00
   2.0130000e+03   1.2000000e+01   1.1000000e+01   1.2000000e+01   8.0000000e+00   5.4000000e+01  -5.3780096e+01  -3.8268770e+01   5.0097873e+02   5.8110734e-01   8.9082806e-01   0.0000000e+00
   2.0130000e+03   1.2000000e+01   1.1000000e+01   1.2000000e+01   1.0000000e+01   3.0000000e+01  -5.3784525e+01  -3.8267372e+01   5.0065136e+02   5.5545973e-01   7.5252355e-01   0.0000000e+00
   2.0130000e+03   1.2000000e+01   1.1000000e+01   1.2000000e+01   1.2000000e+01   5.0000000e+00  -5.3788947e+01  -3.8265986e+01   4.9971045e+02   7.3926380e-01   7.3148172e-01   0.0000000e+00
   2.0130000e+03   1.2000000e+01   1.1000000e+01   1.2000000e+01   1.3000000e+01   3.9000000e+01  -5.3793355e+01  -3.8264647e+01   4.9759618e+02   6.7254543e-01   1.4339860e+00   7.5054242e-01
   2.0130000e+03   1.2000000e+01   1.1000000e+01   1.2000000e+01   1.5000000e+01   1.4000000e+01  -5.3797779e+01  -3.8263131e+01   5.0160992e+02   6.8944522e-01   9.9490790e-01   0.0000000e+00
   2.0130000e+03   1.2000000e+01   1.1000000e+01   1.2000000e+01   1.6000000e+01   5.0000099e+01  -5.3802206e+01  -3.8261684e+01   5.0107417e+02   2.8170523e-01   3.0004588e-01   0.0000000e+00
   2.0130000e+03   1.2000000e+01   1.1000000e+01   1.2000000e+01   1.8000000e+01   2.5000099e+01  -5.3806622e+01  -3.8260202e+01   5.0019998e+02   2.0834797e-01   3.6439111e-01   0.0000000e+00
   2.0130000e+03   1.2000000e+01   1.1000000e+01   1.2000000e+01   2.0000000e+01   1.0000000e+00  -5.3811005e+01  -3.8258604e+01   4.9822957e+02   2.2178352e-01   3.1443496e-01   0.0000000e+00
   2.0130000e+03   1.2000000e+01   1.1000000e+01   1.2000000e+01   2.1000000e+01   3.6000000e+01  -5.3815411e+01  -3.8257033e+01   5.0029392e+02   3.8480335e-01   5.3667833e-01   0.0000000e+00
   2.0130000e+03   1.2000000e+01   1.1000000e+01   1.2000000e+01   2.3000000e+01   1.0000000e+01  -5.3819821e+01  -3.8255477e+01   5.0057087e+02   1.2444487e+00   2.0244330e+00   0.0000000e+00
   2.0130000e+03   1.2000000e+01   1.1000000e+01   1.2000000e+01   2.4000000e+01   4.3000000e+01  -5.3824218e+01  -3.8253910e+01   4.9924568e+02   7.8161287e-01   1.3670053e+00   1.2283936e-01
   2.0130000e+03   1.2000000e+01   1.1000000e+01   1.2000000e+01   2.6000000e+01   1.7000000e+01  -5.3828622e+01  -3.8252397e+01   4.9933647e+02   1.1019537e+00   1.9272668e+00   6.8108492e-02
   2.0130000e+03   1.2000000e+01   1.1000000e+01   1.2000000e+01   2.7000000e+01   5.2000000e+01  -5.3833090e+01  -3.8250945e+01   5.0556013e+02   3.2809823e-02   5.7382885e-02   0.0000000e+00
   2.0130000e+03   1.2000000e+01   1.1000000e+01   1.2000000e+01   2.9000000e+01   2.7000000e+01  -5.3837487e+01  -3.8249442e+01   4.9839562e+02   2.5804349e-02   4.5130631e-02   4.5130631e-02
   2.0130000e+03   1.2000000e+01   1.1000000e+01   1.2000000e+01   3.1000000e+01   1.0000992e+00  -5.3841904e+01  -3.8247983e+01   5.0009188e+02   2.4254904e+01   4.2420722e+01   4.1662262e+01
   2.0130000e+03   1.2000000e+01   1.1000000e+01   1.2000000e+01   3.2000000e+01   3.5000000e+01  -5.3846290e+01  -3.8246480e+01   4.9724907e+02   1.5669686e+01   2.1831994e+01   5.1405695e-01
   2.0130000e+03   1.2000000e+01   1.1000000e+01   1.2000000e+01   3.4000000e+01   9.0000000e+00  -5.3850688e+01  -3.8244999e+01   4.9825089e+02   2.4634325e+01   4.2698377e+01   5.7605345e-01
   2.0130000e+03   1.2000000e+01   1.1000000e+01   1.2000000e+01   3.5000000e+01   4.3000000e+01  -5.3855091e+01  -3.8243461e+01   4.9953463e+02   9.0678012e+00   1.5880586e+01   0.0000000e+00
   2.0130000e+03   1.2000000e+01   1.1000000e+01   1.2000000e+01   3.7000000e+01   1.7000000e+01  -5.3859493e+01  -3.8241932e+01   4.9931785e+02   1.2015558e+00   2.1014664e+00   5.9162772e-01
   2.0130000e+03   1.2000000e+01   1.1000000e+01   1.2000000e+01   3.8000000e+01   5.1000000e+01  -5.3863901e+01  -3.8240443e+01   4.9937918e+02   1.8924109e+01   3.2396678e+01   3.1841759e+00
   2.0130000e+03   1.2000000e+01   1.1000000e+01   1.2000000e+01   4.0000000e+01   2.5000000e+01  -5.3868348e+01  -3.8239070e+01   5.0230261e+02   5.2177581e-01   1.3466443e+00   6.2344354e-01
   2.0130000e+03   1.2000000e+01   1.1000000e+01   1.2000000e+01   4.2000000e+01   0.0000000e+00  -5.3872784e+01  -3.8237676e+01   5.0128238e+02   8.5779641e-01   1.5390012e+00   1.0667418e+00
   2.0130000e+03   1.2000000e+01   1.1000000e+01   1.2000000e+01   4.3000000e+01   3.4000000e+01  -5.3877184e+01  -3.8236318e+01   4.9697949e+02   6.1770812e-01   1.9607978e+00   1.7840737e+00
   2.0130000e+03   1.2000000e+01   1.1000000e+01   1.2000000e+01   4.5000000e+01   8.0000000e+00  -5.3881616e+01  -3.8234939e+01   5.0074231e+02   5.6094113e-01   1.6750394e+00   1.0802712e+00
   2.0130000e+03   1.2000000e+01   1.1000000e+01   1.2000000e+01   4.6000000e+01   4.3000000e+01  -5.3886048e+01  -3.8233618e+01   5.0004190e+02   2.4163971e+00   4.0188652e+00   3.2531900e+00
   2.0130000e+03   1.2000000e+01   1.1000000e+01   1.2000000e+01   4.8000000e+01   1.8000000e+01  -5.3890453e+01  -3.8232226e+01   4.9780761e+02   3.7743825e+00   8.9028293e+00   7.8460229e+00
   2.0130000e+03   1.2000000e+01   1.1000000e+01   1.2000000e+01   4.9000000e+01   5.3000000e+01  -5.3894882e+01  -3.8230813e+01   5.0077418e+02   4.7181748e+00   8.9864859e+00   8.5221347e+00
   2.0130000e+03   1.2000000e+01   1.1000000e+01   1.2000000e+01   5.1000000e+01   2.8000000e+01  -5.3899338e+01  -3.8229436e+01   5.0335877e+02   4.1574605e+00   7.2712090e+00   5.5776990e+00
   2.0130000e+03   1.2000000e+01   1.1000000e+01   1.2000000e+01   5.3000000e+01   2.0000000e+00  -5.3903747e+01  -3.8228124e+01   4.9742151e+02   1.7139392e+00   2.9976015e+00   2.5107645e+00
   2.0130000e+03   1.2000000e+01   1.1000000e+01   1.2000000e+01   5.4000000e+01   3.7000000e+01  -5.3908169e+01  -3.8226799e+01   4.9890641e+02   1.2914593e+00   2.3491806e+00   1.6646192e+00
   2.0130000e+03   1.2000000e+01   1.1000000e+01   1.2000000e+01   5.6000000e+01   1.1000000e+01  -5.3912618e+01  -3.8225432e+01   5.0243093e+02   1.5150892e+00   3.3498413e+00   2.6876437e+00
   2.0130000e+03   1.2000000e+01   1.1000000e+01   1.2000000e+01   5.7000000e+01   4.4000000e+01  -5.3916986e+01  -3.8223999e+01   4.9436400e+02   2.4511186e+00   4.4318733e+00   1.3969560e+00
   2.0130000e+03   1.2000000e+01   1.1000000e+01   1.2000000e+01   5.9000000e+01   2.2000000e+01  -5.3921527e+01  -3.8222418e+01   5.1503409e+02   1.2828170e+00   2.5542118e+00   0.0000000e+00
   2.0130000e+03   1.2000000e+01   1.1000000e+01   1.3000000e+01   1.0000000e+00   1.9000000e+01  -5.3925963e+01  -3.8221016e+01   5.0149009e+02   8.1197794e-01   1.6161692e+00   9.3476869e-01
