   2.0130000e+03   1.2000000e+01   1.0000000e+01   8.0000000e+00   0.0000000e+00   2.0000000e+00  -5.3995317e+01  -3.8816191e+01   4.9889405e+02   8.8787239e+00   1.3154229e+01   0.0000000e+00
   2.0130000e+03   1.2000000e+01   1.0000000e+01   8.0000000e+00   2.0000000e+00   1.6000000e+01  -5.3990827e+01  -3.8817924e+01   5.1162099e+02   7.7190877e+00   4.7044035e+00   1.5552326e-01
   2.0130000e+03   1.2000000e+01   1.0000000e+01   8.0000000e+00   4.0000000e+00   2.5000000e+01  -5.3986574e+01  -3.8819494e+01   4.8354751e+02   2.6120200e+00   4.6701584e+00   9.8148609e-01
   2.0130000e+03   1.2000000e+01   1.0000000e+01   8.0000000e+00   6.0000000e+00   1.7000000e+01  -5.3982145e+01  -3.8821152e+01   5.0392846e+02   5.1958276e+00   7.2997876e+00   1.1039954e-01
   2.0130000e+03   1.2000000e+01   1.0000000e+01   8.0000000e+00   7.0000000e+00   5.5000000e+01  -5.3977705e+01  -3.8822939e+01   5.0700428e+02   6.3960733e+00   1.1296397e+01   1.9371388e+00
   2.0130000e+03   1.2000000e+01   1.0000000e+01   8.0000000e+00   9.0000000e+00   3.4000000e+01  -5.3973290e+01  -3.8824808e+01   5.0562069e+02   4.4008178e+00   8.0064684e+00   0.0000000e+00
   2.0130000e+03   1.2000000e+01   1.0000000e+01   8.0000000e+00   1.1000000e+01   1.6000000e+01  -5.3968944e+01  -3.8826327e+01   4.9298763e+02   2.0633934e+00   3.6314412e+00   0.0000000e+00
   2.0130000e+03   1.2000000e+01   1.0000000e+01   8.0000000e+00   1.2000000e+01   5.8000000e+01  -5.3964545e+01  -3.8827818e+01   4.9844117e+02   1.2649423e+00   2.3356365e+00   2.1264915e-01
   2.0130000e+03   1.2000000e+01   1.0000000e+01   8.0000000e+00   1.4000000e+01   3.8000000e+01  -5.3960157e+01  -3.8829319e+01   4.9730208e+02   3.6419333e+00   6.6795843e+00   2.7868243e-01
   2.0130000e+03   1.2000000e+01   1.0000000e+01   8.0000000e+00   1.6000000e+01   1.5000000e+01  -5.3955751e+01  -3.8830785e+01   4.9893204e+02   5.5909250e+00   9.7782730e+00   8.1693821e-01
   2.0130000e+03   1.2000000e+01   1.0000000e+01   8.0000000e+00   1.7000000e+01   5.0000000e+01  -5.3951314e+01  -3.8832197e+01   5.0164399e+02   1.9716539e+00   3.6164663e+00   3.4584590e-01
   2.0130000e+03   1.2000000e+01   1.0000000e+01   8.0000000e+00   1.9000000e+01   2.5000000e+01  -5.3946873e+01  -3.8833680e+01   5.0285258e+02   1.2526010e+00   1.5690136e+00   1.0498555e+00
   2.0130000e+03   1.2000000e+01   1.0000000e+01   8.0000000e+00   2.1000000e+01   0.0000000e+00  -5.3942447e+01  -3.8835117e+01   5.0077002e+02   1.7427339e+00   2.7838068e+00   1.4174796e-01
   2.0130000e+03   1.2000000e+01   1.0000000e+01   8.0000000e+00   2.2000000e+01   3.6000000e+01  -5.3938076e+01  -3.8836508e+01   4.9415566e+02   6.9834291e-01   1.5568094e+00   1.5160679e+00
   2.0130000e+03   1.2000000e+01   1.0000000e+01   8.0000000e+00   2.4000000e+01   1.2000000e+01  -5.3933668e+01  -3.8837898e+01   4.9816143e+02   1.9576845e+00   3.4239010e+00   1.0070501e+00
   2.0130000e+03   1.2000000e+01   1.0000000e+01   8.0000000e+00   2.5000000e+01   4.9000000e+01  -5.3929274e+01  -3.8839294e+01   4.9674733e+02   6.0416991e+00   1.1118265e+01   9.7412608e+00
   2.0130000e+03   1.2000000e+01   1.0000000e+01   8.0000000e+00   2.7000000e+01   2.8000000e+01  -5.3924800e+01  -3.8840637e+01   5.0486325e+02   2.1055467e+00   3.6825053e+00   6.5462274e-01
   2.0130000e+03   1.2000000e+01   1.0000000e+01   8.0000000e+00   2.9000000e+01   6.0000000e+00  -5.3920423e+01  -3.8842084e+01   4.9548786e+02   3.9320736e+00   7.2574587e+00   9.9214857e-01
   2.0130000e+03   1.2000000e+01   1.0000000e+01   8.0000000e+00   3.0000000e+01   4.4000000e+01  -5.3916026e+01  -3.8843429e+01   4.9648803e+02   2.5851056e+00   4.5212319e+00   3.6347193e-01
   2.0130000e+03   1.2000000e+01   1.0000000e+01   8.0000000e+00   3.2000000e+01   2.2000000e+01  -5.3911605e+01  -3.8844764e+01   4.9892078e+02   3.5619798e+00   2.6068651e+00   9.7161022e-01
   2.0130000e+03   1.2000000e+01   1.0000000e+01   8.0000000e+00   3.3000000e+01   5.9000000e+01  -5.3907141e+01  -3.8846130e+01   5.0406813e+02   4.3238662e+00   7.7825136e+00   2.2646289e+00
   2.0130000e+03   1.2000000e+01   1.0000000e+01   8.0000000e+00   3.5000000e+01   3.6000000e+01  -5.3902713e+01  -3.8847480e+01   4.9986733e+02   1.2090552e+00   2.5283857e+00   1.1522340e+00
   2.0130000e+03   1.2000000e+01   1.0000000e+01   8.0000000e+00   3.7000000e+01   1.3000000e+01  -5.3898334e+01  -3.8848863e+01   4.9501871e+02   1.6079316e+00   2.8121990e+00   3.1802088e-01
   2.0130000e+03   1.2000000e+01   1.0000000e+01   8.0000000e+00   3.8000000e+01   5.0000000e+01  -5.3893880e+01  -3.8850268e+01   5.0332760e+02   1.8852704e+00   3.6334851e+00   2.4838364e-01
   2.0130000e+03   1.2000000e+01   1.0000000e+01   8.0000000e+00   4.0000000e+01   2.9000000e+01  -5.3889429e+01  -3.8851566e+01   5.0185399e+02   1.9128060e+00   3.5175519e+00   1.9219300e+00
   2.0130000e+03   1.2000000e+01   1.0000000e+01   8.0000000e+00   4.2000000e+01   9.0000000e+00  -5.3885011e+01  -3.8852896e+01   4.9859255e+02   2.3480743e+00   4.0359874e+00   3.4080697e-01
   2.0130000e+03   1.2000000e+01   1.0000000e+01   8.0000000e+00   4.3000000e+01   4.9000000e+01  -5.3880592e+01  -3.8854127e+01   4.9769243e+02   6.2320414e+00   1.0897312e+01   6.2408378e-01
   2.0130000e+03   1.2000000e+01   1.0000000e+01   8.0000000e+00   4.5000000e+01   2.7000000e+01  -5.3876188e+01  -3.8855424e+01   4.9671272e+02   1.6547566e+00   3.0603729e+00   1.1188447e+00
   2.0130000e+03   1.2000000e+01   1.0000000e+01   8.0000000e+00   4.7000000e+01   7.0000000e+00  -5.3871753e+01  -3.8856715e+01   4.9995333e+02   4.3935310e+00   7.9416537e+00   2.0372131e-01
   2.0130000e+03   1.2000000e+01   1.0000000e+01   8.0000000e+00   4.8000000e+01   4.7000000e+01  -5.3867333e+01  -3.8858005e+01   4.9838432e+02   9.1964987e+00   1.5868768e+01   0.0000000e+00
   2.0130000e+03   1.2000000e+01   1.0000000e+01   8.0000000e+00   5.0000000e+01   2.5000000e+01  -5.3862922e+01  -3.8859499e+01   4.9981626e+02   2.6825613e+01   4.6491471e+01   2.5023019e+00
   2.0130000e+03   1.2000000e+01   1.0000000e+01   8.0000000e+00   5.2000000e+01   3.0000992e+00  -5.3858521e+01  -3.8860960e+01   4.9830302e+02   4.8482052e+00   8.4792900e+00   7.8981585e+00
   2.0130000e+03   1.2000000e+01   1.0000000e+01   8.0000000e+00   5.3000000e+01   4.1000000e+01  -5.3854092e+01  -3.8862411e+01   5.0131680e+02   3.3234737e-01   7.4739354e-01   0.0000000e+00
   2.0130000e+03   1.2000000e+01   1.0000000e+01   8.0000000e+00   5.5000000e+01   1.9000000e+01  -5.3849645e+01  -3.8863876e+01   5.0341573e+02   8.0265146e-01   1.4274397e+00   0.0000000e+00
   2.0130000e+03   1.2000000e+01   1.0000000e+01   8.0000000e+00   5.6000000e+01   5.9000099e+01  -5.3845249e+01  -3.8865362e+01   4.9805869e+02   8.0206680e+01   1.4012594e+02   1.2611315e+02
   2.0130000e+03   1.2000000e+01   1.0000000e+01   8.0000000e+00   5.8000000e+01   4.0000000e+01  -5.3840858e+01  -3.8866687e+01   4.9555669e+02   4.3784762e-01   6.3435851e-01   0.0000000e+00
   2.0130000e+03   1.2000000e+01   1.0000000e+01   9.0000000e+00   0.0000000e+00   2.2000000e+01  -5.3836487e+01  -3.8868123e+01   4.9477638e+02   2.2230861e+00   2.3419285e+00   0.0000000e+00
   2.0130000e+03   1.2000000e+01   1.0000000e+01   9.0000000e+00   2.0000000e+00   3.0000000e+00  -5.3832052e+01  -3.8869369e+01   4.9958553e+02   1.7459615e+00   2.9273856e+00   0.0000000e+00
   2.0130000e+03   1.2000000e+01   1.0000000e+01   9.0000000e+00   3.0000000e+00   4.3000000e+01  -5.3827669e+01  -3.8870838e+01   4.9647725e+02   9.6281441e-01   1.3451925e+00   0.0000000e+00
   2.0130000e+03   1.2000000e+01   1.0000000e+01   9.0000000e+00   5.0000000e+00   3.2000000e+01  -5.3823121e+01  -3.8872615e+01   5.1856075e+02   8.8823109e-01   1.5534757e+00   0.0000000e+00
   2.0130000e+03   1.2000000e+01   1.0000000e+01   9.0000000e+00   7.0000000e+00   4.4000000e+01  -5.3818886e+01  -3.8874259e+01   4.8279401e+02   1.2021353e+00   1.2197835e+00   0.0000000e+00
   2.0130000e+03   1.2000000e+01   1.0000000e+01   9.0000000e+00   1.0000000e+01   5.9999008e+00  -5.3814550e+01  -3.8875594e+01   4.8976422e+02   5.5654006e-01   1.8682840e-01   0.0000000e+00
   2.0130000e+03   1.2000000e+01   1.0000000e+01   9.0000000e+00   1.2000000e+01   1.2000000e+01  -5.3810157e+01  -3.8876755e+01   4.9403439e+02   1.9563613e-01   2.3339580e-01   0.0000000e+00
   2.0130000e+03   1.2000000e+01   1.0000000e+01   9.0000000e+00   1.4000000e+01   4.0000000e+00  -5.3805674e+01  -3.8878062e+01   5.0549335e+02   1.4124637e+00   2.5755395e+00   0.0000000e+00
   2.0130000e+03   1.2000000e+01   1.0000000e+01   9.0000000e+00   1.5000000e+01   4.7999901e+01  -5.3801253e+01  -3.8879490e+01   5.0013610e+02   4.5640755e+01   7.8555081e+01   5.4931454e+01
   2.0130000e+03   1.2000000e+01   1.0000000e+01   9.0000000e+00   1.7000000e+01   2.6000000e+01  -5.3796782e+01  -3.8880883e+01   5.0509814e+02   4.6200393e+01   8.0802383e+01   7.9723460e+01
   2.0130000e+03   1.2000000e+01   1.0000000e+01   9.0000000e+00   1.9000000e+01   1.9999008e+00  -5.3792433e+01  -3.8882222e+01   4.9127260e+02   2.7970818e-01   5.8790142e-01   0.0000000e+00
   2.0130000e+03   1.2000000e+01   1.0000000e+01   9.0000000e+00   2.0000000e+01   4.0000000e+01  -5.3787995e+01  -3.8883597e+01   5.0130615e+02   1.3029023e+00   2.1783395e+00   0.0000000e+00
   2.0130000e+03   1.2000000e+01   1.0000000e+01   9.0000000e+00   2.2000000e+01   1.9000000e+01  -5.3783570e+01  -3.8884982e+01   5.0005428e+02   1.5470132e-01   2.7579686e-01   0.0000000e+00
   2.0130000e+03   1.2000000e+01   1.0000000e+01   9.0000000e+00   2.3000000e+01   5.5000000e+01  -5.3779134e+01  -3.8886400e+01   5.0166533e+02   4.7475053e-01   7.2251421e-01   0.0000000e+00
   2.0130000e+03   1.2000000e+01   1.0000000e+01   9.0000000e+00   2.5000000e+01   3.0000099e+01  -5.3774758e+01  -3.8887725e+01   4.9395664e+02   1.0899501e+00   1.8440019e+00   0.0000000e+00
   2.0130000e+03   1.2000000e+01   1.0000000e+01   9.0000000e+00   2.7000000e+01   4.0000000e+00  -5.3770361e+01  -3.8889213e+01   4.9826056e+02   1.6705018e-01   2.2894631e-01   0.0000000e+00
   2.0130000e+03   1.2000000e+01   1.0000000e+01   9.0000000e+00   2.8000000e+01   3.8000000e+01  -5.3765934e+01  -3.8890586e+01   5.0016854e+02   3.2356800e+02   5.6582107e+02   5.6524146e+02
   2.0130000e+03   1.2000000e+01   1.0000000e+01   9.0000000e+00   3.0000000e+01   1.4000000e+01  -5.3761538e+01  -3.8892059e+01   4.9794820e+02   1.8193643e+00   2.7474318e+00   0.0000000e+00
   2.0130000e+03   1.2000000e+01   1.0000000e+01   9.0000000e+00   3.1000000e+01   5.1000000e+01  -5.3757130e+01  -3.8893464e+01   4.9841337e+02   3.7312475e-01   6.8396448e-01   0.0000000e+00
   2.0130000e+03   1.2000000e+01   1.0000000e+01   9.0000000e+00   3.3000000e+01   2.8000000e+01  -5.3752676e+01  -3.8894839e+01   5.0311017e+02   3.7262137e-01   5.9325686e-01   0.0000000e+00
   2.0130000e+03   1.2000000e+01   1.0000000e+01   9.0000000e+00   3.5000000e+01   9.0000000e+00  -5.3748252e+01  -3.8896203e+01   4.9971378e+02   5.3263377e-01   9.5304849e-01   0.0000000e+00
   2.0130000e+03   1.2000000e+01   1.0000000e+01   9.0000000e+00   3.6000000e+01   5.0000000e+01  -5.3743870e+01  -3.8897566e+01   4.9509513e+02   4.4392520e-02   7.7640495e-02   0.0000000e+00
   2.0130000e+03   1.2000000e+01   1.0000000e+01   9.0000000e+00   3.8000000e+01   2.9000000e+01  -5.3739489e+01  -3.8898822e+01   4.9378162e+02   1.2515517e-01   4.2630253e-01   0.0000000e+00
   2.0130000e+03   1.2000000e+01   1.0000000e+01   9.0000000e+00   4.0000000e+01   6.0000000e+00  -5.3735104e+01  -3.8900221e+01   4.9585762e+02   4.6166317e-02   8.0742785e-02   0.0000000e+00
   2.0130000e+03   1.2000000e+01   1.0000000e+01   9.0000000e+00   4.1000000e+01   4.2000000e+01  -5.3730651e+01  -3.8901507e+01   5.0197226e+02   8.2033065e-02   1.4347209e-01   0.0000000e+00
   2.0130000e+03   1.2000000e+01   1.0000000e+01   9.0000000e+00   4.3000000e+01   1.9000000e+01  -5.3726201e+01  -3.8902802e+01   5.0174369e+02   1.8525768e-01   3.2400724e-01   0.0000000e+00
   2.0130000e+03   1.2000000e+01   1.0000000e+01   9.0000000e+00   4.4000000e+01   5.5999901e+01  -5.3721777e+01  -3.8904078e+01   4.9872088e+02   6.2992705e-01   8.8935913e-01   0.0000000e+00
   2.0130000e+03   1.2000000e+01   1.0000000e+01   9.0000000e+00   4.6000000e+01   3.3000000e+01  -5.3717342e+01  -3.8905343e+01   4.9973101e+02   1.1945579e+00   2.1015145e+00   0.0000000e+00
   2.0130000e+03   1.2000000e+01   1.0000000e+01   9.0000000e+00   4.8000000e+01   7.0000000e+00  -5.3712926e+01  -3.8906552e+01   4.9719977e+02   1.5059586e-01   4.1804108e-01   0.0000000e+00
   2.0130000e+03   1.2000000e+01   1.0000000e+01   9.0000000e+00   4.9000000e+01   4.0000000e+01  -5.3708512e+01  -3.8907755e+01   4.9673942e+02   3.2448395e+00   5.9538377e+00   2.1025082e+00
   2.0130000e+03   1.2000000e+01   1.0000000e+01   9.0000000e+00   5.1000000e+01   1.4000099e+01  -5.3704069e+01  -3.8908989e+01   5.0039407e+02   3.3933863e+00   6.1333028e+00   0.0000000e+00
   2.0130000e+03   1.2000000e+01   1.0000000e+01   9.0000000e+00   5.2000000e+01   4.9000000e+01  -5.3699632e+01  -3.8910231e+01   4.9967643e+02   8.7952761e-01   1.7492010e+00   0.0000000e+00
   2.0130000e+03   1.2000000e+01   1.0000000e+01   9.0000000e+00   5.4000000e+01   2.4000000e+01  -5.3695176e+01  -3.8911475e+01   5.0190914e+02   4.7727008e+02   6.5842150e+02   6.4110711e+02
   2.0130000e+03   1.2000000e+01   1.0000000e+01   9.0000000e+00   5.5000000e+01   5.8000000e+01  -5.3690698e+01  -3.8912649e+01   5.0358664e+02   1.4552297e+01   9.3126291e+00   1.0644499e+00
   2.0130000e+03   1.2000000e+01   1.0000000e+01   9.0000000e+00   5.7000000e+01   3.3999901e+01  -5.3686276e+01  -3.8913751e+01   4.9672227e+02   5.2002519e+00   9.2279174e+00   0.0000000e+00
   2.0130000e+03   1.2000000e+01   1.0000000e+01   9.0000000e+00   5.9000000e+01   1.4000099e+01  -5.3681836e+01  -3.8915132e+01   5.0162538e+02   1.8880923e+00   3.3678268e+00   0.0000000e+00
   2.0130000e+03   1.2000000e+01   1.0000000e+01   1.0000000e+01   0.0000000e+00   5.3000000e+01  -5.3677522e+01  -3.8916787e+01   4.9160025e+02   3.7659068e+01   6.6249024e+01   6.2940485e+01
   2.0130000e+03   1.2000000e+01   1.0000000e+01   1.0000000e+01   2.0000000e+00   2.9000099e+01  -5.3673145e+01  -3.8918373e+01   4.9740717e+02   6.2873858e+00   4.3818772e+00   0.0000000e+00
   2.0130000e+03   1.2000000e+01   1.0000000e+01   1.0000000e+01   4.0000000e+00   4.0000000e+00  -5.3668760e+01  -3.8919999e+01   4.9893935e+02   6.2762734e+00   4.7153719e+00   0.0000000e+00
   2.0130000e+03   1.2000000e+01   1.0000000e+01   1.0000000e+01   5.0000000e+00   3.9000000e+01  -5.3664373e+01  -3.8921664e+01   4.9959744e+02   8.8903846e+00   8.6242869e+00   1.0317551e+00
   2.0130000e+03   1.2000000e+01   1.0000000e+01   1.0000000e+01   7.0000000e+00   1.4000000e+01  -5.3659941e+01  -3.8922991e+01   5.0016199e+02   7.0000738e+00   9.4165818e+00   2.4183970e-01
   2.0130000e+03   1.2000000e+01   1.0000000e+01   1.0000000e+01   8.0000000e+00   4.8999901e+01  -5.3655544e+01  -3.8924448e+01   4.9798972e+02   6.6376800e+00   3.7295407e+00   0.0000000e+00
   2.0130000e+03   1.2000000e+01   1.0000000e+01   1.0000000e+01   1.0000000e+01   2.4000000e+01  -5.3651090e+01  -3.8925779e+01   5.0263748e+02   3.6236316e+00   6.4074137e+00   1.5129139e-01
   2.0130000e+03   1.2000000e+01   1.0000000e+01   1.0000000e+01   1.2000000e+01   2.0000992e+00  -5.3646659e+01  -3.8927115e+01   5.0017244e+02   3.8315807e+00   4.6483747e+00   0.0000000e+00
   2.0130000e+03   1.2000000e+01   1.0000000e+01   1.0000000e+01   1.3000000e+01   4.4999901e+01  -5.3642195e+01  -3.8928476e+01   5.0410419e+02   3.6043347e+00   6.3038172e+00   8.2914838e-01
   2.0130000e+03   1.2000000e+01   1.0000000e+01   1.0000000e+01   1.5000000e+01   4.4000099e+01  -5.3637801e+01  -3.8930099e+01   4.9983736e+02   2.1627111e+00   2.5193968e+00   0.0000000e+00
   2.0130000e+03   1.2000000e+01   1.0000000e+01   1.0000000e+01   1.7000000e+01   5.5000000e+01  -5.3633518e+01  -3.8931159e+01   4.8101853e+02   1.6904977e+00   2.3382539e+00   0.0000000e+00
   2.0130000e+03   1.2000000e+01   1.0000000e+01   1.0000000e+01   1.9000000e+01   5.7000000e+01  -5.3629111e+01  -3.8932723e+01   5.0033839e+02   2.2618455e+00   4.1974249e+00   2.2633917e+00
   2.0130000e+03   1.2000000e+01   1.0000000e+01   1.0000000e+01   2.1000000e+01   4.5000099e+01  -5.3624666e+01  -3.8934232e+01   5.0385959e+02   5.2773047e+00   7.7311456e+00   4.7093766e+00
   2.0130000e+03   1.2000000e+01   1.0000000e+01   1.0000000e+01   2.3000000e+01   2.8000000e+01  -5.3620270e+01  -3.8935638e+01   4.9724382e+02   2.5660144e+00   4.5213780e+00   0.0000000e+00
   2.0130000e+03   1.2000000e+01   1.0000000e+01   1.0000000e+01   2.5000000e+01   1.1000000e+01  -5.3615931e+01  -3.8936964e+01   4.8998602e+02   9.6584384e-01   1.7751284e+00   0.0000000e+00
   2.0130000e+03   1.2000000e+01   1.0000000e+01   1.0000000e+01   2.6000000e+01   5.2000000e+01  -5.3611495e+01  -3.8938489e+01   5.0305182e+02   1.1677738e+00   2.1145091e+00   0.0000000e+00
   2.0130000e+03   1.2000000e+01   1.0000000e+01   1.0000000e+01   2.8000000e+01   3.0000000e+01  -5.3607026e+01  -3.8939924e+01   5.0557924e+02   1.3935875e+00   2.3211386e+00   0.0000000e+00
   2.0130000e+03   1.2000000e+01   1.0000000e+01   1.0000000e+01   3.0000000e+01   6.0000000e+00  -5.3602610e+01  -3.8941228e+01   4.9810134e+02   7.7662644e-01   1.3115434e+00   0.0000000e+00
   2.0130000e+03   1.2000000e+01   1.0000000e+01   1.0000000e+01   3.1000000e+01   4.2000000e+01  -5.3598202e+01  -3.8942598e+01   4.9808997e+02   8.6868478e-01   1.6165906e+00   0.0000000e+00
   2.0130000e+03   1.2000000e+01   1.0000000e+01   1.0000000e+01   3.3000000e+01   1.8000099e+01  -5.3593757e+01  -3.8943935e+01   5.0174476e+02   2.5207641e-01   4.0619311e-01   5.1361660e-02
   2.0130000e+03   1.2000000e+01   1.0000000e+01   1.0000000e+01   3.4000000e+01   5.4000000e+01  -5.3589372e+01  -3.8945310e+01   4.9565794e+02   4.0318065e-01   7.0514457e-01   0.0000000e+00
   2.0130000e+03   1.2000000e+01   1.0000000e+01   1.0000000e+01   3.6000000e+01   3.1000000e+01  -5.3584890e+01  -3.8946547e+01   5.0467781e+02   9.0143273e-02   2.8355274e-01   0.0000000e+00
   2.0130000e+03   1.2000000e+01   1.0000000e+01   1.0000000e+01   3.8000000e+01   8.0000000e+00  -5.3580464e+01  -3.8947740e+01   4.9809912e+02   7.2538501e-02   1.2686653e-01   0.0000000e+00
   2.0130000e+03   1.2000000e+01   1.0000000e+01   1.0000000e+01   3.9000000e+01   4.6000000e+01  -5.3576127e+01  -3.8949267e+01   4.9231543e+02   8.3725914e-02   1.8687769e-01   0.0000000e+00
   2.0130000e+03   1.2000000e+01   1.0000000e+01   1.0000000e+01   4.1000000e+01   2.3000000e+01  -5.3571752e+01  -3.8950999e+01   4.9942807e+02   1.5802446e-01   2.7637758e-01   0.0000000e+00
   2.0130000e+03   1.2000000e+01   1.0000000e+01   1.0000000e+01   4.2000000e+01   5.9000000e+01  -5.3567358e+01  -3.8952221e+01   4.9479557e+02   1.7474002e-01   2.8314244e-01   0.0000000e+00
   2.0130000e+03   1.2000000e+01   1.0000000e+01   1.0000000e+01   4.4000000e+01   3.5000000e+01  -5.3562901e+01  -3.8953326e+01   5.0066734e+02   1.2027197e+00   1.7586783e+00   0.0000000e+00
   2.0130000e+03   1.2000000e+01   1.0000000e+01   1.0000000e+01   4.6000000e+01   1.1000000e+01  -5.3558429e+01  -3.8954526e+01   5.0319750e+02   3.6994636e+00   6.6695567e+00   0.0000000e+00
   2.0130000e+03   1.2000000e+01   1.0000000e+01   1.0000000e+01   4.7000000e+01   4.6000000e+01  -5.3554039e+01  -3.8955858e+01   4.9571217e+02   9.7739887e-01   1.6424318e+00   0.0000000e+00
   2.0130000e+03   1.2000000e+01   1.0000000e+01   1.0000000e+01   4.9000000e+01   2.0000099e+01  -5.3549626e+01  -3.8957208e+01   4.9833696e+02   2.2306201e-01   3.9434363e-01   0.0000000e+00
   2.0130000e+03   1.2000000e+01   1.0000000e+01   1.0000000e+01   5.0000000e+01   5.7000000e+01  -5.3545171e+01  -3.8958559e+01   5.0301843e+02   2.3792471e-01   4.3688957e-01   0.0000000e+00
   2.0130000e+03   1.2000000e+01   1.0000000e+01   1.0000000e+01   5.2000000e+01   3.6000000e+01  -5.3540798e+01  -3.8959843e+01   4.9329977e+02   1.1755208e+00   2.0559323e+00   0.0000000e+00
   2.0130000e+03   1.2000000e+01   1.0000000e+01   1.0000000e+01   5.4000000e+01   1.4000000e+01  -5.3536426e+01  -3.8961266e+01   4.9482815e+02   5.3422793e+00   9.4318705e+00   0.0000000e+00
   2.0130000e+03   1.2000000e+01   1.0000000e+01   1.0000000e+01   5.5000000e+01   5.0000000e+01  -5.3531953e+01  -3.8962558e+01   5.0431435e+02   5.7597706e-01   9.6844691e-01   0.0000000e+00
   2.0130000e+03   1.2000000e+01   1.0000000e+01   1.0000000e+01   5.7000000e+01   2.5000000e+01  -5.3527555e+01  -3.8963956e+01   4.9737615e+02   1.6271766e+00   2.9417972e+00   0.0000000e+00
   2.0130000e+03   1.2000000e+01   1.0000000e+01   1.0000000e+01   5.8000000e+01   5.9000000e+01  -5.3523136e+01  -3.8965324e+01   4.9927803e+02   1.6611047e+00   3.0378176e+00   0.0000000e+00
   2.0130000e+03   1.2000000e+01   1.0000000e+01   1.1000000e+01   0.0000000e+00   3.2000000e+01  -5.3518732e+01  -3.8966612e+01   4.9668517e+02   8.9277256e-02   1.7394102e-01   0.0000000e+00
   2.0130000e+03   1.2000000e+01   1.0000000e+01   1.1000000e+01   2.0000000e+00   7.0000000e+00  -5.3514272e+01  -3.8967931e+01   5.0323321e+02   3.3476032e-01   7.4661053e-01   0.0000000e+00
   2.0130000e+03   1.2000000e+01   1.0000000e+01   1.1000000e+01   3.0000000e+00   4.4000000e+01  -5.3509816e+01  -3.8969220e+01   5.0232354e+02   2.5434346e-01   4.3460727e-01   3.6400155e-01
   2.0130000e+03   1.2000000e+01   1.0000000e+01   1.1000000e+01   5.0000000e+00   2.1000099e+01  -5.3505440e+01  -3.8970465e+01   4.9321603e+02   3.3692923e-01   5.0396888e-01   0.0000000e+00
   2.0130000e+03   1.2000000e+01   1.0000000e+01   1.1000000e+01   6.0000000e+00   5.7000000e+01  -5.3501004e+01  -3.8971786e+01   5.0060223e+02   8.7470651e-01   1.7538440e+00   0.0000000e+00
   2.0130000e+03   1.2000000e+01   1.0000000e+01   1.1000000e+01   8.0000000e+00   3.2000000e+01  -5.3496564e+01  -3.8973083e+01   5.0074298e+02   1.0394936e-01   1.8180269e-01   7.2062025e-02
   2.0130000e+03   1.2000000e+01   1.0000000e+01   1.1000000e+01   1.0000000e+01   8.0000992e+00  -5.3492186e+01  -3.8974560e+01   4.9626219e+02   1.5546816e+00   3.6732257e+00   0.0000000e+00
   2.0130000e+03   1.2000000e+01   1.0000000e+01   1.1000000e+01   1.1000000e+01   4.5000000e+01  -5.3487816e+01  -3.8975958e+01   4.9424756e+02   2.8214482e+00   6.6155403e+00   0.0000000e+00
   2.0130000e+03   1.2000000e+01   1.0000000e+01   1.1000000e+01   1.3000000e+01   2.1000000e+01  -5.3483365e+01  -3.8977370e+01   5.0338821e+02   1.1325142e+00   2.0029851e+00   0.0000000e+00
   2.0130000e+03   1.2000000e+01   1.0000000e+01   1.1000000e+01   1.4000000e+01   5.9000000e+01  -5.3478934e+01  -3.8978751e+01   5.0068981e+02   1.7288768e-01   6.2623323e-01   0.0000000e+00
   2.0130000e+03   1.2000000e+01   1.0000000e+01   1.1000000e+01   1.6000000e+01   4.2000000e+01  -5.3474382e+01  -3.8980290e+01   5.1597620e+02   3.3048956e+00   6.6960065e-01   2.5971311e-01
   2.0130000e+03   1.2000000e+01   1.0000000e+01   1.1000000e+01   1.8000000e+01   4.8000000e+01  -5.3470130e+01  -3.8981944e+01   4.8504097e+02   3.6161114e-01   4.7122817e-01   0.0000000e+00
   2.0130000e+03   1.2000000e+01   1.0000000e+01   1.1000000e+01   2.1000000e+01   8.0000000e+00  -5.3465898e+01  -3.8983465e+01   4.8083286e+02   3.7221044e-01   6.8197013e-01   0.0000000e+00
   2.0130000e+03   1.2000000e+01   1.0000000e+01   1.1000000e+01   2.3000000e+01   1.8000000e+01  -5.3461422e+01  -3.8984666e+01   5.0375662e+02   3.9786561e-01   7.7315628e-01   0.0000000e+00
   2.0130000e+03   1.2000000e+01   1.0000000e+01   1.1000000e+01   2.5000000e+01   2.1000000e+01  -5.3456926e+01  -3.8985864e+01   5.0575225e+02   8.5348660e-01   1.5080589e+00   1.2475676e-01
   2.0130000e+03   1.2000000e+01   1.0000000e+01   1.1000000e+01   2.7000000e+01   2.4000099e+01  -5.3452515e+01  -3.8986941e+01   4.9537723e+02   3.7158744e-01   7.1674337e-01   0.0000000e+00
   2.0130000e+03   1.2000000e+01   1.0000000e+01   1.1000000e+01   2.9000000e+01   2.6000000e+01  -5.3448196e+01  -3.8987969e+01   4.8471840e+02   7.3678158e-01   1.2885974e+00   0.0000000e+00
   2.0130000e+03   1.2000000e+01   1.0000000e+01   1.1000000e+01   3.1000000e+01   1.9000000e+01  -5.3443722e+01  -3.8989307e+01   5.0496041e+02   1.0566474e+00   1.4223848e+00   0.0000000e+00
   2.0130000e+03   1.2000000e+01   1.0000000e+01   1.1000000e+01   3.3000000e+01   3.0000000e+00  -5.3439274e+01  -3.8990780e+01   5.0381450e+02   7.0219813e-01   5.7065893e-01   3.4913485e-01
   2.0130000e+03   1.2000000e+01   1.0000000e+01   1.1000000e+01   3.4000000e+01   4.3000000e+01  -5.3434891e+01  -3.8992115e+01   4.9496801e+02   3.6383917e-01   6.3633813e-01   0.0000000e+00
   2.0130000e+03   1.2000000e+01   1.0000000e+01   1.1000000e+01   3.6000000e+01   2.0000099e+01  -5.3430414e+01  -3.8993588e+01   5.0691295e+02   1.1300478e+00   1.9764021e+00   3.6958754e-02
   2.0130000e+03   1.2000000e+01   1.0000000e+01   1.1000000e+01   3.7000000e+01   5.4000000e+01  -5.3426067e+01  -3.8995034e+01   4.9249389e+02   6.8404649e-01   8.9195163e-01   0.0000000e+00
   2.0130000e+03   1.2000000e+01   1.0000000e+01   1.1000000e+01   3.9000000e+01   2.9000000e+01  -5.3421698e+01  -3.8996491e+01   4.9494035e+02   6.0454325e-01   1.4031347e+00   0.0000000e+00
   2.0130000e+03   1.2000000e+01   1.0000000e+01   1.1000000e+01   4.1000000e+01   6.0000000e+00  -5.3417218e+01  -3.8998007e+01   5.0785736e+02   2.6915269e+00   4.5519963e+00   0.0000000e+00
   2.0130000e+03   1.2000000e+01   1.0000000e+01   1.1000000e+01   4.2000000e+01   4.1000000e+01  -5.3412796e+01  -3.8999352e+01   4.9939408e+02   2.1928536e+00   3.8352010e+00   1.4941216e-01
   2.0130000e+03   1.2000000e+01   1.0000000e+01   1.1000000e+01   4.4000000e+01   1.5000000e+01  -5.3408387e+01  -3.9000547e+01   4.9630007e+02   2.6724676e+00   4.6740241e+00   5.0352492e-01
   2.0130000e+03   1.2000000e+01   1.0000000e+01   1.1000000e+01   4.5000000e+01   4.9000000e+01  -5.3404016e+01  -3.9002019e+01   4.9535349e+02   8.5425880e+00   1.0267376e+01   5.5902527e-02
   2.0130000e+03   1.2000000e+01   1.0000000e+01   1.1000000e+01   4.7000000e+01   2.3000000e+01  -5.3399588e+01  -3.9003350e+01   4.9983872e+02   1.8934685e+00   3.0609914e+00   0.0000000e+00
   2.0130000e+03   1.2000000e+01   1.0000000e+01   1.1000000e+01   4.8000000e+01   5.6000000e+01  -5.3395095e+01  -3.9004651e+01   5.0671003e+02   1.5647741e+02   2.7298623e+02   2.1406900e+02
   2.0130000e+03   1.2000000e+01   1.0000000e+01   1.1000000e+01   5.0000000e+01   2.8000000e+01  -5.3390690e+01  -3.9006035e+01   4.9802474e+02   2.4207706e+02   4.2341310e+02   3.7072389e+02
   2.0130000e+03   1.2000000e+01   1.0000000e+01   1.1000000e+01   5.2000000e+01   2.0000000e+00  -5.3386312e+01  -3.9007292e+01   4.9351822e+02   6.5609403e-01   1.7929585e+00   0.0000000e+00
   2.0130000e+03   1.2000000e+01   1.0000000e+01   1.1000000e+01   5.3000000e+01   3.9000000e+01  -5.3381892e+01  -3.9008824e+01   5.0153926e+02   5.8070415e-01   9.6714660e-01   0.0000000e+00
   2.0130000e+03   1.2000000e+01   1.0000000e+01   1.1000000e+01   5.5000000e+01   1.7000099e+01  -5.3377506e+01  -3.9010307e+01   4.9714806e+02   7.8826688e-01   1.2665655e+00   0.0000000e+00
   2.0130000e+03   1.2000000e+01   1.0000000e+01   1.1000000e+01   5.6000000e+01   5.6000000e+01  -5.3373111e+01  -3.9011728e+01   4.9742349e+02   1.2872288e+00   2.2513044e+00   0.0000000e+00
   2.0130000e+03   1.2000000e+01   1.0000000e+01   1.1000000e+01   5.8000000e+01   3.4000000e+01  -5.3368772e+01  -3.9013191e+01   4.9181417e+02   7.0999062e+00   1.2268090e+01   0.0000000e+00
   2.0130000e+03   1.2000000e+01   1.0000000e+01   1.2000000e+01   0.0000000e+00   1.3000099e+01  -5.3364286e+01  -3.9014549e+01   5.0649467e+02   1.8992101e-01   3.3216318e-01   0.0000000e+00
   2.0130000e+03   1.2000000e+01   1.0000000e+01   1.2000000e+01   1.0000000e+00   5.1000000e+01  -5.3359888e+01  -3.9015888e+01   4.9669343e+02   6.8263206e-01   1.3106675e+00   0.0000000e+00
   2.0130000e+03   1.2000000e+01   1.0000000e+01   1.2000000e+01   3.0000000e+00   2.7000099e+01  -5.3355448e+01  -3.9017255e+01   5.0169908e+02   2.8134878e-01   4.9206620e-01   0.0000000e+00
   2.0130000e+03   1.2000000e+01   1.0000000e+01   1.2000000e+01   5.0000000e+00   3.0000000e+00  -5.3351046e+01  -3.9018606e+01   4.9724241e+02   4.5249841e-01   3.7337575e-01   0.0000000e+00
   2.0130000e+03   1.2000000e+01   1.0000000e+01   1.2000000e+01   6.0000000e+00   4.1000099e+01  -5.3346651e+01  -3.9019977e+01   4.9680474e+02   6.4398389e-01   1.0177277e+00   7.2795141e-02
   2.0130000e+03   1.2000000e+01   1.0000000e+01   1.2000000e+01   8.0000000e+00   1.9000000e+01  -5.3342187e+01  -3.9021286e+01   5.0353090e+02   3.6939000e-02   9.6531667e-02   0.0000000e+00
   2.0130000e+03   1.2000000e+01   1.0000000e+01   1.2000000e+01   9.0000000e+00   5.8000000e+01  -5.3337753e+01  -3.9022502e+01   4.9933870e+02   5.6453804e-01   9.8735131e-01   0.0000000e+00
   2.0130000e+03   1.2000000e+01   1.0000000e+01   1.2000000e+01   1.1000000e+01   3.7000099e+01  -5.3333383e+01  -3.9023778e+01   4.9289197e+02   5.0869138e-01   3.3143668e-01   0.0000000e+00
   2.0130000e+03   1.2000000e+01   1.0000000e+01   1.2000000e+01   1.3000000e+01   1.5000000e+01  -5.3328934e+01  -3.9025001e+01   5.0096630e+02   3.5552323e+00   6.2595164e+00   0.0000000e+00
   2.0130000e+03   1.2000000e+01   1.0000000e+01   1.2000000e+01   1.4000000e+01   5.2000099e+01  -5.3324496e+01  -3.9026301e+01   5.0063998e+02   2.1703316e+00   1.9956735e+00   0.0000000e+00
   2.0130000e+03   1.2000000e+01   1.0000000e+01   1.2000000e+01   1.6000000e+01   2.8000000e+01  -5.3320049e+01  -3.9027432e+01   4.9983097e+02   2.2028794e+00   2.7426547e+00   3.7720514e-01
   2.0130000e+03   1.2000000e+01   1.0000000e+01   1.2000000e+01   1.8000000e+01   5.0000000e+00  -5.3315628e+01  -3.9028746e+01   4.9898730e+02   7.8298193e-01   1.3693997e+00   5.1643214e-01
   2.0130000e+03   1.2000000e+01   1.0000000e+01   1.2000000e+01   1.9000000e+01   4.3000000e+01  -5.3311280e+01  -3.9030164e+01   4.9217418e+02   7.4777049e-01   1.3078165e+00   0.0000000e+00
   2.0130000e+03   1.2000000e+01   1.0000000e+01   1.2000000e+01   2.1000000e+01   2.0999901e+01  -5.3306841e+01  -3.9031565e+01   5.0197884e+02   3.5559354e-01   6.2191689e-01   0.0000000e+00
   2.0130000e+03   1.2000000e+01   1.0000000e+01   1.2000000e+01   2.2000000e+01   5.9000000e+01  -5.3302529e+01  -3.9033194e+01   4.9121872e+02   1.8413043e+00   3.6319699e+00   2.4402552e+00
   2.0130000e+03   1.2000000e+01   1.0000000e+01   1.2000000e+01   2.4000000e+01   3.4000000e+01  -5.3298093e+01  -3.9034596e+01   5.0167071e+02   7.0519817e-01   1.3564516e+00   9.4450269e-01
   2.0130000e+03   1.2000000e+01   1.0000000e+01   1.2000000e+01   2.6000000e+01   1.3000000e+01  -5.3293494e+01  -3.9036275e+01   5.2306128e+02   1.1034355e+00   1.9298584e+00   2.6768210e-01
   2.0130000e+03   1.2000000e+01   1.0000000e+01   1.2000000e+01   2.8000000e+01   1.1000000e+01  -5.3289196e+01  -3.9037688e+01   4.8674420e+02   2.3191506e+00   6.0051083e+00   2.2823439e+00
