   2.0140000e+03   1.2000000e+01   9.0000000e+00   9.0000000e+00   4.4000000e+01   8.0000000e+00  -5.3988101e+01  -3.8820887e+01   5.1313988e+02   5.7087715e-01   8.8268632e+00   1.9527984e+00
   2.0140000e+03   1.2000000e+01   9.0000000e+00   9.0000000e+00   4.5000000e+01   5.4000000e+01  -5.3983472e+01  -3.8822477e+01   5.2469080e+02   4.8447141e+00   1.7548991e+01   1.0180403e+01
   2.0140000e+03   1.2000000e+01   9.0000000e+00   9.0000000e+00   4.7000000e+01   3.5000000e+01  -5.3979031e+01  -3.8823598e+01   4.9891112e+02   5.8638008e-01   3.1236777e+00   1.1519329e+00
   2.0140000e+03   1.2000000e+01   9.0000000e+00   9.0000000e+00   4.9000000e+01   1.8000000e+01  -5.3974726e+01  -3.8824951e+01   4.8650628e+02   4.2852463e+00   9.2306169e+00   1.7118995e+00
   2.0140000e+03   1.2000000e+01   9.0000000e+00   9.0000000e+00   5.0000000e+01   5.5000000e+01  -5.3970333e+01  -3.8826651e+01   5.0058471e+02   6.4089105e+00   1.3204818e+01   1.2704356e+01
   2.0140000e+03   1.2000000e+01   9.0000000e+00   9.0000000e+00   5.2000000e+01   3.0000000e+01  -5.3965929e+01  -3.8828073e+01   4.9819098e+02   1.0756837e+00   2.2143931e+00   9.2106335e-01
   2.0140000e+03   1.2000000e+01   9.0000000e+00   9.0000000e+00   5.4000000e+01   5.0000000e+00  -5.3961470e+01  -3.8829468e+01   5.0376671e+02   1.9864894e+00   4.4332446e+00   3.5558794e+00
   2.0140000e+03   1.2000000e+01   9.0000000e+00   9.0000000e+00   5.5000000e+01   4.2000000e+01  -5.3957016e+01  -3.8830811e+01   5.0269253e+02   7.3262378e+00   1.5095955e+01   4.9255725e+00
   2.0140000e+03   1.2000000e+01   9.0000000e+00   9.0000000e+00   5.7000000e+01   2.2000099e+01  -5.3952684e+01  -3.8831953e+01   4.8706793e+02   3.9818833e+00   8.5551519e+00   4.3351441e+00
   2.0140000e+03   1.2000000e+01   9.0000000e+00   9.0000000e+00   5.9000000e+01   1.0000000e+00  -5.3948279e+01  -3.8833452e+01   4.9920678e+02   3.9155979e+00   8.2039456e+00   4.3475007e+00
   2.0140000e+03   1.2000000e+01   9.0000000e+00   1.0000000e+01   0.0000000e+00   4.0000000e+01  -5.3943883e+01  -3.8834786e+01   4.9618619e+02   5.9900477e+00   1.2379575e+01   1.0354612e+01
   2.0140000e+03   1.2000000e+01   9.0000000e+00   1.0000000e+01   2.0000000e+00   2.4000000e+01  -5.3939435e+01  -3.8835961e+01   5.0027561e+02   5.8812227e+00   1.3900969e+01   1.2507611e+01
   2.0140000e+03   1.2000000e+01   9.0000000e+00   1.0000000e+01   4.0000000e+00   4.0000000e+00  -5.3935041e+01  -3.8837569e+01   4.9941238e+02   6.9464542e+00   1.4382017e+01   1.2812826e+01
   2.0140000e+03   1.2000000e+01   9.0000000e+00   1.0000000e+01   5.0000000e+00   4.6000000e+01  -5.3930673e+01  -3.8838909e+01   4.9327218e+02   3.4342684e+00   3.9463522e+01   3.5128428e+01
   2.0140000e+03   1.2000000e+01   9.0000000e+00   1.0000000e+01   7.0000000e+00   2.6000000e+01  -5.3926192e+01  -3.8840067e+01   5.0361657e+02   1.0376660e+01   2.1652539e+01   4.6678121e+00
   2.0140000e+03   1.2000000e+01   9.0000000e+00   1.0000000e+01   9.0000000e+00   1.0000000e+00  -5.3921771e+01  -3.8841505e+01   5.0022106e+02   2.2124590e+02   4.5554875e+02   1.0408743e+01
   2.0140000e+03   1.2000000e+01   9.0000000e+00   1.0000000e+01   1.0000000e+01   3.7000000e+01  -5.3917385e+01  -3.8842850e+01   4.9520219e+02   4.3971973e+02   9.0531264e+02   1.0332871e+02
   2.0140000e+03   1.2000000e+01   9.0000000e+00   1.0000000e+01   1.2000000e+01   1.4000000e+01  -5.3912994e+01  -3.8844154e+01   4.9542197e+02   2.0543943e+01   4.2291582e+01   2.9528516e-01
   2.0140000e+03   1.2000000e+01   9.0000000e+00   1.0000000e+01   1.3000000e+01   5.0000000e+01  -5.3908526e+01  -3.8845344e+01   5.0245084e+02   4.7923659e+00   1.0363420e+01   2.3417569e+00
   2.0140000e+03   1.2000000e+01   9.0000000e+00   1.0000000e+01   1.5000000e+01   2.7000000e+01  -5.3904117e+01  -3.8846853e+01   4.9979648e+02   3.7678321e+01   1.2346816e+02   7.1254156e+00
   2.0140000e+03   1.2000000e+01   9.0000000e+00   1.0000000e+01   1.7000000e+01   7.0000000e+00  -5.3899761e+01  -3.8848367e+01   4.9408490e+02   6.0083058e+00   3.3010518e+01   1.0570809e+00
   2.0140000e+03   1.2000000e+01   9.0000000e+00   1.0000000e+01   1.8000000e+01   4.9000000e+01  -5.3895289e+01  -3.8849408e+01   5.0164085e+02   1.7516123e+00   6.1630618e+00   5.3985202e-02
   2.0140000e+03   1.2000000e+01   9.0000000e+00   1.0000000e+01   2.0000000e+01   3.2000000e+01  -5.3890912e+01  -3.8850886e+01   4.9594260e+02   1.9314662e+00   4.6848476e+00   4.7119896e-01
   2.0140000e+03   1.2000000e+01   9.0000000e+00   1.0000000e+01   2.2000000e+01   1.2000000e+01  -5.3886599e+01  -3.8852651e+01   4.9292874e+02   3.4610347e+00   8.0643084e+00   3.3154070e+00
   2.0140000e+03   1.2000000e+01   9.0000000e+00   1.0000000e+01   2.3000000e+01   4.7000000e+01  -5.3882142e+01  -3.8853991e+01   5.0303399e+02   2.8572496e+00   7.1972880e+00   4.5452552e+00
   2.0140000e+03   1.2000000e+01   9.0000000e+00   1.0000000e+01   2.5000000e+01   2.4000000e+01  -5.3877762e+01  -3.8855256e+01   4.9373131e+02   3.8101665e+00   1.1468937e+01   6.7451429e+00
   2.0140000e+03   1.2000000e+01   9.0000000e+00   1.0000000e+01   2.7000000e+01   1.0000000e+00  -5.3873353e+01  -3.8856419e+01   4.9571554e+02   1.6871645e+00   1.0188867e+01   6.8250282e+00
   2.0140000e+03   1.2000000e+01   9.0000000e+00   1.0000000e+01   2.8000000e+01   3.6000000e+01  -5.3868858e+01  -3.8857671e+01   5.0617167e+02   8.2616027e+00   3.4042108e+01   2.3567233e+01
   2.0140000e+03   1.2000000e+01   9.0000000e+00   1.0000000e+01   3.0000000e+01   1.5000000e+01  -5.3864382e+01  -3.8859072e+01   5.0587420e+02   2.9506232e+00   2.0183439e+01   1.0457430e+01
   2.0140000e+03   1.2000000e+01   9.0000000e+00   1.0000000e+01   3.1000000e+01   5.9000000e+01  -5.3860135e+01  -3.8860444e+01   4.8034352e+02   3.0051503e+00   1.3611965e+01   3.8772013e+00
   2.0140000e+03   1.2000000e+01   9.0000000e+00   1.0000000e+01   3.3000000e+01   4.2000000e+01  -5.3855695e+01  -3.8862026e+01   5.0417648e+02   5.4115007e+00   2.2037896e+01   1.2618276e+01
   2.0140000e+03   1.2000000e+01   9.0000000e+00   1.0000000e+01   3.5000000e+01   2.0000000e+01  -5.3851271e+01  -3.8863234e+01   4.9792074e+02   1.6890683e+00   4.3694997e+00   6.0595724e-01
   2.0140000e+03   1.2000000e+01   9.0000000e+00   1.0000000e+01   3.7000000e+01   9.9990082e-01  -5.3846899e+01  -3.8864563e+01   4.9357567e+02   1.9565872e+00   5.9287002e+00   2.0012377e+00
   2.0140000e+03   1.2000000e+01   9.0000000e+00   1.0000000e+01   3.8000000e+01   4.3000000e+01  -5.3842511e+01  -3.8865904e+01   4.9548935e+02   2.1130400e+00   1.3859768e+01   9.8163006e+00
   2.0140000e+03   1.2000000e+01   9.0000000e+00   1.0000000e+01   4.0000000e+01   2.0000000e+01  -5.3838104e+01  -3.8867423e+01   4.9969331e+02   3.3441110e+00   1.6115930e+01   8.3899096e-01
   2.0140000e+03   1.2000000e+01   9.0000000e+00   1.0000000e+01   4.1000000e+01   5.7000000e+01  -5.3833711e+01  -3.8868918e+01   4.9787021e+02   4.0623351e+00   1.2942711e+01   1.5494771e+00
   2.0140000e+03   1.2000000e+01   9.0000000e+00   1.0000000e+01   4.3000000e+01   3.7000099e+01  -5.3829244e+01  -3.8870193e+01   5.0343480e+02   1.6761273e-01   1.3103531e+00   2.6899892e-02
   2.0140000e+03   1.2000000e+01   9.0000000e+00   1.0000000e+01   4.5000000e+01   3.0000000e+01  -5.3824751e+01  -3.8871740e+01   5.0937343e+02   1.1312166e-01   2.4812703e-01   1.8400923e-02
   2.0140000e+03   1.2000000e+01   9.0000000e+00   1.0000000e+01   5.0000000e+01   3.4000099e+01  -5.3816077e+01  -3.8874211e+01   9.7747463e+02   6.6531436e-02   1.3696103e-01   0.0000000e+00
   2.0140000e+03   1.2000000e+01   9.0000000e+00   1.0000000e+01   5.2000000e+01   5.4000000e+01  -5.3811981e+01  -3.8875647e+01   4.6477660e+02   2.4238062e-02   6.4921407e+00   0.0000000e+00
   2.0140000e+03   1.2000000e+01   9.0000000e+00   1.0000000e+01   5.4000000e+01   4.2000000e+01  -5.3807386e+01  -3.8876940e+01   5.1761948e+02   3.9473883e-01   1.4437953e+00   4.3242778e-02
   2.0140000e+03   1.2000000e+01   9.0000000e+00   1.0000000e+01   5.6000000e+01   1.6999901e+01  -5.3802909e+01  -3.8878359e+01   5.0610855e+02   1.2977770e+00   8.5715097e+00   0.0000000e+00
   2.0140000e+03   1.2000000e+01   9.0000000e+00   1.0000000e+01   5.7000000e+01   5.2000000e+01  -5.3798399e+01  -3.8878210e+01   5.0125397e+02   3.8498876e-01   7.4065989e+00   5.2700147e-02
   2.0140000e+03   1.2000000e+01   9.0000000e+00   1.0000000e+01   5.9000000e+01   2.8000000e+01  -5.3793983e+01  -3.8877648e+01   4.9207618e+02   3.1864010e+00   8.8194040e+00   1.0451210e+00
   2.0140000e+03   1.2000000e+01   9.0000000e+00   1.1000000e+01   1.0000000e+00   4.0000000e+00  -5.3789530e+01  -3.8876717e+01   4.9858964e+02   1.7749958e+00   4.4603250e+00   1.3039278e+00
   2.0140000e+03   1.2000000e+01   9.0000000e+00   1.1000000e+01   2.0000000e+00   4.0000000e+01  -5.3785100e+01  -3.8875733e+01   4.9641637e+02   2.4120435e+00   5.0235957e+00   7.1756365e-01
   2.0140000e+03   1.2000000e+01   9.0000000e+00   1.1000000e+01   4.0000000e+00   1.8000000e+01  -5.3780634e+01  -3.8874839e+01   4.9973064e+02   4.0668981e-01   9.7973062e-01   1.4539147e-02
   2.0140000e+03   1.2000000e+01   9.0000000e+00   1.1000000e+01   5.0000000e+00   5.8000099e+01  -5.3776207e+01  -3.8873801e+01   4.9661789e+02   1.2982030e+00   3.0865902e+00   9.6983771e-02
   2.0140000e+03   1.2000000e+01   9.0000000e+00   1.1000000e+01   7.0000000e+00   3.6000000e+01  -5.3771750e+01  -3.8872855e+01   4.9917917e+02   3.6581931e-01   1.0362828e+00   6.8431466e-02
   2.0140000e+03   1.2000000e+01   9.0000000e+00   1.1000000e+01   9.0000000e+00   1.1000099e+01  -5.3767305e+01  -3.8872051e+01   4.9679492e+02   2.8324841e-01   7.0877166e+00   2.3618443e-01
   2.0140000e+03   1.2000000e+01   9.0000000e+00   1.1000000e+01   1.0000000e+01   4.5000099e+01  -5.3762826e+01  -3.8871407e+01   4.9949914e+02   5.4298693e-01   1.1231302e+00   6.2860886e-01
   2.0140000e+03   1.2000000e+01   9.0000000e+00   1.1000000e+01   1.2000000e+01   2.1000000e+01  -5.3758315e+01  -3.8870662e+01   5.0356461e+02   1.3417971e+00   2.7735324e+00   6.7116424e-01
   2.0140000e+03   1.2000000e+01   9.0000000e+00   1.1000000e+01   1.4000000e+01   2.0000000e+00  -5.3753917e+01  -3.8869765e+01   4.9233270e+02   3.5246540e-01   8.0356287e-01   1.6519747e-01
   2.0140000e+03   1.2000000e+01   9.0000000e+00   1.1000000e+01   1.5000000e+01   4.4000000e+01  -5.3749403e+01  -3.8868880e+01   5.0491852e+02   9.4791893e-01   2.2618027e+00   7.9375032e-01
   2.0140000e+03   1.2000000e+01   9.0000000e+00   1.1000000e+01   1.7000000e+01   2.3000099e+01  -5.3745005e+01  -3.8867972e+01   4.9227085e+02   1.0441655e+00   2.2055487e+00   8.8387884e-01
   2.0140000e+03   1.2000000e+01   9.0000000e+00   1.1000000e+01   1.9000000e+01   0.0000000e+00  -5.3740605e+01  -3.8867163e+01   4.9188270e+02   5.7759458e-01   1.1890312e+00   8.1491617e-01
   2.0140000e+03   1.2000000e+01   9.0000000e+00   1.1000000e+01   2.0000000e+01   3.7000099e+01  -5.3736082e+01  -3.8866299e+01   5.0579035e+02   1.4854423e+00   3.1671358e+00   2.7097211e+00
   2.0140000e+03   1.2000000e+01   9.0000000e+00   1.1000000e+01   2.2000000e+01   1.3000000e+01  -5.3731649e+01  -3.8865492e+01   4.9543870e+02   8.1989882e-01   1.8127621e+00   3.4704221e-01
   2.0140000e+03   1.2000000e+01   9.0000000e+00   1.1000000e+01   2.3000000e+01   4.9000000e+01  -5.3727217e+01  -3.8864699e+01   4.9520899e+02   7.9110012e-01   1.6285518e+00   4.3293499e-01
   2.0140000e+03   1.2000000e+01   9.0000000e+00   1.1000000e+01   2.5000000e+01   2.8000000e+01  -5.3722722e+01  -3.8863921e+01   5.0211217e+02   1.1891768e+00   2.4480290e+00   6.5262312e-02
   2.0140000e+03   1.2000000e+01   9.0000000e+00   1.1000000e+01   2.7000000e+01   9.0000000e+00  -5.3718199e+01  -3.8863647e+01   5.0294916e+02   7.3054831e-01   1.7903589e+00   3.0563866e-01
   2.0140000e+03   1.2000000e+01   9.0000000e+00   1.1000000e+01   2.8000000e+01   5.2000000e+01  -5.3713775e+01  -3.8864268e+01   4.9319518e+02   1.0894968e+00   2.2525537e+00   2.9731154e-01
   2.0140000e+03   1.2000000e+01   9.0000000e+00   1.1000000e+01   3.0000000e+01   3.8000099e+01  -5.3709409e+01  -3.8866080e+01   4.9967505e+02   2.6366224e-01   5.7904691e-01   3.9926507e-01
   2.0140000e+03   1.2000000e+01   9.0000000e+00   1.1000000e+01   3.2000000e+01   3.3000000e+01  -5.3705364e+01  -3.8868852e+01   4.8504485e+02   1.9995594e-01   4.7046494e-01   1.4744394e-02
   2.0140000e+03   1.2000000e+01   9.0000000e+00   1.1000000e+01   3.4000000e+01   2.9999901e+01  -5.3701408e+01  -3.8872401e+01   4.9766617e+02   2.1576727e-01   4.7985030e-01   3.8421559e-02
   2.0140000e+03   1.2000000e+01   9.0000000e+00   1.1000000e+01   3.6000000e+01   2.4000000e+01  -5.3697533e+01  -3.8876004e+01   4.9152304e+02   9.6754532e-02   1.3027071e+00   1.3578660e-02
   2.0140000e+03   1.2000000e+01   9.0000000e+00   1.1000000e+01   3.8000000e+01   1.3000000e+01  -5.3693482e+01  -3.8879616e+01   5.0907741e+02   2.4461683e-01   7.6254546e+00   1.9253638e-01
   2.0140000e+03   1.2000000e+01   9.0000000e+00   1.1000000e+01   3.9000000e+01   5.6000000e+01  -5.3689628e+01  -3.8883521e+01   4.9938099e+02   1.0652185e+00   2.2254810e+00   2.3681026e-01
   2.0140000e+03   1.2000000e+01   9.0000000e+00   1.1000000e+01   4.1000000e+01   4.2000000e+01  -5.3685906e+01  -3.8887593e+01   4.9282732e+02   7.5780500e-01   1.5600108e+00   1.2136678e-01
   2.0140000e+03   1.2000000e+01   9.0000000e+00   1.1000000e+01   4.3000000e+01   2.8000000e+01  -5.3682194e+01  -3.8891596e+01   4.8942625e+02   1.2450547e+00   2.6652194e+00   1.4224945e-01
   2.0140000e+03   1.2000000e+01   9.0000000e+00   1.1000000e+01   4.5000000e+01   7.9999008e+00  -5.3678475e+01  -3.8895923e+01   5.0190991e+02   1.1162918e+00   2.4185621e+00   2.2855714e+00
   2.0140000e+03   1.2000000e+01   9.0000000e+00   1.1000000e+01   4.6000000e+01   4.4000000e+01  -5.3674780e+01  -3.8900168e+01   4.9652361e+02   1.2468768e-01   5.1122311e+00   4.6949134e+00
   2.0140000e+03   1.2000000e+01   9.0000000e+00   1.1000000e+01   4.8000000e+01   2.3000000e+01  -5.3671047e+01  -3.8904437e+01   5.0104926e+02   1.6926289e+00   3.7501381e+00   3.4876764e+00
   2.0140000e+03   1.2000000e+01   9.0000000e+00   1.1000000e+01   5.0000000e+01   7.0000000e+00  -5.3667366e+01  -3.8908577e+01   4.9153680e+02   1.8995208e+00   4.2551179e+00   4.8250042e-01
   2.0140000e+03   1.2000000e+01   9.0000000e+00   1.1000000e+01   5.1000000e+01   5.6000000e+01  -5.3663484e+01  -3.8913004e+01   5.2064296e+02   2.4189985e-01   5.6453594e-01   1.5232465e-02
   2.0140000e+03   1.2000000e+01   9.0000000e+00   1.1000000e+01   5.5000000e+01   4.5000099e+01  -5.3655755e+01  -3.8919709e+01   9.6566884e+02   2.2627610e-01   6.2362327e+00   3.1205454e-01
   2.0140000e+03   1.2000000e+01   9.0000000e+00   1.1000000e+01   5.7000000e+01   3.5000000e+01  -5.3651429e+01  -3.8923040e+01   5.2839047e+02   3.2682609e-01   6.8594133e-01   1.4367644e-02
   2.0140000e+03   1.2000000e+01   9.0000000e+00   1.2000000e+01   2.0000000e+00   1.3000099e+01  -5.3643246e+01  -3.8928048e+01   9.6726726e+02   5.0702367e-02   1.6456990e-01   1.8791936e-02
   2.0140000e+03   1.2000000e+01   9.0000000e+00   1.2000000e+01   4.0000000e+00   5.9000000e+01  -5.3638879e+01  -3.8929812e+01   4.9901834e+02   7.3810577e-02   1.5940985e-01   0.0000000e+00
   2.0140000e+03   1.2000000e+01   9.0000000e+00   1.2000000e+01   7.0000000e+00   2.7000000e+01  -5.3634833e+01  -3.8931277e+01   4.5983173e+02   1.2613776e-01   3.3540122e-01   0.0000000e+00
   2.0140000e+03   1.2000000e+01   9.0000000e+00   1.2000000e+01   9.0000000e+00   2.2000000e+01  -5.3630348e+01  -3.8933505e+01   5.1954040e+02   9.7385701e-01   2.0867489e+00   1.9938120e-01
   2.0140000e+03   1.2000000e+01   9.0000000e+00   1.2000000e+01   1.1000000e+01   5.0000000e+00  -5.3625916e+01  -3.8934694e+01   4.9865717e+02   7.6253513e-01   1.6080629e+00   1.7949832e-01
   2.0140000e+03   1.2000000e+01   9.0000000e+00   1.2000000e+01   1.2000000e+01   4.5000000e+01  -5.3621554e+01  -3.8935963e+01   4.9189515e+02   9.6777312e-01   2.0003096e+00   1.2866557e-01
   2.0140000e+03   1.2000000e+01   9.0000000e+00   1.2000000e+01   1.4000000e+01   2.2000000e+01  -5.3617084e+01  -3.8937392e+01   5.0549883e+02   7.4081532e-01   1.5250360e+00   1.3204450e-01
   2.0140000e+03   1.2000000e+01   9.0000000e+00   1.2000000e+01   1.5000000e+01   5.8000000e+01  -5.3612750e+01  -3.8939063e+01   4.9410499e+02   8.7631144e-01   2.2415344e+00   4.0633531e-01
   2.0140000e+03   1.2000000e+01   9.0000000e+00   1.2000000e+01   1.7000000e+01   3.6000000e+01  -5.3608274e+01  -3.8940479e+01   5.0598427e+02   4.7099343e+00   1.0055930e+01   1.0915840e-01
   2.0140000e+03   1.2000000e+01   9.0000000e+00   1.2000000e+01   1.9000000e+01   1.6000000e+01  -5.3603949e+01  -3.8941811e+01   4.8856670e+02   2.6324924e-01   6.2136879e+00   5.8732547e+00
   2.0140000e+03   1.2000000e+01   9.0000000e+00   1.2000000e+01   2.0000000e+01   5.5000000e+01  -5.3599556e+01  -3.8942934e+01   4.9373223e+02   7.0407888e+00   1.5662700e+01   1.5170219e+00
   2.0140000e+03   1.2000000e+01   9.0000000e+00   1.2000000e+01   2.2000000e+01   3.1000000e+01  -5.3595133e+01  -3.8944250e+01   4.9917310e+02   3.7877841e+00   7.8382781e+00   9.5601798e-01
   2.0140000e+03   1.2000000e+01   9.0000000e+00   1.2000000e+01   2.4000000e+01   6.0000992e+00  -5.3590699e+01  -3.8945512e+01   4.9967050e+02   3.8223916e+00   7.8687420e+00   7.8687420e+00
   2.0140000e+03   1.2000000e+01   9.0000000e+00   1.2000000e+01   2.5000000e+01   4.3000000e+01  -5.3586290e+01  -3.8946744e+01   4.9660573e+02   2.6841907e-01   1.3948438e+01   1.2608983e+00
   2.0140000e+03   1.2000000e+01   9.0000000e+00   1.2000000e+01   2.7000000e+01   1.9000099e+01  -5.3581874e+01  -3.8948011e+01   4.9774570e+02   6.0217383e-01   1.2396298e+00   8.6634726e-01
   2.0140000e+03   1.2000000e+01   9.0000000e+00   1.2000000e+01   2.8000000e+01   5.6000000e+01  -5.3577435e+01  -3.8949121e+01   4.9861894e+02   2.7550936e+00   6.9181721e+00   1.9711374e-01
   2.0140000e+03   1.2000000e+01   9.0000000e+00   1.2000000e+01   3.0000000e+01   3.6000000e+01  -5.3573068e+01  -3.8950397e+01   4.9256431e+02   1.1635405e-01   2.9309980e-01   4.6367404e-02
   2.0140000e+03   1.2000000e+01   9.0000000e+00   1.2000000e+01   3.2000000e+01   1.7000099e+01  -5.3568651e+01  -3.8951370e+01   4.9503140e+02   3.8920821e-01   5.4637665e+00   3.0005663e-01
   2.0140000e+03   1.2000000e+01   9.0000000e+00   1.2000000e+01   3.4000000e+01   1.0000000e+00  -5.3564162e+01  -3.8952551e+01   5.0482724e+02   1.9275622e-01   5.4705828e-01   1.8417273e-02
   2.0140000e+03   1.2000000e+01   9.0000000e+00   1.2000000e+01   3.5000000e+01   4.6000000e+01  -5.3559875e+01  -3.8953795e+01   4.8335242e+02   1.6012590e-01   7.4528348e-01   0.0000000e+00
   2.0140000e+03   1.2000000e+01   9.0000000e+00   1.2000000e+01   3.7000000e+01   2.7000000e+01  -5.3555494e+01  -3.8955375e+01   4.9789151e+02   4.4002396e-01   7.1937560e+00   5.8376088e+00
   2.0140000e+03   1.2000000e+01   9.0000000e+00   1.2000000e+01   3.9000000e+01   3.9999008e+00  -5.3551076e+01  -3.8956759e+01   4.9933085e+02   3.0421876e-01   2.6951939e+01   2.6716837e+01
   2.0140000e+03   1.2000000e+01   9.0000000e+00   1.2000000e+01   4.0000000e+01   4.1000000e+01  -5.3546699e+01  -3.8958152e+01   4.9502175e+02   1.8837235e-01   1.1145133e+00   1.0118866e+00
   2.0140000e+03   1.2000000e+01   9.0000000e+00   1.2000000e+01   4.2000000e+01   1.7000000e+01  -5.3542262e+01  -3.8959666e+01   5.0306128e+02   3.3340461e-01   1.5918982e+00   1.1235246e+00
   2.0140000e+03   1.2000000e+01   9.0000000e+00   1.2000000e+01   4.3000000e+01   5.4000000e+01  -5.3537841e+01  -3.8961110e+01   5.0048322e+02   3.3429144e+00   6.8816945e+00   4.9689972e-02
   2.0140000e+03   1.2000000e+01   9.0000000e+00   1.2000000e+01   4.5000000e+01   3.6000000e+01  -5.3533474e+01  -3.8962331e+01   4.9193252e+02   3.7853715e-01   8.0111382e-01   2.3550538e-01
   2.0140000e+03   1.2000000e+01   9.0000000e+00   1.2000000e+01   4.7000000e+01   1.8000000e+01  -5.3529127e+01  -3.8963686e+01   4.9123835e+02   1.0304229e+00   1.2241641e+01   6.7693168e-01
   2.0140000e+03   1.2000000e+01   9.0000000e+00   1.2000000e+01   4.8000000e+01   5.5999901e+01  -5.3524682e+01  -3.8965074e+01   5.0238948e+02   1.8580933e+00   4.5504128e+00   1.1044509e+00
   2.0140000e+03   1.2000000e+01   9.0000000e+00   1.2000000e+01   5.0000000e+01   3.3000000e+01  -5.3520234e+01  -3.8966505e+01   5.0312085e+02   1.8788653e+00   3.8678156e+00   3.7225630e+00
   2.0140000e+03   1.2000000e+01   9.0000000e+00   1.2000000e+01   5.2000000e+01   1.2000000e+01  -5.3515823e+01  -3.8967806e+01   4.9762960e+02   7.4039768e+00   1.5404013e+01   1.4683418e+01
   2.0140000e+03   1.2000000e+01   9.0000000e+00   1.2000000e+01   5.3000000e+01   5.3000000e+01  -5.3511429e+01  -3.8969134e+01   4.9616265e+02   4.6896360e-01   1.1852033e+01   9.6145633e-01
   2.0140000e+03   1.2000000e+01   9.0000000e+00   1.2000000e+01   5.5000000e+01   3.5000000e+01  -5.3507075e+01  -3.8970442e+01   4.9142040e+02   2.1167638e+00   5.1838892e+00   8.8480628e-01
   2.0140000e+03   1.2000000e+01   9.0000000e+00   1.2000000e+01   5.7000000e+01   1.5000099e+01  -5.3502696e+01  -3.8971908e+01   4.9617519e+02   5.9503104e+00   1.4557638e+01   1.3605273e+01
   2.0140000e+03   1.2000000e+01   9.0000000e+00   1.2000000e+01   5.8000000e+01   5.3000000e+01  -5.3498229e+01  -3.8973152e+01   5.0314562e+02   1.9416727e-01   4.8979121e-01   2.3328454e-01
   2.0140000e+03   1.2000000e+01   9.0000000e+00   1.3000000e+01   0.0000000e+00   3.2000000e+01  -5.3493836e+01  -3.8974635e+01   4.9784747e+02   4.5062593e+00   9.2765460e+00   3.2131675e-01
   2.0140000e+03   1.2000000e+01   9.0000000e+00   1.3000000e+01   2.0000000e+00   1.1000099e+01  -5.3489449e+01  -3.8975847e+01   4.9410070e+02   3.3949853e+00   6.9888870e+00   5.9943372e+00
   2.0140000e+03   1.2000000e+01   9.0000000e+00   1.3000000e+01   3.0000000e+00   5.0000000e+01  -5.3485063e+01  -3.8977226e+01   4.9584869e+02   1.4698792e+02   3.0301883e+02   2.2811632e+02
   2.0140000e+03   1.2000000e+01   9.0000000e+00   1.3000000e+01   5.0000000e+00   3.0000000e+01  -5.3480658e+01  -3.8978425e+01   4.9578051e+02   1.5199050e-01   3.1704552e-01   0.0000000e+00
   2.0140000e+03   1.2000000e+01   9.0000000e+00   1.3000000e+01   7.0000000e+00   1.7000000e+01  -5.3476053e+01  -3.8979907e+01   5.2106254e+02   7.0852787e-02   2.5909349e-01   0.0000000e+00
   2.0140000e+03   1.2000000e+01   9.0000000e+00   1.3000000e+01   1.2000000e+01   1.9000099e+01  -5.3467451e+01  -3.8982599e+01   9.7222969e+02   9.1244184e-02   1.8783448e-01   0.0000000e+00
   2.0140000e+03   1.2000000e+01   9.0000000e+00   1.3000000e+01   1.4000000e+01   5.7000000e+01  -5.3463087e+01  -3.8984046e+01   4.9434285e+02   9.0015982e-02   2.5672688e-01   3.7198426e-02
   2.0140000e+03   1.2000000e+01   9.0000000e+00   1.3000000e+01   1.7000000e+01   3.4000000e+01  -5.3458951e+01  -3.8985356e+01   4.6767078e+02   8.0156400e-02   2.2180635e-01   1.6823652e-02
   2.0140000e+03   1.2000000e+01   9.0000000e+00   1.3000000e+01   1.9000000e+01   5.0000000e+01  -5.3454439e+01  -3.8986634e+01   5.0843591e+02   1.0186337e-01   2.4277182e-01   0.0000000e+00
   2.0140000e+03   1.2000000e+01   9.0000000e+00   1.3000000e+01   2.1000000e+01   4.2000000e+01  -5.3450040e+01  -3.8988127e+01   4.9869875e+02   1.3232164e+00   3.0609204e+00   5.3460605e-02
   2.0140000e+03   1.2000000e+01   9.0000000e+00   1.3000000e+01   2.3000000e+01   2.3000000e+01  -5.3445645e+01  -3.8989582e+01   4.9776459e+02   2.2638986e+00   5.5067133e+00   4.4633303e+00
   2.0140000e+03   1.2000000e+01   9.0000000e+00   1.3000000e+01   2.4000000e+01   5.8000000e+01  -5.3441219e+01  -3.8991217e+01   5.0361312e+02   1.1053420e+00   2.2961698e+00   2.1220013e+00
   2.0140000e+03   1.2000000e+01   9.0000000e+00   1.3000000e+01   2.6000000e+01   3.4000000e+01  -5.3436804e+01  -3.8992701e+01   5.0028505e+02   9.5877791e-01   1.9737318e+00   3.9524675e-02
   2.0140000e+03   1.2000000e+01   9.0000000e+00   1.3000000e+01   2.8000000e+01   1.5000000e+01  -5.3432436e+01  -3.8994159e+01   4.9492428e+02   2.2885798e+00   5.5359105e+00   5.1783005e+00
   2.0140000e+03   1.2000000e+01   9.0000000e+00   1.3000000e+01   3.0000000e+01   7.0000000e+00  -5.3428014e+01  -3.8995523e+01   4.9958308e+02   1.1745028e-01   3.1676583e-01   5.8387578e-03
   2.0140000e+03   1.2000000e+01   9.0000000e+00   1.3000000e+01   3.2000000e+01   1.0000000e+00  -5.3423731e+01  -3.8996751e+01   4.8287148e+02   2.6863191e+00   6.0448426e+00   5.2454452e+00
   2.0140000e+03   1.2000000e+01   9.0000000e+00   1.3000000e+01   3.3000000e+01   4.3000000e+01  -5.3419280e+01  -3.8998253e+01   5.0441316e+02   3.6961790e+00   7.6532816e+00   6.3542985e+00
   2.0140000e+03   1.2000000e+01   9.0000000e+00   1.3000000e+01   3.5000000e+01   2.2000000e+01  -5.3414913e+01  -3.8999681e+01   4.9445148e+02   2.2940235e+00   4.8476704e+00   4.0814034e+00
   2.0140000e+03   1.2000000e+01   9.0000000e+00   1.3000000e+01   3.7000000e+01   2.0000000e+00  -5.3410456e+01  -3.9001048e+01   5.0342653e+02   4.0738408e+00   8.3863730e+00   7.7531861e+00
   2.0140000e+03   1.2000000e+01   9.0000000e+00   1.3000000e+01   3.8000000e+01   4.1000000e+01  -5.3405935e+01  -3.9002449e+01   5.1095447e+02   2.3921690e+00   4.9244982e+00   4.5733469e-01
   2.0140000e+03   1.2000000e+01   9.0000000e+00   1.3000000e+01   4.0000000e+01   2.3000099e+01  -5.3401667e+01  -3.9003612e+01   4.8041166e+02   2.2994313e-01   2.7808970e+00   7.8676079e-02
   2.0140000e+03   1.2000000e+01   9.0000000e+00   1.3000000e+01   4.2000000e+01   9.0000000e+00  -5.3397338e+01  -3.9004839e+01   4.8783185e+02   2.2101112e-01   4.6801693e-01   5.9052022e-03
   2.0140000e+03   1.2000000e+01   9.0000000e+00   1.3000000e+01   4.3000000e+01   5.1000000e+01  -5.3392903e+01  -3.9006371e+01   5.0316887e+02   5.1025015e+00   1.2563992e+01   1.2005045e+01
   2.0140000e+03   1.2000000e+01   9.0000000e+00   1.3000000e+01   4.5000000e+01   2.7000000e+01  -5.3388470e+01  -3.9007959e+01   5.0377734e+02   1.4339003e+00   2.9518146e+00   2.9518146e+00
   2.0140000e+03   1.2000000e+01   9.0000000e+00   1.3000000e+01   4.7000000e+01   1.9999008e+00  -5.3384093e+01  -3.9009375e+01   4.9527721e+02   1.4832828e+00   3.4282978e+00   3.2212128e+00
   2.0140000e+03   1.2000000e+01   9.0000000e+00   1.3000000e+01   4.8000000e+01   4.0000000e+01  -5.3379667e+01  -3.9010710e+01   4.9978655e+02   2.3520725e+00   5.1120683e+00   4.3680233e+00
   2.0140000e+03   1.2000000e+01   9.0000000e+00   1.3000000e+01   5.0000000e+01   2.5000099e+01  -5.3375295e+01  -3.9011930e+01   4.9251054e+02   2.4040786e-01   5.2094525e+00   4.6589224e+00
   2.0140000e+03   1.2000000e+01   9.0000000e+00   1.3000000e+01   5.2000000e+01   1.1000000e+01  -5.3370928e+01  -3.9013305e+01   4.9371602e+02   1.3750824e+00   2.8307327e+00   2.0686002e+00
   2.0140000e+03   1.2000000e+01   9.0000000e+00   1.3000000e+01   5.3000000e+01   5.4000000e+01  -5.3366455e+01  -3.9014580e+01   5.0412012e+02   2.6483079e-01   5.4517836e-01   3.2730649e-02
   2.0140000e+03   1.2000000e+01   9.0000000e+00   1.3000000e+01   5.5000000e+01   3.8000000e+01  -5.3362086e+01  -3.9015757e+01   4.9177286e+02   2.3688031e+00   5.9203916e+00   4.5785672e+00
   2.0140000e+03   1.2000000e+01   9.0000000e+00   1.3000000e+01   5.7000000e+01   2.2000000e+01  -5.3357615e+01  -3.9017135e+01   5.0516228e+02   1.0967764e+00   2.5691762e+00   2.6265887e-01
   2.0140000e+03   1.2000000e+01   9.0000000e+00   1.3000000e+01   5.9000000e+01   2.9999008e+00  -5.3353281e+01  -3.9018431e+01   4.8914263e+02   6.1280180e-01   1.2946440e+00   3.6049981e-01
   2.0140000e+03   1.2000000e+01   9.0000000e+00   1.4000000e+01   0.0000000e+00   4.0000000e+01  -5.3348850e+01  -3.9019948e+01   5.0254989e+02   2.0467759e+00   5.2277651e+00   3.7145865e+00
   2.0140000e+03   1.2000000e+01   9.0000000e+00   1.4000000e+01   2.0000000e+00   1.5000000e+01  -5.3344447e+01  -3.9021326e+01   4.9772482e+02   3.4721563e-01   5.1167636e+00   4.5204422e+00
   2.0140000e+03   1.2000000e+01   9.0000000e+00   1.4000000e+01   3.0000000e+00   5.1000000e+01  -5.3340047e+01  -3.9022775e+01   4.9829679e+02   1.4926306e+00   3.0727162e+00   3.8295837e-01
   2.0140000e+03   1.2000000e+01   9.0000000e+00   1.4000000e+01   5.0000000e+00   2.9000000e+01  -5.3335635e+01  -3.9024159e+01   4.9878500e+02   3.4852763e+00   7.1797209e+00   6.5955397e+00
   2.0140000e+03   1.2000000e+01   9.0000000e+00   1.4000000e+01   7.0000000e+00   7.0000000e+00  -5.3331234e+01  -3.9025541e+01   4.9755494e+02   2.5092570e+00   5.2668052e+00   4.3238820e+00
   2.0140000e+03   1.2000000e+01   9.0000000e+00   1.4000000e+01   8.0000000e+00   4.3000099e+01  -5.3326845e+01  -3.9026932e+01   4.9638645e+02   5.7929105e-01   4.8257153e+00   4.0174700e+00
   2.0140000e+03   1.2000000e+01   9.0000000e+00   1.4000000e+01   1.0000000e+01   1.7000099e+01  -5.3322400e+01  -3.9028411e+01   5.0360256e+02   5.3706273e-01   5.8655367e+00   1.7579204e-01
   2.0140000e+03   1.2000000e+01   9.0000000e+00   1.4000000e+01   1.1000000e+01   5.3000000e+01  -5.3318085e+01  -3.9029697e+01   4.8697764e+02   3.3628146e-01   7.1165243e+00   5.7497112e+00
   2.0140000e+03   1.2000000e+01   9.0000000e+00   1.4000000e+01   1.3000000e+01   2.9000000e+01  -5.3313623e+01  -3.9031022e+01   5.0358387e+02   1.2881174e+00   2.9498052e+00   3.2402288e-01
   2.0140000e+03   1.2000000e+01   9.0000000e+00   1.4000000e+01   1.5000000e+01   4.9999008e+00  -5.3309151e+01  -3.9032354e+01   5.0470510e+02   2.2238790e+00   4.6096176e+00   3.9061391e+00
   2.0140000e+03   1.2000000e+01   9.0000000e+00   1.4000000e+01   1.6000000e+01   4.4000000e+01  -5.3304837e+01  -3.9033681e+01   4.8746505e+02   1.1693143e+00   2.4071403e+00   1.9553194e+00
   2.0140000e+03   1.2000000e+01   9.0000000e+00   1.4000000e+01   1.8000000e+01   2.4000000e+01  -5.3300402e+01  -3.9034997e+01   5.0047247e+02   1.3711469e+00   2.9532621e+00   2.3654897e+00
   2.0140000e+03   1.2000000e+01   9.0000000e+00   1.4000000e+01   2.0000000e+01   1.5000000e+01  -5.3295841e+01  -3.9036353e+01   5.1481712e+02   2.1611133e-01   3.2633939e+00   2.5808604e-02
   2.0140000e+03   1.2000000e+01   9.0000000e+00   1.4000000e+01   2.5000000e+01   2.6000000e+01  -5.3287318e+01  -3.9038385e+01   9.5660768e+02   8.9456464e-02   2.3787511e-01   0.0000000e+00
