   2.0140000e+03   1.2000000e+01   8.0000000e+00   1.5000000e+01   0.0000000e+00   3.3000000e+01  -5.4012596e+01  -3.9092287e+01   5.2919647e+02   3.5241217e-01   8.3703485e-01   0.0000000e+00
   2.0140000e+03   1.2000000e+01   8.0000000e+00   1.5000000e+01   2.0000000e+00   1.3000099e+01  -5.4008146e+01  -3.9093641e+01   5.0238196e+02   1.3533826e+00   2.8465016e+00   5.5963228e-02
   2.0140000e+03   1.2000000e+01   8.0000000e+00   1.5000000e+01   3.0000000e+00   5.2000000e+01  -5.4003689e+01  -3.9094930e+01   5.0236792e+02   3.5971455e+00   7.5089658e+00   3.6652120e-01
   2.0140000e+03   1.2000000e+01   8.0000000e+00   1.5000000e+01   5.0000000e+00   3.3000000e+01  -5.3999269e+01  -3.9096227e+01   4.9835924e+02   5.1276002e+00   1.0880996e+01   8.1510193e-01
   2.0140000e+03   1.2000000e+01   8.0000000e+00   1.5000000e+01   7.0000000e+00   1.4000000e+01  -5.3994841e+01  -3.9097540e+01   4.9949511e+02   4.4105222e+00   9.1358804e+00   6.5814740e-03
   2.0140000e+03   1.2000000e+01   8.0000000e+00   1.5000000e+01   8.0000000e+00   5.5000000e+01  -5.3990432e+01  -3.9098853e+01   4.9739042e+02   7.1301620e+00   1.4950496e+01   0.0000000e+00
   2.0140000e+03   1.2000000e+01   8.0000000e+00   1.5000000e+01   1.0000000e+01   3.7000000e+01  -5.3986054e+01  -3.9100198e+01   4.9424407e+02   2.0193142e+00   5.9127696e+00   1.0529384e-01
   2.0140000e+03   1.2000000e+01   8.0000000e+00   1.5000000e+01   1.2000000e+01   1.9000000e+01  -5.3981650e+01  -3.9101583e+01   4.9770576e+02   3.8721760e+00   8.3301106e+00   0.0000000e+00
   2.0140000e+03   1.2000000e+01   8.0000000e+00   1.5000000e+01   1.4000000e+01   2.0000000e+00  -5.3977201e+01  -3.9102981e+01   5.0273553e+02   2.1860104e+00   4.6547806e+00   0.0000000e+00
   2.0140000e+03   1.2000000e+01   8.0000000e+00   1.5000000e+01   1.5000000e+01   4.5000099e+01  -5.3972778e+01  -3.9104360e+01   4.9970589e+02   2.8415971e+00   5.8496871e+00   7.7379891e-02
   2.0140000e+03   1.2000000e+01   8.0000000e+00   1.5000000e+01   1.7000000e+01   2.5000000e+01  -5.3968369e+01  -3.9105759e+01   4.9840305e+02   2.8804227e+00   5.9345912e+00   3.8868719e-01
   2.0140000e+03   1.2000000e+01   8.0000000e+00   1.5000000e+01   1.9000000e+01   3.0000000e+00  -5.3963971e+01  -3.9107088e+01   4.9632390e+02   1.5650319e+00   3.9194081e+00   5.3486104e-01
   2.0140000e+03   1.2000000e+01   8.0000000e+00   1.5000000e+01   2.0000000e+01   4.2000000e+01  -5.3959560e+01  -3.9108530e+01   4.9919277e+02   2.9853093e+00   6.1455316e+00   6.5036888e-01
   2.0140000e+03   1.2000000e+01   8.0000000e+00   1.5000000e+01   2.2000000e+01   2.0000000e+01  -5.3955136e+01  -3.9109933e+01   5.0005795e+02   3.6042350e+00   8.4647315e+00   4.6288889e-01
   2.0140000e+03   1.2000000e+01   8.0000000e+00   1.5000000e+01   2.3000000e+01   5.6000000e+01  -5.3950694e+01  -3.9111364e+01   5.0236538e+02   4.8308914e+00   1.0800554e+01   1.6756998e-01
   2.0140000e+03   1.2000000e+01   8.0000000e+00   1.5000000e+01   2.5000000e+01   3.0000099e+01  -5.3946313e+01  -3.9112812e+01   4.9597792e+02   7.3580031e+00   1.5474390e+01   5.9323081e+00
   2.0140000e+03   1.2000000e+01   8.0000000e+00   1.5000000e+01   2.7000000e+01   2.9999008e+00  -5.3941931e+01  -3.9114243e+01   4.9578656e+02   3.4524897e+00   7.8533342e+00   5.3341711e+00
   2.0140000e+03   1.2000000e+01   8.0000000e+00   1.5000000e+01   2.8000000e+01   3.8000000e+01  -5.3937508e+01  -3.9115646e+01   5.0005882e+02   1.3532249e+00   2.9502317e+00   1.6124977e+00
   2.0140000e+03   1.2000000e+01   8.0000000e+00   1.5000000e+01   3.0000000e+01   1.4000000e+01  -5.3933047e+01  -3.9117068e+01   5.0434695e+02   3.8413844e+00   8.2431586e+00   9.3428474e-02
   2.0140000e+03   1.2000000e+01   8.0000000e+00   1.5000000e+01   3.1000000e+01   5.0000000e+01  -5.3928661e+01  -3.9118470e+01   4.9583978e+02   2.6058650e-01   1.0194404e+00   9.3778438e-02
   2.0140000e+03   1.2000000e+01   8.0000000e+00   1.5000000e+01   3.3000000e+01   2.6000000e+01  -5.3924255e+01  -3.9119877e+01   4.9826160e+02   1.6195451e-01   3.8310552e-01   1.0074084e-01
   2.0140000e+03   1.2000000e+01   8.0000000e+00   1.5000000e+01   3.5000000e+01   2.0000000e+00  -5.3919898e+01  -3.9121331e+01   4.9333868e+02   2.8894380e-01   1.2431437e+00   6.0362821e-02
   2.0140000e+03   1.2000000e+01   8.0000000e+00   1.5000000e+01   3.6000000e+01   3.7000000e+01  -5.3915463e+01  -3.9122823e+01   5.0240754e+02   3.4903869e+00   7.5068089e+00   5.9573141e-02
   2.0140000e+03   1.2000000e+01   8.0000000e+00   1.5000000e+01   3.8000000e+01   1.3000000e+01  -5.3911020e+01  -3.9124168e+01   5.0148293e+02   2.8493873e+00   6.2129702e+00   0.0000000e+00
   2.0140000e+03   1.2000000e+01   8.0000000e+00   1.5000000e+01   3.9000000e+01   5.2000000e+01  -5.3906605e+01  -3.9125586e+01   4.9930954e+02   2.2481757e-01   1.4933531e+00   2.5489358e-01
   2.0140000e+03   1.2000000e+01   8.0000000e+00   1.5000000e+01   4.1000000e+01   3.1999901e+01  -5.3902238e+01  -3.9126990e+01   4.9388614e+02   1.6821010e-01   4.4663784e-01   4.5707831e-02
   2.0140000e+03   1.2000000e+01   8.0000000e+00   1.5000000e+01   4.3000000e+01   1.2000000e+01  -5.3897783e+01  -3.9128489e+01   5.0473527e+02   2.0313612e-01   7.1557240e-01   2.2949060e-02
   2.0140000e+03   1.2000000e+01   8.0000000e+00   1.5000000e+01   4.4000000e+01   5.2000000e+01  -5.3893391e+01  -3.9129925e+01   4.9695204e+02   2.8135643e-01   1.1705951e+00   6.0659907e-02
   2.0140000e+03   1.2000000e+01   8.0000000e+00   1.5000000e+01   4.6000000e+01   3.1000000e+01  -5.3888983e+01  -3.9131338e+01   4.9849750e+02   1.7163734e-01   4.7017446e-01   6.5040019e-02
   2.0140000e+03   1.2000000e+01   8.0000000e+00   1.5000000e+01   4.8000000e+01   9.9999008e+00  -5.3884607e+01  -3.9132764e+01   4.9518830e+02   1.0507835e+00   2.9065395e+00   5.0228624e-01
   2.0140000e+03   1.2000000e+01   8.0000000e+00   1.5000000e+01   4.9000000e+01   5.0000099e+01  -5.3880173e+01  -3.9134119e+01   5.0060993e+02   1.3308802e+02   2.7503559e+02   2.5146775e+02
   2.0140000e+03   1.2000000e+01   8.0000000e+00   1.5000000e+01   5.1000000e+01   2.9000000e+01  -5.3875692e+01  -3.9135522e+01   5.0637774e+02   6.5143524e-01   1.5256531e+00   2.9965449e-01
   2.0140000e+03   1.2000000e+01   8.0000000e+00   1.5000000e+01   5.4000000e+01   5.1000000e+01  -5.3866901e+01  -3.9138294e+01   9.9359858e+02   1.2435469e+00   2.8495466e+00   6.0251605e-01
   2.0140000e+03   1.2000000e+01   8.0000000e+00   1.5000000e+01   5.6000000e+01   3.4000000e+01  -5.3862552e+01  -3.9139703e+01   4.9192661e+02   1.3094551e+00   2.7838038e+00   1.9806935e-01
   2.0140000e+03   1.2000000e+01   8.0000000e+00   1.5000000e+01   5.8000000e+01   1.5000000e+01  -5.3858110e+01  -3.9141158e+01   5.0270432e+02   1.0247289e+00   2.9266175e+00   5.9419380e-02
   2.0140000e+03   1.2000000e+01   8.0000000e+00   1.5000000e+01   5.9000000e+01   5.3000000e+01  -5.3853684e+01  -3.9142594e+01   5.0080863e+02   1.1283374e+00   2.4161621e+00   5.5466808e-02
   2.0140000e+03   1.2000000e+01   8.0000000e+00   1.6000000e+01   1.0000000e+00   3.2000000e+01  -5.3849250e+01  -3.9143992e+01   5.0115974e+02   5.4409921e-01   1.5490634e+00   6.9329962e-01
   2.0140000e+03   1.2000000e+01   8.0000000e+00   1.6000000e+01   3.0000000e+00   1.1000000e+01  -5.3844854e+01  -3.9145319e+01   4.9611389e+02   4.0902944e-01   1.0777723e+00   1.7282466e-01
   2.0140000e+03   1.2000000e+01   8.0000000e+00   1.6000000e+01   4.0000000e+00   4.9000000e+01  -5.3840453e+01  -3.9146512e+01   4.9524842e+02   1.4098018e+00   3.4092011e+00   5.3929577e-01
   2.0140000e+03   1.2000000e+01   8.0000000e+00   1.6000000e+01   6.0000000e+00   2.7000000e+01  -5.3836026e+01  -3.9147838e+01   4.9954962e+02   4.8354571e-01   2.3267224e+00   0.0000000e+00
   2.0140000e+03   1.2000000e+01   8.0000000e+00   1.6000000e+01   8.0000000e+00   5.0000000e+00  -5.3831570e+01  -3.9149158e+01   5.0265255e+02   3.7227311e-01   9.2959224e-01   7.2142960e-02
   2.0140000e+03   1.2000000e+01   8.0000000e+00   1.6000000e+01   9.0000000e+00   4.3000099e+01  -5.3827172e+01  -3.9150568e+01   4.9737669e+02   1.7589549e-01   5.4384460e-01   6.2578793e-02
   2.0140000e+03   1.2000000e+01   8.0000000e+00   1.6000000e+01   1.1000000e+01   2.1000000e+01  -5.3822704e+01  -3.9151892e+01   5.0407456e+02   1.6819803e+00   3.5478152e+00   6.0416394e-02
   2.0140000e+03   1.2000000e+01   8.0000000e+00   1.6000000e+01   1.4000000e+01   3.9000000e+01  -5.3813877e+01  -3.9154314e+01   9.9367885e+02   8.7237775e-01   2.1614150e+00   1.2364175e+00
   2.0140000e+03   1.2000000e+01   8.0000000e+00   1.6000000e+01   1.6000000e+01   1.7000000e+01  -5.3809444e+01  -3.9155538e+01   4.9907783e+02   1.1065126e+00   5.1605425e+00   1.4000377e+00
   2.0140000e+03   1.2000000e+01   8.0000000e+00   1.6000000e+01   1.7000000e+01   5.5000000e+01  -5.3805031e+01  -3.9156720e+01   4.9647884e+02   1.2777533e+00   4.6574126e+00   3.8563510e+00
   2.0140000e+03   1.2000000e+01   8.0000000e+00   1.6000000e+01   1.9000000e+01   3.4000000e+01  -5.3800621e+01  -3.9158015e+01   4.9732664e+02   1.2684563e+00   7.7060851e+00   4.0796995e+00
   2.0140000e+03   1.2000000e+01   8.0000000e+00   1.6000000e+01   2.1000000e+01   1.3000000e+01  -5.3796194e+01  -3.9159235e+01   4.9844212e+02   1.4198836e+00   4.6656500e+00   2.7532537e+00
   2.0140000e+03   1.2000000e+01   8.0000000e+00   1.6000000e+01   2.2000000e+01   4.9999901e+01  -5.3791740e+01  -3.9160488e+01   5.0164173e+02   1.5598242e+00   4.1388173e+00   2.7794985e+00
   2.0140000e+03   1.2000000e+01   8.0000000e+00   1.6000000e+01   2.4000000e+01   2.8000000e+01  -5.3787324e+01  -3.9161681e+01   4.9694279e+02   2.1837035e+00   5.0966171e+00   1.8379685e+00
   2.0140000e+03   1.2000000e+01   8.0000000e+00   1.6000000e+01   2.6000000e+01   8.0000000e+00  -5.3782860e+01  -3.9162870e+01   5.0211697e+02   3.5722773e+02   7.4120177e+02   7.2874777e+02
   2.0140000e+03   1.2000000e+01   8.0000000e+00   1.6000000e+01   2.7000000e+01   4.5999901e+01  -5.3778462e+01  -3.9164072e+01   4.9509107e+02   1.9743895e+02   5.2950584e+02   5.2841603e+02
   2.0140000e+03   1.2000000e+01   8.0000000e+00   1.6000000e+01   2.9000000e+01   2.2000000e+01  -5.3774026e+01  -3.9165381e+01   5.0030183e+02   1.3527693e+00   3.0572601e+00   1.1445820e+00
   2.0140000e+03   1.2000000e+01   8.0000000e+00   1.6000000e+01   3.0000000e+01   5.9000099e+01  -5.3769603e+01  -3.9166702e+01   4.9915140e+02   8.1456337e-01   4.0843809e+00   2.5142960e+00
   2.0140000e+03   1.2000000e+01   8.0000000e+00   1.6000000e+01   3.2000000e+01   3.7000000e+01  -5.3765173e+01  -3.9167997e+01   4.9957048e+02   1.2270305e+00   2.5259543e+00   1.0412397e+00
   2.0140000e+03   1.2000000e+01   8.0000000e+00   1.6000000e+01   3.4000000e+01   1.6000000e+01  -5.3760751e+01  -3.9169299e+01   4.9869778e+02   1.1500971e+00   3.5129041e+00   9.7890824e-01
   2.0140000e+03   1.2000000e+01   8.0000000e+00   1.6000000e+01   3.5000000e+01   5.6000099e+01  -5.3756322e+01  -3.9170547e+01   4.9888240e+02   2.1087494e+00   6.6586827e+00   3.5141780e+00
   2.0140000e+03   1.2000000e+01   8.0000000e+00   1.6000000e+01   3.7000000e+01   3.6000000e+01  -5.3751903e+01  -3.9171822e+01   4.9814264e+02   8.0385666e-01   5.3964625e+00   1.6792329e+00
   2.0140000e+03   1.2000000e+01   8.0000000e+00   1.6000000e+01   3.9000000e+01   1.7000000e+01  -5.3747515e+01  -3.9173083e+01   4.9459339e+02   1.8078452e+00   5.4272813e+00   2.8714304e+00
   2.0140000e+03   1.2000000e+01   8.0000000e+00   1.6000000e+01   4.0000000e+01   5.8000000e+01  -5.3743085e+01  -3.9174416e+01   5.0002368e+02   1.0121185e+00   2.2176436e+00   1.1533404e+00
   2.0140000e+03   1.2000000e+01   8.0000000e+00   1.6000000e+01   4.2000000e+01   3.7000000e+01  -5.3738623e+01  -3.9175758e+01   5.0357634e+02   1.0856350e+00   6.3305288e+00   1.0318143e+00
   2.0140000e+03   1.2000000e+01   8.0000000e+00   1.6000000e+01   4.4000000e+01   1.5000099e+01  -5.3734257e+01  -3.9177146e+01   4.9363047e+02   9.5787331e-01   3.4054308e+00   1.7594695e+00
   2.0140000e+03   1.2000000e+01   8.0000000e+00   1.6000000e+01   4.5000000e+01   5.3000000e+01  -5.3729831e+01  -3.9178498e+01   4.9983773e+02   7.1779684e-01   3.6179496e+00   2.4021507e+00
   2.0140000e+03   1.2000000e+01   8.0000000e+00   1.6000000e+01   4.7000000e+01   3.3000000e+01  -5.3725384e+01  -3.9179911e+01   5.0285576e+02   6.0362003e-01   3.8577498e+00   2.2179940e+00
   2.0140000e+03   1.2000000e+01   8.0000000e+00   1.6000000e+01   4.9000000e+01   1.5000000e+01  -5.3720949e+01  -3.9181308e+01   5.0124194e+02   9.9801615e-01   4.4836407e+00   2.0828036e+00
   2.0140000e+03   1.2000000e+01   8.0000000e+00   1.6000000e+01   5.0000000e+01   5.6000000e+01  -5.3716562e+01  -3.9182592e+01   4.9475931e+02   1.4580202e+00   7.3065942e+00   2.7716713e+00
   2.0140000e+03   1.2000000e+01   8.0000000e+00   1.6000000e+01   5.2000000e+01   3.6000000e+01  -5.3712142e+01  -3.9183881e+01   4.9841471e+02   7.8956825e-01   3.6692965e+00   9.1058671e-01
   2.0140000e+03   1.2000000e+01   8.0000000e+00   1.6000000e+01   5.4000000e+01   1.6000099e+01  -5.3707715e+01  -3.9185171e+01   4.9915191e+02   7.0882580e-01   2.4610636e+00   1.2541735e+00
   2.0140000e+03   1.2000000e+01   8.0000000e+00   1.6000000e+01   5.5000000e+01   5.7000099e+01  -5.3703223e+01  -3.9186462e+01   5.0630805e+02   9.9055112e-01   2.0627659e+00   1.1066241e+00
   2.0140000e+03   1.2000000e+01   8.0000000e+00   1.6000000e+01   5.9000000e+01   2.2000000e+01  -5.3694440e+01  -3.9188935e+01   9.8951401e+02   1.3400400e+00   2.7585946e+00   1.1396776e+00
   2.0140000e+03   1.2000000e+01   8.0000000e+00   1.7000000e+01   1.0000000e+00   1.0000992e+00  -5.3689994e+01  -3.9190231e+01   5.0127531e+02   2.1456026e+00   4.5531005e+00   1.8901698e+00
   2.0140000e+03   1.2000000e+01   8.0000000e+00   1.7000000e+01   2.0000000e+00   4.0000000e+01  -5.3685612e+01  -3.9191499e+01   4.9405508e+02   1.6284591e+00   3.4007446e+00   2.6795807e-01
   2.0140000e+03   1.2000000e+01   8.0000000e+00   1.7000000e+01   4.0000000e+00   2.1000000e+01  -5.3681211e+01  -3.9192745e+01   4.9584166e+02   1.1944142e+00   3.1158703e+00   1.6768478e-01
   2.0140000e+03   1.2000000e+01   8.0000000e+00   1.7000000e+01   6.0000000e+00   1.0000000e+00  -5.3676746e+01  -3.9194036e+01   5.0344992e+02   1.6517026e+00   5.3844942e+00   1.4557765e+00
   2.0140000e+03   1.2000000e+01   8.0000000e+00   1.7000000e+01   7.0000000e+00   4.0000099e+01  -5.3672237e+01  -3.9195192e+01   5.0673364e+02   2.0423969e+00   4.3341826e+00   1.0933930e-01
   2.0140000e+03   1.2000000e+01   8.0000000e+00   1.7000000e+01   1.1000000e+01   0.0000000e+00  -5.3663442e+01  -3.9197538e+01   9.8945559e+02   1.6193008e+00   1.7190771e+01   9.9353902e+00
   2.0140000e+03   1.2000000e+01   8.0000000e+00   1.7000000e+01   1.2000000e+01   4.0000000e+01  -5.3659001e+01  -3.9198866e+01   5.0119701e+02   4.0483419e+00   8.5629329e+00   5.8243905e+00
   2.0140000e+03   1.2000000e+01   8.0000000e+00   1.7000000e+01   1.4000000e+01   1.8000099e+01  -5.3654572e+01  -3.9200212e+01   5.0006729e+02   2.7373079e+00   5.6678239e+00   1.7799396e+00
   2.0140000e+03   1.2000000e+01   8.0000000e+00   1.7000000e+01   1.5000000e+01   5.4000000e+01  -5.3650173e+01  -3.9201567e+01   4.9682465e+02   1.5543974e+00   3.1998689e+00   6.1048311e-01
   2.0140000e+03   1.2000000e+01   8.0000000e+00   1.7000000e+01   1.7000000e+01   3.2999901e+01  -5.3645717e+01  -3.9202982e+01   5.0384158e+02   2.6340927e-01   7.0516846e-01   3.6300452e-01
   2.0140000e+03   1.2000000e+01   8.0000000e+00   1.7000000e+01   1.9000000e+01   1.4000099e+01  -5.3641374e+01  -3.9204420e+01   4.9181784e+02   4.1036630e-01   9.0931417e-01   0.0000000e+00
   2.0140000e+03   1.2000000e+01   8.0000000e+00   1.7000000e+01   2.0000000e+01   5.3000000e+01  -5.3636969e+01  -3.9205937e+01   4.9954761e+02   1.5369795e-01   4.0176665e-01   4.7620803e-02
   2.0140000e+03   1.2000000e+01   8.0000000e+00   1.7000000e+01   2.2000000e+01   3.1000000e+01  -5.3632593e+01  -3.9207494e+01   4.9705597e+02   1.2060629e-01   3.5677232e-01   3.1064877e-01
   2.0140000e+03   1.2000000e+01   8.0000000e+00   1.7000000e+01   2.4000000e+01   1.1000000e+01  -5.3628180e+01  -3.9209065e+01   5.0112623e+02   1.4045929e-01   4.0490763e-01   1.0165784e-01
   2.0140000e+03   1.2000000e+01   8.0000000e+00   1.7000000e+01   2.5000000e+01   4.9000000e+01  -5.3623751e+01  -3.9210608e+01   5.0251402e+02   1.1322510e+00   2.5479547e+00   4.2065251e-01
   2.0140000e+03   1.2000000e+01   8.0000000e+00   1.7000000e+01   2.7000000e+01   2.3000000e+01  -5.3619417e+01  -3.9212239e+01   4.9345234e+02   1.1176065e+00   2.7920384e+00   8.4461333e-01
   2.0140000e+03   1.2000000e+01   8.0000000e+00   1.7000000e+01   2.9000000e+01   2.0000000e+00  -5.3614910e+01  -3.9213826e+01   5.1167808e+02   3.3675361e-01   8.1591944e-01   5.4392183e-01
   2.0140000e+03   1.2000000e+01   8.0000000e+00   1.7000000e+01   3.2000000e+01   2.9000099e+01  -5.3606203e+01  -3.9216782e+01   9.8697453e+02   3.8050923e-01   8.2809407e-01   5.1211201e-01
   2.0140000e+03   1.2000000e+01   8.0000000e+00   1.7000000e+01   3.4000000e+01   6.0000000e+00  -5.3601744e+01  -3.9218236e+01   5.0465272e+02   5.8625925e-01   1.2260066e+00   7.3769595e-01
   2.0140000e+03   1.2000000e+01   8.0000000e+00   1.7000000e+01   3.5000000e+01   4.3999901e+01  -5.3597347e+01  -3.9219589e+01   4.9666835e+02   1.0607058e+00   3.9680440e+00   6.1750013e-01
   2.0140000e+03   1.2000000e+01   8.0000000e+00   1.7000000e+01   3.7000000e+01   2.5999901e+01  -5.3592963e+01  -3.9221004e+01   4.9594793e+02   5.2643358e-01   1.3011225e+00   1.4682263e-01
   2.0140000e+03   1.2000000e+01   8.0000000e+00   1.7000000e+01   3.9000000e+01   6.9999008e+00  -5.3588547e+01  -3.9222430e+01   4.9966956e+02   1.0672691e+00   2.2699980e+00   3.4331089e-01
   2.0140000e+03   1.2000000e+01   8.0000000e+00   1.7000000e+01   4.0000000e+01   4.6000000e+01  -5.3584146e+01  -3.9223843e+01   4.9790486e+02   1.6660901e+00   3.7300673e+00   4.7302044e-01
   2.0140000e+03   1.2000000e+01   8.0000000e+00   1.7000000e+01   4.2000000e+01   2.5000000e+01  -5.3579689e+01  -3.9225267e+01   5.0402992e+02   7.3843952e-01   1.8174828e+00   5.8965262e-01
   2.0140000e+03   1.2000000e+01   8.0000000e+00   1.7000000e+01   4.4000000e+01   4.0000000e+00  -5.3575292e+01  -3.9226620e+01   4.9673290e+02   3.9950564e-01   8.8269919e-01   2.0004807e-01
   2.0140000e+03   1.2000000e+01   8.0000000e+00   1.7000000e+01   4.5000000e+01   4.3000000e+01  -5.3570919e+01  -3.9228048e+01   4.9490253e+02   2.0568648e-01   4.8924783e-01   1.2237631e-01
   2.0140000e+03   1.2000000e+01   8.0000000e+00   1.7000000e+01   4.7000000e+01   1.9000000e+01  -5.3566485e+01  -3.9229470e+01   5.0159098e+02   1.0354834e-01   2.8101109e-01   6.7847382e-02
   2.0140000e+03   1.2000000e+01   8.0000000e+00   1.7000000e+01   4.8000000e+01   5.4000000e+01  -5.3562089e+01  -3.9230699e+01   4.9521723e+02   1.4200198e-01   2.9232403e-01   2.5684586e-01
   2.0140000e+03   1.2000000e+01   8.0000000e+00   1.7000000e+01   5.0000000e+01   3.1000099e+01  -5.3557623e+01  -3.9231990e+01   5.0350398e+02   3.2835273e-01   8.8913525e-01   3.9118286e-01
   2.0140000e+03   1.2000000e+01   8.0000000e+00   1.7000000e+01   5.2000000e+01   9.0000000e+00  -5.3553210e+01  -3.9233297e+01   4.9792177e+02   8.0901466e-02   2.8088377e-01   5.3061590e-02
   2.0140000e+03   1.2000000e+01   8.0000000e+00   1.7000000e+01   5.3000000e+01   4.8000000e+01  -5.3548848e+01  -3.9234569e+01   4.9190767e+02   2.1520707e-01   6.1186348e-01   4.5027837e-01
   2.0140000e+03   1.2000000e+01   8.0000000e+00   1.7000000e+01   5.5000000e+01   2.7000099e+01  -5.3544388e+01  -3.9235856e+01   5.0279663e+02   1.6939707e-01   3.6288277e-01   2.3708543e-01
   2.0140000e+03   1.2000000e+01   8.0000000e+00   1.7000000e+01   5.7000000e+01   4.0000000e+00  -5.3539976e+01  -3.9237148e+01   4.9760206e+02   2.1778413e-01   4.4832852e-01   2.7579608e-01
   2.0140000e+03   1.2000000e+01   8.0000000e+00   1.7000000e+01   5.8000000e+01   4.1000099e+01  -5.3535469e+01  -3.9238411e+01   5.0772170e+02   6.5878502e-01   2.0040037e+00   7.1240882e-01
   2.0140000e+03   1.2000000e+01   8.0000000e+00   1.8000000e+01   1.0000000e+00   5.7000000e+01  -5.3526637e+01  -3.9240850e+01   9.9454701e+02   9.3434247e-01   2.0344860e+00   4.1805075e-01
   2.0140000e+03   1.2000000e+01   8.0000000e+00   1.8000000e+01   3.0000000e+00   3.6000000e+01  -5.3522246e+01  -3.9242120e+01   4.9511692e+02   3.5198632e-01   7.8259706e-01   3.2498198e-01
   2.0140000e+03   1.2000000e+01   8.0000000e+00   1.8000000e+01   5.0000000e+00   1.5000000e+01  -5.3517833e+01  -3.9243416e+01   4.9774867e+02   5.8674492e-01   1.2211294e+00   5.6271342e-01
   2.0140000e+03   1.2000000e+01   8.0000000e+00   1.8000000e+01   6.0000000e+00   5.3000000e+01  -5.3513380e+01  -3.9244757e+01   5.0279097e+02   4.6590425e-01   1.1117014e+00   3.8794970e-01
   2.0140000e+03   1.2000000e+01   8.0000000e+00   1.8000000e+01   8.0000000e+00   3.1000099e+01  -5.3508945e+01  -3.9246014e+01   4.9972907e+02   1.6990842e-01   3.8527418e-01   2.1145946e-01
   2.0140000e+03   1.2000000e+01   8.0000000e+00   1.8000000e+01   1.0000000e+01   9.0000000e+00  -5.3504584e+01  -3.9247298e+01   4.9198628e+02   4.5975209e-01   1.0567216e+00   6.3499901e-01
   2.0140000e+03   1.2000000e+01   8.0000000e+00   1.8000000e+01   1.1000000e+01   4.9000000e+01  -5.3500096e+01  -3.9248563e+01   5.0563131e+02   1.3217755e+00   2.7690514e+00   9.1927631e-01
   2.0140000e+03   1.2000000e+01   8.0000000e+00   1.8000000e+01   1.3000000e+01   3.1000000e+01  -5.3495658e+01  -3.9249836e+01   5.0022748e+02   7.0608262e-01   1.5331429e+00   1.0118911e+00
   2.0140000e+03   1.2000000e+01   8.0000000e+00   1.8000000e+01   1.5000000e+01   1.2000000e+01  -5.3491280e+01  -3.9251065e+01   4.9331142e+02   4.2757346e-01   8.8019901e-01   7.2399588e-01
   2.0140000e+03   1.2000000e+01   8.0000000e+00   1.8000000e+01   1.6000000e+01   4.9000000e+01  -5.3486819e+01  -3.9252392e+01   5.0336269e+02   1.5612608e+00   6.1697042e+00   5.6728197e+00
   2.0140000e+03   1.2000000e+01   8.0000000e+00   1.8000000e+01   1.8000000e+01   2.3000000e+01  -5.3482390e+01  -3.9253729e+01   5.0006341e+02   1.0383859e+00   2.1376122e+00   1.2782521e+00
   2.0140000e+03   1.2000000e+01   8.0000000e+00   1.8000000e+01   2.0000000e+01   0.0000000e+00  -5.3477974e+01  -3.9255038e+01   4.9825275e+02   1.1181185e+00   2.3017490e+00   6.3364124e-01
   2.0140000e+03   1.2000000e+01   8.0000000e+00   1.8000000e+01   2.1000000e+01   4.0000000e+01  -5.3473544e+01  -3.9256365e+01   5.0001569e+02   3.7439644e-01   3.0264608e+00   2.3904530e+00
   2.0140000e+03   1.2000000e+01   8.0000000e+00   1.8000000e+01   2.3000000e+01   2.0000000e+01  -5.3469115e+01  -3.9257677e+01   4.9978193e+02   6.1831637e-01   1.7763370e+00   7.2770494e-01
   2.0140000e+03   1.2000000e+01   8.0000000e+00   1.8000000e+01   2.5000000e+01   0.0000000e+00  -5.3464681e+01  -3.9258983e+01   5.0015040e+02   1.6013423e+00   3.4534461e+00   2.7417734e+00
   2.0140000e+03   1.2000000e+01   8.0000000e+00   1.8000000e+01   2.6000000e+01   4.3000099e+01  -5.3460240e+01  -3.9260257e+01   5.0067891e+02   1.5363438e+00   3.3573647e+00   2.3299305e+00
   2.0140000e+03   1.2000000e+01   8.0000000e+00   1.8000000e+01   3.0000000e+01   7.9999008e+00  -5.3451481e+01  -3.9262858e+01   9.8834587e+02   2.8357980e-01   9.3358412e-01   2.8028855e-01
   2.0140000e+03   1.2000000e+01   8.0000000e+00   1.8000000e+01   3.1000000e+01   4.7000000e+01  -5.3447053e+01  -3.9264240e+01   5.0052477e+02   7.4531783e-01   1.5486463e+00   4.2853157e-01
   2.0140000e+03   1.2000000e+01   8.0000000e+00   1.8000000e+01   3.3000000e+01   2.3000000e+01  -5.3442610e+01  -3.9265518e+01   5.0089979e+02   4.5188757e-01   1.0312636e+00   2.6685565e-01
   2.0140000e+03   1.2000000e+01   8.0000000e+00   1.8000000e+01   3.4000000e+01   5.8000000e+01  -5.3438201e+01  -3.9266829e+01   4.9748648e+02   2.8911735e-01   6.7894728e-01   1.7473102e-01
   2.0140000e+03   1.2000000e+01   8.0000000e+00   1.8000000e+01   3.6000000e+01   3.4000000e+01  -5.3433799e+01  -3.9268109e+01   4.9650563e+02   9.9723137e-02   2.5820501e-01   1.7814334e-01
   2.0140000e+03   1.2000000e+01   8.0000000e+00   1.8000000e+01   3.8000000e+01   1.0000000e+01  -5.3429343e+01  -3.9269448e+01   5.0299903e+02   1.4254122e-01   3.3530938e-01   1.5060336e-01
   2.0140000e+03   1.2000000e+01   8.0000000e+00   1.8000000e+01   3.9000000e+01   4.7000000e+01  -5.3424976e+01  -3.9270657e+01   4.9182229e+02   2.8681000e-01   6.3767905e-01   2.5120295e-01
   2.0140000e+03   1.2000000e+01   8.0000000e+00   1.8000000e+01   4.1000000e+01   2.4000000e+01  -5.3420506e+01  -3.9271966e+01   5.0417079e+02   1.3783322e-01   3.4230066e-01   6.7899215e-02
   2.0140000e+03   1.2000000e+01   8.0000000e+00   1.8000000e+01   4.3000000e+01   1.0000000e+00  -5.3416125e+01  -3.9273147e+01   4.9311477e+02   2.2367403e-01   6.7430869e-01   9.6045549e-02
   2.0140000e+03   1.2000000e+01   8.0000000e+00   1.8000000e+01   4.4000000e+01   4.1000000e+01  -5.3411667e+01  -3.9274419e+01   5.0247598e+02   6.4826435e-01   2.1057600e+00   7.5178877e-02
   2.0140000e+03   1.2000000e+01   8.0000000e+00   1.8000000e+01   4.6000000e+01   2.2000000e+01  -5.3407260e+01  -3.9275716e+01   4.9720729e+02   9.0343210e-01   2.1779555e+00   3.5425995e-02
   2.0140000e+03   1.2000000e+01   8.0000000e+00   1.8000000e+01   4.8000000e+01   3.0000000e+00  -5.3402832e+01  -3.9277034e+01   4.9969010e+02   2.1572401e+00   4.5036443e+00   1.0820557e-01
   2.0140000e+03   1.2000000e+01   8.0000000e+00   1.8000000e+01   4.9000000e+01   4.5000000e+01  -5.3398429e+01  -3.9278310e+01   4.9654311e+02   1.3514696e+00   2.8349211e+00   1.6702347e-01
   2.0140000e+03   1.2000000e+01   8.0000000e+00   1.8000000e+01   5.1000000e+01   2.3999901e+01  -5.3393951e+01  -3.9279632e+01   5.0526493e+02   8.3858631e-01   1.7263065e+00   3.9175059e-02
   2.0140000e+03   1.2000000e+01   8.0000000e+00   1.8000000e+01   5.3000000e+01   2.0000000e+00  -5.3389545e+01  -3.9280976e+01   4.9763430e+02   1.0502130e+00   2.1922191e+00   1.8302822e-02
   2.0140000e+03   1.2000000e+01   8.0000000e+00   1.8000000e+01   5.4000000e+01   4.2000000e+01  -5.3385111e+01  -3.9282273e+01   5.0005495e+02   4.6024147e-01   1.1831820e+00   7.3488894e-03
   2.0140000e+03   1.2000000e+01   8.0000000e+00   1.8000000e+01   5.6000000e+01   2.3000000e+01  -5.3380630e+01  -3.9283569e+01   5.0533105e+02   5.8642148e-01   1.2369177e+00   5.3851966e-02
   2.0140000e+03   1.2000000e+01   8.0000000e+00   1.8000000e+01   5.9000000e+01   4.1000000e+01  -5.3371851e+01  -3.9286224e+01   9.9130153e+02   2.1376544e-01   6.2583525e-01   8.5562989e-02
   2.0140000e+03   1.2000000e+01   8.0000000e+00   1.9000000e+01   1.0000000e+00   1.7000000e+01  -5.3367432e+01  -3.9287612e+01   4.9955820e+02   2.5384372e-01   7.2456849e-01   2.2991153e-03
   2.0140000e+03   1.2000000e+01   8.0000000e+00   1.9000000e+01   2.0000000e+00   5.2000000e+01  -5.3363033e+01  -3.9289287e+01   5.0131682e+02   2.5921199e+00   5.3951785e+00   5.9063154e-02
   2.0140000e+03   1.2000000e+01   8.0000000e+00   1.9000000e+01   4.0000000e+00   2.9999901e+01  -5.3358654e+01  -3.9290917e+01   4.9838816e+02   1.2175792e+00   2.5064980e+00   1.1203211e+00
   2.0140000e+03   1.2000000e+01   8.0000000e+00   1.9000000e+01   6.0000000e+00   1.1999901e+01  -5.3354249e+01  -3.9292417e+01   4.9949336e+02   6.1366465e-01   1.2632847e+00   3.7197104e-01
   2.0140000e+03   1.2000000e+01   8.0000000e+00   1.9000000e+01   9.0000000e+00   3.4000000e+01  -5.3345509e+01  -3.9295146e+01   9.8798618e+02   2.8979449e-01   6.5161324e-01   1.9623361e-01
   2.0140000e+03   1.2000000e+01   8.0000000e+00   1.9000000e+01   1.1000000e+01   1.0000000e+01  -5.3341030e+01  -3.9296551e+01   5.0634667e+02   4.4167075e-01   9.6762209e-01   4.9751894e-02
   2.0140000e+03   1.2000000e+01   8.0000000e+00   1.9000000e+01   1.2000000e+01   4.5000000e+01  -5.3336635e+01  -3.9297983e+01   4.9749118e+02   8.2268441e-01   2.0462707e+00   3.4243215e-02
   2.0140000e+03   1.2000000e+01   8.0000000e+00   1.9000000e+01   1.4000000e+01   2.1000099e+01  -5.3332241e+01  -3.9299421e+01   4.9748264e+02   7.6482390e-01   1.5828812e+00   5.0996248e-02
   2.0140000e+03   1.2000000e+01   8.0000000e+00   1.9000000e+01   1.6000000e+01   0.0000000e+00  -5.3327827e+01  -3.9300809e+01   4.9907708e+02   6.5822668e-01   1.8479916e+00   1.1854759e-01
   2.0140000e+03   1.2000000e+01   8.0000000e+00   1.9000000e+01   1.7000000e+01   4.2000000e+01  -5.3323452e+01  -3.9302057e+01   4.9312505e+02   4.2944700e+00   9.0941697e+00   7.8294563e-01
   2.0140000e+03   1.2000000e+01   8.0000000e+00   1.9000000e+01   1.9000000e+01   2.5000000e+01  -5.3318999e+01  -3.9303318e+01   5.0191475e+02   8.5161965e-01   1.7941246e+00   6.4961851e-01
