   2.0140000e+03   1.2000000e+01   1.1000000e+01   8.0000000e+00   5.9000000e+01   1.8000000e+01  -5.3869663e+01  -3.7727827e+01   6.1823931e+02   3.1865199e-01   8.7402107e-01   7.2871552e-01
   2.0140000e+03   1.2000000e+01   1.1000000e+01   9.0000000e+00   4.0000000e+00   1.0000000e+00  -5.3860976e+01  -3.7730681e+01   9.8320667e+02   7.6442745e-01   1.6169901e+00   9.4437803e-01
   2.0140000e+03   1.2000000e+01   1.1000000e+01   9.0000000e+00   5.0000000e+00   4.9000000e+01  -5.3856528e+01  -3.7732277e+01   5.0525089e+02   7.7285909e-01   1.7995244e+00   8.9521335e-01
   2.0140000e+03   1.2000000e+01   1.1000000e+01   9.0000000e+00   7.0000000e+00   2.8000000e+01  -5.3852090e+01  -3.7733839e+01   5.0366424e+02   9.1973129e-01   1.9209558e+00   9.0869669e-01
   2.0140000e+03   1.2000000e+01   1.1000000e+01   9.0000000e+00   9.0000000e+00   4.0000000e+00  -5.3847638e+01  -3.7735252e+01   5.0325137e+02   7.8222844e-01   2.1318031e+00   4.9834584e-01
   2.0140000e+03   1.2000000e+01   1.1000000e+01   9.0000000e+00   1.0000000e+01   4.1000000e+01  -5.3843253e+01  -3.7736625e+01   4.9555112e+02   5.7079165e-01   1.6658278e+00   9.6702652e-01
   2.0140000e+03   1.2000000e+01   1.1000000e+01   9.0000000e+00   1.2000000e+01   2.0000000e+01  -5.3838826e+01  -3.7738156e+01   5.0205453e+02   4.6388434e-01   1.0867600e+00   6.0418377e-01
   2.0140000e+03   1.2000000e+01   1.1000000e+01   9.0000000e+00   1.3000000e+01   5.9000000e+01  -5.3834428e+01  -3.7739663e+01   4.9859145e+02   3.1624071e-01   7.9733554e-01   2.4837437e-01
   2.0140000e+03   1.2000000e+01   1.1000000e+01   9.0000000e+00   1.5000000e+01   3.6000000e+01  -5.3830046e+01  -3.7741177e+01   4.9698814e+02   1.0050601e+00   2.6699592e+00   8.6952511e-01
   2.0140000e+03   1.2000000e+01   1.1000000e+01   9.0000000e+00   1.7000000e+01   1.2000000e+01  -5.3825638e+01  -3.7742600e+01   4.9856651e+02   1.7546484e+02   3.9545839e+02   2.2393561e+02
   2.0140000e+03   1.2000000e+01   1.1000000e+01   9.0000000e+00   2.0000000e+01   2.7000000e+01  -5.3816870e+01  -3.7745661e+01   9.9482726e+02   3.8100067e+01   7.8529636e+01   6.4381632e+01
   2.0140000e+03   1.2000000e+01   1.1000000e+01   9.0000000e+00   2.2000000e+01   5.0000000e+00  -5.3812424e+01  -3.7747139e+01   5.0343643e+02   5.4101147e-01   1.1656006e+00   6.1001939e-01
   2.0140000e+03   1.2000000e+01   1.1000000e+01   9.0000000e+00   2.3000000e+01   4.3000000e+01  -5.3808016e+01  -3.7748626e+01   4.9944309e+02   8.6799083e-01   1.8486487e+00   2.5897069e-01
   2.0140000e+03   1.2000000e+01   1.1000000e+01   9.0000000e+00   2.5000000e+01   2.3000000e+01  -5.3803625e+01  -3.7750087e+01   4.9725686e+02   1.0705096e+00   2.2375603e+00   2.8149812e-01
   2.0140000e+03   1.2000000e+01   1.1000000e+01   9.0000000e+00   2.7000000e+01   4.0000000e+00  -5.3799234e+01  -3.7751503e+01   4.9668941e+02   7.9437510e-01   2.1561405e+00   8.8459234e-01
   2.0140000e+03   1.2000000e+01   1.1000000e+01   9.0000000e+00   3.0000000e+01   1.9000000e+01  -5.3790419e+01  -3.7754470e+01   9.9869753e+02   8.9492678e-01   1.8422885e+00   3.8094416e-01
   2.0140000e+03   1.2000000e+01   1.1000000e+01   9.0000000e+00   3.1000000e+01   5.8000000e+01  -5.3786006e+01  -3.7755971e+01   5.0015882e+02   1.1610995e+00   2.7022571e+00   1.9309674e+00
   2.0140000e+03   1.2000000e+01   1.1000000e+01   9.0000000e+00   3.3000000e+01   3.8000000e+01  -5.3781623e+01  -3.7757431e+01   4.9643175e+02   6.1879525e+00   1.4762371e+01   1.3981672e+01
   2.0140000e+03   1.2000000e+01   1.1000000e+01   9.0000000e+00   3.6000000e+01   5.3000000e+01  -5.3772791e+01  -3.7760308e+01   9.9945448e+02   7.4433956e-01   2.6197669e+00   1.9989177e+00
   2.0140000e+03   1.2000000e+01   1.1000000e+01   9.0000000e+00   3.8000000e+01   3.0000000e+01  -5.3768372e+01  -3.7761740e+01   4.9990550e+02   7.1676145e-01   1.4755189e+00   9.7040406e-01
   2.0140000e+03   1.2000000e+01   1.1000000e+01   9.0000000e+00   4.0000000e+01   1.0000000e+01  -5.3763950e+01  -3.7763279e+01   5.0170787e+02   6.6501458e-01   1.8331122e+00   1.0820870e+00
   2.0140000e+03   1.2000000e+01   1.1000000e+01   9.0000000e+00   4.1000000e+01   5.1000000e+01  -5.3759565e+01  -3.7764953e+01   4.9948756e+02   8.6373572e-01   1.9179359e+00   8.7084009e-01
   2.0140000e+03   1.2000000e+01   1.1000000e+01   9.0000000e+00   4.3000000e+01   3.4000000e+01  -5.3755159e+01  -3.7766531e+01   5.0040725e+02   4.3468037e+01   8.9482921e+01   7.6675724e+01
   2.0140000e+03   1.2000000e+01   1.1000000e+01   9.0000000e+00   4.6000000e+01   5.3000000e+01  -5.3746429e+01  -3.7769414e+01   9.8840073e+02   1.6148802e+00   3.8794664e+00   2.6777363e+00
   2.0140000e+03   1.2000000e+01   1.1000000e+01   9.0000000e+00   4.8000000e+01   2.8000000e+01  -5.3742005e+01  -3.7770831e+01   5.0034980e+02   1.3195487e+00   2.7164115e+00   1.7105104e+00
   2.0140000e+03   1.2000000e+01   1.1000000e+01   9.0000000e+00   5.0000000e+01   6.0000000e+00  -5.3737548e+01  -3.7772360e+01   5.0535236e+02   2.0462679e+01   4.2403867e+01   4.0947815e+01
   2.0140000e+03   1.2000000e+01   1.1000000e+01   9.0000000e+00   5.1000000e+01   4.6000000e+01  -5.3733208e+01  -3.7773687e+01   4.9006669e+02   8.8675059e+00   2.1259177e+01   4.6469631e+00
   2.0140000e+03   1.2000000e+01   1.1000000e+01   9.0000000e+00   5.4000000e+01   5.9000000e+01  -5.3724385e+01  -3.7776535e+01   9.9819850e+02   5.8684485e+01   1.4533601e+02   1.2263409e+02
   2.0140000e+03   1.2000000e+01   1.1000000e+01   9.0000000e+00   5.6000000e+01   3.6000000e+01  -5.3719954e+01  -3.7778158e+01   5.0380418e+02   3.0998124e+02   6.3851314e+02   6.3783008e+02
   2.0140000e+03   1.2000000e+01   1.1000000e+01   9.0000000e+00   5.8000000e+01   1.6000000e+01  -5.3715595e+01  -3.7779669e+01   4.9438571e+02   6.2054887e+00   1.3223560e+01   9.0352642e+00
   2.0140000e+03   1.2000000e+01   1.1000000e+01   1.0000000e+01   1.0000000e+00   2.9000000e+01  -5.3706799e+01  -3.7782740e+01   9.9811461e+02   2.0508189e+00   7.4411845e+00   1.6775690e+00
   2.0140000e+03   1.2000000e+01   1.1000000e+01   1.0000000e+01   3.0000000e+00   7.0000000e+00  -5.3702398e+01  -3.7784333e+01   5.0008802e+02   5.7967380e-01   1.4258891e+00   8.1664407e-01
   2.0140000e+03   1.2000000e+01   1.1000000e+01   1.0000000e+01   5.0000000e+00   4.0000000e+00  -5.3697823e+01  -3.7785705e+01   5.1635780e+02   8.9577216e+00   1.9190710e+01   1.1762796e+01
   2.0140000e+03   1.2000000e+01   1.1000000e+01   1.0000000e+01   7.0000000e+00   3.0000000e+01  -5.3693493e+01  -3.7787132e+01   4.9028018e+02   7.2223648e-01   2.4404877e+00   1.8209744e+00
   2.0140000e+03   1.2000000e+01   1.1000000e+01   1.0000000e+01   1.1000000e+01   5.9000000e+01  -5.3684907e+01  -3.7790249e+01   9.7583744e+02   9.0411920e-01   1.8612119e+00   6.4398152e-01
   2.0140000e+03   1.2000000e+01   1.1000000e+01   1.0000000e+01   1.3000000e+01   4.2000000e+01  -5.3680465e+01  -3.7791653e+01   5.0214231e+02   6.9531017e-01   2.1455365e+00   1.5120936e+00
   2.0140000e+03   1.2000000e+01   1.1000000e+01   1.0000000e+01   1.5000000e+01   2.2000000e+01  -5.3676044e+01  -3.7793176e+01   5.0144113e+02   9.4042298e-01   2.3205566e+00   1.8581012e+00
   2.0140000e+03   1.2000000e+01   1.1000000e+01   1.0000000e+01   1.8000000e+01   4.2000000e+01  -5.3667120e+01  -3.7796076e+01   1.0097624e+03   8.0148660e-01   2.8351093e+00   2.1745146e+00
   2.0140000e+03   1.2000000e+01   1.1000000e+01   1.0000000e+01   2.2000000e+01   0.0000000e+00  -5.3658386e+01  -3.7799024e+01   9.8974276e+02   8.6253101e-01   1.8081816e+00   1.1058574e+00
   2.0140000e+03   1.2000000e+01   1.1000000e+01   1.0000000e+01   2.3000000e+01   3.9000000e+01  -5.3653996e+01  -3.7800392e+01   4.9614582e+02   5.0923859e-01   1.1633614e+00   1.0260859e+00
   2.0140000e+03   1.2000000e+01   1.1000000e+01   1.0000000e+01   2.5000000e+01   1.7000000e+01  -5.3649571e+01  -3.7801925e+01   5.0192970e+02   2.5822745e+00   5.8236235e+00   5.6498954e+00
   2.0140000e+03   1.2000000e+01   1.1000000e+01   1.0000000e+01   2.6000000e+01   5.4000000e+01  -5.3645162e+01  -3.7803421e+01   4.9971952e+02   5.4787659e-01   1.1645041e+00   9.7455457e-01
   2.0140000e+03   1.2000000e+01   1.1000000e+01   1.0000000e+01   3.0000000e+01   1.0000000e+01  -5.3636377e+01  -3.7806370e+01   9.9531998e+02   8.1550936e-01   2.8966055e+00   1.7299098e+00
   2.0140000e+03   1.2000000e+01   1.1000000e+01   1.0000000e+01   3.1000000e+01   4.7000000e+01  -5.3631912e+01  -3.7807947e+01   5.0695046e+02   1.7158694e+00   3.7228301e+00   3.6009328e+00
   2.0140000e+03   1.2000000e+01   1.1000000e+01   1.0000000e+01   3.3000000e+01   3.1000000e+01  -5.3627631e+01  -3.7809668e+01   4.8902364e+02   1.5012834e+00   3.4017990e+00   2.3120357e+00
   2.0140000e+03   1.2000000e+01   1.1000000e+01   1.0000000e+01   3.6000000e+01   5.4000000e+01  -5.3618768e+01  -3.7812230e+01   9.9928644e+02   4.3728856e-01   9.4697562e-01   3.6388291e-01
   2.0140000e+03   1.2000000e+01   1.1000000e+01   1.0000000e+01   4.0000000e+01   1.4000099e+01  -5.3610033e+01  -3.7815064e+01   9.8842473e+02   2.5843495e-01   5.3201193e-01   3.2392095e-01
   2.0140000e+03   1.2000000e+01   1.1000000e+01   1.0000000e+01   4.1000000e+01   5.4000000e+01  -5.3605512e+01  -3.7816715e+01   5.1396941e+02   3.2915187e-01   7.7098703e-01   4.5712701e-02
   2.0140000e+03   1.2000000e+01   1.1000000e+01   1.0000000e+01   4.5000000e+01   1.0999901e+01  -5.3596820e+01  -3.7819630e+01   9.8484654e+02   3.3396126e-01   7.1890054e-01   6.3996738e-02
   2.0140000e+03   1.2000000e+01   1.1000000e+01   1.0000000e+01   4.6000000e+01   4.5000000e+01  -5.3592339e+01  -3.7820967e+01   5.0568318e+02   2.5578370e-01   5.6104013e-01   5.6108988e-03
   2.0140000e+03   1.2000000e+01   1.1000000e+01   1.0000000e+01   4.8000000e+01   2.4000000e+01  -5.3587918e+01  -3.7822676e+01   5.0400011e+02   3.9357637e-01   8.1021288e-01   3.2488631e-01
   2.0140000e+03   1.2000000e+01   1.1000000e+01   1.0000000e+01   5.1000000e+01   4.6000000e+01  -5.3579219e+01  -3.7825557e+01   9.8511385e+02   5.5746427e-01   1.1475911e+00   2.3094994e-01
   2.0140000e+03   1.2000000e+01   1.1000000e+01   1.0000000e+01   5.3000000e+01   2.1000099e+01  -5.3574758e+01  -3.7827057e+01   5.0553397e+02   3.1315466e-01   6.9502300e-01   1.7385368e-01
   2.0140000e+03   1.2000000e+01   1.1000000e+01   1.0000000e+01   5.4000000e+01   5.7000000e+01  -5.3570337e+01  -3.7828583e+01   5.0139685e+02   1.5598537e-01   5.7786657e-01   1.3565824e-01
   2.0140000e+03   1.2000000e+01   1.1000000e+01   1.0000000e+01   5.6000000e+01   3.4999901e+01  -5.3565989e+01  -3.7830042e+01   4.9272325e+02   1.3444232e-01   3.3741299e-01   7.5492314e-02
   2.0140000e+03   1.2000000e+01   1.1000000e+01   1.0000000e+01   5.9000000e+01   5.0000000e+01  -5.3557222e+01  -3.7833039e+01   9.9402890e+02   1.3761337e-01   3.4971877e-01   0.0000000e+00
   2.0140000e+03   1.2000000e+01   1.1000000e+01   1.1000000e+01   3.0000000e+00   3.0000992e+00  -5.3548402e+01  -3.7835987e+01   9.9921251e+02   9.2575975e-02   1.9057610e-01   1.8540074e-02
   2.0140000e+03   1.2000000e+01   1.1000000e+01   1.1000000e+01   4.0000000e+00   4.0000000e+01  -5.3544001e+01  -3.7837508e+01   4.9927535e+02   3.7823145e-02   1.1744482e-01   0.0000000e+00
   2.0140000e+03   1.2000000e+01   1.1000000e+01   1.1000000e+01   6.0000000e+00   1.7999901e+01  -5.3539617e+01  -3.7838909e+01   4.9587068e+02   5.8572120e-02   1.5064267e-01   0.0000000e+00
   2.0140000e+03   1.2000000e+01   1.1000000e+01   1.1000000e+01   7.0000000e+00   5.8000099e+01  -5.3535179e+01  -3.7840438e+01   5.0334882e+02   1.8777920e-01   4.9192613e-01   2.4806302e-01
   2.0140000e+03   1.2000000e+01   1.1000000e+01   1.1000000e+01   1.1000000e+01   1.5000000e+01  -5.3526307e+01  -3.7843238e+01   1.0030957e+03   1.1523612e+00   2.6325670e+00   5.6567037e-01
   2.0140000e+03   1.2000000e+01   1.1000000e+01   1.1000000e+01   1.3000000e+01   8.0000000e+00  -5.3521822e+01  -3.7844733e+01   5.0802617e+02   2.4706212e+00   6.5044597e+00   4.4918857e+00
   2.0140000e+03   1.2000000e+01   1.1000000e+01   1.1000000e+01   1.8000000e+01   4.0000000e+00  -5.3513296e+01  -3.7848142e+01   9.7377467e+02   1.2207697e+00   3.5284114e+00   9.3773637e-01
   2.0140000e+03   1.2000000e+01   1.1000000e+01   1.1000000e+01   2.2000000e+01   4.8000000e+01  -5.3504553e+01  -3.7850647e+01   9.8551136e+02   2.0998875e+00   5.8365993e+00   2.7148735e+00
   2.0140000e+03   1.2000000e+01   1.1000000e+01   1.1000000e+01   2.4000000e+01   4.1000000e+01  -5.3500061e+01  -3.7851924e+01   5.0627670e+02   2.0474253e+00   4.2148119e+00   2.0282900e-01
   2.0140000e+03   1.2000000e+01   1.1000000e+01   1.1000000e+01   2.6000000e+01   2.6000000e+01  -5.3495666e+01  -3.7853307e+01   4.9690575e+02   1.3011414e+00   3.3519368e+00   1.1258592e+00
   2.0140000e+03   1.2000000e+01   1.1000000e+01   1.1000000e+01   2.8000000e+01   1.2000000e+01  -5.3491221e+01  -3.7854771e+01   5.0326486e+02   1.0680902e+00   2.4251220e+00   1.1326258e+00
   2.0140000e+03   1.2000000e+01   1.1000000e+01   1.1000000e+01   3.0000000e+01   0.0000000e+00  -5.3486774e+01  -3.7856272e+01   5.0400413e+02   2.9063841e-01   1.0501102e+00   9.0794354e-02
   2.0140000e+03   1.2000000e+01   1.1000000e+01   1.1000000e+01   3.3000000e+01   2.5000099e+01  -5.3478104e+01  -3.7859393e+01   9.8527949e+02   3.8022922e-01   9.4472278e-01   3.4463352e-01
   2.0140000e+03   1.2000000e+01   1.1000000e+01   1.1000000e+01   3.5000000e+01   1.0000000e+00  -5.3473690e+01  -3.7860895e+01   5.0045824e+02   3.4952400e-01   8.3803777e-01   0.0000000e+00
   2.0140000e+03   1.2000000e+01   1.1000000e+01   1.1000000e+01   3.6000000e+01   3.4000000e+01  -5.3469291e+01  -3.7862271e+01   4.9720576e+02   1.2117037e-01   4.3747617e-01   1.9067350e-01
   2.0140000e+03   1.2000000e+01   1.1000000e+01   1.1000000e+01   3.8000000e+01   7.0000000e+00  -5.3464852e+01  -3.7863665e+01   5.0181216e+02   2.9938284e-01   6.7241868e-01   0.0000000e+00
   2.0140000e+03   1.2000000e+01   1.1000000e+01   1.1000000e+01   3.9000000e+01   4.1000000e+01  -5.3460425e+01  -3.7865171e+01   5.0194773e+02   6.1034269e-02   2.2872074e-01   0.0000000e+00
   2.0140000e+03   1.2000000e+01   1.1000000e+01   1.1000000e+01   4.1000000e+01   1.6000099e+01  -5.3456003e+01  -3.7866569e+01   4.9992253e+02   3.9780680e-01   1.9187194e+00   5.6275968e-03
   2.0140000e+03   1.2000000e+01   1.1000000e+01   1.1000000e+01   4.2000000e+01   5.4000000e+01  -5.3451634e+01  -3.7868004e+01   4.9471109e+02   2.3344917e+00   4.8057642e+00   1.1080960e+00
   2.0140000e+03   1.2000000e+01   1.1000000e+01   1.1000000e+01   4.4000000e+01   3.4000000e+01  -5.3447224e+01  -3.7869610e+01   5.0141823e+02   7.5957244e-01   1.7622191e+00   7.0508880e-01
   2.0140000e+03   1.2000000e+01   1.1000000e+01   1.1000000e+01   4.6000000e+01   1.2000099e+01  -5.3442852e+01  -3.7871131e+01   4.9619681e+02   4.6639871e-01   9.9363142e-01   4.5304746e-01
   2.0140000e+03   1.2000000e+01   1.1000000e+01   1.1000000e+01   4.7000000e+01   4.7000000e+01  -5.3438498e+01  -3.7872836e+01   4.9682178e+02   7.6066173e-01   1.5984306e+00   1.7849957e-01
   2.0140000e+03   1.2000000e+01   1.1000000e+01   1.1000000e+01   5.0000000e+01   5.7000000e+01  -5.3429703e+01  -3.7875790e+01   9.9661676e+02   5.7720557e-01   1.1882304e+00   1.7084802e-01
   2.0140000e+03   1.2000000e+01   1.1000000e+01   1.1000000e+01   5.2000000e+01   3.1999901e+01  -5.3425234e+01  -3.7877109e+01   5.0419579e+02   3.3482742e+00   6.9507886e+00   2.1521131e-01
   2.0140000e+03   1.2000000e+01   1.1000000e+01   1.1000000e+01   5.4000000e+01   7.0000000e+00  -5.3420838e+01  -3.7878474e+01   4.9675177e+02   2.1246003e+00   6.1744422e+00   5.3280335e-01
   2.0140000e+03   1.2000000e+01   1.1000000e+01   1.1000000e+01   5.5000000e+01   4.2000000e+01  -5.3416467e+01  -3.7879886e+01   4.9470434e+02   1.1738814e+00   2.8984841e+00   4.4404651e-01
   2.0140000e+03   1.2000000e+01   1.1000000e+01   1.1000000e+01   5.7000000e+01   1.7000000e+01  -5.3412067e+01  -3.7881458e+01   4.9984994e+02   1.3101282e+00   3.8620179e+00   1.3915325e+00
   2.0140000e+03   1.2000000e+01   1.1000000e+01   1.1000000e+01   5.8000000e+01   5.2000000e+01  -5.3407640e+01  -3.7883035e+01   5.0289356e+02   1.4660873e+00   3.3149558e+00   6.8173933e-01
   2.0140000e+03   1.2000000e+01   1.1000000e+01   1.2000000e+01   0.0000000e+00   2.7000000e+01  -5.3403270e+01  -3.7884481e+01   4.9496496e+02   9.3538647e-01   3.7748843e+00   7.2601948e-01
   2.0140000e+03   1.2000000e+01   1.1000000e+01   1.2000000e+01   2.0000000e+00   2.0000000e+00  -5.3398876e+01  -3.7885994e+01   4.9841014e+02   2.9962005e+00   6.2233923e+00   4.0660864e+00
   2.0140000e+03   1.2000000e+01   1.1000000e+01   1.2000000e+01   5.0000000e+00   1.4000000e+01  -5.3390068e+01  -3.7888896e+01   9.9746837e+02   1.1051043e+00   5.5984378e+00   1.2800370e+00
   2.0140000e+03   1.2000000e+01   1.1000000e+01   1.2000000e+01   6.0000000e+00   4.9000000e+01  -5.3385607e+01  -3.7889821e+01   4.9946337e+02   4.3187910e-01   3.1415203e+00   2.1025393e+00
   2.0140000e+03   1.2000000e+01   1.1000000e+01   1.2000000e+01   8.0000000e+00   2.3000000e+01  -5.3381173e+01  -3.7890779e+01   4.9683017e+02   9.8042894e-01   2.0271131e+00   6.1097884e-02
   2.0140000e+03   1.2000000e+01   1.1000000e+01   1.2000000e+01   9.0000000e+00   5.8000000e+01  -5.3376726e+01  -3.7891885e+01   4.9956416e+02   5.1612872e-02   6.1262359e-01   6.2387809e-02
   2.0140000e+03   1.2000000e+01   1.1000000e+01   1.2000000e+01   1.1000000e+01   3.5000000e+01  -5.3372270e+01  -3.7892831e+01   4.9906290e+02   4.2790198e-01   8.8087528e-01   6.1355312e-02
   2.0140000e+03   1.2000000e+01   1.1000000e+01   1.2000000e+01   1.3000000e+01   1.3000000e+01  -5.3367841e+01  -3.7893956e+01   4.9782299e+02   5.8830061e+00   1.2110705e+01   6.6771191e-01
   2.0140000e+03   1.2000000e+01   1.1000000e+01   1.2000000e+01   1.4000000e+01   5.2000099e+01  -5.3363440e+01  -3.7895308e+01   4.9714550e+02   9.4298365e-01   1.9655498e+00   2.4126413e-01
   2.0140000e+03   1.2000000e+01   1.1000000e+01   1.2000000e+01   1.8000000e+01   5.0000000e+00  -5.3354628e+01  -3.7898087e+01   9.9639001e+02   5.1892698e-01   1.2839875e+00   9.9777219e-02
   2.0140000e+03   1.2000000e+01   1.1000000e+01   1.2000000e+01   1.9000000e+01   3.9000099e+01  -5.3350228e+01  -3.7899432e+01   4.9697842e+02   7.5844174e-01   1.8994380e+00   8.1358554e-02
   2.0140000e+03   1.2000000e+01   1.1000000e+01   1.2000000e+01   2.1000000e+01   2.3000000e+01  -5.3345711e+01  -3.7901003e+01   5.1267525e+02   6.0746568e-01   1.2505235e+00   9.3852744e-01
   2.0140000e+03   1.2000000e+01   1.1000000e+01   1.2000000e+01   2.3000000e+01   3.2000000e+01  -5.3341362e+01  -3.7902465e+01   4.9288255e+02   1.3313452e-01   2.0555649e+00   0.0000000e+00
   2.0140000e+03   1.2000000e+01   1.1000000e+01   1.2000000e+01   2.6000000e+01   2.0000000e+00  -5.3337018e+01  -3.7903672e+01   4.8932543e+02   9.8617299e-01   2.5432584e+00   1.4666773e+00
   2.0140000e+03   1.2000000e+01   1.1000000e+01   1.2000000e+01   3.1000000e+01   2.4000000e+01  -5.3328224e+01  -3.7906188e+01   9.9132923e+02   5.7841975e-01   1.9029261e+00   9.3499302e-01
   2.0140000e+03   1.2000000e+01   1.1000000e+01   1.2000000e+01   3.5000000e+01   2.1999901e+01  -5.3319501e+01  -3.7909558e+01   9.9480096e+02   1.3420768e+00   3.2471957e+00   7.3521559e-01
   2.0140000e+03   1.2000000e+01   1.1000000e+01   1.2000000e+01   3.7000000e+01   0.0000000e+00  -5.3315155e+01  -3.7911413e+01   4.9836767e+02   3.4159350e+00   7.0320140e+00   4.3807792e+00
   2.0140000e+03   1.2000000e+01   1.1000000e+01   1.2000000e+01   4.0000000e+01   1.6000000e+01  -5.3306339e+01  -3.7914602e+01   1.0022025e+03   6.6075169e-01   1.5477286e+00   5.7038444e-01
   2.0140000e+03   1.2000000e+01   1.1000000e+01   1.2000000e+01   4.1000000e+01   5.6000000e+01  -5.3301934e+01  -3.7915921e+01   4.9729576e+02   1.6634534e+00   3.8947353e+00   1.0631103e+00
   2.0140000e+03   1.2000000e+01   1.1000000e+01   1.2000000e+01   4.5000000e+01   1.7000000e+01  -5.3293209e+01  -3.7919208e+01   9.9381850e+02   1.2265536e+00   3.5739689e+00   1.9454175e+00
   2.0140000e+03   1.2000000e+01   1.1000000e+01   1.2000000e+01   4.6000000e+01   5.7000000e+01  -5.3288840e+01  -3.7920811e+01   4.9700289e+02   1.8233910e+00   7.2044563e+00   6.6736856e-01
   2.0140000e+03   1.2000000e+01   1.1000000e+01   1.2000000e+01   5.0000000e+01   1.3000000e+01  -5.3280086e+01  -3.7923872e+01   9.9375700e+02   1.1049153e+00   4.7217006e+00   1.3339293e+00
   2.0140000e+03   1.2000000e+01   1.1000000e+01   1.2000000e+01   5.1000000e+01   4.7000000e+01  -5.3275709e+01  -3.7925443e+01   4.9749578e+02   2.0187255e+00   4.6344859e+00   7.8556444e-01
   2.0140000e+03   1.2000000e+01   1.1000000e+01   1.2000000e+01   5.3000000e+01   2.0000000e+01  -5.3271283e+01  -3.7926903e+01   5.0129380e+02   1.6375601e+00   5.7952284e+00   1.8666513e+00
   2.0140000e+03   1.2000000e+01   1.1000000e+01   1.2000000e+01   5.4000000e+01   5.4000099e+01  -5.3266849e+01  -3.7928338e+01   5.0182688e+02   1.3671094e+00   3.3943468e+00   1.1639166e+00
   2.0140000e+03   1.2000000e+01   1.1000000e+01   1.2000000e+01   5.6000000e+01   2.8999901e+01  -5.3262472e+01  -3.7929780e+01   4.9572751e+02   3.2047469e+00   9.2334215e+00   4.4383994e+00
   2.0140000e+03   1.2000000e+01   1.1000000e+01   1.2000000e+01   5.8000000e+01   4.0000000e+00  -5.3258071e+01  -3.7931272e+01   4.9900083e+02   2.9566189e+00   6.1034264e+00   4.0425279e+00
   2.0140000e+03   1.2000000e+01   1.1000000e+01   1.2000000e+01   5.9000000e+01   3.9000000e+01  -5.3253672e+01  -3.7932888e+01   5.0048780e+02   2.0975291e+00   1.4115813e+01   2.2587268e-02
   2.0140000e+03   1.2000000e+01   1.1000000e+01   1.3000000e+01   1.0000000e+00   1.4000000e+01  -5.3249265e+01  -3.7934561e+01   5.0211307e+02   8.2882305e-01   3.4089061e+00   1.3214486e+00
   2.0140000e+03   1.2000000e+01   1.1000000e+01   1.3000000e+01   2.0000000e+00   5.1000000e+01  -5.3244913e+01  -3.7936128e+01   4.9467072e+02   6.3837436e-01   2.3261700e+00   1.0282684e+00
   2.0140000e+03   1.2000000e+01   1.1000000e+01   1.3000000e+01   4.0000000e+00   2.9000099e+01  -5.3240522e+01  -3.7937674e+01   4.9864573e+02   1.7601706e+00   4.5978287e+00   7.8964643e-01
   2.0140000e+03   1.2000000e+01   1.1000000e+01   1.3000000e+01   6.0000000e+00   6.0000000e+00  -5.3236154e+01  -3.7939211e+01   4.9604330e+02   1.3989112e+00   3.9090518e+00   1.5206256e+00
   2.0140000e+03   1.2000000e+01   1.1000000e+01   1.3000000e+01   7.0000000e+00   4.3000099e+01  -5.3231790e+01  -3.7940749e+01   4.9563337e+02   2.1503621e+00   7.9343042e+00   2.1598802e+00
   2.0140000e+03   1.2000000e+01   1.1000000e+01   1.3000000e+01   9.0000000e+00   2.2000000e+01  -5.3227409e+01  -3.7942274e+01   4.9729326e+02   2.4011657e+00   7.0564464e+00   2.1656956e+00
   2.0140000e+03   1.2000000e+01   1.1000000e+01   1.3000000e+01   1.1000000e+01   2.0000000e+00  -5.3222995e+01  -3.7943755e+01   5.0024094e+02   7.5232101e-01   4.3609899e+00   4.2852635e-01
   2.0140000e+03   1.2000000e+01   1.1000000e+01   1.3000000e+01   1.2000000e+01   4.1000000e+01  -5.3218601e+01  -3.7945332e+01   4.9939081e+02   2.0824022e+00   5.8347941e+00   3.3338034e+00
   2.0140000e+03   1.2000000e+01   1.1000000e+01   1.3000000e+01   1.4000000e+01   1.9000000e+01  -5.3214251e+01  -3.7946980e+01   4.9572242e+02   2.0912007e+00   5.1959855e+00   3.5741679e+00
   2.0140000e+03   1.2000000e+01   1.1000000e+01   1.3000000e+01   1.5000000e+01   5.7000000e+01  -5.3209863e+01  -3.7948592e+01   4.9924224e+02   2.1050148e+00   5.6048137e+00   2.7584026e-01
   2.0140000e+03   1.2000000e+01   1.1000000e+01   1.3000000e+01   1.7000000e+01   3.5000099e+01  -5.3205440e+01  -3.7950002e+01   5.0033624e+02   2.5685292e+00   7.3158842e+00   1.5472336e+00
   2.0140000e+03   1.2000000e+01   1.1000000e+01   1.3000000e+01   1.9000000e+01   1.2000000e+01  -5.3201031e+01  -3.7951439e+01   4.9918938e+02   1.9478384e+00   5.1464587e+00   6.4550000e-01
   2.0140000e+03   1.2000000e+01   1.1000000e+01   1.3000000e+01   2.2000000e+01   2.5000000e+01  -5.3192232e+01  -3.7954245e+01   9.9544909e+02   2.9539656e+00   8.5183869e+00   5.3036352e+00
   2.0140000e+03   1.2000000e+01   1.1000000e+01   1.3000000e+01   2.4000000e+01   2.0000000e+00  -5.3187829e+01  -3.7955685e+01   4.9847542e+02   5.4407572e+00   1.1983553e+01   9.0614008e+00
   2.0140000e+03   1.2000000e+01   1.1000000e+01   1.3000000e+01   2.7000000e+01   1.4000000e+01  -5.3179038e+01  -3.7958901e+01   1.0000902e+03   3.5420344e-01   1.4817253e+00   1.1096910e-01
   2.0140000e+03   1.2000000e+01   1.1000000e+01   1.3000000e+01   2.8000000e+01   5.2000000e+01  -5.3174671e+01  -3.7960641e+01   4.9891308e+02   1.5062552e+00   4.0826307e+00   9.7192532e-01
   2.0140000e+03   1.2000000e+01   1.1000000e+01   1.3000000e+01   3.0000000e+01   4.5000000e+01  -5.3170210e+01  -3.7962423e+01   5.0968532e+02   1.4482076e+00   9.4335009e+00   4.8403240e+00
   2.0140000e+03   1.2000000e+01   1.1000000e+01   1.3000000e+01   3.3000000e+01   4.0000000e+00  -5.3165916e+01  -3.7963765e+01   4.8554263e+02   4.5993760e+00   1.2572540e+01   2.3849955e+00
