   2.0140000e+03   1.2000000e+01   1.1000000e+01   1.4000000e+01   1.2000000e+01   3.5000000e+01  -5.3143263e+01  -3.7834601e+01   6.1612176e+02   2.5249791e-01   9.3712863e-01   1.5062562e-01
   2.0140000e+03   1.2000000e+01   1.1000000e+01   1.4000000e+01   1.5000000e+01   2.2999901e+01  -5.3147836e+01  -3.7832691e+01   5.2384009e+02   1.3690903e-01   1.0799368e+00   6.7201027e-02
   2.0140000e+03   1.2000000e+01   1.1000000e+01   1.4000000e+01   2.0000000e+01   3.0000000e+01  -5.3156211e+01  -3.7829427e+01   9.5568381e+02   1.1499031e+00   2.3671804e+00   1.4902327e+00
   2.0140000e+03   1.2000000e+01   1.1000000e+01   1.4000000e+01   2.2000000e+01   3.6000000e+01  -5.3160596e+01  -3.7828140e+01   4.9477481e+02   2.1136392e+00   4.3511193e+00   3.2518712e+00
   2.0140000e+03   1.2000000e+01   1.1000000e+01   1.4000000e+01   2.4000000e+01   3.2000000e+01  -5.3164975e+01  -3.7826447e+01   4.9951620e+02   1.6373368e+00   3.4507031e+00   2.3943983e+00
   2.0140000e+03   1.2000000e+01   1.1000000e+01   1.4000000e+01   2.6000000e+01   2.3000000e+01  -5.3169365e+01  -3.7824963e+01   4.9771018e+02   3.1034673e+00   6.4458498e+00   5.6085496e+00
   2.0140000e+03   1.2000000e+01   1.1000000e+01   1.4000000e+01   2.8000000e+01   1.0000099e+01  -5.3173787e+01  -3.7823355e+01   5.0290042e+02   1.7031097e+00   3.6280992e+00   2.6833068e+00
   2.0140000e+03   1.2000000e+01   1.1000000e+01   1.4000000e+01   2.9000000e+01   5.7000000e+01  -5.3178224e+01  -3.7821725e+01   5.0481365e+02   1.6185698e+00   3.3709065e+00   2.2568222e+00
   2.0140000e+03   1.2000000e+01   1.1000000e+01   1.4000000e+01   3.3000000e+01   3.2000099e+01  -5.3186889e+01  -3.7818492e+01   9.8663202e+02   2.8769590e+00   6.1410659e+00   5.4226103e+00
   2.0140000e+03   1.2000000e+01   1.1000000e+01   1.4000000e+01   3.5000000e+01   1.4000000e+01  -5.3191300e+01  -3.7817051e+01   4.9945039e+02   6.6710664e-01   1.3732999e+00   7.8053659e-01
   2.0140000e+03   1.2000000e+01   1.1000000e+01   1.4000000e+01   3.6000000e+01   5.5000000e+01  -5.3195736e+01  -3.7815835e+01   4.9963560e+02   2.6402869e+00   7.7095050e+00   3.7397752e+00
   2.0140000e+03   1.2000000e+01   1.1000000e+01   1.4000000e+01   3.8000000e+01   3.1000000e+01  -5.3200189e+01  -3.7814519e+01   5.0250839e+02   1.6049345e+00   4.4742321e+00   3.0465399e+00
   2.0140000e+03   1.2000000e+01   1.1000000e+01   1.4000000e+01   4.0000000e+01   5.0000000e+00  -5.3204610e+01  -3.7813168e+01   4.9937880e+02   1.7970234e+00   5.2156767e+00   2.1891547e+00
   2.0140000e+03   1.2000000e+01   1.1000000e+01   1.4000000e+01   4.1000000e+01   4.3000099e+01  -5.3209019e+01  -3.7811699e+01   4.9953597e+02   1.7726439e+00   3.7378699e+00   1.5574681e+00
   2.0140000e+03   1.2000000e+01   1.1000000e+01   1.4000000e+01   4.5000000e+01   9.0000000e+00  -5.3217695e+01  -3.7808674e+01   9.8496658e+02   1.1519100e+00   3.1593211e+00   1.9590699e+00
   2.0140000e+03   1.2000000e+01   1.1000000e+01   1.4000000e+01   4.6000000e+01   5.1000000e+01  -5.3222170e+01  -3.7807188e+01   5.0695728e+02   1.3231694e+00   5.2728881e+00   4.0713087e+00
   2.0140000e+03   1.2000000e+01   1.1000000e+01   1.4000000e+01   4.8000000e+01   3.1000099e+01  -5.3226545e+01  -3.7805760e+01   4.9537027e+02   4.1136536e+00   1.8482301e+01   2.8358145e+00
   2.0140000e+03   1.2000000e+01   1.1000000e+01   1.4000000e+01   5.2000000e+01   5.0000000e+00  -5.3235312e+01  -3.7802768e+01   9.9422202e+02   3.0594267e+00   6.8057468e+00   1.8404767e+00
   2.0140000e+03   1.2000000e+01   1.1000000e+01   1.4000000e+01   5.3000000e+01   5.2000000e+01  -5.3239711e+01  -3.7801408e+01   4.9714769e+02   2.2655856e+00   6.1462775e+00   4.0679681e+00
   2.0140000e+03   1.2000000e+01   1.1000000e+01   1.4000000e+01   5.5000000e+01   3.7000000e+01  -5.3244101e+01  -3.7799889e+01   4.9817820e+02   1.1041380e+00   2.9070804e+00   2.1998699e+00
   2.0140000e+03   1.2000000e+01   1.1000000e+01   1.4000000e+01   5.7000000e+01   2.2000000e+01  -5.3248518e+01  -3.7798361e+01   5.0124491e+02   1.8422524e+00   3.8873847e+00   1.5361461e+00
   2.0140000e+03   1.2000000e+01   1.1000000e+01   1.5000000e+01   0.0000000e+00   4.9000000e+01  -5.3257255e+01  -3.7795373e+01   9.9095918e+02   3.0178272e+00   7.3411599e+00   5.8991429e+00
   2.0140000e+03   1.2000000e+01   1.1000000e+01   1.5000000e+01   2.0000000e+00   3.0000000e+01  -5.3261692e+01  -3.7793882e+01   5.0284180e+02   2.0162931e+00   4.1775870e+00   1.7352688e+00
   2.0140000e+03   1.2000000e+01   1.1000000e+01   1.5000000e+01   4.0000000e+00   1.4000099e+01  -5.3266086e+01  -3.7792389e+01   4.9825068e+02   1.4307042e+00   6.9454449e+00   2.4988725e+00
   2.0140000e+03   1.2000000e+01   1.1000000e+01   1.5000000e+01   7.0000000e+00   4.6999901e+01  -5.3274814e+01  -3.7789346e+01   9.9071528e+02   1.5746664e+00   4.1233677e+00   1.2160695e+00
   2.0140000e+03   1.2000000e+01   1.1000000e+01   1.5000000e+01   9.0000000e+00   3.5000000e+01  -5.3279140e+01  -3.7787956e+01   4.8953806e+02   8.0078328e-01   1.8184262e+00   1.1771738e+00
   2.0140000e+03   1.2000000e+01   1.1000000e+01   1.5000000e+01   1.1000000e+01   2.2000000e+01  -5.3283576e+01  -3.7786483e+01   5.0253279e+02   3.1828208e+00   1.0348234e+01   5.4110688e+00
   2.0140000e+03   1.2000000e+01   1.1000000e+01   1.5000000e+01   1.3000000e+01   5.0000000e+00  -5.3288052e+01  -3.7785187e+01   5.0476325e+02   1.7560500e+00   1.0446524e+01   2.8579655e+00
   2.0140000e+03   1.2000000e+01   1.1000000e+01   1.5000000e+01   1.4000000e+01   4.5000000e+01  -5.3292471e+01  -3.7783874e+01   4.9870205e+02   4.8295484e+00   1.0309153e+01   8.9866373e+00
   2.0140000e+03   1.2000000e+01   1.1000000e+01   1.5000000e+01   1.6000000e+01   2.3000000e+01  -5.3296885e+01  -3.7782475e+01   4.9927487e+02   1.8493696e+00   3.9221021e+00   2.4266593e+00
   2.0140000e+03   1.2000000e+01   1.1000000e+01   1.5000000e+01   1.9000000e+01   3.6000000e+01  -5.3305610e+01  -3.7779794e+01   9.8570972e+02   2.5201761e+00   5.1880125e+00   3.4403579e+00
   2.0140000e+03   1.2000000e+01   1.1000000e+01   1.5000000e+01   2.1000000e+01   1.1999901e+01  -5.3310080e+01  -3.7778410e+01   5.0508467e+02   3.0106981e+00   1.0668072e+01   3.0972241e+00
   2.0140000e+03   1.2000000e+01   1.1000000e+01   1.5000000e+01   2.2000000e+01   4.8000000e+01  -5.3314499e+01  -3.7776962e+01   5.0038971e+02   1.6856161e+00   5.1338395e+00   2.6463756e+00
   2.0140000e+03   1.2000000e+01   1.1000000e+01   1.5000000e+01   2.4000000e+01   4.9000000e+01  -5.3319236e+01  -3.7775332e+01   5.3743856e+02   1.3150590e+00   6.0519873e+00   6.7443950e-01
   2.0140000e+03   1.2000000e+01   1.1000000e+01   1.5000000e+01   3.0000000e+01   7.0000992e+00  -5.3327304e+01  -3.7772082e+01   9.2204349e+02   1.3916214e+00   3.2598056e+00   2.8365182e-01
   2.0140000e+03   1.2000000e+01   1.1000000e+01   1.5000000e+01   3.2000000e+01   1.6000000e+01  -5.3331876e+01  -3.7770448e+01   5.1953810e+02   2.3952976e+00   5.1788429e+00   4.3497396e+00
   2.0140000e+03   1.2000000e+01   1.1000000e+01   1.5000000e+01   3.4000000e+01   6.0000000e+00  -5.3336309e+01  -3.7769074e+01   5.0096190e+02   1.5942747e+00   3.4012038e+00   2.2937006e+00
   2.0140000e+03   1.2000000e+01   1.1000000e+01   1.5000000e+01   3.5000000e+01   5.1000000e+01  -5.3340681e+01  -3.7767542e+01   4.9627950e+02   1.6071276e+00   3.4140428e+00   2.1698249e+00
   2.0140000e+03   1.2000000e+01   1.1000000e+01   1.5000000e+01   3.7000000e+01   3.4000000e+01  -5.3345133e+01  -3.7766146e+01   5.0335086e+02   2.7937725e-01   3.4083015e+00   1.8401424e+00
   2.0140000e+03   1.2000000e+01   1.1000000e+01   1.5000000e+01   3.9000000e+01   1.7000000e+01  -5.3349568e+01  -3.7764872e+01   4.9998750e+02   1.9607413e+00   4.9640080e+00   3.5124338e+00
   2.0140000e+03   1.2000000e+01   1.1000000e+01   1.5000000e+01   4.2000000e+01   3.9000000e+01  -5.3358345e+01  -3.7762208e+01   9.9120651e+02   2.0290866e+00   5.2979084e+00   3.3442369e+00
   2.0140000e+03   1.2000000e+01   1.1000000e+01   1.5000000e+01   4.4000000e+01   1.9000000e+01  -5.3362803e+01  -3.7760565e+01   5.0720504e+02   4.8583955e-01   5.6226720e+00   2.9819205e+00
   2.0140000e+03   1.2000000e+01   1.1000000e+01   1.5000000e+01   4.7000000e+01   3.7000000e+01  -5.3371544e+01  -3.7757483e+01   9.9258034e+02   1.4970268e+00   3.9834264e+00   1.5197002e+00
   2.0140000e+03   1.2000000e+01   1.1000000e+01   1.5000000e+01   4.9000000e+01   1.6000000e+01  -5.3375998e+01  -3.7756001e+01   5.0456742e+02   2.0585750e+00   7.2958344e+00   2.1205263e+00
   2.0140000e+03   1.2000000e+01   1.1000000e+01   1.5000000e+01   5.2000000e+01   4.1000000e+01  -5.3384675e+01  -3.7752790e+01   9.8738658e+02   2.2819930e+00   5.8929152e+00   4.7326281e+00
   2.0140000e+03   1.2000000e+01   1.1000000e+01   1.5000000e+01   5.4000000e+01   2.3000000e+01  -5.3389095e+01  -3.7751278e+01   5.0128786e+02   9.1606578e-01   2.2639411e+00   2.1128483e-01
   2.0140000e+03   1.2000000e+01   1.1000000e+01   1.5000000e+01   5.5000000e+01   5.9000000e+01  -5.3393474e+01  -3.7749773e+01   4.9669468e+02   2.5762489e+00   6.9828221e+00   3.7076363e+00
   2.0140000e+03   1.2000000e+01   1.1000000e+01   1.5000000e+01   5.7000000e+01   3.5000000e+01  -5.3397885e+01  -3.7748264e+01   5.0020991e+02   2.2573130e+00   4.6524631e+00   4.2825570e+00
   2.0140000e+03   1.2000000e+01   1.1000000e+01   1.5000000e+01   5.9000000e+01   1.1000000e+01  -5.3402307e+01  -3.7746697e+01   5.0218252e+02   2.4166311e+00   7.0274136e+00   3.9353569e+00
   2.0140000e+03   1.2000000e+01   1.1000000e+01   1.6000000e+01   0.0000000e+00   4.7000099e+01  -5.3406730e+01  -3.7745214e+01   5.0123153e+02   2.3724868e+00   4.9298096e+00   3.2014528e+00
   2.0140000e+03   1.2000000e+01   1.1000000e+01   1.6000000e+01   4.0000000e+00   9.0000992e+00  -5.3415492e+01  -3.7742332e+01   9.9223923e+02   2.2465573e+00   6.9627497e+00   3.6999795e+00
   2.0140000e+03   1.2000000e+01   1.1000000e+01   1.6000000e+01   7.0000000e+00   3.4000099e+01  -5.3424282e+01  -3.7739380e+01   9.9607471e+02   1.8142371e+00   6.2439744e+00   2.7891656e+00
   2.0140000e+03   1.2000000e+01   1.1000000e+01   1.6000000e+01   1.0000000e+01   5.4000000e+01  -5.3433054e+01  -3.7736531e+01   9.9281853e+02   2.3936843e+00   4.9331945e+00   2.4909541e+00
   2.0140000e+03   1.2000000e+01   1.1000000e+01   1.6000000e+01   1.2000000e+01   3.5000000e+01  -5.3437453e+01  -3.7735162e+01   4.9718047e+02   1.5631107e+00   3.4706524e+00   2.5368150e+00
   2.0140000e+03   1.2000000e+01   1.1000000e+01   1.6000000e+01   1.4000000e+01   1.7000000e+01  -5.3441859e+01  -3.7733716e+01   4.9879001e+02   2.1915836e+00   4.5422955e+00   2.3441451e+00
   2.0140000e+03   1.2000000e+01   1.1000000e+01   1.6000000e+01   1.5000000e+01   5.8000000e+01  -5.3446299e+01  -3.7732233e+01   5.0305378e+02   3.2951668e+00   6.9303210e+00   5.8894361e+00
   2.0140000e+03   1.2000000e+01   1.1000000e+01   1.6000000e+01   1.9000000e+01   1.8000000e+01  -5.3455045e+01  -3.7729141e+01   9.9323396e+02   1.0509943e+00   2.3612707e+00   1.7777299e+00
   2.0140000e+03   1.2000000e+01   1.1000000e+01   1.6000000e+01   2.0000000e+01   5.8000099e+01  -5.3459452e+01  -3.7727568e+01   5.0058921e+02   2.1566126e+00   4.4395839e+00   4.1892256e+00
   2.0140000e+03   1.2000000e+01   1.1000000e+01   1.6000000e+01   2.2000000e+01   3.6000000e+01  -5.3463889e+01  -3.7726053e+01   5.0316916e+02   2.3257990e+00   5.6011742e+00   3.7678175e+00
   2.0140000e+03   1.2000000e+01   1.1000000e+01   1.6000000e+01   2.5000000e+01   5.4000000e+01  -5.3472585e+01  -3.7723079e+01   9.8612651e+02   8.6922551e+01   1.7912806e+02   5.7122296e+01
   2.0140000e+03   1.2000000e+01   1.1000000e+01   1.6000000e+01   2.7000000e+01   3.3000000e+01  -5.3477019e+01  -3.7721457e+01   5.0424548e+02   1.7935466e+00   4.8761633e+00   3.4113663e+00
   2.0140000e+03   1.2000000e+01   1.1000000e+01   1.6000000e+01   2.9000000e+01   1.1000000e+01  -5.3481429e+01  -3.7719975e+01   4.9975473e+02   1.4538459e+00   5.5528639e+00   4.7099253e+00
   2.0140000e+03   1.2000000e+01   1.1000000e+01   1.6000000e+01   3.2000000e+01   3.1000000e+01  -5.3490195e+01  -3.7717032e+01   9.9328690e+02   4.8545992e+00   1.0377067e+01   9.3569660e+00
   2.0140000e+03   1.2000000e+01   1.1000000e+01   1.6000000e+01   3.4000000e+01   2.8000000e+01  -5.3494892e+01  -3.7715636e+01   5.2998988e+02   1.3337438e+00   2.8677680e+00   3.5337043e-01
   2.0140000e+03   1.2000000e+01   1.1000000e+01   1.6000000e+01   3.9000000e+01   2.8999901e+01  -5.3503282e+01  -3.7712964e+01   9.4894503e+02   3.6674283e-01   1.9248635e+00   1.5305181e+00
   2.0140000e+03   1.2000000e+01   1.1000000e+01   1.6000000e+01   4.1000000e+01   5.2000000e+01  -5.3507842e+01  -3.7711323e+01   5.1809025e+02   1.0341888e+00   2.1309146e+00   1.1778863e+00
   2.0140000e+03   1.2000000e+01   1.1000000e+01   1.6000000e+01   4.6000000e+01   1.0000000e+01  -5.3516518e+01  -3.7708453e+01   9.8265058e+02   5.8153994e-01   1.2042076e+00   3.8673213e-01
   2.0140000e+03   1.2000000e+01   1.1000000e+01   1.6000000e+01   4.7000000e+01   5.5000099e+01  -5.3520944e+01  -3.7707012e+01   5.0093555e+02   7.3596487e-01   2.8192994e+00   1.5120487e+00
   2.0140000e+03   1.2000000e+01   1.1000000e+01   1.6000000e+01   4.9000000e+01   3.2000000e+01  -5.3525355e+01  -3.7705553e+01   4.9949645e+02   9.6616418e-01   3.3140705e+00   2.4935570e+00
   2.0140000e+03   1.2000000e+01   1.1000000e+01   1.6000000e+01   5.1000000e+01   7.0000000e+00  -5.3529799e+01  -3.7704077e+01   5.0331980e+02   7.6466370e-01   1.6410482e+00   9.6546526e-01
   2.0140000e+03   1.2000000e+01   1.1000000e+01   1.6000000e+01   5.2000000e+01   4.3000099e+01  -5.3534207e+01  -3.7702604e+01   4.9936893e+02   3.3336558e-01   6.8626347e-01   3.4028924e-02
   2.0140000e+03   1.2000000e+01   1.1000000e+01   1.6000000e+01   5.5000000e+01   5.2000000e+01  -5.3542959e+01  -3.7699647e+01   9.9198135e+02   2.0148883e-01   4.1478314e-01   7.9740233e-03
   2.0140000e+03   1.2000000e+01   1.1000000e+01   1.6000000e+01   5.7000000e+01   2.7000000e+01  -5.3547353e+01  -3.7698065e+01   4.9928158e+02   1.7357934e-01   3.7027618e-01   0.0000000e+00
   2.0140000e+03   1.2000000e+01   1.1000000e+01   1.6000000e+01   5.9000000e+01   2.9999008e+00  -5.3551766e+01  -3.7696334e+01   5.0350303e+02   1.6341305e-01   3.7678182e-01   6.6710870e-02
   2.0140000e+03   1.2000000e+01   1.1000000e+01   1.7000000e+01   2.0000000e+00   1.5000000e+01  -5.3560503e+01  -3.7693221e+01   9.9242495e+02   2.4675385e-01   5.5375769e-01   1.0763436e-01
   2.0140000e+03   1.2000000e+01   1.1000000e+01   1.7000000e+01   3.0000000e+00   5.3000000e+01  -5.3564935e+01  -3.7691834e+01   5.0094373e+02   3.0977693e-01   6.4361034e-01   3.0032171e-03
   2.0140000e+03   1.2000000e+01   1.1000000e+01   1.7000000e+01   5.0000000e+00   2.9000000e+01  -5.3569337e+01  -3.7690325e+01   4.9915748e+02   4.5116751e-01   9.3357612e-01   1.7927742e-01
   2.0140000e+03   1.2000000e+01   1.1000000e+01   1.7000000e+01   7.0000000e+00   3.0000992e+00  -5.3573777e+01  -3.7688889e+01   5.0234676e+02   5.2047254e-01   1.1941443e+00   6.4541860e-02
   2.0140000e+03   1.2000000e+01   1.1000000e+01   1.7000000e+01   1.0000000e+01   1.5000000e+01  -5.3582502e+01  -3.7685998e+01   9.8810930e+02   2.0174721e-01   4.8616634e-01   1.2964137e-01
   2.0140000e+03   1.2000000e+01   1.1000000e+01   1.7000000e+01   1.1000000e+01   5.4000000e+01  -5.3586921e+01  -3.7684454e+01   5.0148459e+02   2.5172530e-01   5.1819950e-01   5.4776621e-03
   2.0140000e+03   1.2000000e+01   1.1000000e+01   1.7000000e+01   1.3000000e+01   3.3000000e+01  -5.3591320e+01  -3.7682972e+01   4.9856447e+02   6.1571413e-01   2.0903821e+00   1.0832959e+00
   2.0140000e+03   1.2000000e+01   1.1000000e+01   1.7000000e+01   1.5000000e+01   1.2000000e+01  -5.3595734e+01  -3.7681586e+01   4.9884146e+02   1.0044216e+00   2.2702822e+00   9.9833784e-01
   2.0140000e+03   1.2000000e+01   1.1000000e+01   1.7000000e+01   1.6000000e+01   5.1000000e+01  -5.3600140e+01  -3.7680224e+01   4.9783251e+02   2.8183247e-01   1.0876836e+00   3.5991642e-01
   2.0140000e+03   1.2000000e+01   1.1000000e+01   1.7000000e+01   1.8000000e+01   2.9000000e+01  -5.3604533e+01  -3.7678703e+01   4.9828811e+02   5.8495213e-01   1.2620922e+00   8.9989020e-02
   2.0140000e+03   1.2000000e+01   1.1000000e+01   1.7000000e+01   2.0000000e+01   7.0000000e+00  -5.3608949e+01  -3.7677139e+01   5.0140024e+02   8.5617978e-01   1.8887839e+00   1.0220957e+00
   2.0140000e+03   1.2000000e+01   1.1000000e+01   1.7000000e+01   2.3000000e+01   2.3000000e+01  -5.3617739e+01  -3.7674200e+01   9.9582083e+02   8.8014391e-01   2.4387650e+00   1.2877912e+00
   2.0140000e+03   1.2000000e+01   1.1000000e+01   1.7000000e+01   2.5000000e+01   0.0000000e+00  -5.3622144e+01  -3.7672690e+01   4.9952135e+02   3.5309655e+00   9.0809012e+01   7.5998314e+01
   2.0140000e+03   1.2000000e+01   1.1000000e+01   1.7000000e+01   2.8000000e+01   1.3000000e+01  -5.3630906e+01  -3.7669606e+01   9.9465708e+02   1.0754600e+00   2.5706819e+00   3.3153249e-01
   2.0140000e+03   1.2000000e+01   1.1000000e+01   1.7000000e+01   2.9000000e+01   5.0000099e+01  -5.3635305e+01  -3.7668087e+01   4.9892450e+02   1.6196226e+01   3.4574234e+01   2.9553305e+01
   2.0140000e+03   1.2000000e+01   1.1000000e+01   1.7000000e+01   3.1000000e+01   2.8000000e+01  -5.3639698e+01  -3.7666553e+01   4.9851790e+02   5.7318248e-01   1.9621764e+00   6.8495789e-01
   2.0140000e+03   1.2000000e+01   1.1000000e+01   1.7000000e+01   3.3000000e+01   8.0000000e+00  -5.3644063e+01  -3.7664900e+01   4.9703439e+02   3.9441607e-01   9.7058633e+01   2.2113078e-01
   2.0140000e+03   1.2000000e+01   1.1000000e+01   1.7000000e+01   3.4000000e+01   4.6000099e+01  -5.3648453e+01  -3.7663340e+01   4.9851562e+02   5.8564735e-01   1.4479184e+00   9.1130055e-01
   2.0140000e+03   1.2000000e+01   1.1000000e+01   1.7000000e+01   3.6000000e+01   2.3000000e+01  -5.3652869e+01  -3.7661850e+01   5.0050879e+02   8.0158495e-01   1.8816736e+00   5.8735037e-01
   2.0140000e+03   1.2000000e+01   1.1000000e+01   1.7000000e+01   3.8000000e+01   1.0000000e+00  -5.3657292e+01  -3.7660441e+01   5.0010570e+02   8.2644574e-01   2.3872056e+00   1.7145722e+00
   2.0140000e+03   1.2000000e+01   1.1000000e+01   1.7000000e+01   3.9000000e+01   3.9000000e+01  -5.3661705e+01  -3.7659039e+01   4.9896195e+02   1.2157836e+00   2.5028014e+00   1.6000103e+00
   2.0140000e+03   1.2000000e+01   1.1000000e+01   1.7000000e+01   4.2000000e+01   5.9000000e+01  -5.3670561e+01  -3.7656103e+01   1.0029499e+03   1.1641303e+00   2.7067454e+00   1.2053883e+00
   2.0140000e+03   1.2000000e+01   1.1000000e+01   1.7000000e+01   4.5000000e+01   7.0000000e+00  -5.3675006e+01  -3.7654856e+01   5.0066852e+02   5.2415752e+00   1.1537563e+01   7.3708842e+00
   2.0140000e+03   1.2000000e+01   1.1000000e+01   1.7000000e+01   4.9000000e+01   4.8000000e+01  -5.3683688e+01  -3.7652062e+01   9.8215581e+02   1.0515584e+00   2.5101378e+00   1.5433784e+00
   2.0140000e+03   1.2000000e+01   1.1000000e+01   1.7000000e+01   5.1000000e+01   4.4000000e+01  -5.3688136e+01  -3.7650594e+01   5.0355546e+02   9.3601578e-01   2.6627533e+00   2.2249953e+00
   2.0140000e+03   1.2000000e+01   1.1000000e+01   1.7000000e+01   5.5000000e+01   1.4000000e+01  -5.3696859e+01  -3.7647785e+01   9.8677186e+02   1.1233497e+00   2.8729033e+00   2.0772205e+00
   2.0140000e+03   1.2000000e+01   1.1000000e+01   1.7000000e+01   5.6000000e+01   5.0000000e+01  -5.3701264e+01  -3.7646248e+01   4.9987083e+02   6.2825166e-01   1.5448033e+00   1.1172267e+00
   2.0140000e+03   1.2000000e+01   1.1000000e+01   1.7000000e+01   5.8000000e+01   2.6000000e+01  -5.3705671e+01  -3.7644739e+01   4.9958674e+02   9.3288208e-01   2.3063946e+00   5.5704512e-01
   2.0140000e+03   1.2000000e+01   1.1000000e+01   1.8000000e+01   0.0000000e+00   2.0000000e+00  -5.3710093e+01  -3.7643202e+01   5.0174683e+02   6.9438564e-01   2.1881159e+00   1.4986151e+00
   2.0140000e+03   1.2000000e+01   1.1000000e+01   1.8000000e+01   1.0000000e+00   3.8000000e+01  -5.3714478e+01  -3.7641732e+01   4.9672272e+02   7.4287508e+00   1.5441255e+01   7.9438381e-01
   2.0140000e+03   1.2000000e+01   1.1000000e+01   1.8000000e+01   3.0000000e+00   1.2000000e+01  -5.3718874e+01  -3.7640207e+01   4.9869723e+02   6.1352811e-01   1.4694390e+00   1.4694390e+00
   2.0140000e+03   1.2000000e+01   1.1000000e+01   1.8000000e+01   4.0000000e+00   4.5000000e+01  -5.3723283e+01  -3.7638679e+01   5.0014672e+02   4.1318214e-01   1.0714211e+00   5.1622078e-01
   2.0140000e+03   1.2000000e+01   1.1000000e+01   1.8000000e+01   6.0000000e+00   1.8000000e+01  -5.3727662e+01  -3.7637196e+01   4.9621856e+02   2.5261378e+02   5.2079958e+02   5.1988563e+02
   2.0140000e+03   1.2000000e+01   1.1000000e+01   1.8000000e+01   7.0000000e+00   5.1000000e+01  -5.3732065e+01  -3.7635669e+01   4.9946307e+02   8.1520164e-01   1.7669631e+00   1.0804443e+00
   2.0140000e+03   1.2000000e+01   1.1000000e+01   1.8000000e+01   9.0000000e+00   2.5000000e+01  -5.3736502e+01  -3.7634225e+01   5.0211565e+02   4.1850241e+00   8.8314054e+00   1.1825516e+00
   2.0140000e+03   1.2000000e+01   1.1000000e+01   1.8000000e+01   1.0000000e+01   5.9000000e+01  -5.3740903e+01  -3.7632743e+01   4.9863810e+02   1.0533640e+01   2.1948433e+01   9.8768297e+00
   2.0140000e+03   1.2000000e+01   1.1000000e+01   1.8000000e+01   1.4000000e+01   7.0000000e+00  -5.3749714e+01  -3.7629731e+01   9.9885326e+02   2.3666294e+00   4.0696536e+01   3.8995908e+01
   2.0140000e+03   1.2000000e+01   1.1000000e+01   1.8000000e+01   1.7000000e+01   1.4000000e+01  -5.3758455e+01  -3.7626771e+01   9.9053604e+02   6.2369051e-01   1.8100821e+00   7.6082243e-01
   2.0140000e+03   1.2000000e+01   1.1000000e+01   1.8000000e+01   1.8000000e+01   5.1000000e+01  -5.3762876e+01  -3.7625297e+01   5.0077214e+02   5.0477360e-01   1.2957857e+00   5.5320769e-01
   2.0140000e+03   1.2000000e+01   1.1000000e+01   1.8000000e+01   2.0000000e+01   2.8000000e+01  -5.3767316e+01  -3.7623798e+01   5.0309988e+02   2.9527780e-01   9.5202922e-01   4.3051029e-01
   2.0140000e+03   1.2000000e+01   1.1000000e+01   1.8000000e+01   2.2000000e+01   4.0000000e+00  -5.3771702e+01  -3.7622221e+01   4.9825780e+02   8.3183593e-01   2.6008946e+00   1.3158387e+00
   2.0140000e+03   1.2000000e+01   1.1000000e+01   1.8000000e+01   2.5000000e+01   1.4000000e+01  -5.3780441e+01  -3.7619121e+01   9.9214629e+02   4.9649286e-01   2.4600478e+00   8.3712390e-01
   2.0140000e+03   1.2000000e+01   1.1000000e+01   1.8000000e+01   2.6000000e+01   4.9000000e+01  -5.3784841e+01  -3.7617541e+01   4.9985044e+02   5.6844661e-01   2.0480083e+00   8.5905716e-01
   2.0140000e+03   1.2000000e+01   1.1000000e+01   1.8000000e+01   2.8000000e+01   2.3000000e+01  -5.3789236e+01  -3.7616000e+01   4.9873294e+02   1.0414402e+00   2.2878705e+00   5.8713921e-01
   2.0140000e+03   1.2000000e+01   1.1000000e+01   1.8000000e+01   2.9000000e+01   5.8000099e+01  -5.3793651e+01  -3.7614534e+01   4.9990136e+02   9.1598095e-01   2.0168250e+00   1.0700073e+00
   2.0140000e+03   1.2000000e+01   1.1000000e+01   1.8000000e+01   3.1000000e+01   3.4000000e+01  -5.3798036e+01  -3.7613047e+01   4.9698374e+02   7.1306755e-01   1.6744273e+00   1.1031099e+00
   2.0140000e+03   1.2000000e+01   1.1000000e+01   1.8000000e+01   3.3000000e+01   9.0000000e+00  -5.3802427e+01  -3.7611628e+01   4.9667725e+02   1.0419294e+00   2.4748416e+00   1.9574944e+00
   2.0140000e+03   1.2000000e+01   1.1000000e+01   1.8000000e+01   3.4000000e+01   4.3000000e+01  -5.3806820e+01  -3.7610131e+01   4.9795360e+02   1.1700038e+00   2.5934111e+00   1.3639104e+00
   2.0140000e+03   1.2000000e+01   1.1000000e+01   1.8000000e+01   3.6000000e+01   1.6000000e+01  -5.3811227e+01  -3.7608636e+01   4.9946509e+02   3.5868889e+00   4.0688869e+01   3.4450792e+01
   2.0140000e+03   1.2000000e+01   1.1000000e+01   1.8000000e+01   3.7000000e+01   5.2000000e+01  -5.3815663e+01  -3.7607138e+01   5.0261115e+02   1.8081154e+01   9.2212936e+01   1.1552673e+00
   2.0140000e+03   1.2000000e+01   1.1000000e+01   1.8000000e+01   3.9000000e+01   2.7000000e+01  -5.3820069e+01  -3.7605565e+01   5.0036157e+02   2.7398312e+01   6.9136728e+01   6.6444699e+00
   2.0140000e+03   1.2000000e+01   1.1000000e+01   1.8000000e+01   4.1000000e+01   2.0000992e+00  -5.3824464e+01  -3.7604024e+01   4.9869157e+02   5.5723914e+00   1.1637513e+01   8.6950389e-01
   2.0140000e+03   1.2000000e+01   1.1000000e+01   1.8000000e+01   4.4000000e+01   2.0000000e+01  -5.3833192e+01  -3.7601106e+01   9.8855870e+02   1.1896966e+00   2.7293702e+00   7.1257127e-01
   2.0140000e+03   1.2000000e+01   1.1000000e+01   1.8000000e+01   4.5000000e+01   5.8000000e+01  -5.3837601e+01  -3.7599648e+01   4.9924130e+02   8.2854773e+01   1.7066905e+02   1.5904795e+02
   2.0140000e+03   1.2000000e+01   1.1000000e+01   1.8000000e+01   4.7000000e+01   3.6000000e+01  -5.3841996e+01  -3.7598147e+01   4.9819272e+02   1.6013469e+01   3.3028633e+01   3.1038260e+01
   2.0140000e+03   1.2000000e+01   1.1000000e+01   1.8000000e+01   4.9000000e+01   1.4000000e+01  -5.3846398e+01  -3.7596637e+01   4.9905488e+02   9.8576421e-01   2.2448918e+00   6.3495970e-01
   2.0140000e+03   1.2000000e+01   1.1000000e+01   1.8000000e+01   5.1000000e+01   2.0000000e+00  -5.3851039e+01  -3.7595171e+01   5.2456961e+02   1.2782845e+02   2.6327265e+02   2.6120691e+02
   2.0140000e+03   1.2000000e+01   1.1000000e+01   1.8000000e+01   5.3000000e+01   2.0000000e+01  -5.3855288e+01  -3.7593797e+01   4.8066250e+02   1.2287851e+00   3.3106105e+00   1.7427478e+00
