   2.0140000e+03   1.2000000e+01   1.0000000e+01   8.0000000e+00   5.8000000e+01   4.9000000e+01  -5.3219594e+01  -3.8449425e+01   5.8952373e+02   3.1845191e-01   9.9135665e-01   2.2249758e-01
   2.0140000e+03   1.2000000e+01   1.0000000e+01   9.0000000e+00   4.0000000e+00   9.0000000e+00  -5.3228292e+01  -3.8446505e+01   9.8580485e+02   3.5189074e+01   7.3351781e+01   6.6108067e+01
   2.0140000e+03   1.2000000e+01   1.0000000e+01   9.0000000e+00   6.0000000e+00   4.5000000e+01  -5.3232729e+01  -3.8444930e+01   5.0401798e+02   4.8677337e-01   1.0685038e+00   3.9695552e-01
   2.0140000e+03   1.2000000e+01   1.0000000e+01   9.0000000e+00   9.0000000e+00   1.0000099e+01  -5.3236941e+01  -3.8443640e+01   4.7581932e+02   7.3480291e-01   3.1772023e+00   1.2357304e+00
   2.0140000e+03   1.2000000e+01   1.0000000e+01   9.0000000e+00   1.1000000e+01   1.0000099e+01  -5.3241447e+01  -3.8442111e+01   5.1092929e+02   7.6819503e+02   1.5851099e+03   1.5157814e+03
   2.0140000e+03   1.2000000e+01   1.0000000e+01   9.0000000e+00   1.2000000e+01   5.3000000e+01  -5.3245896e+01  -3.8440759e+01   5.0250262e+02   2.2104009e+00   8.6724158e+00   6.6234839e+00
   2.0140000e+03   1.2000000e+01   1.0000000e+01   9.0000000e+00   1.4000000e+01   3.0000000e+01  -5.3250343e+01  -3.8439480e+01   5.0142151e+02   1.5843770e+00   3.5092952e+00   3.0938111e-01
   2.0140000e+03   1.2000000e+01   1.0000000e+01   9.0000000e+00   1.6000000e+01   5.0000000e+00  -5.3254737e+01  -3.8438025e+01   4.9779100e+02   7.4765983e-01   2.1342121e+00   3.1158004e-01
   2.0140000e+03   1.2000000e+01   1.0000000e+01   9.0000000e+00   1.7000000e+01   4.1000000e+01  -5.3259139e+01  -3.8436563e+01   4.9872983e+02   1.3195274e+00   3.3591225e+00   6.2510888e-01
   2.0140000e+03   1.2000000e+01   1.0000000e+01   9.0000000e+00   1.9000000e+01   1.9000000e+01  -5.3263559e+01  -3.8435081e+01   5.0086318e+02   3.7217654e+00   1.8000018e+01   9.0305936e-02
   2.0140000e+03   1.2000000e+01   1.0000000e+01   9.0000000e+00   2.2000000e+01   3.8000000e+01  -5.3272280e+01  -3.8432213e+01   9.8770653e+02   4.5810074e-01   1.4188975e+00   0.0000000e+00
   2.0140000e+03   1.2000000e+01   1.0000000e+01   9.0000000e+00   2.4000000e+01   1.7000000e+01  -5.3276715e+01  -3.8430865e+01   5.0087338e+02   6.0498257e-01   1.3600330e+00   9.2325984e-01
   2.0140000e+03   1.2000000e+01   1.0000000e+01   9.0000000e+00   2.5000000e+01   5.3000000e+01  -5.3281151e+01  -3.8429504e+01   5.0111265e+02   3.2911300e-01   1.2539832e+00   3.5913961e-01
   2.0140000e+03   1.2000000e+01   1.0000000e+01   9.0000000e+00   2.7000000e+01   3.0000099e+01  -5.3285524e+01  -3.8428034e+01   4.9565925e+02   1.5473959e-01   3.1854557e-01   1.3822035e-01
   2.0140000e+03   1.2000000e+01   1.0000000e+01   9.0000000e+00   2.9000000e+01   8.0000000e+00  -5.3289967e+01  -3.8426650e+01   5.0224159e+02   3.3326452e-01   1.2011794e+00   1.9828365e-01
   2.0140000e+03   1.2000000e+01   1.0000000e+01   9.0000000e+00   3.2000000e+01   1.7000099e+01  -5.3298761e+01  -3.8423800e+01   9.9531184e+02   3.2471932e-01   8.5150859e-01   2.8536581e-01
   2.0140000e+03   1.2000000e+01   1.0000000e+01   9.0000000e+00   3.3000000e+01   5.5000000e+01  -5.3303166e+01  -3.8422336e+01   4.9903455e+02   3.1295779e-01   1.6934141e+00   1.1661200e-01
   2.0140000e+03   1.2000000e+01   1.0000000e+01   9.0000000e+00   3.7000000e+01   1.0000000e+01  -5.3311899e+01  -3.8419470e+01   9.8884274e+02   2.1047816e+00   4.3933953e+00   1.4654781e-01
   2.0140000e+03   1.2000000e+01   1.0000000e+01   9.0000000e+00   3.8000000e+01   4.5999901e+01  -5.3316331e+01  -3.8418057e+01   5.0143283e+02   5.6479943e+00   1.1626912e+01   1.0343122e+01
   2.0140000e+03   1.2000000e+01   1.0000000e+01   9.0000000e+00   4.0000000e+01   2.2000000e+01  -5.3320764e+01  -3.8416671e+01   5.0110617e+02   1.2855552e+00   3.6443836e+00   2.1245300e-01
   2.0140000e+03   1.2000000e+01   1.0000000e+01   9.0000000e+00   4.1000000e+01   5.8000000e+01  -5.3325139e+01  -3.8415281e+01   4.9479450e+02   3.1391399e+00   6.6037318e+00   5.4176079e+00
   2.0140000e+03   1.2000000e+01   1.0000000e+01   9.0000000e+00   4.3000000e+01   3.5000000e+01  -5.3329547e+01  -3.8413908e+01   4.9818926e+02   1.0857692e+00   3.0519491e+00   5.4770429e-01
   2.0140000e+03   1.2000000e+01   1.0000000e+01   9.0000000e+00   4.5000000e+01   1.3999901e+01  -5.3333976e+01  -3.8412497e+01   5.0105505e+02   1.0389358e-01   1.6967119e+00   1.3443302e-01
   2.0140000e+03   1.2000000e+01   1.0000000e+01   9.0000000e+00   4.6000000e+01   5.2000000e+01  -5.3338361e+01  -3.8411141e+01   4.9544398e+02   1.2734420e+00   3.1567079e+00   5.8359122e-01
   2.0140000e+03   1.2000000e+01   1.0000000e+01   9.0000000e+00   4.8000000e+01   2.9000000e+01  -5.3342786e+01  -3.8409809e+01   4.9956497e+02   3.9011601e-01   1.5478970e+00   2.9652986e-02
   2.0140000e+03   1.2000000e+01   1.0000000e+01   9.0000000e+00   5.0000000e+01   7.0000000e+00  -5.3347230e+01  -3.8408404e+01   5.0252669e+02   2.7219122e-01   1.0310974e+00   0.0000000e+00
   2.0140000e+03   1.2000000e+01   1.0000000e+01   9.0000000e+00   5.3000000e+01   2.0000000e+01  -5.3355978e+01  -3.8405609e+01   9.8964796e+02   1.4079659e-01   7.3478805e-01   0.0000000e+00
   2.0140000e+03   1.2000000e+01   1.0000000e+01   9.0000000e+00   5.4000000e+01   5.6000099e+01  -5.3360399e+01  -3.8404109e+01   5.0117706e+02   2.4759659e-01   5.8655269e-01   1.1821850e-01
   2.0140000e+03   1.2000000e+01   1.0000000e+01   9.0000000e+00   5.6000000e+01   3.2000000e+01  -5.3364766e+01  -3.8402634e+01   4.9505810e+02   4.3987711e-01   9.8969520e-01   1.4682716e-01
   2.0140000e+03   1.2000000e+01   1.0000000e+01   9.0000000e+00   5.8000000e+01   9.0000000e+00  -5.3369130e+01  -3.8401123e+01   4.9512592e+02   3.1912617e-01   8.7154384e-01   4.9566128e-02
   2.0140000e+03   1.2000000e+01   1.0000000e+01   9.0000000e+00   5.9000000e+01   4.7000000e+01  -5.3373528e+01  -3.8399643e+01   4.9844872e+02   5.6682534e-01   1.6732077e+00   3.6368740e-02
   2.0140000e+03   1.2000000e+01   1.0000000e+01   1.0000000e+01   1.0000000e+00   2.4999901e+01  -5.3377997e+01  -3.8398186e+01   5.0592042e+02   3.0858354e-01   9.8291300e-01   1.7995195e-01
   2.0140000e+03   1.2000000e+01   1.0000000e+01   1.0000000e+01   4.0000000e+00   4.0000000e+01  -5.3386732e+01  -3.8395426e+01   9.8773356e+02   1.4254777e+00   3.3495431e+00   4.1898932e-02
   2.0140000e+03   1.2000000e+01   1.0000000e+01   1.0000000e+01   6.0000000e+00   2.3000000e+01  -5.3391320e+01  -3.8394016e+01   5.1830878e+02   8.4484426e-01   1.7836581e+00   8.9096021e-02
   2.0140000e+03   1.2000000e+01   1.0000000e+01   1.0000000e+01   8.0000000e+00   2.9000099e+01  -5.3395737e+01  -3.8392545e+01   5.0046122e+02   1.3050600e+00   3.7446914e+00   1.9289295e-01
   2.0140000e+03   1.2000000e+01   1.0000000e+01   1.0000000e+01   1.3000000e+01   5.1000000e+01  -5.3404329e+01  -3.8389899e+01   9.7067792e+02   7.1585044e-01   1.4736435e+00   3.9299460e-01
   2.0140000e+03   1.2000000e+01   1.0000000e+01   1.0000000e+01   1.6000000e+01   1.7000000e+01  -5.3408566e+01  -3.8388481e+01   4.8013781e+02   9.3162464e-01   6.5423188e+00   8.0651495e-01
   2.0140000e+03   1.2000000e+01   1.0000000e+01   1.0000000e+01   1.8000000e+01   1.9000000e+01  -5.3413092e+01  -3.8386995e+01   5.1242706e+02   8.7007462e-01   1.8860395e+00   1.6983292e-01
   2.0140000e+03   1.2000000e+01   1.0000000e+01   1.0000000e+01   2.0000000e+01   3.9999008e+00  -5.3417542e+01  -3.8385648e+01   5.0241499e+02   1.3284405e+00   1.6227072e+01   1.4382255e-02
   2.0140000e+03   1.2000000e+01   1.0000000e+01   1.0000000e+01   2.1000000e+01   4.2000000e+01  -5.3421936e+01  -3.8384267e+01   4.9683285e+02   1.3859809e+00   1.3033053e+01   0.0000000e+00
   2.0140000e+03   1.2000000e+01   1.0000000e+01   1.0000000e+01   2.3000000e+01   1.7000099e+01  -5.3426340e+01  -3.8382892e+01   4.9777166e+02   1.2790424e+00   3.1185232e+00   1.1916100e+00
   2.0140000e+03   1.2000000e+01   1.0000000e+01   1.0000000e+01   2.4000000e+01   5.2000000e+01  -5.3430742e+01  -3.8381504e+01   4.9769765e+02   1.0963774e+00   2.8834015e+00   5.9687558e-01
   2.0140000e+03   1.2000000e+01   1.0000000e+01   1.0000000e+01   2.6000000e+01   2.8000000e+01  -5.3435142e+01  -3.8380060e+01   4.9811406e+02   3.6135280e-01   1.3130909e+00   2.5256002e-01
   2.0140000e+03   1.2000000e+01   1.0000000e+01   1.0000000e+01   2.8000000e+01   6.0000000e+00  -5.3439525e+01  -3.8378595e+01   4.9664375e+02   1.4895565e-01   3.7205731e-01   2.2441125e-01
   2.0140000e+03   1.2000000e+01   1.0000000e+01   1.0000000e+01   2.9000000e+01   4.4000000e+01  -5.3443910e+01  -3.8377207e+01   4.9586447e+02   1.9714838e-01   4.7393188e-01   1.4563812e-01
   2.0140000e+03   1.2000000e+01   1.0000000e+01   1.0000000e+01   3.1000000e+01   2.0000000e+01  -5.3448304e+01  -3.8375673e+01   4.9866667e+02   6.1670558e-01   1.3485777e+00   7.9033000e-02
   2.0140000e+03   1.2000000e+01   1.0000000e+01   1.0000000e+01   3.2000000e+01   5.6000000e+01  -5.3452731e+01  -3.8374142e+01   5.0222190e+02   1.7386679e-01   5.4500198e-01   2.1528784e-01
   2.0140000e+03   1.2000000e+01   1.0000000e+01   1.0000000e+01   3.4000000e+01   3.2000099e+01  -5.3457149e+01  -3.8372633e+01   5.0107535e+02   1.5981496e-01   6.9152336e-01   0.0000000e+00
   2.0140000e+03   1.2000000e+01   1.0000000e+01   1.0000000e+01   3.6000000e+01   1.0000000e+01  -5.3461546e+01  -3.8371174e+01   4.9795322e+02   6.0036904e-01   1.5140587e+00   0.0000000e+00
   2.0140000e+03   1.2000000e+01   1.0000000e+01   1.0000000e+01   3.7000000e+01   4.9000000e+01  -5.3465999e+01  -3.8369913e+01   5.0178987e+02   3.9706309e-01   1.6128201e+00   7.5650598e-02
   2.0140000e+03   1.2000000e+01   1.0000000e+01   1.0000000e+01   4.1000000e+01   1.0000099e+01  -5.3474734e+01  -3.8367192e+01   9.8718339e+02   1.5345459e+00   4.3670861e+00   8.7925000e-01
   2.0140000e+03   1.2000000e+01   1.0000000e+01   1.0000000e+01   4.2000000e+01   4.9000000e+01  -5.3479134e+01  -3.8365798e+01   4.9753911e+02   1.1612786e+00   3.6503330e+00   2.3537701e-01
   2.0140000e+03   1.2000000e+01   1.0000000e+01   1.0000000e+01   4.4000000e+01   2.6000000e+01  -5.3483550e+01  -3.8364298e+01   5.0071738e+02   1.0382475e+00   1.3795208e+01   4.6259274e+00
   2.0140000e+03   1.2000000e+01   1.0000000e+01   1.0000000e+01   4.6000000e+01   3.0000000e+00  -5.3487950e+01  -3.8362798e+01   4.9887162e+02   5.9958570e+00   1.3757787e+01   0.0000000e+00
   2.0140000e+03   1.2000000e+01   1.0000000e+01   1.0000000e+01   4.7000000e+01   4.1000000e+01  -5.3492355e+01  -3.8361416e+01   4.9792013e+02   1.1852985e+00   3.5371480e+00   2.8850783e-02
   2.0140000e+03   1.2000000e+01   1.0000000e+01   1.0000000e+01   4.9000000e+01   1.9000000e+01  -5.3496749e+01  -3.8360003e+01   4.9713618e+02   4.3088528e-01   2.3968675e+00   2.7948044e-02
   2.0140000e+03   1.2000000e+01   1.0000000e+01   1.0000000e+01   5.0000000e+01   5.7000000e+01  -5.3501167e+01  -3.8358624e+01   4.9930320e+02   1.1920256e+00   3.9391919e+00   1.0705027e-01
   2.0140000e+03   1.2000000e+01   1.0000000e+01   1.0000000e+01   5.2000000e+01   3.4000099e+01  -5.3505572e+01  -3.8357267e+01   4.9764920e+02   3.5644202e-01   2.0553398e+00   1.6416706e-01
   2.0140000e+03   1.2000000e+01   1.0000000e+01   1.0000000e+01   5.4000000e+01   1.2000000e+01  -5.3509925e+01  -3.8355788e+01   4.9344194e+02   4.9581404e-01   1.0206785e+00   0.0000000e+00
   2.0140000e+03   1.2000000e+01   1.0000000e+01   1.0000000e+01   5.5000000e+01   5.1000000e+01  -5.3514336e+01  -3.8354368e+01   4.9907347e+02   8.5794486e-01   4.7199563e+00   0.0000000e+00
   2.0140000e+03   1.2000000e+01   1.0000000e+01   1.0000000e+01   5.7000000e+01   2.7000000e+01  -5.3518736e+01  -3.8352804e+01   4.9970050e+02   1.1935191e+00   2.4569680e+00   0.0000000e+00
   2.0140000e+03   1.2000000e+01   1.0000000e+01   1.0000000e+01   5.9000000e+01   1.0000000e+00  -5.3523123e+01  -3.8351304e+01   4.9745834e+02   7.6732204e-01   1.6398393e+00   0.0000000e+00
   2.0140000e+03   1.2000000e+01   1.0000000e+01   1.1000000e+01   0.0000000e+00   3.6000000e+01  -5.3527557e+01  -3.8349759e+01   5.0314587e+02   7.5606578e-01   2.0072522e+00   0.0000000e+00
   2.0140000e+03   1.2000000e+01   1.0000000e+01   1.1000000e+01   3.0000000e+00   4.7000000e+01  -5.3536330e+01  -3.8346854e+01   9.9361924e+02   1.0147329e+00   3.8237463e+00   4.3215122e-01
   2.0140000e+03   1.2000000e+01   1.0000000e+01   1.1000000e+01   5.0000000e+00   2.5000000e+01  -5.3540756e+01  -3.8345350e+01   5.0165817e+02   2.4834875e-01   1.1863417e+00   0.0000000e+00
   2.0140000e+03   1.2000000e+01   1.0000000e+01   1.1000000e+01   7.0000000e+00   3.0000992e+00  -5.3545186e+01  -3.8343889e+01   5.0168045e+02   2.1421917e+00   5.5594433e+00   1.2053469e+00
   2.0140000e+03   1.2000000e+01   1.0000000e+01   1.1000000e+01   1.0000000e+01   1.6000000e+01  -5.3553870e+01  -3.8340872e+01   9.8530874e+02   1.8767928e+00   4.1101397e+00   1.9082977e+00
   2.0140000e+03   1.2000000e+01   1.0000000e+01   1.1000000e+01   1.1000000e+01   5.2000000e+01  -5.3558281e+01  -3.8339328e+01   5.0058479e+02   1.4093726e+00   3.0402973e+00   2.3945795e-01
   2.0140000e+03   1.2000000e+01   1.0000000e+01   1.1000000e+01   1.3000000e+01   3.2000099e+01  -5.3562828e+01  -3.8337630e+01   5.1754779e+02   1.0989200e+00   2.6485905e+00   5.9202270e-01
   2.0140000e+03   1.2000000e+01   1.0000000e+01   1.1000000e+01   1.5000000e+01   3.3000000e+01  -5.3567218e+01  -3.8336305e+01   4.9567348e+02   1.0989045e+00   2.4304296e+00   4.1091441e-01
   2.0140000e+03   1.2000000e+01   1.0000000e+01   1.1000000e+01   2.0000000e+01   3.9000000e+01  -5.3575897e+01  -3.8333734e+01   9.7919838e+02   5.0858072e-01   1.0712047e+00   3.9984394e-01
   2.0140000e+03   1.2000000e+01   1.0000000e+01   1.1000000e+01   2.3000000e+01   1.8000000e+01  -5.3580261e+01  -3.8332410e+01   4.9270832e+02   2.6118123e+00   3.1869672e+01   5.8540307e+00
   2.0140000e+03   1.2000000e+01   1.0000000e+01   1.1000000e+01   2.5000000e+01   5.0000000e+01  -5.3584487e+01  -3.8331016e+01   4.7854717e+02   3.4023239e-01   7.8055467e-01   0.0000000e+00
   2.0140000e+03   1.2000000e+01   1.0000000e+01   1.1000000e+01   2.7000000e+01   5.7000000e+01  -5.3588935e+01  -3.8329318e+01   5.0680184e+02   1.7856076e-01   5.7943584e-01   0.0000000e+00
   2.0140000e+03   1.2000000e+01   1.0000000e+01   1.1000000e+01   2.9000000e+01   4.3000099e+01  -5.3593422e+01  -3.8327647e+01   5.1059609e+02   3.3582789e-01   7.1360934e-01   3.8580921e-01
   2.0140000e+03   1.2000000e+01   1.0000000e+01   1.1000000e+01   3.1000000e+01   2.3000000e+01  -5.3597793e+01  -3.8326071e+01   4.9666541e+02   3.6718101e-01   9.1335337e-01   4.9359629e-01
   2.0140000e+03   1.2000000e+01   1.0000000e+01   1.1000000e+01   3.3000000e+01   1.0000000e+00  -5.3602207e+01  -3.8324889e+01   4.9669722e+02   2.2404428e-01   7.1036226e-01   7.0641177e-02
   2.0140000e+03   1.2000000e+01   1.0000000e+01   1.1000000e+01   3.4000000e+01   3.8000000e+01  -5.3606662e+01  -3.8323617e+01   5.0204368e+02   3.3199728e-01   8.4969546e-01   3.2212313e-01
   2.0140000e+03   1.2000000e+01   1.0000000e+01   1.1000000e+01   3.6000000e+01   1.5000000e+01  -5.3611070e+01  -3.8322314e+01   4.9726204e+02   2.1405154e-01   4.4064462e-01   0.0000000e+00
   2.0140000e+03   1.2000000e+01   1.0000000e+01   1.1000000e+01   3.7000000e+01   5.1000000e+01  -5.3615517e+01  -3.8321043e+01   5.0121630e+02   3.3619798e-01   8.8613969e-01   0.0000000e+00
   2.0140000e+03   1.2000000e+01   1.0000000e+01   1.1000000e+01   3.9000000e+01   2.5000099e+01  -5.3619928e+01  -3.8319829e+01   4.9664650e+02   2.4349560e-01   7.2214553e-01   1.9443787e-01
   2.0140000e+03   1.2000000e+01   1.0000000e+01   1.1000000e+01   4.1000000e+01   1.0000000e+00  -5.3624353e+01  -3.8318559e+01   4.9875491e+02   6.8878336e-02   3.9871647e-01   1.1839522e-01
   2.0140000e+03   1.2000000e+01   1.0000000e+01   1.1000000e+01   4.2000000e+01   3.8000000e+01  -5.3628818e+01  -3.8317251e+01   5.0359271e+02   2.3122372e-01   4.7599513e-01   9.7380350e-02
   2.0140000e+03   1.2000000e+01   1.0000000e+01   1.1000000e+01   4.4000000e+01   1.4000000e+01  -5.3633224e+01  -3.8315940e+01   4.9718881e+02   2.5308277e-01   5.3457404e-01   0.0000000e+00
   2.0140000e+03   1.2000000e+01   1.0000000e+01   1.1000000e+01   4.7000000e+01   2.3000000e+01  -5.3642007e+01  -3.8313270e+01   9.9172689e+02   2.0965127e-01   6.2242293e-01   1.0959151e-01
   2.0140000e+03   1.2000000e+01   1.0000000e+01   1.1000000e+01   4.8000000e+01   5.7000000e+01  -5.3646418e+01  -3.8311969e+01   4.9756236e+02   5.8506688e-01   1.2797111e+00   5.5205553e-02
   2.0140000e+03   1.2000000e+01   1.0000000e+01   1.1000000e+01   5.0000000e+01   3.1000099e+01  -5.3650835e+01  -3.8310593e+01   4.9906325e+02   6.6845990e-01   1.5236159e+00   2.2064062e-02
   2.0140000e+03   1.2000000e+01   1.0000000e+01   1.1000000e+01   5.2000000e+01   6.0000000e+00  -5.3655270e+01  -3.8309244e+01   5.0078819e+02   1.5762184e-01   4.3579140e-01   2.8003078e-01
   2.0140000e+03   1.2000000e+01   1.0000000e+01   1.1000000e+01   5.3000000e+01   4.2000000e+01  -5.3659698e+01  -3.8307809e+01   5.0100790e+02   2.5198097e-01   5.7126178e-01   2.1034696e-01
   2.0140000e+03   1.2000000e+01   1.0000000e+01   1.1000000e+01   5.6000000e+01   5.1000000e+01  -5.3668463e+01  -3.8304947e+01   9.9202160e+02   4.4310140e-01   9.9257840e-01   3.0683048e-02
   2.0140000e+03   1.2000000e+01   1.0000000e+01   1.1000000e+01   5.8000000e+01   2.6000000e+01  -5.3672896e+01  -3.8303495e+01   5.0178703e+02   1.0065392e-01   3.7395393e-01   1.9504735e-02
   2.0140000e+03   1.2000000e+01   1.0000000e+01   1.2000000e+01   1.0000000e+00   3.6000099e+01  -5.3681653e+01  -3.8300596e+01   9.9169379e+02   2.1967629e-01   5.6779763e-01   3.5738493e-01
   2.0140000e+03   1.2000000e+01   1.0000000e+01   1.2000000e+01   3.0000000e+00   1.2000000e+01  -5.3686052e+01  -3.8299046e+01   4.9934869e+02   2.0495291e-01   5.8717783e-01   2.0755212e-01
   2.0140000e+03   1.2000000e+01   1.0000000e+01   1.2000000e+01   4.0000000e+00   4.8000000e+01  -5.3690463e+01  -3.8297483e+01   5.0077076e+02   2.3760587e-01   2.4013791e+00   7.7920839e-02
   2.0140000e+03   1.2000000e+01   1.0000000e+01   1.2000000e+01   6.0000000e+00   2.5000000e+01  -5.3694813e+01  -3.8295842e+01   4.9530712e+02   2.4478092e-01   5.0390386e-01   1.9840331e-01
   2.0140000e+03   1.2000000e+01   1.0000000e+01   1.2000000e+01   8.0000000e+00   3.0000000e+00  -5.3699205e+01  -3.8294328e+01   4.9804851e+02   1.2323134e-01   4.3900334e-01   2.6142217e-02
   2.0140000e+03   1.2000000e+01   1.0000000e+01   1.2000000e+01   9.0000000e+00   4.0000000e+01  -5.3703638e+01  -3.8292779e+01   5.0308609e+02   1.9214263e-01   4.8174448e-01   1.6079022e-01
   2.0140000e+03   1.2000000e+01   1.0000000e+01   1.2000000e+01   1.2000000e+01   5.0000000e+01  -5.3712358e+01  -3.8289776e+01   9.8890804e+02   3.7902079e-01   1.0001739e+00   7.9382268e-02
   2.0140000e+03   1.2000000e+01   1.0000000e+01   1.2000000e+01   1.4000000e+01   2.6000000e+01  -5.3716771e+01  -3.8288236e+01   5.0066441e+02   9.7602821e+00   2.0684362e+01   7.8999604e-02
   2.0140000e+03   1.2000000e+01   1.0000000e+01   1.2000000e+01   1.6000000e+01   1.0000000e+00  -5.3721160e+01  -3.8286754e+01   4.9733842e+02   8.0254582e-02   3.1307625e-01   2.9382338e-02
   2.0140000e+03   1.2000000e+01   1.0000000e+01   1.2000000e+01   1.7000000e+01   3.6000000e+01  -5.3725572e+01  -3.8285235e+01   5.0032276e+02   1.0355899e-01   3.8546064e-01   1.3012317e-01
   2.0140000e+03   1.2000000e+01   1.0000000e+01   1.2000000e+01   1.9000000e+01   1.2000000e+01  -5.3729995e+01  -3.8283687e+01   5.0192965e+02   2.2939105e-01   5.0864959e-01   2.6188693e-01
   2.0140000e+03   1.2000000e+01   1.0000000e+01   1.2000000e+01   2.2000000e+01   2.5999901e+01  -5.3738842e+01  -3.8281125e+01   9.9745181e+02   9.5217809e-01   2.5802669e+00   2.2145639e-01
   2.0140000e+03   1.2000000e+01   1.0000000e+01   1.2000000e+01   2.4000000e+01   2.1000000e+01  -5.3743394e+01  -3.8280061e+01   5.1062354e+02   9.7180077e-01   2.0382744e+00   0.0000000e+00
   2.0140000e+03   1.2000000e+01   1.0000000e+01   1.2000000e+01   2.6000000e+01   4.5000000e+01  -5.3747671e+01  -3.8278612e+01   4.8467015e+02   2.0778867e+00   4.4729247e+00   2.8660912e-01
   2.0140000e+03   1.2000000e+01   1.0000000e+01   1.2000000e+01   3.1000000e+01   4.0000099e+01  -5.3756240e+01  -3.8275965e+01   9.6789723e+02   3.8943124e+00   8.1299123e+00   1.5403690e-01
   2.0140000e+03   1.2000000e+01   1.0000000e+01   1.2000000e+01   3.3000000e+01   3.0000000e+01  -5.3760773e+01  -3.8274657e+01   5.1105985e+02   5.9532574e+00   1.2555471e+01   1.6412044e-01
   2.0140000e+03   1.2000000e+01   1.0000000e+01   1.2000000e+01   3.5000000e+01   6.0000000e+00  -5.3765299e+01  -3.8273530e+01   5.0830313e+02   9.1843505e+00   1.9209114e+01   4.7323717e-02
   2.0140000e+03   1.2000000e+01   1.0000000e+01   1.2000000e+01   3.6000000e+01   3.8000000e+01  -5.3769756e+01  -3.8272412e+01   5.0072271e+02   3.8698458e+00   8.4248023e+00   4.4216537e+00
   2.0140000e+03   1.2000000e+01   1.0000000e+01   1.2000000e+01   3.9000000e+01   4.0000000e+01  -5.3778519e+01  -3.8269823e+01   9.8844733e+02   7.1267382e+02   1.4673010e+03   1.0430492e+03
   2.0140000e+03   1.2000000e+01   1.0000000e+01   1.2000000e+01   4.1000000e+01   1.2000000e+01  -5.3782891e+01  -3.8268177e+01   4.9769740e+02   9.2595075e+02   1.9061541e+03   1.4949716e+03
   2.0140000e+03   1.2000000e+01   1.0000000e+01   1.2000000e+01   4.2000000e+01   4.5000000e+01  -5.3787307e+01  -3.8266600e+01   5.0149875e+02   5.7930524e-01   1.6603470e+00   1.7657685e-01
   2.0140000e+03   1.2000000e+01   1.0000000e+01   1.2000000e+01   4.4000000e+01   1.8000099e+01  -5.3791706e+01  -3.8264824e+01   5.0248674e+02   2.2908668e+00   5.3714951e+00   3.1062143e+00
   2.0140000e+03   1.2000000e+01   1.0000000e+01   1.2000000e+01   4.7000000e+01   2.0000000e+01  -5.3800400e+01  -3.8261420e+01   9.9166458e+02   8.9997495e-01   1.9663262e+00   1.9982961e-01
   2.0140000e+03   1.2000000e+01   1.0000000e+01   1.2000000e+01   4.8000000e+01   5.3000000e+01  -5.3804795e+01  -3.8259982e+01   4.9733762e+02   2.7091506e+00   6.1043945e+00   1.0548970e-01
   2.0140000e+03   1.2000000e+01   1.0000000e+01   1.2000000e+01   5.0000000e+01   2.5000000e+01  -5.3809231e+01  -3.8258543e+01   5.0193284e+02   3.0488412e+00   6.5308127e+00   3.9154187e-02
   2.0140000e+03   1.2000000e+01   1.0000000e+01   1.2000000e+01   5.1000000e+01   5.5000000e+01  -5.3813614e+01  -3.8257082e+01   4.9638581e+02   6.6064827e-01   1.6900477e+00   4.6376797e-02
   2.0140000e+03   1.2000000e+01   1.0000000e+01   1.2000000e+01   5.3000000e+01   2.5000000e+01  -5.3817988e+01  -3.8255669e+01   4.9475540e+02   1.0212609e+00   1.6076330e+01   1.6336242e-01
   2.0140000e+03   1.2000000e+01   1.0000000e+01   1.2000000e+01   5.4000000e+01   5.5000000e+01  -5.3822376e+01  -3.8254216e+01   4.9679358e+02   1.5762133e-01   7.8297798e-01   2.2004018e-01
   2.0140000e+03   1.2000000e+01   1.0000000e+01   1.2000000e+01   5.6000000e+01   2.5000000e+01  -5.3826833e+01  -3.8252755e+01   5.0450463e+02   5.9387299e-01   1.3840187e+00   3.9439828e-01
   2.0140000e+03   1.2000000e+01   1.0000000e+01   1.2000000e+01   5.7000000e+01   5.4000000e+01  -5.3831261e+01  -3.8251263e+01   5.0171332e+02   5.5693466e-01   1.1803917e+00   4.4276911e-01
   2.0140000e+03   1.2000000e+01   1.0000000e+01   1.3000000e+01   0.0000000e+00   5.0000000e+01  -5.3840028e+01  -3.8248439e+01   9.9158778e+02   7.5109433e-01   1.6327138e+00   4.0072128e-01
   2.0140000e+03   1.2000000e+01   1.0000000e+01   1.3000000e+01   2.0000000e+00   2.0000000e+01  -5.3844490e+01  -3.8247078e+01   5.0372374e+02   1.7416351e+00   3.6892110e+00   1.4266826e+00
   2.0140000e+03   1.2000000e+01   1.0000000e+01   1.3000000e+01   5.0000000e+00   2.1000000e+01  -5.3853307e+01  -3.8244702e+01   9.9208435e+02   1.6684064e+00   4.1170002e+00   1.8024121e+00
   2.0140000e+03   1.2000000e+01   1.0000000e+01   1.3000000e+01   6.0000000e+00   5.1000000e+01  -5.3857709e+01  -3.8243344e+01   4.9721743e+02   2.3597269e+00   5.3388013e+00   4.1885250e+00
   2.0140000e+03   1.2000000e+01   1.0000000e+01   1.3000000e+01   8.0000000e+00   2.2000000e+01  -5.3862160e+01  -3.8242107e+01   5.0122338e+02   2.5267558e+00   5.3167387e+00   3.5609570e+00
   2.0140000e+03   1.2000000e+01   1.0000000e+01   1.3000000e+01   9.0000000e+00   5.4000000e+01  -5.3866542e+01  -3.8240443e+01   4.9892773e+02   1.3150883e+00   3.4110288e+00   2.4595934e+00
   2.0140000e+03   1.2000000e+01   1.0000000e+01   1.3000000e+01   1.2000000e+01   5.4000000e+01  -5.3875250e+01  -3.8237091e+01   9.9224724e+02   1.7730053e+00   3.6854856e+00   3.0924158e+00
   2.0140000e+03   1.2000000e+01   1.0000000e+01   1.3000000e+01   1.4000000e+01   2.2000000e+01  -5.3879605e+01  -3.8235371e+01   4.9691137e+02   2.2978244e+00   4.7302813e+00   4.2867893e+00
   2.0140000e+03   1.2000000e+01   1.0000000e+01   1.3000000e+01   1.5000000e+01   5.0000000e+01  -5.3884004e+01  -3.8233951e+01   4.9756148e+02   4.3609176e+00   8.9773469e+00   8.7734826e+00
   2.0140000e+03   1.2000000e+01   1.0000000e+01   1.3000000e+01   1.7000000e+01   1.9000000e+01  -5.3888443e+01  -3.8232392e+01   5.0370736e+02   1.8773376e+00   5.1045497e+00   4.7267312e+00
   2.0140000e+03   1.2000000e+01   1.0000000e+01   1.3000000e+01   1.8000000e+01   4.8000000e+01  -5.3892867e+01  -3.8230952e+01   5.0060907e+02   2.4486555e+00   6.4864021e+00   5.9268200e+00
   2.0140000e+03   1.2000000e+01   1.0000000e+01   1.3000000e+01   2.1000000e+01   4.7000000e+01  -5.3901683e+01  -3.8228083e+01   9.9742605e+02   1.2303391e+00   3.1333257e+00   1.8696149e+00
   2.0140000e+03   1.2000000e+01   1.0000000e+01   1.3000000e+01   2.5000000e+01   0.0000000e+00  -5.3910450e+01  -3.8225165e+01   9.9274112e+02   1.0938524e+00   4.3729506e+00   2.9512037e+00
   2.0140000e+03   1.2000000e+01   1.0000000e+01   1.3000000e+01   2.6000000e+01   4.3000000e+01  -5.3915003e+01  -3.8223672e+01   5.1524117e+02   1.7440601e+00   3.8688933e+00   2.6717747e+00
   2.0140000e+03   1.2000000e+01   1.0000000e+01   1.3000000e+01   2.8000000e+01   4.7000000e+01  -5.3919438e+01  -3.8222529e+01   4.9852237e+02   1.2504507e+00   3.1314298e+00   2.2235575e+00
   2.0140000e+03   1.2000000e+01   1.0000000e+01   1.3000000e+01   3.4000000e+01   0.0000000e+00  -5.3928055e+01  -3.8220150e+01   9.7009486e+02   1.6233768e+00   3.3463367e+00   2.3182773e+00
