   2.0140000e+03   1.2000000e+01   9.0000000e+00   1.5000000e+01   3.0000000e+01   2.4000099e+01  -5.3250457e+01  -3.8768456e+01   6.6985449e+02   2.8770120e+00   6.4165854e+00   1.9537672e+00
   2.0140000e+03   1.2000000e+01   9.0000000e+00   1.5000000e+01   3.1000000e+01   5.8999901e+01  -5.3249277e+01  -3.8761284e+01   4.9453404e+02   1.8658088e+00   8.4908636e+00   5.8362622e+00
   2.0140000e+03   1.2000000e+01   9.0000000e+00   1.5000000e+01   3.3000000e+01   4.7000000e+01  -5.3249854e+01  -3.8754788e+01   4.3664070e+02   1.4079896e-01   4.8549807e-01   5.4914032e-02
   2.0140000e+03   1.2000000e+01   9.0000000e+00   1.5000000e+01   3.7000000e+01   3.0000000e+01  -5.3258582e+01  -3.8751742e+01   9.9082134e+02   4.6881337e-01   8.6343150e+00   7.8570158e+00
   2.0140000e+03   1.2000000e+01   9.0000000e+00   1.5000000e+01   3.9000000e+01   1.0000000e+01  -5.3262943e+01  -3.8750104e+01   4.9664557e+02   4.3377852e-01   1.6633005e+00   8.4932567e-01
   2.0140000e+03   1.2000000e+01   9.0000000e+00   1.5000000e+01   4.0000000e+01   4.9000000e+01  -5.3267345e+01  -3.8748580e+01   4.9952378e+02   6.5735690e-01   1.7906333e+00   4.4594800e-01
   2.0140000e+03   1.2000000e+01   9.0000000e+00   1.5000000e+01   4.2000000e+01   2.7000099e+01  -5.3271653e+01  -3.8747089e+01   4.8892352e+02   1.9328063e+00   5.1560058e+00   1.3262823e+00
   2.0140000e+03   1.2000000e+01   9.0000000e+00   1.5000000e+01   4.4000000e+01   4.0000000e+00  -5.3276125e+01  -3.8745488e+01   5.0817767e+02   3.9712781e-01   1.4118387e+00   3.3160172e-01
   2.0140000e+03   1.2000000e+01   9.0000000e+00   1.5000000e+01   4.7000000e+01   2.2000000e+01  -5.3284830e+01  -3.8742411e+01   9.8859021e+02   1.9511816e-01   5.9465564e+00   2.8465475e-01
   2.0140000e+03   1.2000000e+01   9.0000000e+00   1.5000000e+01   4.9000000e+01   0.0000000e+00  -5.3289247e+01  -3.8740845e+01   5.0176530e+02   3.6969301e-01   2.0432991e+00   2.3879594e-01
   2.0140000e+03   1.2000000e+01   9.0000000e+00   1.5000000e+01   5.0000000e+01   3.7000099e+01  -5.3293637e+01  -3.8739327e+01   4.9811323e+02   3.4631222e-01   5.0738454e+00   3.3075558e+00
   2.0140000e+03   1.2000000e+01   9.0000000e+00   1.5000000e+01   5.2000000e+01   1.3000000e+01  -5.3298034e+01  -3.8737884e+01   4.9789911e+02   1.1538026e+00   3.6943603e+00   6.8500311e-01
   2.0140000e+03   1.2000000e+01   9.0000000e+00   1.5000000e+01   5.3000000e+01   4.7000000e+01  -5.3302438e+01  -3.8736404e+01   4.9912524e+02   2.8650903e-01   5.9933715e-01   3.4378191e-02
   2.0140000e+03   1.2000000e+01   9.0000000e+00   1.5000000e+01   5.6000000e+01   5.8000000e+01  -5.3311192e+01  -3.8733477e+01   9.9200417e+02   2.2835673e+00   5.4697260e+00   3.1690429e-01
   2.0140000e+03   1.2000000e+01   9.0000000e+00   1.5000000e+01   5.8000000e+01   3.6000099e+01  -5.3315579e+01  -3.8731931e+01   4.9816943e+02   2.6557670e-01   3.1869689e+00   9.3958986e-02
   2.0140000e+03   1.2000000e+01   9.0000000e+00   1.6000000e+01   0.0000000e+00   1.5000000e+01  -5.3319936e+01  -3.8730457e+01   4.9386950e+02   5.6593748e-01   1.7483124e+00   9.9725733e-02
   2.0140000e+03   1.2000000e+01   9.0000000e+00   1.6000000e+01   1.0000000e+00   5.1000000e+01  -5.3324432e+01  -3.8729037e+01   5.0848538e+02   8.4415868e-01   2.3809295e+00   2.8436114e-02
   2.0140000e+03   1.2000000e+01   9.0000000e+00   1.6000000e+01   3.0000000e+00   2.5000099e+01  -5.3328849e+01  -3.8727660e+01   4.9925262e+02   8.7938567e-01   6.1181499e+00   4.8249638e+00
   2.0140000e+03   1.2000000e+01   9.0000000e+00   1.6000000e+01   5.0000000e+00   1.0000000e+00  -5.3333274e+01  -3.8726286e+01   5.0006546e+02   7.9190923e-01   4.4986359e+00   2.7323884e-01
   2.0140000e+03   1.2000000e+01   9.0000000e+00   1.6000000e+01   6.0000000e+00   3.8000099e+01  -5.3337639e+01  -3.8724887e+01   4.9387243e+02   1.5714699e+00   3.8246362e+00   1.3703583e-01
   2.0140000e+03   1.2000000e+01   9.0000000e+00   1.6000000e+01   9.0000000e+00   4.9000000e+01  -5.3346406e+01  -3.8722101e+01   9.9152860e+02   2.4787534e+00   5.1210536e+00   4.2275334e-01
   2.0140000e+03   1.2000000e+01   9.0000000e+00   1.6000000e+01   1.1000000e+01   2.8000000e+01  -5.3350811e+01  -3.8720663e+01   4.9873232e+02   6.1482661e-01   6.5889805e+00   4.7008019e-01
   2.0140000e+03   1.2000000e+01   9.0000000e+00   1.6000000e+01   1.4000000e+01   4.6000000e+01  -5.3359611e+01  -3.8717901e+01   9.9480520e+02   1.5997445e+00   4.2597203e+00   6.2113335e-03
   2.0140000e+03   1.2000000e+01   9.0000000e+00   1.6000000e+01   1.8000000e+01   4.0000000e+00  -5.3368387e+01  -3.8715029e+01   9.9366552e+02   1.1414424e+00   4.1262224e+00   2.0056815e-01
   2.0140000e+03   1.2000000e+01   9.0000000e+00   1.6000000e+01   1.9000000e+01   4.5000099e+01  -5.3372762e+01  -3.8713787e+01   4.9303831e+02   1.3530328e+00   2.8284882e+00   3.0649826e-01
   2.0140000e+03   1.2000000e+01   9.0000000e+00   1.6000000e+01   2.1000000e+01   2.5000000e+01  -5.3377169e+01  -3.8712354e+01   4.9883971e+02   1.1707619e+00   3.5204360e+00   3.3379125e-01
   2.0140000e+03   1.2000000e+01   9.0000000e+00   1.6000000e+01   2.3000000e+01   3.0000000e+00  -5.3381594e+01  -3.8711092e+01   4.9879677e+02   1.5216630e+00   3.1376028e+00   1.5644003e-02
   2.0140000e+03   1.2000000e+01   9.0000000e+00   1.6000000e+01   2.4000000e+01   4.0000000e+01  -5.3386022e+01  -3.8709725e+01   5.0026035e+02   1.9818385e+00   4.0884183e+00   5.2988954e-01
   2.0140000e+03   1.2000000e+01   9.0000000e+00   1.6000000e+01   2.7000000e+01   5.5000099e+01  -5.3394814e+01  -3.8706925e+01   9.9451392e+02   4.1057027e-01   3.8731555e+00   3.4058952e+00
   2.0140000e+03   1.2000000e+01   9.0000000e+00   1.6000000e+01   2.9000000e+01   3.3000000e+01  -5.3399209e+01  -3.8705454e+01   4.9800534e+02   5.2303152e-01   2.9775724e+00   7.4829262e-02
   2.0140000e+03   1.2000000e+01   9.0000000e+00   1.6000000e+01   3.2000000e+01   4.9000000e+01  -5.3408009e+01  -3.8702621e+01   9.9560839e+02   1.8300513e-01   1.8568127e+00   9.4288077e-02
   2.0140000e+03   1.2000000e+01   9.0000000e+00   1.6000000e+01   3.6000000e+01   8.0000000e+00  -5.3416708e+01  -3.8699829e+01   9.8423044e+02   2.0339513e+00   6.7001875e+00   5.6422077e-02
   2.0140000e+03   1.2000000e+01   9.0000000e+00   1.6000000e+01   3.7000000e+01   4.8000000e+01  -5.3421121e+01  -3.8698300e+01   5.0067607e+02   1.0997428e+00   5.6161722e+00   1.1148048e-01
   2.0140000e+03   1.2000000e+01   9.0000000e+00   1.6000000e+01   3.9000000e+01   2.7000000e+01  -5.3425607e+01  -3.8696940e+01   5.0651674e+02   4.9803082e-01   1.0516499e+00   2.0285822e-01
   2.0140000e+03   1.2000000e+01   9.0000000e+00   1.6000000e+01   4.2000000e+01   4.1000000e+01  -5.3434467e+01  -3.8694317e+01   9.9979272e+02   1.6970479e+00   3.5894345e+00   7.3301527e-01
   2.0140000e+03   1.2000000e+01   9.0000000e+00   1.6000000e+01   4.4000000e+01   2.0000000e+01  -5.3438822e+01  -3.8692943e+01   4.9238454e+02   2.2869245e-01   6.1739020e-01   0.0000000e+00
   2.0140000e+03   1.2000000e+01   9.0000000e+00   1.6000000e+01   4.7000000e+01   3.8000099e+01  -5.3447582e+01  -3.8690242e+01   9.8964764e+02   1.0101926e+00   2.0795736e+00   3.7873028e-01
   2.0140000e+03   1.2000000e+01   9.0000000e+00   1.6000000e+01   4.9000000e+01   1.5000000e+01  -5.3451976e+01  -3.8688803e+01   4.9755206e+02   2.0074114e+00   4.4181050e+00   2.8566533e-01
   2.0140000e+03   1.2000000e+01   9.0000000e+00   1.6000000e+01   5.0000000e+01   5.3000099e+01  -5.3456395e+01  -3.8687573e+01   4.9767976e+02   5.8833611e-01   1.5160444e+00   3.2761123e-01
   2.0140000e+03   1.2000000e+01   9.0000000e+00   1.6000000e+01   5.2000000e+01   3.0000000e+01  -5.3460845e+01  -3.8686243e+01   5.0224139e+02   1.1576812e+00   3.1960739e+00   8.3887964e-02
   2.0140000e+03   1.2000000e+01   9.0000000e+00   1.6000000e+01   5.4000000e+01   6.0000992e+00  -5.3465244e+01  -3.8684874e+01   4.9716890e+02   1.1967870e+00   2.4636952e+00   3.0004620e-01
   2.0140000e+03   1.2000000e+01   9.0000000e+00   1.6000000e+01   5.7000000e+01   2.0000000e+01  -5.3474061e+01  -3.8682115e+01   9.9657223e+02   1.0008072e+00   2.3131611e+00   3.0216511e-01
   2.0140000e+03   1.2000000e+01   9.0000000e+00   1.7000000e+01   0.0000000e+00   3.3000000e+01  -5.3482913e+01  -3.8679610e+01   9.9752490e+02   1.5730815e+00   3.6152626e+00   1.7699789e+00
   2.0140000e+03   1.2000000e+01   9.0000000e+00   1.7000000e+01   2.0000000e+00   1.1000000e+01  -5.3487321e+01  -3.8678209e+01   4.9844211e+02   8.4360761e-01   2.3390017e+00   1.0986703e-01
   2.0140000e+03   1.2000000e+01   9.0000000e+00   1.7000000e+01   5.0000000e+00   3.6000000e+01  -5.3496022e+01  -3.8675377e+01   9.8485685e+02   1.7420831e+00   3.9267271e+00   5.3416007e-01
   2.0140000e+03   1.2000000e+01   9.0000000e+00   1.7000000e+01   7.0000000e+00   1.6000000e+01  -5.3500478e+01  -3.8674000e+01   5.0345992e+02   2.4089476e+00   5.2968019e+00   4.2541428e+00
   2.0140000e+03   1.2000000e+01   9.0000000e+00   1.7000000e+01   8.0000000e+00   5.4999901e+01  -5.3504881e+01  -3.8672580e+01   4.9818478e+02   8.6147416e-01   2.4194669e+00   1.0202624e-01
   2.0140000e+03   1.2000000e+01   9.0000000e+00   1.7000000e+01   1.0000000e+01   3.3000000e+01  -5.3509266e+01  -3.8671153e+01   4.9624659e+02   1.4265897e+00   2.9443457e+00   7.4280695e-01
   2.0140000e+03   1.2000000e+01   9.0000000e+00   1.7000000e+01   1.2000000e+01   1.2000000e+01  -5.3513687e+01  -3.8669627e+01   5.0155943e+02   1.6091923e+00   3.6964680e+00   2.5879918e-02
   2.0140000e+03   1.2000000e+01   9.0000000e+00   1.7000000e+01   1.5000000e+01   3.2000099e+01  -5.3522435e+01  -3.8666638e+01   9.9191319e+02   1.3605079e+00   2.8007297e+00   0.0000000e+00
   2.0140000e+03   1.2000000e+01   9.0000000e+00   1.7000000e+01   1.7000000e+01   1.3000099e+01  -5.3526782e+01  -3.8665140e+01   4.9302998e+02   1.0355551e+00   2.3689622e+00   6.5996679e-02
   2.0140000e+03   1.2000000e+01   9.0000000e+00   1.7000000e+01   1.8000000e+01   5.4000000e+01  -5.3531223e+01  -3.8664093e+01   4.9830852e+02   2.4708539e+00   5.6112220e+00   0.0000000e+00
   2.0140000e+03   1.2000000e+01   9.0000000e+00   1.7000000e+01   2.0000000e+01   3.2000000e+01  -5.3535615e+01  -3.8662628e+01   4.9754950e+02   2.8814772e+00   6.4566709e+00   4.5967760e+00
   2.0140000e+03   1.2000000e+01   9.0000000e+00   1.7000000e+01   2.2000000e+01   9.0000000e+00  -5.3540013e+01  -3.8661121e+01   4.9870005e+02   4.1446408e-01   1.3123158e+00   0.0000000e+00
   2.0140000e+03   1.2000000e+01   9.0000000e+00   1.7000000e+01   2.3000000e+01   4.7000000e+01  -5.3544444e+01  -3.8659593e+01   5.0264762e+02   1.0791481e+00   2.2215249e+00   1.6589218e-01
   2.0140000e+03   1.2000000e+01   9.0000000e+00   1.7000000e+01   2.5000000e+01   2.6000000e+01  -5.3548829e+01  -3.8658258e+01   4.9514897e+02   1.6136906e+00   3.8867084e+00   4.2644674e-01
   2.0140000e+03   1.2000000e+01   9.0000000e+00   1.7000000e+01   2.8000000e+01   4.6000000e+01  -5.3557590e+01  -3.8655416e+01   9.9147528e+02   1.7644963e+00   6.9937528e+00   0.0000000e+00
   2.0140000e+03   1.2000000e+01   9.0000000e+00   1.7000000e+01   3.2000000e+01   1.1000099e+01  -5.3566371e+01  -3.8652480e+01   9.9476244e+02   8.9414505e-01   1.9722207e+00   6.0722525e-02
   2.0140000e+03   1.2000000e+01   9.0000000e+00   1.7000000e+01   3.3000000e+01   5.1000000e+01  -5.3570785e+01  -3.8651240e+01   4.9733630e+02   1.5783303e+00   4.1544627e+00   1.0799942e+00
   2.0140000e+03   1.2000000e+01   9.0000000e+00   1.7000000e+01   3.7000000e+01   3.0000000e+00  -5.3579530e+01  -3.8648532e+01   9.8797531e+02   1.1256380e+00   3.4474442e+00   2.5583354e-01
   2.0140000e+03   1.2000000e+01   9.0000000e+00   1.7000000e+01   3.8000000e+01   3.7000099e+01  -5.3584018e+01  -3.8647093e+01   5.0761993e+02   1.8650399e+00   4.5453237e+00   4.7141082e-02
   2.0140000e+03   1.2000000e+01   9.0000000e+00   1.7000000e+01   4.0000000e+01   1.1999901e+01  -5.3588442e+01  -3.8645752e+01   4.9957698e+02   1.0696938e+00   4.3771064e+00   0.0000000e+00
   2.0140000e+03   1.2000000e+01   9.0000000e+00   1.7000000e+01   4.1000000e+01   4.8000000e+01  -5.3592839e+01  -3.8644277e+01   4.9813127e+02   1.1408499e+00   3.6882863e+00   2.7216877e-01
   2.0140000e+03   1.2000000e+01   9.0000000e+00   1.7000000e+01   4.5000000e+01   3.0000000e+00  -5.3601582e+01  -3.8641338e+01   9.9070702e+02   1.4190883e+00   3.0334410e+00   7.9051438e-02
   2.0140000e+03   1.2000000e+01   9.0000000e+00   1.7000000e+01   4.6000000e+01   4.0000099e+01  -5.3605974e+01  -3.8639781e+01   4.9870646e+02   7.8151886e-01   2.0167280e+00   1.8492832e-01
   2.0140000e+03   1.2000000e+01   9.0000000e+00   1.7000000e+01   4.8000000e+01   1.8000000e+01  -5.3610389e+01  -3.8638377e+01   4.9921335e+02   5.6902640e-01   1.4234073e+00   1.1422522e-02
   2.0140000e+03   1.2000000e+01   9.0000000e+00   1.7000000e+01   4.9000000e+01   5.8000000e+01  -5.3614799e+01  -3.8636902e+01   4.9962730e+02   1.2181827e-01   9.1768860e-01   2.3203705e-02
   2.0140000e+03   1.2000000e+01   9.0000000e+00   1.7000000e+01   5.1000000e+01   3.9000000e+01  -5.3619169e+01  -3.8635480e+01   4.9453049e+02   5.4457204e-01   1.6521079e+00   1.3619362e-02
   2.0140000e+03   1.2000000e+01   9.0000000e+00   1.7000000e+01   5.4000000e+01   5.9999901e+01  -5.3627946e+01  -3.8632710e+01   9.9230934e+02   4.6962062e-01   1.3078101e+00   3.1983723e-01
   2.0140000e+03   1.2000000e+01   9.0000000e+00   1.7000000e+01   5.6000000e+01   3.6000000e+01  -5.3632319e+01  -3.8631290e+01   4.9482202e+02   8.9833847e-01   2.0703044e+00   7.9725170e-01
   2.0140000e+03   1.2000000e+01   9.0000000e+00   1.7000000e+01   5.8000000e+01   1.3000099e+01  -5.3636809e+01  -3.8629727e+01   5.0939517e+02   6.5802288e-01   1.5092705e+00   1.7187252e-01
   2.0140000e+03   1.2000000e+01   9.0000000e+00   1.8000000e+01   1.0000000e+00   2.6000000e+01  -5.3645527e+01  -3.8627039e+01   9.8486149e+02   5.9753546e-01   1.3439663e+00   3.4324723e-01
   2.0140000e+03   1.2000000e+01   9.0000000e+00   1.8000000e+01   3.0000000e+00   2.0000000e+00  -5.3649940e+01  -3.8625547e+01   5.0010548e+02   6.1318050e-01   1.5045481e+00   5.0598730e-01
   2.0140000e+03   1.2000000e+01   9.0000000e+00   1.8000000e+01   4.0000000e+00   3.7000000e+01  -5.3654357e+01  -3.8624069e+01   5.0034828e+02   4.6660183e-01   9.6197710e-01   3.4618748e-01
   2.0140000e+03   1.2000000e+01   9.0000000e+00   1.8000000e+01   6.0000000e+00   1.1000000e+01  -5.3658767e+01  -3.8622532e+01   5.0037169e+02   1.1587969e+01   2.7020281e+01   2.2335801e+01
   2.0140000e+03   1.2000000e+01   9.0000000e+00   1.8000000e+01   9.0000000e+00   2.4000000e+01  -5.3667532e+01  -3.8619551e+01   9.9351518e+02   8.4600452e+01   1.7738563e+02   1.7312804e+02
   2.0140000e+03   1.2000000e+01   9.0000000e+00   1.8000000e+01   1.2000000e+01   3.5000000e+01  -5.3676279e+01  -3.8616598e+01   9.9127193e+02   8.1063576e-01   1.6687677e+00   3.8733674e-01
   2.0140000e+03   1.2000000e+01   9.0000000e+00   1.8000000e+01   1.4000000e+01   1.3000000e+01  -5.3680668e+01  -3.8615039e+01   4.9839793e+02   6.4975297e-01   1.3677878e+00   1.6386788e-01
   2.0140000e+03   1.2000000e+01   9.0000000e+00   1.8000000e+01   1.5000000e+01   5.2000000e+01  -5.3685052e+01  -3.8613537e+01   4.9701562e+02   4.3930627e-01   1.1235363e+02   1.3577328e+00
   2.0140000e+03   1.2000000e+01   9.0000000e+00   1.8000000e+01   1.7000000e+01   2.9999901e+01  -5.3689436e+01  -3.8612105e+01   4.9622214e+02   6.2860146e-01   1.4145741e+00   3.3014098e-01
   2.0140000e+03   1.2000000e+01   9.0000000e+00   1.8000000e+01   1.9000000e+01   7.0000000e+00  -5.3693869e+01  -3.8610833e+01   4.9968184e+02   6.8950257e-01   1.9458993e+00   5.3570742e-01
   2.0140000e+03   1.2000000e+01   9.0000000e+00   1.8000000e+01   2.0000000e+01   4.3000099e+01  -5.3698319e+01  -3.8609494e+01   5.0222146e+02   7.6876570e-01   1.6919509e+00   2.1330077e-01
   2.0140000e+03   1.2000000e+01   9.0000000e+00   1.8000000e+01   2.3000000e+01   5.6000000e+01  -5.3707151e+01  -3.8606785e+01   9.9750236e+02   7.4308820e-01   1.6146500e+00   2.4255440e-01
   2.0140000e+03   1.2000000e+01   9.0000000e+00   1.8000000e+01   2.5000000e+01   3.2000000e+01  -5.3711536e+01  -3.8605573e+01   4.9373509e+02   5.0611553e-01   1.4208445e+00   1.9214224e-01
   2.0140000e+03   1.2000000e+01   9.0000000e+00   1.8000000e+01   2.8000000e+01   4.3000000e+01  -5.3720387e+01  -3.8602800e+01   1.0002870e+03   5.1195726e-01   1.2224597e+00   1.6862022e-01
   2.0140000e+03   1.2000000e+01   9.0000000e+00   1.8000000e+01   3.1000000e+01   5.6000000e+01  -5.3729118e+01  -3.8599960e+01   9.8795173e+02   4.3253004e-01   8.9616584e-01   1.7780868e-01
   2.0140000e+03   1.2000000e+01   9.0000000e+00   1.8000000e+01   3.3000000e+01   3.2000000e+01  -5.3733502e+01  -3.8598543e+01   4.9603033e+02   3.3484185e-01   7.7915517e-01   2.3882760e-02
   2.0140000e+03   1.2000000e+01   9.0000000e+00   1.8000000e+01   3.5000000e+01   7.0000000e+00  -5.3737936e+01  -3.8597177e+01   5.0072376e+02   3.7266787e-01   8.8096851e-01   1.4974132e-01
   2.0140000e+03   1.2000000e+01   9.0000000e+00   1.8000000e+01   3.6000000e+01   4.1000000e+01  -5.3742393e+01  -3.8595772e+01   5.0384128e+02   1.2558027e+00   6.2490368e+01   5.8526869e+01
   2.0140000e+03   1.2000000e+01   9.0000000e+00   1.8000000e+01   3.9000000e+01   5.5000000e+01  -5.3751178e+01  -3.8593072e+01   9.9216588e+02   5.1382998e-01   1.1838259e+00   9.5042621e-02
   2.0140000e+03   1.2000000e+01   9.0000000e+00   1.8000000e+01   4.1000000e+01   3.4000000e+01  -5.3755547e+01  -3.8591710e+01   4.9369009e+02   1.0614048e+00   2.9628363e+00   3.7064493e-02
   2.0140000e+03   1.2000000e+01   9.0000000e+00   1.8000000e+01   4.3000000e+01   1.1000099e+01  -5.3760013e+01  -3.8590412e+01   5.0357212e+02   1.7658864e+00   5.8492595e+00   5.4193580e-02
   2.0140000e+03   1.2000000e+01   9.0000000e+00   1.8000000e+01   4.6000000e+01   2.3000000e+01  -5.3768791e+01  -3.8587547e+01   9.9336779e+02   1.4118357e+00   3.6949638e+00   4.5857070e-02
   2.0140000e+03   1.2000000e+01   9.0000000e+00   1.8000000e+01   4.8000000e+01   9.9182129e-05  -5.3773185e+01  -3.8586098e+01   4.9741732e+02   8.8786056e-01   1.8570572e+00   1.2689245e-01
   2.0140000e+03   1.2000000e+01   9.0000000e+00   1.8000000e+01   4.9000000e+01   3.4000000e+01  -5.3777593e+01  -3.8584682e+01   4.9864350e+02   6.7497231e+00   1.3978077e+01   9.6128691e-03
   2.0140000e+03   1.2000000e+01   9.0000000e+00   1.8000000e+01   5.5000000e+01   5.6000000e+01  -5.3795209e+01  -3.8578950e+01   1.9932776e+03   1.3291158e+00   4.5131685e+00   3.1818395e+00
   2.0140000e+03   1.2000000e+01   9.0000000e+00   1.8000000e+01   5.9000000e+01   3.0000000e+00  -5.3803996e+01  -3.8576270e+01   9.9216395e+02   7.8820654e-01   1.8634355e+00   2.8378854e-01
   2.0140000e+03   1.2000000e+01   9.0000000e+00   1.9000000e+01   0.0000000e+00   3.7000000e+01  -5.3808418e+01  -3.8574875e+01   4.9982369e+02   6.4074086e-01   1.6019086e+00   8.1618766e-03
   2.0140000e+03   1.2000000e+01   9.0000000e+00   1.9000000e+01   3.0000000e+00   4.7000000e+01  -5.3817211e+01  -3.8572122e+01   9.9359661e+02   1.0562271e+00   2.1778675e+00   1.5001962e-01
   2.0140000e+03   1.2000000e+01   9.0000000e+00   1.9000000e+01   5.0000000e+00   2.0000000e+01  -5.3821636e+01  -3.8570991e+01   4.9724307e+02   2.5504839e+00   5.5663556e+00   3.1740867e+00
   2.0140000e+03   1.2000000e+01   9.0000000e+00   1.9000000e+01   6.0000000e+00   5.3000000e+01  -5.3826085e+01  -3.8569802e+01   5.0047600e+02   1.7958315e+00   4.6434816e+00   1.5423519e-01
   2.0140000e+03   1.2000000e+01   9.0000000e+00   1.9000000e+01   1.0000000e+01   5.0000000e+00  -5.3834844e+01  -3.8567175e+01   9.8844449e+02   1.3571322e+00   3.2445856e+00   6.8667222e-01
   2.0140000e+03   1.2000000e+01   9.0000000e+00   1.9000000e+01   1.1000000e+01   4.4000000e+01  -5.3839272e+01  -3.8565674e+01   5.0176866e+02   1.3769506e+00   4.0043182e+00   3.3060053e-01
   2.0140000e+03   1.2000000e+01   9.0000000e+00   1.9000000e+01   1.5000000e+01   6.0000000e+00  -5.3848090e+01  -3.8563052e+01   9.9486935e+02   1.0679625e+00   2.2210612e+00   3.2370771e-01
   2.0140000e+03   1.2000000e+01   9.0000000e+00   1.9000000e+01   1.8000000e+01   3.3000000e+01  -5.3856944e+01  -3.8560281e+01   1.0005007e+03   9.7773527e-01   2.1958708e+00   9.3745459e-01
   2.0140000e+03   1.2000000e+01   9.0000000e+00   1.9000000e+01   2.0000000e+01   1.5000000e+01  -5.3861338e+01  -3.8558922e+01   4.9630111e+02   4.1051743e+02   9.6447919e+02   4.7091121e+02
   2.0140000e+03   1.2000000e+01   9.0000000e+00   1.9000000e+01   2.3000000e+01   3.6000000e+01  -5.3870139e+01  -3.8556184e+01   9.9431977e+02   1.6523480e+00   5.7435868e+00   1.0664353e+00
   2.0140000e+03   1.2000000e+01   9.0000000e+00   1.9000000e+01   2.6000000e+01   5.7000000e+01  -5.3878873e+01  -3.8553339e+01   9.8820684e+02   1.4677792e+00   7.3491642e+00   4.9524755e+00
   2.0140000e+03   1.2000000e+01   9.0000000e+00   1.9000000e+01   2.8000000e+01   3.5000000e+01  -5.3883305e+01  -3.8551941e+01   5.0091682e+02   1.5381254e+00   3.5547115e+00   1.4169946e+00
   2.0140000e+03   1.2000000e+01   9.0000000e+00   1.9000000e+01   3.0000000e+01   1.3000000e+01  -5.3887704e+01  -3.8550503e+01   4.9787327e+02   1.9152182e+00   8.8459710e+00   1.0057320e+00
   2.0140000e+03   1.2000000e+01   9.0000000e+00   1.9000000e+01   3.1000000e+01   5.0000000e+01  -5.3892144e+01  -3.8549105e+01   5.0174212e+02   1.7141148e+00   5.1296406e+00   4.0334949e-01
   2.0140000e+03   1.2000000e+01   9.0000000e+00   1.9000000e+01   3.4000000e+01   5.7000000e+01  -5.3900913e+01  -3.8546259e+01   9.9206309e+02   1.2008116e+02   2.4740945e+02   2.0974791e-01
   2.0140000e+03   1.2000000e+01   9.0000000e+00   1.9000000e+01   3.6000000e+01   3.4000000e+01  -5.3905309e+01  -3.8544687e+01   4.9924732e+02   1.0051706e+00   3.0826349e+00   1.3836409e+00
   2.0140000e+03   1.2000000e+01   9.0000000e+00   1.9000000e+01   3.9000000e+01   5.5000000e+01  -5.3914104e+01  -3.8541850e+01   9.9475355e+02   1.1932927e+00   4.2583024e+00   3.2300500e-01
   2.0140000e+03   1.2000000e+01   9.0000000e+00   1.9000000e+01   4.1000000e+01   3.5000000e+01  -5.3918527e+01  -3.8540506e+01   4.9928129e+02   1.1670732e+00   2.4711012e+00   1.6095825e-01
   2.0140000e+03   1.2000000e+01   9.0000000e+00   1.9000000e+01   4.4000000e+01   5.2000000e+01  -5.3927321e+01  -3.8537759e+01   9.9357764e+02   6.0941441e+02   1.5815167e+03   1.5732667e+03
   2.0140000e+03   1.2000000e+01   9.0000000e+00   1.9000000e+01   4.6000000e+01   2.8000000e+01  -5.3931785e+01  -3.8536355e+01   5.0449999e+02   1.7470015e+03   3.6918939e+03   3.3989956e+03
   2.0140000e+03   1.2000000e+01   9.0000000e+00   1.9000000e+01   4.8000000e+01   4.0000992e+00  -5.3936185e+01  -3.8534944e+01   4.9752765e+02   1.1167011e+00   2.4900921e+00   3.1365129e-01
   2.0140000e+03   1.2000000e+01   9.0000000e+00   1.9000000e+01   4.9000000e+01   4.0000000e+01  -5.3940560e+01  -3.8533570e+01   4.9437033e+02   7.0860408e-01   1.6200859e+00   4.8394376e-01
   2.0140000e+03   1.2000000e+01   9.0000000e+00   1.9000000e+01   5.1000000e+01   1.7000000e+01  -5.3944990e+01  -3.8532255e+01   4.9978482e+02   8.8747037e-01   2.0223027e+00   2.5258507e-01
   2.0140000e+03   1.2000000e+01   9.0000000e+00   1.9000000e+01   5.2000000e+01   5.4000000e+01  -5.3949433e+01  -3.8530813e+01   5.0259614e+02   1.3690415e+00   3.0526132e+00   4.0352934e-01
   2.0140000e+03   1.2000000e+01   9.0000000e+00   1.9000000e+01   5.6000000e+01   9.0000000e+00  -5.3958154e+01  -3.8527894e+01   9.8772992e+02   1.3691018e+00   3.0451335e+00   6.1619698e-01
