   1.9990000e+03   1.0000000e+00   4.0000000e+00   8.0000000e+00   1.0000000e+00   3.0000000e+00  -5.3934959e+01  -3.8310777e+01   4.9763512e+02   5.3488997e+00   2.6278179e+01   1.6175416e+01
   1.9990000e+03   1.0000000e+00   4.0000000e+00   8.0000000e+00   2.0000000e+00   4.9000000e+01  -5.3930615e+01  -3.8312480e+01   4.9545186e+02   1.6735211e+00   7.2903635e+00   2.3858518e+00
   1.9990000e+03   1.0000000e+00   4.0000000e+00   8.0000000e+00   4.0000000e+00   3.8000000e+01  -5.3926196e+01  -3.8313944e+01   5.0028562e+02   3.9262151e+00   1.7103780e+01   1.3447494e+01
   1.9990000e+03   1.0000000e+00   4.0000000e+00   8.0000000e+00   6.0000000e+00   2.7000000e+01  -5.3921763e+01  -3.8315417e+01   5.0190718e+02   1.6883179e+00   7.3548230e+00   3.7377928e+00
   1.9990000e+03   1.0000000e+00   4.0000000e+00   8.0000000e+00   8.0000000e+00   1.4000000e+01  -5.3917412e+01  -3.8316907e+01   4.9317806e+02   2.0438396e+00   8.9035829e+00   3.7608049e+00
   1.9990000e+03   1.0000000e+00   4.0000000e+00   8.0000000e+00   1.0000000e+01   2.0000000e+00  -5.3913032e+01  -3.8318415e+01   4.9665315e+02   3.0087394e+00   1.3603352e+01   2.2950368e+00
   1.9990000e+03   1.0000000e+00   4.0000000e+00   8.0000000e+00   1.1000000e+01   4.8000000e+01  -5.3908629e+01  -3.8319881e+01   4.9860116e+02   2.3618988e+00   1.0693310e+01   1.2994516e+00
   1.9990000e+03   1.0000000e+00   4.0000000e+00   8.0000000e+00   1.3000000e+01   3.3000000e+01  -5.3904215e+01  -3.8321319e+01   4.9938785e+02   2.3917294e+00   1.0559485e+01   2.5611906e+00
   1.9990000e+03   1.0000000e+00   4.0000000e+00   8.0000000e+00   1.5000000e+01   1.7000000e+01  -5.3899810e+01  -3.8322746e+01   4.9834022e+02   2.0233403e+00   9.0454390e+00   2.0767739e+00
   1.9990000e+03   1.0000000e+00   4.0000000e+00   8.0000000e+00   1.6000000e+01   5.9000000e+01  -5.3895404e+01  -3.8324145e+01   4.9810056e+02   2.2745707e+00   9.9087174e+00   4.0222613e+00
   1.9990000e+03   1.0000000e+00   4.0000000e+00   8.0000000e+00   1.8000000e+01   4.2000000e+01  -5.3890959e+01  -3.8325516e+01   5.0204134e+02   4.5295569e+00   1.9670534e+01   1.0264834e+01
   1.9990000e+03   1.0000000e+00   4.0000000e+00   8.0000000e+00   2.0000000e+01   2.3000000e+01  -5.3886572e+01  -3.8326929e+01   4.9616811e+02   1.1273710e+01   4.9111689e+01   2.4192995e+01
   1.9990000e+03   1.0000000e+00   4.0000000e+00   8.0000000e+00   2.2000000e+01   4.0000000e+00  -5.3882179e+01  -3.8328334e+01   4.9669998e+02   3.2199652e+00   1.4864265e+01   3.4296437e+00
   1.9990000e+03   1.0000000e+00   4.0000000e+00   8.0000000e+00   2.3000000e+01   4.7000000e+01  -5.3877728e+01  -3.8329794e+01   5.0378845e+02   6.7608387e+00   2.9452257e+01   1.2512283e+01
   1.9990000e+03   1.0000000e+00   4.0000000e+00   8.0000000e+00   2.5000000e+01   2.8000000e+01  -5.3873345e+01  -3.8331306e+01   4.9699876e+02   6.3614352e+00   2.7905249e+01   1.0000765e+01
   1.9990000e+03   1.0000000e+00   4.0000000e+00   8.0000000e+00   2.7000000e+01   9.0000000e+00  -5.3868957e+01  -3.8332723e+01   4.9632918e+02   4.1875664e+00   1.8533789e+01   7.7987191e+00
   1.9990000e+03   1.0000000e+00   4.0000000e+00   8.0000000e+00   2.8000000e+01   5.2000000e+01  -5.3864542e+01  -3.8334068e+01   4.9845290e+02   2.3298812e+01   1.0203764e+02   8.7095159e+01
   1.9990000e+03   1.0000000e+00   4.0000000e+00   8.0000000e+00   3.0000000e+01   3.4000000e+01  -5.3860117e+01  -3.8335475e+01   5.0033504e+02   3.3790761e+01   1.4518967e+02   1.1153545e+02
   1.9990000e+03   1.0000000e+00   4.0000000e+00   8.0000000e+00   3.2000000e+01   1.7000000e+01  -5.3855711e+01  -3.8336877e+01   4.9808749e+02   3.7922629e+01   1.6531923e+02   1.2611125e+02
   1.9990000e+03   1.0000000e+00   4.0000000e+00   8.0000000e+00   3.4000000e+01   1.0000000e+00  -5.3851280e+01  -3.8338282e+01   5.0091959e+02   1.8987435e+01   8.2715007e+01   6.7009672e+01
   1.9990000e+03   1.0000000e+00   4.0000000e+00   8.0000000e+00   3.5000000e+01   4.4000000e+01  -5.3846856e+01  -3.8339659e+01   4.9979435e+02   2.2120267e+01   9.7482680e+01   8.2014496e+01
   1.9990000e+03   1.0000000e+00   4.0000000e+00   8.0000000e+00   3.7000000e+01   2.7000000e+01  -5.3842449e+01  -3.8340941e+01   4.9686713e+02   7.3551078e+01   3.2041072e+02   2.9958203e+02
   1.9990000e+03   1.0000000e+00   4.0000000e+00   8.0000000e+00   3.9000000e+01   9.0000000e+00  -5.3838025e+01  -3.8342269e+01   4.9926958e+02   6.0939784e+01   2.6573961e+02   2.4065304e+02
   1.9990000e+03   1.0000000e+00   4.0000000e+00   8.0000000e+00   4.0000000e+01   5.2000000e+01  -5.3833601e+01  -3.8343568e+01   4.9896809e+02   6.3195786e+01   2.7529994e+02   2.5613708e+02
   1.9990000e+03   1.0000000e+00   4.0000000e+00   8.0000000e+00   4.2000000e+01   3.4000000e+01  -5.3829178e+01  -3.8344879e+01   4.9889673e+02   4.4940800e+01   1.9609495e+02   1.8907382e+02
   1.9990000e+03   1.0000000e+00   4.0000000e+00   8.0000000e+00   4.4000000e+01   1.7000000e+01  -5.3824758e+01  -3.8346170e+01   4.9841873e+02   1.5509498e+01   5.6470799e+01   5.1851120e+01
   1.9990000e+03   1.0000000e+00   4.0000000e+00   8.0000000e+00   4.5000000e+01   5.8000000e+01  -5.3820380e+01  -3.8347560e+01   4.9491178e+02   4.4749963e+00   1.9494436e+01   9.2253610e+00
   1.9990000e+03   1.0000000e+00   4.0000000e+00   8.0000000e+00   4.7000000e+01   3.9000000e+01  -5.3816010e+01  -3.8348959e+01   4.9418665e+02   1.7440969e+01   7.6100223e+01   7.0948285e+01
   1.9990000e+03   1.0000000e+00   4.0000000e+00   8.0000000e+00   4.9000000e+01   2.2000000e+01  -5.3811582e+01  -3.8350482e+01   5.0214200e+02   1.4684626e+00   6.7712748e+00   2.4396315e+00
   1.9990000e+03   1.0000000e+00   4.0000000e+00   8.0000000e+00   5.1000000e+01   4.0000000e+00  -5.3807163e+01  -3.8351859e+01   4.9925017e+02   8.9877596e-01   4.1544814e+00   3.6755996e-01
   1.9990000e+03   1.0000000e+00   4.0000000e+00   8.0000000e+00   5.2000000e+01   4.7000000e+01  -5.3802764e+01  -3.8353250e+01   4.9722369e+02   1.7235882e+00   6.5592747e+00   5.2408677e-01
   1.9990000e+03   1.0000000e+00   4.0000000e+00   8.0000000e+00   5.4000000e+01   2.9000000e+01  -5.3798378e+01  -3.8354636e+01   4.9589463e+02   3.0932931e+00   6.2342614e+00   2.5739995e+00
   1.9990000e+03   1.0000000e+00   4.0000000e+00   8.0000000e+00   5.6000000e+01   1.3000099e+01  -5.3793978e+01  -3.8356226e+01   4.9984297e+02   2.4683158e+00   4.8809877e+00   6.0051158e-01
   1.9990000e+03   1.0000000e+00   4.0000000e+00   8.0000000e+00   5.7000000e+01   5.7000000e+01  -5.3789594e+01  -3.8357829e+01   4.9845879e+02   4.3911902e+00   7.9616327e+00   1.4682575e+00
   1.9990000e+03   1.0000000e+00   4.0000000e+00   8.0000000e+00   5.9000000e+01   4.0000000e+01  -5.3785211e+01  -3.8359432e+01   4.9822505e+02   4.1371301e+00   1.2144578e+01   5.3658006e+00
   1.9990000e+03   1.0000000e+00   4.0000000e+00   9.0000000e+00   1.0000000e+00   2.4000000e+01  -5.3780808e+01  -3.8361047e+01   5.0064095e+02   5.6091171e+00   6.6173287e+00   2.9129044e+00
   1.9990000e+03   1.0000000e+00   4.0000000e+00   9.0000000e+00   3.0000000e+00   7.0000000e+00  -5.3776444e+01  -3.8362754e+01   4.9767397e+02   4.8585789e+00   2.0700672e+01   7.4024051e+00
   1.9990000e+03   1.0000000e+00   4.0000000e+00   9.0000000e+00   4.0000000e+00   4.9000099e+01  -5.3772116e+01  -3.8364445e+01   4.9365418e+02   2.1353507e+00   8.2396978e+00   2.3648684e-01
   1.9990000e+03   1.0000000e+00   4.0000000e+00   9.0000000e+00   6.0000000e+00   3.2999901e+01  -5.3767725e+01  -3.8366071e+01   4.9940594e+02   3.3218159e+00   1.2719177e+01   7.2023481e+00
   1.9990000e+03   1.0000000e+00   4.0000000e+00   9.0000000e+00   8.0000000e+00   1.6999901e+01  -5.3763320e+01  -3.8367637e+01   5.0020846e+02   3.2978547e+00   1.4531343e+01   4.7969114e+00
   1.9990000e+03   1.0000000e+00   4.0000000e+00   9.0000000e+00   9.0000000e+00   5.9000000e+01  -5.3758962e+01  -3.8369230e+01   4.9549091e+02   3.0836383e+00   1.3210603e+01   6.7901242e+00
   1.9990000e+03   1.0000000e+00   4.0000000e+00   9.0000000e+00   1.1000000e+01   4.2000000e+01  -5.3754602e+01  -3.8370837e+01   4.9582665e+02   1.2719505e+01   5.4288868e+01   3.4583839e+01
   1.9990000e+03   1.0000000e+00   4.0000000e+00   9.0000000e+00   1.3000000e+01   2.5000000e+01  -5.3750196e+01  -3.8372412e+01   5.0038584e+02   3.8395947e+00   1.4885904e+01   8.1920417e+00
   1.9990000e+03   1.0000000e+00   4.0000000e+00   9.0000000e+00   1.5000000e+01   9.0000000e+00  -5.3745811e+01  -3.8373999e+01   4.9833963e+02   3.3023813e+00   1.4478427e+01   9.3052157e+00
   1.9990000e+03   1.0000000e+00   4.0000000e+00   9.0000000e+00   1.6000000e+01   5.2000099e+01  -5.3741429e+01  -3.8375411e+01   4.9569150e+02   5.8225816e+00   2.5272716e+01   8.1231929e+00
   1.9990000e+03   1.0000000e+00   4.0000000e+00   9.0000000e+00   1.8000000e+01   3.5000000e+01  -5.3737025e+01  -3.8376712e+01   4.9676747e+02   5.0220240e+00   1.9648777e+01   1.4698062e+00
   1.9990000e+03   1.0000000e+00   4.0000000e+00   9.0000000e+00   2.0000000e+01   2.0000000e+01  -5.3732590e+01  -3.8377939e+01   4.9934671e+02   8.7225514e+00   3.7998070e+01   1.2865840e+01
   1.9990000e+03   1.0000000e+00   4.0000000e+00   9.0000000e+00   2.2000000e+01   5.0000000e+00  -5.3728171e+01  -3.8379221e+01   4.9819214e+02   7.1938681e+00   3.1338664e+01   2.0792175e+01
   1.9990000e+03   1.0000000e+00   4.0000000e+00   9.0000000e+00   2.3000000e+01   5.0000000e+01  -5.3723753e+01  -3.8380512e+01   4.9823908e+02   4.2737480e+00   1.6838352e+01   6.1309657e+00
   1.9990000e+03   1.0000000e+00   4.0000000e+00   9.0000000e+00   2.5000000e+01   3.5000000e+01  -5.3719290e+01  -3.8381851e+01   5.0372725e+02   8.4111598e+00   2.4046335e+01   1.5073993e+01
   1.9990000e+03   1.0000000e+00   4.0000000e+00   9.0000000e+00   2.7000000e+01   1.8000000e+01  -5.3714873e+01  -3.8383152e+01   4.9819402e+02   1.0468565e+01   4.1463234e+01   2.9562058e+01
   1.9990000e+03   1.0000000e+00   4.0000000e+00   9.0000000e+00   2.8000000e+01   5.9000000e+01  -5.3710479e+01  -3.8384479e+01   4.9594186e+02   1.1509115e+01   3.4646647e+01   3.0436454e+01
   1.9990000e+03   1.0000000e+00   4.0000000e+00   9.0000000e+00   3.0000000e+01   4.2000000e+01  -5.3706035e+01  -3.8385737e+01   5.0077488e+02   8.9038351e+00   3.2167235e+01   2.0796319e+01
   1.9990000e+03   1.0000000e+00   4.0000000e+00   9.0000000e+00   3.2000000e+01   2.4000099e+01  -5.3701625e+01  -3.8386897e+01   4.9592616e+02   1.2988507e+01   4.2386953e+01   3.3385173e+01
   1.9990000e+03   1.0000000e+00   4.0000000e+00   9.0000000e+00   3.4000000e+01   7.0000000e+00  -5.3697210e+01  -3.8388056e+01   4.9641279e+02   1.1281937e+01   4.5576465e+01   2.6477562e+01
   1.9990000e+03   1.0000000e+00   4.0000000e+00   9.0000000e+00   3.5000000e+01   4.9000000e+01  -5.3692776e+01  -3.8389216e+01   4.9864814e+02   3.0949930e+01   1.3161630e+02   1.2247273e+02
   1.9990000e+03   1.0000000e+00   4.0000000e+00   9.0000000e+00   3.7000000e+01   3.2000000e+01  -5.3688368e+01  -3.8390416e+01   4.9615569e+02   5.4641008e+01   2.3803274e+02   2.3207387e+02
   1.9990000e+03   1.0000000e+00   4.0000000e+00   9.0000000e+00   3.9000000e+01   1.4000000e+01  -5.3683977e+01  -3.8391747e+01   4.9565905e+02   8.9134973e+01   3.8829888e+02   3.8103291e+02
   1.9990000e+03   1.0000000e+00   4.0000000e+00   9.0000000e+00   4.0000000e+01   5.5000099e+01  -5.3679548e+01  -3.8393121e+01   5.0046602e+02   2.4908179e+01   1.0680870e+02   9.9333865e+01
   1.9990000e+03   1.0000000e+00   4.0000000e+00   9.0000000e+00   4.2000000e+01   3.5000000e+01  -5.3675111e+01  -3.8394480e+01   5.0101088e+02   7.2927900e+00   3.3244079e+01   2.4563236e+01
   1.9990000e+03   1.0000000e+00   4.0000000e+00   9.0000000e+00   4.4000000e+01   1.4000000e+01  -5.3670692e+01  -3.8395906e+01   4.9997056e+02   9.6636071e+00   2.5766166e+01   2.0374574e+01
   1.9990000e+03   1.0000000e+00   4.0000000e+00   9.0000000e+00   4.5000000e+01   5.3000000e+01  -5.3666290e+01  -3.8397293e+01   4.9758289e+02   1.0387913e+01   4.4669102e+01   3.0573427e+01
   1.9990000e+03   1.0000000e+00   4.0000000e+00   9.0000000e+00   4.7000000e+01   3.0000000e+01  -5.3661959e+01  -3.8398672e+01   4.8976215e+02   7.4481110e+00   3.1126752e+01   1.5136884e+01
   1.9990000e+03   1.0000000e+00   4.0000000e+00   9.0000000e+00   4.9000000e+01   8.0000000e+00  -5.3657623e+01  -3.8400095e+01   4.9082616e+02   7.9941837e+00   3.6297603e+01   2.7983471e+01
   1.9990000e+03   1.0000000e+00   4.0000000e+00   9.0000000e+00   5.0000000e+01   4.8000000e+01  -5.3653209e+01  -3.8401534e+01   4.9956882e+02   1.5379004e+01   6.8391261e+01   6.3126492e+01
   1.9990000e+03   1.0000000e+00   4.0000000e+00   9.0000000e+00   5.2000000e+01   2.7000000e+01  -5.3648792e+01  -3.8402946e+01   4.9953251e+02   1.0247328e+01   4.6287141e+01   4.1576098e+01
   1.9990000e+03   1.0000000e+00   4.0000000e+00   9.0000000e+00   5.4000000e+01   5.0000000e+00  -5.3644408e+01  -3.8404338e+01   4.9572493e+02   1.9692286e+00   1.2158645e+01   8.5460426e+00
   1.9990000e+03   1.0000000e+00   4.0000000e+00   9.0000000e+00   5.5000000e+01   4.5000000e+01  -5.3639973e+01  -3.8405752e+01   5.0153574e+02   1.4944463e+00   5.8293600e+00   5.4528359e+00
   1.9990000e+03   1.0000000e+00   4.0000000e+00   9.0000000e+00   5.7000000e+01   2.4000099e+01  -5.3635590e+01  -3.8407132e+01   4.9546910e+02   2.3348650e+01   1.0540447e+02   9.9489026e+01
   1.9990000e+03   1.0000000e+00   4.0000000e+00   9.0000000e+00   5.9000000e+01   3.0000000e+00  -5.3631180e+01  -3.8408517e+01   4.9846149e+02   3.0598100e+00   1.3329457e+01   1.1323898e+01
   1.9990000e+03   1.0000000e+00   4.0000000e+00   1.0000000e+01   0.0000000e+00   4.3000000e+01  -5.3626745e+01  -3.8409971e+01   5.0202795e+02   4.3236004e+00   1.8834910e+01   1.7463015e+01
   1.9990000e+03   1.0000000e+00   4.0000000e+00   1.0000000e+01   2.0000000e+00   2.3000000e+01  -5.3622317e+01  -3.8411375e+01   5.0063694e+02   1.9055146e+00   1.0615200e+01   4.8855183e+00
   1.9990000e+03   1.0000000e+00   4.0000000e+00   1.0000000e+01   4.0000000e+00   1.9999008e+00  -5.3617977e+01  -3.8412781e+01   4.9107037e+02   2.5186448e+00   1.0971978e+01   4.2608932e+00
   1.9990000e+03   1.0000000e+00   4.0000000e+00   1.0000000e+01   5.0000000e+00   4.2000000e+01  -5.3613564e+01  -3.8414211e+01   4.9942163e+02   3.1718742e+00   1.3817643e+01   3.9203703e+00
   1.9990000e+03   1.0000000e+00   4.0000000e+00   1.0000000e+01   7.0000000e+00   2.2000000e+01  -5.3609177e+01  -3.8415658e+01   4.9671972e+02   3.7952736e+00   1.4913598e+01   3.7264696e+00
   1.9990000e+03   1.0000000e+00   4.0000000e+00   1.0000000e+01   9.0000000e+00   0.0000000e+00  -5.3604807e+01  -3.8417051e+01   4.9418123e+02   4.6642446e+00   1.7708302e+01   5.3397714e+00
   1.9990000e+03   1.0000000e+00   4.0000000e+00   1.0000000e+01   1.0000000e+01   4.0000000e+01  -5.3600350e+01  -3.8418473e+01   5.0410918e+02   4.5411444e+00   2.0074471e+01   5.6778936e+00
   1.9990000e+03   1.0000000e+00   4.0000000e+00   1.0000000e+01   1.2000000e+01   2.0000000e+01  -5.3595946e+01  -3.8419917e+01   4.9856652e+02   3.6394034e+00   1.3064893e+01   3.0208615e+00
   1.9990000e+03   1.0000000e+00   4.0000000e+00   1.0000000e+01   1.4000000e+01   0.0000000e+00  -5.3591542e+01  -3.8421373e+01   4.9860890e+02   4.1600082e+00   1.8883722e+01   6.3857492e+00
   1.9990000e+03   1.0000000e+00   4.0000000e+00   1.0000000e+01   1.5000000e+01   4.0000000e+01  -5.3587147e+01  -3.8422851e+01   4.9804375e+02   5.0493147e+00   2.0958334e+01   6.8143512e+00
   1.9990000e+03   1.0000000e+00   4.0000000e+00   1.0000000e+01   1.7000000e+01   2.0000000e+01  -5.3582743e+01  -3.8424283e+01   4.9842141e+02   5.9016991e+00   2.1659828e+01   7.4800738e+00
   1.9990000e+03   1.0000000e+00   4.0000000e+00   1.0000000e+01   1.9000000e+01   0.0000000e+00  -5.3578380e+01  -3.8425800e+01   4.9503427e+02   6.8931654e+00   2.5117267e+01   6.0853397e+00
   1.9990000e+03   1.0000000e+00   4.0000000e+00   1.0000000e+01   2.0000000e+01   4.2000000e+01  -5.3573950e+01  -3.8427329e+01   5.0249120e+02   5.7992617e+00   2.7278415e+01   9.8037366e+00
   1.9990000e+03   1.0000000e+00   4.0000000e+00   1.0000000e+01   2.2000000e+01   2.3000000e+01  -5.3569538e+01  -3.8428832e+01   5.0020267e+02   4.6550809e+00   2.0710622e+01   6.6366090e+00
   1.9990000e+03   1.0000000e+00   4.0000000e+00   1.0000000e+01   2.4000000e+01   3.9999008e+00  -5.3565159e+01  -3.8430362e+01   4.9689667e+02   3.9500616e+00   1.5644758e+01   6.0276479e+00
   1.9990000e+03   1.0000000e+00   4.0000000e+00   1.0000000e+01   2.5000000e+01   4.5000099e+01  -5.3560734e+01  -3.8431860e+01   5.0161317e+02   2.6028482e+00   1.1338793e+01   4.1029472e+00
   1.9990000e+03   1.0000000e+00   4.0000000e+00   1.0000000e+01   2.7000000e+01   2.5000099e+01  -5.3556396e+01  -3.8433389e+01   4.9251370e+02   1.9507405e+00   9.4862037e+00   4.0458636e+00
   1.9990000e+03   1.0000000e+00   4.0000000e+00   1.0000000e+01   2.9000000e+01   7.0000000e+00  -5.3552007e+01  -3.8434899e+01   4.9770256e+02   3.2578779e+00   1.4192301e+01   5.0190973e+00
   1.9990000e+03   1.0000000e+00   4.0000000e+00   1.0000000e+01   3.0000000e+01   4.8000000e+01  -5.3547634e+01  -3.8436399e+01   4.9594643e+02   3.2651839e+00   1.4918645e+01   7.6247995e+00
   1.9990000e+03   1.0000000e+00   4.0000000e+00   1.0000000e+01   3.2000000e+01   2.9000000e+01  -5.3543215e+01  -3.8437999e+01   5.0225698e+02   3.9443612e+00   1.7182830e+01   7.6764633e+00
   1.9990000e+03   1.0000000e+00   4.0000000e+00   1.0000000e+01   3.4000000e+01   1.2000000e+01  -5.3538763e+01  -3.8439448e+01   5.0385661e+02   2.4457353e+00   1.0860125e+01   6.8120233e+00
   1.9990000e+03   1.0000000e+00   4.0000000e+00   1.0000000e+01   3.5000000e+01   5.4000000e+01  -5.3534388e+01  -3.8440925e+01   4.9589518e+02   3.3748015e+00   1.4573933e+01   9.6103310e+00
   1.9990000e+03   1.0000000e+00   4.0000000e+00   1.0000000e+01   3.7000000e+01   3.7000099e+01  -5.3529993e+01  -3.8442382e+01   4.9772819e+02   3.7443555e+00   1.6674120e+01   9.5517430e+00
   1.9990000e+03   1.0000000e+00   4.0000000e+00   1.0000000e+01   3.9000000e+01   1.8000000e+01  -5.3525618e+01  -3.8443682e+01   4.9374385e+02   6.8005517e+00   3.1596168e+01   2.3935541e+01
   1.9990000e+03   1.0000000e+00   4.0000000e+00   1.0000000e+01   4.0000000e+01   5.9000000e+01  -5.3521214e+01  -3.8444989e+01   4.9688117e+02   6.7471251e+00   3.0896054e+01   2.5503483e+01
   1.9990000e+03   1.0000000e+00   4.0000000e+00   1.0000000e+01   4.2000000e+01   4.2000099e+01  -5.3516745e+01  -3.8446330e+01   5.0439104e+02   1.1173906e+01   4.9130853e+01   4.4341903e+01
   1.9990000e+03   1.0000000e+00   4.0000000e+00   1.0000000e+01   4.4000000e+01   2.3000000e+01  -5.3512327e+01  -3.8447631e+01   4.9849159e+02   1.0354874e+01   4.5918201e+01   3.8464653e+01
   1.9990000e+03   1.0000000e+00   4.0000000e+00   1.0000000e+01   4.6000000e+01   3.0000000e+00  -5.3507921e+01  -3.8448953e+01   4.9728769e+02   5.6934019e+00   2.4802179e+01   1.9844734e+01
   1.9990000e+03   1.0000000e+00   4.0000000e+00   1.0000000e+01   4.7000000e+01   4.4000000e+01  -5.3503482e+01  -3.8450293e+01   5.0114758e+02   6.6881673e+00   2.6598041e+01   2.0527097e+01
   1.9990000e+03   1.0000000e+00   4.0000000e+00   1.0000000e+01   4.9000000e+01   2.5000000e+01  -5.3499056e+01  -3.8451703e+01   5.0056143e+02   1.0368658e+01   3.8886499e+01   3.2866313e+01
   1.9990000e+03   1.0000000e+00   4.0000000e+00   1.0000000e+01   5.1000000e+01   5.0000000e+00  -5.3494642e+01  -3.8453130e+01   4.9950686e+02   2.3582814e+01   9.4623264e+01   8.7753818e+01
   1.9990000e+03   1.0000000e+00   4.0000000e+00   1.0000000e+01   5.2000000e+01   4.5000000e+01  -5.3490249e+01  -3.8454566e+01   4.9730089e+02   2.2697235e+01   1.0046313e+02   8.3869919e+01
   1.9990000e+03   1.0000000e+00   4.0000000e+00   1.0000000e+01   5.4000000e+01   2.4000000e+01  -5.3485863e+01  -3.8455967e+01   4.9607943e+02   8.9024104e+00   2.9783477e+01   2.6688173e+01
   1.9990000e+03   1.0000000e+00   4.0000000e+00   1.0000000e+01   5.6000000e+01   3.0000000e+00  -5.3481479e+01  -3.8457384e+01   4.9609895e+02   5.1994429e+00   1.7524291e+01   1.0174424e+01
   1.9990000e+03   1.0000000e+00   4.0000000e+00   1.0000000e+01   5.7000000e+01   4.3000000e+01  -5.3477041e+01  -3.8458857e+01   5.0268966e+02   4.9030497e+00   2.1631271e+01   6.6581874e+00
   1.9990000e+03   1.0000000e+00   4.0000000e+00   1.0000000e+01   5.9000000e+01   2.3000000e+01  -5.3472618e+01  -3.8460317e+01   5.0083277e+02   4.9457980e+00   1.0865225e+01   5.6198645e+00
   1.9990000e+03   1.0000000e+00   4.0000000e+00   1.1000000e+01   1.0000000e+00   3.0000992e+00  -5.3468228e+01  -3.8461815e+01   4.9774245e+02   3.5976646e+00   9.5474237e+00   3.7613590e+00
   1.9990000e+03   1.0000000e+00   4.0000000e+00   1.1000000e+01   2.0000000e+00   4.3000000e+01  -5.3463829e+01  -3.8463303e+01   4.9860404e+02   3.2607471e+00   5.1327313e+00   2.8923816e+00
   1.9990000e+03   1.0000000e+00   4.0000000e+00   1.1000000e+01   4.0000000e+00   2.3000000e+01  -5.3459427e+01  -3.8464780e+01   4.9881273e+02   4.8221702e+00   1.4311199e+01   3.4930158e+00
   1.9990000e+03   1.0000000e+00   4.0000000e+00   1.1000000e+01   6.0000000e+00   4.0000000e+00  -5.3455053e+01  -3.8466270e+01   4.9603392e+02   3.9221663e+00   1.3801271e+01   1.6764321e+00
   1.9990000e+03   1.0000000e+00   4.0000000e+00   1.1000000e+01   7.0000000e+00   4.5000000e+01  -5.3450630e+01  -3.8467744e+01   5.0097461e+02   6.5888781e+00   7.5407363e+00   3.3194460e-01
   1.9990000e+03   1.0000000e+00   4.0000000e+00   1.1000000e+01   9.0000000e+00   2.5000000e+01  -5.3446235e+01  -3.8469238e+01   4.9838738e+02   3.4210413e+00   9.6134507e+00   1.3486046e-01
   1.9990000e+03   1.0000000e+00   4.0000000e+00   1.1000000e+01   1.1000000e+01   7.0000000e+00  -5.3441881e+01  -3.8470738e+01   4.9385080e+02   3.6684754e+00   1.6708561e+01   1.1890579e+00
   1.9990000e+03   1.0000000e+00   4.0000000e+00   1.1000000e+01   1.2000000e+01   4.9000000e+01  -5.3437458e+01  -3.8472284e+01   5.0197370e+02   2.9911110e+00   1.1006281e+01   1.5122399e-01
   1.9990000e+03   1.0000000e+00   4.0000000e+00   1.1000000e+01   1.4000000e+01   3.0000000e+01  -5.3433061e+01  -3.8473761e+01   4.9836084e+02   4.3978732e+00   9.4097622e+00   4.5273498e+00
   1.9990000e+03   1.0000000e+00   4.0000000e+00   1.1000000e+01   1.6000000e+01   1.2000000e+01  -5.3428653e+01  -3.8475254e+01   4.9964780e+02   2.7096132e+00   7.5638337e+00   3.7675055e-01
   1.9990000e+03   1.0000000e+00   4.0000000e+00   1.1000000e+01   1.7000000e+01   5.3000000e+01  -5.3424237e+01  -3.8476731e+01   5.0033104e+02   3.6050947e+00   1.3301441e+01   1.5731365e-01
   1.9990000e+03   1.0000000e+00   4.0000000e+00   1.1000000e+01   1.9000000e+01   3.2999901e+01  -5.3419854e+01  -3.8478222e+01   4.9699226e+02   1.6693946e+00   5.7802929e+00   2.2347081e-01
   1.9990000e+03   1.0000000e+00   4.0000000e+00   1.1000000e+01   2.1000000e+01   1.2000099e+01  -5.3415482e+01  -3.8479734e+01   4.9606426e+02   3.6299250e+00   1.0948323e+01   5.9985662e+00
   1.9990000e+03   1.0000000e+00   4.0000000e+00   1.1000000e+01   2.2000000e+01   5.2000000e+01  -5.3411087e+01  -3.8481278e+01   4.9887513e+02   3.3139858e+00   1.2685806e+01   2.2881312e+00
   1.9990000e+03   1.0000000e+00   4.0000000e+00   1.1000000e+01   2.4000000e+01   3.4000000e+01  -5.3406688e+01  -3.8482788e+01   4.9902860e+02   3.5255079e+00   7.4301001e+00   6.0590514e-01
   1.9990000e+03   1.0000000e+00   4.0000000e+00   1.1000000e+01   2.6000000e+01   1.5000000e+01  -5.3402296e+01  -3.8484324e+01   4.9845697e+02   1.5340807e+00   4.3743214e+00   9.9729040e-01
   1.9990000e+03   1.0000000e+00   4.0000000e+00   1.1000000e+01   2.7000000e+01   5.7000000e+01  -5.3397897e+01  -3.8485887e+01   4.9967256e+02   2.2469421e+00   9.4127620e+00   2.8069027e+00
   1.9990000e+03   1.0000000e+00   4.0000000e+00   1.1000000e+01   2.9000000e+01   3.9000000e+01  -5.3393440e+01  -3.8487236e+01   5.0322812e+02   4.2884972e+00   1.3030001e+01   6.0141055e+00
   1.9990000e+03   1.0000000e+00   4.0000000e+00   1.1000000e+01   3.1000000e+01   2.0000000e+01  -5.3389024e+01  -3.8488487e+01   4.9773504e+02   1.1246993e+01   4.9131452e+01   4.3372241e+01
   1.9990000e+03   1.0000000e+00   4.0000000e+00   1.1000000e+01   3.3000000e+01   2.0000000e+00  -5.3384639e+01  -3.8489748e+01   4.9431055e+02   7.1184846e+00   2.2120016e+01   1.8197053e+01
   1.9990000e+03   1.0000000e+00   4.0000000e+00   1.1000000e+01   3.4000000e+01   4.3000000e+01  -5.3380230e+01  -3.8490967e+01   4.9662424e+02   2.0335457e+00   8.9328627e+00   5.7253842e+00
   1.9990000e+03   1.0000000e+00   4.0000000e+00   1.1000000e+01   3.6000000e+01   2.4000000e+01  -5.3375793e+01  -3.8492259e+01   5.0040872e+02   2.8426729e+00   5.2104887e+00   2.0508118e+00
   1.9990000e+03   1.0000000e+00   4.0000000e+00   1.1000000e+01   3.8000000e+01   4.0000000e+00  -5.3371366e+01  -3.8493472e+01   4.9849094e+02   3.6447168e+00   1.4561236e+01   6.8687100e+00
   1.9990000e+03   1.0000000e+00   4.0000000e+00   1.1000000e+01   3.9000000e+01   4.3000099e+01  -5.3366987e+01  -3.8494726e+01   4.9361499e+02   5.4246236e+00   2.2167521e+01   6.2578934e+00
   1.9990000e+03   1.0000000e+00   4.0000000e+00   1.1000000e+01   4.1000000e+01   2.3000000e+01  -5.3362552e+01  -3.8495993e+01   4.9990456e+02   4.0605172e+00   1.5816581e+01   9.2136776e+00
   1.9990000e+03   1.0000000e+00   4.0000000e+00   1.1000000e+01   4.3000000e+01   3.0000000e+00  -5.3358145e+01  -3.8497216e+01   4.9631813e+02   8.2635894e+00   3.5998693e+01   2.6628801e+01
   1.9990000e+03   1.0000000e+00   4.0000000e+00   1.1000000e+01   4.4000000e+01   4.3000000e+01  -5.3353744e+01  -3.8498460e+01   4.9599615e+02   2.5262583e+00   1.3105989e+01   5.4254061e+00
   1.9990000e+03   1.0000000e+00   4.0000000e+00   1.1000000e+01   4.6000000e+01   2.3000000e+01  -5.3349321e+01  -3.8499889e+01   5.0057756e+02   3.0130759e+00   1.3125869e+01   4.1914959e+00
   1.9990000e+03   1.0000000e+00   4.0000000e+00   1.1000000e+01   4.8000000e+01   3.0000992e+00  -5.3344946e+01  -3.8501389e+01   4.9623207e+02   2.8226163e+00   1.2296170e+01   2.7894482e+00
   1.9990000e+03   1.0000000e+00   4.0000000e+00   1.1000000e+01   4.9000000e+01   4.3000000e+01  -5.3340576e+01  -3.8502948e+01   4.9641026e+02   2.3972307e+00   1.0443061e+01   3.3726570e+00
   1.9990000e+03   1.0000000e+00   4.0000000e+00   1.1000000e+01   5.1000000e+01   2.4000000e+01  -5.3336126e+01  -3.8504505e+01   5.0520722e+02   3.7588500e+00   1.8060025e+01   9.2429456e+00
   1.9990000e+03   1.0000000e+00   4.0000000e+00   1.1000000e+01   5.3000000e+01   5.0000000e+00  -5.3331689e+01  -3.8506044e+01   5.0346450e+02   2.4801333e+00   7.1178236e+00   6.6235500e-01
   1.9990000e+03   1.0000000e+00   4.0000000e+00   1.1000000e+01   5.4000000e+01   4.5000000e+01  -5.3327315e+01  -3.8507555e+01   4.9632756e+02   3.8408660e+00   1.6920000e+01   1.2682006e+01
   1.9990000e+03   1.0000000e+00   4.0000000e+00   1.1000000e+01   5.6000000e+01   2.5000000e+01  -5.3322893e+01  -3.8509054e+01   5.0130933e+02   2.0816235e+00   9.4712857e+00   2.3781420e+00
   1.9990000e+03   1.0000000e+00   4.0000000e+00   1.1000000e+01   5.8000000e+01   5.0000000e+00  -5.3318501e+01  -3.8510626e+01   4.9905031e+02   3.9056383e+00   1.7625586e+01   1.3334715e+01
   1.9990000e+03   1.0000000e+00   4.0000000e+00   1.1000000e+01   5.9000000e+01   4.5000000e+01  -5.3314153e+01  -3.8512184e+01   4.9409520e+02   4.0332181e+00   1.3726846e+01   7.5598101e+00
   1.9990000e+03   1.0000000e+00   4.0000000e+00   1.2000000e+01   1.0000000e+00   2.5000000e+01  -5.3309803e+01  -3.8513708e+01   4.9384930e+02   4.0067490e+00   1.2191631e+01   6.6721592e+00
   1.9990000e+03   1.0000000e+00   4.0000000e+00   1.2000000e+01   3.0000000e+00   7.0000000e+00  -5.3305394e+01  -3.8515294e+01   5.0113734e+02   2.5664442e+00   1.1789729e+01   5.4246962e+00
   1.9990000e+03   1.0000000e+00   4.0000000e+00   1.2000000e+01   4.0000000e+00   4.8000000e+01  -5.3300961e+01  -3.8516898e+01   5.0400627e+02   3.3543552e+00   9.4493041e+00   4.7150009e+00
   1.9990000e+03   1.0000000e+00   4.0000000e+00   1.2000000e+01   6.0000000e+00   2.8000000e+01  -5.3296610e+01  -3.8518452e+01   4.9439191e+02   2.5707513e+00   1.3047102e+01   7.2908255e+00
   1.9990000e+03   1.0000000e+00   4.0000000e+00   1.2000000e+01   8.0000000e+00   8.0000000e+00  -5.3292245e+01  -3.8520009e+01   4.9594678e+02   2.0479759e+00   1.0200543e+01   5.2132530e+00
   1.9990000e+03   1.0000000e+00   4.0000000e+00   1.2000000e+01   9.0000000e+00   4.9000000e+01  -5.3287863e+01  -3.8521540e+01   4.9744695e+02   2.8304689e+00   1.2579334e+01   5.5943685e+00
   1.9990000e+03   1.0000000e+00   4.0000000e+00   1.2000000e+01   1.1000000e+01   3.2000000e+01  -5.3283433e+01  -3.8522690e+01   4.9811404e+02   3.1022554e+00   1.3581187e+01   6.2131325e+00
   1.9990000e+03   1.0000000e+00   4.0000000e+00   1.2000000e+01   1.3000000e+01   1.4000000e+01  -5.3279019e+01  -3.8523935e+01   4.9744121e+02   2.6001392e+00   1.1365580e+01   6.0645440e+00
   1.9990000e+03   1.0000000e+00   4.0000000e+00   1.2000000e+01   1.4000000e+01   5.8000000e+01  -5.3274551e+01  -3.8525117e+01   5.0262441e+02   2.4014209e+00   1.1114647e+01   4.2654016e+00
   1.9990000e+03   1.0000000e+00   4.0000000e+00   1.2000000e+01   1.6000000e+01   4.2000099e+01  -5.3270117e+01  -3.8526294e+01   4.9885233e+02   3.6202094e+00   1.6108232e+01   9.3598702e+00
   1.9990000e+03   1.0000000e+00   4.0000000e+00   1.2000000e+01   1.8000000e+01   2.5000099e+01  -5.3265716e+01  -3.8527571e+01   4.9632869e+02   4.1230382e+00   1.8377108e+01   1.1400883e+01
   1.9990000e+03   1.0000000e+00   4.0000000e+00   1.2000000e+01   2.0000000e+01   9.0000000e+00  -5.3261290e+01  -3.8528782e+01   4.9841913e+02   2.7396797e+00   1.1934873e+01   6.0242034e+00
   1.9990000e+03   1.0000000e+00   4.0000000e+00   1.2000000e+01   2.1000000e+01   5.2000000e+01  -5.3256885e+01  -3.8530051e+01   4.9662408e+02   3.0416835e+00   1.5287619e+01   7.1258873e+00
   1.9990000e+03   1.0000000e+00   4.0000000e+00   1.2000000e+01   2.3000000e+01   3.4000000e+01  -5.3252499e+01  -3.8531287e+01   4.9430781e+02   3.2430025e+00   1.4851413e+01   1.3461104e+01
   1.9990000e+03   1.0000000e+00   4.0000000e+00   1.2000000e+01   2.5000000e+01   1.8000000e+01  -5.3248048e+01  -3.8532567e+01   5.0187780e+02   3.4934900e+00   1.5218698e+01   1.3935508e+01
   1.9990000e+03   1.0000000e+00   4.0000000e+00   1.2000000e+01   2.7000000e+01   0.0000000e+00  -5.3243628e+01  -3.8533830e+01   4.9821471e+02   4.7328291e+00   2.2083825e+01   1.8629818e+01
   1.9990000e+03   1.0000000e+00   4.0000000e+00   1.2000000e+01   2.8000000e+01   4.3000000e+01  -5.3239204e+01  -3.8535129e+01   4.9920940e+02   6.9496137e+00   2.7396714e+01   2.3090104e+01
   1.9990000e+03   1.0000000e+00   4.0000000e+00   1.2000000e+01   3.0000000e+01   2.7000000e+01  -5.3234757e+01  -3.8536425e+01   5.0153532e+02   1.0988992e+01   4.8808022e+01   4.3116728e+01
   1.9990000e+03   1.0000000e+00   4.0000000e+00   1.2000000e+01   3.1000000e+01   4.8000000e+01  -5.3231263e+01  -3.8537427e+01   3.9392803e+02   1.1754543e+01   5.2491250e+01   5.0548265e+01
