   1.9990000e+03   1.0000000e+00   5.0000000e+00   1.3000000e+01   8.0000000e+00   3.0000000e+01  -5.3886943e+01  -3.7908135e+01   4.9729682e+02   9.9965935e+00   4.4082115e+01   3.9218653e+01
   1.9990000e+03   1.0000000e+00   5.0000000e+00   1.3000000e+01   1.0000000e+01   4.0000000e+00  -5.3882500e+01  -3.7909530e+01   5.0200520e+02   2.0904945e+02   9.0566596e+02   8.9366903e+02
   1.9990000e+03   1.0000000e+00   5.0000000e+00   1.3000000e+01   1.1000000e+01   3.9000000e+01  -5.3878052e+01  -3.7910917e+01   5.0264404e+02   2.1619717e+02   9.4199098e+02   9.2974561e+02
   1.9990000e+03   1.0000000e+00   5.0000000e+00   1.3000000e+01   1.3000000e+01   1.4000000e+01  -5.3873616e+01  -3.7912140e+01   4.9932167e+02   1.3061142e+01   5.6424888e+01   4.5917549e+01
   1.9990000e+03   1.0000000e+00   5.0000000e+00   1.3000000e+01   1.4000000e+01   4.9000099e+01  -5.3869166e+01  -3.7913273e+01   5.0008519e+02   1.4003674e+01   6.3059514e+01   4.5903632e+01
   1.9990000e+03   1.0000000e+00   5.0000000e+00   1.3000000e+01   1.6000000e+01   2.5000000e+01  -5.3864716e+01  -3.7914351e+01   4.9950127e+02   3.2899217e+01   1.4423187e+02   1.3131538e+02
   1.9990000e+03   1.0000000e+00   5.0000000e+00   1.3000000e+01   1.8000000e+01   4.0000000e+00  -5.3860285e+01  -3.7915546e+01   4.9855246e+02   3.6155156e+01   1.5737101e+02   1.3626254e+02
   1.9990000e+03   1.0000000e+00   5.0000000e+00   1.3000000e+01   1.9000000e+01   4.6000000e+01  -5.3855945e+01  -3.7917018e+01   4.9178582e+02   8.9580657e+01   3.9193520e+02   3.7116410e+02
   1.9990000e+03   1.0000000e+00   5.0000000e+00   1.3000000e+01   2.1000000e+01   2.9000000e+01  -5.3851523e+01  -3.7918363e+01   4.9920929e+02   7.3151844e+02   3.1867154e+03   3.1752066e+03
   1.9990000e+03   1.0000000e+00   5.0000000e+00   1.3000000e+01   2.3000000e+01   9.0000000e+00  -5.3847070e+01  -3.7919996e+01   5.0632575e+02   3.7152322e+03   1.6190274e+04   1.6178911e+04
   1.9990000e+03   1.0000000e+00   5.0000000e+00   1.3000000e+01   2.4000000e+01   4.9000000e+01  -5.3842757e+01  -3.7921565e+01   4.9010603e+02   1.7725091e+02   7.7235411e+02   7.5548415e+02
   1.9990000e+03   1.0000000e+00   5.0000000e+00   1.3000000e+01   2.6000000e+01   2.8000000e+01  -5.3838333e+01  -3.7923198e+01   5.0317153e+02   8.4466486e+00   3.6293671e+01   1.8566531e+01
   1.9990000e+03   1.0000000e+00   5.0000000e+00   1.3000000e+01   2.8000000e+01   4.0000992e+00  -5.3833942e+01  -3.7924847e+01   4.9975181e+02   8.8643101e+00   3.8912046e+01   1.9764156e+01
   1.9990000e+03   1.0000000e+00   5.0000000e+00   1.3000000e+01   2.9000000e+01   4.0000000e+01  -5.3829583e+01  -3.7926463e+01   4.9578347e+02   6.9960423e+00   2.9212234e+01   1.2776506e+01
   1.9990000e+03   1.0000000e+00   5.0000000e+00   1.3000000e+01   3.1000000e+01   1.8000099e+01  -5.3825172e+01  -3.7928140e+01   5.0235947e+02   3.5117673e+00   1.6639259e+01   8.9545110e+00
   1.9990000e+03   1.0000000e+00   5.0000000e+00   1.3000000e+01   3.2000000e+01   5.5000000e+01  -5.3820817e+01  -3.7929767e+01   4.9558371e+02   3.0520423e+00   1.0346588e+01   7.1905553e+00
   1.9990000e+03   1.0000000e+00   5.0000000e+00   1.3000000e+01   3.4000000e+01   3.5000000e+01  -5.3816454e+01  -3.7931384e+01   4.9625599e+02   3.1810155e+00   1.3456487e+01   5.2023911e+00
   1.9990000e+03   1.0000000e+00   5.0000000e+00   1.3000000e+01   3.6000000e+01   1.6000000e+01  -5.3812047e+01  -3.7933095e+01   5.0241225e+02   3.8058296e+00   1.6059682e+01   4.5700861e+00
   1.9990000e+03   1.0000000e+00   5.0000000e+00   1.3000000e+01   3.7000000e+01   5.5000099e+01  -5.3807681e+01  -3.7934742e+01   4.9701780e+02   3.1181466e+00   1.3719167e+01   1.9183783e+00
   1.9990000e+03   1.0000000e+00   5.0000000e+00   1.3000000e+01   3.9000000e+01   3.3000000e+01  -5.3803354e+01  -3.7936363e+01   4.9243373e+02   4.1421117e+00   1.8044291e+01   2.9206890e+00
   1.9990000e+03   1.0000000e+00   5.0000000e+00   1.3000000e+01   4.1000000e+01   9.0000000e+00  -5.3798933e+01  -3.7938053e+01   5.0362991e+02   3.5027780e+00   1.5543793e+01   2.1868823e+00
   1.9990000e+03   1.0000000e+00   5.0000000e+00   1.3000000e+01   4.2000000e+01   4.4000000e+01  -5.3794497e+01  -3.7939561e+01   5.0275194e+02   5.1627748e+00   2.2490607e+01   2.8604469e+00
   1.9990000e+03   1.0000000e+00   5.0000000e+00   1.3000000e+01   4.4000000e+01   2.1000000e+01  -5.3790076e+01  -3.7940968e+01   4.9990798e+02   1.2266288e+01   5.2643391e+01   3.1828321e+01
   1.9990000e+03   1.0000000e+00   5.0000000e+00   1.3000000e+01   4.6000000e+01   3.0000000e+00  -5.3785659e+01  -3.7942387e+01   4.9955629e+02   1.1898616e+01   5.1833969e+01   1.7226610e+01
   1.9990000e+03   1.0000000e+00   5.0000000e+00   1.3000000e+01   4.7000000e+01   4.4000000e+01  -5.3781285e+01  -3.7943728e+01   4.9401475e+02   9.1760411e+00   3.9973608e+01   2.8431782e+01
   1.9990000e+03   1.0000000e+00   5.0000000e+00   1.3000000e+01   4.9000000e+01   2.0000099e+01  -5.3776864e+01  -3.7945103e+01   4.9943955e+02   1.0801604e+01   4.7287885e+01   3.4943455e+01
   1.9990000e+03   1.0000000e+00   5.0000000e+00   1.3000000e+01   5.0000000e+01   5.4000000e+01  -5.3772455e+01  -3.7946473e+01   4.9806820e+02   1.1988386e+01   5.1260475e+01   3.5003114e+01
   1.9990000e+03   1.0000000e+00   5.0000000e+00   1.3000000e+01   5.2000000e+01   2.9000000e+01  -5.3768011e+01  -3.7947841e+01   5.0196766e+02   1.2669950e+01   5.5194130e+01   3.3716296e+01
   1.9990000e+03   1.0000000e+00   5.0000000e+00   1.3000000e+01   5.4000000e+01   6.0000000e+00  -5.3763616e+01  -3.7949196e+01   4.9647076e+02   1.9463610e+01   1.0379322e+02   8.4533765e+01
   1.9990000e+03   1.0000000e+00   5.0000000e+00   1.3000000e+01   5.5000000e+01   5.1000000e+01  -5.3759164e+01  -3.7950516e+01   5.0222746e+02   9.8755370e+00   4.0229878e+01   2.1279853e+01
   1.9990000e+03   1.0000000e+00   5.0000000e+00   1.3000000e+01   5.7000000e+01   4.0000000e+01  -5.3754855e+01  -3.7951842e+01   4.8659981e+02   4.2436724e+00   1.8736124e+01   8.7784941e+00
   1.9990000e+03   1.0000000e+00   5.0000000e+00   1.3000000e+01   5.9000000e+01   2.5000000e+01  -5.3750445e+01  -3.7953235e+01   4.9861158e+02   2.5092503e+00   1.0931053e+01   6.3702293e+00
   1.9990000e+03   1.0000000e+00   5.0000000e+00   1.4000000e+01   1.0000000e+00   8.0000000e+00  -5.3746076e+01  -3.7954547e+01   4.9303843e+02   1.5252556e+00   5.8553034e+00   1.2737167e+00
   1.9990000e+03   1.0000000e+00   5.0000000e+00   1.4000000e+01   2.0000000e+00   4.8000000e+01  -5.3741635e+01  -3.7956000e+01   5.0265376e+02   7.9138073e-01   3.4474936e+00   9.6529475e-01
   1.9990000e+03   1.0000000e+00   5.0000000e+00   1.4000000e+01   4.0000000e+00   2.6000000e+01  -5.3737197e+01  -3.7957414e+01   5.0178402e+02   1.3987815e+00   6.2673749e+00   2.3369343e+00
   1.9990000e+03   1.0000000e+00   5.0000000e+00   1.4000000e+01   6.0000000e+00   5.0000000e+00  -5.3732783e+01  -3.7958801e+01   4.9891018e+02   1.4761253e+00   6.0879731e+00   4.1687865e+00
   1.9990000e+03   1.0000000e+00   5.0000000e+00   1.4000000e+01   7.0000000e+00   4.4000000e+01  -5.3728334e+01  -3.7960240e+01   5.0335628e+02   2.3020337e+00   1.0061206e+01   3.7336072e+00
   1.9990000e+03   1.0000000e+00   5.0000000e+00   1.4000000e+01   9.0000000e+00   2.4000000e+01  -5.3723972e+01  -3.7961592e+01   4.9281775e+02   1.7693665e+00   9.3767858e+00   5.2376671e+00
   1.9990000e+03   1.0000000e+00   5.0000000e+00   1.4000000e+01   1.1000000e+01   4.0000000e+00  -5.3719550e+01  -3.7962974e+01   4.9963825e+02   4.7172879e+00   2.0643505e+01   1.7390481e+01
   1.9990000e+03   1.0000000e+00   5.0000000e+00   1.4000000e+01   1.2000000e+01   4.3000000e+01  -5.3715198e+01  -3.7964423e+01   4.9289946e+02   1.6082820e+00   7.4246899e+00   4.3234584e+00
   1.9990000e+03   1.0000000e+00   5.0000000e+00   1.4000000e+01   1.4000000e+01   2.3000000e+01  -5.3710785e+01  -3.7965908e+01   4.9995345e+02   2.5158271e+00   1.1402161e+01   6.1464759e+00
   1.9990000e+03   1.0000000e+00   5.0000000e+00   1.4000000e+01   1.6000000e+01   5.0000000e+00  -5.3706358e+01  -3.7967413e+01   5.0185530e+02   3.4562051e+00   1.6058594e+01   9.9642592e+00
   1.9990000e+03   1.0000000e+00   5.0000000e+00   1.4000000e+01   1.7000000e+01   4.9000000e+01  -5.3701918e+01  -3.7969012e+01   5.0448883e+02   4.3723764e+00   2.0266784e+01   1.3390467e+01
   1.9990000e+03   1.0000000e+00   5.0000000e+00   1.4000000e+01   1.9000000e+01   3.5000000e+01  -5.3697603e+01  -3.7970538e+01   4.8986802e+02   3.2534975e+00   1.5099467e+01   2.4929112e+00
   1.9990000e+03   1.0000000e+00   5.0000000e+00   1.4000000e+01   2.1000000e+01   2.1000000e+01  -5.3693325e+01  -3.7972099e+01   4.8634035e+02   2.6245709e+00   1.2164854e+01   4.8523811e+00
   1.9990000e+03   1.0000000e+00   5.0000000e+00   1.4000000e+01   2.3000000e+01   4.0000000e+00  -5.3688912e+01  -3.7973716e+01   5.0176414e+02   2.0876350e+00   1.0488935e+01   1.4093481e+00
   1.9990000e+03   1.0000000e+00   5.0000000e+00   1.4000000e+01   2.4000000e+01   4.3000000e+01  -5.3684518e+01  -3.7975291e+01   4.9911349e+02   2.8346104e+00   1.3081314e+01   2.1837668e+00
   1.9990000e+03   1.0000000e+00   5.0000000e+00   1.4000000e+01   2.6000000e+01   2.1000000e+01  -5.3680172e+01  -3.7976833e+01   4.9354655e+02   3.5890377e+00   1.6553814e+01   3.8789922e+00
   1.9990000e+03   1.0000000e+00   5.0000000e+00   1.4000000e+01   2.8000000e+01   1.0000000e+00  -5.3675842e+01  -3.7978467e+01   4.9293348e+02   3.7565858e+00   1.5916740e+01   4.4707794e+00
   1.9990000e+03   1.0000000e+00   5.0000000e+00   1.4000000e+01   2.9000000e+01   4.4000000e+01  -5.3671443e+01  -3.7979963e+01   4.9861870e+02   3.8329407e+00   1.7921852e+01   6.9814539e+00
   1.9990000e+03   1.0000000e+00   5.0000000e+00   1.4000000e+01   3.1000000e+01   2.6000000e+01  -5.3667048e+01  -3.7981508e+01   4.9885936e+02   3.8767660e+00   1.3803523e+01   6.4780354e+00
   1.9990000e+03   1.0000000e+00   5.0000000e+00   1.4000000e+01   3.3000000e+01   6.0000000e+00  -5.3662654e+01  -3.7983065e+01   4.9900377e+02   5.4227361e+00   9.9041086e+00   2.8101227e+00
   1.9990000e+03   1.0000000e+00   5.0000000e+00   1.4000000e+01   3.4000000e+01   4.5000000e+01  -5.3658280e+01  -3.7984613e+01   4.9660964e+02   4.9607659e+00   1.0089331e+01   1.9518223e+00
   1.9990000e+03   1.0000000e+00   5.0000000e+00   1.4000000e+01   3.6000000e+01   2.3000000e+01  -5.3653932e+01  -3.7986167e+01   4.9383014e+02   4.8334330e+00   1.9357365e+01   1.0264482e+01
   1.9990000e+03   1.0000000e+00   5.0000000e+00   1.4000000e+01   3.7000000e+01   5.9000000e+01  -5.3649525e+01  -3.7987794e+01   5.0128002e+02   4.8469526e+00   1.5584167e+01   9.5955986e+00
   1.9990000e+03   1.0000000e+00   5.0000000e+00   1.4000000e+01   3.9000000e+01   3.5000000e+01  -5.3645131e+01  -3.7989464e+01   5.0050428e+02   4.8859392e+00   2.1284628e+01   1.1418347e+01
   1.9990000e+03   1.0000000e+00   5.0000000e+00   1.4000000e+01   4.1000000e+01   1.5000000e+01  -5.3640696e+01  -3.7991111e+01   5.0464705e+02   4.3493713e+00   1.8084835e+01   8.2173465e+00
   1.9990000e+03   1.0000000e+00   5.0000000e+00   1.4000000e+01   4.3000000e+01   0.0000000e+00  -5.3636401e+01  -3.7992660e+01   4.8801325e+02   3.6053340e+00   1.6445148e+01   5.8763090e+00
   1.9990000e+03   1.0000000e+00   5.0000000e+00   1.4000000e+01   4.4000000e+01   4.4000000e+01  -5.3632010e+01  -3.7994204e+01   4.9847831e+02   5.5470658e+00   2.4692508e+01   1.7649815e+01
   1.9990000e+03   1.0000000e+00   5.0000000e+00   1.4000000e+01   4.6000000e+01   2.4000000e+01  -5.3627681e+01  -3.7995780e+01   4.9208468e+02   1.2064130e+01   5.2554995e+01   4.0262201e+01
   1.9990000e+03   1.0000000e+00   5.0000000e+00   1.4000000e+01   4.8000000e+01   4.0000000e+00  -5.3623247e+01  -3.7997268e+01   5.0236300e+02   6.3171661e+00   2.9060662e+01   1.7499539e+01
   1.9990000e+03   1.0000000e+00   5.0000000e+00   1.4000000e+01   4.9000000e+01   4.3000000e+01  -5.3618903e+01  -3.7998751e+01   4.9246662e+02   1.5852560e+01   6.4725091e+01   6.0443578e+01
   1.9990000e+03   1.0000000e+00   5.0000000e+00   1.4000000e+01   5.1000000e+01   2.0000000e+01  -5.3614457e+01  -3.8000111e+01   5.0210853e+02   4.0860449e+01   1.7020389e+02   1.6460884e+02
   1.9990000e+03   1.0000000e+00   5.0000000e+00   1.4000000e+01   5.2000000e+01   5.9000099e+01  -5.3610028e+01  -3.8001528e+01   5.0095922e+02   1.6445847e+01   4.7316122e+01   2.0150958e+01
   1.9990000e+03   1.0000000e+00   5.0000000e+00   1.4000000e+01   5.4000000e+01   4.0000000e+01  -5.3605637e+01  -3.8002943e+01   4.9675572e+02   1.3640526e+01   5.9422255e+01   8.1866294e+00
   1.9990000e+03   1.0000000e+00   5.0000000e+00   1.4000000e+01   5.6000000e+01   2.1000000e+01  -5.3601283e+01  -3.8004346e+01   4.9260490e+02   8.0376005e+00   3.4151702e+01   4.2075138e+00
   1.9990000e+03   1.0000000e+00   5.0000000e+00   1.4000000e+01   5.8000000e+01   4.0000992e+00  -5.3596875e+01  -3.8005791e+01   4.9901942e+02   2.1543426e+02   1.0165656e+03   9.7462372e+02
   1.9990000e+03   1.0000000e+00   5.0000000e+00   1.4000000e+01   5.9000000e+01   4.5000000e+01  -5.3592470e+01  -3.8007183e+01   4.9793383e+02   4.2270121e+01   2.3105885e+02   1.3936752e+02
   1.9990000e+03   1.0000000e+00   5.0000000e+00   1.5000000e+01   1.0000000e+00   2.3000000e+01  -5.3588030e+01  -3.8008553e+01   5.0165838e+02   7.1109226e+01   4.6307973e+02   1.3586347e+02
   1.9990000e+03   1.0000000e+00   5.0000000e+00   1.5000000e+01   2.0000000e+00   5.9000099e+01  -5.3583567e+01  -3.8009837e+01   5.0307798e+02   2.9998330e+01   2.5498484e+02   2.3712818e+02
   1.9990000e+03   1.0000000e+00   5.0000000e+00   1.5000000e+01   4.0000000e+00   3.8000000e+01  -5.3579171e+01  -3.8011010e+01   4.9457045e+02   1.8726292e+01   7.3796013e+01   6.3793697e+01
   1.9990000e+03   1.0000000e+00   5.0000000e+00   1.5000000e+01   6.0000000e+00   2.3000099e+01  -5.3574764e+01  -3.8012121e+01   4.9517026e+02   1.7587282e+00   7.6615515e+00   4.0320503e+00
   1.9990000e+03   1.0000000e+00   5.0000000e+00   1.5000000e+01   8.0000000e+00   1.0000000e+01  -5.3570401e+01  -3.8013303e+01   4.9100439e+02   2.1523962e+01   9.4183329e+01   9.0830863e+01
   1.9990000e+03   1.0000000e+00   5.0000000e+00   1.5000000e+01   9.0000000e+00   5.4000099e+01  -5.3565952e+01  -3.8014530e+01   5.0103790e+02   1.7948223e+00   7.8187883e+00   5.3740707e+00
   1.9990000e+03   1.0000000e+00   5.0000000e+00   1.5000000e+01   1.1000000e+01   3.4000000e+01  -5.3561453e+01  -3.8015772e+01   5.0660864e+02   5.9089835e-01   5.0419218e+00   1.5666929e+00
   1.9990000e+03   1.0000000e+00   5.0000000e+00   1.5000000e+01   1.3000000e+01   1.6000000e+01  -5.3556977e+01  -3.8016991e+01   5.0382177e+02   1.5542971e+00   6.3587994e+00   1.2726085e-01
   1.9990000e+03   1.0000000e+00   5.0000000e+00   1.5000000e+01   1.5000000e+01   3.0000000e+00  -5.3552775e+01  -3.8018093e+01   4.7249864e+02   9.5310265e-01   4.9268513e+00   3.1592489e+00
   1.9990000e+03   1.0000000e+00   5.0000000e+00   1.5000000e+01   1.6000000e+01   4.8000000e+01  -5.3548183e+01  -3.8019406e+01   5.1759522e+02   2.8604179e+00   1.1451864e+01   1.6197205e+00
   1.9990000e+03   1.0000000e+00   5.0000000e+00   1.5000000e+01   1.8000000e+01   2.8000000e+01  -5.3543763e+01  -3.8020601e+01   4.9749546e+02   1.8078910e+00   7.2900553e+00   1.9624252e+00
   1.9990000e+03   1.0000000e+00   5.0000000e+00   1.5000000e+01   2.0000000e+01   4.0000000e+00  -5.3539405e+01  -3.8021796e+01   4.9058996e+02   3.5188352e+00   1.6621586e+01   9.5966272e+00
   1.9990000e+03   1.0000000e+00   5.0000000e+00   1.5000000e+01   2.1000000e+01   4.1000000e+01  -5.3534906e+01  -3.8023006e+01   5.0628778e+02   1.8804224e+00   9.0223278e+00   5.6530217e+00
   1.9990000e+03   1.0000000e+00   5.0000000e+00   1.5000000e+01   2.3000000e+01   2.4000000e+01  -5.3530490e+01  -3.8024192e+01   4.9695966e+02   5.9102182e+00   2.7341215e+01   2.2420012e+01
   1.9990000e+03   1.0000000e+00   5.0000000e+00   1.5000000e+01   2.5000000e+01   9.0000000e+00  -5.3526129e+01  -3.8025245e+01   4.8949688e+02   7.8845116e+00   4.1780425e+01   2.9585627e+01
   1.9990000e+03   1.0000000e+00   5.0000000e+00   1.5000000e+01   2.6000000e+01   5.0000000e+01  -5.3521720e+01  -3.8026383e+01   4.9572915e+02   4.1446604e+00   2.3833798e+01   1.7093568e+01
   1.9990000e+03   1.0000000e+00   5.0000000e+00   1.5000000e+01   2.8000000e+01   2.6000099e+01  -5.3517214e+01  -3.8027494e+01   5.0602764e+02   4.5005470e+00   2.0883669e+01   1.7345568e+01
   1.9990000e+03   1.0000000e+00   5.0000000e+00   1.5000000e+01   3.0000000e+01   0.0000000e+00  -5.3512772e+01  -3.8028779e+01   5.0088853e+02   5.1528669e+00   2.3060286e+01   2.0277383e+01
   1.9990000e+03   1.0000000e+00   5.0000000e+00   1.5000000e+01   3.1000000e+01   3.4000000e+01  -5.3508340e+01  -3.8030226e+01   5.0165734e+02   6.4303081e+00   2.8012365e+01   2.3437131e+01
   1.9990000e+03   1.0000000e+00   5.0000000e+00   1.5000000e+01   3.3000000e+01   1.0000000e+01  -5.3503933e+01  -3.8031782e+01   5.0032088e+02   1.3068816e+01   5.6380006e+01   4.2125054e+01
   1.9990000e+03   1.0000000e+00   5.0000000e+00   1.5000000e+01   3.4000000e+01   5.0000000e+01  -5.3499651e+01  -3.8033172e+01   4.8467463e+02   1.0224028e+01   5.2631715e+01   3.6040756e+01
   1.9990000e+03   1.0000000e+00   5.0000000e+00   1.5000000e+01   3.6000000e+01   3.0000000e+01  -5.3495145e+01  -3.8034709e+01   5.1089874e+02   7.8618338e+00   3.9875416e+01   3.5746935e+01
   1.9990000e+03   1.0000000e+00   5.0000000e+00   1.5000000e+01   3.8000000e+01   8.0000992e+00  -5.3490757e+01  -3.8036261e+01   4.9826214e+02   2.8305468e+00   1.5136370e+01   1.4009827e+01
   1.9990000e+03   1.0000000e+00   5.0000000e+00   1.5000000e+01   3.9000000e+01   4.5000000e+01  -5.3486528e+01  -3.8037816e+01   4.8107621e+02   2.6947526e+00   1.5231873e+01   9.3198199e+00
   1.9990000e+03   1.0000000e+00   5.0000000e+00   1.5000000e+01   4.1000000e+01   2.1000000e+01  -5.3482186e+01  -3.8039430e+01   4.9410096e+02   1.2529328e+00   5.2269963e+00   3.0925189e+00
   1.9990000e+03   1.0000000e+00   5.0000000e+00   1.5000000e+01   4.2000000e+01   5.5000099e+01  -5.3477784e+01  -3.8041025e+01   5.0035280e+02   2.1911160e+00   1.1350444e+01   2.1956109e+00
   1.9990000e+03   1.0000000e+00   5.0000000e+00   1.5000000e+01   4.4000000e+01   3.0000000e+01  -5.3473328e+01  -3.8042624e+01   5.0636690e+02   1.5372726e+00   6.6968240e+00   4.0763659e+00
   1.9990000e+03   1.0000000e+00   5.0000000e+00   1.5000000e+01   4.6000000e+01   8.0000000e+00  -5.3469008e+01  -3.8044215e+01   4.9140235e+02   1.7644438e+00   1.1484986e+01   5.5144896e+00
   1.9990000e+03   1.0000000e+00   5.0000000e+00   1.5000000e+01   4.7000000e+01   4.4000000e+01  -5.3464581e+01  -3.8045737e+01   5.0213196e+02   2.5535975e+00   1.1124242e+01   5.9386684e+00
   1.9990000e+03   1.0000000e+00   5.0000000e+00   1.5000000e+01   4.9000000e+01   1.8000000e+01  -5.3460249e+01  -3.8047231e+01   4.9141646e+02   7.3472068e+00   3.4570155e+01   3.0754146e+01
   1.9990000e+03   1.0000000e+00   5.0000000e+00   1.5000000e+01   5.0000000e+01   5.0000000e+01  -5.3455814e+01  -3.8048699e+01   5.0230113e+02   1.4677417e+01   6.6889751e+01   6.5160368e+01
   1.9990000e+03   1.0000000e+00   5.0000000e+00   1.5000000e+01   5.2000000e+01   2.1000000e+01  -5.3451375e+01  -3.8050154e+01   5.0259311e+02   4.5896076e-01   2.8267308e+00   7.9493807e-01
   1.9990000e+03   1.0000000e+00   5.0000000e+00   1.5000000e+01   5.3000000e+01   5.4000000e+01  -5.3447021e+01  -3.8051590e+01   4.9301062e+02   1.2102297e+00   7.0992963e+00   5.9892135e+00
   1.9990000e+03   1.0000000e+00   5.0000000e+00   1.5000000e+01   5.5000000e+01   2.8000000e+01  -5.3442606e+01  -3.8053106e+01   5.0076294e+02   1.5390247e+00   6.7044569e+00   5.0240795e+00
   1.9990000e+03   1.0000000e+00   5.0000000e+00   1.5000000e+01   5.7000000e+01   1.0000000e+00  -5.3438192e+01  -3.8054624e+01   5.0073662e+02   3.5962493e+00   1.5666349e+01   1.3959435e+01
   1.9990000e+03   1.0000000e+00   5.0000000e+00   1.5000000e+01   5.8000000e+01   3.8000099e+01  -5.3433802e+01  -3.8056157e+01   4.9824647e+02   4.8396723e+00   2.1598400e+01   1.9882135e+01
   1.9990000e+03   1.0000000e+00   5.0000000e+00   1.6000000e+01   0.0000000e+00   1.5000000e+01  -5.3429278e+01  -3.8057665e+01   5.1253682e+02   2.4930804e+00   1.0860612e+01   1.0434396e+01
   1.9990000e+03   1.0000000e+00   5.0000000e+00   1.6000000e+01   1.0000000e+00   5.4000000e+01  -5.3425012e+01  -3.8059118e+01   4.8367843e+02   1.5280581e+00   7.3226909e+00   6.2791802e+00
   1.9990000e+03   1.0000000e+00   5.0000000e+00   1.6000000e+01   3.0000000e+00   3.1000000e+01  -5.3420656e+01  -3.8060540e+01   4.9306531e+02   2.3091588e+00   1.1932424e+01   1.1465615e+01
   1.9990000e+03   1.0000000e+00   5.0000000e+00   1.6000000e+01   5.0000000e+00   8.0000000e+00  -5.3416239e+01  -3.8061983e+01   5.0008370e+02   7.3292270e+00   3.1928328e+01   3.1575092e+01
   1.9990000e+03   1.0000000e+00   5.0000000e+00   1.6000000e+01   6.0000000e+00   4.5000000e+01  -5.3411774e+01  -3.8063430e+01   5.0526104e+02   6.9895466e+00   3.1212694e+01   3.0189557e+01
   1.9990000e+03   1.0000000e+00   5.0000000e+00   1.6000000e+01   8.0000000e+00   2.2000000e+01  -5.3407398e+01  -3.8064888e+01   4.9580842e+02   4.5364481e+00   1.9974543e+01   1.8505927e+01
   1.9990000e+03   1.0000000e+00   5.0000000e+00   1.6000000e+01   9.0000000e+00   5.9000000e+01  -5.3402938e+01  -3.8066354e+01   5.0504216e+02   4.1211115e+00   1.8469409e+01   1.5999626e+01
   1.9990000e+03   1.0000000e+00   5.0000000e+00   1.6000000e+01   1.1000000e+01   3.8000000e+01  -5.3398594e+01  -3.8067759e+01   4.9154190e+02   4.7779790e+00   2.2291545e+01   1.9373570e+01
   1.9990000e+03   1.0000000e+00   5.0000000e+00   1.6000000e+01   1.3000000e+01   1.9000000e+01  -5.3394245e+01  -3.8069238e+01   4.9314027e+02   4.7628178e+00   2.1022434e+01   1.8929891e+01
   1.9990000e+03   1.0000000e+00   5.0000000e+00   1.6000000e+01   1.5000000e+01   1.0000000e+00  -5.3389819e+01  -3.8070719e+01   5.0150895e+02   4.5792346e+00   2.0248030e+01   1.8327253e+01
   1.9990000e+03   1.0000000e+00   5.0000000e+00   1.6000000e+01   1.6000000e+01   4.1000000e+01  -5.3385474e+01  -3.8072241e+01   4.9326719e+02   4.6041966e+00   2.1748328e+01   1.9383736e+01
   1.9990000e+03   1.0000000e+00   5.0000000e+00   1.6000000e+01   1.8000000e+01   2.0000000e+01  -5.3381052e+01  -3.8073827e+01   5.0248997e+02   6.4290069e+00   2.9278200e+01   2.7705057e+01
   1.9990000e+03   1.0000000e+00   5.0000000e+00   1.6000000e+01   1.9000000e+01   5.6000000e+01  -5.3376656e+01  -3.8075491e+01   5.0070059e+02   3.5542423e+00   1.5657132e+01   1.4645152e+01
   1.9990000e+03   1.0000000e+00   5.0000000e+00   1.6000000e+01   2.1000000e+01   3.1000000e+01  -5.3372286e+01  -3.8077074e+01   4.9678207e+02   1.5700980e+00   6.8398216e+00   4.1240996e+00
   1.9990000e+03   1.0000000e+00   5.0000000e+00   1.6000000e+01   2.3000000e+01   9.0000000e+00  -5.3367977e+01  -3.8078669e+01   4.9043212e+02   1.0398683e+00   5.4522437e+00   3.9339585e+00
   1.9990000e+03   1.0000000e+00   5.0000000e+00   1.6000000e+01   2.4000000e+01   4.8000099e+01  -5.3363567e+01  -3.8080253e+01   5.0111801e+02   8.9999165e-01   5.2504067e+00   4.6727189e+00
   1.9990000e+03   1.0000000e+00   5.0000000e+00   1.6000000e+01   2.6000000e+01   3.0000000e+01  -5.3359268e+01  -3.8081908e+01   4.9020110e+02   2.8012080e+00   1.2926445e+01   1.0843812e+01
   1.9990000e+03   1.0000000e+00   5.0000000e+00   1.6000000e+01   2.8000000e+01   1.5000000e+01  -5.3354901e+01  -3.8083566e+01   4.9751415e+02   3.2027581e+00   1.4940696e+01   1.4258505e+01
   1.9990000e+03   1.0000000e+00   5.0000000e+00   1.6000000e+01   2.9000000e+01   5.5000099e+01  -5.3350539e+01  -3.8085249e+01   4.9737380e+02   1.7866914e+00   8.8833073e+00   8.0580920e+00
   1.9990000e+03   1.0000000e+00   5.0000000e+00   1.6000000e+01   3.1000000e+01   3.1000000e+01  -5.3346148e+01  -3.8086784e+01   4.9852481e+02   7.6201616e-01   3.3195727e+00   2.6940376e+00
   1.9990000e+03   1.0000000e+00   5.0000000e+00   1.6000000e+01   3.3000000e+01   8.0000000e+00  -5.3341761e+01  -3.8088396e+01   4.9905907e+02   2.9440627e+00   1.3495074e+01   1.1068483e+01
   1.9990000e+03   1.0000000e+00   5.0000000e+00   1.6000000e+01   3.4000000e+01   4.5000000e+01  -5.3337450e+01  -3.8089932e+01   4.8971544e+02   1.8405765e+00   8.0181075e+00   6.0968707e+00
   1.9990000e+03   1.0000000e+00   5.0000000e+00   1.6000000e+01   3.6000000e+01   2.1000000e+01  -5.3333021e+01  -3.8091521e+01   5.0339247e+02   2.8880896e+00   1.3220754e+01   1.0190964e+01
   1.9990000e+03   1.0000000e+00   5.0000000e+00   1.6000000e+01   3.7000000e+01   5.8000000e+01  -5.3328656e+01  -3.8093037e+01   4.9529637e+02   5.7711210e+00   2.6221705e+01   2.1477489e+01
   1.9990000e+03   1.0000000e+00   5.0000000e+00   1.6000000e+01   3.9000000e+01   3.5000000e+01  -5.3324301e+01  -3.8094616e+01   4.9510875e+02   6.2048997e+00   2.7030418e+01   2.0750999e+01
   1.9990000e+03   1.0000000e+00   5.0000000e+00   1.6000000e+01   4.1000000e+01   1.0999901e+01  -5.3319851e+01  -3.8096203e+01   5.0566749e+02   4.8926083e+00   2.1313680e+01   1.4885999e+01
   1.9990000e+03   1.0000000e+00   5.0000000e+00   1.6000000e+01   4.2000000e+01   4.6000000e+01  -5.3315512e+01  -3.8097768e+01   4.9321521e+02   4.9551967e+00   2.7707329e+01   1.5572535e+01
   1.9990000e+03   1.0000000e+00   5.0000000e+00   1.6000000e+01   4.4000000e+01   2.0000000e+01  -5.3311071e+01  -3.8099390e+01   5.0504645e+02   4.0296070e+00   1.7722812e+01   1.0529206e+01
   1.9990000e+03   1.0000000e+00   5.0000000e+00   1.6000000e+01   4.5000000e+01   5.3000000e+01  -5.3306748e+01  -3.8100900e+01   4.9074708e+02   4.4115919e+00   1.9894337e+01   8.7238465e+00
   1.9990000e+03   1.0000000e+00   5.0000000e+00   1.6000000e+01   4.7000000e+01   2.5000000e+01  -5.3302361e+01  -3.8102385e+01   4.9736467e+02   3.5099153e+00   1.5290252e+01   9.0160940e+00
   1.9990000e+03   1.0000000e+00   5.0000000e+00   1.6000000e+01   4.8000000e+01   5.9000000e+01  -5.3297974e+01  -3.8103787e+01   4.9621783e+02   3.7903667e+00   1.7859050e+01   1.4461261e+01
   1.9990000e+03   1.0000000e+00   5.0000000e+00   1.6000000e+01   5.0000000e+01   3.3000000e+01  -5.3293509e+01  -3.8105366e+01   5.0720630e+02   5.9281681e+00   2.6314691e+01   1.7961649e+01
   1.9990000e+03   1.0000000e+00   5.0000000e+00   1.6000000e+01   5.2000000e+01   6.0000000e+00  -5.3289172e+01  -3.8106775e+01   4.9089601e+02   1.1969779e+01   5.2143976e+01   3.7052389e+01
   1.9990000e+03   1.0000000e+00   5.0000000e+00   1.6000000e+01   5.3000000e+01   4.1000000e+01  -5.3284798e+01  -3.8108176e+01   4.9488470e+02   1.3466437e+01   5.9316166e+01   4.7389862e+01
   1.9990000e+03   1.0000000e+00   5.0000000e+00   1.6000000e+01   5.5000000e+01   1.8000000e+01  -5.3280430e+01  -3.8109556e+01   4.9391977e+02   1.4998162e+01   6.6922251e+01   5.2335149e+01
   1.9990000e+03   1.0000000e+00   5.0000000e+00   1.6000000e+01   5.6000000e+01   5.4000000e+01  -5.3275964e+01  -3.8110893e+01   5.0410379e+02   9.1028757e+00   4.4443330e+01   2.2263384e+01
   1.9990000e+03   1.0000000e+00   5.0000000e+00   1.6000000e+01   5.8000000e+01   2.8000000e+01  -5.3271555e+01  -3.8112300e+01   4.9884652e+02   9.4079445e+00   4.4795089e+01   2.3555013e+01
   1.9990000e+03   1.0000000e+00   5.0000000e+00   1.7000000e+01   0.0000000e+00   1.0000000e+00  -5.3267195e+01  -3.8113598e+01   4.9203846e+02   5.1227281e+00   1.4092275e+01   1.0446942e+01
   1.9990000e+03   1.0000000e+00   5.0000000e+00   1.7000000e+01   1.0000000e+00   3.6000000e+01  -5.3262816e+01  -3.8114892e+01   4.9421712e+02   1.6073635e+01   7.2472599e+01   5.8775780e+01
   1.9990000e+03   1.0000000e+00   5.0000000e+00   1.7000000e+01   3.0000000e+00   1.0000000e+01  -5.3258387e+01  -3.8116225e+01   5.0006637e+02   6.5276805e+00   2.1161498e+01   9.1889837e+00
   1.9990000e+03   1.0000000e+00   5.0000000e+00   1.7000000e+01   4.0000000e+00   4.4000099e+01  -5.3253964e+01  -3.8117488e+01   4.9857590e+02   4.2966205e+00   1.7331075e+01   1.1272041e+01
   1.9990000e+03   1.0000000e+00   5.0000000e+00   1.7000000e+01   6.0000000e+00   1.6000000e+01  -5.3249560e+01  -3.8118822e+01   4.9738104e+02   4.0256968e+00   1.5424522e+01   1.0896077e+01
   1.9990000e+03   1.0000000e+00   5.0000000e+00   1.7000000e+01   7.0000000e+00   5.1000000e+01  -5.3245051e+01  -3.8120155e+01   5.0874298e+02   5.5459879e+00   2.0411467e+01   1.2041773e+01
   1.9990000e+03   1.0000000e+00   5.0000000e+00   1.7000000e+01   9.0000000e+00   2.5000000e+01  -5.3240660e+01  -3.8121467e+01   4.9573684e+02   8.7782160e+00   3.8240562e+01   1.4251005e+01
   1.9990000e+03   1.0000000e+00   5.0000000e+00   1.7000000e+01   1.0000000e+01   5.8000000e+01  -5.3236243e+01  -3.8122792e+01   4.9858828e+02   4.8624783e+00   1.6772213e+01   8.2078601e+00
   1.9990000e+03   1.0000000e+00   5.0000000e+00   1.7000000e+01   1.2000000e+01   3.0000000e+01  -5.3231832e+01  -3.8124178e+01   4.9880720e+02   4.0651298e+00   1.0527463e+01   7.3828076e+00
   1.9990000e+03   1.0000000e+00   5.0000000e+00   1.7000000e+01   1.4000000e+01   1.0000000e+00  -5.3227475e+01  -3.8125572e+01   4.9293324e+02   2.6099970e+00   1.3704713e+01   5.3758494e+00
   1.9990000e+03   1.0000000e+00   5.0000000e+00   1.7000000e+01   1.5000000e+01   3.3000000e+01  -5.3223055e+01  -3.8127028e+01   5.0061461e+02   2.9718869e+00   1.2254031e+01   6.2131152e+00
   1.9990000e+03   1.0000000e+00   5.0000000e+00   1.7000000e+01   1.7000000e+01   8.0000000e+00  -5.3218630e+01  -3.8128485e+01   5.0114785e+02   2.7362527e+00   4.7506377e+00   2.5171929e+00
   1.9990000e+03   1.0000000e+00   5.0000000e+00   1.7000000e+01   1.8000000e+01   4.1000000e+01  -5.3214247e+01  -3.8130002e+01   4.9737501e+02   4.4901857e+00   1.0560066e+01   1.5268317e+00
   1.9990000e+03   1.0000000e+00   5.0000000e+00   1.7000000e+01   2.0000000e+01   1.3000000e+01  -5.3209850e+01  -3.8131554e+01   4.9942916e+02   1.4918459e+00   6.1318606e+00   8.8345838e-01
   1.9990000e+03   1.0000000e+00   5.0000000e+00   1.7000000e+01   2.1000000e+01   4.5000000e+01  -5.3205431e+01  -3.8133115e+01   5.0192262e+02   2.9285804e+00   9.1621080e+00   4.2746261e-01
   1.9990000e+03   1.0000000e+00   5.0000000e+00   1.7000000e+01   2.3000000e+01   2.0000000e+01  -5.3201074e+01  -3.8134674e+01   4.9513835e+02   2.0747068e+00   6.5552228e+00   2.2992757e-01
   1.9990000e+03   1.0000000e+00   5.0000000e+00   1.7000000e+01   2.4000000e+01   5.6000099e+01  -5.3196789e+01  -3.8136246e+01   4.8749682e+02   3.3554050e+00   1.5119269e+01   6.2133223e-01
   1.9990000e+03   1.0000000e+00   5.0000000e+00   1.7000000e+01   2.6000000e+01   3.1000000e+01  -5.3192354e+01  -3.8137902e+01   5.0499387e+02   3.2977380e+00   1.4498157e+01   8.5247884e-01
   1.9990000e+03   1.0000000e+00   5.0000000e+00   1.7000000e+01   2.8000000e+01   6.0000000e+00  -5.3188003e+01  -3.8139492e+01   4.9494833e+02   5.3802876e+00   1.6541112e+01   1.4879408e+00
   1.9990000e+03   1.0000000e+00   5.0000000e+00   1.7000000e+01   2.9000000e+01   2.3000000e+01  -5.3184519e+01  -3.8140823e+01   3.9709220e+02   2.1661202e+00   1.0093777e+01   4.2083616e-01
