   1.9990000e+03   1.0000000e+00   2.0000000e+00   1.3000000e+01   3.4000000e+01   4.1000099e+01  -5.3289269e+01  -3.9041172e+01   4.9104731e+02   1.6889720e+00   7.2149610e+00   5.8295906e+00
   1.9990000e+03   1.0000000e+00   2.0000000e+00   1.3000000e+01   3.6000000e+01   3.7000000e+01  -5.3293351e+01  -3.9039594e+01   4.6552297e+02   8.5990484e-01   3.8812883e+00   2.3916346e+00
   1.9990000e+03   1.0000000e+00   2.0000000e+00   1.3000000e+01   3.8000000e+01   2.6000000e+01  -5.3297693e+01  -3.9037717e+01   4.9825513e+02   3.9793357e+00   1.7633371e+01   1.4777004e+01
   1.9990000e+03   1.0000000e+00   2.0000000e+00   1.3000000e+01   4.0000000e+01   5.9999008e+00  -5.3301963e+01  -3.9035788e+01   4.9154222e+02   6.4229421e+00   1.9733484e+01   1.1066922e+01
   1.9990000e+03   1.0000000e+00   2.0000000e+00   1.3000000e+01   4.1000000e+01   4.4000000e+01  -5.3306283e+01  -3.9034052e+01   4.9368294e+02   5.6445849e+00   6.1012205e+00   2.8024199e+00
   1.9990000e+03   1.0000000e+00   2.0000000e+00   1.3000000e+01   4.3000000e+01   2.2000000e+01  -5.3310607e+01  -3.9032372e+01   4.9321851e+02   2.4324129e+00   8.5798945e+00   2.6390782e+00
   1.9990000e+03   1.0000000e+00   2.0000000e+00   1.3000000e+01   4.5000000e+01   5.0000000e+00  -5.3314876e+01  -3.9030920e+01   4.8412410e+02   1.5739868e+00   6.8567621e+00   7.5136432e-01
   1.9990000e+03   1.0000000e+00   2.0000000e+00   1.3000000e+01   4.6000000e+01   5.1000000e+01  -5.3319229e+01  -3.9029442e+01   4.9347808e+02   7.3032134e-01   3.1815005e+00   2.3717670e+00
   1.9990000e+03   1.0000000e+00   2.0000000e+00   1.3000000e+01   4.8000000e+01   3.9000000e+01  -5.3323581e+01  -3.9028214e+01   4.9042871e+02   6.4516430e-01   2.3744981e+00   7.3779972e-01
   1.9990000e+03   1.0000000e+00   2.0000000e+00   1.3000000e+01   5.0000000e+01   2.9000000e+01  -5.3327807e+01  -3.9027128e+01   4.7513514e+02   1.0457756e+00   4.4674589e+00   3.7649808e+00
   1.9990000e+03   1.0000000e+00   2.0000000e+00   1.3000000e+01   5.2000000e+01   1.7000000e+01  -5.3332055e+01  -3.9025919e+01   4.7876276e+02   6.1104797e-01   2.9428859e+00   1.8026554e+00
   1.9990000e+03   1.0000000e+00   2.0000000e+00   1.3000000e+01   5.4000000e+01   2.0000000e+00  -5.3336367e+01  -3.9024499e+01   4.8835356e+02   4.8098993e+00   2.0953375e+01   5.3852997e+00
   1.9990000e+03   1.0000000e+00   2.0000000e+00   1.3000000e+01   5.5000000e+01   4.7000000e+01  -5.3340812e+01  -3.9023175e+01   5.0168531e+02   1.4669626e+00   6.4353849e+00   6.0052120e+00
   1.9990000e+03   1.0000000e+00   2.0000000e+00   1.3000000e+01   5.7000000e+01   3.2000000e+01  -5.3345052e+01  -3.9022156e+01   4.7595484e+02   1.4921815e+00   4.7664617e+00   4.2262296e+00
   1.9990000e+03   1.0000000e+00   2.0000000e+00   1.3000000e+01   5.9000000e+01   1.6000000e+01  -5.3349427e+01  -3.9020759e+01   4.9493831e+02   3.0819021e+00   1.1911051e+01   1.1606274e+01
   1.9990000e+03   1.0000000e+00   2.0000000e+00   1.4000000e+01   1.0000000e+00   2.0000000e+00  -5.3353624e+01  -3.9019821e+01   4.7046147e+02   1.1798002e+00   5.1395662e+00   4.4154827e+00
   1.9990000e+03   1.0000000e+00   2.0000000e+00   1.4000000e+01   2.0000000e+00   5.2000000e+01  -5.3357906e+01  -3.9018282e+01   4.8662286e+02   1.6696369e+00   6.9356395e+00   6.0354906e+00
   1.9990000e+03   1.0000000e+00   2.0000000e+00   1.4000000e+01   4.0000000e+00   4.1000000e+01  -5.3362220e+01  -3.9016895e+01   4.8818688e+02   1.1335822e+00   4.6669465e+00   2.6618452e+00
   1.9990000e+03   1.0000000e+00   2.0000000e+00   1.4000000e+01   6.0000000e+00   2.9000000e+01  -5.3366417e+01  -3.9015645e+01   4.7359384e+02   4.5673234e+00   1.9896641e+01   2.2581019e+00
   1.9990000e+03   1.0000000e+00   2.0000000e+00   1.4000000e+01   8.0000000e+00   1.6000000e+01  -5.3370724e+01  -3.9014102e+01   4.8941800e+02   4.1126235e+00   1.7707193e+01   2.9098256e+00
   1.9990000e+03   1.0000000e+00   2.0000000e+00   1.4000000e+01   1.0000000e+01   2.0000000e+00  -5.3375064e+01  -3.9012505e+01   4.9378552e+02   7.7129265e-01   3.6516648e+00   2.9415941e+00
   1.9990000e+03   1.0000000e+00   2.0000000e+00   1.4000000e+01   1.1000000e+01   4.9000000e+01  -5.3379330e+01  -3.9010945e+01   4.8524138e+02   2.1960866e+00   4.8090249e+00   4.4659822e+00
   1.9990000e+03   1.0000000e+00   2.0000000e+00   1.4000000e+01   1.3000000e+01   3.5000000e+01  -5.3383560e+01  -3.9009564e+01   4.7881888e+02   9.0422461e-01   4.1471686e+00   8.8306566e-01
   1.9990000e+03   1.0000000e+00   2.0000000e+00   1.4000000e+01   1.5000000e+01   2.0000000e+01  -5.3387857e+01  -3.9008100e+01   4.8720761e+02   1.9877933e+00   8.5729841e+00   3.3274140e+00
   1.9990000e+03   1.0000000e+00   2.0000000e+00   1.4000000e+01   1.7000000e+01   4.9999008e+00  -5.3392144e+01  -3.9006697e+01   4.8536745e+02   6.2130960e-01   1.7556476e+00   4.3564403e-01
   1.9990000e+03   1.0000000e+00   2.0000000e+00   1.4000000e+01   1.8000000e+01   5.2000000e+01  -5.3396448e+01  -3.9005360e+01   4.8643814e+02   8.5216506e-01   3.3658041e+00   2.2431985e+00
   1.9990000e+03   1.0000000e+00   2.0000000e+00   1.4000000e+01   2.0000000e+01   3.9000000e+01  -5.3400799e+01  -3.9003816e+01   4.9411260e+02   1.4483915e+00   6.3096313e+00   3.1803244e+00
   1.9990000e+03   1.0000000e+00   2.0000000e+00   1.4000000e+01   2.2000000e+01   2.0000000e+01  -5.3405124e+01  -3.9002332e+01   4.9064238e+02   4.9913072e-01   2.1743643e+00   4.8399975e-01
   1.9990000e+03   1.0000000e+00   2.0000000e+00   1.4000000e+01   2.4000000e+01   9.9990082e-01  -5.3409375e+01  -3.9000793e+01   4.8321569e+02   1.1871878e+00   3.5763732e+00   1.8560736e+00
   1.9990000e+03   1.0000000e+00   2.0000000e+00   1.4000000e+01   2.5000000e+01   4.5000000e+01  -5.3413684e+01  -3.8999359e+01   4.8811378e+02   5.2264724e-01   2.2768093e+00   1.8139939e-01
   1.9990000e+03   1.0000000e+00   2.0000000e+00   1.4000000e+01   2.7000000e+01   2.6000000e+01  -5.3418018e+01  -3.8997741e+01   4.9335110e+02   3.1110029e+00   1.2611977e+01   3.0924843e+00
   1.9990000e+03   1.0000000e+00   2.0000000e+00   1.4000000e+01   2.9000000e+01   5.0000992e+00  -5.3422339e+01  -3.8996204e+01   4.9086682e+02   1.7630046e+00   5.9193515e+00   3.6131314e+00
   1.9990000e+03   1.0000000e+00   2.0000000e+00   1.4000000e+01   3.0000000e+01   4.4000000e+01  -5.3426673e+01  -3.8994531e+01   4.9415020e+02   2.0542381e+00   8.7041971e+00   2.1121240e+00
   1.9990000e+03   1.0000000e+00   2.0000000e+00   1.4000000e+01   3.2000000e+01   2.1000000e+01  -5.3430862e+01  -3.8992913e+01   4.7768438e+02   1.6315638e+00   7.6272882e+00   5.1381948e+00
   1.9990000e+03   1.0000000e+00   2.0000000e+00   1.4000000e+01   3.4000000e+01   0.0000000e+00  -5.3435231e+01  -3.8991381e+01   4.9596022e+02   2.0245043e+00   8.2075394e+00   4.9756115e+00
   1.9990000e+03   1.0000000e+00   2.0000000e+00   1.4000000e+01   3.5000000e+01   3.9000000e+01  -5.3439517e+01  -3.8989754e+01   4.8824261e+02   1.7452534e+00   4.8850500e+00   4.9155087e-01
   1.9990000e+03   1.0000000e+00   2.0000000e+00   1.4000000e+01   3.7000000e+01   1.5000000e+01  -5.3443812e+01  -3.8988139e+01   4.8916043e+02   1.4104143e+00   4.4945590e+00   1.3229964e+00
   1.9990000e+03   1.0000000e+00   2.0000000e+00   1.4000000e+01   3.8000000e+01   5.2000000e+01  -5.3448126e+01  -3.8986589e+01   4.9015663e+02   2.5555590e+00   4.2594498e+00   1.4844029e-01
   1.9990000e+03   1.0000000e+00   2.0000000e+00   1.4000000e+01   4.0000000e+01   3.1000000e+01  -5.3452465e+01  -3.8984972e+01   4.9391686e+02   6.1831752e+00   1.9415313e+01   1.2960144e+01
   1.9990000e+03   1.0000000e+00   2.0000000e+00   1.4000000e+01   4.2000000e+01   1.0000000e+01  -5.3456711e+01  -3.8983269e+01   4.8506596e+02   9.0806676e-01   3.9558132e+00   1.6187605e-02
   1.9990000e+03   1.0000000e+00   2.0000000e+00   1.4000000e+01   4.3000000e+01   5.1000000e+01  -5.3461000e+01  -3.8981779e+01   4.8670201e+02   4.2113066e+00   2.7502789e+00   1.5772369e-01
   1.9990000e+03   1.0000000e+00   2.0000000e+00   1.4000000e+01   4.5000000e+01   3.4000000e+01  -5.3465375e+01  -3.8980351e+01   4.9519720e+02   4.9292681e+00   2.1823781e+01   1.7350079e+01
   1.9990000e+03   1.0000000e+00   2.0000000e+00   1.4000000e+01   4.7000000e+01   1.2000000e+01  -5.3469636e+01  -3.8978942e+01   4.8261377e+02   4.3511686e+00   1.5636033e+01   1.0871253e+00
   1.9990000e+03   1.0000000e+00   2.0000000e+00   1.4000000e+01   4.8000000e+01   4.9000099e+01  -5.3473893e+01  -3.8977390e+01   4.8404125e+02   1.1458515e+01   4.5562263e+01   1.2393426e+00
   1.9990000e+03   1.0000000e+00   2.0000000e+00   1.4000000e+01   5.0000000e+01   2.7000000e+01  -5.3478250e+01  -3.8975892e+01   4.9414586e+02   1.2677141e+00   5.5225456e+00   1.5963779e+00
   1.9990000e+03   1.0000000e+00   2.0000000e+00   1.4000000e+01   5.2000000e+01   6.0000000e+00  -5.3482637e+01  -3.8974639e+01   4.9445828e+02   2.3718337e+00   8.4674852e+00   1.1220508e+00
   1.9990000e+03   1.0000000e+00   2.0000000e+00   1.4000000e+01   5.3000000e+01   4.1000000e+01  -5.3486976e+01  -3.8973636e+01   4.8667872e+02   2.5488982e+00   8.0677654e+00   5.4656968e+00
   1.9990000e+03   1.0000000e+00   2.0000000e+00   1.4000000e+01   5.5000000e+01   1.5000000e+01  -5.3491344e+01  -3.8972461e+01   4.9162343e+02   3.4938565e+00   1.2545344e+01   2.4152736e+00
   1.9990000e+03   1.0000000e+00   2.0000000e+00   1.4000000e+01   5.6000000e+01   5.0000099e+01  -5.3495690e+01  -3.8971372e+01   4.8828838e+02   3.6052756e+00   1.1710553e+01   8.4299526e+00
   1.9990000e+03   1.0000000e+00   2.0000000e+00   1.4000000e+01   5.8000000e+01   2.4000000e+01  -5.3500066e+01  -3.8970117e+01   4.9324826e+02   1.1200315e+01   4.9330905e+01   3.8777332e+01
   1.9990000e+03   1.0000000e+00   2.0000000e+00   1.4000000e+01   5.9000000e+01   5.7000000e+01  -5.3504508e+01  -3.8968922e+01   4.9986678e+02   3.4942058e+00   1.5221817e+01   9.0754121e+00
   1.9990000e+03   1.0000000e+00   2.0000000e+00   1.5000000e+01   1.0000000e+00   3.2000000e+01  -5.3508874e+01  -3.8967881e+01   4.8996019e+02   3.4775748e+00   1.3732187e+01   1.7449346e+00
   1.9990000e+03   1.0000000e+00   2.0000000e+00   1.5000000e+01   3.0000000e+00   7.0000000e+00  -5.3513351e+01  -3.8966722e+01   5.0340041e+02   7.9553749e+00   1.1089895e+01   2.6139196e+00
   1.9990000e+03   1.0000000e+00   2.0000000e+00   1.5000000e+01   4.0000000e+00   4.1000099e+01  -5.3517641e+01  -3.8965627e+01   4.8209282e+02   1.6788555e+01   7.3339754e+01   6.3431953e+01
   1.9990000e+03   1.0000000e+00   2.0000000e+00   1.5000000e+01   6.0000000e+00   1.4000099e+01  -5.3522032e+01  -3.8964399e+01   4.9465987e+02   2.1255675e+00   1.0118062e+01   1.8168815e+00
   1.9990000e+03   1.0000000e+00   2.0000000e+00   1.5000000e+01   7.0000000e+00   4.6000099e+01  -5.3526484e+01  -3.8963227e+01   5.0079224e+02   3.2001379e+00   1.6591986e+01   1.6449650e+00
   1.9990000e+03   1.0000000e+00   2.0000000e+00   1.5000000e+01   9.0000000e+00   1.7000000e+01  -5.3530930e+01  -3.8962122e+01   4.9932579e+02   3.0076605e+00   1.0800527e+01   5.4127254e+00
   1.9990000e+03   1.0000000e+00   2.0000000e+00   1.5000000e+01   1.0000000e+01   4.9000000e+01  -5.3535332e+01  -3.8961122e+01   4.9364738e+02   2.1496824e+00   9.3646661e+00   5.0277816e+00
   1.9990000e+03   1.0000000e+00   2.0000000e+00   1.5000000e+01   1.2000000e+01   2.2000099e+01  -5.3539670e+01  -3.8959758e+01   4.9040436e+02   6.2919830e+00   2.7949375e+01   1.9510113e+01
   1.9990000e+03   1.0000000e+00   2.0000000e+00   1.5000000e+01   1.3000000e+01   5.6000099e+01  -5.3543972e+01  -3.8958465e+01   4.8559548e+02   5.0245797e+00   2.0862992e+01   6.0836871e+00
   1.9990000e+03   1.0000000e+00   2.0000000e+00   1.5000000e+01   1.5000000e+01   2.7000000e+01  -5.3548368e+01  -3.8956971e+01   4.9833703e+02   5.1048333e+00   2.1157936e+01   1.1160245e+01
   1.9990000e+03   1.0000000e+00   2.0000000e+00   1.5000000e+01   1.6000000e+01   5.9000000e+01  -5.3552734e+01  -3.8955492e+01   4.9482578e+02   9.2681420e+00   3.7865242e+01   6.3820249e+00
   1.9990000e+03   1.0000000e+00   2.0000000e+00   1.5000000e+01   1.8000000e+01   3.0000000e+01  -5.3557152e+01  -3.8954078e+01   4.9975268e+02   7.1306197e+00   1.7412093e+01   7.2705112e+00
   1.9990000e+03   1.0000000e+00   2.0000000e+00   1.5000000e+01   2.0000000e+01   1.0000000e+00  -5.3561499e+01  -3.8952718e+01   4.9132853e+02   5.0870676e+00   2.2160804e+01   7.5615715e+00
   1.9990000e+03   1.0000000e+00   2.0000000e+00   1.5000000e+01   2.1000000e+01   3.4000000e+01  -5.3565824e+01  -3.8951361e+01   4.8883415e+02   9.0763019e+00   3.9539114e+01   3.3111047e+01
   1.9990000e+03   1.0000000e+00   2.0000000e+00   1.5000000e+01   2.3000000e+01   6.0000000e+00  -5.3570138e+01  -3.8949915e+01   4.8874204e+02   8.1187484e+00   3.4088152e+01   8.9920741e+00
   1.9990000e+03   1.0000000e+00   2.0000000e+00   1.5000000e+01   2.4000000e+01   3.7000000e+01  -5.3574538e+01  -3.8948444e+01   4.9852422e+02   7.5162185e+00   2.2999795e+01   7.1578532e+00
   1.9990000e+03   1.0000000e+00   2.0000000e+00   1.5000000e+01   2.6000000e+01   7.0000992e+00  -5.3578807e+01  -3.8947025e+01   4.8350259e+02   5.7381677e+00   2.4617144e+01   1.6905604e+01
   1.9990000e+03   1.0000000e+00   2.0000000e+00   1.5000000e+01   2.7000000e+01   3.9000099e+01  -5.3583236e+01  -3.8945764e+01   4.9914963e+02   3.8552422e+00   1.7410070e+01   1.0908523e+01
   1.9990000e+03   1.0000000e+00   2.0000000e+00   1.5000000e+01   2.9000000e+01   9.0000000e+00  -5.3587657e+01  -3.8944471e+01   4.9860154e+02   9.9968378e+00   4.2585709e+01   2.8148317e+01
   1.9990000e+03   1.0000000e+00   2.0000000e+00   1.5000000e+01   3.0000000e+01   3.7000000e+01  -5.3591915e+01  -3.8943229e+01   4.8014972e+02   4.1943225e+00   1.9813657e+01   8.0604380e+00
   1.9990000e+03   1.0000000e+00   2.0000000e+00   1.5000000e+01   3.2000000e+01   7.0000000e+00  -5.3596256e+01  -3.8941869e+01   4.9064150e+02   1.1041198e+01   4.9353769e+01   1.5404950e+01
   1.9990000e+03   1.0000000e+00   2.0000000e+00   1.5000000e+01   3.3000000e+01   3.7000000e+01  -5.3600605e+01  -3.8940517e+01   4.9146008e+02   1.1473406e+01   5.0316793e+01   4.0636318e+01
   1.9990000e+03   1.0000000e+00   2.0000000e+00   1.5000000e+01   3.5000000e+01   9.0000000e+00  -5.3604956e+01  -3.8939312e+01   4.8989949e+02   6.1446019e+00   2.6767743e+01   1.6438305e+01
   1.9990000e+03   1.0000000e+00   2.0000000e+00   1.5000000e+01   3.6000000e+01   4.0000000e+01  -5.3609292e+01  -3.8938051e+01   4.8901263e+02   4.1080774e+00   1.7225789e+01   3.7467652e+00
   1.9990000e+03   1.0000000e+00   2.0000000e+00   1.5000000e+01   3.8000000e+01   9.0000000e+00  -5.3613602e+01  -3.8936506e+01   4.8965609e+02   5.6659471e+00   1.3260197e+01   5.3831297e+00
   1.9990000e+03   1.0000000e+00   2.0000000e+00   1.5000000e+01   3.9000000e+01   3.6000000e+01  -5.3617949e+01  -3.8935191e+01   4.9070152e+02   3.3392036e+00   1.4772704e+01   6.5439709e+00
   1.9990000e+03   1.0000000e+00   2.0000000e+00   1.5000000e+01   4.1000000e+01   5.0000000e+00  -5.3622281e+01  -3.8933876e+01   4.8917094e+02   3.8578664e+00   1.4664546e+01   8.1023577e+00
   1.9990000e+03   1.0000000e+00   2.0000000e+00   1.5000000e+01   4.2000000e+01   3.4000000e+01  -5.3626704e+01  -3.8932512e+01   4.9964371e+02   3.9094512e+00   1.7030751e+01   6.3277596e+00
   1.9990000e+03   1.0000000e+00   2.0000000e+00   1.5000000e+01   4.4000000e+01   1.0000000e+00  -5.3631115e+01  -3.8931170e+01   4.9796661e+02   2.8854767e+00   9.0983737e+00   7.2322333e+00
   1.9990000e+03   1.0000000e+00   2.0000000e+00   1.5000000e+01   4.5000000e+01   2.7000000e+01  -5.3635426e+01  -3.8929723e+01   4.8846543e+02   5.8271153e+00   1.9837563e+01   1.7946616e+01
   1.9990000e+03   1.0000000e+00   2.0000000e+00   1.5000000e+01   4.6000000e+01   5.4000000e+01  -5.3639744e+01  -3.8928453e+01   4.8711949e+02   5.6169167e+00   2.4089655e+01   1.6232314e+01
   1.9990000e+03   1.0000000e+00   2.0000000e+00   1.5000000e+01   4.8000000e+01   2.1000000e+01  -5.3644101e+01  -3.8927016e+01   4.9331947e+02   2.7570561e+00   1.0680166e+01   7.0099635e+00
   1.9990000e+03   1.0000000e+00   2.0000000e+00   1.5000000e+01   4.9000000e+01   4.9000099e+01  -5.3648477e+01  -3.8925592e+01   4.9518984e+02   2.7147810e+00   1.1826407e+01   4.5991637e+00
   1.9990000e+03   1.0000000e+00   2.0000000e+00   1.5000000e+01   5.1000000e+01   1.4999901e+01  -5.3652801e+01  -3.8924130e+01   4.8997906e+02   9.2124255e+00   3.7990489e+01   2.4026122e+01
   1.9990000e+03   1.0000000e+00   2.0000000e+00   1.5000000e+01   5.2000000e+01   4.1000000e+01  -5.3657237e+01  -3.8922652e+01   5.0247678e+02   7.7867439e+00   3.3129228e+01   1.8416451e+01
   1.9990000e+03   1.0000000e+00   2.0000000e+00   1.5000000e+01   5.4000000e+01   7.0000000e+00  -5.3661604e+01  -3.8921245e+01   4.9407565e+02   5.4671524e+00   2.4890655e+01   2.0133046e+01
   1.9990000e+03   1.0000000e+00   2.0000000e+00   1.5000000e+01   5.5000000e+01   3.4000000e+01  -5.3665997e+01  -3.8919877e+01   4.9635463e+02   4.4562559e+00   1.8227889e+01   8.0751136e+00
   1.9990000e+03   1.0000000e+00   2.0000000e+00   1.5000000e+01   5.7000000e+01   0.0000000e+00  -5.3670433e+01  -3.8918516e+01   5.0100269e+02   6.9623868e+00   2.0036196e+01   1.1790804e+01
   1.9990000e+03   1.0000000e+00   2.0000000e+00   1.5000000e+01   5.8000000e+01   2.5000000e+01  -5.3674825e+01  -3.8917077e+01   4.9709039e+02   4.8084094e+00   1.5177445e+01   6.1386408e+00
   1.9990000e+03   1.0000000e+00   2.0000000e+00   1.5000000e+01   5.9000000e+01   5.1000000e+01  -5.3679143e+01  -3.8915817e+01   4.8695630e+02   7.2274114e+00   2.2061317e+01   9.3432130e+00
   1.9990000e+03   1.0000000e+00   2.0000000e+00   1.6000000e+01   1.0000000e+00   1.9000000e+01  -5.3683466e+01  -3.8914542e+01   4.8765299e+02   5.8267179e+00   2.0515109e+01   7.2596569e+00
   1.9990000e+03   1.0000000e+00   2.0000000e+00   1.6000000e+01   2.0000000e+00   4.6000000e+01  -5.3687846e+01  -3.8913300e+01   4.9353950e+02   5.3949813e+00   2.2577443e+01   6.8353305e+00
   1.9990000e+03   1.0000000e+00   2.0000000e+00   1.6000000e+01   4.0000000e+00   1.4000000e+01  -5.3692302e+01  -3.8911909e+01   5.0358178e+02   5.6881383e+00   2.3624252e+01   7.4507739e+00
   1.9990000e+03   1.0000000e+00   2.0000000e+00   1.6000000e+01   5.0000000e+00   4.0000000e+01  -5.3696662e+01  -3.8910475e+01   4.9348716e+02   4.8307635e+00   1.8985930e+01   4.7281132e+00
   1.9990000e+03   1.0000000e+00   2.0000000e+00   1.6000000e+01   7.0000000e+00   6.0000000e+00  -5.3701021e+01  -3.8909259e+01   4.9096207e+02   3.8742139e+00   1.4619615e+01   5.8089279e+00
   1.9990000e+03   1.0000000e+00   2.0000000e+00   1.6000000e+01   8.0000000e+00   3.1000000e+01  -5.3705404e+01  -3.8907856e+01   4.9575937e+02   4.5173057e+00   1.3754638e+01   1.0589615e+01
   1.9990000e+03   1.0000000e+00   2.0000000e+00   1.6000000e+01   9.0000000e+00   5.6000000e+01  -5.3709816e+01  -3.8906528e+01   4.9798552e+02   9.6353858e+00   3.4296911e+01   1.4998872e+01
   1.9990000e+03   1.0000000e+00   2.0000000e+00   1.6000000e+01   1.1000000e+01   2.1000000e+01  -5.3714203e+01  -3.8905151e+01   4.9577730e+02   5.2629322e+00   2.2926923e+01   7.7139009e+00
   1.9990000e+03   1.0000000e+00   2.0000000e+00   1.6000000e+01   1.2000000e+01   4.4000000e+01  -5.3718513e+01  -3.8903862e+01   4.8639796e+02   5.5770846e+00   2.4295466e+01   6.8598401e+00
   1.9990000e+03   1.0000000e+00   2.0000000e+00   1.6000000e+01   1.4000000e+01   7.0000000e+00  -5.3722878e+01  -3.8902520e+01   4.9295120e+02   7.5540263e+00   3.1563065e+01   9.7306004e+00
   1.9990000e+03   1.0000000e+00   2.0000000e+00   1.6000000e+01   1.5000000e+01   3.2000000e+01  -5.3727252e+01  -3.8901135e+01   4.9455875e+02   6.1986742e+00   1.5068690e+01   4.3509166e+00
   1.9990000e+03   1.0000000e+00   2.0000000e+00   1.6000000e+01   1.6000000e+01   5.7000000e+01  -5.3731701e+01  -3.8899674e+01   5.0354899e+02   5.8207167e+00   2.3400815e+01   3.8684884e+00
   1.9990000e+03   1.0000000e+00   2.0000000e+00   1.6000000e+01   1.8000000e+01   2.0000000e+01  -5.3736014e+01  -3.8898232e+01   4.8852672e+02   4.4985734e+00   1.8217573e+01   4.7253973e+00
   1.9990000e+03   1.0000000e+00   2.0000000e+00   1.6000000e+01   1.9000000e+01   4.0000000e+01  -5.3740376e+01  -3.8896724e+01   4.9474710e+02   4.1853394e+00   2.0084652e+01   3.7986270e+00
   1.9990000e+03   1.0000000e+00   2.0000000e+00   1.6000000e+01   2.1000000e+01   1.0000000e+00  -5.3744829e+01  -3.8895216e+01   5.0465424e+02   3.9066354e+00   1.6484710e+01   9.0401278e+00
   1.9990000e+03   1.0000000e+00   2.0000000e+00   1.6000000e+01   2.2000000e+01   2.2000099e+01  -5.3749227e+01  -3.8893871e+01   4.9668826e+02   3.5822900e+00   1.3230212e+01   8.2657202e+00
   1.9990000e+03   1.0000000e+00   2.0000000e+00   1.6000000e+01   2.3000000e+01   4.2000000e+01  -5.3753563e+01  -3.8892553e+01   4.8952037e+02   4.4585619e+00   2.0371840e+01   1.4485075e+01
   1.9990000e+03   1.0000000e+00   2.0000000e+00   1.6000000e+01   2.5000000e+01   4.0000000e+00  -5.3757981e+01  -3.8891241e+01   4.9843841e+02   3.9037411e+00   1.7005876e+01   1.2687385e+01
   1.9990000e+03   1.0000000e+00   2.0000000e+00   1.6000000e+01   2.6000000e+01   2.9000000e+01  -5.3762376e+01  -3.8889921e+01   4.9600053e+02   3.0680470e+00   1.4787753e+01   7.4054928e+00
   1.9990000e+03   1.0000000e+00   2.0000000e+00   1.6000000e+01   2.7000000e+01   5.7000000e+01  -5.3766718e+01  -3.8888547e+01   4.9088584e+02   2.6058955e+00   1.0681725e+01   1.9943737e+00
   1.9990000e+03   1.0000000e+00   2.0000000e+00   1.6000000e+01   2.9000000e+01   2.7000099e+01  -5.3771034e+01  -3.8887421e+01   4.8518745e+02   2.6908428e+00   1.0687670e+01   3.8242102e+00
   1.9990000e+03   1.0000000e+00   2.0000000e+00   1.6000000e+01   3.0000000e+01   5.6000000e+01  -5.3775338e+01  -3.8886222e+01   4.8478114e+02   4.9638584e+00   2.2180347e+01   1.1095539e+01
   1.9990000e+03   1.0000000e+00   2.0000000e+00   1.6000000e+01   3.2000000e+01   2.4000000e+01  -5.3779723e+01  -3.8884939e+01   4.9448254e+02   7.2904408e+00   2.8655595e+01   1.5995338e+01
   1.9990000e+03   1.0000000e+00   2.0000000e+00   1.6000000e+01   3.3000000e+01   5.0000000e+01  -5.3784109e+01  -3.8883589e+01   4.9536490e+02   9.3782561e+00   4.0854518e+01   2.7738024e+01
   1.9990000e+03   1.0000000e+00   2.0000000e+00   1.6000000e+01   3.5000000e+01   1.6000000e+01  -5.3788510e+01  -3.8882302e+01   4.9629935e+02   2.0801283e+01   8.9651659e+01   6.8605639e+01
   1.9990000e+03   1.0000000e+00   2.0000000e+00   1.6000000e+01   3.6000000e+01   4.4000000e+01  -5.3792981e+01  -3.8880934e+01   5.0477301e+02   9.7982662e+00   4.2169912e+01   2.5218131e+01
   1.9990000e+03   1.0000000e+00   2.0000000e+00   1.6000000e+01   3.8000000e+01   1.1000000e+01  -5.3797353e+01  -3.8879726e+01   4.9229367e+02   1.0940947e+01   4.7781692e+01   2.9310451e+01
   1.9990000e+03   1.0000000e+00   2.0000000e+00   1.6000000e+01   3.9000000e+01   3.9000000e+01  -5.3801733e+01  -3.8878532e+01   4.9293080e+02   9.1561066e+00   4.0100332e+01   3.1659435e+01
   1.9990000e+03   1.0000000e+00   2.0000000e+00   1.6000000e+01   4.1000000e+01   5.0000000e+00  -5.3806111e+01  -3.8877314e+01   4.9301211e+02   1.4773288e+01   2.7061406e+01   1.3861616e+01
   1.9990000e+03   1.0000000e+00   2.0000000e+00   1.6000000e+01   4.2000000e+01   3.1000099e+01  -5.3810499e+01  -3.8875939e+01   4.9589854e+02   1.3039408e+01   2.3589748e+01   1.8215662e+01
   1.9990000e+03   1.0000000e+00   2.0000000e+00   1.6000000e+01   4.3000000e+01   5.6999901e+01  -5.3814933e+01  -3.8874593e+01   5.0056429e+02   9.5621912e+00   1.6345132e+01   7.1279354e+00
   1.9990000e+03   1.0000000e+00   2.0000000e+00   1.6000000e+01   4.5000000e+01   2.2000000e+01  -5.3819307e+01  -3.8873273e+01   4.9373941e+02   6.1522528e+00   2.6502376e+01   9.6536104e+00
   1.9990000e+03   1.0000000e+00   2.0000000e+00   1.6000000e+01   4.6000000e+01   4.7000000e+01  -5.3823656e+01  -3.8871972e+01   4.9068316e+02   2.3747777e+03   1.0345059e+04   1.0334787e+04
   1.9990000e+03   1.0000000e+00   2.0000000e+00   1.6000000e+01   4.8000000e+01   1.2000000e+01  -5.3828047e+01  -3.8870669e+01   4.9532867e+02   1.4262317e+02   6.0683493e+02   5.9331025e+02
   1.9990000e+03   1.0000000e+00   2.0000000e+00   1.6000000e+01   4.9000000e+01   3.7000000e+01  -5.3832462e+01  -3.8869227e+01   4.9962483e+02   4.4799123e+01   1.8563554e+02   1.7256998e+02
   1.9990000e+03   1.0000000e+00   2.0000000e+00   1.6000000e+01   5.1000000e+01   1.0000000e+00  -5.3836832e+01  -3.8867747e+01   4.9521319e+02   8.2887434e+01   3.6106762e+02   3.4768558e+02
   1.9990000e+03   1.0000000e+00   2.0000000e+00   1.6000000e+01   5.2000000e+01   2.5000099e+01  -5.3841169e+01  -3.8866298e+01   4.9117956e+02   3.7776867e+02   1.6453803e+03   1.6200612e+03
   1.9990000e+03   1.0000000e+00   2.0000000e+00   1.6000000e+01   5.3000000e+01   5.0000000e+01  -5.3845564e+01  -3.8864908e+01   4.9680365e+02   2.1295722e+01   7.6130726e+01   6.6273521e+01
   1.9990000e+03   1.0000000e+00   2.0000000e+00   1.6000000e+01   5.5000000e+01   1.6000000e+01  -5.3849942e+01  -3.8863348e+01   4.9715676e+02   1.1875646e+01   5.1487794e+01   4.2360229e+01
   1.9990000e+03   1.0000000e+00   2.0000000e+00   1.6000000e+01   5.6000000e+01   4.1000000e+01  -5.3854364e+01  -3.8861808e+01   5.0162993e+02   1.2206135e+01   4.6376887e+01   2.1904850e+01
   1.9990000e+03   1.0000000e+00   2.0000000e+00   1.6000000e+01   5.8000000e+01   4.0000000e+00  -5.3858697e+01  -3.8860351e+01   4.9088002e+02   3.6539386e+00   1.2713619e+01   4.8292658e+00
   1.9990000e+03   1.0000000e+00   2.0000000e+00   1.6000000e+01   5.9000000e+01   2.7000000e+01  -5.3863095e+01  -3.8858809e+01   4.9901773e+02   1.9996553e+00   8.8608943e+00   4.6341910e+00
   1.9990000e+03   1.0000000e+00   2.0000000e+00   1.7000000e+01   0.0000000e+00   5.2000000e+01  -5.3867410e+01  -3.8857211e+01   4.9074181e+02   3.2925765e+00   1.1486488e+01   4.9133615e+00
   1.9990000e+03   1.0000000e+00   2.0000000e+00   1.7000000e+01   2.0000000e+00   1.7000000e+01  -5.3871740e+01  -3.8855790e+01   4.9014439e+02   5.3754610e+00   1.5157900e+01   5.8204077e+00
   1.9990000e+03   1.0000000e+00   2.0000000e+00   1.7000000e+01   3.0000000e+00   4.2000000e+01  -5.3876142e+01  -3.8854115e+01   5.0123949e+02   4.3315334e+00   1.6526190e+01   8.0979083e+00
   1.9990000e+03   1.0000000e+00   2.0000000e+00   1.7000000e+01   5.0000000e+00   7.0000000e+00  -5.3880460e+01  -3.8852537e+01   4.9091003e+02   8.2022112e+00   3.3009041e+01   2.3986016e+01
   1.9990000e+03   1.0000000e+00   2.0000000e+00   1.7000000e+01   6.0000000e+00   3.5000000e+01  -5.3884856e+01  -3.8850946e+01   4.9945366e+02   1.1667437e+01   5.0826882e+01   3.6731807e+01
   1.9990000e+03   1.0000000e+00   2.0000000e+00   1.7000000e+01   8.0000000e+00   2.0000000e+00  -5.3889187e+01  -3.8849750e+01   4.8761759e+02   5.9690161e+00   2.6116525e+01   1.6587674e+01
   1.9990000e+03   1.0000000e+00   2.0000000e+00   1.7000000e+01   9.0000000e+00   2.7000000e+01  -5.3893551e+01  -3.8848559e+01   4.9112871e+02   7.9470345e+00   3.4999531e+01   2.6876684e+01
   1.9990000e+03   1.0000000e+00   2.0000000e+00   1.7000000e+01   1.0000000e+01   5.2000000e+01  -5.3897851e+01  -3.8847460e+01   4.8323209e+02   1.1972583e+01   5.2256850e+01   4.5897716e+01
   1.9990000e+03   1.0000000e+00   2.0000000e+00   1.7000000e+01   1.2000000e+01   1.7000000e+01  -5.3902144e+01  -3.8846392e+01   4.8207688e+02   1.8244460e+01   7.6942365e+01   6.6813014e+01
   1.9990000e+03   1.0000000e+00   2.0000000e+00   1.7000000e+01   1.3000000e+01   4.2000000e+01  -5.3906576e+01  -3.8845281e+01   4.9785712e+02   1.6781559e+01   7.3057183e+01   5.0486805e+01
   1.9990000e+03   1.0000000e+00   2.0000000e+00   1.7000000e+01   1.5000000e+01   9.0000000e+00  -5.3910930e+01  -3.8844131e+01   4.8962588e+02   1.3584656e+01   5.9717054e+01   2.7421937e+01
   1.9990000e+03   1.0000000e+00   2.0000000e+00   1.7000000e+01   1.6000000e+01   3.7000000e+01  -5.3915310e+01  -3.8843104e+01   4.9129077e+02   1.0881187e+01   4.7598981e+01   1.9621964e+01
   1.9990000e+03   1.0000000e+00   2.0000000e+00   1.7000000e+01   1.8000000e+01   7.0000000e+00  -5.3919719e+01  -3.8841996e+01   4.9531069e+02   9.9794467e+00   4.3473486e+01   1.6792014e+01
   1.9990000e+03   1.0000000e+00   2.0000000e+00   1.7000000e+01   1.9000000e+01   4.0000000e+01  -5.3924081e+01  -3.8840832e+01   4.9068883e+02   7.4856470e+00   3.2263945e+01   1.6757751e+01
   1.9990000e+03   1.0000000e+00   2.0000000e+00   1.7000000e+01   2.1000000e+01   1.2000099e+01  -5.3928444e+01  -3.8839622e+01   4.9119472e+02   3.2190352e+00   1.4730342e+01   8.0835028e+00
   1.9990000e+03   1.0000000e+00   2.0000000e+00   1.7000000e+01   2.2000000e+01   4.2000000e+01  -5.3932686e+01  -3.8838452e+01   4.7758898e+02   2.7051937e+00   1.2209657e+01   6.4213757e+00
   1.9990000e+03   1.0000000e+00   2.0000000e+00   1.7000000e+01   2.4000000e+01   1.4000000e+01  -5.3937056e+01  -3.8837471e+01   4.8977854e+02   3.7151682e+01   1.5928747e+02   1.4929755e+02
   1.9990000e+03   1.0000000e+00   2.0000000e+00   1.7000000e+01   2.5000000e+01   4.4000000e+01  -5.3941340e+01  -3.8836379e+01   4.8136202e+02   1.9370849e+01   8.4385271e+01   2.9478402e+01
   1.9990000e+03   1.0000000e+00   2.0000000e+00   1.7000000e+01   2.7000000e+01   1.5000099e+01  -5.3945624e+01  -3.8835378e+01   4.8052758e+02   8.6920820e+00   4.0811863e+01   2.4735305e+01
   1.9990000e+03   1.0000000e+00   2.0000000e+00   1.7000000e+01   2.8000000e+01   4.9000000e+01  -5.3950072e+01  -3.8834195e+01   5.0028775e+02   5.9216265e+00   2.6226925e+01   1.3131267e+01
   1.9990000e+03   1.0000000e+00   2.0000000e+00   1.7000000e+01   3.0000000e+01   2.1000000e+01  -5.3954409e+01  -3.8832668e+01   4.9212931e+02   7.1525639e+00   3.1619643e+01   1.0913768e+01
   1.9990000e+03   1.0000000e+00   2.0000000e+00   1.7000000e+01   3.1000000e+01   5.4000000e+01  -5.3958777e+01  -3.8831074e+01   4.9650366e+02   4.2227960e+00   1.7898720e+01   8.5627954e+00
   1.9990000e+03   1.0000000e+00   2.0000000e+00   1.7000000e+01   3.3000000e+01   2.6000000e+01  -5.3963141e+01  -3.8829361e+01   4.9763188e+02   5.7121045e+00   2.4874421e+01   9.9719440e+00
   1.9990000e+03   1.0000000e+00   2.0000000e+00   1.7000000e+01   3.4000000e+01   5.9000000e+01  -5.3967391e+01  -3.8827711e+01   4.8444211e+02   7.8498027e+00   2.9432051e+01   1.5076128e+01
   1.9990000e+03   1.0000000e+00   2.0000000e+00   1.7000000e+01   3.6000000e+01   3.2000000e+01  -5.3971764e+01  -3.8826158e+01   4.9636945e+02   5.2614903e+00   2.3497645e+01   1.0121914e+01
   1.9990000e+03   1.0000000e+00   2.0000000e+00   1.7000000e+01   3.8000000e+01   5.0000000e+00  -5.3976116e+01  -3.8824452e+01   4.9626523e+02   5.2716296e+00   2.3217296e+01   7.9035323e+00
   1.9990000e+03   1.0000000e+00   2.0000000e+00   1.7000000e+01   3.9000000e+01   3.6000000e+01  -5.3980438e+01  -3.8822947e+01   4.9025668e+02   2.6786243e+00   1.1668897e+01   5.9304794e+00
   1.9990000e+03   1.0000000e+00   2.0000000e+00   1.7000000e+01   4.1000000e+01   9.0000000e+00  -5.3984808e+01  -3.8821281e+01   4.9766445e+02   3.1609421e+00   1.3770019e+01   5.5328160e+00
   1.9990000e+03   1.0000000e+00   2.0000000e+00   1.7000000e+01   4.2000000e+01   4.0000000e+01  -5.3989236e+01  -3.8819746e+01   5.0217234e+02   4.6424736e+00   2.0224018e+01   9.1277539e+00
   1.9990000e+03   1.0000000e+00   2.0000000e+00   1.7000000e+01   4.3000000e+01   5.0000000e+01  -5.3992664e+01  -3.8818605e+01   3.8812572e+02   1.1454997e+01   5.1149027e+01   1.7767336e+01
