   1.9990000e+03   1.0000000e+00   3.0000000e+00   1.2000000e+01   5.0000000e+01   5.0000000e+00  -5.3958619e+01  -3.8528067e+01   4.9576405e+02   1.0545323e+01   4.4916772e+01   3.3301332e+01
   1.9990000e+03   1.0000000e+00   3.0000000e+00   1.2000000e+01   5.1000000e+01   3.3000000e+01  -5.3954234e+01  -3.8529561e+01   4.9698155e+02   7.7294698e+00   3.3720531e+01   2.2220344e+01
   1.9990000e+03   1.0000000e+00   3.0000000e+00   1.2000000e+01   5.3000000e+01   3.0000000e+00  -5.3949892e+01  -3.8531126e+01   4.9322695e+02   5.0446136e+00   2.2070394e+01   1.4875947e+01
   1.9990000e+03   1.0000000e+00   3.0000000e+00   1.2000000e+01   5.4000000e+01   3.8000000e+01  -5.3945558e+01  -3.8532616e+01   4.9134631e+02   9.2637492e+00   4.0641921e+01   2.9314338e+01
   1.9990000e+03   1.0000000e+00   3.0000000e+00   1.2000000e+01   5.6000000e+01   1.6000000e+01  -5.3941171e+01  -3.8534123e+01   4.9734551e+02   1.0754740e+01   4.6850899e+01   3.8057727e+01
   1.9990000e+03   1.0000000e+00   3.0000000e+00   1.2000000e+01   5.7000000e+01   5.6000000e+01  -5.3936849e+01  -3.8535702e+01   4.9125174e+02   1.1835302e+01   3.6758957e+01   3.3263713e+01
   1.9990000e+03   1.0000000e+00   3.0000000e+00   1.2000000e+01   5.9000000e+01   3.6000000e+01  -5.3932481e+01  -3.8537112e+01   4.9402187e+02   1.1105687e+01   3.6310536e+01   3.3950433e+01
   1.9990000e+03   1.0000000e+00   3.0000000e+00   1.3000000e+01   1.0000000e+00   1.5000000e+01  -5.3928095e+01  -3.8538564e+01   4.9657745e+02   1.1843275e+01   4.4553474e+01   3.8490852e+01
   1.9990000e+03   1.0000000e+00   3.0000000e+00   1.3000000e+01   2.0000000e+00   5.4000000e+01  -5.3923776e+01  -3.8540028e+01   4.8941197e+02   1.2120518e+01   4.8076525e+01   3.9266427e+01
   1.9990000e+03   1.0000000e+00   3.0000000e+00   1.3000000e+01   4.0000000e+00   3.3000000e+01  -5.3919428e+01  -3.8541574e+01   4.9358481e+02   1.3154543e+01   4.4234552e+01   4.1369301e+01
   1.9990000e+03   1.0000000e+00   3.0000000e+00   1.3000000e+01   6.0000000e+00   9.0000992e+00  -5.3914975e+01  -3.8542708e+01   5.0035051e+02   1.3768345e+01   5.6067914e+01   4.5661350e+01
   1.9990000e+03   1.0000000e+00   3.0000000e+00   1.3000000e+01   7.0000000e+00   4.3000000e+01  -5.3910556e+01  -3.8544028e+01   4.9865288e+02   1.5522945e+01   6.4063512e+01   5.3287318e+01
   1.9990000e+03   1.0000000e+00   3.0000000e+00   1.3000000e+01   9.0000000e+00   1.6000000e+01  -5.3906130e+01  -3.8545287e+01   4.9858227e+02   1.9030807e+01   6.6934378e+01   5.8518485e+01
   1.9990000e+03   1.0000000e+00   3.0000000e+00   1.3000000e+01   1.0000000e+01   5.0000000e+01  -5.3901719e+01  -3.8546566e+01   4.9730451e+02   2.0597227e+01   7.0219522e+01   5.6472428e+01
   1.9990000e+03   1.0000000e+00   3.0000000e+00   1.3000000e+01   1.2000000e+01   2.3000000e+01  -5.3897374e+01  -3.8547911e+01   4.9073836e+02   1.6453765e+01   6.1413711e+01   4.6827526e+01
   1.9990000e+03   1.0000000e+00   3.0000000e+00   1.3000000e+01   1.3000000e+01   5.5000000e+01  -5.3892975e+01  -3.8549240e+01   4.9653138e+02   1.5790807e+01   5.8718381e+01   4.6607956e+01
   1.9990000e+03   1.0000000e+00   3.0000000e+00   1.3000000e+01   1.5000000e+01   2.8000000e+01  -5.3888550e+01  -3.8550526e+01   4.9886789e+02   1.5730136e+01   5.8195142e+01   3.7376491e+01
   1.9990000e+03   1.0000000e+00   3.0000000e+00   1.3000000e+01   1.7000000e+01   0.0000000e+00  -5.3884119e+01  -3.8551858e+01   5.0008048e+02   1.4354400e+01   5.2259416e+01   3.5070929e+01
   1.9990000e+03   1.0000000e+00   3.0000000e+00   1.3000000e+01   1.8000000e+01   3.3000000e+01  -5.3879700e+01  -3.8553246e+01   4.9936943e+02   1.6108503e+01   7.0173508e+01   4.3351781e+01
   1.9990000e+03   1.0000000e+00   3.0000000e+00   1.3000000e+01   2.0000000e+01   5.0000000e+00  -5.3875369e+01  -3.8554590e+01   4.8926546e+02   2.0529517e+01   7.2410195e+01   5.8595280e+01
   1.9990000e+03   1.0000000e+00   3.0000000e+00   1.3000000e+01   2.1000000e+01   3.9000000e+01  -5.3870963e+01  -3.8555904e+01   4.9703997e+02   1.9519555e+01   7.3354678e+01   6.1719458e+01
   1.9990000e+03   1.0000000e+00   3.0000000e+00   1.3000000e+01   2.3000000e+01   1.1000000e+01  -5.3866548e+01  -3.8557248e+01   4.9850908e+02   2.4661768e+01   9.6459310e+01   7.3946277e+01
   1.9990000e+03   1.0000000e+00   3.0000000e+00   1.3000000e+01   2.4000000e+01   4.3000000e+01  -5.3862198e+01  -3.8558615e+01   4.9159573e+02   2.3272293e+01   8.7224143e+01   8.2303189e+01
   1.9990000e+03   1.0000000e+00   3.0000000e+00   1.3000000e+01   2.6000000e+01   1.5000000e+01  -5.3857807e+01  -3.8560054e+01   4.9691866e+02   2.7747560e+01   1.0132164e+02   8.8727899e+01
   1.9990000e+03   1.0000000e+00   3.0000000e+00   1.3000000e+01   2.7000000e+01   4.8000000e+01  -5.3853378e+01  -3.8561448e+01   5.0060878e+02   3.0265330e+01   1.3217242e+02   9.7721528e+01
   1.9990000e+03   1.0000000e+00   3.0000000e+00   1.3000000e+01   2.9000000e+01   1.9000000e+01  -5.3849019e+01  -3.8562840e+01   4.9283241e+02   2.4921526e+01   1.0859584e+02   8.6383813e+01
   1.9990000e+03   1.0000000e+00   3.0000000e+00   1.3000000e+01   3.0000000e+01   5.0000000e+01  -5.3844607e+01  -3.8564377e+01   5.0052935e+02   1.6752613e+01   7.2979444e+01   4.9917773e+01
   1.9990000e+03   1.0000000e+00   3.0000000e+00   1.3000000e+01   3.2000000e+01   2.3000000e+01  -5.3840179e+01  -3.8565873e+01   5.0170960e+02   1.8527239e+01   8.1511108e+01   6.0285281e+01
   1.9990000e+03   1.0000000e+00   3.0000000e+00   1.3000000e+01   3.3000000e+01   5.5000000e+01  -5.3835807e+01  -3.8567374e+01   4.9569232e+02   2.4758364e+01   9.6835316e+01   8.1198774e+01
   1.9990000e+03   1.0000000e+00   3.0000000e+00   1.3000000e+01   3.5000000e+01   2.9000000e+01  -5.3831468e+01  -3.8568830e+01   4.9148803e+02   6.6323200e+01   2.7476898e+02   2.6716993e+02
   1.9990000e+03   1.0000000e+00   3.0000000e+00   1.3000000e+01   3.7000000e+01   4.0000000e+00  -5.3827051e+01  -3.8570360e+01   5.0102324e+02   1.5305997e+02   6.6172135e+02   6.4393242e+02
   1.9990000e+03   1.0000000e+00   3.0000000e+00   1.3000000e+01   3.8000000e+01   3.8000000e+01  -5.3822677e+01  -3.8571952e+01   4.9705476e+02   1.1164998e+01   4.8470414e+01   2.8128992e+01
   1.9990000e+03   1.0000000e+00   3.0000000e+00   1.3000000e+01   4.0000000e+01   1.1000000e+01  -5.3818318e+01  -3.8573302e+01   4.9242219e+02   4.6186280e+01   2.0232057e+02   1.7732279e+02
   1.9990000e+03   1.0000000e+00   3.0000000e+00   1.3000000e+01   4.1000000e+01   4.6000000e+01  -5.3813944e+01  -3.8574781e+01   4.9558468e+02   4.9078467e+01   2.1464545e+02   1.8335687e+02
   1.9990000e+03   1.0000000e+00   3.0000000e+00   1.3000000e+01   4.3000000e+01   2.4000000e+01  -5.3809607e+01  -3.8576253e+01   4.9156811e+02   5.5360215e+01   2.3107302e+02   1.8619575e+02
   1.9990000e+03   1.0000000e+00   3.0000000e+00   1.3000000e+01   4.5000000e+01   3.0000000e+00  -5.3805191e+01  -3.8577685e+01   4.9960249e+02   3.3956020e+01   1.4720298e+02   1.0306108e+02
   1.9990000e+03   1.0000000e+00   3.0000000e+00   1.3000000e+01   4.6000000e+01   3.9000000e+01  -5.3800827e+01  -3.8579041e+01   4.9309453e+02   1.6705134e+01   7.2050626e+01   4.3041496e+01
   1.9990000e+03   1.0000000e+00   3.0000000e+00   1.3000000e+01   4.8000000e+01   1.4000000e+01  -5.3796455e+01  -3.8580534e+01   4.9551376e+02   1.4482759e+01   6.3091276e+01   4.0428388e+01
   1.9990000e+03   1.0000000e+00   3.0000000e+00   1.3000000e+01   4.9000000e+01   4.9000000e+01  -5.3792121e+01  -3.8581998e+01   4.9112184e+02   9.2907341e+01   4.0491304e+02   3.0314287e+02
   1.9990000e+03   1.0000000e+00   3.0000000e+00   1.3000000e+01   5.1000000e+01   2.4000000e+01  -5.3787798e+01  -3.8583443e+01   4.8961093e+02   8.9200866e+00   3.8071730e+01   1.7766924e+01
   1.9990000e+03   1.0000000e+00   3.0000000e+00   1.3000000e+01   5.2000000e+01   5.9000000e+01  -5.3783380e+01  -3.8584827e+01   4.9933353e+02   8.7162240e+00   3.8472638e+01   2.7808146e+01
   1.9990000e+03   1.0000000e+00   3.0000000e+00   1.3000000e+01   5.4000000e+01   3.4000000e+01  -5.3778977e+01  -3.8586287e+01   4.9858038e+02   3.8884785e+02   1.6946072e+03   1.6782254e+03
   1.9990000e+03   1.0000000e+00   3.0000000e+00   1.3000000e+01   5.6000000e+01   9.0000000e+00  -5.3774608e+01  -3.8587620e+01   4.9325431e+02   1.4480888e+02   6.7846661e+02   6.2408270e+02
   1.9990000e+03   1.0000000e+00   3.0000000e+00   1.3000000e+01   5.7000000e+01   4.3000000e+01  -5.3770212e+01  -3.8589059e+01   4.9758187e+02   1.9047878e+01   8.2223721e+01   7.5045455e+01
   1.9990000e+03   1.0000000e+00   3.0000000e+00   1.3000000e+01   5.9000000e+01   1.6000000e+01  -5.3765811e+01  -3.8590411e+01   4.9695498e+02   1.1485119e+01   5.0032648e+01   4.8121052e+01
   1.9990000e+03   1.0000000e+00   3.0000000e+00   1.4000000e+01   0.0000000e+00   5.1000000e+01  -5.3761404e+01  -3.8591858e+01   4.9893092e+02   2.2883737e+00   1.0551489e+01   8.3703270e+00
   1.9990000e+03   1.0000000e+00   3.0000000e+00   1.4000000e+01   2.0000000e+00   2.6000099e+01  -5.3757029e+01  -3.8593216e+01   4.9420090e+02   1.7365356e+00   8.0524401e+00   6.7485459e+00
   1.9990000e+03   1.0000000e+00   3.0000000e+00   1.4000000e+01   4.0000000e+00   1.0000000e+00  -5.3752629e+01  -3.8594629e+01   4.9764518e+02   1.2151937e+00   5.9104933e+00   3.5797733e+00
   1.9990000e+03   1.0000000e+00   3.0000000e+00   1.4000000e+01   5.0000000e+00   3.5000000e+01  -5.3748271e+01  -3.8596018e+01   4.9283182e+02   2.0231777e+00   9.2204689e+00   7.5953929e+00
   1.9990000e+03   1.0000000e+00   3.0000000e+00   1.4000000e+01   7.0000000e+00   9.0000000e+00  -5.3743889e+01  -3.8597437e+01   4.9577018e+02   3.8628042e+00   1.6909479e+01   1.5357283e+01
   1.9990000e+03   1.0000000e+00   3.0000000e+00   1.4000000e+01   8.0000000e+00   4.3000099e+01  -5.3739495e+01  -3.8598849e+01   4.9700733e+02   1.0201768e+01   4.7419215e+01   2.6079929e+01
   1.9990000e+03   1.0000000e+00   3.0000000e+00   1.4000000e+01   1.0000000e+01   1.5000000e+01  -5.3735121e+01  -3.8600288e+01   4.9519281e+02   1.3894612e+01   6.0980571e+01   4.5378587e+01
   1.9990000e+03   1.0000000e+00   3.0000000e+00   1.4000000e+01   1.1000000e+01   4.9000000e+01  -5.3730701e+01  -3.8601683e+01   4.9956992e+02   9.2447541e+00   3.2595529e+01   2.8389967e+01
   1.9990000e+03   1.0000000e+00   3.0000000e+00   1.4000000e+01   1.3000000e+01   2.3000099e+01  -5.3726339e+01  -3.8603088e+01   4.9349549e+02   7.6955924e+00   3.3524326e+01   2.1461386e+01
   1.9990000e+03   1.0000000e+00   3.0000000e+00   1.4000000e+01   1.4000000e+01   5.5999901e+01  -5.3721941e+01  -3.8604493e+01   4.9727929e+02   1.8124654e+02   7.8372602e+02   7.7248483e+02
   1.9990000e+03   1.0000000e+00   3.0000000e+00   1.4000000e+01   1.6000000e+01   3.0000000e+01  -5.3717542e+01  -3.8605901e+01   4.9750978e+02   1.0181745e+01   4.3531812e+01   2.6859092e+01
   1.9990000e+03   1.0000000e+00   3.0000000e+00   1.4000000e+01   1.8000000e+01   4.0000000e+00  -5.3713122e+01  -3.8607319e+01   5.0000651e+02   8.2901477e+00   2.9165662e+01   1.3708265e+01
   1.9990000e+03   1.0000000e+00   3.0000000e+00   1.4000000e+01   1.9000000e+01   3.8000000e+01  -5.3708714e+01  -3.8608759e+01   4.9888240e+02   4.9212637e+00   1.9243866e+01   2.3054609e+00
   1.9990000e+03   1.0000000e+00   3.0000000e+00   1.4000000e+01   2.1000000e+01   1.0000000e+01  -5.3704347e+01  -3.8610229e+01   4.9476793e+02   7.6628786e+00   3.2714997e+01   2.4445082e+01
   1.9990000e+03   1.0000000e+00   3.0000000e+00   1.4000000e+01   2.2000000e+01   4.4000000e+01  -5.3699954e+01  -3.8611673e+01   4.9725108e+02   6.7306951e+00   2.4948297e+01   9.1528835e+00
   1.9990000e+03   1.0000000e+00   3.0000000e+00   1.4000000e+01   2.4000000e+01   1.9000099e+01  -5.3695525e+01  -3.8613147e+01   5.0161970e+02   4.8215762e+00   2.2103078e+01   2.3596777e+00
   1.9990000e+03   1.0000000e+00   3.0000000e+00   1.4000000e+01   2.5000000e+01   5.3000000e+01  -5.3691130e+01  -3.8614572e+01   4.9729681e+02   3.9369919e+00   1.7224474e+01   2.6373875e+00
   1.9990000e+03   1.0000000e+00   3.0000000e+00   1.4000000e+01   2.7000000e+01   2.6000000e+01  -5.3686734e+01  -3.8616011e+01   4.9764542e+02   3.7742621e+00   1.5741336e+01   3.7727335e+00
   1.9990000e+03   1.0000000e+00   3.0000000e+00   1.4000000e+01   2.9000000e+01   0.0000000e+00  -5.3682295e+01  -3.8617489e+01   5.0273720e+02   6.1249167e+00   2.0512173e+01   7.0531259e+00
   1.9990000e+03   1.0000000e+00   3.0000000e+00   1.4000000e+01   3.0000000e+01   3.4000000e+01  -5.3677899e+01  -3.8618883e+01   4.9701775e+02   8.9341336e+00   2.5599994e+01   1.4122535e+01
   1.9990000e+03   1.0000000e+00   3.0000000e+00   1.4000000e+01   3.2000000e+01   8.0000000e+00  -5.3673520e+01  -3.8620282e+01   4.9521119e+02   9.4445184e+00   3.0976816e+01   2.0025202e+01
   1.9990000e+03   1.0000000e+00   3.0000000e+00   1.4000000e+01   3.3000000e+01   4.1000099e+01  -5.3669131e+01  -3.8621687e+01   4.9640277e+02   9.6718421e+00   3.9848571e+01   2.8800866e+01
   1.9990000e+03   1.0000000e+00   3.0000000e+00   1.4000000e+01   3.5000000e+01   1.5999901e+01  -5.3664703e+01  -3.8623131e+01   5.0112286e+02   9.1729931e+00   2.5980533e+01   2.4308661e+01
   1.9990000e+03   1.0000000e+00   3.0000000e+00   1.4000000e+01   3.6000000e+01   5.0000000e+01  -5.3660339e+01  -3.8624376e+01   4.9181656e+02   9.5424470e+00   2.1684197e+01   8.2445989e+00
   1.9990000e+03   1.0000000e+00   3.0000000e+00   1.4000000e+01   3.8000000e+01   2.4000000e+01  -5.3655964e+01  -3.8625561e+01   4.9236143e+02   7.0700982e+00   3.3098493e+01   1.4453075e+01
   1.9990000e+03   1.0000000e+00   3.0000000e+00   1.4000000e+01   3.9000000e+01   5.8000000e+01  -5.3651566e+01  -3.8626604e+01   4.9355526e+02   8.2911773e+00   3.2908736e+01   2.1803623e+01
   1.9990000e+03   1.0000000e+00   3.0000000e+00   1.4000000e+01   4.1000000e+01   3.4999901e+01  -5.3647044e+01  -3.8627837e+01   5.0898687e+02   1.1434757e+01   4.6775237e+01   1.7998946e+01
   1.9990000e+03   1.0000000e+00   3.0000000e+00   1.4000000e+01   4.3000000e+01   9.0000000e+00  -5.3642743e+01  -3.8628912e+01   4.8313129e+02   1.0094790e+01   4.3975958e+01   1.9660805e+01
   1.9990000e+03   1.0000000e+00   3.0000000e+00   1.4000000e+01   4.4000000e+01   4.4000000e+01  -5.3638343e+01  -3.8630073e+01   4.9484592e+02   4.8813028e+00   1.3350950e+01   7.8929288e+00
   1.9990000e+03   1.0000000e+00   3.0000000e+00   1.4000000e+01   4.6000000e+01   1.9000000e+01  -5.3633918e+01  -3.8631204e+01   4.9739101e+02   3.6287419e+00   1.0640296e+01   9.6496416e+00
   1.9990000e+03   1.0000000e+00   3.0000000e+00   1.4000000e+01   4.7000000e+01   5.5000000e+01  -5.3629468e+01  -3.8632383e+01   5.0048309e+02   3.8296453e+00   1.2255535e+01   9.7762631e+00
   1.9990000e+03   1.0000000e+00   3.0000000e+00   1.4000000e+01   4.9000000e+01   3.1000000e+01  -5.3625045e+01  -3.8633543e+01   4.9742010e+02   2.5494718e+00   1.1106270e+01   9.6799015e+00
   1.9990000e+03   1.0000000e+00   3.0000000e+00   1.4000000e+01   5.1000000e+01   8.0000992e+00  -5.3620672e+01  -3.8634946e+01   4.9470695e+02   7.5670379e+00   1.5868084e+01   1.1284147e+01
   1.9990000e+03   1.0000000e+00   3.0000000e+00   1.4000000e+01   5.2000000e+01   4.4000000e+01  -5.3616304e+01  -3.8636424e+01   4.9502833e+02   5.0508714e+00   2.3389130e+01   6.7145146e+00
   1.9990000e+03   1.0000000e+00   3.0000000e+00   1.4000000e+01   5.4000000e+01   2.0000000e+01  -5.3611920e+01  -3.8637889e+01   4.9658816e+02   6.8215636e+00   2.2997337e+01   7.9931373e+00
   1.9990000e+03   1.0000000e+00   3.0000000e+00   1.4000000e+01   5.5000000e+01   5.6000000e+01  -5.3607574e+01  -3.8639341e+01   4.9234907e+02   4.5774704e+00   2.1228963e+01   9.0651251e+00
   1.9990000e+03   1.0000000e+00   3.0000000e+00   1.4000000e+01   5.7000000e+01   3.3000000e+01  -5.3603227e+01  -3.8640777e+01   4.9218209e+02   6.0095395e+00   2.2638423e+01   1.1792278e+01
   1.9990000e+03   1.0000000e+00   3.0000000e+00   1.4000000e+01   5.9000000e+01   1.0000000e+01  -5.3598808e+01  -3.8642234e+01   5.0038845e+02   5.4238477e+00   1.9319796e+01   1.4278183e+01
   1.9990000e+03   1.0000000e+00   3.0000000e+00   1.5000000e+01   0.0000000e+00   4.6000000e+01  -5.3594417e+01  -3.8643642e+01   4.9663671e+02   5.5875928e+00   1.9238272e+01   1.2787007e+01
   1.9990000e+03   1.0000000e+00   3.0000000e+00   1.5000000e+01   2.0000000e+00   2.3000099e+01  -5.3590018e+01  -3.8645173e+01   4.9914802e+02   5.0004754e+00   2.1340402e+01   1.2643757e+01
   1.9990000e+03   1.0000000e+00   3.0000000e+00   1.5000000e+01   3.0000000e+00   5.9000000e+01  -5.3585632e+01  -3.8646613e+01   4.9659256e+02   5.1250287e+00   1.9210098e+01   1.8190860e+01
   1.9990000e+03   1.0000000e+00   3.0000000e+00   1.5000000e+01   5.0000000e+00   3.4000000e+01  -5.3581335e+01  -3.8648087e+01   4.8721678e+02   1.0781757e+01   4.8274523e+01   4.2165862e+01
   1.9990000e+03   1.0000000e+00   3.0000000e+00   1.5000000e+01   7.0000000e+00   1.0000099e+01  -5.3576924e+01  -3.8649543e+01   4.9955906e+02   1.3557331e+01   5.9059831e+01   5.2515029e+01
   1.9990000e+03   1.0000000e+00   3.0000000e+00   1.5000000e+01   8.0000000e+00   4.6000000e+01  -5.3572539e+01  -3.8650968e+01   4.9625408e+02   1.4207684e+01   6.1892964e+01   5.6564955e+01
   1.9990000e+03   1.0000000e+00   3.0000000e+00   1.5000000e+01   1.0000000e+01   2.3000099e+01  -5.3568215e+01  -3.8652415e+01   4.8986136e+02   1.3087400e+01   5.8452241e+01   5.3607504e+01
   1.9990000e+03   1.0000000e+00   3.0000000e+00   1.5000000e+01   1.2000000e+01   0.0000000e+00  -5.3563810e+01  -3.8653840e+01   4.9845676e+02   1.1462366e+01   5.0139972e+01   4.4569809e+01
   1.9990000e+03   1.0000000e+00   3.0000000e+00   1.5000000e+01   1.3000000e+01   3.8000099e+01  -5.3559398e+01  -3.8655211e+01   4.9849397e+02   1.0583421e+01   4.8083986e+01   4.3251981e+01
   1.9990000e+03   1.0000000e+00   3.0000000e+00   1.5000000e+01   1.5000000e+01   1.4000000e+01  -5.3554988e+01  -3.8656612e+01   4.9866662e+02   9.5361398e+00   3.9201676e+01   3.4501683e+01
   1.9990000e+03   1.0000000e+00   3.0000000e+00   1.5000000e+01   1.6000000e+01   4.9000000e+01  -5.3550599e+01  -3.8657979e+01   4.9602750e+02   7.7830746e+00   3.5580917e+01   2.9705005e+01
   1.9990000e+03   1.0000000e+00   3.0000000e+00   1.5000000e+01   1.8000000e+01   2.4000000e+01  -5.3546193e+01  -3.8659325e+01   4.9755062e+02   1.0476378e+01   3.7985021e+01   2.5021902e+01
   1.9990000e+03   1.0000000e+00   3.0000000e+00   1.5000000e+01   1.9000000e+01   5.9000000e+01  -5.3541821e+01  -3.8660690e+01   4.9413490e+02   7.9463981e+00   3.4616912e+01   2.9521717e+01
   1.9990000e+03   1.0000000e+00   3.0000000e+00   1.5000000e+01   2.1000000e+01   3.4000000e+01  -5.3537465e+01  -3.8662034e+01   4.9211701e+02   9.0886773e+00   3.9825622e+01   2.7841172e+01
   1.9990000e+03   1.0000000e+00   3.0000000e+00   1.5000000e+01   2.3000000e+01   1.0000000e+01  -5.3533034e+01  -3.8663456e+01   5.0119316e+02   7.0649301e+00   3.0940065e+01   2.1885804e+01
   1.9990000e+03   1.0000000e+00   3.0000000e+00   1.5000000e+01   2.4000000e+01   4.8000000e+01  -5.3528632e+01  -3.8664848e+01   4.9771990e+02   7.5394365e+00   3.3964992e+01   2.3495747e+01
   1.9990000e+03   1.0000000e+00   3.0000000e+00   1.5000000e+01   2.6000000e+01   2.5999901e+01  -5.3524266e+01  -3.8666304e+01   4.9468413e+02   8.9322817e+00   3.6799141e+01   2.6691238e+01
   1.9990000e+03   1.0000000e+00   3.0000000e+00   1.5000000e+01   2.8000000e+01   6.0000000e+00  -5.3519936e+01  -3.8667616e+01   4.8886673e+02   7.1988962e+00   3.2707697e+01   2.0586480e+01
   1.9990000e+03   1.0000000e+00   3.0000000e+00   1.5000000e+01   2.9000000e+01   4.8000000e+01  -5.3515544e+01  -3.8669071e+01   4.9743023e+02   1.2166208e+01   5.3417903e+01   4.0195799e+01
   1.9990000e+03   1.0000000e+00   3.0000000e+00   1.5000000e+01   3.1000000e+01   2.9000000e+01  -5.3511183e+01  -3.8670425e+01   4.9274782e+02   1.0875262e+01   4.5205824e+01   3.3222728e+01
   1.9990000e+03   1.0000000e+00   3.0000000e+00   1.5000000e+01   3.3000000e+01   1.0000000e+01  -5.3506802e+01  -3.8671761e+01   4.9476181e+02   6.2149561e+00   2.8703599e+01   1.9170749e+01
   1.9990000e+03   1.0000000e+00   3.0000000e+00   1.5000000e+01   3.4000000e+01   5.0000000e+01  -5.3502426e+01  -3.8673137e+01   4.9473107e+02   6.4267634e+00   2.7996924e+01   2.1811106e+01
   1.9990000e+03   1.0000000e+00   3.0000000e+00   1.5000000e+01   3.6000000e+01   2.9000000e+01  -5.3498045e+01  -3.8674540e+01   4.9549115e+02   8.0985297e+00   2.6193554e+01   1.6500034e+01
   1.9990000e+03   1.0000000e+00   3.0000000e+00   1.5000000e+01   3.8000000e+01   9.0000000e+00  -5.3493641e+01  -3.8675925e+01   4.9795128e+02   4.6358038e+00   2.0194962e+01   1.5270030e+01
   1.9990000e+03   1.0000000e+00   3.0000000e+00   1.5000000e+01   3.9000000e+01   4.9000000e+01  -5.3489211e+01  -3.8677259e+01   5.0007335e+02   9.8146454e+00   3.6901299e+01   2.8296861e+01
   1.9990000e+03   1.0000000e+00   3.0000000e+00   1.5000000e+01   4.1000000e+01   2.8000000e+01  -5.3484876e+01  -3.8678543e+01   4.8908783e+02   8.5463408e+00   3.5685525e+01   3.2956556e+01
   1.9990000e+03   1.0000000e+00   3.0000000e+00   1.5000000e+01   4.3000000e+01   8.0000000e+00  -5.3480504e+01  -3.8679962e+01   4.9481888e+02   5.4766024e+00   2.3551260e+01   2.0193565e+01
   1.9990000e+03   1.0000000e+00   3.0000000e+00   1.5000000e+01   4.4000000e+01   4.9000000e+01  -5.3476081e+01  -3.8681306e+01   4.9947659e+02   5.2577119e+00   1.8138328e+01   8.2277935e+00
   1.9990000e+03   1.0000000e+00   3.0000000e+00   1.5000000e+01   4.6000000e+01   2.7999901e+01  -5.3471722e+01  -3.8682761e+01   4.9379052e+02   1.3685066e+01   5.0369577e+01   3.4487936e+01
   1.9990000e+03   1.0000000e+00   3.0000000e+00   1.5000000e+01   4.8000000e+01   6.0000000e+00  -5.3467337e+01  -3.8684112e+01   4.9545650e+02   6.7992427e+00   2.9619556e+01   2.5444535e+01
   1.9990000e+03   1.0000000e+00   3.0000000e+00   1.5000000e+01   4.9000000e+01   4.5000000e+01  -5.3462945e+01  -3.8685487e+01   4.9634601e+02   5.4110035e+00   2.4483691e+01   1.9067631e+01
   1.9990000e+03   1.0000000e+00   3.0000000e+00   1.5000000e+01   5.1000000e+01   2.3000099e+01  -5.3458598e+01  -3.8686858e+01   4.9157116e+02   3.0992187e+00   1.5806138e+01   1.0554650e+01
   1.9990000e+03   1.0000000e+00   3.0000000e+00   1.5000000e+01   5.3000000e+01   1.0000000e+00  -5.3454189e+01  -3.8688229e+01   4.9819551e+02   4.1802527e+00   2.0324228e+01   9.5148019e+00
   1.9990000e+03   1.0000000e+00   3.0000000e+00   1.5000000e+01   5.4000000e+01   4.0000000e+01  -5.3449788e+01  -3.8689614e+01   4.9751786e+02   5.6173293e+00   1.9686809e+01   1.5022364e+01
   1.9990000e+03   1.0000000e+00   3.0000000e+00   1.5000000e+01   5.6000000e+01   1.9000099e+01  -5.3445470e+01  -3.8690976e+01   4.8828977e+02   5.9339077e+00   2.0998620e+01   1.6839290e+01
   1.9990000e+03   1.0000000e+00   3.0000000e+00   1.5000000e+01   5.7000000e+01   5.9000000e+01  -5.3441137e+01  -3.8692320e+01   4.8956724e+02   4.9726091e+00   2.1257842e+01   1.3375324e+01
   1.9990000e+03   1.0000000e+00   3.0000000e+00   1.5000000e+01   5.9000000e+01   3.9000000e+01  -5.3436741e+01  -3.8693656e+01   4.9643680e+02   7.4149145e+00   2.7319863e+01   1.6287604e+01
   1.9990000e+03   1.0000000e+00   3.0000000e+00   1.6000000e+01   1.0000000e+00   1.9000000e+01  -5.3432322e+01  -3.8695023e+01   4.9938419e+02   6.5239974e+00   2.8191796e+01   2.1736996e+01
   1.9990000e+03   1.0000000e+00   3.0000000e+00   1.6000000e+01   2.0000000e+00   5.9000000e+01  -5.3427943e+01  -3.8696494e+01   4.9618813e+02   6.3674869e+00   2.3160346e+01   2.0381708e+01
   1.9990000e+03   1.0000000e+00   3.0000000e+00   1.6000000e+01   4.0000000e+00   3.9000099e+01  -5.3423607e+01  -3.8697881e+01   4.9050937e+02   4.2856270e+00   1.0384175e+01   5.5038077e+00
   1.9990000e+03   1.0000000e+00   3.0000000e+00   1.6000000e+01   6.0000000e+00   1.9000000e+01  -5.3419244e+01  -3.8699230e+01   4.9292536e+02   9.1287794e+00   2.4340481e+01   1.8186839e+01
   1.9990000e+03   1.0000000e+00   3.0000000e+00   1.6000000e+01   8.0000000e+00   0.0000000e+00  -5.3414825e+01  -3.8700661e+01   5.0007238e+02   5.3956947e+00   1.2044853e+01   9.0592674e+00
   1.9990000e+03   1.0000000e+00   3.0000000e+00   1.6000000e+01   9.0000000e+00   4.1000000e+01  -5.3410417e+01  -3.8702050e+01   4.9842501e+02   3.8370108e+00   1.5237433e+01   8.3821482e+00
   1.9990000e+03   1.0000000e+00   3.0000000e+00   1.6000000e+01   1.1000000e+01   2.1000000e+01  -5.3406003e+01  -3.8703487e+01   4.9960607e+02   2.1601617e+02   9.3805223e+02   9.0460009e+02
   1.9990000e+03   1.0000000e+00   3.0000000e+00   1.6000000e+01   1.3000000e+01   0.0000000e+00  -5.3401629e+01  -3.8704863e+01   4.9457689e+02   5.3877474e+00   1.7727389e+01   9.0354027e+00
   1.9990000e+03   1.0000000e+00   3.0000000e+00   1.6000000e+01   1.4000000e+01   3.9000000e+01  -5.3397220e+01  -3.8706252e+01   4.9844070e+02   4.2796636e+00   1.8347256e+01   8.3147284e+00
   1.9990000e+03   1.0000000e+00   3.0000000e+00   1.6000000e+01   1.6000000e+01   1.8000000e+01  -5.3392840e+01  -3.8707719e+01   4.9633095e+02   4.1487498e+00   1.8348764e+01   1.3627147e+01
   1.9990000e+03   1.0000000e+00   3.0000000e+00   1.6000000e+01   1.7000000e+01   5.6000000e+01  -5.3388492e+01  -3.8709089e+01   4.9166587e+02   3.8357439e+00   1.6752782e+01   1.1844547e+01
   1.9990000e+03   1.0000000e+00   3.0000000e+00   1.6000000e+01   1.9000000e+01   3.6000099e+01  -5.3384101e+01  -3.8710510e+01   4.9688756e+02   4.4243604e+00   1.9034506e+01   8.9551365e+00
   1.9990000e+03   1.0000000e+00   3.0000000e+00   1.6000000e+01   2.1000000e+01   1.7999901e+01  -5.3379692e+01  -3.8711906e+01   4.9854983e+02   4.1177781e+00   1.7695794e+01   5.8202643e+00
   1.9990000e+03   1.0000000e+00   3.0000000e+00   1.6000000e+01   2.2000000e+01   5.8000099e+01  -5.3375317e+01  -3.8713265e+01   4.9451957e+02   6.3517664e+00   1.4837728e+01   7.2815172e+00
   1.9990000e+03   1.0000000e+00   3.0000000e+00   1.6000000e+01   2.4000000e+01   3.6000000e+01  -5.3370950e+01  -3.8714620e+01   4.9350240e+02   5.0374554e+00   1.6228223e+01   8.1008395e+00
   1.9990000e+03   1.0000000e+00   3.0000000e+00   1.6000000e+01   2.6000000e+01   1.6000000e+01  -5.3366597e+01  -3.8715877e+01   4.9082174e+02   3.9387482e+00   6.9898071e+00   3.9367076e+00
   1.9990000e+03   1.0000000e+00   3.0000000e+00   1.6000000e+01   2.7000000e+01   5.6000000e+01  -5.3362238e+01  -3.8717285e+01   4.9327143e+02   4.4797514e+00   1.7330903e+01   7.5886363e+00
   1.9990000e+03   1.0000000e+00   3.0000000e+00   1.6000000e+01   2.9000000e+01   3.6000000e+01  -5.3357893e+01  -3.8718695e+01   4.9182526e+02   3.5740162e+00   1.5569495e+01   6.6578189e+00
   1.9990000e+03   1.0000000e+00   3.0000000e+00   1.6000000e+01   3.1000000e+01   1.6000000e+01  -5.3353503e+01  -3.8719974e+01   4.9508839e+02   7.4302099e+00   4.4902023e+00   3.8576854e+00
   1.9990000e+03   1.0000000e+00   3.0000000e+00   1.6000000e+01   3.2000000e+01   5.6000000e+01  -5.3349122e+01  -3.8721258e+01   4.9415129e+02   3.1373791e+00   1.4990125e+01   1.2480610e+01
   1.9990000e+03   1.0000000e+00   3.0000000e+00   1.6000000e+01   3.4000000e+01   3.6000000e+01  -5.3344702e+01  -3.8722622e+01   4.9948552e+02   2.0556544e+01   7.7876829e+01   7.2314722e+01
   1.9990000e+03   1.0000000e+00   3.0000000e+00   1.6000000e+01   3.6000000e+01   1.4999901e+01  -5.3340275e+01  -3.8723879e+01   4.9890991e+02   5.3423272e+00   2.4267158e+01   1.5363184e+01
   1.9990000e+03   1.0000000e+00   3.0000000e+00   1.6000000e+01   3.7000000e+01   5.4000099e+01  -5.3335869e+01  -3.8725113e+01   4.9642816e+02   3.9154058e+00   7.0732241e+00   7.0732241e+00
   1.9990000e+03   1.0000000e+00   3.0000000e+00   1.6000000e+01   3.9000000e+01   3.3000000e+01  -5.3331451e+01  -3.8726346e+01   4.9766250e+02   4.7913684e+00   2.0872649e+01   1.1344784e+01
   1.9990000e+03   1.0000000e+00   3.0000000e+00   1.6000000e+01   4.1000000e+01   1.0999901e+01  -5.3327057e+01  -3.8727666e+01   4.9603327e+02   1.1032830e+01   2.1869103e+01   9.7418357e+00
   1.9990000e+03   1.0000000e+00   3.0000000e+00   1.6000000e+01   4.2000000e+01   5.1000099e+01  -5.3322614e+01  -3.8729104e+01   5.0286934e+02   3.5496964e+00   1.5404475e+01   1.1273986e+01
   1.9990000e+03   1.0000000e+00   3.0000000e+00   1.6000000e+01   4.4000000e+01   3.1000000e+01  -5.3318250e+01  -3.8730456e+01   4.9313533e+02   6.3660909e+00   2.7732616e+01   2.5012904e+01
   1.9990000e+03   1.0000000e+00   3.0000000e+00   1.6000000e+01   4.6000000e+01   1.1000000e+01  -5.3313911e+01  -3.8731828e+01   4.9066585e+02   1.2715502e+01   3.8233548e+01   2.3715192e+01
   1.9990000e+03   1.0000000e+00   3.0000000e+00   1.6000000e+01   4.7000000e+01   5.1000000e+01  -5.3309515e+01  -3.8733176e+01   4.9663983e+02   6.6465465e+00   2.8954365e+01   2.5516035e+01
   1.9990000e+03   1.0000000e+00   3.0000000e+00   1.6000000e+01   4.9000000e+01   2.9999901e+01  -5.3305160e+01  -3.8734559e+01   4.9256437e+02   1.3171417e+01   5.7204761e+01   3.7132049e+01
   1.9990000e+03   1.0000000e+00   3.0000000e+00   1.6000000e+01   5.1000000e+01   9.0000992e+00  -5.3300798e+01  -3.8736027e+01   4.9446909e+02   9.3361136e+00   3.1128337e+01   3.0199898e+01
   1.9990000e+03   1.0000000e+00   3.0000000e+00   1.6000000e+01   5.2000000e+01   4.8000000e+01  -5.3296404e+01  -3.8737458e+01   4.9736724e+02   1.0548819e+01   4.6552825e+01   3.6506437e+01
   1.9990000e+03   1.0000000e+00   3.0000000e+00   1.6000000e+01   5.4000000e+01   2.5000099e+01  -5.3292040e+01  -3.8738942e+01   4.9483293e+02   1.8633254e+01   8.1172085e+01   6.8319553e+01
   1.9990000e+03   1.0000000e+00   3.0000000e+00   1.6000000e+01   5.6000000e+01   4.0000000e+00  -5.3287596e+01  -3.8740264e+01   5.0154361e+02   7.2218849e+00   3.1460713e+01   1.6707216e+01
   1.9990000e+03   1.0000000e+00   3.0000000e+00   1.6000000e+01   5.7000000e+01   4.3000000e+01  -5.3283211e+01  -3.8741563e+01   4.9485077e+02   6.9309965e+00   3.1363320e+01   1.1378709e+01
   1.9990000e+03   1.0000000e+00   3.0000000e+00   1.6000000e+01   5.9000000e+01   2.0000000e+01  -5.3278848e+01  -3.8742788e+01   4.9167014e+02   3.4381348e+00   1.1117601e+01   9.1575657e+00
   1.9990000e+03   1.0000000e+00   3.0000000e+00   1.7000000e+01   0.0000000e+00   5.8000000e+01  -5.3274439e+01  -3.8743910e+01   4.9558206e+02   2.3164286e+00   1.0091063e+01   8.3119045e+00
   1.9990000e+03   1.0000000e+00   3.0000000e+00   1.7000000e+01   2.0000000e+00   3.5000099e+01  -5.3270043e+01  -3.8745073e+01   4.9455709e+02   1.6327055e+01   7.2717238e+01   6.2561890e+01
   1.9990000e+03   1.0000000e+00   3.0000000e+00   1.7000000e+01   4.0000000e+00   1.1000000e+01  -5.3265647e+01  -3.8746235e+01   4.9453554e+02   1.4592163e+01   6.3567872e+01   5.9983954e+01
   1.9990000e+03   1.0000000e+00   3.0000000e+00   1.7000000e+01   5.0000000e+00   4.6000000e+01  -5.3261319e+01  -3.8747503e+01   4.8821473e+02   6.1927796e+00   2.6826570e+01   2.5599382e+01
   1.9990000e+03   1.0000000e+00   3.0000000e+00   1.7000000e+01   7.0000000e+00   2.1000000e+01  -5.3256958e+01  -3.8748885e+01   4.9322035e+02   2.7448703e+00   1.2215566e+01   1.0297547e+01
