   1.9990000e+03   1.0000000e+00   3.0000000e+00   8.0000000e+00   0.0000000e+00   5.0000000e+01  -5.3266396e+01  -3.8831691e+01   4.9396069e+02   9.3726491e+00   2.3551014e+01   2.1047358e+01
   1.9990000e+03   1.0000000e+00   3.0000000e+00   8.0000000e+00   2.0000000e+00   3.3000000e+01  -5.3270806e+01  -3.8830501e+01   4.9645762e+02   1.0580417e+01   2.2699894e+01   2.0556339e+01
   1.9990000e+03   1.0000000e+00   3.0000000e+00   8.0000000e+00   4.0000000e+00   1.4000000e+01  -5.3275240e+01  -3.8829269e+01   4.9945868e+02   6.4521781e+00   2.8107638e+01   1.1472505e+01
   1.9990000e+03   1.0000000e+00   3.0000000e+00   8.0000000e+00   5.0000000e+00   5.5000000e+01  -5.3279567e+01  -3.8827915e+01   4.8914719e+02   7.0944225e+00   2.0597659e+01   1.8514959e+01
   1.9990000e+03   1.0000000e+00   3.0000000e+00   8.0000000e+00   7.0000000e+00   3.8000000e+01  -5.3283931e+01  -3.8826551e+01   4.9335397e+02   4.0301245e+00   1.1883294e+01   1.1883294e+01
   1.9990000e+03   1.0000000e+00   3.0000000e+00   8.0000000e+00   9.0000000e+00   1.9000000e+01  -5.3288291e+01  -3.8825121e+01   4.9369936e+02   5.3979834e+00   1.0263178e+01   6.6149101e+00
   1.9990000e+03   1.0000000e+00   3.0000000e+00   8.0000000e+00   1.0000000e+01   5.9000000e+01  -5.3292647e+01  -3.8823659e+01   4.9361645e+02   9.8741709e+00   1.8664948e+01   1.3987001e+01
   1.9990000e+03   1.0000000e+00   3.0000000e+00   8.0000000e+00   1.2000000e+01   3.9000000e+01  -5.3297022e+01  -3.8822327e+01   4.9412255e+02   9.2270158e+00   4.0195669e+01   8.0308153e+00
   1.9990000e+03   1.0000000e+00   3.0000000e+00   8.0000000e+00   1.4000000e+01   1.9000000e+01  -5.3301391e+01  -3.8820948e+01   4.9413727e+02   7.4726290e+00   1.5692377e+01   7.7713357e+00
   1.9990000e+03   1.0000000e+00   3.0000000e+00   8.0000000e+00   1.5000000e+01   5.9000099e+01  -5.3305747e+01  -3.8819713e+01   4.9083555e+02   5.0443540e+00   2.3156806e+01   1.0645812e+01
   1.9990000e+03   1.0000000e+00   3.0000000e+00   8.0000000e+00   1.7000000e+01   3.9000000e+01  -5.3310169e+01  -3.8818452e+01   4.9852999e+02   1.1899978e+01   3.3308202e+01   1.9428203e+01
   1.9990000e+03   1.0000000e+00   3.0000000e+00   8.0000000e+00   1.9000000e+01   1.9000000e+01  -5.3314570e+01  -3.8817268e+01   4.9528485e+02   1.5712127e+01   6.7915332e+01   2.4830541e+01
   1.9990000e+03   1.0000000e+00   3.0000000e+00   8.0000000e+00   2.0000000e+01   5.9000000e+01  -5.3318952e+01  -3.8815921e+01   4.9506130e+02   8.1606130e+00   3.0532887e+01   2.6326933e+01
   1.9990000e+03   1.0000000e+00   3.0000000e+00   8.0000000e+00   2.2000000e+01   4.0000000e+01  -5.3323308e+01  -3.8814554e+01   4.9248569e+02   5.2557351e+00   2.2895570e+01   1.7304724e+01
   1.9990000e+03   1.0000000e+00   3.0000000e+00   8.0000000e+00   2.4000000e+01   2.3000000e+01  -5.3327585e+01  -3.8813250e+01   4.8309945e+02   4.2937332e+00   1.2342805e+01   9.1238863e+00
   1.9990000e+03   1.0000000e+00   3.0000000e+00   8.0000000e+00   2.6000000e+01   5.0000000e+00  -5.3331951e+01  -3.8811877e+01   4.9360236e+02   5.8612902e+00   2.6098676e+01   1.0385226e+01
   1.9990000e+03   1.0000000e+00   3.0000000e+00   8.0000000e+00   2.7000000e+01   4.4000000e+01  -5.3336304e+01  -3.8810237e+01   4.9584407e+02   8.8799469e+00   1.5125262e+01   7.2303189e+00
   1.9990000e+03   1.0000000e+00   3.0000000e+00   8.0000000e+00   2.9000000e+01   2.0000000e+01  -5.3340698e+01  -3.8808653e+01   4.9944050e+02   7.5360430e+00   1.1248692e+02   1.3127323e+01
   1.9990000e+03   1.0000000e+00   3.0000000e+00   8.0000000e+00   3.0000000e+01   5.6000099e+01  -5.3345088e+01  -3.8807071e+01   4.9891279e+02   5.1225858e+00   1.7563140e+01   1.1901301e+01
   1.9990000e+03   1.0000000e+00   3.0000000e+00   8.0000000e+00   3.2000000e+01   3.3000000e+01  -5.3349324e+01  -3.8805623e+01   4.8046571e+02   2.0079587e+00   1.1470771e+01   1.2302822e+00
   1.9990000e+03   1.0000000e+00   3.0000000e+00   8.0000000e+00   3.4000000e+01   1.0000099e+01  -5.3353716e+01  -3.8804285e+01   4.9598868e+02   1.0624656e+00   4.6284213e+00   1.9260396e+00
   1.9990000e+03   1.0000000e+00   3.0000000e+00   8.0000000e+00   3.5000000e+01   4.8000000e+01  -5.3358149e+01  -3.8802822e+01   5.0211067e+02   9.9114174e-01   5.0893016e+00   1.7511475e+00
   1.9990000e+03   1.0000000e+00   3.0000000e+00   8.0000000e+00   3.7000000e+01   2.4000000e+01  -5.3362546e+01  -3.8801449e+01   4.9695671e+02   1.0949893e+00   4.0695324e+00   3.7015457e-01
   1.9990000e+03   1.0000000e+00   3.0000000e+00   8.0000000e+00   3.9000000e+01   0.0000000e+00  -5.3366857e+01  -3.8800189e+01   4.8625865e+02   2.7353992e+00   8.0479179e+00   1.7159775e+00
   1.9990000e+03   1.0000000e+00   3.0000000e+00   8.0000000e+00   4.0000000e+01   3.9000099e+01  -5.3371225e+01  -3.8798847e+01   4.9346607e+02   1.4864871e+00   4.5476585e+00   2.0423159e+00
   1.9990000e+03   1.0000000e+00   3.0000000e+00   8.0000000e+00   4.2000000e+01   1.6000000e+01  -5.3375583e+01  -3.8797441e+01   4.9313145e+02   2.4953566e+00   6.8112642e+00   6.1925570e-01
   1.9990000e+03   1.0000000e+00   3.0000000e+00   8.0000000e+00   4.3000000e+01   5.3000099e+01  -5.3379921e+01  -3.8796184e+01   4.8925215e+02   7.0903665e+00   1.0274997e+01   1.2849880e+00
   1.9990000e+03   1.0000000e+00   3.0000000e+00   8.0000000e+00   4.5000000e+01   3.1000000e+01  -5.3384287e+01  -3.8794837e+01   4.9325181e+02   8.5451494e+00   3.0449285e+01   3.4928274e+00
   1.9990000e+03   1.0000000e+00   3.0000000e+00   8.0000000e+00   4.7000000e+01   9.0000000e+00  -5.3388674e+01  -3.8793428e+01   4.9640996e+02   5.8510812e+00   1.0016772e+01   9.2186091e-01
   1.9990000e+03   1.0000000e+00   3.0000000e+00   8.0000000e+00   4.8000000e+01   4.5000000e+01  -5.3393080e+01  -3.8792100e+01   4.9739360e+02   5.4287786e+00   1.6737545e+01   1.4039490e+00
   1.9990000e+03   1.0000000e+00   3.0000000e+00   8.0000000e+00   5.0000000e+01   2.1000099e+01  -5.3397483e+01  -3.8790695e+01   4.9809246e+02   6.8499537e+00   2.4625153e+01   5.1801000e+00
   1.9990000e+03   1.0000000e+00   3.0000000e+00   8.0000000e+00   5.1000000e+01   5.6000000e+01  -5.3401862e+01  -3.8789337e+01   4.9476339e+02   9.9668825e+00   4.3784540e+01   5.6718849e+00
   1.9990000e+03   1.0000000e+00   3.0000000e+00   8.0000000e+00   5.3000000e+01   3.1000000e+01  -5.3406272e+01  -3.8787922e+01   4.9896985e+02   9.0548636e+00   3.9805676e+01   5.6464112e+00
   1.9990000e+03   1.0000000e+00   3.0000000e+00   8.0000000e+00   5.5000000e+01   5.0000000e+00  -5.3410611e+01  -3.8786681e+01   4.8911638e+02   8.8803537e+00   2.5164580e+01   1.7825739e+01
   1.9990000e+03   1.0000000e+00   3.0000000e+00   8.0000000e+00   5.6000000e+01   3.9000099e+01  -5.3414922e+01  -3.8785419e+01   4.8626320e+02   3.3483666e+00   1.0056818e+01   1.7532781e+00
   1.9990000e+03   1.0000000e+00   3.0000000e+00   8.0000000e+00   5.8000000e+01   1.5000000e+01  -5.3419292e+01  -3.8783996e+01   4.9465656e+02   3.8364609e+00   9.5412689e+00   3.1071827e+00
   1.9990000e+03   1.0000000e+00   3.0000000e+00   8.0000000e+00   5.9000000e+01   5.1000000e+01  -5.3423650e+01  -3.8782583e+01   4.9316991e+02   4.4099672e+00   2.1832797e+01   4.0563536e+00
   1.9990000e+03   1.0000000e+00   3.0000000e+00   9.0000000e+00   1.0000000e+00   2.7999901e+01  -5.3428025e+01  -3.8781175e+01   4.9505159e+02   6.0199393e+00   6.4540633e+00   2.2252010e+00
   1.9990000e+03   1.0000000e+00   3.0000000e+00   9.0000000e+00   3.0000000e+00   4.0000000e+00  -5.3432431e+01  -3.8779801e+01   4.9794925e+02   2.7083984e+00   1.1798602e+01   4.3039697e+00
   1.9990000e+03   1.0000000e+00   3.0000000e+00   9.0000000e+00   4.0000000e+00   4.0000000e+01  -5.3436773e+01  -3.8778346e+01   4.9201592e+02   7.4992854e+00   2.8640758e+01   7.9811069e+00
   1.9990000e+03   1.0000000e+00   3.0000000e+00   9.0000000e+00   6.0000000e+00   1.6000000e+01  -5.3441206e+01  -3.8776920e+01   5.0160757e+02   5.9049579e+00   2.5878286e+01   1.0531427e+01
   1.9990000e+03   1.0000000e+00   3.0000000e+00   9.0000000e+00   7.0000000e+00   5.3000000e+01  -5.3445511e+01  -3.8775555e+01   4.8673804e+02   3.8407589e+00   1.7797109e+01   6.0042548e+00
   1.9990000e+03   1.0000000e+00   3.0000000e+00   9.0000000e+00   9.0000000e+00   3.0000000e+01  -5.3449918e+01  -3.8774134e+01   4.9873724e+02   5.7902665e+00   7.5462809e+00   1.8967037e+00
   1.9990000e+03   1.0000000e+00   3.0000000e+00   9.0000000e+00   1.1000000e+01   6.0000000e+00  -5.3454277e+01  -3.8772799e+01   4.9233697e+02   5.2656708e+00   2.2938853e+01   1.0220554e+01
   1.9990000e+03   1.0000000e+00   3.0000000e+00   9.0000000e+00   1.2000000e+01   4.2999901e+01  -5.3458660e+01  -3.8771498e+01   4.9452328e+02   6.8296996e+00   2.1460997e+01   1.1789936e+01
   1.9990000e+03   1.0000000e+00   3.0000000e+00   9.0000000e+00   1.4000000e+01   2.0000000e+01  -5.3463098e+01  -3.8770055e+01   5.0234947e+02   6.7284685e+00   2.5731520e+01   1.6565396e+01
   1.9990000e+03   1.0000000e+00   3.0000000e+00   9.0000000e+00   1.5000000e+01   5.6000099e+01  -5.3467516e+01  -3.8768673e+01   4.9938704e+02   5.4154139e+00   1.6091512e+01   9.3947445e+00
   1.9990000e+03   1.0000000e+00   3.0000000e+00   9.0000000e+00   1.7000000e+01   2.9999901e+01  -5.3471858e+01  -3.8767263e+01   4.9140110e+02   3.4495897e+00   1.2865671e+01   6.6923143e+00
   1.9990000e+03   1.0000000e+00   3.0000000e+00   9.0000000e+00   1.9000000e+01   3.0000000e+00  -5.3476170e+01  -3.8765877e+01   4.8780281e+02   5.4662818e+00   2.4101202e+01   1.2812256e+01
   1.9990000e+03   1.0000000e+00   3.0000000e+00   9.0000000e+00   2.0000000e+01   3.6000000e+01  -5.3480497e+01  -3.8764507e+01   4.8933256e+02   5.3602040e+00   2.4693425e+01   7.1932642e+00
   1.9990000e+03   1.0000000e+00   3.0000000e+00   9.0000000e+00   2.2000000e+01   1.1000000e+01  -5.3484879e+01  -3.8763076e+01   4.9602688e+02   7.1624996e+00   2.5930095e+01   1.8562612e+01
   1.9990000e+03   1.0000000e+00   3.0000000e+00   9.0000000e+00   2.3000000e+01   4.8000099e+01  -5.3489233e+01  -3.8761661e+01   4.9280315e+02   1.0361600e+01   4.0170317e+01   2.4737610e+01
   1.9990000e+03   1.0000000e+00   3.0000000e+00   9.0000000e+00   2.5000000e+01   2.5000000e+01  -5.3493661e+01  -3.8760212e+01   5.0126262e+02   8.1138706e+00   3.5920996e+01   2.2609410e+01
   1.9990000e+03   1.0000000e+00   3.0000000e+00   9.0000000e+00   2.7000000e+01   0.0000000e+00  -5.3498041e+01  -3.8758740e+01   4.9628746e+02   1.0801469e+01   4.8615918e+01   3.7273286e+01
   1.9990000e+03   1.0000000e+00   3.0000000e+00   9.0000000e+00   2.8000000e+01   3.4000000e+01  -5.3502418e+01  -3.8757345e+01   4.9500787e+02   1.5338022e+01   5.3517159e+01   2.9887209e+01
   1.9990000e+03   1.0000000e+00   3.0000000e+00   9.0000000e+00   3.0000000e+01   7.9999008e+00  -5.3506792e+01  -3.8755902e+01   4.9538443e+02   6.4236433e+00   2.8669176e+01   1.6034879e+01
   1.9990000e+03   1.0000000e+00   3.0000000e+00   9.0000000e+00   3.1000000e+01   4.1000000e+01  -5.3511144e+01  -3.8754533e+01   4.9197992e+02   6.3006694e+00   2.7447620e+01   2.0238486e+01
   1.9990000e+03   1.0000000e+00   3.0000000e+00   9.0000000e+00   3.3000000e+01   1.9000000e+01  -5.3515527e+01  -3.8753106e+01   4.9610682e+02   8.4575628e+00   2.5282370e+01   1.9180594e+01
   1.9990000e+03   1.0000000e+00   3.0000000e+00   9.0000000e+00   3.4000000e+01   5.8000000e+01  -5.3519852e+01  -3.8751689e+01   4.8963121e+02   6.3949964e+00   2.2691428e+01   1.9832754e+01
   1.9990000e+03   1.0000000e+00   3.0000000e+00   9.0000000e+00   3.6000000e+01   3.5000099e+01  -5.3524237e+01  -3.8750260e+01   4.9625850e+02   9.6556579e+00   3.5518151e+01   2.7308438e+01
   1.9990000e+03   1.0000000e+00   3.0000000e+00   9.0000000e+00   3.8000000e+01   1.1000000e+01  -5.3528624e+01  -3.8748989e+01   4.9464043e+02   7.0712965e+00   3.0804705e+01   2.4174961e+01
   1.9990000e+03   1.0000000e+00   3.0000000e+00   9.0000000e+00   3.9000000e+01   4.6000000e+01  -5.3532959e+01  -3.8747780e+01   4.8833711e+02   5.2929747e+00   1.7577429e+01   1.0766035e+01
   1.9990000e+03   1.0000000e+00   3.0000000e+00   9.0000000e+00   4.1000000e+01   2.1000000e+01  -5.3537353e+01  -3.8746545e+01   4.9497676e+02   8.9706108e+00   2.9974611e+01   1.4847212e+01
   1.9990000e+03   1.0000000e+00   3.0000000e+00   9.0000000e+00   4.2000000e+01   5.6000000e+01  -5.3541749e+01  -3.8745180e+01   4.9675148e+02   5.9250260e+00   2.8403270e+01   1.1212043e+01
   1.9990000e+03   1.0000000e+00   3.0000000e+00   9.0000000e+00   4.4000000e+01   3.3000000e+01  -5.3546133e+01  -3.8743786e+01   4.9577908e+02   7.3741813e+00   2.9146495e+01   1.4974383e+01
   1.9990000e+03   1.0000000e+00   3.0000000e+00   9.0000000e+00   4.6000000e+01   9.0000992e+00  -5.3550495e+01  -3.8742403e+01   4.9327474e+02   1.3415711e+01   4.8423879e+01   1.7631174e+01
   1.9990000e+03   1.0000000e+00   3.0000000e+00   9.0000000e+00   4.7000000e+01   4.5000000e+01  -5.3554862e+01  -3.8741026e+01   4.9363018e+02   1.7148835e+01   6.7131465e+01   4.1213819e+01
   1.9990000e+03   1.0000000e+00   3.0000000e+00   9.0000000e+00   4.9000000e+01   2.3000099e+01  -5.3559199e+01  -3.8739727e+01   4.8953523e+02   1.0160307e+01   4.1845261e+01   3.1150987e+01
   1.9990000e+03   1.0000000e+00   3.0000000e+00   9.0000000e+00   5.1000000e+01   1.0000000e+00  -5.3563589e+01  -3.8738386e+01   4.9574130e+02   1.2122553e+01   4.6461118e+01   3.3927794e+01
   1.9990000e+03   1.0000000e+00   3.0000000e+00   9.0000000e+00   5.2000000e+01   4.0000000e+01  -5.3568023e+01  -3.8737014e+01   5.0101818e+02   1.0914630e+01   4.0809969e+01   2.6876688e+01
   1.9990000e+03   1.0000000e+00   3.0000000e+00   9.0000000e+00   5.4000000e+01   1.8000000e+01  -5.3572367e+01  -3.8735709e+01   4.9026783e+02   4.7546614e+00   2.1381514e+01   5.0984783e+00
   1.9990000e+03   1.0000000e+00   3.0000000e+00   9.0000000e+00   5.5000000e+01   5.3000000e+01  -5.3576699e+01  -3.8734327e+01   4.8992291e+02   3.9713157e+00   1.4919802e+01   1.3716576e+00
   1.9990000e+03   1.0000000e+00   3.0000000e+00   9.0000000e+00   5.7000000e+01   2.6000000e+01  -5.3581056e+01  -3.8732994e+01   4.9208550e+02   3.7158570e+00   8.7811504e+00   7.4690374e-01
   1.9990000e+03   1.0000000e+00   3.0000000e+00   9.0000000e+00   5.9000000e+01   0.0000000e+00  -5.3585459e+01  -3.8731582e+01   4.9801058e+02   3.6889100e+00   1.3869349e+01   4.6368604e+00
   1.9990000e+03   1.0000000e+00   3.0000000e+00   1.0000000e+01   0.0000000e+00   3.4000000e+01  -5.3589807e+01  -3.8730083e+01   4.9320859e+02   4.9364032e+00   1.8191133e+01   1.0299040e+01
   1.9990000e+03   1.0000000e+00   3.0000000e+00   1.0000000e+01   2.0000000e+00   1.0000000e+01  -5.3594243e+01  -3.8728590e+01   5.0269913e+02   2.9253746e+01   1.2908414e+02   1.1685136e+02
   1.9990000e+03   1.0000000e+00   3.0000000e+00   1.0000000e+01   3.0000000e+00   4.6000000e+01  -5.3598623e+01  -3.8727224e+01   4.9492714e+02   5.0621954e+00   1.8907540e+01   1.2158233e+01
   1.9990000e+03   1.0000000e+00   3.0000000e+00   1.0000000e+01   5.0000000e+00   2.1000000e+01  -5.3602983e+01  -3.8725815e+01   4.9330686e+02   5.9093384e+00   1.8655350e+01   1.2096985e+01
   1.9990000e+03   1.0000000e+00   3.0000000e+00   1.0000000e+01   6.0000000e+00   5.5000000e+01  -5.3607324e+01  -3.8724361e+01   4.9188580e+02   4.2949338e+00   1.8668711e+01   1.3169568e+01
   1.9990000e+03   1.0000000e+00   3.0000000e+00   1.0000000e+01   8.0000000e+00   3.0000099e+01  -5.3611716e+01  -3.8722970e+01   4.9653054e+02   6.3907921e+00   3.0784521e+01   1.8236775e+01
   1.9990000e+03   1.0000000e+00   3.0000000e+00   1.0000000e+01   1.0000000e+01   6.0000000e+00  -5.3616060e+01  -3.8721506e+01   4.9223570e+02   4.6344724e+00   1.6656295e+01   8.4643891e+00
   1.9990000e+03   1.0000000e+00   3.0000000e+00   1.0000000e+01   1.1000000e+01   4.1000000e+01  -5.3620402e+01  -3.8720216e+01   4.8988179e+02   2.0295247e+00   1.2074607e+01   4.1504087e+00
   1.9990000e+03   1.0000000e+00   3.0000000e+00   1.0000000e+01   1.3000000e+01   1.6000099e+01  -5.3624753e+01  -3.8718781e+01   4.9265414e+02   4.4549500e+00   1.8913063e+01   1.1430106e+01
   1.9990000e+03   1.0000000e+00   3.0000000e+00   1.0000000e+01   1.4000000e+01   5.3000000e+01  -5.3629146e+01  -3.8717378e+01   4.9683440e+02   5.8785488e+00   3.0588564e+01   2.1094584e+01
   1.9990000e+03   1.0000000e+00   3.0000000e+00   1.0000000e+01   1.6000000e+01   2.8000000e+01  -5.3633533e+01  -3.8716042e+01   4.9537783e+02   5.7476936e+00   2.5038690e+01   2.0436633e+01
   1.9990000e+03   1.0000000e+00   3.0000000e+00   1.0000000e+01   1.8000000e+01   1.0000000e+00  -5.3637916e+01  -3.8714724e+01   4.9472687e+02   6.8909905e+00   3.0019237e+01   2.7612917e+01
   1.9990000e+03   1.0000000e+00   3.0000000e+00   1.0000000e+01   1.9000000e+01   3.8000000e+01  -5.3642285e+01  -3.8713338e+01   4.9405137e+02   5.7929375e+00   2.7062835e+01   1.9797816e+01
   1.9990000e+03   1.0000000e+00   3.0000000e+00   1.0000000e+01   2.1000000e+01   1.6000000e+01  -5.3646712e+01  -3.8711952e+01   5.0030341e+02   8.4964779e+00   4.0332278e+01   2.5001091e+01
   1.9990000e+03   1.0000000e+00   3.0000000e+00   1.0000000e+01   2.2000000e+01   5.5000000e+01  -5.3651089e+01  -3.8710578e+01   4.9474587e+02   6.0558980e+00   2.7067666e+01   1.3635287e+01
   1.9990000e+03   1.0000000e+00   3.0000000e+00   1.0000000e+01   2.4000000e+01   3.3000000e+01  -5.3655499e+01  -3.8709278e+01   4.9741030e+02   4.7426920e+00   1.8647721e+01   7.0576204e+00
   1.9990000e+03   1.0000000e+00   3.0000000e+00   1.0000000e+01   2.6000000e+01   9.0000000e+00  -5.3659817e+01  -3.8707985e+01   4.8731354e+02   8.0729102e+00   2.7060650e+01   1.8215744e+01
   1.9990000e+03   1.0000000e+00   3.0000000e+00   1.0000000e+01   2.7000000e+01   4.5000099e+01  -5.3664181e+01  -3.8706543e+01   4.9414526e+02   1.0700176e+01   4.2633681e+01   3.3745837e+01
   1.9990000e+03   1.0000000e+00   3.0000000e+00   1.0000000e+01   2.9000000e+01   2.1000000e+01  -5.3668571e+01  -3.8705268e+01   4.9493247e+02   8.7042931e+00   3.1119089e+01   2.2598550e+01
   1.9990000e+03   1.0000000e+00   3.0000000e+00   1.0000000e+01   3.0000000e+01   5.5000000e+01  -5.3672931e+01  -3.8703881e+01   4.9307623e+02   6.7623726e+00   2.9035297e+01   8.7893851e+00
   1.9990000e+03   1.0000000e+00   3.0000000e+00   1.0000000e+01   3.2000000e+01   2.8000000e+01  -5.3677290e+01  -3.8702557e+01   4.9209737e+02   4.4290110e+00   2.4730590e+01   9.4424595e+00
   1.9990000e+03   1.0000000e+00   3.0000000e+00   1.0000000e+01   3.4000000e+01   0.0000000e+00  -5.3681666e+01  -3.8701171e+01   4.9474500e+02   4.8019538e+00   2.5346671e+01   3.9677079e+00
   1.9990000e+03   1.0000000e+00   3.0000000e+00   1.0000000e+01   3.5000000e+01   3.4000000e+01  -5.3686067e+01  -3.8699762e+01   4.9779398e+02   5.3847942e+00   2.4733319e+01   6.4447771e+00
   1.9990000e+03   1.0000000e+00   3.0000000e+00   1.0000000e+01   3.7000000e+01   9.0000000e+00  -5.3690459e+01  -3.8698369e+01   4.9659219e+02   5.4833076e+00   2.8373541e+01   9.3106709e+00
   1.9990000e+03   1.0000000e+00   3.0000000e+00   1.0000000e+01   3.8000000e+01   4.5000000e+01  -5.3694893e+01  -3.8697014e+01   5.0066656e+02   6.8029050e+00   3.6413915e+01   4.4303994e+00
   1.9990000e+03   1.0000000e+00   3.0000000e+00   1.0000000e+01   4.0000000e+01   2.3000099e+01  -5.3699299e+01  -3.8695724e+01   4.9687404e+02   7.8799552e+00   3.1680906e+01   5.4356821e+00
   1.9990000e+03   1.0000000e+00   3.0000000e+00   1.0000000e+01   4.2000000e+01   0.0000000e+00  -5.3703692e+01  -3.8694304e+01   4.9703220e+02   7.1751353e+00   3.2050824e+01   2.1577080e+01
   1.9990000e+03   1.0000000e+00   3.0000000e+00   1.0000000e+01   4.3000000e+01   3.8000099e+01  -5.3708059e+01  -3.8692959e+01   4.9330958e+02   9.8285944e+00   3.8839129e+01   1.6157740e+01
   1.9990000e+03   1.0000000e+00   3.0000000e+00   1.0000000e+01   4.5000000e+01   1.6000000e+01  -5.3712462e+01  -3.8691595e+01   4.9733385e+02   9.8538135e+00   4.1631628e+01   1.3721072e+01
   1.9990000e+03   1.0000000e+00   3.0000000e+00   1.0000000e+01   4.6000000e+01   5.5000000e+01  -5.3716810e+01  -3.8690165e+01   4.9229709e+02   7.6658103e+00   2.8027681e+01   7.7066442e+00
   1.9990000e+03   1.0000000e+00   3.0000000e+00   1.0000000e+01   4.8000000e+01   3.3000000e+01  -5.3721158e+01  -3.8688801e+01   4.9136159e+02   8.3838333e+00   4.0045383e+01   1.4629168e+01
   1.9990000e+03   1.0000000e+00   3.0000000e+00   1.0000000e+01   5.0000000e+01   1.0000000e+01  -5.3725612e+01  -3.8687403e+01   5.0335732e+02   7.8785049e+00   2.8018749e+01   1.2708779e+01
   1.9990000e+03   1.0000000e+00   3.0000000e+00   1.0000000e+01   5.1000000e+01   4.5000000e+01  -5.3729976e+01  -3.8685997e+01   4.9371835e+02   7.2396336e+00   2.5150427e+01   9.3067554e+00
   1.9990000e+03   1.0000000e+00   3.0000000e+00   1.0000000e+01   5.3000000e+01   1.9000000e+01  -5.3734297e+01  -3.8684722e+01   4.8744391e+02   1.0972207e+01   4.0625341e+01   2.2309977e+01
   1.9990000e+03   1.0000000e+00   3.0000000e+00   1.0000000e+01   5.4000000e+01   5.4000000e+01  -5.3738734e+01  -3.8683418e+01   5.0041812e+02   5.7899345e+00   2.3251799e+01   1.0822312e+01
   1.9990000e+03   1.0000000e+00   3.0000000e+00   1.0000000e+01   5.6000000e+01   2.8000000e+01  -5.3743122e+01  -3.8681963e+01   4.9690598e+02   8.8478339e+00   4.5601615e+01   1.4432600e+01
   1.9990000e+03   1.0000000e+00   3.0000000e+00   1.0000000e+01   5.8000000e+01   1.0000000e+00  -5.3747487e+01  -3.8680568e+01   4.9356225e+02   9.5367629e+00   4.3003445e+01   2.5830676e+01
   1.9990000e+03   1.0000000e+00   3.0000000e+00   1.0000000e+01   5.9000000e+01   3.6000000e+01  -5.3751896e+01  -3.8679106e+01   4.9925532e+02   9.2022806e+00   4.1104149e+01   2.3037931e+01
   1.9990000e+03   1.0000000e+00   3.0000000e+00   1.1000000e+01   1.0000000e+00   1.1000000e+01  -5.3756263e+01  -3.8677724e+01   4.9370471e+02   2.3580848e+01   1.0527813e+02   9.0059134e+01
   1.9990000e+03   1.0000000e+00   3.0000000e+00   1.1000000e+01   2.0000000e+00   4.6000000e+01  -5.3760614e+01  -3.8676241e+01   4.9318038e+02   8.5828176e+00   3.8835463e+01   3.1223426e+01
   1.9990000e+03   1.0000000e+00   3.0000000e+00   1.1000000e+01   4.0000000e+00   2.0000000e+01  -5.3764986e+01  -3.8674879e+01   4.9404674e+02   7.9150563e+01   3.4603897e+02   3.3846906e+02
   1.9990000e+03   1.0000000e+00   3.0000000e+00   1.1000000e+01   5.0000000e+00   5.4000000e+01  -5.3769375e+01  -3.8673386e+01   4.9742612e+02   6.3829434e+00   3.3711840e+01   2.5934429e+01
   1.9990000e+03   1.0000000e+00   3.0000000e+00   1.1000000e+01   7.0000000e+00   2.9000099e+01  -5.3773756e+01  -3.8671940e+01   4.9602846e+02   5.0104421e+00   2.4047772e+01   9.5560415e+00
   1.9990000e+03   1.0000000e+00   3.0000000e+00   1.1000000e+01   9.0000000e+00   5.0000000e+00  -5.3778145e+01  -3.8670408e+01   4.9791278e+02   3.3409225e+00   1.8398452e+01   2.2351133e+00
   1.9990000e+03   1.0000000e+00   3.0000000e+00   1.1000000e+01   1.0000000e+01   4.1000000e+01  -5.3782535e+01  -3.8669034e+01   4.9606995e+02   3.5778547e+00   1.6359153e+01   5.4624857e+00
   1.9990000e+03   1.0000000e+00   3.0000000e+00   1.1000000e+01   1.2000000e+01   1.9000000e+01  -5.3786925e+01  -3.8667588e+01   4.9694989e+02   4.1302994e+00   2.0930613e+01   1.1427408e+01
   1.9990000e+03   1.0000000e+00   3.0000000e+00   1.1000000e+01   1.3000000e+01   5.4000000e+01  -5.3791241e+01  -3.8666122e+01   4.8924883e+02   1.1138105e+00   7.4812174e+00   4.7841128e+00
   1.9990000e+03   1.0000000e+00   3.0000000e+00   1.1000000e+01   1.5000000e+01   2.9000000e+01  -5.3795662e+01  -3.8664589e+01   5.0137955e+02   1.6021379e+00   8.1589981e+00   3.1746593e+00
   1.9990000e+03   1.0000000e+00   3.0000000e+00   1.1000000e+01   1.7000000e+01   4.0000000e+00  -5.3800011e+01  -3.8663177e+01   4.9213319e+02   1.5293684e+00   7.9788240e+00   3.1082286e+00
   1.9990000e+03   1.0000000e+00   3.0000000e+00   1.1000000e+01   1.8000000e+01   4.0000000e+01  -5.3804378e+01  -3.8661759e+01   4.9408426e+02   2.2555579e+00   1.0008388e+01   1.7621618e+00
   1.9990000e+03   1.0000000e+00   3.0000000e+00   1.1000000e+01   2.0000000e+01   1.8000000e+01  -5.3808774e+01  -3.8660313e+01   4.9755994e+02   4.0744411e+00   1.6292568e+01   1.0890501e+01
   1.9990000e+03   1.0000000e+00   3.0000000e+00   1.1000000e+01   2.1000000e+01   5.4000000e+01  -5.3813154e+01  -3.8658771e+01   4.9714020e+02   2.5096176e+00   1.1055172e+01   1.8377167e+00
   1.9990000e+03   1.0000000e+00   3.0000000e+00   1.1000000e+01   2.3000000e+01   3.0000000e+01  -5.3817544e+01  -3.8657434e+01   4.9569874e+02   2.1316151e+00   8.6224577e+00   1.9054101e+00
   1.9990000e+03   1.0000000e+00   3.0000000e+00   1.1000000e+01   2.5000000e+01   7.0000000e+00  -5.3821909e+01  -3.8656051e+01   4.9336209e+02   4.2174628e+00   1.8875769e+01   4.4177033e+00
   1.9990000e+03   1.0000000e+00   3.0000000e+00   1.1000000e+01   2.6000000e+01   4.4000000e+01  -5.3826245e+01  -3.8654607e+01   4.9109905e+02   1.3033738e+01   5.4622592e+01   4.3913235e+01
   1.9990000e+03   1.0000000e+00   3.0000000e+00   1.1000000e+01   2.8000000e+01   2.3000000e+01  -5.3830662e+01  -3.8653225e+01   4.9914800e+02   3.7841327e+01   1.6236155e+02   1.5846363e+02
   1.9990000e+03   1.0000000e+00   3.0000000e+00   1.1000000e+01   3.0000000e+01   0.0000000e+00  -5.3834980e+01  -3.8651694e+01   4.9016678e+02   3.5234102e+01   1.5245872e+02   1.4320961e+02
   1.9990000e+03   1.0000000e+00   3.0000000e+00   1.1000000e+01   3.1000000e+01   3.9000000e+01  -5.3839369e+01  -3.8650404e+01   4.9493244e+02   3.5461989e+01   1.4895840e+02   1.3478379e+02
   1.9990000e+03   1.0000000e+00   3.0000000e+00   1.1000000e+01   3.3000000e+01   1.9000000e+01  -5.3843693e+01  -3.8649026e+01   4.8890306e+02   5.6634470e+01   2.4348882e+02   2.2425250e+02
   1.9990000e+03   1.0000000e+00   3.0000000e+00   1.1000000e+01   3.4000000e+01   5.9000000e+01  -5.3848026e+01  -3.8647640e+01   4.9003096e+02   3.9832892e+01   1.6515915e+02   1.4670440e+02
   1.9990000e+03   1.0000000e+00   3.0000000e+00   1.1000000e+01   3.6000000e+01   3.9000000e+01  -5.3852440e+01  -3.8646293e+01   4.9839328e+02   3.2086652e+01   1.2281005e+02   9.1179904e+01
   1.9990000e+03   1.0000000e+00   3.0000000e+00   1.1000000e+01   3.8000000e+01   1.9000000e+01  -5.3856831e+01  -3.8644911e+01   4.9620544e+02   3.1485447e+01   1.1210535e+02   7.5610549e+01
   1.9990000e+03   1.0000000e+00   3.0000000e+00   1.1000000e+01   3.9000000e+01   5.8000000e+01  -5.3861194e+01  -3.8643463e+01   4.9402165e+02   2.3565024e+01   6.5948352e+01   3.9634572e+01
   1.9990000e+03   1.0000000e+00   3.0000000e+00   1.1000000e+01   4.1000000e+01   3.7000000e+01  -5.3865555e+01  -3.8641989e+01   4.9416471e+02   1.1530979e+01   5.0413917e+01   3.5928989e+01
   1.9990000e+03   1.0000000e+00   3.0000000e+00   1.1000000e+01   4.3000000e+01   1.5000000e+01  -5.3869919e+01  -3.8640560e+01   4.9388529e+02   1.5726352e+01   6.5463010e+01   4.4584800e+01
   1.9990000e+03   1.0000000e+00   3.0000000e+00   1.1000000e+01   4.4000000e+01   5.4000000e+01  -5.3874235e+01  -3.8639120e+01   4.8877381e+02   2.0515179e+01   6.5722615e+01   4.7836887e+01
   1.9990000e+03   1.0000000e+00   3.0000000e+00   1.1000000e+01   4.6000000e+01   3.3000000e+01  -5.3878674e+01  -3.8637753e+01   5.0126795e+02   2.2430907e+01   9.8234749e+01   7.9071287e+01
   1.9990000e+03   1.0000000e+00   3.0000000e+00   1.1000000e+01   4.8000000e+01   1.0000000e+01  -5.3883091e+01  -3.8636411e+01   4.9871822e+02   1.9056266e+01   7.5629271e+01   6.4830241e+01
   1.9990000e+03   1.0000000e+00   3.0000000e+00   1.1000000e+01   4.9000000e+01   4.6000000e+01  -5.3887439e+01  -3.8635031e+01   4.9144892e+02   1.4880192e+01   5.0880855e+01   4.9296777e+01
   1.9990000e+03   1.0000000e+00   3.0000000e+00   1.1000000e+01   5.1000000e+01   2.3000000e+01  -5.3891827e+01  -3.8633632e+01   4.9618093e+02   1.2890685e+01   4.5937860e+01   3.9145776e+01
   1.9990000e+03   1.0000000e+00   3.0000000e+00   1.1000000e+01   5.3000000e+01   0.0000000e+00  -5.3896206e+01  -3.8632193e+01   4.9558460e+02   1.3818162e+01   5.2495918e+01   4.4796695e+01
   1.9990000e+03   1.0000000e+00   3.0000000e+00   1.1000000e+01   5.4000000e+01   3.8000000e+01  -5.3900591e+01  -3.8630802e+01   4.9573549e+02   1.1255502e+01   3.8151056e+01   2.9609129e+01
   1.9990000e+03   1.0000000e+00   3.0000000e+00   1.1000000e+01   5.6000000e+01   1.5000000e+01  -5.3904982e+01  -3.8629348e+01   4.9713520e+02   1.2146071e+01   5.2074832e+01   3.1523892e+01
   1.9990000e+03   1.0000000e+00   3.0000000e+00   1.1000000e+01   5.7000000e+01   5.1000000e+01  -5.3909371e+01  -3.8627858e+01   4.9733921e+02   1.1104235e+01   4.7283435e+01   2.3052623e+01
   1.9990000e+03   1.0000000e+00   3.0000000e+00   1.1000000e+01   5.9000000e+01   2.8000000e+01  -5.3913747e+01  -3.8626381e+01   4.9573962e+02   1.4240238e+01   5.3483239e+01   3.1111428e+01
   1.9990000e+03   1.0000000e+00   3.0000000e+00   1.2000000e+01   1.0000000e+00   5.0000000e+00  -5.3918097e+01  -3.8625007e+01   4.9176730e+02   8.1674834e+00   3.5531687e+01   3.2740668e+01
   1.9990000e+03   1.0000000e+00   3.0000000e+00   1.2000000e+01   2.0000000e+00   4.3000000e+01  -5.3922474e+01  -3.8623620e+01   4.9473175e+02   1.3219813e+01   4.4677959e+01   3.3688176e+01
   1.9990000e+03   1.0000000e+00   3.0000000e+00   1.2000000e+01   4.0000000e+00   2.0000000e+01  -5.3926811e+01  -3.8622212e+01   4.9069954e+02   1.7633609e+01   6.1232172e+01   4.7115286e+01
   1.9990000e+03   1.0000000e+00   3.0000000e+00   1.2000000e+01   5.0000000e+00   5.8000000e+01  -5.3931235e+01  -3.8620922e+01   4.9868473e+02   1.5566098e+01   6.7417431e+01   4.0814744e+01
   1.9990000e+03   1.0000000e+00   3.0000000e+00   1.2000000e+01   7.0000000e+00   3.4000000e+01  -5.3935632e+01  -3.8619834e+01   4.9379914e+02   1.6484372e+01   7.1534157e+01   3.5317828e+01
   1.9990000e+03   1.0000000e+00   3.0000000e+00   1.2000000e+01   9.0000000e+00   9.0000000e+00  -5.3940019e+01  -3.8618773e+01   4.9241004e+02   1.6662187e+01   6.9261486e+01   3.6452215e+01
   1.9990000e+03   1.0000000e+00   3.0000000e+00   1.2000000e+01   1.0000000e+01   4.5000000e+01  -5.3944437e+01  -3.8617684e+01   4.9600700e+02   1.3335353e+01   5.4520183e+01   2.2392258e+01
   1.9990000e+03   1.0000000e+00   3.0000000e+00   1.2000000e+01   1.2000000e+01   2.1000000e+01  -5.3948857e+01  -3.8616571e+01   4.9652328e+02   6.5017463e+00   2.8151961e+01   1.5804391e+01
   1.9990000e+03   1.0000000e+00   3.0000000e+00   1.2000000e+01   1.3000000e+01   5.8000000e+01  -5.3953317e+01  -3.8615420e+01   5.0126639e+02   6.8777952e+00   2.8917254e+01   1.7817164e+01
   1.9990000e+03   1.0000000e+00   3.0000000e+00   1.2000000e+01   1.5000000e+01   3.4000000e+01  -5.3957765e+01  -3.8613949e+01   5.0357516e+02   4.7503579e+00   2.0702073e+01   1.3217494e+01
   1.9990000e+03   1.0000000e+00   3.0000000e+00   1.2000000e+01   1.7000000e+01   9.0000000e+00  -5.3962158e+01  -3.8612607e+01   4.9600248e+02   4.9468947e+00   1.9393931e+01   1.4275734e+01
   1.9990000e+03   1.0000000e+00   3.0000000e+00   1.2000000e+01   1.8000000e+01   4.4000000e+01  -5.3966552e+01  -3.8611233e+01   4.9646782e+02   4.3272136e+00   1.4092965e+01   1.0569103e+01
   1.9990000e+03   1.0000000e+00   3.0000000e+00   1.2000000e+01   1.9000000e+01   5.6000000e+01  -5.3969869e+01  -3.8610162e+01   3.7516453e+02   1.7469726e+00   8.3943441e+00   4.6576243e+00
