   1.9990000e+03   1.0000000e+00   4.0000000e+00   1.3000000e+01   3.0000000e+00   2.9000000e+01  -5.3225520e+01  -3.8447248e+01   4.9808629e+02   3.8625372e+00   1.0755539e+01   8.7803241e+00
   1.9990000e+03   1.0000000e+00   4.0000000e+00   1.3000000e+01   5.0000000e+00   0.0000000e+00  -5.3229933e+01  -3.8445975e+01   4.9761490e+02   2.0379176e+00   8.8777849e+00   4.9962978e+00
   1.9990000e+03   1.0000000e+00   4.0000000e+00   1.3000000e+01   6.0000000e+00   3.3000000e+01  -5.3234406e+01  -3.8444723e+01   5.0392134e+02   2.6012666e+00   1.1650939e+01   7.2762393e+00
   1.9990000e+03   1.0000000e+00   4.0000000e+00   1.3000000e+01   8.0000000e+00   7.0000000e+00  -5.3238861e+01  -3.8443317e+01   5.0380045e+02   3.6765684e+00   1.6640077e+01   7.0560633e+00
   1.9990000e+03   1.0000000e+00   4.0000000e+00   1.3000000e+01   9.0000000e+00   4.0000000e+01  -5.3243219e+01  -3.8441951e+01   4.9275471e+02   3.0582522e+00   1.3609124e+01   6.3132461e+00
   1.9990000e+03   1.0000000e+00   4.0000000e+00   1.3000000e+01   1.1000000e+01   1.4000099e+01  -5.3247635e+01  -3.8440542e+01   4.9947355e+02   2.6774552e+00   1.1663804e+01   7.5714797e+00
   1.9990000e+03   1.0000000e+00   4.0000000e+00   1.3000000e+01   1.2000000e+01   4.8000099e+01  -5.3252020e+01  -3.8439159e+01   4.9588450e+02   3.2584384e+00   9.4829684e+00   4.5773886e+00
   1.9990000e+03   1.0000000e+00   4.0000000e+00   1.3000000e+01   1.4000000e+01   2.4000000e+01  -5.3256454e+01  -3.8437693e+01   5.0224912e+02   2.4012164e+00   9.9053304e+00   6.7106871e+00
   1.9990000e+03   1.0000000e+00   4.0000000e+00   1.3000000e+01   1.6000000e+01   0.0000000e+00  -5.3260852e+01  -3.8436281e+01   4.9768709e+02   4.6134033e+00   2.0173660e+01   1.4269812e+01
   1.9990000e+03   1.0000000e+00   4.0000000e+00   1.3000000e+01   1.7000000e+01   3.5000099e+01  -5.3265234e+01  -3.8434855e+01   4.9604601e+02   2.2438995e+00   1.1280253e+01   4.1315572e+00
   1.9990000e+03   1.0000000e+00   4.0000000e+00   1.3000000e+01   1.9000000e+01   1.0000000e+01  -5.3269665e+01  -3.8433380e+01   5.0200524e+02   4.1114493e+00   1.0929424e+01   5.0675583e+00
   1.9990000e+03   1.0000000e+00   4.0000000e+00   1.3000000e+01   2.0000000e+01   4.5000000e+01  -5.3274090e+01  -3.8431922e+01   5.0115125e+02   5.1129684e+00   2.2378688e+01   1.3190712e+01
   1.9990000e+03   1.0000000e+00   4.0000000e+00   1.3000000e+01   2.2000000e+01   2.0000099e+01  -5.3278476e+01  -3.8430475e+01   4.9685861e+02   5.8316962e+00   2.4810645e+01   1.5599504e+01
   1.9990000e+03   1.0000000e+00   4.0000000e+00   1.3000000e+01   2.3000000e+01   5.4999901e+01  -5.3282886e+01  -3.8428981e+01   4.9994646e+02   6.8790393e+00   3.2285892e+01   2.5888931e+01
   1.9990000e+03   1.0000000e+00   4.0000000e+00   1.3000000e+01   2.5000000e+01   3.0000000e+01  -5.3287277e+01  -3.8427485e+01   4.9795982e+02   4.2185736e+00   1.5496216e+01   1.0295178e+01
   1.9990000e+03   1.0000000e+00   4.0000000e+00   1.3000000e+01   2.7000000e+01   7.0000000e+00  -5.3291656e+01  -3.8425984e+01   4.9667621e+02   7.9284840e+00   2.7571335e+01   2.1873694e+01
   1.9990000e+03   1.0000000e+00   4.0000000e+00   1.3000000e+01   2.8000000e+01   4.3000000e+01  -5.3296068e+01  -3.8424485e+01   5.0027686e+02   3.4124850e+00   8.9001751e+00   2.9731645e+00
   1.9990000e+03   1.0000000e+00   4.0000000e+00   1.3000000e+01   3.0000000e+01   1.8000000e+01  -5.3300434e+01  -3.8423005e+01   4.9505025e+02   2.3665544e+00   1.0309426e+01   2.5460059e+00
   1.9990000e+03   1.0000000e+00   4.0000000e+00   1.3000000e+01   3.1000000e+01   5.4000000e+01  -5.3304794e+01  -3.8421526e+01   4.9429072e+02   6.1431951e+00   1.2191301e+01   5.1464628e+00
   1.9990000e+03   1.0000000e+00   4.0000000e+00   1.3000000e+01   3.3000000e+01   3.0000000e+01  -5.3309214e+01  -3.8419979e+01   5.0173205e+02   3.6395418e+00   1.0119641e+01   4.3774944e+00
   1.9990000e+03   1.0000000e+00   4.0000000e+00   1.3000000e+01   3.5000000e+01   4.0000000e+00  -5.3313597e+01  -3.8418459e+01   4.9741784e+02   3.0924960e+00   8.8627998e+00   3.7657961e+00
   1.9990000e+03   1.0000000e+00   4.0000000e+00   1.3000000e+01   3.6000000e+01   3.6000000e+01  -5.3317994e+01  -3.8416936e+01   4.9891788e+02   4.0640782e+00   1.3127131e+01   4.4580252e+00
   1.9990000e+03   1.0000000e+00   4.0000000e+00   1.3000000e+01   3.8000000e+01   9.0000000e+00  -5.3322444e+01  -3.8415311e+01   5.0611361e+02   3.1877775e+00   1.6230556e+01   9.0262079e+00
   1.9990000e+03   1.0000000e+00   4.0000000e+00   1.3000000e+01   3.9000000e+01   4.0000000e+01  -5.3326820e+01  -3.8413759e+01   4.9705688e+02   3.9905998e+00   1.8611371e+01   1.2462457e+01
   1.9990000e+03   1.0000000e+00   4.0000000e+00   1.3000000e+01   4.1000000e+01   1.0999901e+01  -5.3331208e+01  -3.8412291e+01   4.9725657e+02   2.6198443e+00   1.1767875e+01   2.2270524e+00
   1.9990000e+03   1.0000000e+00   4.0000000e+00   1.3000000e+01   4.2000000e+01   4.4000000e+01  -5.3335616e+01  -3.8410817e+01   4.9952572e+02   1.9902376e+00   8.8026838e+00   1.7486305e+00
   1.9990000e+03   1.0000000e+00   4.0000000e+00   1.3000000e+01   4.4000000e+01   1.6000000e+01  -5.3340010e+01  -3.8409344e+01   4.9796512e+02   1.6636908e+00   8.7481664e+00   2.2611502e+00
   1.9990000e+03   1.0000000e+00   4.0000000e+00   1.3000000e+01   4.5000000e+01   4.9000000e+01  -5.3344423e+01  -3.8407903e+01   4.9956519e+02   3.7809147e+00   1.2542174e+01   6.1261644e+00
   1.9990000e+03   1.0000000e+00   4.0000000e+00   1.3000000e+01   4.7000000e+01   2.1000000e+01  -5.3348839e+01  -3.8406439e+01   5.0025639e+02   6.6894152e+00   1.9592153e+01   8.0753733e+00
   1.9990000e+03   1.0000000e+00   4.0000000e+00   1.3000000e+01   4.8000000e+01   5.4000000e+01  -5.3353215e+01  -3.8405014e+01   4.9529640e+02   3.6272701e+00   1.6038139e+01   2.0975592e+00
   1.9990000e+03   1.0000000e+00   4.0000000e+00   1.3000000e+01   5.0000000e+01   2.8000000e+01  -5.3357606e+01  -3.8403638e+01   4.9644671e+02   1.6661654e+00   7.2583201e+00   3.0954861e+00
   1.9990000e+03   1.0000000e+00   4.0000000e+00   1.3000000e+01   5.2000000e+01   3.0000000e+00  -5.3362015e+01  -3.8402245e+01   4.9851537e+02   2.7927660e+00   1.0910984e+01   5.5386016e+00
   1.9990000e+03   1.0000000e+00   4.0000000e+00   1.3000000e+01   5.3000000e+01   3.8000000e+01  -5.3366393e+01  -3.8400875e+01   4.9485017e+02   5.2274455e+00   2.3388031e+01   1.2506712e+01
   1.9990000e+03   1.0000000e+00   4.0000000e+00   1.3000000e+01   5.5000000e+01   1.3000000e+01  -5.3370843e+01  -3.8399471e+01   5.0318845e+02   3.9049765e+00   1.7400749e+01   1.2721053e+01
   1.9990000e+03   1.0000000e+00   4.0000000e+00   1.3000000e+01   5.6000000e+01   4.6000000e+01  -5.3375277e+01  -3.8398154e+01   5.0044428e+02   7.2688697e+00   3.1665393e+01   1.8814187e+01
   1.9990000e+03   1.0000000e+00   4.0000000e+00   1.3000000e+01   5.8000000e+01   1.9000000e+01  -5.3379685e+01  -3.8396839e+01   4.9751849e+02   5.4640345e+00   2.3802986e+01   1.8559883e+01
   1.9990000e+03   1.0000000e+00   4.0000000e+00   1.3000000e+01   5.9000000e+01   5.3000000e+01  -5.3384130e+01  -3.8395463e+01   5.0221213e+02   4.7083890e+00   2.0511165e+01   1.6865449e+01
   1.9990000e+03   1.0000000e+00   4.0000000e+00   1.4000000e+01   1.0000000e+00   2.6000000e+01  -5.3388520e+01  -3.8394123e+01   4.9586167e+02   8.1107285e+00   3.5500551e+01   3.1498535e+01
   1.9990000e+03   1.0000000e+00   4.0000000e+00   1.4000000e+01   3.0000000e+00   0.0000000e+00  -5.3392948e+01  -3.8392830e+01   4.9943677e+02   3.1340989e+00   1.3653082e+01   8.7954679e+00
   1.9990000e+03   1.0000000e+00   4.0000000e+00   1.4000000e+01   4.0000000e+00   3.4000000e+01  -5.3397353e+01  -3.8391526e+01   4.9707334e+02   2.5801336e+00   1.1239842e+01   5.2320740e+00
   1.9990000e+03   1.0000000e+00   4.0000000e+00   1.4000000e+01   6.0000000e+00   6.0000992e+00  -5.3401760e+01  -3.8390206e+01   4.9741437e+02   4.3203494e+00   1.5469250e+01   7.9695316e+00
   1.9990000e+03   1.0000000e+00   4.0000000e+00   1.4000000e+01   7.0000000e+00   3.9000000e+01  -5.3406217e+01  -3.8388933e+01   5.0238548e+02   2.7300626e+00   1.1892978e+01   3.9164459e+00
   1.9990000e+03   1.0000000e+00   4.0000000e+00   1.4000000e+01   9.0000000e+00   1.1000099e+01  -5.3410677e+01  -3.8387638e+01   5.0301046e+02   4.0493939e+00   1.6295810e+01   2.9719392e+00
   1.9990000e+03   1.0000000e+00   4.0000000e+00   1.4000000e+01   1.0000000e+01   4.3000000e+01  -5.3415109e+01  -3.8386358e+01   4.9966670e+02   2.9526320e+00   1.3291726e+01   5.3602789e+00
   1.9990000e+03   1.0000000e+00   4.0000000e+00   1.4000000e+01   1.2000000e+01   1.4000000e+01  -5.3419520e+01  -3.8385146e+01   4.9672674e+02   1.8132457e+00   6.4513093e+00   2.8204659e+00
   1.9990000e+03   1.0000000e+00   4.0000000e+00   1.4000000e+01   1.3000000e+01   4.6000000e+01  -5.3423973e+01  -3.8383903e+01   5.0166413e+02   9.6256510e+00   1.5733767e+01   3.7063499e+00
   1.9990000e+03   1.0000000e+00   4.0000000e+00   1.4000000e+01   1.5000000e+01   1.9000000e+01  -5.3428395e+01  -3.8382723e+01   4.9751518e+02   5.3520548e+00   1.4855280e+01   4.9181864e+00
   1.9990000e+03   1.0000000e+00   4.0000000e+00   1.4000000e+01   1.6000000e+01   5.3000000e+01  -5.3432812e+01  -3.8381510e+01   4.9729417e+02   3.0523134e+00   1.4210753e+01   5.3814653e+00
   1.9990000e+03   1.0000000e+00   4.0000000e+00   1.4000000e+01   1.8000000e+01   2.6000000e+01  -5.3437195e+01  -3.8380245e+01   4.9420358e+02   4.4462470e+00   7.2040541e+00   4.3513086e+00
   1.9990000e+03   1.0000000e+00   4.0000000e+00   1.4000000e+01   2.0000000e+01   9.9182129e-05  -5.3441635e+01  -3.8379009e+01   5.0010364e+02   2.0393492e+00   8.8840214e+00   5.2444369e+00
   1.9990000e+03   1.0000000e+00   4.0000000e+00   1.4000000e+01   2.1000000e+01   3.4000000e+01  -5.3446116e+01  -3.8377721e+01   5.0520959e+02   3.8597454e+00   1.6814217e+01   1.0073178e+01
   1.9990000e+03   1.0000000e+00   4.0000000e+00   1.4000000e+01   2.3000000e+01   6.0000000e+00  -5.3450543e+01  -3.8376346e+01   5.0020643e+02   4.4651913e+00   1.7589879e+01   1.1023838e+01
   1.9990000e+03   1.0000000e+00   4.0000000e+00   1.4000000e+01   2.4000000e+01   3.8000099e+01  -5.3454894e+01  -3.8374999e+01   4.9163981e+02   4.8148932e+00   2.1767808e+01   1.1562509e+01
   1.9990000e+03   1.0000000e+00   4.0000000e+00   1.4000000e+01   2.6000000e+01   1.0000099e+01  -5.3459282e+01  -3.8373677e+01   4.9537847e+02   6.7766897e+00   2.3076953e+01   1.2787615e+01
   1.9990000e+03   1.0000000e+00   4.0000000e+00   1.4000000e+01   2.7000000e+01   4.4000000e+01  -5.3463771e+01  -3.8372279e+01   5.0738013e+02   7.2280628e+00   3.1838927e+01   2.2098791e+01
   1.9990000e+03   1.0000000e+00   4.0000000e+00   1.4000000e+01   2.9000000e+01   1.5000099e+01  -5.3468147e+01  -3.8370948e+01   4.9419935e+02   7.9430304e+00   3.4602241e+01   3.1494927e+01
   1.9990000e+03   1.0000000e+00   4.0000000e+00   1.4000000e+01   3.0000000e+01   4.7999901e+01  -5.3472533e+01  -3.8369603e+01   4.9536441e+02   1.1241401e+01   4.7451795e+01   4.5872084e+01
   1.9990000e+03   1.0000000e+00   4.0000000e+00   1.4000000e+01   3.2000000e+01   2.3000000e+01  -5.3476982e+01  -3.8368247e+01   5.0249468e+02   1.6189261e+01   7.0989292e+01   7.0165523e+01
   1.9990000e+03   1.0000000e+00   4.0000000e+00   1.4000000e+01   3.3000000e+01   5.6000000e+01  -5.3481362e+01  -3.8366801e+01   4.9590615e+02   1.0553241e+01   4.6907727e+01   4.5047472e+01
   1.9990000e+03   1.0000000e+00   4.0000000e+00   1.4000000e+01   3.5000000e+01   3.0000000e+01  -5.3485751e+01  -3.8365330e+01   4.9737943e+02   5.6086758e+00   2.5925088e+01   2.4823195e+01
   1.9990000e+03   1.0000000e+00   4.0000000e+00   1.4000000e+01   3.7000000e+01   6.0000000e+00  -5.3490171e+01  -3.8363845e+01   5.0084974e+02   5.6548267e+00   2.6400039e+01   2.4346578e+01
   1.9990000e+03   1.0000000e+00   4.0000000e+00   1.4000000e+01   3.8000000e+01   4.3000000e+01  -5.3494612e+01  -3.8362344e+01   5.0338879e+02   1.9961672e+01   8.7234845e+01   8.2624799e+01
   1.9990000e+03   1.0000000e+00   4.0000000e+00   1.4000000e+01   4.0000000e+01   1.8000000e+01  -5.3498962e+01  -3.8360878e+01   4.9294573e+02   5.5543519e+00   2.4196436e+01   1.7724200e+01
   1.9990000e+03   1.0000000e+00   4.0000000e+00   1.4000000e+01   4.1000000e+01   5.3000099e+01  -5.3503350e+01  -3.8359294e+01   4.9874053e+02   6.9855742e+00   3.1146886e+01   2.4704035e+01
   1.9990000e+03   1.0000000e+00   4.0000000e+00   1.4000000e+01   4.3000000e+01   2.9000000e+01  -5.3507765e+01  -3.8357800e+01   5.0047369e+02   4.5751243e+00   2.1113224e+01   1.6025700e+01
   1.9990000e+03   1.0000000e+00   4.0000000e+00   1.4000000e+01   4.5000000e+01   5.0000000e+00  -5.3512138e+01  -3.8356339e+01   4.9532028e+02   5.6185192e+00   2.4475968e+01   1.9697420e+01
   1.9990000e+03   1.0000000e+00   4.0000000e+00   1.4000000e+01   4.6000000e+01   4.1000000e+01  -5.3516579e+01  -3.8354855e+01   5.0321589e+02   4.4053481e+00   1.9191028e+01   1.6468783e+01
   1.9990000e+03   1.0000000e+00   4.0000000e+00   1.4000000e+01   4.8000000e+01   1.6000000e+01  -5.3520988e+01  -3.8353327e+01   5.0014991e+02   1.9354721e+00   1.0455675e+01   8.4315013e+00
   1.9990000e+03   1.0000000e+00   4.0000000e+00   1.4000000e+01   4.9000000e+01   5.1000000e+01  -5.3525398e+01  -3.8351833e+01   4.9986432e+02   1.3608917e+00   9.5783243e+00   3.6891849e+00
   1.9990000e+03   1.0000000e+00   4.0000000e+00   1.4000000e+01   5.1000000e+01   2.8000000e+01  -5.3529800e+01  -3.8350360e+01   4.9881950e+02   4.7866152e+00   2.1158557e+01   1.0717915e+01
   1.9990000e+03   1.0000000e+00   4.0000000e+00   1.4000000e+01   5.3000000e+01   3.0000000e+00  -5.3534157e+01  -3.8348828e+01   4.9457426e+02   7.9080068e+00   3.0208864e+01   1.8424569e+01
   1.9990000e+03   1.0000000e+00   4.0000000e+00   1.4000000e+01   5.4000000e+01   3.8000000e+01  -5.3538566e+01  -3.8347238e+01   5.0105190e+02   6.7875999e+00   3.0620283e+01   1.1629007e+01
   1.9990000e+03   1.0000000e+00   4.0000000e+00   1.4000000e+01   5.6000000e+01   1.3999901e+01  -5.3543004e+01  -3.8345675e+01   5.0378937e+02   7.9278298e+00   3.5084698e+01   9.4144223e+00
   1.9990000e+03   1.0000000e+00   4.0000000e+00   1.4000000e+01   5.7000000e+01   5.0000000e+01  -5.3547363e+01  -3.8344080e+01   4.9569624e+02   1.1970492e+01   4.1270036e+01   9.5930054e+00
   1.9990000e+03   1.0000000e+00   4.0000000e+00   1.4000000e+01   5.9000000e+01   2.6000000e+01  -5.3551801e+01  -3.8342697e+01   5.0157488e+02   9.4333819e+00   2.1293570e+01   8.8478000e+00
   1.9990000e+03   1.0000000e+00   4.0000000e+00   1.5000000e+01   1.0000000e+00   3.0000000e+00  -5.3556245e+01  -3.8341322e+01   5.0204524e+02   7.6257798e+00   3.3231238e+01   9.0676844e+00
   1.9990000e+03   1.0000000e+00   4.0000000e+00   1.5000000e+01   2.0000000e+00   3.8000000e+01  -5.3560629e+01  -3.8340000e+01   4.9496030e+02   7.3713051e+00   2.4359087e+01   8.6664831e+00
   1.9990000e+03   1.0000000e+00   4.0000000e+00   1.5000000e+01   4.0000000e+00   1.3000099e+01  -5.3565056e+01  -3.8338734e+01   4.9895135e+02   5.4051416e+00   2.0150351e+01   6.0817144e+00
   1.9990000e+03   1.0000000e+00   4.0000000e+00   1.5000000e+01   5.0000000e+00   4.8000000e+01  -5.3569485e+01  -3.8337396e+01   4.9996819e+02   4.9603050e+00   2.2767116e+01   9.7226379e+00
   1.9990000e+03   1.0000000e+00   4.0000000e+00   1.5000000e+01   7.0000000e+00   2.3000000e+01  -5.3573888e+01  -3.8335964e+01   4.9836461e+02   4.1324548e+00   1.7712076e+01   7.3226300e+00
   1.9990000e+03   1.0000000e+00   4.0000000e+00   1.5000000e+01   8.0000000e+00   5.9000000e+01  -5.3578266e+01  -3.8334547e+01   4.9532507e+02   2.8147303e+00   1.3603038e+01   5.0448627e+00
   1.9990000e+03   1.0000000e+00   4.0000000e+00   1.5000000e+01   1.0000000e+01   3.5000000e+01  -5.3582647e+01  -3.8333098e+01   4.9617722e+02   1.9963168e+00   1.0812216e+01   5.0412943e+00
   1.9990000e+03   1.0000000e+00   4.0000000e+00   1.5000000e+01   1.2000000e+01   1.1000000e+01  -5.3587109e+01  -3.8331685e+01   5.0443425e+02   1.9546507e+00   1.0346540e+01   5.6401948e+00
   1.9990000e+03   1.0000000e+00   4.0000000e+00   1.5000000e+01   1.3000000e+01   4.7999901e+01  -5.3591545e+01  -3.8330266e+01   5.0179646e+02   1.8241140e+00   1.0392503e+01   8.1132065e+00
   1.9990000e+03   1.0000000e+00   4.0000000e+00   1.5000000e+01   1.5000000e+01   2.1000000e+01  -5.3595916e+01  -3.8328887e+01   4.9415582e+02   1.1351209e+00   6.1816231e+00   4.9058679e+00
   1.9990000e+03   1.0000000e+00   4.0000000e+00   1.5000000e+01   1.6000000e+01   5.5000000e+01  -5.3600322e+01  -3.8327393e+01   4.9941930e+02   1.6418522e+00   7.8591814e+00   4.4104258e+00
   1.9990000e+03   1.0000000e+00   4.0000000e+00   1.5000000e+01   1.8000000e+01   3.0000000e+01  -5.3604727e+01  -3.8325934e+01   4.9886776e+02   1.3749511e+00   6.2845391e+00   1.8663579e+00
   1.9990000e+03   1.0000000e+00   4.0000000e+00   1.5000000e+01   2.0000000e+01   6.0000992e+00  -5.3609155e+01  -3.8324412e+01   5.0212589e+02   1.8272609e+00   1.0284073e+01   2.2606737e+00
   1.9990000e+03   1.0000000e+00   4.0000000e+00   1.5000000e+01   2.1000000e+01   4.3000000e+01  -5.3613558e+01  -3.8322970e+01   4.9841260e+02   2.1710049e+00   6.9192566e+00   6.5797892e-01
   1.9990000e+03   1.0000000e+00   4.0000000e+00   1.5000000e+01   2.3000000e+01   1.6000000e+01  -5.3617907e+01  -3.8321504e+01   4.9280598e+02   2.3636627e+00   1.0296829e+01   3.0752549e+00
   1.9990000e+03   1.0000000e+00   4.0000000e+00   1.5000000e+01   2.4000000e+01   5.0000000e+01  -5.3622286e+01  -3.8320056e+01   4.9585476e+02   3.5347517e+00   1.5398447e+01   6.2482789e+00
   1.9990000e+03   1.0000000e+00   4.0000000e+00   1.5000000e+01   2.6000000e+01   2.5999901e+01  -5.3626730e+01  -3.8318680e+01   5.0208704e+02   2.2368405e+00   9.4130834e+00   6.3282396e+00
   1.9990000e+03   1.0000000e+00   4.0000000e+00   1.5000000e+01   2.8000000e+01   4.0000000e+00  -5.3631143e+01  -3.8317317e+01   4.9854806e+02   2.1751515e+00   8.8959438e+00   3.1718881e+00
   1.9990000e+03   1.0000000e+00   4.0000000e+00   1.5000000e+01   2.9000000e+01   4.0000099e+01  -5.3635589e+01  -3.8315941e+01   5.0233383e+02   3.0414027e+00   1.4702271e+01   5.3288014e+00
   1.9990000e+03   1.0000000e+00   4.0000000e+00   1.5000000e+01   3.1000000e+01   1.4000000e+01  -5.3639979e+01  -3.8314612e+01   4.9550249e+02   5.1519037e+02   2.2475002e+03   2.2383614e+03
   1.9990000e+03   1.0000000e+00   4.0000000e+00   1.5000000e+01   3.2000000e+01   4.8000000e+01  -5.3644382e+01  -3.8313318e+01   4.9673618e+02   6.6087415e+00   2.5541808e+01   1.8547681e+01
   1.9990000e+03   1.0000000e+00   4.0000000e+00   1.5000000e+01   3.4000000e+01   2.3000000e+01  -5.3648828e+01  -3.8311974e+01   5.0182067e+02   4.5221913e+00   9.4039067e+00   2.8678339e+00
   1.9990000e+03   1.0000000e+00   4.0000000e+00   1.5000000e+01   3.5000000e+01   5.9000099e+01  -5.3653227e+01  -3.8310645e+01   4.9662700e+02   6.5323048e+00   8.8381509e+00   3.6267271e+00
   1.9990000e+03   1.0000000e+00   4.0000000e+00   1.5000000e+01   3.7000000e+01   3.5000000e+01  -5.3657651e+01  -3.8309108e+01   5.0189135e+02   4.1011113e+00   1.8086817e+01   2.8349059e+00
   1.9990000e+03   1.0000000e+00   4.0000000e+00   1.5000000e+01   3.9000000e+01   9.0000000e+00  -5.3662057e+01  -3.8307643e+01   4.9899511e+02   2.3008393e+00   8.5103884e+00   2.0921947e+00
   1.9990000e+03   1.0000000e+00   4.0000000e+00   1.5000000e+01   4.0000000e+01   4.3000000e+01  -5.3666442e+01  -3.8306112e+01   4.9763866e+02   1.8722301e+00   8.1560004e+00   4.2760149e+00
   1.9990000e+03   1.0000000e+00   4.0000000e+00   1.5000000e+01   4.2000000e+01   1.8000099e+01  -5.3670851e+01  -3.8304625e+01   4.9954261e+02   4.9524911e+00   1.0623513e+01   7.3603399e+00
   1.9990000e+03   1.0000000e+00   4.0000000e+00   1.5000000e+01   4.3000000e+01   5.3000000e+01  -5.3675215e+01  -3.8303171e+01   4.9430291e+02   9.2156581e+00   3.1462299e+01   2.5024500e+01
   1.9990000e+03   1.0000000e+00   4.0000000e+00   1.5000000e+01   4.5000000e+01   2.9000000e+01  -5.3679647e+01  -3.8301772e+01   5.0107855e+02   8.4577469e+00   3.1591082e+01   1.9743334e+01
   1.9990000e+03   1.0000000e+00   4.0000000e+00   1.5000000e+01   4.7000000e+01   4.9999008e+00  -5.3684123e+01  -3.8300339e+01   5.0621613e+02   6.0358280e+00   1.9081365e+01   5.3304852e+00
   1.9990000e+03   1.0000000e+00   4.0000000e+00   1.5000000e+01   4.8000000e+01   3.9000000e+01  -5.3688501e+01  -3.8298906e+01   4.9556873e+02   4.9505892e+00   1.7307318e+01   2.4368589e+00
   1.9990000e+03   1.0000000e+00   4.0000000e+00   1.5000000e+01   5.0000000e+01   1.3000000e+01  -5.3692878e+01  -3.8297415e+01   4.9616845e+02   4.8800321e+00   1.2740123e+01   4.1632661e+00
   1.9990000e+03   1.0000000e+00   4.0000000e+00   1.5000000e+01   5.1000000e+01   4.8000000e+01  -5.3697254e+01  -3.8295956e+01   4.9557442e+02   5.5232448e+00   2.0249837e+01   1.0431016e+01
   1.9990000e+03   1.0000000e+00   4.0000000e+00   1.5000000e+01   5.3000000e+01   2.4000099e+01  -5.3701704e+01  -3.8294481e+01   5.0399193e+02   3.6580386e+00   1.3138763e+01   5.3408657e+00
   1.9990000e+03   1.0000000e+00   4.0000000e+00   1.5000000e+01   5.5000000e+01   0.0000000e+00  -5.3706134e+01  -3.8292986e+01   5.0191075e+02   2.8858492e+00   6.4055379e+00   1.9054690e+00
   1.9990000e+03   1.0000000e+00   4.0000000e+00   1.5000000e+01   5.6000000e+01   3.5000000e+01  -5.3710545e+01  -3.8291448e+01   5.0053024e+02   3.0024939e+00   9.2789239e+00   1.3502025e+00
   1.9990000e+03   1.0000000e+00   4.0000000e+00   1.5000000e+01   5.8000000e+01   1.0000099e+01  -5.3714942e+01  -3.8289871e+01   4.9944255e+02   2.4849018e+00   1.1034842e+01   4.9114824e+00
   1.9990000e+03   1.0000000e+00   4.0000000e+00   1.5000000e+01   5.9000000e+01   4.4000000e+01  -5.3719306e+01  -3.8288283e+01   4.9603075e+02   1.2657468e+00   5.5139756e+00   4.2064638e-01
   1.9990000e+03   1.0000000e+00   4.0000000e+00   1.6000000e+01   1.0000000e+00   1.8000000e+01  -5.3723697e+01  -3.8286659e+01   4.9946488e+02   1.8676693e+00   8.1361321e+00   5.6193450e-01
   1.9990000e+03   1.0000000e+00   4.0000000e+00   1.6000000e+01   2.0000000e+00   5.3000000e+01  -5.3728137e+01  -3.8285043e+01   5.0474935e+02   1.9395564e+00   8.5760545e+00   1.3473578e-01
   1.9990000e+03   1.0000000e+00   4.0000000e+00   1.6000000e+01   4.0000000e+00   2.8000000e+01  -5.3732528e+01  -3.8283540e+01   4.9778752e+02   2.0514051e+00   8.0046226e+00   3.9746453e-01
   1.9990000e+03   1.0000000e+00   4.0000000e+00   1.6000000e+01   6.0000000e+00   1.0000992e+00  -5.3736893e+01  -3.8281991e+01   4.9564792e+02   2.7137259e+00   7.2091969e+00   1.3197632e+00
   1.9990000e+03   1.0000000e+00   4.0000000e+00   1.6000000e+01   7.0000000e+00   3.4999901e+01  -5.3741263e+01  -3.8280451e+01   4.9600261e+02   2.6056163e+00   1.2388358e+01   9.9596359e+00
   1.9990000e+03   1.0000000e+00   4.0000000e+00   1.6000000e+01   9.0000000e+00   1.0000000e+01  -5.3745665e+01  -3.8278877e+01   4.9997645e+02   2.6417737e+00   1.2070143e+01   9.6849813e+00
   1.9990000e+03   1.0000000e+00   4.0000000e+00   1.6000000e+01   1.0000000e+01   4.4000000e+01  -5.3750031e+01  -3.8277217e+01   4.9722412e+02   2.9788670e+00   1.3433455e+01   9.7518242e+00
   1.9990000e+03   1.0000000e+00   4.0000000e+00   1.6000000e+01   1.2000000e+01   1.8000000e+01  -5.3754429e+01  -3.8275722e+01   4.9850331e+02   3.3269998e+00   1.0314400e+01   7.1189637e+00
   1.9990000e+03   1.0000000e+00   4.0000000e+00   1.6000000e+01   1.3000000e+01   5.1000000e+01  -5.3758839e+01  -3.8274310e+01   4.9877978e+02   3.0355569e+00   5.8477924e+00   2.6452399e+00
   1.9990000e+03   1.0000000e+00   4.0000000e+00   1.6000000e+01   1.5000000e+01   2.5000000e+01  -5.3763237e+01  -3.8272840e+01   4.9812063e+02   6.5157291e+00   2.8487644e+01   2.1246966e+01
   1.9990000e+03   1.0000000e+00   4.0000000e+00   1.6000000e+01   1.6000000e+01   5.9000000e+01  -5.3767646e+01  -3.8271504e+01   4.9773097e+02   1.8945581e+01   8.2532678e+01   7.9237468e+01
   1.9990000e+03   1.0000000e+00   4.0000000e+00   1.6000000e+01   1.8000000e+01   3.3000000e+01  -5.3772065e+01  -3.8270067e+01   4.9998082e+02   1.0515477e+01   4.3888712e+01   3.9965990e+01
   1.9990000e+03   1.0000000e+00   4.0000000e+00   1.6000000e+01   2.0000000e+01   8.0000000e+00  -5.3776534e+01  -3.8268760e+01   5.0395785e+02   6.5206780e+00   2.8406044e+01   2.1135942e+01
   1.9990000e+03   1.0000000e+00   4.0000000e+00   1.6000000e+01   2.1000000e+01   4.3000099e+01  -5.3780971e+01  -3.8267380e+01   5.0134737e+02   5.1173139e+00   3.2697883e+01   2.7813605e+01
   1.9990000e+03   1.0000000e+00   4.0000000e+00   1.6000000e+01   2.3000000e+01   1.6000000e+01  -5.3785339e+01  -3.8266018e+01   4.9349472e+02   1.7221852e+01   1.1140669e+02   5.3481800e+01
   1.9990000e+03   1.0000000e+00   4.0000000e+00   1.6000000e+01   2.4000000e+01   5.0000000e+01  -5.3789725e+01  -3.8264549e+01   4.9689917e+02   3.7690170e+00   1.8558698e+01   1.4261685e+01
   1.9990000e+03   1.0000000e+00   4.0000000e+00   1.6000000e+01   2.6000000e+01   2.4000000e+01  -5.3794170e+01  -3.8263160e+01   5.0217309e+02   4.1328990e+00   1.9722575e+01   7.4932284e+00
   1.9990000e+03   1.0000000e+00   4.0000000e+00   1.6000000e+01   2.7000000e+01   5.6000000e+01  -5.3798553e+01  -3.8261755e+01   4.9572356e+02   2.0050797e+01   1.0224724e+02   6.1263536e+01
   1.9990000e+03   1.0000000e+00   4.0000000e+00   1.6000000e+01   2.9000000e+01   2.9000000e+01  -5.3802944e+01  -3.8260267e+01   4.9765232e+02   4.8756970e+01   2.1240010e+02   1.2157014e+02
   1.9990000e+03   1.0000000e+00   4.0000000e+00   1.6000000e+01   3.1000000e+01   3.0000000e+00  -5.3807353e+01  -3.8258852e+01   4.9862914e+02   2.9481588e+01   1.2878526e+02   6.4957879e+01
   1.9990000e+03   1.0000000e+00   4.0000000e+00   1.6000000e+01   3.2000000e+01   3.8000000e+01  -5.3811779e+01  -3.8257356e+01   5.0148194e+02   4.7680019e+01   2.0770857e+02   1.8225710e+02
   1.9990000e+03   1.0000000e+00   4.0000000e+00   1.6000000e+01   3.4000000e+01   1.1000000e+01  -5.3816203e+01  -3.8255941e+01   5.0031515e+02   4.7741159e+01   2.0920490e+02   1.5305006e+02
   1.9990000e+03   1.0000000e+00   4.0000000e+00   1.6000000e+01   3.5000000e+01   4.4000000e+01  -5.3820576e+01  -3.8254650e+01   4.9324254e+02   5.0722076e+01   2.2016286e+02   1.4087834e+02
   1.9990000e+03   1.0000000e+00   4.0000000e+00   1.6000000e+01   3.7000000e+01   1.8000000e+01  -5.3825027e+01  -3.8253252e+01   5.0302670e+02   5.3209348e+01   2.3179600e+02   1.6580446e+02
   1.9990000e+03   1.0000000e+00   4.0000000e+00   1.6000000e+01   3.8000000e+01   5.1000000e+01  -5.3829433e+01  -3.8251838e+01   4.9830288e+02   1.5105446e+02   6.5983757e+02   6.2278798e+02
   1.9990000e+03   1.0000000e+00   4.0000000e+00   1.6000000e+01   4.0000000e+01   2.4000000e+01  -5.3833853e+01  -3.8250521e+01   4.9866644e+02   7.6855584e+02   3.3458962e+03   3.3444238e+03
   1.9990000e+03   1.0000000e+00   4.0000000e+00   1.6000000e+01   4.1000000e+01   5.6000000e+01  -5.3838288e+01  -3.8249096e+01   5.0159980e+02   8.6125334e+01   3.7518798e+02   3.3233323e+02
   1.9990000e+03   1.0000000e+00   4.0000000e+00   1.6000000e+01   4.3000000e+01   2.9000000e+01  -5.3842701e+01  -3.8247708e+01   4.9872130e+02   2.2376066e+01   9.7476906e+01   8.5967614e+01
   1.9990000e+03   1.0000000e+00   4.0000000e+00   1.6000000e+01   4.5000000e+01   0.0000000e+00  -5.3847064e+01  -3.8246306e+01   4.9346464e+02   5.1055426e+00   2.2693561e+01   1.9587657e+01
   1.9990000e+03   1.0000000e+00   4.0000000e+00   1.6000000e+01   4.6000000e+01   3.1000000e+01  -5.3851497e+01  -3.8244982e+01   5.0016533e+02   1.0099046e+01   4.4243870e+01   2.9179829e+01
   1.9990000e+03   1.0000000e+00   4.0000000e+00   1.6000000e+01   4.8000000e+01   3.0000000e+00  -5.3855927e+01  -3.8243650e+01   4.9996500e+02   9.9203839e+00   4.3576903e+01   2.4101494e+01
   1.9990000e+03   1.0000000e+00   4.0000000e+00   1.6000000e+01   4.9000000e+01   3.4000000e+01  -5.3860364e+01  -3.8242303e+01   5.0090369e+02   3.2110763e+00   1.4094331e+01   7.9752659e+00
   1.9990000e+03   1.0000000e+00   4.0000000e+00   1.6000000e+01   5.1000000e+01   5.0000000e+00  -5.3864772e+01  -3.8240873e+01   4.9872596e+02   6.4092482e-01   2.7920622e+00   0.0000000e+00
   1.9990000e+03   1.0000000e+00   4.0000000e+00   1.6000000e+01   5.2000000e+01   3.5000000e+01  -5.3869140e+01  -3.8239702e+01   4.9140829e+02   4.8052623e-01   2.5817882e+00   7.9110294e-01
   1.9990000e+03   1.0000000e+00   4.0000000e+00   1.6000000e+01   5.4000000e+01   5.0000000e+00  -5.3873557e+01  -3.8238349e+01   4.9868962e+02   7.0160532e-01   4.7696630e+00   3.0319409e+00
   1.9990000e+03   1.0000000e+00   4.0000000e+00   1.6000000e+01   5.5000000e+01   3.5000000e+01  -5.3877969e+01  -3.8236831e+01   5.0026560e+02   1.3058145e+00   5.9272253e+00   3.1287022e+00
   1.9990000e+03   1.0000000e+00   4.0000000e+00   1.6000000e+01   5.7000000e+01   5.0000000e+00  -5.3882355e+01  -3.8235178e+01   4.9929532e+02   4.0523397e+00   1.8314884e+01   6.6166791e-01
   1.9990000e+03   1.0000000e+00   4.0000000e+00   1.6000000e+01   5.8000000e+01   3.6000000e+01  -5.3886752e+01  -3.8233533e+01   5.0028571e+02   2.5290467e+00   1.1017292e+01   3.5089028e-01
   1.9990000e+03   1.0000000e+00   4.0000000e+00   1.7000000e+01   0.0000000e+00   8.0000000e+00  -5.3891136e+01  -3.8232006e+01   4.9730711e+02   1.3039611e+00   5.9321576e+00   0.0000000e+00
   1.9990000e+03   1.0000000e+00   4.0000000e+00   1.7000000e+01   1.0000000e+00   3.9000000e+01  -5.3895550e+01  -3.8230516e+01   5.0009255e+02   1.0101838e+00   5.0885230e+00   5.5118894e-01
   1.9990000e+03   1.0000000e+00   4.0000000e+00   1.7000000e+01   3.0000000e+00   1.0000000e+01  -5.3899879e+01  -3.8228976e+01   4.9154791e+02   2.0736636e+00   9.1244868e+00   7.3885717e+00
   1.9990000e+03   1.0000000e+00   4.0000000e+00   1.7000000e+01   4.0000000e+00   3.8000000e+01  -5.3904127e+01  -3.8227557e+01   4.8111882e+02   1.2699023e+00   7.8735993e+00   3.3662259e+00
   1.9990000e+03   1.0000000e+00   4.0000000e+00   1.7000000e+01   6.0000000e+00   6.0000000e+00  -5.3908466e+01  -3.8225967e+01   4.9316071e+02   1.3405262e+00   6.4534122e+00   2.7614068e+00
   1.9990000e+03   1.0000000e+00   4.0000000e+00   1.7000000e+01   7.0000000e+00   3.9000000e+01  -5.3912832e+01  -3.8224499e+01   4.9465796e+02   4.5590167e-01   3.2900595e+00   5.7857371e-01
   1.9990000e+03   1.0000000e+00   4.0000000e+00   1.7000000e+01   9.0000000e+00   1.1000000e+01  -5.3917249e+01  -3.8222949e+01   5.0116851e+02   1.9333304e+00   8.7696104e+00   9.1835964e-01
   1.9990000e+03   1.0000000e+00   4.0000000e+00   1.7000000e+01   1.0000000e+01   4.4000000e+01  -5.3921703e+01  -3.8221409e+01   5.0508695e+02   3.1519256e+00   1.3730740e+01   8.8960137e-01
   1.9990000e+03   1.0000000e+00   4.0000000e+00   1.7000000e+01   1.1000000e+01   5.9000000e+01  -5.3925301e+01  -3.8220238e+01   4.0710957e+02   5.0776884e-01   4.3999670e+00   1.8334680e+00
