   2.0000000e+03   1.0000000e+00   7.0000000e+00   8.0000000e+00   2.0000000e+00   9.0000000e+00  -5.3205736e+01  -3.8307071e+01   4.9639710e+02   8.9867443e-01   1.7267569e+00   0.0000000e+00
   2.0000000e+03   1.0000000e+00   7.0000000e+00   8.0000000e+00   4.0000000e+00   2.9000000e+01  -5.3209982e+01  -3.8305459e+01   4.8385345e+02   7.1113097e-01   1.3664018e+00   0.0000000e+00
   2.0000000e+03   1.0000000e+00   7.0000000e+00   8.0000000e+00   6.0000000e+00   3.2000000e+01  -5.3214599e+01  -3.8304096e+01   5.2094616e+02   7.4969053e-01   1.4404920e+00   0.0000000e+00
   2.0000000e+03   1.0000000e+00   7.0000000e+00   8.0000000e+00   8.0000000e+00   3.4000099e+01  -5.3218949e+01  -3.8302779e+01   4.9129971e+02   3.0355614e-01   5.8326760e-01   0.0000000e+00
   2.0000000e+03   1.0000000e+00   7.0000000e+00   8.0000000e+00   1.0000000e+01   3.6000099e+01  -5.3223316e+01  -3.8301254e+01   4.9577776e+02   4.6870274e-01   1.1488827e+00   0.0000000e+00
   2.0000000e+03   1.0000000e+00   7.0000000e+00   8.0000000e+00   1.2000000e+01   3.6999901e+01  -5.3227648e+01  -3.8299583e+01   4.9398417e+02   4.5228284e+00   8.6903834e+00   0.0000000e+00
   2.0000000e+03   1.0000000e+00   7.0000000e+00   8.0000000e+00   1.4000000e+01   3.8000000e+01  -5.3232052e+01  -3.8298596e+01   4.9382960e+02   2.6696433e+00   5.3393751e+00   0.0000000e+00
   2.0000000e+03   1.0000000e+00   7.0000000e+00   8.0000000e+00   1.6000000e+01   4.0000000e+01  -5.3236502e+01  -3.8297109e+01   5.0419503e+02   2.2571960e+00   4.3370866e+00   0.0000000e+00
   2.0000000e+03   1.0000000e+00   7.0000000e+00   8.0000000e+00   1.8000000e+01   4.4000099e+01  -5.3240837e+01  -3.8295625e+01   4.9170664e+02   1.3221760e+00   2.9863755e+00   0.0000000e+00
   2.0000000e+03   1.0000000e+00   7.0000000e+00   8.0000000e+00   2.0000000e+01   4.8000000e+01  -5.3245198e+01  -3.8293693e+01   5.0134566e+02   3.1232985e+00   6.6118341e+00   1.3549075e+00
   2.0000000e+03   1.0000000e+00   7.0000000e+00   8.0000000e+00   2.2000000e+01   5.2000000e+01  -5.3249603e+01  -3.8292109e+01   5.0071086e+02   1.5588171e+00   3.3918599e+00   0.0000000e+00
   2.0000000e+03   1.0000000e+00   7.0000000e+00   8.0000000e+00   2.4000000e+01   5.6000099e+01  -5.3253966e+01  -3.8290813e+01   4.9237135e+02   2.2323734e+00   4.2893912e+00   0.0000000e+00
   2.0000000e+03   1.0000000e+00   7.0000000e+00   8.0000000e+00   2.6000000e+01   5.7000000e+01  -5.3258376e+01  -3.8289750e+01   4.9517842e+02   1.9130294e+00   4.2802186e+00   0.0000000e+00
   2.0000000e+03   1.0000000e+00   7.0000000e+00   8.0000000e+00   2.8000000e+01   5.6999901e+01  -5.3262849e+01  -3.8288297e+01   5.0630996e+02   2.2174804e+00   4.7920528e+00   0.0000000e+00
   2.0000000e+03   1.0000000e+00   7.0000000e+00   8.0000000e+00   3.0000000e+01   5.8000000e+01  -5.3267082e+01  -3.8286659e+01   4.8283132e+02   1.5020395e+00   3.7330003e+00   0.0000000e+00
   2.0000000e+03   1.0000000e+00   7.0000000e+00   8.0000000e+00   3.2000000e+01   5.7000099e+01  -5.3271526e+01  -3.8285155e+01   5.0381368e+02   3.4302307e+00   6.5910127e+00   4.6546990e-01
   2.0000000e+03   1.0000000e+00   7.0000000e+00   8.0000000e+00   3.4000000e+01   5.6000000e+01  -5.3276032e+01  -3.8284817e+01   5.0125942e+02   1.3410403e+00   2.5767403e+00   0.0000000e+00
   2.0000000e+03   1.0000000e+00   7.0000000e+00   8.0000000e+00   3.6000000e+01   5.7999901e+01  -5.3280388e+01  -3.8283820e+01   4.8850135e+02   1.9792512e+00   3.8030299e+00   0.0000000e+00
   2.0000000e+03   1.0000000e+00   7.0000000e+00   8.0000000e+00   3.8000000e+01   5.7999901e+01  -5.3284799e+01  -3.8282125e+01   5.0295662e+02   1.4585571e+00   2.8025428e+00   0.0000000e+00
   2.0000000e+03   1.0000000e+00   7.0000000e+00   8.0000000e+00   4.0000000e+01   5.8000099e+01  -5.3289283e+01  -3.8281350e+01   5.0087028e+02   9.6880692e-01   2.1510731e+00   0.0000000e+00
   2.0000000e+03   1.0000000e+00   7.0000000e+00   8.0000000e+00   4.3000000e+01   1.0000000e+00  -5.3293764e+01  -3.8281017e+01   4.9843070e+02   9.5379296e-01   1.8326644e+00   0.0000000e+00
   2.0000000e+03   1.0000000e+00   7.0000000e+00   8.0000000e+00   4.5000000e+01   7.9999008e+00  -5.3298250e+01  -3.8281300e+01   4.9878828e+02   3.2118936e+02   7.0720426e+02   2.2144842e+02
   2.0000000e+03   1.0000000e+00   7.0000000e+00   8.0000000e+00   4.7000000e+01   1.5000000e+01  -5.3302568e+01  -3.8281004e+01   4.8029142e+02   1.3628052e+00   2.6185606e+00   0.0000000e+00
   2.0000000e+03   1.0000000e+00   7.0000000e+00   8.0000000e+00   4.9000000e+01   1.6000099e+01  -5.3307139e+01  -3.8281271e+01   5.0817958e+02   1.5270140e+00   2.9340792e+00   0.0000000e+00
   2.0000000e+03   1.0000000e+00   7.0000000e+00   8.0000000e+00   5.1000000e+01   1.1000000e+01  -5.3311463e+01  -3.8280475e+01   4.8339889e+02   0.0000000e+00   4.2205545e-02   0.0000000e+00
   2.0000000e+03   1.0000000e+00   7.0000000e+00   8.0000000e+00   5.3000000e+01   9.0000000e+00  -5.3316000e+01  -3.8277813e+01   5.3418967e+02   3.5953844e-02   6.9083472e-02   0.0000000e+00
   2.0000000e+03   1.0000000e+00   7.0000000e+00   8.0000000e+00   5.5000000e+01   1.4000000e+01  -5.3319847e+01  -3.8275208e+01   4.6113645e+02   1.8616200e+00   3.5770077e+00   0.0000000e+00
   2.0000000e+03   1.0000000e+00   7.0000000e+00   8.0000000e+00   5.7000000e+01   1.8000099e+01  -5.3324084e+01  -3.8272658e+01   5.0035395e+02   6.5443198e-01   1.2574576e+00   0.0000000e+00
   2.0000000e+03   1.0000000e+00   7.0000000e+00   8.0000000e+00   5.9000000e+01   1.8000099e+01  -5.3328349e+01  -3.8270405e+01   4.9696420e+02   4.7465683e-01   9.1202881e-01   0.0000000e+00
   2.0000000e+03   1.0000000e+00   7.0000000e+00   9.0000000e+00   1.0000000e+00   1.7000000e+01  -5.3332683e+01  -3.8268009e+01   5.0714309e+02   2.2771571e-02   1.1033370e+01   0.0000000e+00
   2.0000000e+03   1.0000000e+00   7.0000000e+00   9.0000000e+00   3.0000000e+00   1.8000099e+01  -5.3336918e+01  -3.8266246e+01   4.8488238e+02   3.9049933e-01   2.0635154e+00   0.0000000e+00
   2.0000000e+03   1.0000000e+00   7.0000000e+00   9.0000000e+00   5.0000000e+00   1.8999901e+01  -5.3341317e+01  -3.8264091e+01   5.0936325e+02   2.0111921e+00   3.8644027e+00   0.0000000e+00
   2.0000000e+03   1.0000000e+00   7.0000000e+00   9.0000000e+00   7.0000000e+00   2.3000000e+01  -5.3345634e+01  -3.8262087e+01   4.9775177e+02   9.2228160e-01   1.7721169e+00   0.0000000e+00
   2.0000000e+03   1.0000000e+00   7.0000000e+00   9.0000000e+00   9.0000000e+00   3.1000000e+01  -5.3349964e+01  -3.8260783e+01   4.8884357e+02   2.5349960e-01   4.8708652e-01   0.0000000e+00
   2.0000000e+03   1.0000000e+00   7.0000000e+00   9.0000000e+00   1.1000000e+01   3.5000000e+01  -5.3354350e+01  -3.8259542e+01   4.9425257e+02   1.8184378e+00   3.4940353e+00   0.0000000e+00
   2.0000000e+03   1.0000000e+00   7.0000000e+00   9.0000000e+00   1.3000000e+01   3.6000099e+01  -5.3358788e+01  -3.8258175e+01   5.0148091e+02   0.0000000e+00   0.0000000e+00   0.0000000e+00
   2.0000000e+03   1.0000000e+00   7.0000000e+00   9.0000000e+00   1.5000000e+01   3.6000000e+01  -5.3363249e+01  -3.8256992e+01   5.0186708e+02   3.8608245e-02   7.4183769e-02   0.0000000e+00
   2.0000000e+03   1.0000000e+00   7.0000000e+00   9.0000000e+00   1.7000000e+01   3.4000000e+01  -5.3367571e+01  -3.8255492e+01   4.9046916e+02   1.4711845e-02   2.8268058e-02   0.0000000e+00
   2.0000000e+03   1.0000000e+00   7.0000000e+00   9.0000000e+00   1.9000000e+01   3.3000000e+01  -5.3371979e+01  -3.8254208e+01   4.9710478e+02   4.7481696e-01   9.1233650e-01   0.0000000e+00
   2.0000000e+03   1.0000000e+00   7.0000000e+00   9.0000000e+00   2.1000000e+01   3.1000000e+01  -5.3376414e+01  -3.8253187e+01   4.9750279e+02   8.5365341e-01   1.6402514e+00   0.0000000e+00
   2.0000000e+03   1.0000000e+00   7.0000000e+00   9.0000000e+00   2.3000000e+01   3.0000099e+01  -5.3380968e+01  -3.8252062e+01   5.1148689e+02   5.7044700e-01   1.1580917e+00   0.0000000e+00
   2.0000000e+03   1.0000000e+00   7.0000000e+00   9.0000000e+00   2.5000000e+01   3.3000000e+01  -5.3385268e+01  -3.8250887e+01   4.8414786e+02   1.7707341e+00   3.4023750e+00   0.0000000e+00
   2.0000000e+03   1.0000000e+00   7.0000000e+00   9.0000000e+00   2.7000000e+01   3.8000000e+01  -5.3389714e+01  -3.8249345e+01   5.0440194e+02   8.6426763e-01   1.6606460e+00   0.0000000e+00
   2.0000000e+03   1.0000000e+00   7.0000000e+00   9.0000000e+00   2.9000000e+01   4.2000000e+01  -5.3394033e+01  -3.8248046e+01   4.8769427e+02   8.2957449e-01   1.5939849e+00   0.0000000e+00
   2.0000000e+03   1.0000000e+00   7.0000000e+00   9.0000000e+00   3.1000000e+01   4.0000099e+01  -5.3398556e+01  -3.8246824e+01   5.0904095e+02   3.6487879e-01   8.8047594e-01   0.0000000e+00
   2.0000000e+03   1.0000000e+00   7.0000000e+00   9.0000000e+00   3.3000000e+01   3.6000000e+01  -5.3402939e+01  -3.8245491e+01   4.9498671e+02   6.1800249e-01   1.1874602e+00   0.0000000e+00
   2.0000000e+03   1.0000000e+00   7.0000000e+00   9.0000000e+00   3.5000000e+01   3.1000099e+01  -5.3407330e+01  -3.8243912e+01   4.9902817e+02   1.3214758e+00   2.6829215e+00   0.0000000e+00
   2.0000000e+03   1.0000000e+00   7.0000000e+00   9.0000000e+00   3.7000000e+01   2.5000000e+01  -5.3411801e+01  -3.8242921e+01   5.0112107e+02   1.7941219e+00   5.2240800e+00   0.0000000e+00
   2.0000000e+03   1.0000000e+00   7.0000000e+00   9.0000000e+00   3.9000000e+01   2.3000000e+01  -5.3416150e+01  -3.8241542e+01   4.9180922e+02   4.5994040e-01   8.8375195e-01   0.0000000e+00
   2.0000000e+03   1.0000000e+00   7.0000000e+00   9.0000000e+00   4.1000000e+01   2.1000000e+01  -5.3420513e+01  -3.8240154e+01   4.9340566e+02   1.1921610e+00   2.2906765e+00   0.0000000e+00
   2.0000000e+03   1.0000000e+00   7.0000000e+00   9.0000000e+00   4.3000000e+01   1.6000000e+01  -5.3425089e+01  -3.8239196e+01   5.1248379e+02   1.9283691e+00   3.7052625e+00   4.4377148e-01
   2.0000000e+03   1.0000000e+00   7.0000000e+00   9.0000000e+00   4.5000000e+01   1.3000099e+01  -5.3429380e+01  -3.8237821e+01   4.8545876e+02   1.6987706e+00   3.6704659e+00   0.0000000e+00
   2.0000000e+03   1.0000000e+00   7.0000000e+00   9.0000000e+00   4.7000000e+01   1.0000000e+01  -5.3433850e+01  -3.8236583e+01   5.0341264e+02   3.1972728e+00   6.1433962e+00   4.6607811e-01
   2.0000000e+03   1.0000000e+00   7.0000000e+00   9.0000000e+00   4.9000000e+01   7.0000000e+00  -5.3438285e+01  -3.8235307e+01   4.9999232e+02   4.9731186e-02   7.1133141e-01   0.0000000e+00
   2.0000000e+03   1.0000000e+00   7.0000000e+00   9.0000000e+00   5.1000000e+01   4.0000000e+00  -5.3442602e+01  -3.8233624e+01   4.9246202e+02   4.1683165e-02   2.8225327e-01   0.0000000e+00
   2.0000000e+03   1.0000000e+00   7.0000000e+00   9.0000000e+00   5.3000000e+01   2.0000000e+00  -5.3447003e+01  -3.8231733e+01   5.0473503e+02   7.4234292e-01   1.4263740e+00   0.0000000e+00
   2.0000000e+03   1.0000000e+00   7.0000000e+00   9.0000000e+00   5.5000000e+01   2.0000000e+00  -5.3451269e+01  -3.8230074e+01   4.8662813e+02   1.0846379e+00   2.0840763e+00   0.0000000e+00
   2.0000000e+03   1.0000000e+00   7.0000000e+00   9.0000000e+00   5.6000000e+01   5.9000000e+01  -5.3455735e+01  -3.8228837e+01   5.0299768e+02   9.1853155e-01   1.7649114e+00   1.1927942e-01
   2.0000000e+03   1.0000000e+00   7.0000000e+00   9.0000000e+00   5.8000000e+01   5.9000000e+01  -5.3460152e+01  -3.8227491e+01   4.9877546e+02   2.4298230e+00   4.8480941e+00   0.0000000e+00
   2.0000000e+03   1.0000000e+00   7.0000000e+00   1.0000000e+01   1.0000000e+00   9.0000000e+00  -5.3464302e+01  -3.8226537e+01   4.6543303e+02   6.8280175e-01   1.4162705e+00   0.0000000e+00
   2.0000000e+03   1.0000000e+00   7.0000000e+00   1.0000000e+01   3.0000000e+00   1.1000000e+01  -5.3468952e+01  -3.8224554e+01   5.3314023e+02   6.7992314e+00   1.3064375e+01   0.0000000e+00
   2.0000000e+03   1.0000000e+00   7.0000000e+00   1.0000000e+01   5.0000000e+00   2.0000000e+00  -5.3473285e+01  -3.8222886e+01   4.9399403e+02   4.5118383e-02   2.3961292e-01   0.0000000e+00
   2.0000000e+03   1.0000000e+00   7.0000000e+00   1.0000000e+01   6.0000000e+00   5.9000000e+01  -5.3477668e+01  -3.8221374e+01   4.9716832e+02   1.5506101e+00   2.9794180e+00   0.0000000e+00
   2.0000000e+03   1.0000000e+00   7.0000000e+00   1.0000000e+01   9.0000000e+00   1.0000000e+00  -5.3481970e+01  -3.8219660e+01   4.9124918e+02   1.3726575e+00   2.6374911e+00   0.0000000e+00
   2.0000000e+03   1.0000000e+00   7.0000000e+00   1.0000000e+01   1.1000000e+01   4.0000000e+00  -5.3486390e+01  -3.8218479e+01   4.9737608e+02   0.0000000e+00   0.0000000e+00   0.0000000e+00
   2.0000000e+03   1.0000000e+00   7.0000000e+00   1.0000000e+01   1.3000000e+01   4.0000000e+00  -5.3490774e+01  -3.8217257e+01   4.9372389e+02   1.3241195e+00   2.5442278e+00   0.0000000e+00
   2.0000000e+03   1.0000000e+00   7.0000000e+00   1.0000000e+01   1.5000000e+01   2.0000000e+00  -5.3495186e+01  -3.8215474e+01   5.0433080e+02   1.4096697e+00   2.7086081e+00   0.0000000e+00
   2.0000000e+03   1.0000000e+00   7.0000000e+00   1.0000000e+01   1.7000000e+01   4.0000000e+00  -5.3499586e+01  -3.8213862e+01   5.0037509e+02   1.6776351e+00   3.2234901e+00   0.0000000e+00
   2.0000000e+03   1.0000000e+00   7.0000000e+00   1.0000000e+01   1.9000000e+01   9.0000000e+00  -5.3503968e+01  -3.8212404e+01   4.9640427e+02   8.3677214e-01   2.8225588e+00   0.0000000e+00
   2.0000000e+03   1.0000000e+00   7.0000000e+00   1.0000000e+01   2.1000000e+01   1.1000000e+01  -5.3508282e+01  -3.8210990e+01   4.8838330e+02   2.4836077e-01   5.9193954e-01   0.0000000e+00
   2.0000000e+03   1.0000000e+00   7.0000000e+00   1.0000000e+01   2.3000000e+01   1.2000000e+01  -5.3512786e+01  -3.8209262e+01   5.1328202e+02   7.5527465e-02   8.6821671e-01   0.0000000e+00
   2.0000000e+03   1.0000000e+00   7.0000000e+00   1.0000000e+01   2.5000000e+01   1.5000000e+01  -5.3517036e+01  -3.8207820e+01   4.8178209e+02   8.5588645e-01   1.6445420e+00   0.0000000e+00
   2.0000000e+03   1.0000000e+00   7.0000000e+00   1.0000000e+01   2.7000000e+01   1.6000099e+01  -5.3521478e+01  -3.8206445e+01   5.0187188e+02   3.5433223e+00   6.8083125e+00   0.0000000e+00
   2.0000000e+03   1.0000000e+00   7.0000000e+00   1.0000000e+01   2.9000000e+01   1.4000000e+01  -5.3525886e+01  -3.8204824e+01   5.0141188e+02   1.9225654e+00   3.6941111e+00   0.0000000e+00
   2.0000000e+03   1.0000000e+00   7.0000000e+00   1.0000000e+01   3.1000000e+01   1.4000000e+01  -5.3530236e+01  -3.8203162e+01   4.9567959e+02   5.1229004e+00   9.8706178e+00   0.0000000e+00
   2.0000000e+03   1.0000000e+00   7.0000000e+00   1.0000000e+01   3.3000000e+01   1.6000000e+01  -5.3534673e+01  -3.8201774e+01   5.0151177e+02   4.7026438e-01   9.3937348e-01   0.0000000e+00
   2.0000000e+03   1.0000000e+00   7.0000000e+00   1.0000000e+01   3.5000000e+01   1.8000099e+01  -5.3539024e+01  -3.8200212e+01   4.9439051e+02   3.0800108e+00   5.9180832e+00   0.0000000e+00
   2.0000000e+03   1.0000000e+00   7.0000000e+00   1.0000000e+01   3.7000000e+01   1.6000000e+01  -5.3543440e+01  -3.8199057e+01   4.9658080e+02   4.6755671e-02   1.3149432e-01   0.0000000e+00
   2.0000000e+03   1.0000000e+00   7.0000000e+00   1.0000000e+01   3.9000000e+01   1.4000000e+01  -5.3547941e+01  -3.8197585e+01   5.0948504e+02   1.7310533e+00   3.3898759e+00   0.0000000e+00
   2.0000000e+03   1.0000000e+00   7.0000000e+00   1.0000000e+01   4.1000000e+01   1.8000000e+01  -5.3552203e+01  -3.8195990e+01   4.8520126e+02   5.9501447e-01   1.2396313e+00   0.0000000e+00
   2.0000000e+03   1.0000000e+00   7.0000000e+00   1.0000000e+01   4.3000000e+01   2.3000000e+01  -5.3556602e+01  -3.8194265e+01   5.0188157e+02   1.8308133e+00   3.6970658e+00   0.0000000e+00
   2.0000000e+03   1.0000000e+00   7.0000000e+00   1.0000000e+01   4.5000000e+01   2.5000000e+01  -5.3560919e+01  -3.8192390e+01   4.9542807e+02   1.3532037e-01   6.1587815e-01   0.0000000e+00
   2.0000000e+03   1.0000000e+00   7.0000000e+00   1.0000000e+01   4.7000000e+01   2.5000000e+01  -5.3565282e+01  -3.8190524e+01   5.0024162e+02   4.6620983e-02   2.3864130e-01   0.0000000e+00
   2.0000000e+03   1.0000000e+00   7.0000000e+00   1.0000000e+01   4.9000000e+01   2.6000000e+01  -5.3569674e+01  -3.8188957e+01   4.9884752e+02   4.2810794e-01   1.1021058e+00   0.0000000e+00
   2.0000000e+03   1.0000000e+00   7.0000000e+00   1.0000000e+01   5.1000000e+01   2.5000000e+01  -5.3574033e+01  -3.8187407e+01   4.9505362e+02   1.3311770e-01   2.5577886e-01   0.0000000e+00
   2.0000000e+03   1.0000000e+00   7.0000000e+00   1.0000000e+01   5.3000000e+01   2.1000099e+01  -5.3578402e+01  -3.8185537e+01   5.0086021e+02   7.3494934e-02   2.2729861e-01   0.0000000e+00
   2.0000000e+03   1.0000000e+00   7.0000000e+00   1.0000000e+01   5.5000000e+01   1.9000000e+01  -5.3582783e+01  -3.8184007e+01   4.9718761e+02   1.1959871e-01   2.2980280e-01   0.0000000e+00
   2.0000000e+03   1.0000000e+00   7.0000000e+00   1.0000000e+01   5.7000000e+01   1.8000000e+01  -5.3587203e+01  -3.8182612e+01   4.9970710e+02   3.1001183e-01   5.9567187e-01   0.0000000e+00
   2.0000000e+03   1.0000000e+00   7.0000000e+00   1.0000000e+01   5.9000000e+01   1.4000000e+01  -5.3591657e+01  -3.8181479e+01   5.0057454e+02   4.1993965e-01   8.0689255e-01   0.0000000e+00
   2.0000000e+03   1.0000000e+00   7.0000000e+00   1.1000000e+01   1.0000000e+00   1.0000099e+01  -5.3596036e+01  -3.8179924e+01   4.9728551e+02   2.8641652e-01   5.5033470e-01   0.0000000e+00
   2.0000000e+03   1.0000000e+00   7.0000000e+00   1.1000000e+01   3.0000000e+00   1.0000000e+01  -5.3600420e+01  -3.8178078e+01   5.0204340e+02   1.7765459e-01   6.7656053e-01   0.0000000e+00
   2.0000000e+03   1.0000000e+00   7.0000000e+00   1.1000000e+01   5.0000000e+00   1.5000000e+01  -5.3604718e+01  -3.8176770e+01   4.8536711e+02   2.5097192e-01   6.7837080e-01   0.0000000e+00
   2.0000000e+03   1.0000000e+00   7.0000000e+00   1.1000000e+01   7.0000000e+00   1.7000000e+01  -5.3609086e+01  -3.8175440e+01   4.9317761e+02   9.4399196e-02   1.8138323e-01   0.0000000e+00
   2.0000000e+03   1.0000000e+00   7.0000000e+00   1.1000000e+01   9.0000000e+00   1.4000000e+01  -5.3613479e+01  -3.8174011e+01   4.9716089e+02   3.8815078e-01   8.3605107e-01   0.0000000e+00
   2.0000000e+03   1.0000000e+00   7.0000000e+00   1.1000000e+01   1.1000000e+01   9.0000000e+00  -5.3618025e+01  -3.8172777e+01   5.1166317e+02   1.9441525e-02   3.7355895e-02   0.0000000e+00
   2.0000000e+03   1.0000000e+00   7.0000000e+00   1.1000000e+01   1.3000000e+01   2.0000992e+00  -5.3622507e+01  -3.8171707e+01   5.0301905e+02   6.5437417e+00   1.2640586e+01   0.0000000e+00
   2.0000000e+03   1.0000000e+00   7.0000000e+00   1.1000000e+01   1.5000000e+01   0.0000000e+00  -5.3626818e+01  -3.8170224e+01   4.8890209e+02   2.7420412e+00   5.3930179e+00   0.0000000e+00
   2.0000000e+03   1.0000000e+00   7.0000000e+00   1.1000000e+01   1.6000000e+01   5.6000000e+01  -5.3631019e+01  -3.8168136e+01   4.8665040e+02   1.8790764e+00   6.6587442e+00   2.0643938e+00
   2.0000000e+03   1.0000000e+00   7.0000000e+00   1.1000000e+01   1.8000000e+01   4.7000000e+01  -5.3635581e+01  -3.8166820e+01   5.1436037e+02   1.0915989e-01   2.5149438e-01   0.0000000e+00
   2.0000000e+03   1.0000000e+00   7.0000000e+00   1.1000000e+01   2.0000000e+01   4.3000000e+01  -5.3640086e+01  -3.8165657e+01   5.0636064e+02   3.1564955e-02   8.4166635e-02   0.0000000e+00
   2.0000000e+03   1.0000000e+00   7.0000000e+00   1.1000000e+01   2.2000000e+01   4.6000000e+01  -5.3644169e+01  -3.8163574e+01   4.7401128e+02   4.9121664e-01   9.8941298e-01   0.0000000e+00
   2.0000000e+03   1.0000000e+00   7.0000000e+00   1.1000000e+01   2.4000000e+01   4.5000000e+01  -5.3648664e+01  -3.8162204e+01   5.0755349e+02   2.7135700e+00   5.2447475e+00   5.3316618e-01
   2.0000000e+03   1.0000000e+00   7.0000000e+00   1.1000000e+01   2.6000000e+01   3.9000000e+01  -5.3653117e+01  -3.8161158e+01   4.9968786e+02   2.9079099e-01   6.8247861e-01   1.2373859e-01
   2.0000000e+03   1.0000000e+00   7.0000000e+00   1.1000000e+01   2.8000000e+01   3.6000099e+01  -5.3657557e+01  -3.8159529e+01   5.0482591e+02   6.4105368e+01   1.4721806e+02   1.0862857e+01
   2.0000000e+03   1.0000000e+00   7.0000000e+00   1.1000000e+01   3.0000000e+01   3.5000000e+01  -5.3661852e+01  -3.8158137e+01   4.8597401e+02   1.7000418e-01   3.2665434e-01   0.0000000e+00
   2.0000000e+03   1.0000000e+00   7.0000000e+00   1.1000000e+01   3.2000000e+01   2.9000099e+01  -5.3666265e+01  -3.8156961e+01   4.9647667e+02   1.2849382e+00   2.4689431e+00   0.0000000e+00
   2.0000000e+03   1.0000000e+00   7.0000000e+00   1.1000000e+01   3.4000000e+01   2.1000000e+01  -5.3670698e+01  -3.8155048e+01   5.0848192e+02   9.3222679e-01   1.8746623e+00   0.0000000e+00
   2.0000000e+03   1.0000000e+00   7.0000000e+00   1.1000000e+01   3.6000000e+01   2.0000099e+01  -5.3675002e+01  -3.8153440e+01   4.8984311e+02   1.3903582e-01   3.5273632e-01   0.0000000e+00
   2.0000000e+03   1.0000000e+00   7.0000000e+00   1.1000000e+01   3.8000000e+01   2.0000000e+01  -5.3679269e+01  -3.8151819e+01   4.8598055e+02   6.4768470e-01   1.3752080e+00   0.0000000e+00
   2.0000000e+03   1.0000000e+00   7.0000000e+00   1.1000000e+01   4.0000000e+01   1.6000000e+01  -5.3683685e+01  -3.8149445e+01   5.1493237e+02   1.1809230e+01   2.2953670e+01   8.0826058e+00
   2.0000000e+03   1.0000000e+00   7.0000000e+00   1.1000000e+01   4.2000000e+01   1.0000000e+01  -5.3687923e+01  -3.8148095e+01   4.7923099e+02   6.7547755e-01   2.9540769e+00   0.0000000e+00
   2.0000000e+03   1.0000000e+00   7.0000000e+00   1.1000000e+01   4.4000000e+01   2.0000000e+00  -5.3692408e+01  -3.8146407e+01   5.1060115e+02   0.0000000e+00   0.0000000e+00   0.0000000e+00
   2.0000000e+03   1.0000000e+00   7.0000000e+00   1.1000000e+01   4.5000000e+01   5.8000000e+01  -5.3696719e+01  -3.8144612e+01   4.9338220e+02   3.1598712e-02   1.5858769e-01   0.0000000e+00
   2.0000000e+03   1.0000000e+00   7.0000000e+00   1.1000000e+01   4.7000000e+01   5.3999901e+01  -5.3701074e+01  -3.8143107e+01   4.9403059e+02   4.7428398e-01   9.1131240e-01   0.0000000e+00
   2.0000000e+03   1.0000000e+00   7.0000000e+00   1.1000000e+01   4.9000000e+01   4.9000000e+01  -5.3705452e+01  -3.8141290e+01   5.0093242e+02   1.8384208e-02   3.5324316e-02   0.0000000e+00
   2.0000000e+03   1.0000000e+00   7.0000000e+00   1.1000000e+01   5.1000000e+01   4.5000099e+01  -5.3709920e+01  -3.8140087e+01   5.0272539e+02   0.0000000e+00   0.0000000e+00   0.0000000e+00
   2.0000000e+03   1.0000000e+00   7.0000000e+00   1.1000000e+01   5.3000000e+01   4.0000000e+01  -5.3714303e+01  -3.8138595e+01   4.9685759e+02   1.4023818e-01   2.8009620e-01   0.0000000e+00
   2.0000000e+03   1.0000000e+00   7.0000000e+00   1.1000000e+01   5.5000000e+01   3.4000000e+01  -5.3718608e+01  -3.8137152e+01   4.8766500e+02   6.2448837e-02   1.4915566e-01   1.0015070e-01
   2.0000000e+03   1.0000000e+00   7.0000000e+00   1.1000000e+01   5.7000000e+01   2.7000099e+01  -5.3723132e+01  -3.8135854e+01   5.0985554e+02   2.1790283e-01   4.1868915e-01   0.0000000e+00
   2.0000000e+03   1.0000000e+00   7.0000000e+00   1.1000000e+01   5.9000000e+01   2.0000000e+01  -5.3727520e+01  -3.8134573e+01   4.9483520e+02   1.1385034e+00   2.2362550e+00   0.0000000e+00
   2.0000000e+03   1.0000000e+00   7.0000000e+00   1.2000000e+01   1.0000000e+00   1.7000000e+01  -5.3731884e+01  -3.8133006e+01   4.9574163e+02   4.3038157e+00   8.2772039e+00   9.7205183e-02
   2.0000000e+03   1.0000000e+00   7.0000000e+00   1.2000000e+01   3.0000000e+00   1.4000000e+01  -5.3736209e+01  -3.8130856e+01   5.0094062e+02   7.1648829e-02   1.8567715e-01   0.0000000e+00
   2.0000000e+03   1.0000000e+00   7.0000000e+00   1.2000000e+01   5.0000000e+00   8.0000000e+00  -5.3740626e+01  -3.8129611e+01   4.9763976e+02   1.3200169e-01   2.6117999e-01   0.0000000e+00
   2.0000000e+03   1.0000000e+00   7.0000000e+00   1.2000000e+01   7.0000000e+00   4.0000000e+00  -5.3745043e+01  -3.8128523e+01   4.9592848e+02   3.1321787e-01   6.0183212e-01   0.0000000e+00
   2.0000000e+03   1.0000000e+00   7.0000000e+00   1.2000000e+01   9.0000000e+00   9.9182129e-05  -5.3749292e+01  -3.8126418e+01   4.9200935e+02   2.5569057e-01   4.9129635e-01   0.0000000e+00
   2.0000000e+03   1.0000000e+00   7.0000000e+00   1.2000000e+01   1.0000000e+01   5.1000000e+01  -5.3753750e+01  -3.8124903e+01   5.0525080e+02   6.9510448e-02   1.5543618e-01   0.0000000e+00
   2.0000000e+03   1.0000000e+00   7.0000000e+00   1.2000000e+01   1.2000000e+01   4.2999901e+01  -5.3758269e+01  -3.8124006e+01   5.0558557e+02   4.5864594e-01   1.0112232e+00   1.7847487e-01
   2.0000000e+03   1.0000000e+00   7.0000000e+00   1.2000000e+01   1.4000000e+01   4.2000099e+01  -5.3762474e+01  -3.8122374e+01   4.7949511e+02   1.2482336e+00   2.4100572e+00   0.0000000e+00
   2.0000000e+03   1.0000000e+00   7.0000000e+00   1.2000000e+01   1.6000000e+01   3.8000000e+01  -5.3766887e+01  -3.8121317e+01   4.9522812e+02   1.1260595e+00   2.1636658e+00   0.0000000e+00
   2.0000000e+03   1.0000000e+00   7.0000000e+00   1.2000000e+01   1.8000000e+01   2.6000000e+01  -5.3771408e+01  -3.8120457e+01   5.0549597e+02   7.2342862e-01   1.3900311e+00   0.0000000e+00
   2.0000000e+03   1.0000000e+00   7.0000000e+00   1.2000000e+01   2.0000000e+01   1.7000000e+01  -5.3775950e+01  -3.8119270e+01   5.1077238e+02   7.3638697e-01   1.4332725e+00   1.8342556e-02
   2.0000000e+03   1.0000000e+00   7.0000000e+00   1.2000000e+01   2.2000000e+01   1.9000000e+01  -5.3780303e+01  -3.8118287e+01   4.8791099e+02   1.2117917e+00   2.5540784e+00   0.0000000e+00
   2.0000000e+03   1.0000000e+00   7.0000000e+00   1.2000000e+01   2.4000000e+01   2.0000000e+01  -5.3784653e+01  -3.8117033e+01   4.9038178e+02   2.5148261e+00   5.0792372e+00   0.0000000e+00
   2.0000000e+03   1.0000000e+00   7.0000000e+00   1.2000000e+01   2.6000000e+01   1.2000000e+01  -5.3789226e+01  -3.8116045e+01   5.1222318e+02   2.9528570e+00   5.6737637e+00   0.0000000e+00
   2.0000000e+03   1.0000000e+00   7.0000000e+00   1.2000000e+01   2.8000000e+01   6.0000000e+00  -5.3793592e+01  -3.8115162e+01   4.8867659e+02   2.0159099e+00   3.9173922e+00   4.3924548e-02
   2.0000000e+03   1.0000000e+00   7.0000000e+00   1.2000000e+01   2.9000000e+01   5.8999901e+01  -5.3798037e+01  -3.8113810e+01   5.0175760e+02   1.7123882e+00   3.3304780e+00   0.0000000e+00
   2.0000000e+03   1.0000000e+00   7.0000000e+00   1.2000000e+01   3.1000000e+01   4.8000000e+01  -5.3802476e+01  -3.8112517e+01   5.0049691e+02   1.2236160e+02   2.3559216e+02   5.9537512e+01
   2.0000000e+03   1.0000000e+00   7.0000000e+00   1.2000000e+01   3.3000000e+01   3.9000000e+01  -5.3806916e+01  -3.8111600e+01   4.9705820e+02   4.6562647e-01   9.2483594e-01   0.0000000e+00
   2.0000000e+03   1.0000000e+00   7.0000000e+00   1.2000000e+01   3.5000000e+01   3.2000000e+01  -5.3811370e+01  -3.8110540e+01   4.9976202e+02   1.0057460e+00   2.0670561e+00   0.0000000e+00
   2.0000000e+03   1.0000000e+00   7.0000000e+00   1.2000000e+01   3.7000000e+01   2.6000000e+01  -5.3815792e+01  -3.8109117e+01   5.0020113e+02   1.3424972e+00   2.6668211e+00   0.0000000e+00
   2.0000000e+03   1.0000000e+00   7.0000000e+00   1.2000000e+01   3.9000000e+01   2.1000000e+01  -5.3820166e+01  -3.8108137e+01   4.9026293e+02   1.1946221e+00   2.4924713e+00   1.8137149e-01
   2.0000000e+03   1.0000000e+00   7.0000000e+00   1.2000000e+01   4.1000000e+01   1.3999901e+01  -5.3824559e+01  -3.8106540e+01   4.9923371e+02   4.8656991e-01   9.6839511e-01   0.0000000e+00
   2.0000000e+03   1.0000000e+00   7.0000000e+00   1.2000000e+01   4.3000000e+01   3.0000000e+00  -5.3828971e+01  -3.8104743e+01   5.0424443e+02   4.3223525e-01   8.8237128e-01   0.0000000e+00
   2.0000000e+03   1.0000000e+00   7.0000000e+00   1.2000000e+01   4.4000000e+01   5.1000000e+01  -5.3833267e+01  -3.8102976e+01   4.9127101e+02   2.3195837e-01   5.8392991e-01   0.0000000e+00
   2.0000000e+03   1.0000000e+00   7.0000000e+00   1.2000000e+01   4.6000000e+01   4.0000000e+01  -5.3837691e+01  -3.8100974e+01   5.0882861e+02   4.2500672e-01   8.8077971e-01   0.0000000e+00
   2.0000000e+03   1.0000000e+00   7.0000000e+00   1.2000000e+01   4.8000000e+01   3.5000099e+01  -5.3841987e+01  -3.8099190e+01   4.9148711e+02   5.6262714e-01   1.0810593e+00   0.0000000e+00
   2.0000000e+03   1.0000000e+00   7.0000000e+00   1.2000000e+01   5.0000000e+01   3.1000000e+01  -5.3846434e+01  -3.8098223e+01   4.9820775e+02   3.2138633e-01   6.6076780e-01   0.0000000e+00
   2.0000000e+03   1.0000000e+00   7.0000000e+00   1.2000000e+01   5.2000000e+01   2.3000000e+01  -5.3850858e+01  -3.8096895e+01   4.9921502e+02   6.3008377e+00   1.2106737e+01   0.0000000e+00
   2.0000000e+03   1.0000000e+00   7.0000000e+00   1.2000000e+01   5.4000000e+01   1.5000000e+01  -5.3855319e+01  -3.8095750e+01   5.0137383e+02   3.1125353e-01   5.9805774e-01   0.0000000e+00
   2.0000000e+03   1.0000000e+00   7.0000000e+00   1.2000000e+01   5.6000000e+01   8.0000992e+00  -5.3859721e+01  -3.8094803e+01   4.9305554e+02   1.9733345e+01   3.7916614e+01   2.0538075e+01
   2.0000000e+03   1.0000000e+00   7.0000000e+00   1.2000000e+01   5.7000000e+01   5.9000099e+01  -5.3864209e+01  -3.8093795e+01   5.0308533e+02   1.1410122e+00   2.1923967e+00   0.0000000e+00
   2.0000000e+03   1.0000000e+00   7.0000000e+00   1.2000000e+01   5.9000000e+01   5.2000099e+01  -5.3868749e+01  -3.8092557e+01   5.1098803e+02   2.8866296e-01   5.5465111e-01   0.0000000e+00
   2.0000000e+03   1.0000000e+00   7.0000000e+00   1.3000000e+01   1.0000000e+00   4.9000000e+01  -5.3872937e+01  -3.8090590e+01   4.8290922e+02   2.1266521e+00   9.0157385e+00   4.9294854e+00
   2.0000000e+03   1.0000000e+00   7.0000000e+00   1.3000000e+01   3.0000000e+00   4.5000000e+01  -5.3877275e+01  -3.8088640e+01   4.9863023e+02   3.9381937e-02   7.5670378e-02   0.0000000e+00
   2.0000000e+03   1.0000000e+00   7.0000000e+00   1.3000000e+01   5.0000000e+00   4.0000000e+01  -5.3881671e+01  -3.8087120e+01   4.9855516e+02   9.5463305e+01   1.8888734e+02   1.0930876e+02
   2.0000000e+03   1.0000000e+00   7.0000000e+00   1.3000000e+01   7.0000000e+00   3.5000000e+01  -5.3886153e+01  -3.8085907e+01   5.0428492e+02   0.0000000e+00   0.0000000e+00   0.0000000e+00
   2.0000000e+03   1.0000000e+00   7.0000000e+00   1.3000000e+01   9.0000000e+00   3.0000000e+01  -5.3890537e+01  -3.8084540e+01   4.9532965e+02   0.0000000e+00   0.0000000e+00   0.0000000e+00
   2.0000000e+03   1.0000000e+00   7.0000000e+00   1.3000000e+01   1.1000000e+01   2.4000000e+01  -5.3894920e+01  -3.8082820e+01   4.9992713e+02   0.0000000e+00   1.1675120e+00   1.1675120e+00
   2.0000000e+03   1.0000000e+00   7.0000000e+00   1.3000000e+01   1.3000000e+01   1.9000000e+01  -5.3899320e+01  -3.8081323e+01   4.9863224e+02   1.3194800e+00   3.8188999e+00   0.0000000e+00
   2.0000000e+03   1.0000000e+00   7.0000000e+00   1.3000000e+01   1.5000000e+01   1.6000000e+01  -5.3903684e+01  -3.8080140e+01   4.9103412e+02   1.0908997e+00   4.4917754e+00   4.4917754e+00
   2.0000000e+03   1.0000000e+00   7.0000000e+00   1.3000000e+01   1.7000000e+01   1.1000000e+01  -5.3908142e+01  -3.8078745e+01   5.0380071e+02   4.0403885e-01   7.7633998e-01   0.0000000e+00
   2.0000000e+03   1.0000000e+00   7.0000000e+00   1.3000000e+01   1.8000000e+01   2.2000000e+01  -5.3910263e+01  -3.8076206e+01   2.8838515e+02   2.6164340e+00   6.0841710e+00   4.6262804e-01
