   2.0000000e+03   1.0000000e+00   6.0000000e+00   1.4000000e+01   1.8000000e+01   2.3000000e+01  -5.3230646e+01  -3.8442250e+01   4.9206173e+02   2.8881217e+00   5.5866884e+00   0.0000000e+00
   2.0000000e+03   1.0000000e+00   6.0000000e+00   1.4000000e+01   2.1000000e+01   2.5000000e+01  -5.3234662e+01  -3.8440400e+01   4.6298332e+02   5.3197667e-01   1.0221660e+00   0.0000000e+00
   2.0000000e+03   1.0000000e+00   6.0000000e+00   1.4000000e+01   2.4000000e+01   2.5000000e+01  -5.3239312e+01  -3.8439179e+01   5.2301520e+02   1.7871190e-01   3.4338578e-01   0.0000000e+00
   2.0000000e+03   1.0000000e+00   6.0000000e+00   1.4000000e+01   2.7000000e+01   3.6000000e+01  -5.3243592e+01  -3.8438038e+01   4.8155791e+02   8.5856962e+01   1.6496976e+02   0.0000000e+00
   2.0000000e+03   1.0000000e+00   6.0000000e+00   1.4000000e+01   3.0000000e+01   4.5000000e+01  -5.3248033e+01  -3.8437008e+01   4.9825691e+02   1.8873953e-01   3.6265335e-01   0.0000000e+00
   2.0000000e+03   1.0000000e+00   6.0000000e+00   1.4000000e+01   3.3000000e+01   3.4000099e+01  -5.3252337e+01  -3.8435738e+01   4.8564709e+02   1.5291986e-01   3.7893108e-01   0.0000000e+00
   2.0000000e+03   1.0000000e+00   6.0000000e+00   1.4000000e+01   3.6000000e+01   2.0000099e+01  -5.3256900e+01  -3.8435200e+01   5.0827124e+02   5.5917072e-01   1.0744179e+00   0.0000000e+00
   2.0000000e+03   1.0000000e+00   6.0000000e+00   1.4000000e+01   3.9000000e+01   1.2000000e+01  -5.3261481e+01  -3.8434921e+01   5.0946544e+02   9.7765916e-01   1.9188900e+00   0.0000000e+00
   2.0000000e+03   1.0000000e+00   6.0000000e+00   1.4000000e+01   4.2000000e+01   2.4000000e+01  -5.3265708e+01  -3.8433117e+01   4.8472742e+02   2.2156636e+00   2.7735287e+00   0.0000000e+00
   2.0000000e+03   1.0000000e+00   6.0000000e+00   1.4000000e+01   4.5000000e+01   3.8000000e+01  -5.3269804e+01  -3.8431388e+01   4.6939824e+02   2.8397637e-01   5.5640564e-01   0.0000000e+00
   2.0000000e+03   1.0000000e+00   6.0000000e+00   1.4000000e+01   4.8000000e+01   3.5000000e+01  -5.3274445e+01  -3.8430159e+01   5.2217916e+02   8.1467059e+00   1.5770465e+01   6.0685647e-02
   2.0000000e+03   1.0000000e+00   6.0000000e+00   1.4000000e+01   5.1000000e+01   3.2000000e+01  -5.3278569e+01  -3.8428588e+01   4.6997047e+02   8.0790807e-02   2.5136596e-01   0.0000000e+00
   2.0000000e+03   1.0000000e+00   6.0000000e+00   1.4000000e+01   5.4000000e+01   3.7000000e+01  -5.3282878e+01  -3.8427483e+01   4.8442373e+02   9.4708096e-02   2.2419143e-01   0.0000000e+00
   2.0000000e+03   1.0000000e+00   6.0000000e+00   1.4000000e+01   5.7000000e+01   3.9000000e+01  -5.3287595e+01  -3.8425996e+01   5.3332433e+02   8.3563256e-01   1.6056252e+00   0.0000000e+00
   2.0000000e+03   1.0000000e+00   6.0000000e+00   1.5000000e+01   0.0000000e+00   5.2000000e+01  -5.3291791e+01  -3.8424705e+01   4.7411149e+02   5.3958602e-01   1.0367869e+00   0.0000000e+00
   2.0000000e+03   1.0000000e+00   6.0000000e+00   1.5000000e+01   4.0000000e+00   1.5000000e+01  -5.3296091e+01  -3.8423046e+01   4.9035333e+02   2.9098896e-01   5.5912039e-01   0.0000000e+00
   2.0000000e+03   1.0000000e+00   6.0000000e+00   1.5000000e+01   7.0000000e+00   2.6000099e+01  -5.3300603e+01  -3.8421176e+01   5.1656265e+02   3.5011146e+00   3.2464232e-01   0.0000000e+00
   2.0000000e+03   1.0000000e+00   6.0000000e+00   1.5000000e+01   1.0000000e+01   5.8000000e+01  -5.3304852e+01  -3.8420100e+01   4.7749316e+02   1.0674467e-01   2.0510443e-01   0.0000000e+00
   2.0000000e+03   1.0000000e+00   6.0000000e+00   1.5000000e+01   1.4000000e+01   3.6000000e+01  -5.3309036e+01  -3.8418238e+01   4.8105971e+02   8.8374885e-02   2.6844485e-01   0.0000000e+00
   2.0000000e+03   1.0000000e+00   6.0000000e+00   1.5000000e+01   1.7000000e+01   5.4000000e+01  -5.3313674e+01  -3.8417438e+01   5.1813905e+02   3.3853157e+00   2.6534983e+00   0.0000000e+00
   2.0000000e+03   1.0000000e+00   6.0000000e+00   1.5000000e+01   2.1000000e+01   1.5000000e+01  -5.3317973e+01  -3.8415650e+01   4.9225274e+02   1.1177818e+00   2.1890418e+00   0.0000000e+00
   2.0000000e+03   1.0000000e+00   6.0000000e+00   1.5000000e+01   2.4000000e+01   3.7000000e+01  -5.3322311e+01  -3.8414230e+01   4.9111775e+02   6.9771240e-01   1.3406187e+00   0.0000000e+00
   2.0000000e+03   1.0000000e+00   6.0000000e+00   1.5000000e+01   2.7000000e+01   5.5000000e+01  -5.3326411e+01  -3.8412763e+01   4.6588316e+02   1.1243651e-01   2.1604100e-01   0.0000000e+00
   2.0000000e+03   1.0000000e+00   6.0000000e+00   1.5000000e+01   3.1000000e+01   6.0000000e+00  -5.3331286e+01  -3.8412338e+01   5.4243365e+02   4.1592802e-01   7.9918441e-01   0.0000000e+00
   2.0000000e+03   1.0000000e+00   6.0000000e+00   1.5000000e+01   3.4000000e+01   2.6000099e+01  -5.3335406e+01  -3.8410322e+01   4.7702712e+02   3.3851085e-02   7.5632569e-02   0.0000000e+00
   2.0000000e+03   1.0000000e+00   6.0000000e+00   1.5000000e+01   3.7000000e+01   4.5000000e+01  -5.3339526e+01  -3.8408261e+01   4.7776948e+02   4.3183034e-01   8.2973991e-01   0.0000000e+00
   2.0000000e+03   1.0000000e+00   6.0000000e+00   1.5000000e+01   4.1000000e+01   6.0000000e+00  -5.3344223e+01  -3.8406983e+01   5.2880213e+02   1.3856686e+00   2.7288802e+00   0.0000000e+00
   2.0000000e+03   1.0000000e+00   6.0000000e+00   1.5000000e+01   4.4000000e+01   2.7000099e+01  -5.3348346e+01  -3.8405847e+01   4.6422572e+02   4.0323055e-02   7.7478688e-02   0.0000000e+00
   2.0000000e+03   1.0000000e+00   6.0000000e+00   1.5000000e+01   4.7000000e+01   2.8000000e+01  -5.3352651e+01  -3.8404627e+01   4.8523613e+02   1.6540151e+00   3.1781053e+00   0.0000000e+00
   2.0000000e+03   1.0000000e+00   6.0000000e+00   1.5000000e+01   5.0000000e+01   3.2000000e+01  -5.3357073e+01  -3.8403089e+01   5.0183327e+02   3.2089135e-01   6.1657631e-01   0.0000000e+00
   2.0000000e+03   1.0000000e+00   6.0000000e+00   1.5000000e+01   5.4000000e+01   9.0000992e+00  -5.3361543e+01  -3.8401930e+01   5.0265932e+02   1.4610744e-02   2.8073798e-02   0.0000000e+00
   2.0000000e+03   1.0000000e+00   6.0000000e+00   1.5000000e+01   5.8000000e+01   4.0000000e+00  -5.3365723e+01  -3.8400238e+01   4.7781383e+02   4.5533829e+00   4.6569024e-01   0.0000000e+00
   2.0000000e+03   1.0000000e+00   6.0000000e+00   1.6000000e+01   1.0000000e+00   3.0000000e+01  -5.3369985e+01  -3.8399388e+01   4.7690776e+02   1.6134447e-01   4.0751889e-01   4.2845364e-02
   2.0000000e+03   1.0000000e+00   6.0000000e+00   1.6000000e+01   4.0000000e+00   4.7000000e+01  -5.3374489e+01  -3.8399250e+01   5.0059408e+02   3.3145722e-01   6.6895083e-01   0.0000000e+00
   2.0000000e+03   1.0000000e+00   6.0000000e+00   1.6000000e+01   8.0000000e+00   2.9000099e+01  -5.3379189e+01  -3.8399717e+01   5.2317937e+02   4.1080683e-01   8.5875372e-01   2.1368902e-01
   2.0000000e+03   1.0000000e+00   6.0000000e+00   1.6000000e+01   1.2000000e+01   1.1000099e+01  -5.3383156e+01  -3.8401470e+01   4.5587394e+02   2.9752267e-01   6.5413950e-01   0.0000000e+00
   2.0000000e+03   1.0000000e+00   6.0000000e+00   1.6000000e+01   1.5000000e+01   4.3000000e+01  -5.3387642e+01  -3.8403169e+01   5.1098607e+02   1.0880620e+00   1.9422217e+00   0.0000000e+00
   2.0000000e+03   1.0000000e+00   6.0000000e+00   1.6000000e+01   1.9000000e+01   4.0000000e+01  -5.3391501e+01  -3.8405545e+01   4.5682849e+02   3.3243565e-01   0.0000000e+00   0.0000000e+00
   2.0000000e+03   1.0000000e+00   6.0000000e+00   1.6000000e+01   2.3000000e+01   3.6000099e+01  -5.3395968e+01  -3.8406917e+01   5.0458395e+02   0.0000000e+00   0.0000000e+00   0.0000000e+00
   2.0000000e+03   1.0000000e+00   6.0000000e+00   1.6000000e+01   2.7000000e+01   7.0000000e+00  -5.3400172e+01  -3.8406195e+01   4.6964199e+02   2.3323290e+00   3.9979054e-02   0.0000000e+00
   2.0000000e+03   1.0000000e+00   6.0000000e+00   1.6000000e+01   3.0000000e+01   1.8000000e+01  -5.3404344e+01  -3.8404800e+01   4.7274015e+02   1.0513588e-01   2.1167504e-01   0.0000000e+00
   2.0000000e+03   1.0000000e+00   6.0000000e+00   1.6000000e+01   3.3000000e+01   1.2000000e+01  -5.3409051e+01  -3.8402466e+01   5.4537483e+02   8.4331536e-02   1.6203873e-01   0.0000000e+00
   2.0000000e+03   1.0000000e+00   6.0000000e+00   1.6000000e+01   3.6000000e+01   1.1000000e+01  -5.3412539e+01  -3.8398744e+01   4.5937695e+02   6.4319878e-02   1.2358736e-01   0.0000000e+00
   2.0000000e+03   1.0000000e+00   6.0000000e+00   1.6000000e+01   3.9000000e+01   8.0000992e+00  -5.3416422e+01  -3.8394672e+01   5.0883963e+02   2.1010872e+00   1.0100211e+00   0.0000000e+00
   2.0000000e+03   1.0000000e+00   6.0000000e+00   1.6000000e+01   4.1000000e+01   5.7000000e+01  -5.3420074e+01  -3.8390326e+01   4.9749328e+02   1.2153084e+02   2.2248045e+02   0.0000000e+00
   2.0000000e+03   1.0000000e+00   6.0000000e+00   1.6000000e+01   4.4000000e+01   4.0000000e+01  -5.3423916e+01  -3.8386750e+01   4.8821381e+02   1.7781533e+00   3.5115741e+00   0.0000000e+00
   2.0000000e+03   1.0000000e+00   6.0000000e+00   1.6000000e+01   4.7000000e+01   1.8000099e+01  -5.3427733e+01  -3.8383067e+01   4.8923055e+02   7.6383403e+00   9.7967913e-01   0.0000000e+00
   2.0000000e+03   1.0000000e+00   6.0000000e+00   1.6000000e+01   5.0000000e+01   0.0000000e+00  -5.3431856e+01  -3.8379628e+01   5.1157074e+02   6.3730746e-02   1.8552559e-01   0.0000000e+00
   2.0000000e+03   1.0000000e+00   6.0000000e+00   1.6000000e+01   5.3000000e+01   2.0000992e+00  -5.3436133e+01  -3.8378500e+01   4.8107096e+02   2.0698169e+00   4.0288634e+00   0.0000000e+00
   2.0000000e+03   1.0000000e+00   6.0000000e+00   1.6000000e+01   5.6000000e+01   3.3000000e+01  -5.3440238e+01  -3.8376798e+01   4.6992055e+02   3.1848386e+00   4.7164234e+00   0.0000000e+00
   2.0000000e+03   1.0000000e+00   6.0000000e+00   1.7000000e+01   0.0000000e+00   5.0000000e+00  -5.3444655e+01  -3.8374925e+01   5.0624987e+02   3.7726261e-01   7.4990371e-01   0.0000000e+00
   2.0000000e+03   1.0000000e+00   6.0000000e+00   1.7000000e+01   3.0000000e+00   1.8000000e+01  -5.3449027e+01  -3.8374067e+01   4.8912627e+02   3.9709463e-01   8.6555966e-01   0.0000000e+00
   2.0000000e+03   1.0000000e+00   6.0000000e+00   1.7000000e+01   6.0000000e+00   3.0000000e+01  -5.3453389e+01  -3.8373172e+01   4.8822421e+02   9.2386783e-01   1.7751648e+00   0.0000000e+00
   2.0000000e+03   1.0000000e+00   6.0000000e+00   1.7000000e+01   9.0000000e+00   5.4000000e+01  -5.3457589e+01  -3.8371650e+01   4.7745039e+02   8.3464241e-01   1.6037227e+00   2.1751522e-01
   2.0000000e+03   1.0000000e+00   6.0000000e+00   1.7000000e+01   1.3000000e+01   1.9000000e+01  -5.3462491e+01  -3.8370764e+01   5.4788605e+02   1.4771430e+00   5.8845460e-01   0.0000000e+00
   2.0000000e+03   1.0000000e+00   6.0000000e+00   1.7000000e+01   1.6000000e+01   4.6000099e+01  -5.3466099e+01  -3.8369305e+01   4.1238582e+02   4.9543403e-02   2.0050315e-01   0.0000000e+00
   2.0000000e+03   1.0000000e+00   6.0000000e+00   1.7000000e+01   1.9000000e+01   5.5000000e+01  -5.3470558e+01  -3.8367919e+01   5.0392325e+02   6.1582628e-01   1.1832787e+00   0.0000000e+00
   2.0000000e+03   1.0000000e+00   6.0000000e+00   1.7000000e+01   2.2000000e+01   4.3000000e+01  -5.3475209e+01  -3.8367583e+01   5.1728828e+02   1.7024506e-01   3.2711717e-01   0.0000000e+00
   2.0000000e+03   1.0000000e+00   6.0000000e+00   1.7000000e+01   2.5000000e+01   5.3000000e+01  -5.3479375e+01  -3.8366100e+01   4.7317478e+02   9.9358947e-01   1.9091313e+00   0.0000000e+00
   2.0000000e+03   1.0000000e+00   6.0000000e+00   1.7000000e+01   2.9000000e+01   2.1000000e+01  -5.3483736e+01  -3.8364800e+01   4.9214015e+02   1.6938095e-02   3.1040138e-01   0.0000000e+00
   2.0000000e+03   1.0000000e+00   6.0000000e+00   1.7000000e+01   3.2000000e+01   3.3000000e+01  -5.3488107e+01  -3.8363664e+01   4.9149031e+02   2.8055235e-01   5.3906698e-01   0.0000000e+00
   2.0000000e+03   1.0000000e+00   6.0000000e+00   1.7000000e+01   3.5000000e+01   2.7000000e+01  -5.3492538e+01  -3.8362062e+01   5.0367834e+02   6.6525552e-01   1.3142447e+00   0.0000000e+00
   2.0000000e+03   1.0000000e+00   6.0000000e+00   1.7000000e+01   3.8000000e+01   2.8000000e+01  -5.3496921e+01  -3.8360567e+01   4.9694929e+02   1.5306861e+00   3.0994213e+00   0.0000000e+00
   2.0000000e+03   1.0000000e+00   6.0000000e+00   1.7000000e+01   4.1000000e+01   2.7000000e+01  -5.3501076e+01  -3.8359431e+01   4.6772902e+02   9.3678090e-02   1.7999766e-01   0.0000000e+00
   2.0000000e+03   1.0000000e+00   6.0000000e+00   1.7000000e+01   4.4000000e+01   1.7000000e+01  -5.3505788e+01  -3.8358048e+01   5.3152444e+02   9.6364043e-01   1.9527632e+00   0.0000000e+00
   2.0000000e+03   1.0000000e+00   6.0000000e+00   1.7000000e+01   4.7000000e+01   7.0000000e+00  -5.3510076e+01  -3.8357036e+01   4.8115053e+02   1.0471645e+00   2.0120731e+00   0.0000000e+00
   2.0000000e+03   1.0000000e+00   6.0000000e+00   1.7000000e+01   5.0000000e+01   0.0000000e+00  -5.3514475e+01  -3.8356067e+01   4.9299409e+02   3.8883592e-01   8.0553241e-01   0.0000000e+00
   2.0000000e+03   1.0000000e+00   6.0000000e+00   1.7000000e+01   5.2000000e+01   5.8000099e+01  -5.3518697e+01  -3.8354463e+01   4.8104280e+02   5.8793776e-01   6.9869539e-01   0.0000000e+00
   2.0000000e+03   1.0000000e+00   6.0000000e+00   1.7000000e+01   5.6000000e+01   8.0000000e+00  -5.3523271e+01  -3.8352817e+01   5.1968942e+02   1.7696471e+00   1.0620163e+00   0.0000000e+00
   2.0000000e+03   1.0000000e+00   6.0000000e+00   1.7000000e+01   5.9000000e+01   1.3000000e+01  -5.3527357e+01  -3.8351832e+01   4.5869291e+02   6.7539545e-01   1.3429107e+00   0.0000000e+00
   2.0000000e+03   1.0000000e+00   6.0000000e+00   1.8000000e+01   2.0000000e+00   3.0000000e+00  -5.3532072e+01  -3.8350483e+01   5.3142137e+02   1.4790198e-01   3.0543016e-01   0.0000000e+00
   2.0000000e+03   1.0000000e+00   6.0000000e+00   1.8000000e+01   5.0000000e+00   6.0000000e+00  -5.3536497e+01  -3.8349357e+01   4.9733677e+02   7.4087713e-01   1.5086769e+00   0.0000000e+00
   2.0000000e+03   1.0000000e+00   6.0000000e+00   1.8000000e+01   8.0000000e+00   1.0000000e+01  -5.3540690e+01  -3.8347620e+01   4.7983400e+02   6.6597357e-02   1.2796342e-01   0.0000000e+00
   2.0000000e+03   1.0000000e+00   6.0000000e+00   1.8000000e+01   1.1000000e+01   1.2000000e+01  -5.3544687e+01  -3.8345750e+01   4.6095864e+02   2.3761594e-01   5.4995726e-02   0.0000000e+00
   2.0000000e+03   1.0000000e+00   6.0000000e+00   1.8000000e+01   1.4000000e+01   2.6000000e+01  -5.3549554e+01  -3.8344540e+01   5.4671399e+02   5.0465116e-01   1.0057667e+00   0.0000000e+00
   2.0000000e+03   1.0000000e+00   6.0000000e+00   1.8000000e+01   1.7000000e+01   3.1000000e+01  -5.3553289e+01  -3.8342715e+01   4.3217748e+02   2.7222138e-01   5.2305945e-01   0.0000000e+00
   2.0000000e+03   1.0000000e+00   6.0000000e+00   1.8000000e+01   2.0000000e+01   2.7000000e+01  -5.3557886e+01  -3.8341015e+01   5.2304571e+02   7.3331545e-01   6.5135142e-01   0.0000000e+00
   2.0000000e+03   1.0000000e+00   6.0000000e+00   1.8000000e+01   2.3000000e+01   1.8000000e+01  -5.3561990e+01  -3.8339740e+01   4.6370185e+02   6.1156207e-01   1.3175122e+00   0.0000000e+00
   2.0000000e+03   1.0000000e+00   6.0000000e+00   1.8000000e+01   2.6000000e+01   3.2000000e+01  -5.3566730e+01  -3.8337830e+01   5.4153319e+02   2.9586384e-01   5.6848723e-01   0.0000000e+00
   2.0000000e+03   1.0000000e+00   6.0000000e+00   1.8000000e+01   2.9000000e+01   4.9000099e+01  -5.3570787e+01  -3.8336582e+01   4.5836276e+02   2.5175104e-01   6.3551827e-01   0.0000000e+00
   2.0000000e+03   1.0000000e+00   6.0000000e+00   1.8000000e+01   3.2000000e+01   3.8000000e+01  -5.3574913e+01  -3.8334647e+01   4.7587534e+02   1.6833246e-01   3.9252405e-01   0.0000000e+00
   2.0000000e+03   1.0000000e+00   6.0000000e+00   1.8000000e+01   3.5000000e+01   2.9000000e+01  -5.3579287e+01  -3.8333533e+01   4.9161435e+02   6.9081652e-01   3.6482639e-01   0.0000000e+00
   2.0000000e+03   1.0000000e+00   6.0000000e+00   1.8000000e+01   3.8000000e+01   1.6000000e+01  -5.3583807e+01  -3.8331323e+01   5.2294879e+02   8.1604057e-01   1.5927311e+00   0.0000000e+00
   2.0000000e+03   1.0000000e+00   6.0000000e+00   1.8000000e+01   4.1000000e+01   3.0000000e+00  -5.3587973e+01  -3.8329532e+01   4.7782244e+02   6.9878719e-02   2.5502561e-01   0.0000000e+00
   2.0000000e+03   1.0000000e+00   6.0000000e+00   1.8000000e+01   4.3000000e+01   5.3000000e+01  -5.3592356e+01  -3.8328115e+01   4.9590747e+02   7.1297012e-02   1.3699356e-01   0.0000000e+00
   2.0000000e+03   1.0000000e+00   6.0000000e+00   1.8000000e+01   4.6000000e+01   5.1000000e+01  -5.3596656e+01  -3.8326829e+01   4.8529263e+02   7.3022255e-01   1.8177175e+00   0.0000000e+00
   2.0000000e+03   1.0000000e+00   6.0000000e+00   1.8000000e+01   5.0000000e+01   2.0000000e+00  -5.3601045e+01  -3.8325074e+01   5.0125780e+02   7.4566839e-02   1.4327637e-01   0.0000000e+00
   2.0000000e+03   1.0000000e+00   6.0000000e+00   1.8000000e+01   5.3000000e+01   5.0000992e+00  -5.3605170e+01  -3.8322864e+01   4.8093725e+02   0.0000000e+00   1.7632335e-02   0.0000000e+00
   2.0000000e+03   1.0000000e+00   6.0000000e+00   1.8000000e+01   5.5000000e+01   5.3000000e+01  -5.3609439e+01  -3.8321483e+01   4.8299561e+02   9.4170701e-02   2.1336080e-01   0.0000000e+00
   2.0000000e+03   1.0000000e+00   6.0000000e+00   1.8000000e+01   5.8000000e+01   3.4000000e+01  -5.3613923e+01  -3.8319764e+01   5.1096856e+02   7.8993675e-01   1.5178231e+00   0.0000000e+00
   2.0000000e+03   1.0000000e+00   6.0000000e+00   1.9000000e+01   1.0000000e+00   2.9000000e+01  -5.3618386e+01  -3.8318483e+01   5.0312280e+02   6.0879012e-01   1.1896006e+00   0.0000000e+00
   2.0000000e+03   1.0000000e+00   6.0000000e+00   1.9000000e+01   4.0000000e+00   3.2000000e+01  -5.3622619e+01  -3.8317240e+01   4.7743779e+02   9.8382596e-01   1.8903713e+00   0.0000000e+00
   2.0000000e+03   1.0000000e+00   6.0000000e+00   1.9000000e+01   7.0000000e+00   2.1000000e+01  -5.3627086e+01  -3.8315949e+01   5.0361686e+02   9.2034288e-01   1.7158386e-01   0.0000000e+00
   2.0000000e+03   1.0000000e+00   6.0000000e+00   1.9000000e+01   1.0000000e+01   9.0000000e+00  -5.3631621e+01  -3.8315014e+01   5.0763146e+02   2.0140154e-01   3.8698276e-01   0.0000000e+00
   2.0000000e+03   1.0000000e+00   6.0000000e+00   1.9000000e+01   1.2000000e+01   5.8000099e+01  -5.3635686e+01  -3.8313391e+01   4.6419024e+02   3.1163046e-01   7.8505723e-01   0.0000000e+00
   2.0000000e+03   1.0000000e+00   6.0000000e+00   1.9000000e+01   1.5000000e+01   4.2000000e+01  -5.3640379e+01  -3.8311924e+01   5.3040392e+02   3.2533197e-01   7.7907559e-01   0.0000000e+00
   2.0000000e+03   1.0000000e+00   6.0000000e+00   1.9000000e+01   1.8000000e+01   2.6000000e+01  -5.3644701e+01  -3.8310677e+01   4.8724811e+02   5.5074425e-02   1.2252349e-01   0.0000000e+00
   2.0000000e+03   1.0000000e+00   6.0000000e+00   1.9000000e+01   2.1000000e+01   1.3000000e+01  -5.3649036e+01  -3.8309767e+01   4.8538063e+02   9.6587618e-02   1.8558817e-01   0.0000000e+00
   2.0000000e+03   1.0000000e+00   6.0000000e+00   1.9000000e+01   2.4000000e+01   2.0000000e+00  -5.3653405e+01  -3.8308097e+01   4.9783635e+02   2.2211768e-01   4.2678776e-01   0.0000000e+00
   2.0000000e+03   1.0000000e+00   6.0000000e+00   1.9000000e+01   2.6000000e+01   5.1000000e+01  -5.3657454e+01  -3.8306299e+01   4.6518837e+02   3.6076827e-01   6.9319778e-01   0.0000000e+00
   2.0000000e+03   1.0000000e+00   6.0000000e+00   1.9000000e+01   2.9000000e+01   3.3000000e+01  -5.3662120e+01  -3.8304883e+01   5.2680744e+02   2.1879830e+00   4.2040975e+00   0.0000000e+00
   2.0000000e+03   1.0000000e+00   6.0000000e+00   1.9000000e+01   3.2000000e+01   1.1000000e+01  -5.3666670e+01  -3.8303800e+01   5.1059531e+02   1.9486028e+00   3.7642898e+00   0.0000000e+00
   2.0000000e+03   1.0000000e+00   6.0000000e+00   1.9000000e+01   3.4000000e+01   5.1000099e+01  -5.3670903e+01  -3.8302565e+01   4.7742361e+02   1.0392732e+00   2.0929034e+00   0.0000000e+00
   2.0000000e+03   1.0000000e+00   6.0000000e+00   1.9000000e+01   3.7000000e+01   2.3000000e+01  -5.3675219e+01  -3.8301032e+01   4.9009181e+02   3.0940607e-01   1.0012876e+00   7.4445824e-02
   2.0000000e+03   1.0000000e+00   6.0000000e+00   1.9000000e+01   3.9000000e+01   4.8000000e+01  -5.3679771e+01  -3.8299591e+01   5.1459478e+02   2.8597243e-02   7.2399903e-02   0.0000000e+00
   2.0000000e+03   1.0000000e+00   6.0000000e+00   1.9000000e+01   4.2000000e+01   1.3000000e+01  -5.3684078e+01  -3.8298452e+01   4.8438144e+02   6.6671317e-02   1.2810553e-01   0.0000000e+00
   2.0000000e+03   1.0000000e+00   6.0000000e+00   1.9000000e+01   4.4000000e+01   4.2000099e+01  -5.3688446e+01  -3.8297030e+01   4.9440243e+02   6.9100851e+00   1.3563398e+01   0.0000000e+00
   2.0000000e+03   1.0000000e+00   6.0000000e+00   1.9000000e+01   4.7000000e+01   1.2000000e+01  -5.3692966e+01  -3.8295389e+01   5.1370858e+02   4.6194894e+01   8.8916072e+01   9.5767347e+00
   2.0000000e+03   1.0000000e+00   6.0000000e+00   1.9000000e+01   4.9000000e+01   4.1000000e+01  -5.3697219e+01  -3.8293749e+01   4.8477062e+02   8.0530066e-01   1.5473440e+00   0.0000000e+00
   2.0000000e+03   1.0000000e+00   6.0000000e+00   1.9000000e+01   5.2000000e+01   3.0000000e+00  -5.3701585e+01  -3.8292417e+01   4.9300822e+02   7.7841466e-01   1.4956840e+00   0.0000000e+00
   2.0000000e+03   1.0000000e+00   6.0000000e+00   1.9000000e+01   5.4000000e+01   1.9000000e+01  -5.3706121e+01  -3.8291265e+01   5.0961290e+02   9.0306569e-01   1.7351945e+00   0.0000000e+00
   2.0000000e+03   1.0000000e+00   6.0000000e+00   1.9000000e+01   5.6000000e+01   5.2000000e+01  -5.3710444e+01  -3.8289824e+01   4.8965789e+02   2.7695360e-01   5.3215218e-01   0.0000000e+00
   2.0000000e+03   1.0000000e+00   6.0000000e+00   1.9000000e+01   5.9000000e+01   2.6000000e+01  -5.3714769e+01  -3.8288258e+01   4.9157659e+02   3.9520085e-01   7.5935822e-01   0.0000000e+00
   2.0000000e+03   1.0000000e+00   6.0000000e+00   2.0000000e+01   1.0000000e+00   4.1000000e+01  -5.3719104e+01  -3.8286732e+01   4.9194291e+02   1.0904858e+00   2.1760283e+00   0.0000000e+00
   2.0000000e+03   1.0000000e+00   6.0000000e+00   2.0000000e+01   3.0000000e+00   5.8999901e+01  -5.3723750e+01  -3.8286100e+01   5.1796190e+02   1.8950645e+00   3.7383421e+00   1.3818911e-01
   2.0000000e+03   1.0000000e+00   6.0000000e+00   2.0000000e+01   6.0000000e+00   2.6000099e+01  -5.3728120e+01  -3.8284383e+01   4.9855739e+02   1.2668846e+00   2.4847081e+00   0.0000000e+00
   2.0000000e+03   1.0000000e+00   6.0000000e+00   2.0000000e+01   9.0000000e+00   3.0000992e+00  -5.3728247e+01  -3.8287134e+01   1.8139707e+02   5.2604074e-01   1.0669829e+00   1.2481778e-01
   2.0000000e+03   1.0000000e+00   6.0000000e+00   2.0000000e+01   1.1000000e+01   4.3000000e+01  -5.3723733e+01  -3.8285931e+01   5.0783370e+02   1.1243181e+01   2.1632214e+01   1.5779859e-01
   2.0000000e+03   1.0000000e+00   6.0000000e+00   2.0000000e+01   1.4000000e+01   1.5000000e+01  -5.3726831e+01  -3.8282867e+01   3.9889563e+02   1.1226877e+00   2.1571871e+00   0.0000000e+00
   2.0000000e+03   1.0000000e+00   6.0000000e+00   2.0000000e+01   1.6000000e+01   4.1000000e+01  -5.3731341e+01  -3.8282050e+01   5.0402199e+02   9.3239184e-01   1.9799990e+00   0.0000000e+00
   2.0000000e+03   1.0000000e+00   6.0000000e+00   2.0000000e+01   1.9000000e+01   0.0000000e+00  -5.3735729e+01  -3.8281108e+01   4.9144192e+02   1.4110476e+00   2.7317805e+00   0.0000000e+00
   2.0000000e+03   1.0000000e+00   6.0000000e+00   2.0000000e+01   2.1000000e+01   9.0000000e+00  -5.3740241e+01  -3.8280080e+01   5.0593791e+02   6.8757926e-01   1.3211484e+00   0.0000000e+00
   2.0000000e+03   1.0000000e+00   6.0000000e+00   2.0000000e+01   2.3000000e+01   2.3000099e+01  -5.3744686e+01  -3.8278966e+01   4.9929146e+02   8.6709984e+00   1.7797233e+01   3.5546499e+00
   2.0000000e+03   1.0000000e+00   6.0000000e+00   2.0000000e+01   2.5000000e+01   4.1000000e+01  -5.3749086e+01  -3.8278016e+01   4.9294273e+02   1.0951929e+00   5.9471595e+00   0.0000000e+00
   2.0000000e+03   1.0000000e+00   6.0000000e+00   2.0000000e+01   2.7000000e+01   5.3000000e+01  -5.3753536e+01  -3.8277466e+01   4.9580383e+02   5.2164856e+00   1.0043232e+01   3.3652332e+00
   2.0000000e+03   1.0000000e+00   6.0000000e+00   2.0000000e+01   3.0000000e+01   4.0000000e+00  -5.3758019e+01  -3.8276349e+01   5.0355400e+02   1.9957150e+00   4.0700289e+00   1.4776553e+00
   2.0000000e+03   1.0000000e+00   6.0000000e+00   2.0000000e+01   3.2000000e+01   1.3000000e+01  -5.3762402e+01  -3.8275483e+01   4.9034099e+02   1.1065188e+00   2.1261192e+00   0.0000000e+00
   2.0000000e+03   1.0000000e+00   6.0000000e+00   2.0000000e+01   3.4000000e+01   2.3000000e+01  -5.3766902e+01  -3.8274916e+01   5.0140586e+02   8.5523593e+00   1.6432921e+01   0.0000000e+00
   2.0000000e+03   1.0000000e+00   6.0000000e+00   2.0000000e+01   3.6000000e+01   3.6000000e+01  -5.3771236e+01  -3.8273249e+01   4.9383136e+02   2.9827782e+00   5.7975248e+00   5.3220009e-02
   2.0000000e+03   1.0000000e+00   6.0000000e+00   2.0000000e+01   3.8000000e+01   4.9000000e+01  -5.3775552e+01  -3.8271450e+01   4.9397301e+02   1.6191682e+00   3.1204216e+00   0.0000000e+00
   2.0000000e+03   1.0000000e+00   6.0000000e+00   2.0000000e+01   4.1000000e+01   0.0000000e+00  -5.3780016e+01  -3.8270775e+01   4.9798065e+02   1.3955558e+00   2.6814890e+00   0.0000000e+00
   2.0000000e+03   1.0000000e+00   6.0000000e+00   2.0000000e+01   4.3000000e+01   9.0000000e+00  -5.3784364e+01  -3.8269501e+01   4.9041209e+02   1.4064083e+00   2.7023416e+00   0.0000000e+00
   2.0000000e+03   1.0000000e+00   6.0000000e+00   2.0000000e+01   4.5000000e+01   1.7000000e+01  -5.3788846e+01  -3.8268236e+01   5.0489238e+02   1.5397279e+00   2.9585083e+00   0.0000000e+00
   2.0000000e+03   1.0000000e+00   6.0000000e+00   2.0000000e+01   4.7000000e+01   2.4000099e+01  -5.3793216e+01  -3.8266775e+01   4.9496579e+02   1.6963749e+00   3.5071557e+00   0.0000000e+00
   2.0000000e+03   1.0000000e+00   6.0000000e+00   2.0000000e+01   4.9000000e+01   3.3000000e+01  -5.3797545e+01  -3.8265218e+01   4.9183354e+02   2.7948570e+00   5.0333136e+00   0.0000000e+00
   2.0000000e+03   1.0000000e+00   6.0000000e+00   2.0000000e+01   5.1000000e+01   3.9000000e+01  -5.3801998e+01  -3.8263967e+01   5.0149757e+02   5.7821564e-01   1.2006809e+00   0.0000000e+00
   2.0000000e+03   1.0000000e+00   6.0000000e+00   2.0000000e+01   5.3000000e+01   3.9000000e+01  -5.3806518e+01  -3.8263150e+01   5.0517364e+02   2.4470223e+02   4.7043385e+02   7.0757028e+01
   2.0000000e+03   1.0000000e+00   6.0000000e+00   2.0000000e+01   5.5000000e+01   4.0000000e+01  -5.3810699e+01  -3.8262117e+01   4.6943283e+02   8.3276544e-01   1.6001162e+00   0.0000000e+00
   2.0000000e+03   1.0000000e+00   6.0000000e+00   2.0000000e+01   5.7000000e+01   4.0000000e+01  -5.3815629e+01  -3.8261033e+01   5.5246983e+02   6.9827609e-01   1.4787136e+00   0.0000000e+00
   2.0000000e+03   1.0000000e+00   6.0000000e+00   2.0000000e+01   5.9000000e+01   5.1000000e+01  -5.3819730e+01  -3.8259533e+01   4.6625486e+02   7.9375398e-02   4.1118114e-01   0.0000000e+00
   2.0000000e+03   1.0000000e+00   6.0000000e+00   2.1000000e+01   2.0000000e+00   7.0000000e+00  -5.3823902e+01  -3.8258166e+01   4.7213566e+02   2.6759670e-01   6.1616628e-01   0.0000000e+00
   2.0000000e+03   1.0000000e+00   6.0000000e+00   2.1000000e+01   4.0000000e+00   1.4000099e+01  -5.3828464e+01  -3.8256492e+01   5.1863275e+02   1.9762808e-02   2.4653000e-01   0.0000000e+00
   2.0000000e+03   1.0000000e+00   6.0000000e+00   2.1000000e+01   6.0000000e+00   2.3000000e+01  -5.3832779e+01  -3.8255234e+01   4.8661514e+02   0.0000000e+00   0.0000000e+00   0.0000000e+00
   2.0000000e+03   1.0000000e+00   6.0000000e+00   2.1000000e+01   8.0000000e+00   2.6000000e+01  -5.3837257e+01  -3.8253575e+01   5.0935013e+02   2.0771779e-02   1.2491523e-01   0.0000000e+00
   2.0000000e+03   1.0000000e+00   6.0000000e+00   2.1000000e+01   1.0000000e+01   2.7000000e+01  -5.3841730e+01  -3.8252052e+01   5.0689629e+02   5.0767977e-02   1.1824945e-01   0.0000000e+00
   2.0000000e+03   1.0000000e+00   6.0000000e+00   2.1000000e+01   1.2000000e+01   3.0000000e+01  -5.3845956e+01  -3.8250501e+01   4.8047038e+02   6.6612620e+01   1.6756220e+02   0.0000000e+00
   2.0000000e+03   1.0000000e+00   6.0000000e+00   2.1000000e+01   1.4000000e+01   2.8000000e+01  -5.3850488e+01  -3.8248676e+01   5.1769624e+02   1.0255544e+02   2.2030566e+02   8.1261217e+01
   2.0000000e+03   1.0000000e+00   6.0000000e+00   2.1000000e+01   1.6000000e+01   3.6000000e+01  -5.3854831e+01  -3.8246877e+01   4.9675306e+02   2.9337602e-01   5.6370701e-01   0.0000000e+00
   2.0000000e+03   1.0000000e+00   6.0000000e+00   2.1000000e+01   1.8000000e+01   4.9000000e+01  -5.3858981e+01  -3.8245117e+01   4.7534856e+02   2.7442439e-01   5.2729243e-01   0.0000000e+00
   2.0000000e+03   1.0000000e+00   6.0000000e+00   2.1000000e+01   2.0000000e+01   4.7000000e+01  -5.3863464e+01  -3.8243668e+01   5.0715442e+02   6.1474352e-01   1.1811982e+00   0.0000000e+00
   2.0000000e+03   1.0000000e+00   6.0000000e+00   2.1000000e+01   2.2000000e+01   3.2000000e+01  -5.3867831e+01  -3.8241434e+01   5.0682256e+02   1.2769915e-01   4.3597077e-01   0.0000000e+00
   2.0000000e+03   1.0000000e+00   6.0000000e+00   2.1000000e+01   2.4000000e+01   2.4000000e+01  -5.3872264e+01  -3.8239327e+01   5.1157820e+02   1.2191758e-01   2.7049697e-01   0.0000000e+00
   2.0000000e+03   1.0000000e+00   6.0000000e+00   2.1000000e+01   2.6000000e+01   3.1000000e+01  -5.3876380e+01  -3.8237568e+01   4.7171495e+02   7.3558377e-02   1.7914076e-01   0.0000000e+00
   2.0000000e+03   1.0000000e+00   6.0000000e+00   2.1000000e+01   2.8000000e+01   3.5000000e+01  -5.3880615e+01  -3.8235234e+01   4.9471099e+02   0.0000000e+00   5.4588954e-02   0.0000000e+00
   2.0000000e+03   1.0000000e+00   6.0000000e+00   2.1000000e+01   3.0000000e+01   3.5000000e+01  -5.3884994e+01  -3.8232868e+01   5.1068703e+02   2.7166058e-02   7.4819024e-02   0.0000000e+00
   2.0000000e+03   1.0000000e+00   6.0000000e+00   2.1000000e+01   3.2000000e+01   3.9000000e+01  -5.3889147e+01  -3.8230751e+01   4.8190978e+02   1.7524276e-01   6.5256065e-01   0.0000000e+00
   2.0000000e+03   1.0000000e+00   6.0000000e+00   2.1000000e+01   3.4000000e+01   3.9000000e+01  -5.3893560e+01  -3.8228403e+01   5.1391563e+02   7.9175096e-01   1.5213090e+00   0.0000000e+00
   2.0000000e+03   1.0000000e+00   6.0000000e+00   2.1000000e+01   3.6000000e+01   4.0000000e+01  -5.3897880e+01  -3.8226826e+01   4.9095449e+02   8.8144847e-01   1.6936581e+00   0.0000000e+00
   2.0000000e+03   1.0000000e+00   6.0000000e+00   2.1000000e+01   3.8000000e+01   4.1000000e+01  -5.3902260e+01  -3.8225020e+01   5.0095208e+02   1.0396290e+00   2.2565109e+00   0.0000000e+00
   2.0000000e+03   1.0000000e+00   6.0000000e+00   2.1000000e+01   4.0000000e+01   3.4000000e+01  -5.3906671e+01  -3.8223226e+01   5.0396881e+02   1.6382320e+00   3.1477790e+00   0.0000000e+00
   2.0000000e+03   1.0000000e+00   6.0000000e+00   2.1000000e+01   4.2000000e+01   3.0000000e+01  -5.3911137e+01  -3.8221818e+01   5.0477042e+02   1.4197677e+00   2.7280110e+00   0.0000000e+00
   2.0000000e+03   1.0000000e+00   6.0000000e+00   2.1000000e+01   4.4000000e+01   3.6000000e+01  -5.3915298e+01  -3.8219884e+01   4.7933461e+02   1.2816635e+00   2.8742928e+00   0.0000000e+00
   2.0000000e+03   1.0000000e+00   6.0000000e+00   2.1000000e+01   4.6000000e+01   4.0000000e+01  -5.3919780e+01  -3.8218309e+01   5.0863442e+02   4.1970708e-01   8.0644569e-01   0.0000000e+00
   2.0000000e+03   1.0000000e+00   6.0000000e+00   2.1000000e+01   4.8000000e+01   3.6000000e+01  -5.3924193e+01  -3.8217342e+01   4.9440372e+02   3.0550267e-01   6.5965439e-01   0.0000000e+00
