  2.0000000e+003  1.0000000e+000  7.0000000e+000  1.4000000e+001  1.0000000e+000  1.9010000e+001 -5.3889236e+001 -3.7906748e+001  4.9996671e+002  7.5927966e-002  1.1447934e-001  0.0000000e+000
  2.0000000e+003  1.0000000e+000  7.0000000e+000  1.4000000e+001  3.0000000e+000  2.6010000e+001 -5.3885132e+001 -3.7907780e+001  4.7167866e+002  1.5343029e-001  1.3418923e-002  0.0000000e+000
  2.0000000e+003  1.0000000e+000  7.0000000e+000  1.4000000e+001  5.0000000e+000  2.7020000e+001 -5.3880794e+001 -3.7910009e+001  5.1054277e+002  0.0000000e+000  0.0000000e+000  0.0000000e+000
  2.0000000e+003  1.0000000e+000  7.0000000e+000  1.4000000e+001  7.0000000e+000  2.2020000e+001 -5.3876352e+001 -3.7911359e+001  5.0385278e+002  1.4833861e-001  2.3506028e-002  0.0000000e+000
  2.0000000e+003  1.0000000e+000  7.0000000e+000  1.4000000e+001  9.0000000e+000  2.2020000e+001 -5.3872078e+001 -3.7913189e+001  4.9196309e+002  1.1193728e-001  0.0000000e+000  0.0000000e+000
  2.0000000e+003  1.0000000e+000  7.0000000e+000  1.4000000e+001  1.1000000e+001  1.9020000e+001 -5.3867723e+001 -3.7914233e+001  4.9133198e+002  5.9438547e-002  0.0000000e+000  0.0000000e+000
  2.0000000e+003  1.0000000e+000  7.0000000e+000  1.4000000e+001  1.3000000e+001  1.4020000e+001 -5.3863082e+001 -3.7914992e+001  5.1921056e+002  1.3259574e-001  4.6775948e+000  1.1300394e+001
  2.0000000e+003  1.0000000e+000  7.0000000e+000  1.4000000e+001  1.5000000e+001  1.1030000e+001 -5.3858844e+001 -3.7916459e+001  4.8225570e+002  1.6942845e-001  0.0000000e+000  0.0000000e+000
  2.0000000e+003  1.0000000e+000  7.0000000e+000  1.4000000e+001  1.7000000e+001  3.0300000e+000 -5.3854342e+001 -3.7917717e+001  5.0872828e+002  9.0027794e+000  5.2794620e-002  0.0000000e+000
  2.0000000e+003  1.0000000e+000  7.0000000e+000  1.4000000e+001  1.8000000e+001  5.4030000e+001 -5.3849977e+001 -3.7918393e+001  4.8905699e+002  2.5378713e-001  5.0114609e-002  0.0000000e+000
  2.0000000e+003  1.0000000e+000  7.0000000e+000  1.4000000e+001  2.0000000e+001  4.6040000e+001 -5.3845384e+001 -3.7919393e+001  5.1608692e+002  1.8709189e-001  0.0000000e+000  0.0000000e+000
  2.0000000e+003  1.0000000e+000  7.0000000e+000  1.4000000e+001  2.2000000e+001  4.4040000e+001 -5.3840981e+001 -3.7920993e+001  5.0151403e+002  2.8357570e-001  2.2391230e-001  0.0000000e+000
  2.0000000e+003  1.0000000e+000  7.0000000e+000  1.4000000e+001  2.4000000e+001  4.3040000e+001 -5.3836792e+001 -3.7923010e+001  4.8517443e+002  2.1361522e-001  8.1550012e-002  0.0000000e+000
  2.0000000e+003  1.0000000e+000  7.0000000e+000  1.4000000e+001  2.6000000e+001  3.7050000e+001 -5.3832208e+001 -3.7924638e+001  5.2184948e+002  2.5194219e+000  1.5495423e+000  1.0533636e+000
  2.0000000e+003  1.0000000e+000  7.0000000e+000  1.4000000e+001  2.8000000e+001  3.4050000e+001 -5.3827796e+001 -3.7926427e+001  5.0586128e+002  1.1195765e+000  2.8551440e-001  1.4834994e-001
  2.0000000e+003  1.0000000e+000  7.0000000e+000  1.4000000e+001  3.0000000e+001  3.2050000e+001 -5.3823766e+001 -3.7928060e+001  4.6260773e+002  9.0993241e+000  8.9025641e+000  0.0000000e+000
  2.0000000e+003  1.0000000e+000  7.0000000e+000  1.4000000e+001  3.2000000e+001  1.9050000e+001 -5.3819026e+001 -3.7929376e+001  5.3483473e+002  2.1385009e+000  2.1983258e-001  0.0000000e+000
  2.0000000e+003  1.0000000e+000  7.0000000e+000  1.4000000e+001  3.4000000e+001  2.1050000e+001 -5.3814719e+001 -3.7931009e+001  4.9208383e+002  1.3952248e+000  5.5390081e-001  2.3872767e-002
  2.0000000e+003  1.0000000e+000  7.0000000e+000  1.4000000e+001  3.6000000e+001  3.1050000e+001 -5.3810513e+001 -3.7933393e+001  4.9489279e+002  7.3072534e-001  2.3180704e-001  5.2828556e-002
  2.0000000e+003  1.0000000e+000  7.0000000e+000  1.4000000e+001  3.8000000e+001  3.2050000e+001 -5.3806214e+001 -3.7935113e+001  4.9283329e+002  1.4643076e-001  8.1583708e-003  0.0000000e+000
  2.0000000e+003  1.0000000e+000  7.0000000e+000  1.4000000e+001  4.0000000e+001  2.7620000e+001 -5.3801920e+001 -3.7936643e+001  4.8861431e+002  1.1208333e-001  1.2666299e-002  0.0000000e+000
  2.0000000e+003  1.0000000e+000  7.0000000e+000  1.4000000e+001  4.2000000e+001  2.4050000e+001 -5.3797384e+001 -3.7937943e+001  5.1212790e+002  1.2663837e+000  6.1277950e-002  2.6946048e-002
  2.0000000e+003  1.0000000e+000  7.0000000e+000  1.4000000e+001  4.4000000e+001  2.1050000e+001 -5.3792814e+001 -3.7939105e+001  5.1457364e+002  5.6337946e-001  4.7646206e-001  1.0446636e+000
  2.0000000e+003  1.0000000e+000  7.0000000e+000  1.4000000e+001  4.6000000e+001  2.2040000e+001 -5.3788632e+001 -3.7940909e+001  4.8153173e+002  1.4764431e-002  2.4505304e-002  0.0000000e+000
  2.0000000e+003  1.0000000e+000  7.0000000e+000  1.4000000e+001  4.8000000e+001  2.0040000e+001 -5.3784164e+001 -3.7942763e+001  5.1285502e+002  9.2139697e-002  7.5481980e-002  1.2527116e-001
  2.0000000e+003  1.0000000e+000  7.0000000e+000  1.4000000e+001  5.0000000e+001  1.8570000e+001 -5.3779846e+001 -3.7943884e+001  4.8685828e+002  2.9958658e-001  1.8620669e-001  1.2180675e-002
  2.0000000e+003  1.0000000e+000  7.0000000e+000  1.4000000e+001  5.2000000e+001  1.9040000e+001 -5.3775392e+001 -3.7945105e+001  5.0277636e+002  5.4003470e-001  2.5518462e-001  9.0335687e-002
  2.0000000e+003  1.0000000e+000  7.0000000e+000  1.4000000e+001  5.4000000e+001  1.7060000e+001 -5.3770915e+001 -3.7946776e+001  5.1062326e+002  5.8630929e-001  3.2423439e-001  0.0000000e+000
  2.0000000e+003  1.0000000e+000  7.0000000e+000  1.4000000e+001  5.6000000e+001  1.8060000e+001 -5.3766548e+001 -3.7948259e+001  4.9646766e+002  1.3582825e+000  3.7075300e-001  0.0000000e+000
  2.0000000e+003  1.0000000e+000  7.0000000e+000  1.4000000e+001  5.8000000e+001  2.1060000e+001 -5.3762297e+001 -3.7950288e+001  4.9229615e+002  6.8254866e-001  5.6444092e-001  9.5829067e-002
  2.0000000e+003  1.0000000e+000  7.0000000e+000  1.5000000e+001  0.0000000e+000  2.0060000e+001 -5.3757884e+001 -3.7952047e+001  5.0564935e+002  2.5768218e+002  2.8059920e+002  3.0578783e+001
  2.0000000e+003  1.0000000e+000  7.0000000e+000  1.5000000e+001  2.0000000e+000  1.9060000e+001 -5.3753397e+001 -3.7953222e+001  5.0622127e+002  7.5326689e-001  5.4497701e-001  1.3895441e-001
  2.0000000e+003  1.0000000e+000  7.0000000e+000  1.5000000e+001  4.0000000e+000  2.6070000e+001 -5.3749077e+001 -3.7955026e+001  4.9703103e+002  1.5851548e+000  1.8939362e-001  0.0000000e+000
  2.0000000e+003  1.0000000e+000  7.0000000e+000  1.5000000e+001  6.0000000e+000  3.0060000e+001 -5.3744798e+001 -3.7956393e+001  4.8630880e+002  2.7149705e+000  1.1160122e+000  1.4244956e+000
  2.0000000e+003  1.0000000e+000  7.0000000e+000  1.5000000e+001  8.0000000e+000  2.5060000e+001 -5.3740164e+001 -3.7957300e+001  5.1981285e+002  1.4061154e-001  3.6254274e-002  0.0000000e+000
  2.0000000e+003  1.0000000e+000  7.0000000e+000  1.5000000e+001  1.0000000e+001  2.2060000e+001 -5.3735915e+001 -3.7958792e+001  4.8423521e+002  4.3511866e-001  1.7379554e-001  0.0000000e+000
  2.0000000e+003  1.0000000e+000  7.0000000e+000  1.5000000e+001  1.2000000e+001  1.9060000e+001 -5.3731547e+001 -3.7960610e+001  5.0148046e+002  3.2020943e-001  9.0457773e-002  0.0000000e+000
  2.0000000e+003  1.0000000e+000  7.0000000e+000  1.5000000e+001  1.4000000e+001  1.6070000e+001 -5.3727163e+001 -3.7962560e+001  5.0523923e+002  5.4015582e-002  9.0849854e-002  1.8757803e-001
  2.0000000e+003  1.0000000e+000  7.0000000e+000  1.5000000e+001  1.6000000e+001  1.7070000e+001 -5.3722781e+001 -3.7964038e+001  4.9891182e+002  7.0127247e-001  1.4905046e-001  0.0000000e+000
  2.0000000e+003  1.0000000e+000  7.0000000e+000  1.5000000e+001  1.8000000e+001  1.8080000e+001 -5.3718380e+001 -3.7964693e+001  4.9249031e+002  1.3803796e+000  2.1190711e-001  0.0000000e+000
  2.0000000e+003  1.0000000e+000  7.0000000e+000  1.5000000e+001  2.0000000e+001  1.7080000e+001 -5.3713858e+001 -3.7965860e+001  5.0968993e+002  2.0597833e+000  9.7197708e-001  5.1995162e-001
  2.0000000e+003  1.0000000e+000  7.0000000e+000  1.5000000e+001  2.2000000e+001  1.5080000e+001 -5.3709492e+001 -3.7967293e+001  4.9572258e+002  1.6868850e+000  6.2231508e-001  3.7617298e-001
  2.0000000e+003  1.0000000e+000  7.0000000e+000  1.5000000e+001  2.4000000e+001  1.5080000e+001 -5.3705081e+001 -3.7968643e+001  4.9966116e+002  2.9106872e+000  6.3021763e-001  0.0000000e+000
  2.0000000e+003  1.0000000e+000  7.0000000e+000  1.5000000e+001  2.6000000e+001  1.9080000e+001 -5.3700626e+001 -3.7969955e+001  5.0552380e+002  1.1706444e+000  1.8083845e-001  0.0000000e+000
  2.0000000e+003  1.0000000e+000  7.0000000e+000  1.5000000e+001  2.8000000e+001  2.5090000e+001 -5.3696243e+001 -3.7970926e+001  4.9994725e+002  1.3621610e+000  1.5293097e-001  0.0000000e+000
  2.0000000e+003  1.0000000e+000  7.0000000e+000  1.5000000e+001  3.0000000e+001  2.6090000e+001 -5.3691863e+001 -3.7971947e+001  4.9448448e+002  8.8849160e+000  5.1565917e-001  0.0000000e+000
  2.0000000e+003  1.0000000e+000  7.0000000e+000  1.5000000e+001  3.2000000e+001  2.0090000e+001 -5.3687517e+001 -3.7974210e+001  5.0895312e+002  1.2050060e+001  2.9369434e-001  0.0000000e+000
  2.0000000e+003  1.0000000e+000  7.0000000e+000  1.5000000e+001  3.4000000e+001  1.6110000e+001 -5.3683247e+001 -3.7975613e+001  4.8659929e+002  7.9229904e-001  0.0000000e+000  0.0000000e+000
  2.0000000e+003  1.0000000e+000  7.0000000e+000  1.5000000e+001  3.6000000e+001  1.4110000e+001 -5.3678731e+001 -3.7976513e+001  5.0815774e+002  1.1371036e+000  3.3089182e-002  0.0000000e+000
  2.0000000e+003  1.0000000e+000  7.0000000e+000  1.5000000e+001  3.8000000e+001  1.2120000e+001 -5.3674300e+001 -3.7978097e+001  5.0480647e+002  5.1173737e-001  4.4183650e-002  0.0000000e+000
  2.0000000e+003  1.0000000e+000  7.0000000e+000  1.5000000e+001  4.0000000e+001  1.5120000e+001 -5.3669881e+001 -3.7979350e+001  4.9924334e+002  1.2923421e+000  5.5487623e-001  0.0000000e+000
  2.0000000e+003  1.0000000e+000  7.0000000e+000  1.5000000e+001  4.2000000e+001  1.9120000e+001 -5.3665564e+001 -3.7980726e+001  4.8962930e+002  2.4433142e+000  3.9918209e-001  0.0000000e+000
  2.0000000e+003  1.0000000e+000  7.0000000e+000  1.5000000e+001  4.4000000e+001  2.1120000e+001 -5.3661158e+001 -3.7982293e+001  5.0241871e+002  2.4010056e+000  1.2057325e-001  0.0000000e+000
  2.0000000e+003  1.0000000e+000  7.0000000e+000  1.5000000e+001  4.6000000e+001  2.3120000e+001 -5.3656731e+001 -3.7983855e+001  5.0453282e+002  1.0938425e+000  6.1296550e-002  0.0000000e+000
  2.0000000e+003  1.0000000e+000  7.0000000e+000  1.5000000e+001  4.8000000e+001  2.5120000e+001 -5.3652363e+001 -3.7985310e+001  4.9644770e+002  7.8934490e-001  0.0000000e+000  0.0000000e+000
  2.0000000e+003  1.0000000e+000  7.0000000e+000  1.5000000e+001  5.0000000e+001  2.7110000e+001 -5.3647958e+001 -3.7986672e+001  4.9932377e+002  1.5875755e+000  1.6378998e-001  0.0000000e+000
  2.0000000e+003  1.0000000e+000  7.0000000e+000  1.5000000e+001  5.2000000e+001  2.9110000e+001 -5.3643498e+001 -3.7988038e+001  5.0546691e+002  2.3181942e+002  1.7241442e+002  7.2830789e+001
  2.0000000e+003  1.0000000e+000  7.0000000e+000  1.5000000e+001  5.4000000e+001  3.6110000e+001 -5.3639064e+001 -3.7989343e+001  5.0177408e+002  3.9474090e+000  5.2723724e-002  0.0000000e+000
  2.0000000e+003  1.0000000e+000  7.0000000e+000  1.5000000e+001  5.6000000e+001  4.3110000e+001 -5.3634814e+001 -3.7991065e+001  4.8719465e+002  6.9061503e+000  4.4647475e+000  0.0000000e+000
  2.0000000e+003  1.0000000e+000  7.0000000e+000  1.5000000e+001  5.8000000e+001  4.2110000e+001 -5.3630384e+001 -3.7992876e+001  5.0803193e+002  7.5245537e-001  1.7992611e-001  0.0000000e+000
  2.0000000e+003  1.0000000e+000  7.0000000e+000  1.6000000e+001  0.0000000e+000  4.4110000e+001 -5.3625930e+001 -3.7994147e+001  5.0315828e+002  1.0310997e-001  0.0000000e+000  0.0000000e+000
  2.0000000e+003  1.0000000e+000  7.0000000e+000  1.6000000e+001  2.0000000e+000  4.6110000e+001 -5.3621651e+001 -3.7995426e+001  4.8491705e+002  8.0356210e-002  0.0000000e+000  0.0000000e+000
  2.0000000e+003  1.0000000e+000  7.0000000e+000  1.6000000e+001  4.0000000e+000  4.3120000e+001 -5.3617109e+001 -3.7997310e+001  5.2111785e+002  2.2560769e+000  8.9505132e-002  0.0000000e+000
  2.0000000e+003  1.0000000e+000  7.0000000e+000  1.6000000e+001  6.0000000e+000  5.0130000e+001 -5.3612810e+001 -3.7998977e+001  4.9211850e+002  3.2422139e+000  1.5852593e+000  2.5273507e+000
  2.0000000e+003  1.0000000e+000  7.0000000e+000  1.6000000e+001  8.0000000e+000  5.9140000e+001 -5.3608513e+001 -3.8000544e+001  4.9034882e+002  3.4193698e+000  0.0000000e+000  0.0000000e+000
  2.0000000e+003  1.0000000e+000  7.0000000e+000  1.6000000e+001  1.0000000e+001  5.5130000e+001 -5.3603993e+001 -3.8002238e+001  5.1595922e+002  2.5091573e+000  0.0000000e+000  0.0000000e+000
  2.0000000e+003  1.0000000e+000  7.0000000e+000  1.6000000e+001  1.2000000e+001  4.7240000e+001 -5.3599676e+001 -3.8003729e+001  4.9096838e+002  5.3789428e+000  5.9479955e-002  0.0000000e+000
  2.0000000e+003  1.0000000e+000  7.0000000e+000  1.6000000e+001  1.4000000e+001  5.5930000e+001 -5.3595258e+001 -3.8005412e+001  5.0516860e+002  6.3029452e+000  6.6723599e-001  0.0000000e+000
  2.0000000e+003  1.0000000e+000  7.0000000e+000  1.6000000e+001  1.6000000e+001  5.9140000e+001 -5.3590948e+001 -3.8007221e+001  4.9494364e+002  4.6759815e+000  1.5444243e+000  0.0000000e+000
  2.0000000e+003  1.0000000e+000  7.0000000e+000  1.6000000e+001  1.9000000e+001  4.1400000e+000 -5.3586581e+001 -3.8008796e+001  4.9788586e+002  4.0576898e+000  6.3937852e-001  4.3655257e-001
  2.0000000e+003  1.0000000e+000  7.0000000e+000  1.6000000e+001  2.1000000e+001  6.1500000e+000 -5.3582164e+001 -3.8010160e+001  5.0116271e+002  6.9592465e-001  6.1047014e-001  2.1943728e-001
  2.0000000e+003  1.0000000e+000  7.0000000e+000  1.6000000e+001  2.3000000e+001  6.1500000e+000 -5.3577783e+001 -3.8011894e+001  5.0156433e+002  2.2261284e-001  6.1092625e-002  0.0000000e+000
  2.0000000e+003  1.0000000e+000  7.0000000e+000  1.6000000e+001  2.5000000e+001  8.1600000e+000 -5.3573262e+001 -3.8013197e+001  5.1141582e+002  5.3453828e-001  7.2676487e-002  0.0000000e+000
  2.0000000e+003  1.0000000e+000  7.0000000e+000  1.6000000e+001  2.7000000e+001  1.3160000e+001 -5.3569007e+001 -3.8014272e+001  4.8022528e+002  2.2777067e-001  1.3936702e-001  0.0000000e+000
  2.0000000e+003  1.0000000e+000  7.0000000e+000  1.6000000e+001  2.9000000e+001  1.6170000e+001 -5.3564517e+001 -3.8015926e+001  5.1230263e+002  5.8329934e-001  2.2916355e-002  0.0000000e+000
  2.0000000e+003  1.0000000e+000  7.0000000e+000  1.6000000e+001  3.1000000e+001  1.5170000e+001 -5.3560147e+001 -3.8017393e+001  4.9644816e+002  1.6153140e-001  6.3535149e-002  1.5364482e-001
  2.0000000e+003  1.0000000e+000  7.0000000e+000  1.6000000e+001  3.3000000e+001  1.5160000e+001 -5.3555629e+001 -3.8018722e+001  5.1139759e+002  2.1936591e-001  0.0000000e+000  0.0000000e+000
  2.0000000e+003  1.0000000e+000  7.0000000e+000  1.6000000e+001  3.5000000e+001  2.0160000e+001 -5.3551396e+001 -3.8020327e+001  4.8362926e+002  1.5496139e-001  0.0000000e+000  0.0000000e+000
  2.0000000e+003  1.0000000e+000  7.0000000e+000  1.6000000e+001  3.7000000e+001  2.1170000e+001 -5.3547024e+001 -3.8022060e+001  5.0098455e+002  1.5619580e-001  0.0000000e+000  0.0000000e+000
  2.0000000e+003  1.0000000e+000  7.0000000e+000  1.6000000e+001  3.9000000e+001  1.8180000e+001 -5.3542496e+001 -3.8023344e+001  5.1170162e+002  7.3897437e-001  0.0000000e+000  0.0000000e+000
  2.0000000e+003  1.0000000e+000  7.0000000e+000  1.6000000e+001  4.1000000e+001  2.0180000e+001 -5.3538145e+001 -3.8024697e+001  4.9319049e+002  4.0199780e+001  2.5390323e+001  6.0330976e+001
  2.0000000e+003  1.0000000e+000  7.0000000e+000  1.6000000e+001  4.3000000e+001  2.5180000e+001 -5.3533712e+001 -3.8026339e+001  5.0622408e+002  4.0497386e-001  0.0000000e+000  0.0000000e+000
  2.0000000e+003  1.0000000e+000  7.0000000e+000  1.6000000e+001  4.5000000e+001  3.7180000e+001 -5.3529362e+001 -3.8028072e+001  4.9942519e+002  8.2561697e-001  0.0000000e+000  0.0000000e+000
  2.0000000e+003  1.0000000e+000  7.0000000e+000  1.6000000e+001  4.7000000e+001  4.7180000e+001 -5.3525130e+001 -3.8029810e+001  4.8598812e+002  4.8304462e-001  2.3781927e-002  5.7510999e-002
  2.0000000e+003  1.0000000e+000  7.0000000e+000  1.6000000e+001  4.9000000e+001  4.7180000e+001 -5.3520590e+001 -3.8031272e+001  5.1496927e+002  6.8712312e-001  0.0000000e+000  0.0000000e+000
  2.0000000e+003  1.0000000e+000  7.0000000e+000  1.6000000e+001  5.1000000e+001  5.3190000e+001 -5.3516263e+001 -3.8033027e+001  4.9625829e+002  1.7614059e+000  0.0000000e+000  0.0000000e+000
  2.0000000e+003  1.0000000e+000  7.0000000e+000  1.6000000e+001  5.4000000e+001  5.1900000e+000 -5.3512058e+001 -3.8035132e+001  4.8981272e+002  1.5618555e+000  0.0000000e+000  0.0000000e+000
  2.0000000e+003  1.0000000e+000  7.0000000e+000  1.6000000e+001  5.6000000e+001  1.1190000e+001 -5.3507630e+001 -3.8036505e+001  5.0251059e+002  4.7375625e+000  0.0000000e+000  0.0000000e+000
  2.0000000e+003  1.0000000e+000  7.0000000e+000  1.6000000e+001  5.8000000e+001  9.1900000e+000 -5.3503212e+001 -3.8037672e+001  4.9796343e+002  9.1934824e+000  0.0000000e+000  0.0000000e+000
  2.0000000e+003  1.0000000e+000  7.0000000e+000  1.7000000e+001  0.0000000e+000  7.2000000e+000 -5.3498629e+001 -3.8038655e+001  5.1484910e+002  1.3439914e+000  0.0000000e+000  0.0000000e+000
  2.0000000e+003  1.0000000e+000  7.0000000e+000  1.7000000e+001  2.0000000e+000  1.4200000e+001 -5.3494262e+001 -3.8039977e+001  4.9519078e+002  0.0000000e+000  0.0000000e+000  0.0000000e+000
  2.0000000e+003  1.0000000e+000  7.0000000e+000  1.7000000e+001  4.0000000e+000  2.3200000e+001 -5.3489846e+001 -3.8041072e+001  4.9769223e+002  1.6422295e-001  0.0000000e+000  0.0000000e+000
  2.0000000e+003  1.0000000e+000  7.0000000e+000  1.7000000e+001  6.0000000e+000  3.0200000e+001 -5.3485530e+001 -3.8042727e+001  4.9404631e+002  6.6945018e-001  0.0000000e+000  0.0000000e+000
  2.0000000e+003  1.0000000e+000  7.0000000e+000  1.7000000e+001  8.0000000e+000  4.0200000e+001 -5.3481097e+001 -3.8044560e+001  5.0894115e+002  0.0000000e+000  0.0000000e+000  0.0000000e+000
  2.0000000e+003  1.0000000e+000  7.0000000e+000  1.7000000e+001  1.0000000e+001  5.0200000e+001 -5.3476829e+001 -3.8046110e+001  4.8693441e+002  3.9896312e-001  0.0000000e+000  0.0000000e+000
  2.0000000e+003  1.0000000e+000  7.0000000e+000  1.7000000e+001  1.2000000e+001  5.5200000e+001 -5.3472390e+001 -3.8047694e+001  5.0559766e+002  8.1761950e-001  0.0000000e+000  0.0000000e+000
  2.0000000e+003  1.0000000e+000  7.0000000e+000  1.7000000e+001  1.4000000e+001  5.3830000e+001 -5.3468208e+001 -3.8049388e+001  4.7962992e+002  1.5666585e-001  0.0000000e+000  0.0000000e+000
  2.0000000e+003  1.0000000e+000  7.0000000e+000  1.7000000e+001  1.7000000e+001  7.4000000e+000 -5.3463657e+001 -3.8050973e+001  5.1885439e+002  8.6059560e-001  0.0000000e+000  0.0000000e+000
  2.0000000e+003  1.0000000e+000  7.0000000e+000  1.7000000e+001  1.9000000e+001  1.3400000e+001 -5.3459256e+001 -3.8052014e+001  4.9576302e+002  8.8332086e-001  0.0000000e+000  0.0000000e+000
  2.0000000e+003  1.0000000e+000  7.0000000e+000  1.7000000e+001  2.1000000e+001  1.2400000e+001 -5.3454622e+001 -3.8053249e+001  5.2270071e+002  4.9880038e-001  0.0000000e+000  0.0000000e+000
  2.0000000e+003  1.0000000e+000  7.0000000e+000  1.7000000e+001  2.3000000e+001  2.3400000e+001 -5.3450340e+001 -3.8054233e+001  4.8206650e+002  0.0000000e+000  0.0000000e+000  0.0000000e+000
  2.0000000e+003  1.0000000e+000  7.0000000e+000  1.7000000e+001  2.5000000e+001  3.3700000e+001 -5.3446021e+001 -3.8055709e+001  4.9146491e+002  1.0974796e+000  0.0000000e+000  0.0000000e+000
  2.0000000e+003  1.0000000e+000  7.0000000e+000  1.7000000e+001  2.7000000e+001  3.3400000e+001 -5.3441400e+001 -3.8057030e+001  5.2314715e+002  4.8365462e-001  0.0000000e+000  0.0000000e+000
  2.0000000e+003  1.0000000e+000  7.0000000e+000  1.7000000e+001  2.9000000e+001  3.8400000e+001 -5.3437139e+001 -3.8058632e+001  4.8771314e+002  1.7215320e+000  4.2095562e-001  1.0179822e+000
  2.0000000e+003  1.0000000e+000  7.0000000e+000  1.7000000e+001  3.1000000e+001  5.2400000e+001 -5.3432739e+001 -3.8060249e+001  5.0305807e+002  2.0086705e+000  0.0000000e+000  0.0000000e+000
  2.0000000e+003  1.0000000e+000  7.0000000e+000  1.7000000e+001  3.4000000e+001  6.4000000e+000 -5.3428426e+001 -3.8061682e+001  4.9076255e+002  2.9175610e+000  4.0462675e-001  9.7849467e-001
  2.0000000e+003  1.0000000e+000  7.0000000e+000  1.7000000e+001  3.6000000e+001  1.0390000e+001 -5.3424007e+001 -3.8062880e+001  4.9900345e+002  2.5270608e+000  1.8278174e-001  0.0000000e+000
  2.0000000e+003  1.0000000e+000  7.0000000e+000  1.7000000e+001  3.8000000e+001  1.0390000e+001 -5.3419475e+001 -3.8064396e+001  5.1500494e+002  7.1838381e+001  5.2397531e+001  6.1347824e+001
  2.0000000e+003  1.0000000e+000  7.0000000e+000  1.7000000e+001  4.0000000e+001  1.4390000e+001 -5.3415141e+001 -3.8065767e+001  4.9286147e+002  4.1688135e-001  4.2991635e-002  0.0000000e+000
  2.0000000e+003  1.0000000e+000  7.0000000e+000  1.7000000e+001  4.2000000e+001  2.1390000e+001 -5.3410674e+001 -3.8066857e+001  5.0378634e+002  1.0017223e+000  5.0103934e-001  0.0000000e+000
  2.0000000e+003  1.0000000e+000  7.0000000e+000  1.7000000e+001  4.4000000e+001  2.8390000e+001 -5.3406290e+001 -3.8068280e+001  4.9863051e+002  1.3033635e+000  1.5069628e-001  0.0000000e+000
  2.0000000e+003  1.0000000e+000  7.0000000e+000  1.7000000e+001  4.6000000e+001  3.6390000e+001 -5.3402038e+001 -3.8070197e+001  4.9512387e+002  0.0000000e+000  0.0000000e+000  0.0000000e+000
  2.0000000e+003  1.0000000e+000  7.0000000e+000  1.7000000e+001  4.8000000e+001  3.6390000e+001 -5.3397627e+001 -3.8071517e+001  5.0723210e+002  1.2049114e-001  0.0000000e+000  0.0000000e+000
  2.0000000e+003  1.0000000e+000  7.0000000e+000  1.7000000e+001  5.0000000e+001  3.5390000e+001 -5.3393257e+001 -3.8072673e+001  4.9442355e+002  2.9743412e-001  0.0000000e+000  0.0000000e+000
  2.0000000e+003  1.0000000e+000  7.0000000e+000  1.7000000e+001  5.2000000e+001  3.8390000e+001 -5.3388792e+001 -3.8073665e+001  5.0170661e+002  4.1844400e-001  0.0000000e+000  0.0000000e+000
  2.0000000e+003  1.0000000e+000  7.0000000e+000  1.7000000e+001  5.4000000e+001  3.8390000e+001 -5.3384344e+001 -3.8075029e+001  5.0381591e+002  2.1327629e-001  7.6826568e-002  0.0000000e+000
  2.0000000e+003  1.0000000e+000  7.0000000e+000  1.7000000e+001  5.6000000e+001  4.6380000e+001 -5.3380011e+001 -3.8076712e+001  4.9592044e+002  1.1837040e+000  0.0000000e+000  0.0000000e+000
  2.0000000e+003  1.0000000e+000  7.0000000e+000  1.7000000e+001  5.8000000e+001  5.5380000e+001 -5.3375657e+001 -3.8078157e+001  4.9496656e+002  2.5893784e-001  0.0000000e+000  0.0000000e+000
  2.0000000e+003  1.0000000e+000  7.0000000e+000  1.8000000e+001  0.0000000e+000  5.8380000e+001 -5.3371111e+001 -3.8079179e+001  5.1150888e+002  1.6290322e-001  1.4190686e-002  0.0000000e+000
  2.0000000e+003  1.0000000e+000  7.0000000e+000  1.8000000e+001  3.0000000e+000  1.3800000e+000 -5.3366781e+001 -3.8080646e+001  4.9292411e+002  1.4960861e+000  1.5908432e-001  0.0000000e+000
  2.0000000e+003  1.0000000e+000  7.0000000e+000  1.8000000e+001  5.0000000e+000  6.3800000e+000 -5.3362328e+001 -3.8081883e+001  5.0357542e+002  1.4855040e+000  0.0000000e+000  0.0000000e+000
  2.0000000e+003  1.0000000e+000  7.0000000e+000  1.8000000e+001  7.0000000e+000  1.3380000e+001 -5.3357942e+001 -3.8083056e+001  4.9514235e+002  1.5337444e+000  0.0000000e+000  0.0000000e+000
  2.0000000e+003  1.0000000e+000  7.0000000e+000  1.8000000e+001  9.0000000e+000  2.2380000e+001 -5.3353575e+001 -3.8084217e+001  4.9331898e+002  2.2613625e+000  0.0000000e+000  0.0000000e+000
  2.0000000e+003  1.0000000e+000  7.0000000e+000  1.8000000e+001  1.1000000e+001  2.4380000e+001 -5.3349060e+001 -3.8085196e+001  5.0789211e+002  8.3077124e-001  0.0000000e+000  0.0000000e+000
  2.0000000e+003  1.0000000e+000  7.0000000e+000  1.8000000e+001  1.3000000e+001  2.1380000e+001 -5.3344669e+001 -3.8086729e+001  5.0067504e+002  7.0812204e-001  1.7921864e-002  4.3339813e-002
  2.0000000e+003  1.0000000e+000  7.0000000e+000  1.8000000e+001  1.5000000e+001  2.3380000e+001 -5.3340225e+001 -3.8088156e+001  5.0407087e+002  1.0250644e+000  4.5414535e-001  0.0000000e+000
  2.0000000e+003  1.0000000e+000  7.0000000e+000  1.8000000e+001  1.7000000e+001  2.8380000e+001 -5.3335809e+001 -3.8089131e+001  4.9608841e+002  3.8726038e-001  0.0000000e+000  0.0000000e+000
  2.0000000e+003  1.0000000e+000  7.0000000e+000  1.8000000e+001  1.9000000e+001  3.4370000e+001 -5.3331375e+001 -3.8090096e+001  4.9885823e+002  5.8830569e-001  0.0000000e+000  0.0000000e+000
  2.0000000e+003  1.0000000e+000  7.0000000e+000  1.8000000e+001  2.1000000e+001  3.8370000e+001 -5.3327010e+001 -3.8091417e+001  4.9519774e+002  3.9632450e-001  1.9702688e-001  0.0000000e+000
  2.0000000e+003  1.0000000e+000  7.0000000e+000  1.8000000e+001  2.3000000e+001  4.1370000e+001 -5.3322420e+001 -3.8092039e+001  5.1370453e+002  1.6707342e+000  0.0000000e+000  0.0000000e+000
  2.0000000e+003  1.0000000e+000  7.0000000e+000  1.8000000e+001  2.5000000e+001  5.2370000e+001 -5.3318060e+001 -3.8092681e+001  4.9077967e+002  8.6020206e-001  0.0000000e+000  0.0000000e+000
  2.0000000e+003  1.0000000e+000  7.0000000e+000  1.8000000e+001  2.8000000e+001  3.3700000e+000 -5.3313636e+001 -3.8093656e+001  4.9766657e+002  9.2983956e-002  0.0000000e+000  0.0000000e+000
  2.0000000e+003  1.0000000e+000  7.0000000e+000  1.8000000e+001  3.0000000e+001  2.3700000e+000 -5.3309243e+001 -3.8095112e+001  4.9938214e+002  1.6403146e+000  1.7109922e-001  0.0000000e+000
  2.0000000e+003  1.0000000e+000  7.0000000e+000  1.8000000e+001  3.2000000e+001  2.3700000e+000 -5.3304676e+001 -3.8096581e+001  5.1809205e+002  4.6031461e-001  0.0000000e+000  0.0000000e+000
  2.0000000e+003  1.0000000e+000  7.0000000e+000  1.8000000e+001  3.4000000e+001  1.2370000e+001 -5.3300526e+001 -3.8097779e+001  4.7064744e+002  8.9284214e-001  1.0489417e-001  0.0000000e+000
  2.0000000e+003  1.0000000e+000  7.0000000e+000  1.8000000e+001  3.6000000e+001  1.6370000e+001 -5.3295996e+001 -3.8099497e+001  5.1798993e+002  4.0318696e-001  0.0000000e+000  0.0000000e+000
  2.0000000e+003  1.0000000e+000  7.0000000e+000  1.8000000e+001  3.8000000e+001  1.6370000e+001 -5.3291577e+001 -3.8101145e+001  5.0442535e+002  4.9780922e-001  0.0000000e+000  0.0000000e+000
  2.0000000e+003  1.0000000e+000  7.0000000e+000  1.8000000e+001  4.0000000e+001  2.2360000e+001 -5.3287194e+001 -3.8102395e+001  4.9567375e+002  8.3653636e-001  0.0000000e+000  0.0000000e+000
  2.0000000e+003  1.0000000e+000  7.0000000e+000  1.8000000e+001  4.2000000e+001  3.2360000e+001 -5.3282760e+001 -3.8103831e+001  5.0334496e+002  8.9071835e-001  0.0000000e+000  0.0000000e+000
  2.0000000e+003  1.0000000e+000  7.0000000e+000  1.8000000e+001  4.4000000e+001  4.5360000e+001 -5.3278510e+001 -3.8105456e+001  4.8655424e+002  1.9592752e-001  0.0000000e+000  0.0000000e+000
  2.0000000e+003  1.0000000e+000  7.0000000e+000  1.8000000e+001  4.6000000e+001  5.7360000e+001 -5.3274143e+001 -3.8107701e+001  5.1057103e+002  7.7791883e-001  1.5036094e-001  0.0000000e+000
  2.0000000e+003  1.0000000e+000  7.0000000e+000  1.8000000e+001  4.9000000e+001  6.3600000e+000 -5.3269826e+001 -3.8109362e+001  4.9535852e+002  3.4844009e-001  0.0000000e+000  0.0000000e+000
  2.0000000e+003  1.0000000e+000  7.0000000e+000  1.8000000e+001  5.1000000e+001  1.3360000e+001 -5.3265420e+001 -3.8111029e+001  5.0488880e+002  4.7619624e-001  2.5010131e-001  3.3806743e-001
  2.0000000e+003  1.0000000e+000  7.0000000e+000  1.8000000e+001  5.3000000e+001  1.9360000e+001 -5.3261087e+001 -3.8112545e+001  4.9391422e+002  4.8278101e-001  1.0250758e-001  0.0000000e+000
  2.0000000e+003  1.0000000e+000  7.0000000e+000  1.8000000e+001  5.5000000e+001  2.6360000e+001 -5.3256677e+001 -3.8114431e+001  5.1133068e+002  9.5416615e-001  1.2111279e-001  2.9288280e-001
  2.0000000e+003  1.0000000e+000  7.0000000e+000  1.8000000e+001  5.7000000e+001  4.2360000e+001 -5.3252441e+001 -3.8116075e+001  4.8871829e+002  1.1321078e+000  0.0000000e+000  0.0000000e+000
  2.0000000e+003  1.0000000e+000  7.0000000e+000  1.8000000e+001  5.9000000e+001  5.6360000e+001 -5.3248179e+001 -3.8118164e+001  5.0039552e+002  4.0792524e+000  1.5976408e+000  0.0000000e+000
  2.0000000e+003  1.0000000e+000  7.0000000e+000  1.9000000e+001  2.0000000e+000  2.3500000e+000 -5.3243763e+001 -3.8119764e+001  5.0546444e+002  2.6107907e+000  0.0000000e+000  0.0000000e+000
  2.0000000e+003  1.0000000e+000  7.0000000e+000  1.9000000e+001  4.0000000e+000  1.0350000e+001 -5.3239393e+001 -3.8121264e+001  4.9803454e+002  3.7229103e-001  0.0000000e+000  0.0000000e+000
  2.0000000e+003  1.0000000e+000  7.0000000e+000  1.9000000e+001  6.0000000e+000  2.3350000e+001 -5.3234978e+001 -3.8123106e+001  5.0883424e+002  2.7141630e-001  6.8381246e-002  0.0000000e+000
  2.0000000e+003  1.0000000e+000  7.0000000e+000  1.9000000e+001  8.0000000e+000  3.6350000e+001 -5.3230813e+001 -3.8125181e+001  4.8588792e+002  1.0484208e-001  0.0000000e+000  0.0000000e+000
  2.0000000e+003  1.0000000e+000  7.0000000e+000  1.9000000e+001  1.0000000e+001  4.9400000e+001 -5.3226415e+001 -3.8126979e+001  5.0554714e+002  0.0000000e+000  0.0000000e+000  0.0000000e+000
  2.0000000e+003  1.0000000e+000  7.0000000e+000  1.9000000e+001  1.2000000e+001  5.8020000e+001 -5.3222072e+001 -3.8128456e+001  4.9686596e+002  2.0292326e+000  2.3407893e-001  0.0000000e+000
  2.0000000e+003  1.0000000e+000  7.0000000e+000  1.9000000e+001  1.5000000e+001  9.3500000e+000 -5.3217778e+001 -3.8130389e+001  5.0121488e+002  8.2171272e-001  0.0000000e+000  0.0000000e+000
  2.0000000e+003  1.0000000e+000  7.0000000e+000  1.9000000e+001  1.7000000e+001  2.9410000e+001 -5.3213142e+001 -3.8132496e+001  5.3825959e+002  1.7232170e-001  0.0000000e+000  0.0000000e+000
  2.0000000e+003  1.0000000e+000  7.0000000e+000  1.9000000e+001  1.9000000e+001  2.5350000e+001 -5.3209028e+001 -3.8133928e+001  4.7053614e+002  1.0727935e-001  0.0000000e+000  0.0000000e+000
  2.0000000e+003  1.0000000e+000  7.0000000e+000  1.9000000e+001  2.1000000e+001  3.7350000e+001 -5.3204762e+001 -3.8135805e+001  4.9477238e+002  1.7383159e-001  0.0000000e+000  0.0000000e+000
  2.0000000e+003  1.0000000e+000  7.0000000e+000  1.9000000e+001  2.3000000e+001  5.2340000e+001 -5.3200444e+001 -3.8137531e+001  4.9834201e+002  2.2776549e+000  0.0000000e+000  0.0000000e+000
  2.0000000e+003  1.0000000e+000  7.0000000e+000  1.9000000e+001  2.6000000e+001  4.3400000e+000 -5.3196132e+001 -3.8139080e+001  4.9428014e+002  9.0274068e-001  0.0000000e+000  0.0000000e+000
  2.0000000e+003  1.0000000e+000  7.0000000e+000  1.9000000e+001  2.8000000e+001  1.3340000e+001 -5.3191844e+001 -3.8141222e+001  5.0371499e+002  6.9277409e+001  1.5428669e+002  0.0000000e+000
  2.0000000e+003  1.0000000e+000  7.0000000e+000  1.9000000e+001  3.0000000e+001  2.2340000e+001 -5.3187343e+001 -3.8142210e+001  5.1550827e+002  2.1862240e+000  4.4733157e-002  0.0000000e+000
