   2.0000000e+03   1.0000000e+00   4.0000000e+00   7.0000000e+00   5.8000000e+01   1.2000000e+01  -5.3997495e+01  -3.8917354e+01   3.4358589e+03   3.8647787e-01   3.1980447e+00   1.6913042e+00
   2.0000000e+03   1.0000000e+00   4.0000000e+00   8.0000000e+00   6.0000000e+00   2.6999901e+01  -5.3979727e+01  -3.8920883e+01   1.9877380e+03   7.5801149e-01   2.6417349e+00   0.0000000e+00
   2.0000000e+03   1.0000000e+00   4.0000000e+00   8.0000000e+00   2.2000000e+01   4.2000000e+01  -5.3939919e+01  -3.8932126e+01   4.4841516e+03   1.5034214e+00   2.8887472e+00   0.0000000e+00
   2.0000000e+03   1.0000000e+00   4.0000000e+00   8.0000000e+00   2.4000000e+01   2.9000000e+01  -5.3935532e+01  -3.8933480e+01   4.9540031e+02   5.7971509e+00   1.1722172e+01   2.5717335e+00
   2.0000000e+03   1.0000000e+00   4.0000000e+00   8.0000000e+00   2.6000000e+01   1.7000000e+01  -5.3931128e+01  -3.8934942e+01   4.9863213e+02   1.0373188e+01   2.3437290e+01   6.4398349e+00
   2.0000000e+03   1.0000000e+00   4.0000000e+00   8.0000000e+00   2.8000000e+01   0.0000000e+00  -5.3926720e+01  -3.8936413e+01   4.9926111e+02   1.3457407e+01   2.6178342e+01   0.0000000e+00
   2.0000000e+03   1.0000000e+00   4.0000000e+00   8.0000000e+00   5.9000000e+01   6.0000000e+00  -5.3852520e+01  -3.8964192e+01   8.4434240e+03   3.5404385e+00   7.0990976e+00   0.0000000e+00
   2.0000000e+03   1.0000000e+00   4.0000000e+00   9.0000000e+00   8.0000000e+00   1.4000099e+01  -5.3830705e+01  -3.8972531e+01   2.4849674e+03   7.6915282e+00   2.9243687e+01   1.4464809e+01
   2.0000000e+03   1.0000000e+00   4.0000000e+00   9.0000000e+00   1.0000000e+01   5.0000992e+00  -5.3826375e+01  -3.8974590e+01   4.9965309e+02   2.5384972e-01   7.1198100e-01   0.0000000e+00
   2.0000000e+03   1.0000000e+00   4.0000000e+00   9.0000000e+00   1.1000000e+01   5.6000099e+01  -5.3822087e+01  -3.8976642e+01   4.9515015e+02   1.7715807e-01   5.4319696e-01   0.0000000e+00
   2.0000000e+03   1.0000000e+00   4.0000000e+00   9.0000000e+00   2.4000000e+01   5.5000000e+01  -5.3791446e+01  -3.8988208e+01   3.4884194e+03   1.1592355e+01   1.6970716e+01   0.0000000e+00
   2.0000000e+03   1.0000000e+00   4.0000000e+00   9.0000000e+00   2.6000000e+01   4.5000000e+01  -5.3787130e+01  -3.8990475e+01   5.0217699e+02   1.5673967e+00   3.0116726e+00   0.0000000e+00
   2.0000000e+03   1.0000000e+00   4.0000000e+00   9.0000000e+00   3.4000000e+01   1.0000000e+00  -5.3769834e+01  -3.8998141e+01   1.9867484e+03   1.5966447e+00   3.4039969e+00   2.1642528e-01
   2.0000000e+03   1.0000000e+00   4.0000000e+00   1.0000000e+01   1.5000000e+01   3.1000000e+01  -5.3673198e+01  -3.9030860e+01   1.0951573e+04   2.6400966e-01   5.0728106e-01   0.0000000e+00
   2.0000000e+03   1.0000000e+00   4.0000000e+00   1.0000000e+01   3.8000000e+01   2.2000000e+01  -5.3620821e+01  -3.9049496e+01   5.9481513e+03   9.3830352e-01   1.8276909e+00   0.0000000e+00
   2.0000000e+03   1.0000000e+00   4.0000000e+00   1.0000000e+01   4.5000000e+01   4.7000099e+01  -5.3603262e+01  -3.9054742e+01   1.9814790e+03   5.0191211e-01   9.6439845e-01   0.0000000e+00
   2.0000000e+03   1.0000000e+00   4.0000000e+00   1.0000000e+01   4.7000000e+01   3.8999901e+01  -5.3598846e+01  -3.9056342e+01   5.0202875e+02   5.1180641e-01   9.8340983e-01   0.0000000e+00
   2.0000000e+03   1.0000000e+00   4.0000000e+00   1.1000000e+01   1.0000000e+00   2.0000000e+00  -5.3568154e+01  -3.9066142e+01   3.4711511e+03   1.9292554e-01   3.7069655e-01   0.0000000e+00
   2.0000000e+03   1.0000000e+00   4.0000000e+00   1.1000000e+01   4.9000000e+01   2.3000000e+01  -5.3458429e+01  -3.9102725e+01   1.2430002e+04   2.9313115e+00   5.6323652e+00   0.0000000e+00
   2.0000000e+03   1.0000000e+00   4.0000000e+00   1.2000000e+01   2.4000000e+01   3.4999901e+01  -5.3379446e+01  -3.9128421e+01   8.9400250e+03   1.9089657e-01   8.6235046e-01   0.0000000e+00
   2.0000000e+03   1.0000000e+00   4.0000000e+00   1.2000000e+01   3.6000000e+01   1.5000000e+01  -5.3353117e+01  -3.9137375e+01   2.9853353e+03   0.0000000e+00   4.2928804e-02   0.0000000e+00
   2.0000000e+03   1.0000000e+00   4.0000000e+00   1.2000000e+01   3.8000000e+01   1.5000000e+01  -5.3348666e+01  -3.9138467e+01   4.9979008e+02   7.8159204e-01   1.5301312e+00   0.0000000e+00
   2.0000000e+03   1.0000000e+00   4.0000000e+00   1.2000000e+01   5.7000000e+01   4.5000000e+01  -5.3305100e+01  -3.9153267e+01   4.9396772e+03   7.5761388e-02   1.4557163e-01   0.0000000e+00
   2.0000000e+03   1.0000000e+00   4.0000000e+00   1.2000000e+01   5.9000000e+01   4.4000000e+01  -5.3300621e+01  -3.9154929e+01   5.0982009e+02   1.1321020e-01   2.1752760e-01   0.0000000e+00
