   2.0000000e+03   1.0000000e+00   5.0000000e+00   1.3000000e+01   1.6000000e+01   5.1000000e+01  -5.3956325e+01  -3.8527377e+01   4.9432540e+02   1.4155978e-01   2.7199987e-01   0.0000000e+00
   2.0000000e+03   1.0000000e+00   5.0000000e+00   1.3000000e+01   1.9000000e+01   1.0000000e+01  -5.3951956e+01  -3.8529153e+01   4.9915677e+02   4.3307968e-01   8.3214045e-01   0.0000000e+00
   2.0000000e+03   1.0000000e+00   5.0000000e+00   1.3000000e+01   2.1000000e+01   2.6000000e+01  -5.3947558e+01  -3.8530871e+01   5.0142378e+02   2.1029993e-01   1.4014751e+00   1.0457923e+00
   2.0000000e+03   1.0000000e+00   5.0000000e+00   1.3000000e+01   2.3000000e+01   4.1000000e+01  -5.3943258e+01  -3.8532888e+01   4.9574708e+02   0.0000000e+00   0.0000000e+00   0.0000000e+00
   2.0000000e+03   1.0000000e+00   5.0000000e+00   1.3000000e+01   2.6000000e+01   0.0000000e+00  -5.3938876e+01  -3.8534752e+01   5.0198599e+02   0.0000000e+00   2.1260657e-01   0.0000000e+00
   2.0000000e+03   1.0000000e+00   5.0000000e+00   1.3000000e+01   2.8000000e+01   2.1000000e+01  -5.3934526e+01  -3.8536321e+01   4.9414239e+02   0.0000000e+00   5.4621581e-01   0.0000000e+00
   2.0000000e+03   1.0000000e+00   5.0000000e+00   1.3000000e+01   3.0000000e+01   4.1000000e+01  -5.3930176e+01  -3.8537804e+01   4.9297859e+02   1.1953357e-01   2.2967764e-01   0.0000000e+00
   2.0000000e+03   1.0000000e+00   5.0000000e+00   1.3000000e+01   3.2000000e+01   5.5000000e+01  -5.3925782e+01  -3.8539410e+01   4.9939247e+02   7.5642984e-02   1.4534413e-01   0.0000000e+00
   2.0000000e+03   1.0000000e+00   5.0000000e+00   1.3000000e+01   3.5000000e+01   6.0000000e+00  -5.3921361e+01  -3.8541320e+01   5.0694949e+02   8.5835663e-02   1.6492884e-01   0.0000000e+00
   2.0000000e+03   1.0000000e+00   5.0000000e+00   1.3000000e+01   3.7000000e+01   2.2000000e+01  -5.3917009e+01  -3.8542702e+01   4.9195374e+02   2.3544431e-01   5.1322489e-01   0.0000000e+00
   2.0000000e+03   1.0000000e+00   5.0000000e+00   1.3000000e+01   3.9000000e+01   4.0000000e+01  -5.3912474e+01  -3.8543333e+01   5.0563566e+02   3.2495064e-01   6.2437603e-01   0.0000000e+00
   2.0000000e+03   1.0000000e+00   5.0000000e+00   1.3000000e+01   4.1000000e+01   5.7000000e+01  -5.3908207e+01  -3.8544350e+01   4.7885446e+02   3.3997563e-01   6.5324578e-01   0.0000000e+00
   2.0000000e+03   1.0000000e+00   5.0000000e+00   1.3000000e+01   4.4000000e+01   1.0000000e+01  -5.3903621e+01  -3.8545386e+01   5.1407021e+02   1.5682598e-01   3.0133310e-01   0.0000000e+00
   2.0000000e+03   1.0000000e+00   5.0000000e+00   1.3000000e+01   4.6000000e+01   1.9000000e+01  -5.3899280e+01  -3.8546938e+01   4.9299139e+02   0.0000000e+00   0.0000000e+00   0.0000000e+00
   2.0000000e+03   1.0000000e+00   5.0000000e+00   1.3000000e+01   4.8000000e+01   3.4000000e+01  -5.3894824e+01  -3.8548402e+01   5.0430351e+02   1.7490027e-01   3.3606192e-01   0.0000000e+00
   2.0000000e+03   1.0000000e+00   5.0000000e+00   1.3000000e+01   5.0000000e+01   5.0000000e+01  -5.3890506e+01  -3.8549952e+01   4.9041568e+02   2.3167169e-01   4.4514531e-01   0.0000000e+00
   2.0000000e+03   1.0000000e+00   5.0000000e+00   1.3000000e+01   5.3000000e+01   1.0000000e+00  -5.3885970e+01  -3.8551043e+01   5.0909227e+02   2.2094637e-01   4.2453715e-01   0.0000000e+00
   2.0000000e+03   1.0000000e+00   5.0000000e+00   1.3000000e+01   5.5000000e+01   1.4000000e+01  -5.3881545e+01  -3.8552570e+01   5.0173957e+02   1.2139630e-01   2.3325678e-01   0.0000000e+00
   2.0000000e+03   1.0000000e+00   5.0000000e+00   1.3000000e+01   5.7000000e+01   3.2000000e+01  -5.3877360e+01  -3.8554105e+01   4.7584480e+02   4.2108236e+00   8.0908821e+00   7.7909375e+00
   2.0000000e+03   1.0000000e+00   5.0000000e+00   1.3000000e+01   5.9000000e+01   4.8000000e+01  -5.3872825e+01  -3.8555687e+01   5.1441164e+02   2.2784225e-01   4.3778723e-01   0.0000000e+00
   2.0000000e+03   1.0000000e+00   5.0000000e+00   1.4000000e+01   2.0000000e+00   5.0000000e+00  -5.3868292e+01  -3.8556100e+01   5.0446868e+02   1.9571480e-01   3.7605597e-01   0.0000000e+00
   2.0000000e+03   1.0000000e+00   5.0000000e+00   1.4000000e+01   4.0000000e+00   3.3000000e+01  -5.3863869e+01  -3.8556117e+01   4.9148497e+02   0.0000000e+00   0.0000000e+00   0.0000000e+00
   2.0000000e+03   1.0000000e+00   5.0000000e+00   1.4000000e+01   7.0000000e+00   6.0000000e+00  -5.3859477e+01  -3.8556033e+01   4.8803293e+02   0.0000000e+00   0.0000000e+00   0.0000000e+00
   2.0000000e+03   1.0000000e+00   5.0000000e+00   1.4000000e+01   9.0000000e+00   3.3000000e+01  -5.3854944e+01  -3.8555874e+01   5.0381798e+02   0.0000000e+00   0.0000000e+00   0.0000000e+00
   2.0000000e+03   1.0000000e+00   5.0000000e+00   1.4000000e+01   1.1000000e+01   5.9000000e+01  -5.3850454e+01  -3.8555450e+01   4.9972620e+02   0.0000000e+00   0.0000000e+00   0.0000000e+00
   2.0000000e+03   1.0000000e+00   5.0000000e+00   1.4000000e+01   1.4000000e+01   2.3000000e+01  -5.3846043e+01  -3.8557253e+01   5.0419901e+02   0.0000000e+00   0.0000000e+00   0.0000000e+00
   2.0000000e+03   1.0000000e+00   5.0000000e+00   1.4000000e+01   1.6000000e+01   4.7000000e+01  -5.3841686e+01  -3.8558593e+01   4.9205075e+02   1.8282141e-01   3.5128198e-01   0.0000000e+00
   2.0000000e+03   1.0000000e+00   5.0000000e+00   1.4000000e+01   1.9000000e+01   1.0000000e+01  -5.3837494e+01  -3.8560904e+01   4.8984756e+02   0.0000000e+00   9.7014834e-02   0.0000000e+00
   2.0000000e+03   1.0000000e+00   5.0000000e+00   1.4000000e+01   2.1000000e+01   2.4000000e+01  -5.3833061e+01  -3.8562987e+01   5.1115391e+02   6.2942178e-01   1.2094018e+00   0.0000000e+00
   2.0000000e+03   1.0000000e+00   5.0000000e+00   1.4000000e+01   2.3000000e+01   4.2000000e+01  -5.3828979e+01  -3.8565336e+01   4.7902940e+02   2.9950397e-02   1.5863658e-01   0.0000000e+00
   2.0000000e+03   1.0000000e+00   5.0000000e+00   1.4000000e+01   2.6000000e+01   2.0000000e+00  -5.3824695e+01  -3.8567937e+01   5.0575708e+02   0.0000000e+00   1.0660504e+00   0.0000000e+00
   2.0000000e+03   1.0000000e+00   5.0000000e+00   1.4000000e+01   2.8000000e+01   2.2000000e+01  -5.3820445e+01  -3.8570686e+01   5.0550473e+02   0.0000000e+00   0.0000000e+00   0.0000000e+00
   2.0000000e+03   1.0000000e+00   5.0000000e+00   1.4000000e+01   3.0000000e+01   4.7000000e+01  -5.3816227e+01  -3.8572627e+01   4.8563432e+02   1.8984417e-01   3.6477587e-01   0.0000000e+00
   2.0000000e+03   1.0000000e+00   5.0000000e+00   1.4000000e+01   3.3000000e+01   1.3000000e+01  -5.3811762e+01  -3.8573960e+01   5.0381288e+02   6.5856720e+00   1.3205296e+01   1.6819481e+00
   2.0000000e+03   1.0000000e+00   5.0000000e+00   1.4000000e+01   3.5000000e+01   3.6000000e+01  -5.3807610e+01  -3.8576270e+01   4.8568242e+02   9.7729140e-01   1.8778154e+00   0.0000000e+00
   2.0000000e+03   1.0000000e+00   5.0000000e+00   1.4000000e+01   3.7000000e+01   5.4000000e+01  -5.3803178e+01  -3.8578001e+01   5.0532375e+02   2.2544976e+00   4.3957064e+00   0.0000000e+00
   2.0000000e+03   1.0000000e+00   5.0000000e+00   1.4000000e+01   4.0000000e+01   1.6000000e+01  -5.3798779e+01  -3.8579601e+01   5.0005152e+02   9.4276942e-01   1.8114832e+00   0.0000000e+00
   2.0000000e+03   1.0000000e+00   5.0000000e+00   1.4000000e+01   4.2000000e+01   4.1000000e+01  -5.3794494e+01  -3.8581253e+01   4.8831289e+02   2.3157483e-02   1.4820457e-01   0.0000000e+00
   2.0000000e+03   1.0000000e+00   5.0000000e+00   1.4000000e+01   4.4000000e+01   5.5000000e+01  -5.3790111e+01  -3.8583036e+01   5.0094436e+02   3.6588590e-01   7.7421682e-01   0.0000000e+00
   2.0000000e+03   1.0000000e+00   5.0000000e+00   1.4000000e+01   4.6000000e+01   5.8000099e+01  -5.3785629e+01  -3.8584386e+01   5.0582810e+02   6.4154317e-01   1.2656246e+00   0.0000000e+00
   2.0000000e+03   1.0000000e+00   5.0000000e+00   1.4000000e+01   4.9000000e+01   2.0000000e+00  -5.3781211e+01  -3.8585568e+01   4.9697599e+02   2.8869723e-01   5.5471695e-01   0.0000000e+00
   2.0000000e+03   1.0000000e+00   5.0000000e+00   1.4000000e+01   5.1000000e+01   8.0000992e+00  -5.3776828e+01  -3.8586867e+01   4.9448636e+02   1.1263956e-01   2.1643115e-01   0.0000000e+00
   2.0000000e+03   1.0000000e+00   5.0000000e+00   1.4000000e+01   5.3000000e+01   1.0000000e+01  -5.3772341e+01  -3.8587767e+01   5.0204076e+02   0.0000000e+00   0.0000000e+00   0.0000000e+00
   2.0000000e+03   1.0000000e+00   5.0000000e+00   1.4000000e+01   5.5000000e+01   1.0999901e+01  -5.3767937e+01  -3.8589012e+01   4.9616224e+02   5.0323459e+01   1.8001966e+02   3.2263740e+01
   2.0000000e+03   1.0000000e+00   5.0000000e+00   1.4000000e+01   5.7000000e+01   1.9000000e+01  -5.3763446e+01  -3.8590476e+01   5.0825509e+02   3.0509606e-01   5.8622648e-01   0.0000000e+00
   2.0000000e+03   1.0000000e+00   5.0000000e+00   1.4000000e+01   5.9000000e+01   2.9000000e+01  -5.3759079e+01  -3.8591626e+01   4.9106843e+02   2.3323760e+00   4.5608540e+00   0.0000000e+00
   2.0000000e+03   1.0000000e+00   5.0000000e+00   1.5000000e+01   1.0000000e+00   4.0000000e+01  -5.3754694e+01  -3.8593085e+01   4.9667902e+02   1.1526529e+00   2.2147636e+00   0.0000000e+00
   2.0000000e+03   1.0000000e+00   5.0000000e+00   1.5000000e+01   3.0000000e+00   4.9000000e+01  -5.3750361e+01  -3.8594760e+01   4.9381353e+02   3.1882877e+00   6.1948571e+00   0.0000000e+00
   2.0000000e+03   1.0000000e+00   5.0000000e+00   1.5000000e+01   5.0000000e+00   5.7000000e+01  -5.3745793e+01  -3.8595700e+01   5.1134530e+02   6.8474726e-01   1.5302198e+00   5.0878462e-02
   2.0000000e+03   1.0000000e+00   5.0000000e+00   1.5000000e+01   8.0000000e+00   7.0000000e+00  -5.3741427e+01  -3.8596427e+01   4.8756750e+02   4.1791017e-01   1.1641418e+00   0.0000000e+00
   2.0000000e+03   1.0000000e+00   5.0000000e+00   1.5000000e+01   1.0000000e+01   1.9000000e+01  -5.3736960e+01  -3.8597727e+01   5.0363660e+02   6.8656520e-01   1.5279891e+00   0.0000000e+00
   2.0000000e+03   1.0000000e+00   5.0000000e+00   1.5000000e+01   1.2000000e+01   3.1000000e+01  -5.3732560e+01  -3.8599077e+01   4.9691510e+02   9.9688322e-01   1.9728042e+00   0.0000000e+00
   2.0000000e+03   1.0000000e+00   5.0000000e+00   1.5000000e+01   1.4000000e+01   4.0000000e+01  -5.3728143e+01  -3.8600368e+01   4.9807135e+02   3.8309082e-01   7.9597033e-01   0.0000000e+00
   2.0000000e+03   1.0000000e+00   5.0000000e+00   1.5000000e+01   1.6000000e+01   5.3000000e+01  -5.3723595e+01  -3.8601810e+01   5.1421259e+02   8.0992041e-01   1.5562206e+00   0.0000000e+00
   2.0000000e+03   1.0000000e+00   5.0000000e+00   1.5000000e+01   1.9000000e+01   1.0000099e+01  -5.3719294e+01  -3.8603301e+01   4.8786222e+02   9.1360510e-01   1.8077144e+00   5.6217998e-02
   2.0000000e+03   1.0000000e+00   5.0000000e+00   1.5000000e+01   2.1000000e+01   3.1000000e+01  -5.3714871e+01  -3.8604670e+01   4.9970713e+02   9.4781801e-01   1.8390306e+00   0.0000000e+00
   2.0000000e+03   1.0000000e+00   5.0000000e+00   1.5000000e+01   2.3000000e+01   4.5000000e+01  -5.3710678e+01  -3.8606226e+01   4.7705263e+02   1.2238201e+00   2.5985000e+00   2.9149071e-02
   2.0000000e+03   1.0000000e+00   5.0000000e+00   1.5000000e+01   2.5000000e+01   5.4000000e+01  -5.3706094e+01  -3.8607468e+01   5.1580668e+02   1.5435994e+00   2.9659473e+00   1.5774266e+00
   2.0000000e+03   1.0000000e+00   5.0000000e+00   1.5000000e+01   2.8000000e+01   1.0000000e+00  -5.3701794e+01  -3.8609103e+01   4.8976635e+02   4.2052963e-01   9.9685841e-01   0.0000000e+00
   2.0000000e+03   1.0000000e+00   5.0000000e+00   1.5000000e+01   3.0000000e+01   7.9999008e+00  -5.3697360e+01  -3.8610702e+01   5.0379292e+02   7.6499372e-01   2.5914268e+00   0.0000000e+00
   2.0000000e+03   1.0000000e+00   5.0000000e+00   1.5000000e+01   3.2000000e+01   1.4000000e+01  -5.3692978e+01  -3.8612017e+01   4.9464090e+02   1.1332589e+00   4.7186662e+00   0.0000000e+00
   2.0000000e+03   1.0000000e+00   5.0000000e+00   1.5000000e+01   3.4000000e+01   1.9000000e+01  -5.3688485e+01  -3.8613196e+01   5.0526571e+02   9.6396426e-01   1.9671016e+00   0.0000000e+00
   2.0000000e+03   1.0000000e+00   5.0000000e+00   1.5000000e+01   3.6000000e+01   3.4000000e+01  -5.3684078e+01  -3.8615619e+01   5.1497766e+02   1.5569197e+00   2.9915416e+00   0.0000000e+00
   2.0000000e+03   1.0000000e+00   5.0000000e+00   1.5000000e+01   3.8000000e+01   5.8000000e+01  -5.3679995e+01  -3.8616785e+01   4.6017214e+02   2.2996350e+00   4.5071926e+00   4.5830771e-01
   2.0000000e+03   1.0000000e+00   5.0000000e+00   1.5000000e+01   4.1000000e+01   1.8000000e+01  -5.3675429e+01  -3.8618353e+01   5.1768503e+02   2.0261611e+00   3.8931648e+00   0.0000000e+00
   2.0000000e+03   1.0000000e+00   5.0000000e+00   1.5000000e+01   4.3000000e+01   3.7000000e+01  -5.3671205e+01  -3.8619876e+01   4.8005462e+02   5.9536408e-01   1.4454720e+00   0.0000000e+00
   2.0000000e+03   1.0000000e+00   5.0000000e+00   1.5000000e+01   4.5000000e+01   5.2000000e+01  -5.3666730e+01  -3.8621886e+01   5.1456240e+02   5.9250968e-01   1.2976452e+00   0.0000000e+00
   2.0000000e+03   1.0000000e+00   5.0000000e+00   1.5000000e+01   4.8000000e+01   4.0000000e+00  -5.3662430e+01  -3.8623387e+01   4.8792981e+02   1.7064149e-01   3.2787889e-01   0.0000000e+00
   2.0000000e+03   1.0000000e+00   5.0000000e+00   1.5000000e+01   5.0000000e+01   1.8000099e+01  -5.3658028e+01  -3.8625350e+01   5.0585812e+02   5.4644289e-01   1.2554508e+00   0.0000000e+00
   2.0000000e+03   1.0000000e+00   5.0000000e+00   1.5000000e+01   5.2000000e+01   3.5000000e+01  -5.3653512e+01  -3.8626669e+01   5.0931606e+02   3.7662326e-01   7.2366234e-01   0.0000000e+00
   2.0000000e+03   1.0000000e+00   5.0000000e+00   1.5000000e+01   5.5000000e+01   0.0000000e+00  -5.3649396e+01  -3.8628219e+01   4.6859916e+02   1.9416122e+00   3.8283029e+00   0.0000000e+00
   2.0000000e+03   1.0000000e+00   5.0000000e+00   1.5000000e+01   5.7000000e+01   2.0000000e+01  -5.3644962e+01  -3.8630469e+01   5.1453554e+02   1.2144916e+00   2.4802258e+00   0.0000000e+00
   2.0000000e+03   1.0000000e+00   5.0000000e+00   1.5000000e+01   5.9000000e+01   3.5000000e+01  -5.3640562e+01  -3.8632093e+01   5.0047690e+02   2.9286288e-01   5.6272104e-01   0.0000000e+00
   2.0000000e+03   1.0000000e+00   5.0000000e+00   1.6000000e+01   1.0000000e+00   5.5000000e+01  -5.3636162e+01  -3.8633836e+01   5.0222843e+02   3.6330987e-01   6.9808132e-01   0.0000000e+00
   2.0000000e+03   1.0000000e+00   5.0000000e+00   1.6000000e+01   4.0000000e+00   1.8000000e+01  -5.3631795e+01  -3.8635502e+01   4.9750579e+02   1.6772535e-01   1.3356436e+00   0.0000000e+00
   2.0000000e+03   1.0000000e+00   5.0000000e+00   1.6000000e+01   6.0000000e+00   4.1000000e+01  -5.3627446e+01  -3.8636943e+01   4.9253440e+02   7.9962664e-01   1.9132783e+00   0.0000000e+00
   2.0000000e+03   1.0000000e+00   5.0000000e+00   1.6000000e+01   9.0000000e+00   6.0000992e+00  -5.3622964e+01  -3.8638385e+01   5.0706916e+02   6.8848086e-01   1.6142499e+00   0.0000000e+00
   2.0000000e+03   1.0000000e+00   5.0000000e+00   1.6000000e+01   1.1000000e+01   3.6000000e+01  -5.3618713e+01  -3.8640284e+01   4.8867106e+02   9.9431635e-01   1.9787552e+00   0.0000000e+00
   2.0000000e+03   1.0000000e+00   5.0000000e+00   1.6000000e+01   1.3000000e+01   5.8000000e+01  -5.3614429e+01  -3.8641969e+01   4.8874179e+02   2.7475806e-01   6.5281912e-01   0.0000000e+00
   2.0000000e+03   1.0000000e+00   5.0000000e+00   1.6000000e+01   1.6000000e+01   1.9000000e+01  -5.3609796e+01  -3.8643476e+01   5.2434088e+02   1.7105777e+00   3.2867875e+00   6.9293246e-01
   2.0000000e+03   1.0000000e+00   5.0000000e+00   1.6000000e+01   1.8000000e+01   5.8000099e+01  -5.3605663e+01  -3.8645134e+01   4.7211006e+02   2.8588847e+02   5.6896295e+02   0.0000000e+00
   2.0000000e+03   1.0000000e+00   5.0000000e+00   1.6000000e+01   2.1000000e+01   3.8000000e+01  -5.3601280e+01  -3.8647051e+01   5.0320120e+02   1.2815076e+00   2.6800832e+00   0.0000000e+00
   2.0000000e+03   1.0000000e+00   5.0000000e+00   1.6000000e+01   2.4000000e+01   1.4000000e+01  -5.3596697e+01  -3.8648501e+01   5.1809806e+02   5.5087096e-01   6.0387250e-01   0.0000000e+00
   2.0000000e+03   1.0000000e+00   5.0000000e+00   1.6000000e+01   2.6000000e+01   5.3000000e+01  -5.3592680e+01  -3.8650193e+01   4.6014552e+02   2.3503465e-01   6.6615036e-01   0.0000000e+00
   2.0000000e+03   1.0000000e+00   5.0000000e+00   1.6000000e+01   2.9000000e+01   3.3000000e+01  -5.3588036e+01  -3.8652132e+01   5.3160744e+02   1.9083957e-01   4.2107535e-01   5.4386872e-02
   2.0000000e+03   1.0000000e+00   5.0000000e+00   1.6000000e+01   3.2000000e+01   1.7000000e+01  -5.3583797e+01  -3.8653826e+01   4.8413861e+02   6.1942367e-01   1.1901909e+00   1.5520639e-01
   2.0000000e+03   1.0000000e+00   5.0000000e+00   1.6000000e+01   3.5000000e+01   3.8000000e+01  -5.3579449e+01  -3.8655685e+01   4.9844558e+02   2.6544492e-01   5.1003883e-01   0.0000000e+00
   2.0000000e+03   1.0000000e+00   5.0000000e+00   1.6000000e+01   3.9000000e+01   1.4000000e+01  -5.3575048e+01  -3.8657100e+01   4.9792572e+02   4.1481269e-01   2.5842255e-01   0.0000000e+00
   2.0000000e+03   1.0000000e+00   5.0000000e+00   1.6000000e+01   4.2000000e+01   4.5000000e+01  -5.3571149e+01  -3.8658868e+01   4.4869716e+02   6.8494980e-01   1.3160960e+00   0.0000000e+00
   2.0000000e+03   1.0000000e+00   5.0000000e+00   1.6000000e+01   4.6000000e+01   1.9000000e+01  -5.3566506e+01  -3.8661042e+01   5.3543956e+02   7.3335107e-01   1.5594008e+00   0.0000000e+00
   2.0000000e+03   1.0000000e+00   5.0000000e+00   1.6000000e+01   4.9000000e+01   4.5000000e+01  -5.3562340e+01  -3.8663126e+01   4.8298295e+02   2.9327593e-01   5.8260399e-01   0.0000000e+00
   2.0000000e+03   1.0000000e+00   5.0000000e+00   1.6000000e+01   5.3000000e+01   2.4000000e+01  -5.3557932e+01  -3.8664634e+01   4.9977725e+02   3.4485102e-01   6.6261359e-01   0.0000000e+00
   2.0000000e+03   1.0000000e+00   5.0000000e+00   1.6000000e+01   5.7000000e+01   1.0000000e+00  -5.3553523e+01  -3.8665183e+01   4.9124416e+02   2.9696628e-01   8.7994824e-01   0.0000000e+00
   2.0000000e+03   1.0000000e+00   5.0000000e+00   1.7000000e+01   0.0000000e+00   4.1000000e+01  -5.3548616e+01  -3.8665358e+01   5.4545757e+02   4.9347478e-01   1.0338421e+00   0.0000000e+00
   2.0000000e+03   1.0000000e+00   5.0000000e+00   1.7000000e+01   4.0000000e+00   3.1000000e+01  -5.3544857e+01  -3.8666141e+01   4.2088065e+02   7.2307341e-01   1.3893486e+00   0.0000000e+00
   2.0000000e+03   1.0000000e+00   5.0000000e+00   1.7000000e+01   8.0000000e+00   0.0000000e+00  -5.3540366e+01  -3.8666050e+01   4.9907656e+02   1.8240021e-01   3.5047268e-01   0.0000000e+00
   2.0000000e+03   1.0000000e+00   5.0000000e+00   1.7000000e+01   1.1000000e+01   5.2000000e+01  -5.3535366e+01  -3.8666083e+01   5.5560447e+02   1.1633669e-01   2.2353499e-01   0.0000000e+00
   2.0000000e+03   1.0000000e+00   5.0000000e+00   1.7000000e+01   1.5000000e+01   5.7000000e+01  -5.3531517e+01  -3.8666092e+01   4.2769902e+02   1.4328989e+00   2.8298129e+00   1.6178118e+00
   2.0000000e+03   1.0000000e+00   5.0000000e+00   1.7000000e+01   1.9000000e+01   3.7000000e+01  -5.3526984e+01  -3.8666533e+01   5.0447855e+02   5.8308069e-01   1.2187484e+00   0.0000000e+00
   2.0000000e+03   1.0000000e+00   5.0000000e+00   1.7000000e+01   2.3000000e+01   3.8000000e+01  -5.3522234e+01  -3.8668233e+01   5.3964471e+02   4.4666059e-01   1.2093714e+00   0.0000000e+00
   2.0000000e+03   1.0000000e+00   5.0000000e+00   1.7000000e+01   2.7000000e+01   5.1999901e+01  -5.3518402e+01  -3.8670233e+01   4.4590297e+02   1.0208590e+00   1.9615284e+00   0.0000000e+00
   2.0000000e+03   1.0000000e+00   5.0000000e+00   1.7000000e+01   3.1000000e+01   5.0000000e+01  -5.3514184e+01  -3.8670800e+01   4.7013267e+02   3.0447114e-01   5.8502572e-01   0.0000000e+00
   2.0000000e+03   1.0000000e+00   5.0000000e+00   1.7000000e+01   3.5000000e+01   4.3999901e+01  -5.3509934e+01  -3.8671749e+01   4.7640933e+02   1.7017907e-01   4.4641810e-01   5.6803385e-02
   2.0000000e+03   1.0000000e+00   5.0000000e+00   1.7000000e+01   3.9000000e+01   1.6000099e+01  -5.3505403e+01  -3.8672783e+01   5.0817814e+02   4.2453515e-01   9.4760866e-01   1.3188609e-01
   2.0000000e+03   1.0000000e+00   5.0000000e+00   1.7000000e+01   4.2000000e+01   4.2000000e+01  -5.3500819e+01  -3.8674167e+01   5.1751183e+02   5.4850850e-01   1.0539310e+00   0.0000000e+00
   2.0000000e+03   1.0000000e+00   5.0000000e+00   1.7000000e+01   4.6000000e+01   2.9000000e+01  -5.3496710e+01  -3.8675233e+01   4.6193104e+02   6.4859579e-01   1.2462436e+00   0.0000000e+00
   2.0000000e+03   1.0000000e+00   5.0000000e+00   1.7000000e+01   5.0000000e+01   9.0000000e+00  -5.3491995e+01  -3.8675707e+01   5.2494015e+02   1.6699169e-01   3.2086599e-01   0.0000000e+00
   2.0000000e+03   1.0000000e+00   5.0000000e+00   1.7000000e+01   5.3000000e+01   3.3000000e+01  -5.3487517e+01  -3.8676581e+01   5.0093854e+02   6.0160264e-01   5.5152079e-01   0.0000000e+00
   2.0000000e+03   1.0000000e+00   5.0000000e+00   1.7000000e+01   5.6000000e+01   5.9000099e+01  -5.3483618e+01  -3.8677550e+01   4.3787697e+02   4.4257704e-01   9.1836442e-01   0.0000000e+00
   2.0000000e+03   1.0000000e+00   5.0000000e+00   1.7000000e+01   5.9000000e+01   5.4000000e+01  -5.3478805e+01  -3.8677684e+01   5.3494932e+02   2.5629853e-01   6.5261769e-01   0.0000000e+00
   2.0000000e+03   1.0000000e+00   5.0000000e+00   1.8000000e+01   2.0000000e+00   5.8000000e+01  -5.3474583e+01  -3.8679117e+01   4.7867264e+02   8.5269975e+01   1.6394028e+02   0.0000000e+00
   2.0000000e+03   1.0000000e+00   5.0000000e+00   1.8000000e+01   6.0000000e+00   3.1000000e+01  -5.3470411e+01  -3.8679583e+01   4.6458458e+02   1.2011130e+01   2.3078772e+01   0.0000000e+00
   2.0000000e+03   1.0000000e+00   5.0000000e+00   1.8000000e+01   9.0000000e+00   3.7000000e+01  -5.3465728e+01  -3.8680691e+01   5.2553348e+02   1.8568888e+00   3.7274981e+00   0.0000000e+00
   2.0000000e+03   1.0000000e+00   5.0000000e+00   1.8000000e+01   1.2000000e+01   3.6000000e+01  -5.3461253e+01  -3.8682283e+01   5.0823530e+02   1.9813477e+00   2.1647863e+00   0.0000000e+00
   2.0000000e+03   1.0000000e+00   5.0000000e+00   1.8000000e+01   1.5000000e+01   4.4000000e+01  -5.3456752e+01  -3.8683016e+01   5.0251344e+02   6.4335213e-01   6.7271347e-01   0.0000000e+00
   2.0000000e+03   1.0000000e+00   5.0000000e+00   1.8000000e+01   1.9000000e+01   8.0000000e+00  -5.3452403e+01  -3.8684333e+01   4.9103362e+02   4.5740101e+02   8.7887264e+02   0.0000000e+00
   2.0000000e+03   1.0000000e+00   5.0000000e+00   1.8000000e+01   2.2000000e+01   3.4999901e+01  -5.3448152e+01  -3.8684974e+01   4.7426802e+02   2.5470404e+00   3.3962007e+00   0.0000000e+00
   2.0000000e+03   1.0000000e+00   5.0000000e+00   1.8000000e+01   2.6000000e+01   7.0000992e+00  -5.3443469e+01  -3.8687740e+01   5.5161712e+02   3.0387946e-01   8.0118764e-01   0.0000000e+00
   2.0000000e+03   1.0000000e+00   5.0000000e+00   1.8000000e+01   2.9000000e+01   2.8000000e+01  -5.3439670e+01  -3.8689082e+01   4.3148660e+02   5.4285992e-01   1.6825051e+00   0.0000000e+00
   2.0000000e+03   1.0000000e+00   5.0000000e+00   1.8000000e+01   3.2000000e+01   2.4000099e+01  -5.3435188e+01  -3.8691380e+01   5.2072340e+02   9.3771676e-01   1.8017748e+00   0.0000000e+00
   2.0000000e+03   1.0000000e+00   5.0000000e+00   1.8000000e+01   3.5000000e+01   4.9000000e+01  -5.3431569e+01  -3.8693050e+01   4.1704888e+02   3.3610361e-01   6.4580589e-01   0.0000000e+00
   2.0000000e+03   1.0000000e+00   5.0000000e+00   1.8000000e+01   3.9000000e+01   3.1000099e+01  -5.3426611e+01  -3.8695267e+01   5.7014729e+02   4.7197868e-01   9.0688288e-01   0.0000000e+00
   2.0000000e+03   1.0000000e+00   5.0000000e+00   1.8000000e+01   4.2000000e+01   4.0000000e+01  -5.3422952e+01  -3.8697006e+01   4.2257733e+02   1.8856001e+00   3.3128258e+00   0.0000000e+00
   2.0000000e+03   1.0000000e+00   5.0000000e+00   1.8000000e+01   4.5000000e+01   2.6000000e+01  -5.3419321e+01  -3.8698782e+01   4.2030908e+02   1.8021969e+00   3.8171708e+00   0.0000000e+00
   2.0000000e+03   1.0000000e+00   5.0000000e+00   1.8000000e+01   4.8000000e+01   4.0000000e+00  -5.3415303e+01  -3.8700549e+01   4.6148227e+02   2.5998392e+00   4.9954581e+00   0.0000000e+00
   2.0000000e+03   1.0000000e+00   5.0000000e+00   1.8000000e+01   5.0000000e+01   4.6999901e+01  -5.3410795e+01  -3.8702572e+01   5.1857333e+02   1.7846763e+00   4.1272055e+00   0.0000000e+00
   2.0000000e+03   1.0000000e+00   5.0000000e+00   1.8000000e+01   5.3000000e+01   3.2000000e+01  -5.3406852e+01  -3.8704498e+01   4.5629548e+02   5.1885360e-01   1.1407677e+00   0.0000000e+00
   2.0000000e+03   1.0000000e+00   5.0000000e+00   1.8000000e+01   5.6000000e+01   1.8000000e+01  -5.3402077e+01  -3.8706441e+01   5.4600550e+02   5.2831550e-01   1.0151312e+00   0.0000000e+00
   2.0000000e+03   1.0000000e+00   5.0000000e+00   1.8000000e+01   5.8000000e+01   5.6999901e+01  -5.3398246e+01  -3.8707451e+01   4.3089948e+02   5.8657816e-01   1.3959889e+00   0.0000000e+00
   2.0000000e+03   1.0000000e+00   5.0000000e+00   1.9000000e+01   1.0000000e+00   3.5000000e+01  -5.3393428e+01  -3.8709707e+01   5.5593827e+02   5.0982103e-01   9.7959504e-01   0.0000000e+00
   2.0000000e+03   1.0000000e+00   5.0000000e+00   1.9000000e+01   4.0000000e+00   2.8000000e+01  -5.3389535e+01  -3.8710583e+01   4.3642736e+02   1.2532372e+00   2.4080312e+00   0.0000000e+00
   2.0000000e+03   1.0000000e+00   5.0000000e+00   1.9000000e+01   7.0000000e+00   2.5999901e+01  -5.3384959e+01  -3.8712022e+01   5.1738295e+02   9.6880369e-01   1.8615067e+00   0.0000000e+00
   2.0000000e+03   1.0000000e+00   5.0000000e+00   1.9000000e+01   1.0000000e+01   2.2000000e+01  -5.3380703e+01  -3.8712999e+01   4.7732121e+02   9.0198005e-01   2.0611970e+00   0.0000000e+00
   2.0000000e+03   1.0000000e+00   5.0000000e+00   1.9000000e+01   1.3000000e+01   1.3000000e+01  -5.3376218e+01  -3.8715054e+01   5.1665189e+02   7.0443288e-01   1.3535318e+00   0.0000000e+00
   2.0000000e+03   1.0000000e+00   5.0000000e+00   1.9000000e+01   1.6000000e+01   1.2999901e+01  -5.3372086e+01  -3.8716483e+01   4.6887000e+02   1.3596875e+01   2.6125700e+01   0.0000000e+00
   2.0000000e+03   1.0000000e+00   5.0000000e+00   1.9000000e+01   1.9000000e+01   1.7000099e+01  -5.3367478e+01  -3.8717148e+01   5.1387576e+02   4.6513572e-01   9.6613472e-01   0.0000000e+00
   2.0000000e+03   1.0000000e+00   5.0000000e+00   1.9000000e+01   2.2000000e+01   1.4000000e+01  -5.3363120e+01  -3.8718749e+01   4.9580748e+02   7.7112829e-01   1.5337256e+00   0.0000000e+00
   2.0000000e+03   1.0000000e+00   5.0000000e+00   1.9000000e+01   2.5000000e+01   8.9999008e+00  -5.3358462e+01  -3.8720131e+01   5.2565597e+02   9.8651446e-01   1.8955371e+00   0.0000000e+00
   2.0000000e+03   1.0000000e+00   5.0000000e+00   1.9000000e+01   2.8000000e+01   4.0000992e+00  -5.3354587e+01  -3.8721549e+01   4.4073541e+02   4.2642587e-01   1.7769842e+00   0.0000000e+00
   2.0000000e+03   1.0000000e+00   5.0000000e+00   1.9000000e+01   3.0000000e+01   5.1000099e+01  -5.3350055e+01  -3.8723057e+01   5.1342141e+02   6.1315950e-01   1.1781546e+00   0.0000000e+00
   2.0000000e+03   1.0000000e+00   5.0000000e+00   1.9000000e+01   3.3000000e+01   3.1000000e+01  -5.3345803e+01  -3.8724781e+01   4.8612841e+02   1.0673517e-01   2.0508618e-01   0.0000000e+00
   2.0000000e+03   1.0000000e+00   5.0000000e+00   1.9000000e+01   3.6000000e+01   1.4000099e+01  -5.3341304e+01  -3.8726566e+01   5.1377690e+02   4.0548968e+02   7.8568966e+02   1.0130423e+00
   2.0000000e+03   1.0000000e+00   5.0000000e+00   1.9000000e+01   3.8000000e+01   5.3000000e+01  -5.3336980e+01  -3.8727807e+01   4.8740424e+02   5.5485833e-01   1.0661319e+00   0.0000000e+00
   2.0000000e+03   1.0000000e+00   5.0000000e+00   1.9000000e+01   4.1000000e+01   2.7000000e+01  -5.3332562e+01  -3.8729274e+01   5.0051879e+02   8.6804940e-01   1.9388384e+00   0.0000000e+00
   2.0000000e+03   1.0000000e+00   5.0000000e+00   1.9000000e+01   4.4000000e+01   1.8000000e+01  -5.3328252e+01  -3.8730750e+01   4.8880316e+02   3.3560234e-01   6.4484274e-01   0.0000000e+00
   2.0000000e+03   1.0000000e+00   5.0000000e+00   1.9000000e+01   4.7000000e+01   7.0000000e+00  -5.3323871e+01  -3.8731300e+01   4.8816889e+02   1.2818396e-01   2.4629891e-01   0.0000000e+00
   2.0000000e+03   1.0000000e+00   5.0000000e+00   1.9000000e+01   4.9000000e+01   4.0000000e+01  -5.3319522e+01  -3.8732914e+01   4.9508278e+02   1.9388922e-01   3.7254821e-01   0.0000000e+00
   2.0000000e+03   1.0000000e+00   5.0000000e+00   1.9000000e+01   5.2000000e+01   3.1000000e+01  -5.3315237e+01  -3.8734050e+01   4.8200936e+02   1.1295609e-01   2.1703935e-01   0.0000000e+00
   2.0000000e+03   1.0000000e+00   5.0000000e+00   1.9000000e+01   5.5000000e+01   2.0000099e+01  -5.3310539e+01  -3.8734515e+01   5.2295242e+02   4.9468251e+00   9.5050714e+00   7.5060715e+00
   2.0000000e+03   1.0000000e+00   5.0000000e+00   1.9000000e+01   5.7000000e+01   5.2000000e+01  -5.3306142e+01  -3.8735648e+01   4.9440986e+02   1.1694294e+02   2.2469987e+02   5.8990437e-01
   2.0000000e+03   1.0000000e+00   5.0000000e+00   2.0000000e+01   0.0000000e+00   2.0000000e+01  -5.3301789e+01  -3.8737182e+01   4.9426478e+02   3.3483357e-01   2.8416425e-01   0.0000000e+00
   2.0000000e+03   1.0000000e+00   5.0000000e+00   2.0000000e+01   3.0000000e+00   1.0000000e+00  -5.3297348e+01  -3.8738017e+01   4.9659931e+02   3.1695232e-02   9.9449926e-02   0.0000000e+00
   2.0000000e+03   1.0000000e+00   5.0000000e+00   2.0000000e+01   5.0000000e+00   5.2000000e+01  -5.3292909e+01  -3.8738952e+01   4.9721018e+02   1.8021230e-01   6.2419774e-01   0.0000000e+00
   2.0000000e+03   1.0000000e+00   5.0000000e+00   2.0000000e+01   8.0000000e+00   3.1000000e+01  -5.3288559e+01  -3.8739989e+01   4.8824894e+02   6.3085805e-02   4.5841788e-01   0.0000000e+00
   2.0000000e+03   1.0000000e+00   5.0000000e+00   2.0000000e+01   1.1000000e+01   1.8000000e+01  -5.3284171e+01  -3.8741298e+01   4.9525836e+02   7.9436194e-01   2.1408807e+00   0.0000000e+00
   2.0000000e+03   1.0000000e+00   5.0000000e+00   2.0000000e+01   1.4000000e+01   1.9000000e+01  -5.3279742e+01  -3.8742289e+01   4.9650242e+02   4.7569226e-01   1.0324040e+00   0.0000000e+00
   2.0000000e+03   1.0000000e+00   5.0000000e+00   2.0000000e+01   1.7000000e+01   1.7000000e+01  -5.3275364e+01  -3.8743190e+01   4.9019990e+02   4.1457385e-02   7.9658244e-02   0.0000000e+00
   2.0000000e+03   1.0000000e+00   5.0000000e+00   2.0000000e+01   2.0000000e+01   1.3000000e+01  -5.3270905e+01  -3.8744850e+01   5.0765140e+02   1.2072710e-01   2.3197095e-01   0.0000000e+00
   2.0000000e+03   1.0000000e+00   5.0000000e+00   2.0000000e+01   2.3000000e+01   0.0000000e+00  -5.3266507e+01  -3.8745514e+01   4.9061685e+02   0.0000000e+00   0.0000000e+00   0.0000000e+00
   2.0000000e+03   1.0000000e+00   5.0000000e+00   2.0000000e+01   2.5000000e+01   3.3000099e+01  -5.3261972e+01  -3.8747139e+01   5.1545456e+02   3.6635764e-02   7.0393747e-02   0.0000000e+00
   2.0000000e+03   1.0000000e+00   5.0000000e+00   2.0000000e+01   2.7000000e+01   5.7000000e+01  -5.3257576e+01  -3.8748089e+01   4.9245671e+02   3.3123534e-02   6.3645176e-02   0.0000000e+00
   2.0000000e+03   1.0000000e+00   5.0000000e+00   2.0000000e+01   2.9000000e+01   3.9000000e+01  -5.3254516e+01  -3.8749395e+01   3.5101518e+02   2.3512354e-02   4.5177785e-02   0.0000000e+00
