   2.0000000e+03   1.0000000e+00   6.0000000e+00   8.0000000e+00   1.0000000e+00   1.7000000e+01  -5.3935914e+01  -3.8308267e+01   4.9734647e+02   1.4320368e-01   2.7515855e-01   0.0000000e+00
   2.0000000e+03   1.0000000e+00   6.0000000e+00   8.0000000e+00   4.0000000e+00   5.0000000e+00  -5.3931013e+01  -3.8308518e+01   5.4482655e+02   1.5322334e-01   2.9441080e-01   0.0000000e+00
   2.0000000e+03   1.0000000e+00   6.0000000e+00   8.0000000e+00   6.0000000e+00   3.1000000e+01  -5.3926961e+01  -3.8309951e+01   4.5988221e+02   1.2902720e-01   2.4791916e-01   0.0000000e+00
   2.0000000e+03   1.0000000e+00   6.0000000e+00   8.0000000e+00   8.0000000e+00   4.9000000e+01  -5.3922330e+01  -3.8310701e+01   5.1699735e+02   4.2435483e-02   8.1537610e-02   0.0000000e+00
   2.0000000e+03   1.0000000e+00   6.0000000e+00   8.0000000e+00   1.0000000e+01   5.7000000e+01  -5.3917863e+01  -3.8312283e+01   5.0702218e+02   1.2808930e-01   2.7394606e-01   0.0000000e+00
   2.0000000e+03   1.0000000e+00   6.0000000e+00   8.0000000e+00   1.3000000e+01   7.0000000e+00  -5.3913428e+01  -3.8313535e+01   4.9956687e+02   0.0000000e+00   0.0000000e+00   0.0000000e+00
   2.0000000e+03   1.0000000e+00   6.0000000e+00   8.0000000e+00   1.5000000e+01   2.3000000e+01  -5.3909131e+01  -3.8314769e+01   4.8431499e+02   5.2761899e-01   1.0137929e+00   0.0000000e+00
   2.0000000e+03   1.0000000e+00   6.0000000e+00   8.0000000e+00   1.7000000e+01   3.7000000e+01  -5.3904628e+01  -3.8316118e+01   5.0806292e+02   9.0172577e-01   1.7326199e+00   0.0000000e+00
   2.0000000e+03   1.0000000e+00   6.0000000e+00   8.0000000e+00   1.9000000e+01   5.2000000e+01  -5.3900105e+01  -3.8316567e+01   5.0346997e+02   9.6141113e-01   1.8473023e+00   0.0000000e+00
   2.0000000e+03   1.0000000e+00   6.0000000e+00   8.0000000e+00   2.2000000e+01   5.0000000e+00  -5.3895694e+01  -3.8317051e+01   4.9110238e+02   8.1609281e-01   1.5680806e+00   0.0000000e+00
   2.0000000e+03   1.0000000e+00   6.0000000e+00   8.0000000e+00   2.4000000e+01   2.1000000e+01  -5.3891181e+01  -3.8317184e+01   5.0166671e+02   1.2219377e+00   2.3478909e+00   0.0000000e+00
   2.0000000e+03   1.0000000e+00   6.0000000e+00   8.0000000e+00   2.6000000e+01   3.6000000e+01  -5.3886829e+01  -3.8318485e+01   4.9098211e+02   1.1781155e+00   2.2636887e+00   0.0000000e+00
   2.0000000e+03   1.0000000e+00   6.0000000e+00   8.0000000e+00   2.8000000e+01   5.0000000e+01  -5.3882438e+01  -3.8320126e+01   4.9959873e+02   9.0193893e+00   1.8616027e+01   9.6371528e-01
   2.0000000e+03   1.0000000e+00   6.0000000e+00   8.0000000e+00   3.1000000e+01   3.0000000e+00  -5.3878113e+01  -3.8321884e+01   4.9423931e+02   2.7918630e-01   6.3911207e-01   0.0000000e+00
   2.0000000e+03   1.0000000e+00   6.0000000e+00   8.0000000e+00   3.3000000e+01   1.0000000e+01  -5.3873702e+01  -3.8323443e+01   5.0061610e+02   4.6137990e-01   8.8651787e-01   0.0000000e+00
   2.0000000e+03   1.0000000e+00   6.0000000e+00   8.0000000e+00   3.5000000e+01   1.4000000e+01  -5.3869329e+01  -3.8324486e+01   4.9077943e+02   9.9509258e-01   1.9120195e+00   0.0000000e+00
   2.0000000e+03   1.0000000e+00   6.0000000e+00   8.0000000e+00   3.7000000e+01   2.1000000e+01  -5.3864795e+01  -3.8326433e+01   5.1975825e+02   9.5775064e-01   1.8402689e+00   0.0000000e+00
   2.0000000e+03   1.0000000e+00   6.0000000e+00   8.0000000e+00   3.9000000e+01   3.7000000e+01  -5.3860680e+01  -3.8327984e+01   4.6840980e+02   8.7685992e-01   1.6848415e+00   4.0937381e-01
   2.0000000e+03   1.0000000e+00   6.0000000e+00   8.0000000e+00   4.1000000e+01   5.2000000e+01  -5.3856212e+01  -3.8329719e+01   5.0929016e+02   9.9039547e-01   2.3709103e+00   8.2702451e-01
   2.0000000e+03   1.0000000e+00   6.0000000e+00   8.0000000e+00   4.4000000e+01   3.0000000e+00  -5.3851747e+01  -3.8331402e+01   5.0827264e+02   5.5597451e-01   1.1279160e+00   0.0000000e+00
   2.0000000e+03   1.0000000e+00   6.0000000e+00   8.0000000e+00   4.6000000e+01   1.2000000e+01  -5.3847462e+01  -3.8333312e+01   4.9234285e+02   2.2043371e+00   4.3663038e+00   1.0337032e-01
   2.0000000e+03   1.0000000e+00   6.0000000e+00   8.0000000e+00   4.8000000e+01   3.0000000e+01  -5.3843071e+01  -3.8334893e+01   4.9874477e+02   1.3795476e+00   2.6507301e+00   0.0000000e+00
   2.0000000e+03   1.0000000e+00   6.0000000e+00   8.0000000e+00   5.0000000e+01   5.6000000e+01  -5.3838896e+01  -3.8336519e+01   4.7611866e+02   6.6031265e+00   1.2687570e+01   8.6903361e+00
   2.0000000e+03   1.0000000e+00   6.0000000e+00   8.0000000e+00   5.3000000e+01   9.0000000e+00  -5.3834559e+01  -3.8338133e+01   4.9338107e+02   8.7999082e-01   1.6908573e+00   1.0676531e-01
   2.0000000e+03   1.0000000e+00   6.0000000e+00   8.0000000e+00   5.5000000e+01   1.0000000e+01  -5.3829869e+01  -3.8339410e+01   5.2781444e+02   5.7098677e-01   1.0971219e+00   0.0000000e+00
   2.0000000e+03   1.0000000e+00   6.0000000e+00   8.0000000e+00   5.7000000e+01   1.9000000e+01  -5.3825582e+01  -3.8341838e+01   5.0229485e+02   3.3777058e-01   6.4900889e-01   0.0000000e+00
   2.0000000e+03   1.0000000e+00   6.0000000e+00   8.0000000e+00   5.9000000e+01   3.3000000e+01  -5.3821612e+01  -3.8344151e+01   4.6648105e+02   1.9833748e-01   3.8109532e-01   0.0000000e+00
   2.0000000e+03   1.0000000e+00   6.0000000e+00   9.0000000e+00   1.0000000e+00   5.0000000e+01  -5.3817037e+01  -3.8344960e+01   5.1117046e+02   1.8990609e-01   3.9504356e-01   0.0000000e+00
   2.0000000e+03   1.0000000e+00   6.0000000e+00   9.0000000e+00   4.0000000e+00   1.4000099e+01  -5.3812654e+01  -3.8346460e+01   4.9682774e+02   1.0807289e-01   2.2784521e-01   0.0000000e+00
   2.0000000e+03   1.0000000e+00   6.0000000e+00   9.0000000e+00   6.0000000e+00   3.5000000e+01  -5.3808294e+01  -3.8347902e+01   4.9367215e+02   1.1858685e-01   2.5313614e-01   0.0000000e+00
   2.0000000e+03   1.0000000e+00   6.0000000e+00   9.0000000e+00   8.0000000e+00   5.1000099e+01  -5.3803896e+01  -3.8349284e+01   4.9710768e+02   2.3455527e-01   5.2609199e-01   0.0000000e+00
   2.0000000e+03   1.0000000e+00   6.0000000e+00   9.0000000e+00   1.1000000e+01   2.0000000e+00  -5.3799545e+01  -3.8350936e+01   4.9545334e+02   1.0640570e+00   3.6036888e+00   4.0940705e-01
   2.0000000e+03   1.0000000e+00   6.0000000e+00   9.0000000e+00   1.3000000e+01   1.1000000e+01  -5.3795094e+01  -3.8352518e+01   5.0533305e+02   1.6530266e-01   3.1762061e-01   0.0000000e+00
   2.0000000e+03   1.0000000e+00   6.0000000e+00   9.0000000e+00   1.5000000e+01   2.4000000e+01  -5.3790629e+01  -3.8353743e+01   5.0267819e+02   9.0729428e-01   1.7433195e+00   0.0000000e+00
   2.0000000e+03   1.0000000e+00   6.0000000e+00   9.0000000e+00   1.7000000e+01   4.3000000e+01  -5.3786345e+01  -3.8355401e+01   4.8833519e+02   1.7985912e-01   3.4559011e-01   0.0000000e+00
   2.0000000e+03   1.0000000e+00   6.0000000e+00   9.0000000e+00   1.9000000e+01   5.9000000e+01  -5.3781895e+01  -3.8356518e+01   4.9989256e+02   1.0507583e-01   2.5041064e-01   0.0000000e+00
   2.0000000e+03   1.0000000e+00   6.0000000e+00   9.0000000e+00   2.2000000e+01   1.2000000e+01  -5.3777461e+01  -3.8357936e+01   5.0137243e+02   1.3071605e-01   2.8980463e-01   0.0000000e+00
   2.0000000e+03   1.0000000e+00   6.0000000e+00   9.0000000e+00   2.4000000e+01   2.0000000e+01  -5.3773311e+01  -3.8359236e+01   4.6898287e+02   3.6182525e-01   6.9522870e-01   0.0000000e+00
   2.0000000e+03   1.0000000e+00   6.0000000e+00   9.0000000e+00   2.6000000e+01   2.0000000e+01  -5.3768696e+01  -3.8360593e+01   5.2055905e+02   2.2051703e-01   4.3323125e-01   9.5190552e-03
   2.0000000e+03   1.0000000e+00   6.0000000e+00   9.0000000e+00   2.8000000e+01   3.3000099e+01  -5.3764145e+01  -3.8362051e+01   5.1471149e+02   1.6518494e-01   3.1739441e-01   0.0000000e+00
   2.0000000e+03   1.0000000e+00   6.0000000e+00   9.0000000e+00   3.1000000e+01   5.0000000e+00  -5.3760063e+01  -3.8363119e+01   4.5894948e+02   1.3963649e-01   2.6830437e-01   0.0000000e+00
   2.0000000e+03   1.0000000e+00   6.0000000e+00   9.0000000e+00   3.3000000e+01   2.8000000e+01  -5.3755529e+01  -3.8364902e+01   5.1726808e+02   3.6911332e-01   7.0923236e-01   0.0000000e+00
   2.0000000e+03   1.0000000e+00   6.0000000e+00   9.0000000e+00   3.5000000e+01   4.0000099e+01  -5.3751244e+01  -3.8366619e+01   4.8925305e+02   1.1262955e-01   2.1641191e-01   0.0000000e+00
   2.0000000e+03   1.0000000e+00   6.0000000e+00   9.0000000e+00   3.7000000e+01   5.6000000e+01  -5.3746679e+01  -3.8368276e+01   5.1889126e+02   1.2718872e-01   2.4438663e-01   0.0000000e+00
   2.0000000e+03   1.0000000e+00   6.0000000e+00   9.0000000e+00   4.0000000e+01   1.6000000e+01  -5.3742385e+01  -3.8369093e+01   4.8008135e+02   9.3348325e-02   1.7936403e-01   0.0000000e+00
   2.0000000e+03   1.0000000e+00   6.0000000e+00   9.0000000e+00   4.2000000e+01   3.2000000e+01  -5.3737829e+01  -3.8370195e+01   5.1145617e+02   2.5193509e-01   4.8408038e-01   1.5772362e-01
   2.0000000e+03   1.0000000e+00   6.0000000e+00   9.0000000e+00   4.4000000e+01   4.8000000e+01  -5.3733479e+01  -3.8371559e+01   4.9162240e+02   1.9206483e-01   3.6904274e-01   0.0000000e+00
   2.0000000e+03   1.0000000e+00   6.0000000e+00   9.0000000e+00   4.7000000e+01   1.4000000e+01  -5.3729088e+01  -3.8373309e+01   5.0126566e+02   4.2050724e-01   8.0798314e-01   0.0000000e+00
   2.0000000e+03   1.0000000e+00   6.0000000e+00   9.0000000e+00   4.9000000e+01   3.1000000e+01  -5.3724978e+01  -3.8374781e+01   4.6688304e+02   3.7444755e+00   7.2531257e+00   5.0608816e+00
   2.0000000e+03   1.0000000e+00   6.0000000e+00   9.0000000e+00   5.1000000e+01   3.8000000e+01  -5.3720596e+01  -3.8376559e+01   5.0079491e+02   2.1930739e-01   9.1503951e-01   0.0000000e+00
   2.0000000e+03   1.0000000e+00   6.0000000e+00   9.0000000e+00   5.3000000e+01   4.9000000e+01  -5.3716230e+01  -3.8377851e+01   4.9251301e+02   2.0836799e-01   5.7470550e-01   0.0000000e+00
   2.0000000e+03   1.0000000e+00   6.0000000e+00   9.0000000e+00   5.6000000e+01   3.0000000e+00  -5.3711813e+01  -3.8379469e+01   5.0224867e+02   2.5427126e+00   5.1583436e+00   0.0000000e+00
   2.0000000e+03   1.0000000e+00   6.0000000e+00   9.0000000e+00   5.8000000e+01   1.6000000e+01  -5.3707503e+01  -3.8381283e+01   4.9351101e+02   2.5926573e-01   4.9816585e-01   7.7213700e-02
   2.0000000e+03   1.0000000e+00   6.0000000e+00   1.0000000e+01   0.0000000e+00   2.4000000e+01  -5.3703096e+01  -3.8383102e+01   5.0415592e+02   5.6392805e-02   2.3544611e-01   0.0000000e+00
   2.0000000e+03   1.0000000e+00   6.0000000e+00   1.0000000e+01   2.0000000e+00   3.6000000e+01  -5.3698729e+01  -3.8384609e+01   4.9522778e+02   1.6006035e-01   5.0701542e-01   0.0000000e+00
   2.0000000e+03   1.0000000e+00   6.0000000e+00   1.0000000e+01   4.0000000e+00   5.2000000e+01  -5.3694470e+01  -3.8385335e+01   4.7571098e+02   5.5698009e-01   1.3554300e+00   0.0000000e+00
   2.0000000e+03   1.0000000e+00   6.0000000e+00   1.0000000e+01   7.0000000e+00   4.0000000e+00  -5.3690079e+01  -3.8387452e+01   5.0736448e+02   5.5168961e-01   1.6489305e+00   1.2727242e-01
   2.0000000e+03   1.0000000e+00   6.0000000e+00   1.0000000e+01   9.0000000e+00   1.9000000e+01  -5.3685912e+01  -3.8389918e+01   4.9066407e+02   3.9278296e+01   7.5471237e+01   7.4779492e+01
   2.0000000e+03   1.0000000e+00   6.0000000e+00   1.0000000e+01   1.1000000e+01   3.1000000e+01  -5.3681494e+01  -3.8391386e+01   5.0031943e+02   2.8587455e-01   2.6129676e+02   0.0000000e+00
   2.0000000e+03   1.0000000e+00   6.0000000e+00   1.0000000e+01   1.3000000e+01   3.4000000e+01  -5.3677153e+01  -3.8393143e+01   4.9607620e+02   9.9737476e+00   1.9164046e+01   1.8639809e+01
   2.0000000e+03   1.0000000e+00   6.0000000e+00   1.0000000e+01   1.5000000e+01   3.9000000e+01  -5.3672745e+01  -3.8395402e+01   5.1188925e+02   1.4642584e-01   2.8134977e-01   0.0000000e+00
   2.0000000e+03   1.0000000e+00   6.0000000e+00   1.0000000e+01   1.7000000e+01   5.1000000e+01  -5.3668547e+01  -3.8397534e+01   4.8719075e+02   7.3566180e-02   1.4135365e-01   0.0000000e+00
   2.0000000e+03   1.0000000e+00   6.0000000e+00   1.0000000e+01   2.0000000e+01   3.0000992e+00  -5.3664012e+01  -3.8398352e+01   5.0671575e+02   2.9960575e-02   1.8163061e-01   0.0000000e+00
   2.0000000e+03   1.0000000e+00   6.0000000e+00   1.0000000e+01   2.2000000e+01   1.5000000e+01  -5.3659797e+01  -3.8400069e+01   4.8187001e+02   3.2408365e-02   1.4081781e-01   0.0000000e+00
   2.0000000e+03   1.0000000e+00   6.0000000e+00   1.0000000e+01   2.4000000e+01   2.6000000e+01  -5.3655412e+01  -3.8401936e+01   5.0248996e+02   6.2109556e-01   1.1934033e+00   0.0000000e+00
   2.0000000e+03   1.0000000e+00   6.0000000e+00   1.0000000e+01   2.6000000e+01   4.2000000e+01  -5.3651096e+01  -3.8403559e+01   4.9134716e+02   4.4605975e-01   9.4136725e-01   0.0000000e+00
   2.0000000e+03   1.0000000e+00   6.0000000e+00   1.0000000e+01   2.9000000e+01   1.0000000e+01  -5.3646468e+01  -3.8405044e+01   5.2351492e+02   1.3596464e-01   2.6124909e-01   0.0000000e+00
   2.0000000e+03   1.0000000e+00   6.0000000e+00   1.0000000e+01   3.1000000e+01   1.8000099e+01  -5.3642320e+01  -3.8406459e+01   4.7023212e+02   1.4671456e+00   2.8776445e+00   0.0000000e+00
   2.0000000e+03   1.0000000e+00   6.0000000e+00   1.0000000e+01   3.3000000e+01   2.4000000e+01  -5.3637713e+01  -3.8407893e+01   5.2058782e+02   1.5351551e+00   3.0419504e+00   0.0000000e+00
   2.0000000e+03   1.0000000e+00   6.0000000e+00   1.0000000e+01   3.5000000e+01   3.7000099e+01  -5.3633631e+01  -3.8409467e+01   4.6536231e+02   1.8368063e+00   3.5614154e+00   0.0000000e+00
   2.0000000e+03   1.0000000e+00   6.0000000e+00   1.0000000e+01   3.7000000e+01   4.8000000e+01  -5.3629162e+01  -3.8411067e+01   5.0759277e+02   5.5844807e+00   1.0844054e+01   0.0000000e+00
   2.0000000e+03   1.0000000e+00   6.0000000e+00   1.0000000e+01   3.9000000e+01   4.6000000e+01  -5.3624653e+01  -3.8412276e+01   5.0730959e+02   1.1093347e+00   2.8031207e+00   0.0000000e+00
   2.0000000e+03   1.0000000e+00   6.0000000e+00   1.0000000e+01   4.1000000e+01   4.3000000e+01  -5.3620111e+01  -3.8413551e+01   5.1169536e+02   4.4736083e-01   9.6163872e-01   0.0000000e+00
   2.0000000e+03   1.0000000e+00   6.0000000e+00   1.0000000e+01   4.3000000e+01   4.9000000e+01  -5.3615914e+01  -3.8415117e+01   4.7763574e+02   1.2409504e+00   2.3844228e+00   0.0000000e+00
   2.0000000e+03   1.0000000e+00   6.0000000e+00   1.0000000e+01   4.5000000e+01   5.5000000e+01  -5.3611544e+01  -3.8416852e+01   4.9887127e+02   7.2376296e-01   1.3906735e+00   0.0000000e+00
   2.0000000e+03   1.0000000e+00   6.0000000e+00   1.0000000e+01   4.7000000e+01   5.3000000e+01  -5.3607031e+01  -3.8418484e+01   5.1293760e+02   1.5769533e+00   3.6805586e+00   0.0000000e+00
   2.0000000e+03   1.0000000e+00   6.0000000e+00   1.0000000e+01   4.9000000e+01   5.7000099e+01  -5.3602496e+01  -3.8419419e+01   5.0766586e+02   9.7584037e-02   9.3282765e-01   0.0000000e+00
   2.0000000e+03   1.0000000e+00   6.0000000e+00   1.0000000e+01   5.2000000e+01   1.1000000e+01  -5.3598321e+01  -3.8420453e+01   4.6897214e+02   1.3187362e-01   2.5338842e-01   0.0000000e+00
   2.0000000e+03   1.0000000e+00   6.0000000e+00   1.0000000e+01   5.4000000e+01   2.2000000e+01  -5.3593847e+01  -3.8421867e+01   5.0579557e+02   1.1344650e-01   4.5680122e-01   0.0000000e+00
   2.0000000e+03   1.0000000e+00   6.0000000e+00   1.0000000e+01   5.6000000e+01   2.2000000e+01  -5.3589455e+01  -3.8423359e+01   4.9787229e+02   9.8390433e-01   1.5923803e+00   0.0000000e+00
   2.0000000e+03   1.0000000e+00   6.0000000e+00   1.0000000e+01   5.8000000e+01   2.0000000e+01  -5.3584930e+01  -3.8424409e+01   5.0749860e+02   4.0124399e-01   1.2593800e+00   0.0000000e+00
   2.0000000e+03   1.0000000e+00   6.0000000e+00   1.1000000e+01   0.0000000e+00   2.3000000e+01  -5.3580578e+01  -3.8425752e+01   4.9164049e+02   5.8760715e-01   1.1290571e+00   0.0000000e+00
   2.0000000e+03   1.0000000e+00   6.0000000e+00   1.1000000e+01   2.0000000e+00   2.1000000e+01  -5.3576286e+01  -3.8427253e+01   4.8710465e+02   7.0282952e-02   3.6658353e-01   0.0000000e+00
   2.0000000e+03   1.0000000e+00   6.0000000e+00   1.1000000e+01   4.0000000e+00   2.1000000e+01  -5.3571748e+01  -3.8428588e+01   5.1191036e+02   1.3918729e+00   3.6012836e+00   0.0000000e+00
   2.0000000e+03   1.0000000e+00   6.0000000e+00   1.1000000e+01   6.0000000e+00   2.6999901e+01  -5.3567188e+01  -3.8429920e+01   5.1426941e+02   2.7214606e-01   6.3582367e-01   0.0000000e+00
   2.0000000e+03   1.0000000e+00   6.0000000e+00   1.1000000e+01   8.0000000e+00   3.0000000e+01  -5.3562876e+01  -3.8431514e+01   4.9056069e+02   0.0000000e+00   3.8345577e-01   0.0000000e+00
   2.0000000e+03   1.0000000e+00   6.0000000e+00   1.1000000e+01   1.0000000e+01   4.4000000e+01  -5.3558543e+01  -3.8433164e+01   4.9371809e+02   0.0000000e+00   0.0000000e+00   0.0000000e+00
   2.0000000e+03   1.0000000e+00   6.0000000e+00   1.1000000e+01   1.3000000e+01   0.0000000e+00  -5.3554263e+01  -3.8435247e+01   4.9502519e+02   3.2952828e+03   6.4042419e+03   0.0000000e+00
   2.0000000e+03   1.0000000e+00   6.0000000e+00   1.1000000e+01   1.5000000e+01   7.0000000e+00  -5.3549843e+01  -3.8436756e+01   5.0115479e+02   1.0167412e+00   2.2555269e+00   0.0000000e+00
   2.0000000e+03   1.0000000e+00   6.0000000e+00   1.1000000e+01   1.7000000e+01   1.3000099e+01  -5.3545460e+01  -3.8437906e+01   4.9295780e+02   2.8724382e-01   5.5192431e-01   0.0000000e+00
   2.0000000e+03   1.0000000e+00   6.0000000e+00   1.1000000e+01   1.9000000e+01   2.1000000e+01  -5.3540988e+01  -3.8439439e+01   5.0713495e+02   3.8123268e-02   2.4628327e-01   0.0000000e+00
   2.0000000e+03   1.0000000e+00   6.0000000e+00   1.1000000e+01   2.1000000e+01   2.5000000e+01  -5.3536743e+01  -3.8441073e+01   4.8380883e+02   2.0526508e-01   3.9440635e-01   0.0000000e+00
   2.0000000e+03   1.0000000e+00   6.0000000e+00   1.1000000e+01   2.3000000e+01   2.8000000e+01  -5.3532243e+01  -3.8442729e+01   5.1189782e+02   3.5814491e-01   6.8815713e-01   0.0000000e+00
   2.0000000e+03   1.0000000e+00   6.0000000e+00   1.1000000e+01   2.5000000e+01   3.6000000e+01  -5.3527793e+01  -3.8443764e+01   4.9919360e+02   5.6924364e-01   1.4498608e+00   2.6337357e-01
   2.0000000e+03   1.0000000e+00   6.0000000e+00   1.1000000e+01   2.7000000e+01   5.1000099e+01  -5.3523250e+01  -3.8444922e+01   5.1060541e+02   4.3917609e-01   1.2703895e+00   0.0000000e+00
   2.0000000e+03   1.0000000e+00   6.0000000e+00   1.1000000e+01   3.0000000e+01   5.0000000e+00  -5.3519071e+01  -3.8446033e+01   4.7008693e+02   1.4158030e+00   2.7203931e+00   0.0000000e+00
   2.0000000e+03   1.0000000e+00   6.0000000e+00   1.1000000e+01   3.2000000e+01   1.2000000e+01  -5.3514577e+01  -3.8446981e+01   5.0334269e+02   1.2113608e+00   2.6134792e+00   1.1066061e-01
   2.0000000e+03   1.0000000e+00   6.0000000e+00   1.1000000e+01   3.4000000e+01   1.5000000e+01  -5.3510143e+01  -3.8448323e+01   5.0057322e+02   1.5351052e+00   3.3479810e+00   0.0000000e+00
   2.0000000e+03   1.0000000e+00   6.0000000e+00   1.1000000e+01   3.6000000e+01   2.2000000e+01  -5.3505663e+01  -3.8449581e+01   5.0473325e+02   5.0937456e-01   1.1079574e+00   0.0000000e+00
   2.0000000e+03   1.0000000e+00   6.0000000e+00   1.1000000e+01   3.8000000e+01   3.5000000e+01  -5.3501378e+01  -3.8450739e+01   4.8226752e+02   1.5001196e+00   3.0894671e+00   0.0000000e+00
   2.0000000e+03   1.0000000e+00   6.0000000e+00   1.1000000e+01   4.0000000e+01   4.6000000e+01  -5.3496913e+01  -3.8451931e+01   5.0236096e+02   2.1183120e-01   4.0702281e-01   0.0000000e+00
   2.0000000e+03   1.0000000e+00   6.0000000e+00   1.1000000e+01   4.2000000e+01   5.5000000e+01  -5.3492522e+01  -3.8453472e+01   4.9848671e+02   9.9227771e-02   9.0014018e-01   0.0000000e+00
   2.0000000e+03   1.0000000e+00   6.0000000e+00   1.1000000e+01   4.4000000e+01   5.8000099e+01  -5.3487931e+01  -3.8454514e+01   5.1474549e+02   3.1921606e-01   6.1335733e-01   0.0000000e+00
   2.0000000e+03   1.0000000e+00   6.0000000e+00   1.1000000e+01   4.7000000e+01   7.0000000e+00  -5.3483616e+01  -3.8455439e+01   4.8330380e+02   8.6802425e+01   2.1129799e+02   0.0000000e+00
   2.0000000e+03   1.0000000e+00   6.0000000e+00   1.1000000e+01   4.9000000e+01   1.6000099e+01  -5.3479127e+01  -3.8456867e+01   5.0767630e+02   1.2790033e-01   2.4575394e-01   0.0000000e+00
   2.0000000e+03   1.0000000e+00   6.0000000e+00   1.1000000e+01   5.1000000e+01   1.9000000e+01  -5.3474710e+01  -3.8457962e+01   4.9613532e+02   4.2172960e-01   1.2213357e+00   0.0000000e+00
   2.0000000e+03   1.0000000e+00   6.0000000e+00   1.1000000e+01   5.3000000e+01   2.4000000e+01  -5.3470360e+01  -3.8459395e+01   4.9257473e+02   1.8588174e-01   1.2400599e+00   0.0000000e+00
   2.0000000e+03   1.0000000e+00   6.0000000e+00   1.1000000e+01   5.5000000e+01   3.1000000e+01  -5.3465798e+01  -3.8460851e+01   5.1600049e+02   1.5697025e+00   3.3294601e+00   0.0000000e+00
   2.0000000e+03   1.0000000e+00   6.0000000e+00   1.1000000e+01   5.7000000e+01   3.8000000e+01  -5.3461594e+01  -3.8462078e+01   4.7418797e+02   2.0538550e+00   4.3675935e+00   0.0000000e+00
   2.0000000e+03   1.0000000e+00   6.0000000e+00   1.1000000e+01   5.9000000e+01   4.0000000e+01  -5.3457094e+01  -3.8463545e+01   5.0936803e+02   4.5000828e-02   3.5282433e-01   0.0000000e+00
   2.0000000e+03   1.0000000e+00   6.0000000e+00   1.2000000e+01   1.0000000e+00   3.6000099e+01  -5.3452529e+01  -3.8464827e+01   5.1430942e+02   6.1113494e-02   3.9474370e-01   0.0000000e+00
   2.0000000e+03   1.0000000e+00   6.0000000e+00   1.2000000e+01   3.0000000e+00   4.0000000e+01  -5.3448194e+01  -3.8465944e+01   4.8731281e+02   2.1927210e-01   5.4229574e-01   0.0000000e+00
   2.0000000e+03   1.0000000e+00   6.0000000e+00   1.2000000e+01   5.0000000e+00   4.8000000e+01  -5.3443878e+01  -3.8467514e+01   4.9075239e+02   1.0349520e-01   1.9886074e-01   0.0000000e+00
   2.0000000e+03   1.0000000e+00   6.0000000e+00   1.2000000e+01   7.0000000e+00   5.1000000e+01  -5.3439462e+01  -3.8469061e+01   5.0131998e+02   6.9524222e-01   1.3358724e+00   0.0000000e+00
   2.0000000e+03   1.0000000e+00   6.0000000e+00   1.2000000e+01   9.0000000e+00   5.1000000e+01  -5.3435012e+01  -3.8470588e+01   5.0464350e+02   1.0478509e-01   3.6985041e-01   0.0000000e+00
   2.0000000e+03   1.0000000e+00   6.0000000e+00   1.2000000e+01   1.1000000e+01   5.5000000e+01  -5.3430495e+01  -3.8471339e+01   5.0439451e+02   6.7778522e-01   1.6140843e+00   0.0000000e+00
   2.0000000e+03   1.0000000e+00   6.0000000e+00   1.2000000e+01   1.4000000e+01   5.0000992e+00  -5.3426229e+01  -3.8472510e+01   4.8029349e+02   6.9726712e-01   1.7097322e+00   0.0000000e+00
   2.0000000e+03   1.0000000e+00   6.0000000e+00   1.2000000e+01   1.6000000e+01   1.0000000e+01  -5.3421783e+01  -3.8474047e+01   5.0447744e+02   1.3547567e+00   2.7138088e+00   0.0000000e+00
   2.0000000e+03   1.0000000e+00   6.0000000e+00   1.2000000e+01   1.8000000e+01   7.0000000e+00  -5.3417357e+01  -3.8474966e+01   4.9556107e+02   9.4113705e-02   1.7041034e+01   0.0000000e+00
   2.0000000e+03   1.0000000e+00   6.0000000e+00   1.2000000e+01   2.0000000e+01   8.0000000e+00  -5.3412995e+01  -3.8476527e+01   4.9557379e+02   2.0055050e-01   5.0247281e-01   0.0000000e+00
   2.0000000e+03   1.0000000e+00   6.0000000e+00   1.2000000e+01   2.2000000e+01   1.7000000e+01  -5.3408479e+01  -3.8477527e+01   5.0614457e+02   1.3257723e+02   2.5486460e+02   0.0000000e+00
   2.0000000e+03   1.0000000e+00   6.0000000e+00   1.2000000e+01   2.4000000e+01   2.2000000e+01  -5.3404330e+01  -3.8479313e+01   4.7607118e+02   1.5611482e+00   2.9996663e+00   0.0000000e+00
   2.0000000e+03   1.0000000e+00   6.0000000e+00   1.2000000e+01   2.6000000e+01   2.1000000e+01  -5.3399891e+01  -3.8480383e+01   4.9834496e+02   5.1913180e-01   1.1722430e+00   0.0000000e+00
   2.0000000e+03   1.0000000e+00   6.0000000e+00   1.2000000e+01   2.8000000e+01   2.7000000e+01  -5.3395491e+01  -3.8481572e+01   4.9512537e+02   5.0934369e-01   9.7867784e-01   0.0000000e+00
   2.0000000e+03   1.0000000e+00   6.0000000e+00   1.2000000e+01   3.0000000e+01   3.5000099e+01  -5.3391213e+01  -3.8483022e+01   4.8508743e+02   3.1698319e-01   1.0190819e+00   0.0000000e+00
   2.0000000e+03   1.0000000e+00   6.0000000e+00   1.2000000e+01   3.2000000e+01   3.8000000e+01  -5.3386700e+01  -3.8484017e+01   5.0575518e+02   5.3690261e-01   1.1162063e+00   0.0000000e+00
   2.0000000e+03   1.0000000e+00   6.0000000e+00   1.2000000e+01   3.4000000e+01   4.7000000e+01  -5.3382280e+01  -3.8484738e+01   4.9345372e+02   1.2844704e+00   2.4680441e+00   0.0000000e+00
   2.0000000e+03   1.0000000e+00   6.0000000e+00   1.2000000e+01   3.6000000e+01   5.6000000e+01  -5.3377784e+01  -3.8485493e+01   5.0213569e+02   8.8414952e-01   7.9211675e-01   0.0000000e+00
   2.0000000e+03   1.0000000e+00   6.0000000e+00   1.2000000e+01   3.8000000e+01   5.6000000e+01  -5.3373317e+01  -3.8486060e+01   4.9771866e+02   7.8207261e-01   1.5560407e+00   0.0000000e+00
   2.0000000e+03   1.0000000e+00   6.0000000e+00   1.2000000e+01   4.0000000e+01   5.9000000e+01  -5.3368914e+01  -3.8486888e+01   4.9240577e+02   3.7232971e-01   2.4312140e+00   0.0000000e+00
   2.0000000e+03   1.0000000e+00   6.0000000e+00   1.2000000e+01   4.3000000e+01   6.0000000e+00  -5.3364543e+01  -3.8488677e+01   4.9993842e+02   6.2581489e-01   1.3055783e+00   0.0000000e+00
   2.0000000e+03   1.0000000e+00   6.0000000e+00   1.2000000e+01   4.5000000e+01   1.1000000e+01  -5.3360196e+01  -3.8490033e+01   4.9129655e+02   1.1655393e+00   2.6387268e+00   0.0000000e+00
   2.0000000e+03   1.0000000e+00   6.0000000e+00   1.2000000e+01   4.7000000e+01   1.7000000e+01  -5.3355746e+01  -3.8490950e+01   4.9827411e+02   2.2678324e-01   5.0048718e-01   0.0000000e+00
   2.0000000e+03   1.0000000e+00   6.0000000e+00   1.2000000e+01   4.9000000e+01   2.0000000e+01  -5.3351364e+01  -3.8491713e+01   4.8954847e+02   1.1936867e+00   2.3845789e+00   0.0000000e+00
   2.0000000e+03   1.0000000e+00   6.0000000e+00   1.2000000e+01   5.1000000e+01   2.2000000e+01  -5.3346883e+01  -3.8493267e+01   5.0848155e+02   1.6011094e+00   3.0764498e+00   0.0000000e+00
   2.0000000e+03   1.0000000e+00   6.0000000e+00   1.2000000e+01   5.3000000e+01   2.7000000e+01  -5.3342493e+01  -3.8493950e+01   4.8993621e+02   1.1037212e+00   2.4463128e+00   0.0000000e+00
   2.0000000e+03   1.0000000e+00   6.0000000e+00   1.2000000e+01   5.5000000e+01   2.9000000e+01  -5.3338130e+01  -3.8495605e+01   4.9704787e+02   4.7224025e-01   9.0738548e-01   0.0000000e+00
   2.0000000e+03   1.0000000e+00   6.0000000e+00   1.2000000e+01   5.7000000e+01   2.7000000e+01  -5.3333805e+01  -3.8496817e+01   4.8726065e+02   1.3429476e+00   9.6958903e-01   0.0000000e+00
   2.0000000e+03   1.0000000e+00   6.0000000e+00   1.2000000e+01   5.9000000e+01   3.3000099e+01  -5.3329405e+01  -3.8497669e+01   4.9217472e+02   8.7705127e-01   1.6852091e+00   0.0000000e+00
   2.0000000e+03   1.0000000e+00   6.0000000e+00   1.3000000e+01   1.0000000e+00   4.3000099e+01  -5.3325158e+01  -3.8498538e+01   4.7544849e+02   3.5321065e-01   6.7867621e-01   0.0000000e+00
   2.0000000e+03   1.0000000e+00   6.0000000e+00   1.3000000e+01   3.0000000e+00   4.8000000e+01  -5.3320648e+01  -3.8500476e+01   5.1742920e+02   1.6631400e+02   3.1967525e+02   0.0000000e+00
   2.0000000e+03   1.0000000e+00   6.0000000e+00   1.3000000e+01   5.0000000e+00   5.2000000e+01  -5.3316317e+01  -3.8502173e+01   4.9425710e+02   8.5149179e-01   1.8159473e+00   0.0000000e+00
   2.0000000e+03   1.0000000e+00   6.0000000e+00   1.3000000e+01   7.0000000e+00   5.6000000e+01  -5.3311977e+01  -3.8503627e+01   4.9186515e+02   1.8058386e+00   3.5941948e+00   0.0000000e+00
   2.0000000e+03   1.0000000e+00   6.0000000e+00   1.3000000e+01   9.0000000e+00   5.9000000e+01  -5.3307547e+01  -3.8504760e+01   4.9795276e+02   2.0555344e+00   2.0394311e+00   0.0000000e+00
   2.0000000e+03   1.0000000e+00   6.0000000e+00   1.3000000e+01   1.2000000e+01   0.0000000e+00  -5.3303097e+01  -3.8506357e+01   5.0574108e+02   2.1830471e+00   4.2219140e+00   0.0000000e+00
   2.0000000e+03   1.0000000e+00   6.0000000e+00   1.3000000e+01   1.4000000e+01   5.0000000e+00  -5.3298515e+01  -3.8507471e+01   5.1448894e+02   1.1965605e+00   2.2991297e+00   0.0000000e+00
   2.0000000e+03   1.0000000e+00   6.0000000e+00   1.3000000e+01   1.6000000e+01   2.0000000e+01  -5.3294461e+01  -3.8508609e+01   4.5674299e+02   1.4792739e+00   2.8423491e+00   0.0000000e+00
   2.0000000e+03   1.0000000e+00   6.0000000e+00   1.3000000e+01   1.8000000e+01   3.5000000e+01  -5.3289898e+01  -3.8510159e+01   5.1735596e+02   4.4571957e+00   8.5642736e+00   0.0000000e+00
   2.0000000e+03   1.0000000e+00   6.0000000e+00   1.3000000e+01   2.0000000e+01   4.5000000e+01  -5.3285598e+01  -3.8511843e+01   4.9081478e+02   0.0000000e+00   3.0325386e-02   0.0000000e+00
   2.0000000e+03   1.0000000e+00   6.0000000e+00   1.3000000e+01   2.2000000e+01   5.1000000e+01  -5.3281093e+01  -3.8513021e+01   5.0658960e+02   1.1803114e-01   2.2679080e-01   0.0000000e+00
   2.0000000e+03   1.0000000e+00   6.0000000e+00   1.3000000e+01   2.4000000e+01   5.9000099e+01  -5.3276687e+01  -3.8514726e+01   5.0260813e+02   1.1118869e-01   2.1364339e-01   0.0000000e+00
   2.0000000e+03   1.0000000e+00   6.0000000e+00   1.3000000e+01   2.7000000e+01   1.0000000e+01  -5.3272415e+01  -3.8516413e+01   4.8776380e+02   9.1448752e-01   1.7571410e+00   0.0000000e+00
   2.0000000e+03   1.0000000e+00   6.0000000e+00   1.3000000e+01   2.9000000e+01   1.7000099e+01  -5.3268009e+01  -3.8518026e+01   5.0111211e+02   2.5802594e+00   4.9698412e+00   0.0000000e+00
   2.0000000e+03   1.0000000e+00   6.0000000e+00   1.3000000e+01   3.1000000e+01   3.2000000e+01  -5.3263699e+01  -3.8520275e+01   5.0174258e+02   2.4539221e-01   4.7150858e-01   0.0000000e+00
   2.0000000e+03   1.0000000e+00   6.0000000e+00   1.3000000e+01   3.3000000e+01   4.6000099e+01  -5.3259614e+01  -3.8522356e+01   4.7449890e+02   1.5062043e+00   2.8940946e+00   0.0000000e+00
   2.0000000e+03   1.0000000e+00   6.0000000e+00   1.3000000e+01   3.5000000e+01   5.6000099e+01  -5.3255111e+01  -3.8524526e+01   5.2081965e+02   3.9457847e-01   7.5816235e-01   0.0000000e+00
   2.0000000e+03   1.0000000e+00   6.0000000e+00   1.3000000e+01   3.8000000e+01   2.0000000e+01  -5.3250745e+01  -3.8526863e+01   5.0936630e+02   8.4810373e-01   1.6295879e+00   0.0000000e+00
   2.0000000e+03   1.0000000e+00   6.0000000e+00   1.3000000e+01   4.0000000e+01   4.2000099e+01  -5.3247036e+01  -3.8528726e+01   4.3041074e+02   4.2479163e+00   2.7808408e+00   0.0000000e+00
   2.0000000e+03   1.0000000e+00   6.0000000e+00   1.3000000e+01   4.2000000e+01   3.9000000e+01  -5.3242400e+01  -3.8530679e+01   5.3129632e+02   1.5058759e-01   4.3748411e-01   0.0000000e+00
   2.0000000e+03   1.0000000e+00   6.0000000e+00   1.3000000e+01   4.4000000e+01   3.1000000e+01  -5.3237799e+01  -3.8532575e+01   5.2652228e+02   4.9273400e+00   9.4676318e+00   0.0000000e+00
   2.0000000e+03   1.0000000e+00   6.0000000e+00   1.3000000e+01   4.6000000e+01   4.2000099e+01  -5.3233862e+01  -3.8535454e+01   4.7750777e+02   6.7041971e+00   1.3079049e+01   0.0000000e+00
