   2.0000000e+03   1.0000000e+00   4.0000000e+00   1.3000000e+01   3.4000000e+01   4.9000099e+01  -5.3299606e+01  -3.9033945e+01   4.9790439e+02   0.0000000e+00   0.0000000e+00   0.0000000e+00
   2.0000000e+03   1.0000000e+00   4.0000000e+00   1.3000000e+01   3.6000000e+01   4.7000000e+01  -5.3303989e+01  -3.9032833e+01   4.9255427e+02   1.3681161e-02   2.6287651e-02   0.0000000e+00
   2.0000000e+03   1.0000000e+00   4.0000000e+00   1.3000000e+01   3.8000000e+01   4.5000000e+01  -5.3308505e+01  -3.9031641e+01   5.0809631e+02   1.4292460e+00   2.8166573e+00   0.0000000e+00
   2.0000000e+03   1.0000000e+00   4.0000000e+00   1.3000000e+01   4.0000000e+01   4.8000000e+01  -5.3312901e+01  -3.9030687e+01   4.9251666e+02   5.9520052e+02   1.1436473e+03   0.0000000e+00
   2.0000000e+03   1.0000000e+00   4.0000000e+00   1.3000000e+01   4.2000000e+01   5.1000099e+01  -5.3317235e+01  -3.9029395e+01   4.8920140e+02   1.0593740e+00   2.5218590e+00   0.0000000e+00
   2.0000000e+03   1.0000000e+00   4.0000000e+00   1.3000000e+01   4.4000000e+01   4.4000000e+01  -5.3321747e+01  -3.9028008e+01   5.0970280e+02   2.1726146e-01   6.5920949e-01   0.0000000e+00
   2.0000000e+03   1.0000000e+00   4.0000000e+00   1.3000000e+01   4.6000000e+01   3.5000000e+01  -5.3326172e+01  -3.9027091e+01   4.9545566e+02   1.3942019e+01   1.4539406e+02   6.5111179e+01
   2.0000000e+03   1.0000000e+00   4.0000000e+00   1.3000000e+01   4.8000000e+01   3.2000099e+01  -5.3330501e+01  -3.9025741e+01   4.8931038e+02   1.7935527e+00   3.5189488e+00   0.0000000e+00
   2.0000000e+03   1.0000000e+00   4.0000000e+00   1.3000000e+01   5.0000000e+01   3.3000000e+01  -5.3334986e+01  -3.9024412e+01   5.0615528e+02   1.5143263e+00   3.7412208e+00   1.6915888e-01
   2.0000000e+03   1.0000000e+00   4.0000000e+00   1.3000000e+01   5.2000000e+01   3.3000000e+01  -5.3339417e+01  -3.9023162e+01   4.9935663e+02   6.6713097e-01   1.5299030e+00   0.0000000e+00
   2.0000000e+03   1.0000000e+00   4.0000000e+00   1.3000000e+01   5.4000000e+01   3.0000000e+01  -5.3343734e+01  -3.9021804e+01   4.8808258e+02   3.0845875e+02   7.6399237e+02   0.0000000e+00
   2.0000000e+03   1.0000000e+00   4.0000000e+00   1.3000000e+01   5.6000000e+01   2.3000000e+01  -5.3348189e+01  -3.9020862e+01   4.9890134e+02   1.7469557e+02   3.3566860e+02   1.4368612e+02
   2.0000000e+03   1.0000000e+00   4.0000000e+00   1.3000000e+01   5.8000000e+01   1.6000099e+01  -5.3352635e+01  -3.9019378e+01   5.0374119e+02   7.8189687e-01   1.5023748e+00   0.0000000e+00
   2.0000000e+03   1.0000000e+00   4.0000000e+00   1.4000000e+01   0.0000000e+00   1.5000000e+01  -5.3356935e+01  -3.9017495e+01   4.9387167e+02   5.7499433e-01   1.1048222e+00   0.0000000e+00
   2.0000000e+03   1.0000000e+00   4.0000000e+00   1.4000000e+01   2.0000000e+00   1.3000000e+01  -5.3361306e+01  -3.9016467e+01   4.9052901e+02   1.6572878e+00   3.4246862e+00   0.0000000e+00
   2.0000000e+03   1.0000000e+00   4.0000000e+00   1.4000000e+01   4.0000000e+00   6.0000000e+00  -5.3365764e+01  -3.9015287e+01   5.0146125e+02   7.4658355e-01   1.4345221e+00   0.0000000e+00
   2.0000000e+03   1.0000000e+00   4.0000000e+00   1.4000000e+01   5.0000000e+00   5.8000099e+01  -5.3370147e+01  -3.9014008e+01   4.9442450e+02   1.5465254e+00   2.9715694e+00   0.0000000e+00
   2.0000000e+03   1.0000000e+00   4.0000000e+00   1.4000000e+01   7.0000000e+00   4.9999901e+01  -5.3374664e+01  -3.9012474e+01   5.1210621e+02   1.9105787e+00   4.0202433e+00   0.0000000e+00
   2.0000000e+03   1.0000000e+00   4.0000000e+00   1.4000000e+01   9.0000000e+00   4.6000000e+01  -5.3379031e+01  -3.9011404e+01   4.9043170e+02   0.0000000e+00   1.7225497e-01   0.0000000e+00
   2.0000000e+03   1.0000000e+00   4.0000000e+00   1.4000000e+01   1.1000000e+01   4.4000000e+01  -5.3383285e+01  -3.9009611e+01   4.8737986e+02   1.0669338e+00   2.0922867e+00   0.0000000e+00
   2.0000000e+03   1.0000000e+00   4.0000000e+00   1.4000000e+01   1.3000000e+01   4.0000000e+01  -5.3387702e+01  -3.9007824e+01   5.0486943e+02   7.4777742e-01   1.6957696e+00   0.0000000e+00
   2.0000000e+03   1.0000000e+00   4.0000000e+00   1.4000000e+01   1.5000000e+01   3.7000000e+01  -5.3391939e+01  -3.9005895e+01   4.8792078e+02   2.9986427e-01   5.7617386e-01   0.0000000e+00
   2.0000000e+03   1.0000000e+00   4.0000000e+00   1.4000000e+01   1.7000000e+01   2.8000000e+01  -5.3396399e+01  -3.9004683e+01   5.0204723e+02   3.3292572e-01   6.8602451e-01   4.0791490e-01
   2.0000000e+03   1.0000000e+00   4.0000000e+00   1.4000000e+01   1.9000000e+01   1.4000099e+01  -5.3400881e+01  -3.9003841e+01   5.0112157e+02   7.7172760e-01   2.0040957e+00   0.0000000e+00
   2.0000000e+03   1.0000000e+00   4.0000000e+00   1.4000000e+01   2.1000000e+01   5.0000992e+00  -5.3405323e+01  -3.9002324e+01   5.0370223e+02   1.1652620e+00   2.5744864e+00   0.0000000e+00
   2.0000000e+03   1.0000000e+00   4.0000000e+00   1.4000000e+01   2.2000000e+01   5.9000000e+01  -5.3409606e+01  -3.9000491e+01   4.9123964e+02   4.6940537e+01   1.1127360e+02   0.0000000e+00
   2.0000000e+03   1.0000000e+00   4.0000000e+00   1.4000000e+01   2.4000000e+01   5.4000099e+01  -5.3413965e+01  -3.8998911e+01   4.9546946e+02   1.2509770e+00   2.4036884e+00   0.0000000e+00
   2.0000000e+03   1.0000000e+00   4.0000000e+00   1.4000000e+01   2.6000000e+01   5.0000000e+01  -5.3418381e+01  -3.8997671e+01   4.9755462e+02   2.8145207e-01   5.4079576e-01   0.0000000e+00
   2.0000000e+03   1.0000000e+00   4.0000000e+00   1.4000000e+01   2.8000000e+01   4.2000000e+01  -5.3422767e+01  -3.8996540e+01   4.9309106e+02   4.6521155e-01   1.1412730e+00   0.0000000e+00
   2.0000000e+03   1.0000000e+00   4.0000000e+00   1.4000000e+01   3.0000000e+01   3.4000000e+01  -5.3427318e+01  -3.8995504e+01   5.1039742e+02   2.6544326e+00   5.2326313e+00   0.0000000e+00
   2.0000000e+03   1.0000000e+00   4.0000000e+00   1.4000000e+01   3.2000000e+01   3.4000000e+01  -5.3431684e+01  -3.8994428e+01   4.9035260e+02   4.4033196e-01   1.3179460e+00   0.0000000e+00
   2.0000000e+03   1.0000000e+00   4.0000000e+00   1.4000000e+01   3.4000000e+01   3.3000000e+01  -5.3436005e+01  -3.8992858e+01   4.9128759e+02   8.6099576e-01   2.0570419e+00   0.0000000e+00
   2.0000000e+03   1.0000000e+00   4.0000000e+00   1.4000000e+01   3.6000000e+01   2.5000000e+01  -5.3440473e+01  -3.8991591e+01   5.0348574e+02   7.4763680e-01   1.7834743e+00   0.0000000e+00
   2.0000000e+03   1.0000000e+00   4.0000000e+00   1.4000000e+01   3.8000000e+01   1.9000000e+01  -5.3444934e+01  -3.8990717e+01   4.9908508e+02   2.2533034e-01   4.3296072e-01   0.0000000e+00
   2.0000000e+03   1.0000000e+00   4.0000000e+00   1.4000000e+01   4.0000000e+01   1.6000000e+01  -5.3449297e+01  -3.8989604e+01   4.9031296e+02   0.0000000e+00   0.0000000e+00   0.0000000e+00
   2.0000000e+03   1.0000000e+00   4.0000000e+00   1.4000000e+01   4.2000000e+01   1.0000000e+01  -5.3453730e+01  -3.8988075e+01   5.0291869e+02   0.0000000e+00   0.0000000e+00   0.0000000e+00
   2.0000000e+03   1.0000000e+00   4.0000000e+00   1.4000000e+01   4.4000000e+01   4.0000000e+00  -5.3458065e+01  -3.8986533e+01   4.9237815e+02   0.0000000e+00   0.0000000e+00   0.0000000e+00
   2.0000000e+03   1.0000000e+00   4.0000000e+00   1.4000000e+01   4.6000000e+01   3.0000992e+00  -5.3462501e+01  -3.8985454e+01   4.9803855e+02   2.8738213e+02   5.5230060e+02   0.0000000e+00
   2.0000000e+03   1.0000000e+00   4.0000000e+00   1.4000000e+01   4.7000000e+01   5.9000000e+01  -5.3466855e+01  -3.8983991e+01   4.9343717e+02   4.2341303e-01   8.5090380e-01   0.0000000e+00
   2.0000000e+03   1.0000000e+00   4.0000000e+00   1.4000000e+01   4.9000000e+01   4.8000000e+01  -5.3471430e+01  -3.8982558e+01   5.1713420e+02   1.1120723e+00   2.2115964e+00   0.0000000e+00
   2.0000000e+03   1.0000000e+00   4.0000000e+00   1.4000000e+01   5.1000000e+01   4.0000000e+01  -5.3475717e+01  -3.8981108e+01   4.8589291e+02   5.2067171e-01   1.0004441e+00   0.0000000e+00
   2.0000000e+03   1.0000000e+00   4.0000000e+00   1.4000000e+01   5.3000000e+01   3.4000099e+01  -5.3480101e+01  -3.8979737e+01   4.9552096e+02   1.3162104e-01   6.3597165e-01   0.0000000e+00
   2.0000000e+03   1.0000000e+00   4.0000000e+00   1.4000000e+01   5.5000000e+01   2.7000099e+01  -5.3484621e+01  -3.8978762e+01   5.0639390e+02   8.7343403e-01   1.9112868e+00   0.0000000e+00
   2.0000000e+03   1.0000000e+00   4.0000000e+00   1.4000000e+01   5.7000000e+01   2.3000000e+01  -5.3488950e+01  -3.8977058e+01   4.9408945e+02   1.3486932e-01   4.6582778e-01   0.0000000e+00
   2.0000000e+03   1.0000000e+00   4.0000000e+00   1.4000000e+01   5.9000000e+01   1.7000099e+01  -5.3493305e+01  -3.8975762e+01   4.9140429e+02   2.6631382e+00   5.5285063e+00   0.0000000e+00
   2.0000000e+03   1.0000000e+00   4.0000000e+00   1.5000000e+01   1.0000000e+00   8.0000000e+00  -5.3497801e+01  -3.8974375e+01   5.0794765e+02   4.1150558e+00   7.9068692e+00   0.0000000e+00
   2.0000000e+03   1.0000000e+00   4.0000000e+00   1.5000000e+01   3.0000000e+00   2.0000000e+00  -5.3502150e+01  -3.8972921e+01   4.9279515e+02   1.3008019e+00   2.4994242e+00   0.0000000e+00
   2.0000000e+03   1.0000000e+00   4.0000000e+00   1.5000000e+01   4.0000000e+00   5.8000099e+01  -5.3506563e+01  -3.8972154e+01   4.9293806e+02   2.3897384e-01   4.5917602e-01   0.0000000e+00
   2.0000000e+03   1.0000000e+00   4.0000000e+00   1.5000000e+01   6.0000000e+00   5.0000000e+01  -5.3510980e+01  -3.8971187e+01   4.9491910e+02   1.3019637e+00   2.9956573e+00   0.0000000e+00
   2.0000000e+03   1.0000000e+00   4.0000000e+00   1.5000000e+01   8.0000000e+00   4.1000000e+01  -5.3515500e+01  -3.8969425e+01   5.1568245e+02   7.4638983e-01   1.8817551e+00   0.0000000e+00
   2.0000000e+03   1.0000000e+00   4.0000000e+00   1.5000000e+01   1.0000000e+01   4.0000000e+01  -5.3519701e+01  -3.8967579e+01   4.8240381e+02   3.9709887e-01   1.1734780e+00   0.0000000e+00
   2.0000000e+03   1.0000000e+00   4.0000000e+00   1.5000000e+01   1.2000000e+01   3.9000000e+01  -5.3524105e+01  -3.8966325e+01   4.9636992e+02   7.4175576e+02   1.4267867e+03   4.8697051e+02
   2.0000000e+03   1.0000000e+00   4.0000000e+00   1.5000000e+01   1.4000000e+01   3.3999901e+01  -5.3528629e+01  -3.8965150e+01   5.0869511e+02   3.2303079e+02   6.2141841e+02   2.0650213e+02
   2.0000000e+03   1.0000000e+00   4.0000000e+00   1.5000000e+01   1.6000000e+01   2.9000000e+01  -5.3532888e+01  -3.8964179e+01   4.7749509e+02   1.3066286e+00   2.5106199e+00   0.0000000e+00
   2.0000000e+03   1.0000000e+00   4.0000000e+00   1.5000000e+01   1.8000000e+01   1.8000000e+01  -5.3537462e+01  -3.8963221e+01   5.1229856e+02   2.9717289e-01   7.9433672e-01   0.0000000e+00
   2.0000000e+03   1.0000000e+00   4.0000000e+00   1.5000000e+01   2.0000000e+01   5.0000000e+00  -5.3541900e+01  -3.8962033e+01   4.9930228e+02   6.2467564e-01   1.3332169e+00   0.0000000e+00
   2.0000000e+03   1.0000000e+00   4.0000000e+00   1.5000000e+01   2.1000000e+01   5.7000099e+01  -5.3546221e+01  -3.8960575e+01   4.8972810e+02   1.8734906e-01   4.5457115e-01   0.0000000e+00
   2.0000000e+03   1.0000000e+00   4.0000000e+00   1.5000000e+01   2.3000000e+01   5.0000000e+01  -5.3550646e+01  -3.8959171e+01   5.0036776e+02   9.0702321e-01   1.9338617e+00   0.0000000e+00
   2.0000000e+03   1.0000000e+00   4.0000000e+00   1.5000000e+01   2.5000000e+01   4.0000000e+01  -5.3555029e+01  -3.8958121e+01   4.9193712e+02   1.0032254e+00   4.4430960e+00   3.1806408e+00
   2.0000000e+03   1.0000000e+00   4.0000000e+00   1.5000000e+01   2.7000000e+01   2.7000000e+01  -5.3559504e+01  -3.8956862e+01   5.0415108e+02   9.4723261e-01   2.2785450e+00   0.0000000e+00
   2.0000000e+03   1.0000000e+00   4.0000000e+00   1.5000000e+01   2.9000000e+01   1.9000000e+01  -5.3563971e+01  -3.8955883e+01   5.0056235e+02   1.8420747e-01   9.7299444e-01   0.0000000e+00
   2.0000000e+03   1.0000000e+00   4.0000000e+00   1.5000000e+01   3.1000000e+01   1.5000000e+01  -5.3568390e+01  -3.8955074e+01   4.9395070e+02   2.9562898e+02   5.6803597e+02   0.0000000e+00
   2.0000000e+03   1.0000000e+00   4.0000000e+00   1.5000000e+01   3.3000000e+01   9.0000000e+00  -5.3572829e+01  -3.8953662e+01   5.0191994e+02   1.9370618e-01   3.7219653e-01   0.0000000e+00
   2.0000000e+03   1.0000000e+00   4.0000000e+00   1.5000000e+01   3.5000000e+01   3.0000992e+00  -5.3577291e+01  -3.8952412e+01   5.0262250e+02   5.9208340e-01   2.0569907e+00   1.1507382e-01
   2.0000000e+03   1.0000000e+00   4.0000000e+00   1.5000000e+01   3.6000000e+01   5.6000000e+01  -5.3581696e+01  -3.8952133e+01   4.8990947e+02   0.0000000e+00   4.7698827e-01   0.0000000e+00
   2.0000000e+03   1.0000000e+00   4.0000000e+00   1.5000000e+01   3.8000000e+01   4.9000000e+01  -5.3586168e+01  -3.8951629e+01   4.9797836e+02   2.5592025e-01   4.9173767e-01   0.0000000e+00
   2.0000000e+03   1.0000000e+00   4.0000000e+00   1.5000000e+01   4.0000000e+01   4.3000000e+01  -5.3590638e+01  -3.8950475e+01   5.0251837e+02   2.0917640e+00   4.2238315e+00   0.0000000e+00
   2.0000000e+03   1.0000000e+00   4.0000000e+00   1.5000000e+01   4.2000000e+01   3.6000099e+01  -5.3594967e+01  -3.8950054e+01   4.8184707e+02   2.2035766e+00   4.6090434e+00   0.0000000e+00
   2.0000000e+03   1.0000000e+00   4.0000000e+00   1.5000000e+01   4.4000000e+01   2.6000000e+01  -5.3599630e+01  -3.8949537e+01   5.1922495e+02   1.9193000e+00   3.6878368e+00   0.0000000e+00
   2.0000000e+03   1.0000000e+00   4.0000000e+00   1.5000000e+01   4.6000000e+01   1.7000000e+01  -5.3604038e+01  -3.8949117e+01   4.9063975e+02   4.4638222e-01   1.2455689e+00   0.0000000e+00
   2.0000000e+03   1.0000000e+00   4.0000000e+00   1.5000000e+01   4.8000000e+01   9.0000992e+00  -5.3608455e+01  -3.8948375e+01   4.9321150e+02   2.0693595e-01   7.2581614e-01   0.0000000e+00
   2.0000000e+03   1.0000000e+00   4.0000000e+00   1.5000000e+01   4.9000000e+01   5.7000000e+01  -5.3612957e+01  -3.8947357e+01   5.0478326e+02   5.4777738e-02   1.0525262e-01   0.0000000e+00
   2.0000000e+03   1.0000000e+00   4.0000000e+00   1.5000000e+01   5.1000000e+01   4.9000000e+01  -5.3617355e+01  -3.8946183e+01   4.9474978e+02   4.1834952e-01   1.2685490e+00   0.0000000e+00
   2.0000000e+03   1.0000000e+00   4.0000000e+00   1.5000000e+01   5.3000000e+01   4.5000000e+01  -5.3621788e+01  -3.8945441e+01   4.9509507e+02   1.8381494e-01   3.6530943e-01   0.0000000e+00
   2.0000000e+03   1.0000000e+00   4.0000000e+00   1.5000000e+01   5.5000000e+01   4.0000000e+01  -5.3626151e+01  -3.8944025e+01   4.9365688e+02   1.1000178e-01   3.6517938e-01   0.0000000e+00
   2.0000000e+03   1.0000000e+00   4.0000000e+00   1.5000000e+01   5.7000000e+01   3.0000000e+01  -5.3630609e+01  -3.8942804e+01   5.0193353e+02   5.6406731e-01   1.0838265e+00   0.0000000e+00
   2.0000000e+03   1.0000000e+00   4.0000000e+00   1.5000000e+01   5.9000000e+01   1.4000099e+01  -5.3635148e+01  -3.8941967e+01   5.0737665e+02   1.0567477e+00   2.7396701e+00   6.8084566e-01
   2.0000000e+03   1.0000000e+00   4.0000000e+00   1.6000000e+01   1.0000000e+00   1.0000000e+00  -5.3639555e+01  -3.8941196e+01   4.9225190e+02   2.0132266e-01   3.8683120e-01   0.0000000e+00
   2.0000000e+03   1.0000000e+00   4.0000000e+00   1.6000000e+01   2.0000000e+00   5.5000099e+01  -5.3643817e+01  -3.8939725e+01   4.8341546e+02   4.1483237e-01   7.9707917e-01   2.2549421e-01
   2.0000000e+03   1.0000000e+00   4.0000000e+00   1.6000000e+01   4.0000000e+00   4.5000000e+01  -5.3648225e+01  -3.8937925e+01   5.0399800e+02   7.1735155e-01   1.5415175e+00   0.0000000e+00
   2.0000000e+03   1.0000000e+00   4.0000000e+00   1.6000000e+01   6.0000000e+00   2.9999901e+01  -5.3652796e+01  -3.8936617e+01   5.1516823e+02   3.6555773e+00   7.0924288e+00   1.0744841e+00
   2.0000000e+03   1.0000000e+00   4.0000000e+00   1.6000000e+01   8.0000000e+00   2.5000000e+01  -5.3657083e+01  -3.8935208e+01   4.8537051e+02   3.6105698e-01   6.9375252e-01   0.0000000e+00
   2.0000000e+03   1.0000000e+00   4.0000000e+00   1.6000000e+01   1.0000000e+01   2.2000000e+01  -5.3661429e+01  -3.8933846e+01   4.9117325e+02   3.3364179e+00   6.4107563e+00   0.0000000e+00
   2.0000000e+03   1.0000000e+00   4.0000000e+00   1.6000000e+01   1.2000000e+01   1.3000000e+01  -5.3665918e+01  -3.8932408e+01   5.0765295e+02   1.1620470e+01   2.3086121e+01   0.0000000e+00
   2.0000000e+03   1.0000000e+00   4.0000000e+00   1.6000000e+01   1.4000000e+01   2.0000992e+00  -5.3670213e+01  -3.8930554e+01   4.9261332e+02   1.9894853e+00   4.9808788e+00   0.0000000e+00
   2.0000000e+03   1.0000000e+00   4.0000000e+00   1.6000000e+01   1.5000000e+01   4.9000000e+01  -5.3674637e+01  -3.8928504e+01   5.0988760e+02   8.0623482e-01   1.5491390e+00   0.0000000e+00
   2.0000000e+03   1.0000000e+00   4.0000000e+00   1.6000000e+01   1.7000000e+01   3.8000000e+01  -5.3678936e+01  -3.8926574e+01   4.9422615e+02   1.6544037e+00   4.1021946e+00   0.0000000e+00
   2.0000000e+03   1.0000000e+00   4.0000000e+00   1.6000000e+01   1.9000000e+01   2.6000099e+01  -5.3683096e+01  -3.8924146e+01   4.8911426e+02   6.8525056e-02   1.3166739e-01   0.0000000e+00
   2.0000000e+03   1.0000000e+00   4.0000000e+00   1.6000000e+01   2.1000000e+01   8.0000992e+00  -5.3687346e+01  -3.8921450e+01   5.0448362e+02   1.2562641e-01   2.8596213e-01   0.0000000e+00
   2.0000000e+03   1.0000000e+00   4.0000000e+00   1.6000000e+01   2.2000000e+01   5.2000000e+01  -5.3691663e+01  -3.8919112e+01   5.0381473e+02   1.2642000e+00   2.4290957e+00   0.0000000e+00
   2.0000000e+03   1.0000000e+00   4.0000000e+00   1.6000000e+01   2.4000000e+01   4.1000099e+01  -5.3695887e+01  -3.8916671e+01   4.9606876e+02   5.6193267e-01   2.5388528e+00   1.4301581e+00
   2.0000000e+03   1.0000000e+00   4.0000000e+00   1.6000000e+01   2.6000000e+01   3.1000099e+01  -5.3700120e+01  -3.8914054e+01   5.0091473e+02   8.1065323e-01   1.5576287e+00   0.0000000e+00
   2.0000000e+03   1.0000000e+00   4.0000000e+00   1.6000000e+01   2.8000000e+01   1.8000000e+01  -5.3704305e+01  -3.8911717e+01   4.8976911e+02   1.7367383e-01   3.3370538e-01   0.0000000e+00
   2.0000000e+03   1.0000000e+00   4.0000000e+00   1.6000000e+01   3.0000000e+01   7.0000000e+00  -5.3708698e+01  -3.8909464e+01   5.1009012e+02   1.3438626e+00   2.5821633e+00   1.1304518e-01
   2.0000000e+03   1.0000000e+00   4.0000000e+00   1.6000000e+01   3.1000000e+01   5.6000000e+01  -5.3712895e+01  -3.8907688e+01   4.8085719e+02   1.6436833e-02   4.3902385e-02   3.1582534e-02
   2.0000000e+03   1.0000000e+00   4.0000000e+00   1.6000000e+01   3.3000000e+01   4.4000099e+01  -5.3717413e+01  -3.8905858e+01   5.1626264e+02   3.0103287e-01   5.7841925e-01   0.0000000e+00
   2.0000000e+03   1.0000000e+00   4.0000000e+00   1.6000000e+01   3.5000000e+01   3.3000000e+01  -5.3721658e+01  -3.8904307e+01   4.8257137e+02   1.2972778e-01   2.5909203e-01   0.0000000e+00
   2.0000000e+03   1.0000000e+00   4.0000000e+00   1.6000000e+01   3.7000000e+01   2.4000000e+01  -5.3726095e+01  -3.8903092e+01   4.9950893e+02   3.9010918e-01   3.0478317e-01   0.0000000e+00
   2.0000000e+03   1.0000000e+00   4.0000000e+00   1.6000000e+01   3.9000000e+01   1.2000000e+01  -5.3730595e+01  -3.8901825e+01   5.0692600e+02   6.4032352e-02   5.2334824e-01   0.0000000e+00
   2.0000000e+03   1.0000000e+00   4.0000000e+00   1.6000000e+01   4.1000000e+01   3.0000000e+00  -5.3734950e+01  -3.8900296e+01   4.9417614e+02   3.9622306e-02   1.1978299e-01   7.3550795e-02
   2.0000000e+03   1.0000000e+00   4.0000000e+00   1.6000000e+01   4.2000000e+01   5.3000000e+01  -5.3739337e+01  -3.8898746e+01   4.9805947e+02   1.4866704e+00   2.8780590e+00   0.0000000e+00
   2.0000000e+03   1.0000000e+00   4.0000000e+00   1.6000000e+01   4.4000000e+01   3.5000000e+01  -5.3743770e+01  -3.8897513e+01   4.9925630e+02   6.5645671e-01   6.9332946e-01   0.0000000e+00
   2.0000000e+03   1.0000000e+00   4.0000000e+00   1.6000000e+01   4.6000000e+01   1.5999901e+01  -5.3748245e+01  -3.8896359e+01   5.0300148e+02   4.6479629e-01   6.4275184e-01   0.0000000e+00
   2.0000000e+03   1.0000000e+00   4.0000000e+00   1.6000000e+01   4.8000000e+01   4.0000000e+00  -5.3752617e+01  -3.8895054e+01   4.9324850e+02   2.1079106e+00   4.5413788e+00   0.0000000e+00
   2.0000000e+03   1.0000000e+00   4.0000000e+00   1.6000000e+01   4.9000000e+01   5.6000000e+01  -5.3756983e+01  -3.8893704e+01   4.9318640e+02   4.2099120e-01   1.1155749e+00   0.0000000e+00
   2.0000000e+03   1.0000000e+00   4.0000000e+00   1.6000000e+01   5.1000000e+01   4.5000000e+01  -5.3761389e+01  -3.8892346e+01   4.9771253e+02   1.7132324e-02   1.1304648e-01   0.0000000e+00
   2.0000000e+03   1.0000000e+00   4.0000000e+00   1.6000000e+01   5.3000000e+01   3.1000000e+01  -5.3765853e+01  -3.8890979e+01   5.0411660e+02   6.4932250e-02   1.2476400e-01   0.0000000e+00
   2.0000000e+03   1.0000000e+00   4.0000000e+00   1.6000000e+01   5.5000000e+01   1.9000000e+01  -5.3770270e+01  -3.8889275e+01   5.0334245e+02   0.0000000e+00   0.0000000e+00   0.0000000e+00
   2.0000000e+03   1.0000000e+00   4.0000000e+00   1.6000000e+01   5.7000000e+01   8.0000000e+00  -5.3774628e+01  -3.8887888e+01   4.9283338e+02   0.0000000e+00   2.5246601e-02   0.0000000e+00
   2.0000000e+03   1.0000000e+00   4.0000000e+00   1.6000000e+01   5.8000000e+01   5.6000000e+01  -5.3779045e+01  -3.8886359e+01   5.0094480e+02   4.5889360e-02   8.8174058e-02   0.0000000e+00
   2.0000000e+03   1.0000000e+00   4.0000000e+00   1.7000000e+01   0.0000000e+00   4.2000000e+01  -5.3783395e+01  -3.8884804e+01   4.9398097e+02   1.8543340e-01   3.5630080e-01   0.0000000e+00
   2.0000000e+03   1.0000000e+00   4.0000000e+00   1.7000000e+01   2.0000000e+00   2.9000000e+01  -5.3787685e+01  -3.8882812e+01   4.9431607e+02   2.1828751e+00   4.2289461e+00   0.0000000e+00
   2.0000000e+03   1.0000000e+00   4.0000000e+00   1.7000000e+01   4.0000000e+00   2.2000000e+01  -5.3792192e+01  -3.8881305e+01   5.1049348e+02   3.9521644e+00   7.5938818e+00   5.7188440e+00
   2.0000000e+03   1.0000000e+00   4.0000000e+00   1.7000000e+01   6.0000000e+00   1.3000000e+01  -5.3796483e+01  -3.8879542e+01   4.9066063e+02   1.0548986e+01   1.8500934e+01   0.0000000e+00
   2.0000000e+03   1.0000000e+00   4.0000000e+00   1.7000000e+01   8.0000000e+00   3.0000000e+00  -5.3800770e+01  -3.8877492e+01   4.9505663e+02   1.7114564e-01   3.5642759e-01   0.0000000e+00
   2.0000000e+03   1.0000000e+00   4.0000000e+00   1.7000000e+01   9.0000000e+00   4.9000099e+01  -5.3805120e+01  -3.8875342e+01   5.0353107e+02   2.5229420e-01   6.2358009e-01   0.0000000e+00
   2.0000000e+03   1.0000000e+00   4.0000000e+00   1.7000000e+01   1.1000000e+01   3.6000000e+01  -5.3809546e+01  -3.8873888e+01   5.0101871e+02   3.6620074e-01   7.0363598e-01   0.0000000e+00
   2.0000000e+03   1.0000000e+00   4.0000000e+00   1.7000000e+01   1.3000000e+01   2.3000099e+01  -5.3813835e+01  -3.8872283e+01   4.8802664e+02   2.2291156e-01   8.2271136e-01   0.0000000e+00
   2.0000000e+03   1.0000000e+00   4.0000000e+00   1.7000000e+01   1.5000000e+01   1.0000000e+01  -5.3818279e+01  -3.8870596e+01   5.0612884e+02   6.6950124e-01   1.2864124e+00   0.0000000e+00
   2.0000000e+03   1.0000000e+00   4.0000000e+00   1.7000000e+01   1.6000000e+01   5.8000000e+01  -5.3822549e+01  -3.8868746e+01   4.8976421e+02   4.6020944e-01   9.3072566e-01   0.0000000e+00
   2.0000000e+03   1.0000000e+00   4.0000000e+00   1.7000000e+01   1.8000000e+01   4.3000000e+01  -5.3827004e+01  -3.8867275e+01   5.0435550e+02   9.0261922e-01   1.7966722e+00   0.0000000e+00
   2.0000000e+03   1.0000000e+00   4.0000000e+00   1.7000000e+01   2.0000000e+01   2.5000000e+01  -5.3831508e+01  -3.8866038e+01   5.0696734e+02   1.5613057e+00   2.9999691e+00   1.8597441e-01
   2.0000000e+03   1.0000000e+00   4.0000000e+00   1.7000000e+01   2.2000000e+01   1.1000000e+01  -5.3835924e+01  -3.8864575e+01   5.0006393e+02   1.8800117e+00   3.6123464e+00   5.3892618e-01
   2.0000000e+03   1.0000000e+00   4.0000000e+00   1.7000000e+01   2.4000000e+01   2.0000000e+00  -5.3840129e+01  -3.8862704e+01   4.8302840e+02   7.8236353e-01   1.5032715e+00   0.0000000e+00
   2.0000000e+03   1.0000000e+00   4.0000000e+00   1.7000000e+01   2.5000000e+01   5.1000000e+01  -5.3844556e+01  -3.8860803e+01   5.0754037e+02   3.9344279e-01   8.9909424e-01   0.0000000e+00
   2.0000000e+03   1.0000000e+00   4.0000000e+00   1.7000000e+01   2.7000000e+01   3.6000000e+01  -5.3848899e+01  -3.8859117e+01   4.9500619e+02   8.3572755e-01   1.7414698e+00   0.0000000e+00
   2.0000000e+03   1.0000000e+00   4.0000000e+00   1.7000000e+01   2.9000000e+01   2.1000000e+01  -5.3853305e+01  -3.8857529e+01   5.0054768e+02   1.4171531e+00   2.8031729e+00   0.0000000e+00
   2.0000000e+03   1.0000000e+00   4.0000000e+00   1.7000000e+01   3.1000000e+01   9.0000000e+00  -5.3857673e+01  -3.8856074e+01   4.9465169e+02   8.5169145e-01   1.6364816e+00   0.0000000e+00
   2.0000000e+03   1.0000000e+00   4.0000000e+00   1.7000000e+01   3.2000000e+01   5.8000000e+01  -5.3862096e+01  -3.8854858e+01   4.9792376e+02   9.6966780e-01   1.8875796e+00   0.0000000e+00
   2.0000000e+03   1.0000000e+00   4.0000000e+00   1.7000000e+01   3.4000000e+01   4.6000099e+01  -5.3866478e+01  -3.8853104e+01   5.0033995e+02   2.1670503e+00   4.2894114e+00   1.0202501e+00
   2.0000000e+03   1.0000000e+00   4.0000000e+00   1.7000000e+01   3.6000000e+01   3.4000000e+01  -5.3870861e+01  -3.8851342e+01   5.0052742e+02   3.1718506e+00   6.0945486e+00   2.2797849e+00
   2.0000000e+03   1.0000000e+00   4.0000000e+00   1.7000000e+01   3.8000000e+01   1.9000000e+01  -5.3875187e+01  -3.8849675e+01   4.9295933e+02   2.4825509e-01   5.1705076e-01   0.0000000e+00
   2.0000000e+03   1.0000000e+00   4.0000000e+00   1.7000000e+01   4.0000000e+01   2.0000000e+00  -5.3879628e+01  -3.8848171e+01   5.0318355e+02   3.7420465e-01   7.1901510e-01   8.5203122e-02
   2.0000000e+03   1.0000000e+00   4.0000000e+00   1.7000000e+01   4.1000000e+01   5.0000000e+01  -5.3884010e+01  -3.8847026e+01   4.9271673e+02   9.4741581e-01   2.2351348e+00   0.0000000e+00
   2.0000000e+03   1.0000000e+00   4.0000000e+00   1.7000000e+01   4.3000000e+01   4.0000000e+01  -5.3888514e+01  -3.8845700e+01   5.0794088e+02   2.3957163e+00   4.7908429e+00   0.0000000e+00
   2.0000000e+03   1.0000000e+00   4.0000000e+00   1.7000000e+01   4.5000000e+01   2.9000000e+01  -5.3892936e+01  -3.8844625e+01   4.9639730e+02   1.7306048e+00   3.5684114e+00   0.0000000e+00
   2.0000000e+03   1.0000000e+00   4.0000000e+00   1.7000000e+01   4.7000000e+01   2.0000000e+01  -5.3897245e+01  -3.8843321e+01   4.8633346e+02   1.8878620e+00   3.8373513e+00   0.0000000e+00
   2.0000000e+03   1.0000000e+00   4.0000000e+00   1.7000000e+01   4.9000000e+01   1.0000000e+01  -5.3901649e+01  -3.8841621e+01   5.0188365e+02   2.0861575e+00   4.0084450e+00   0.0000000e+00
   2.0000000e+03   1.0000000e+00   4.0000000e+00   1.7000000e+01   5.0000000e+01   5.8000000e+01  -5.3906078e+01  -3.8840754e+01   4.9540120e+02   2.1814639e+00   4.1915713e+00   0.0000000e+00
   2.0000000e+03   1.0000000e+00   4.0000000e+00   1.7000000e+01   5.2000000e+01   4.3000000e+01  -5.3910586e+01  -3.8840109e+01   5.0274488e+02   9.6013974e-01   2.7969021e+00   9.6732897e-02
   2.0000000e+03   1.0000000e+00   4.0000000e+00   1.7000000e+01   5.4000000e+01   2.6000000e+01  -5.3915045e+01  -3.8839188e+01   4.9906423e+02   4.1026214e-01   8.3642656e-01   0.0000000e+00
   2.0000000e+03   1.0000000e+00   4.0000000e+00   1.7000000e+01   5.6000000e+01   1.1000099e+01  -5.3919553e+01  -3.8838179e+01   5.0527867e+02   7.9369935e-01   2.3076204e+00   0.0000000e+00
   2.0000000e+03   1.0000000e+00   4.0000000e+00   1.7000000e+01   5.7000000e+01   5.7000000e+01  -5.3923923e+01  -3.8837263e+01   4.8930904e+02   5.2811059e-01   1.2354208e+00   0.0000000e+00
   2.0000000e+03   1.0000000e+00   4.0000000e+00   1.7000000e+01   5.9000000e+01   4.6000099e+01  -5.3928411e+01  -3.8836371e+01   5.0208879e+02   8.1389286e-01   1.9191882e+00   1.7169566e-01
   2.0000000e+03   1.0000000e+00   4.0000000e+00   1.8000000e+01   1.0000000e+00   3.8000000e+01  -5.3932848e+01  -3.8835733e+01   4.9485760e+02   2.8934950e+01   5.5597027e+01   4.6122824e+01
   2.0000000e+03   1.0000000e+00   4.0000000e+00   1.8000000e+01   3.0000000e+00   2.7000000e+01  -5.3937304e+01  -3.8834917e+01   4.9797243e+02   7.0770489e+02   1.4000020e+03   5.1938495e+00
   2.0000000e+03   1.0000000e+00   4.0000000e+00   1.8000000e+01   5.0000000e+00   1.5000000e+01  -5.3941803e+01  -3.8834229e+01   5.0190891e+02   5.8292293e-01   1.1200566e+00   0.0000000e+00
   2.0000000e+03   1.0000000e+00   4.0000000e+00   1.8000000e+01   7.0000000e+00   5.0000000e+00  -5.3946273e+01  -3.8833409e+01   4.9970506e+02   8.8705226e-01   1.7044255e+00   0.0000000e+00
   2.0000000e+03   1.0000000e+00   4.0000000e+00   1.8000000e+01   8.0000000e+00   5.2000000e+01  -5.3950712e+01  -3.8832504e+01   4.9673756e+02   1.0877493e+00   5.8475942e-01   0.0000000e+00
   2.0000000e+03   1.0000000e+00   4.0000000e+00   1.8000000e+01   1.0000000e+01   3.9000000e+01  -5.3955187e+01  -3.8831717e+01   4.9988858e+02   6.6524372e+00   1.3271099e+01   1.1601307e+01
