   2.0010000e+03   1.0000000e+00   5.0000000e+00   8.0000000e+00   5.0000000e+00   3.8000000e+01  -5.3896350e+01  -3.7721752e+01   4.9854186e+02   3.7881582e-01   9.4136586e-01   1.1534213e-01
   2.0010000e+03   1.0000000e+00   5.0000000e+00   8.0000000e+00   8.0000000e+00   3.1000000e+01  -5.3891789e+01  -3.7723710e+01   5.2282764e+02   2.5503191e-01   6.2151817e-01   1.4038945e-01
   2.0010000e+03   1.0000000e+00   5.0000000e+00   8.0000000e+00   1.1000000e+01   1.4000000e+01  -5.3887823e+01  -3.7724617e+01   4.4463076e+02   2.1555108e-01   5.6883096e-01   2.4707414e-01
   2.0010000e+03   1.0000000e+00   5.0000000e+00   8.0000000e+00   1.3000000e+01   2.4000000e+01  -5.3883042e+01  -3.7725454e+01   5.3414979e+02   7.4358913e-01   1.4140043e+00   0.0000000e+00
   2.0010000e+03   1.0000000e+00   5.0000000e+00   8.0000000e+00   1.5000000e+01   7.0000000e+00  -5.3878567e+01  -3.7726408e+01   5.0115530e+02   4.1769404e+00   1.0179292e+01   0.0000000e+00
   2.0010000e+03   1.0000000e+00   5.0000000e+00   8.0000000e+00   1.6000000e+01   4.5000000e+01  -5.3874100e+01  -3.7727013e+01   4.9797223e+02   1.6526024e-01   4.8654979e-01   7.2861762e-02
   2.0010000e+03   1.0000000e+00   5.0000000e+00   8.0000000e+00   1.8000000e+01   2.1000000e+01  -5.3869603e+01  -3.7727883e+01   5.0287185e+02   3.2122677e-01   3.7004713e-01   8.1144911e-02
   2.0010000e+03   1.0000000e+00   5.0000000e+00   8.0000000e+00   2.0000000e+01   0.0000000e+00  -5.3865158e+01  -3.7729182e+01   5.0119472e+02   9.5223235e-01   7.6474016e-01   3.1523955e-01
   2.0010000e+03   1.0000000e+00   5.0000000e+00   8.0000000e+00   2.1000000e+01   4.0000000e+01  -5.3860772e+01  -3.7730496e+01   4.9500068e+02   4.9433980e+00   7.7228471e+00   0.0000000e+00
   2.0010000e+03   1.0000000e+00   5.0000000e+00   8.0000000e+00   2.3000000e+01   1.9000000e+01  -5.3856384e+01  -3.7731924e+01   4.9650371e+02   1.1169671e-01   3.5197271e-01   0.0000000e+00
   2.0010000e+03   1.0000000e+00   5.0000000e+00   8.0000000e+00   2.4000000e+01   5.5000000e+01  -5.3851981e+01  -3.7733450e+01   4.9932082e+02   7.7914240e-01   1.3015695e+00   6.2270056e-01
   2.0010000e+03   1.0000000e+00   5.0000000e+00   8.0000000e+00   2.6000000e+01   3.0000000e+01  -5.3847522e+01  -3.7734993e+01   5.0578874e+02   1.6489793e-01   4.0185976e-01   3.3690968e-01
   2.0010000e+03   1.0000000e+00   5.0000000e+00   8.0000000e+00   2.8000000e+01   7.0000000e+00  -5.3843142e+01  -3.7736499e+01   4.9651222e+02   1.2317102e+00   4.3724179e-01   1.8618551e-01
   2.0010000e+03   1.0000000e+00   5.0000000e+00   8.0000000e+00   2.9000000e+01   4.2000000e+01  -5.3838776e+01  -3.7738087e+01   4.9626445e+02   5.5726312e-01   1.3730292e+00   0.0000000e+00
   2.0010000e+03   1.0000000e+00   5.0000000e+00   8.0000000e+00   3.1000000e+01   1.3000000e+01  -5.3834299e+01  -3.7739543e+01   5.0654979e+02   7.9463778e-02   1.3446500e-01   0.0000000e+00
   2.0010000e+03   1.0000000e+00   5.0000000e+00   8.0000000e+00   3.2000000e+01   4.3000000e+01  -5.3829921e+01  -3.7741015e+01   4.9591908e+02   2.6900984e-02   7.5658286e-02   2.6665506e-02
   2.0010000e+03   1.0000000e+00   5.0000000e+00   8.0000000e+00   3.4000000e+01   1.4000000e+01  -5.3825470e+01  -3.7742497e+01   5.0411776e+02   1.5938351e-01   4.2257775e-01   1.0653173e-02
   2.0010000e+03   1.0000000e+00   5.0000000e+00   8.0000000e+00   3.5000000e+01   4.7000000e+01  -5.3821049e+01  -3.7743930e+01   5.0013749e+02   8.8441178e-02   2.1553303e-01   1.7090721e-02
   2.0010000e+03   1.0000000e+00   5.0000000e+00   8.0000000e+00   3.7000000e+01   1.9000000e+01  -5.3816708e+01  -3.7745287e+01   4.9051131e+02   1.2323572e+00   3.1587242e+00   0.0000000e+00
   2.0010000e+03   1.0000000e+00   5.0000000e+00   8.0000000e+00   3.8000000e+01   5.2000000e+01  -5.3812298e+01  -3.7746731e+01   4.9907959e+02   8.4558517e+00   1.5639144e+01   1.9254941e-01
   2.0010000e+03   1.0000000e+00   5.0000000e+00   8.0000000e+00   4.0000000e+01   2.4000000e+01  -5.3807837e+01  -3.7748176e+01   5.0470964e+02   3.7084978e-01   9.0376878e-01   0.0000000e+00
   2.0010000e+03   1.0000000e+00   5.0000000e+00   8.0000000e+00   4.1000000e+01   5.7000000e+01  -5.3803384e+01  -3.7748146e+01   4.9487350e+02   2.4661905e-01   5.1826733e-01   4.6455231e-02
   2.0010000e+03   1.0000000e+00   5.0000000e+00   8.0000000e+00   4.3000000e+01   2.9000000e+01  -5.3798870e+01  -3.7747658e+01   5.0259116e+02   7.0370481e-02   2.5041491e-01   5.4983596e-02
   2.0010000e+03   1.0000000e+00   5.0000000e+00   8.0000000e+00   4.5000000e+01   1.0000000e+00  -5.3794357e+01  -3.7747131e+01   5.0266465e+02   1.7755948e-01   4.3271621e-01   1.3695197e-01
   2.0010000e+03   1.0000000e+00   5.0000000e+00   8.0000000e+00   4.6000000e+01   3.3000000e+01  -5.3789924e+01  -3.7746637e+01   4.9369430e+02   4.5738244e+00   1.1358775e+01   7.1236291e-02
   2.0010000e+03   1.0000000e+00   5.0000000e+00   8.0000000e+00   4.8000000e+01   7.0000000e+00  -5.3785408e+01  -3.7746173e+01   5.0273774e+02   3.0998223e-01   7.9665598e-01   5.7779675e-01
   2.0010000e+03   1.0000000e+00   5.0000000e+00   8.0000000e+00   4.9000000e+01   4.1000000e+01  -5.3780914e+01  -3.7745721e+01   5.0026456e+02   1.6164726e+00   3.9393780e+00   6.8488244e-01
   2.0010000e+03   1.0000000e+00   5.0000000e+00   8.0000000e+00   5.1000000e+01   1.6000000e+01  -5.3776409e+01  -3.7745268e+01   5.0139980e+02   4.7967913e+00   1.1689882e+01   8.4827574e-01
   2.0010000e+03   1.0000000e+00   5.0000000e+00   8.0000000e+00   5.2000000e+01   5.0000000e+01  -5.3771949e+01  -3.7744799e+01   4.9656298e+02   2.5648561e-01   7.3293482e-01   0.0000000e+00
   2.0010000e+03   1.0000000e+00   5.0000000e+00   8.0000000e+00   5.4000000e+01   2.3000000e+01  -5.3767498e+01  -3.7744123e+01   4.9660262e+02   6.8150116e-01   1.1314809e+00   4.1058762e-01
   2.0010000e+03   1.0000000e+00   5.0000000e+00   8.0000000e+00   5.5000000e+01   5.7000000e+01  -5.3763022e+01  -3.7743316e+01   5.0019910e+02   2.8891580e-01   7.0409392e-01   1.5221732e-01
   2.0010000e+03   1.0000000e+00   5.0000000e+00   8.0000000e+00   5.7000000e+01   3.0000000e+01  -5.3758541e+01  -3.7742493e+01   5.0085139e+02   5.2745308e-01   1.0409538e+00   0.0000000e+00
   2.0010000e+03   1.0000000e+00   5.0000000e+00   8.0000000e+00   5.9000000e+01   4.0000000e+00  -5.3754066e+01  -3.7741729e+01   4.9975000e+02   2.1832514e-01   6.1080875e-01   3.2640623e-01
   2.0010000e+03   1.0000000e+00   5.0000000e+00   9.0000000e+00   0.0000000e+00   3.7000000e+01  -5.3749623e+01  -3.7740950e+01   4.9637150e+02   7.5976263e-01   1.8851531e+00   3.3876742e-02
   2.0010000e+03   1.0000000e+00   5.0000000e+00   9.0000000e+00   2.0000000e+00   1.1000000e+01  -5.3745146e+01  -3.7740169e+01   5.0018795e+02   3.2034873e-01   8.1808008e-01   3.3891916e-01
   2.0010000e+03   1.0000000e+00   5.0000000e+00   9.0000000e+00   3.0000000e+00   4.6000000e+01  -5.3740642e+01  -3.7739611e+01   5.0184441e+02   7.1675273e-01   1.7467416e+00   7.4276412e-02
   2.0010000e+03   1.0000000e+00   5.0000000e+00   9.0000000e+00   5.0000000e+00   2.4000000e+01  -5.3736160e+01  -3.7739340e+01   4.9828372e+02   2.0745304e+00   5.0556745e+00   1.6495686e-01
   2.0010000e+03   1.0000000e+00   5.0000000e+00   9.0000000e+00   7.0000000e+00   3.0000000e+00  -5.3731637e+01  -3.7739183e+01   5.0273043e+02   1.4484210e+00   3.5937214e+00   2.9097806e-01
   2.0010000e+03   1.0000000e+00   5.0000000e+00   9.0000000e+00   8.0000000e+00   4.0000000e+01  -5.3727192e+01  -3.7739974e+01   4.9661112e+02   1.0063020e+00   2.5570112e+00   2.1998011e-01
   2.0010000e+03   1.0000000e+00   5.0000000e+00   9.0000000e+00   1.0000000e+01   1.6000000e+01  -5.3722781e+01  -3.7741409e+01   4.9920586e+02   8.8870746e-01   2.2139346e+00   2.1092206e-01
   2.0010000e+03   1.0000000e+00   5.0000000e+00   9.0000000e+00   1.1000000e+01   5.3000000e+01  -5.3718460e+01  -3.7743378e+01   4.9732666e+02   5.0706869e+00   1.1227675e+01   1.1403431e-01
   2.0010000e+03   1.0000000e+00   5.0000000e+00   9.0000000e+00   1.3000000e+01   2.9000000e+01  -5.3714093e+01  -3.7745387e+01   5.0288120e+02   9.6017133e-01   1.8359771e+00   2.6263853e-01
   2.0010000e+03   1.0000000e+00   5.0000000e+00   9.0000000e+00   1.5000000e+01   4.0000000e+00  -5.3709747e+01  -3.7747485e+01   5.0224334e+02   4.6167782e-01   1.1659314e+00   1.7160442e-01
   2.0010000e+03   1.0000000e+00   5.0000000e+00   9.0000000e+00   1.6000000e+01   3.9000000e+01  -5.3705442e+01  -3.7749520e+01   4.9675887e+02   4.8165817e-01   1.1738112e+00   9.0489451e-02
   2.0010000e+03   1.0000000e+00   5.0000000e+00   9.0000000e+00   1.8000000e+01   1.7000000e+01  -5.3701154e+01  -3.7751558e+01   4.9493218e+02   2.6451408e-01   6.4462642e-01   5.4435298e-02
   2.0010000e+03   1.0000000e+00   5.0000000e+00   9.0000000e+00   1.9000000e+01   5.8000000e+01  -5.3696767e+01  -3.7753599e+01   5.0564891e+02   1.1815790e-01   2.1964911e-01   0.0000000e+00
   2.0010000e+03   1.0000000e+00   5.0000000e+00   9.0000000e+00   2.1000000e+01   3.9000000e+01  -5.3692483e+01  -3.7755724e+01   4.9619626e+02   8.4143676e-02   2.0505992e-01   4.5339616e-02
   2.0010000e+03   1.0000000e+00   5.0000000e+00   9.0000000e+00   2.3000000e+01   1.8000000e+01  -5.3688137e+01  -3.7757876e+01   5.0326089e+02   2.7577340e-01   6.7206561e-01   5.0688660e-02
   2.0010000e+03   1.0000000e+00   5.0000000e+00   9.0000000e+00   2.4000000e+01   5.5000000e+01  -5.3683852e+01  -3.7760007e+01   4.9631635e+02   4.0595524e-01   8.7630369e-01   9.3404942e-02
   2.0010000e+03   1.0000000e+00   5.0000000e+00   9.0000000e+00   2.6000000e+01   3.3000000e+01  -5.3679545e+01  -3.7762252e+01   5.0092456e+02   9.1085432e-01   2.1634350e+00   0.0000000e+00
   2.0010000e+03   1.0000000e+00   5.0000000e+00   9.0000000e+00   2.8000000e+01   1.1000000e+01  -5.3675269e+01  -3.7764699e+01   5.0173475e+02   1.1882531e+00   2.8957980e+00   8.4761252e-02
   2.0010000e+03   1.0000000e+00   5.0000000e+00   9.0000000e+00   2.9000000e+01   4.8000000e+01  -5.3671009e+01  -3.7767197e+01   5.0110613e+02   3.1262208e+00   6.9770958e+00   1.0756747e+00
   2.0010000e+03   1.0000000e+00   5.0000000e+00   9.0000000e+00   3.1000000e+01   2.7000000e+01  -5.3666757e+01  -3.7769674e+01   4.9975370e+02   9.0521764e+00   2.2006350e+01   0.0000000e+00
   2.0010000e+03   1.0000000e+00   5.0000000e+00   9.0000000e+00   3.3000000e+01   8.0000000e+00  -5.3662493e+01  -3.7772119e+01   5.0047152e+02   1.1077160e+01   2.4196873e+01   5.4866653e-02
   2.0010000e+03   1.0000000e+00   5.0000000e+00   9.0000000e+00   3.4000000e+01   4.9000000e+01  -5.3658286e+01  -3.7774303e+01   4.8909731e+02   1.3749946e+01   3.3508911e+01   7.7148265e+00
   2.0010000e+03   1.0000000e+00   5.0000000e+00   9.0000000e+00   3.6000000e+01   2.8000000e+01  -5.3653987e+01  -3.7776506e+01   4.9922858e+02   6.8422304e+00   1.6022000e+01   2.3580873e-02
   2.0010000e+03   1.0000000e+00   5.0000000e+00   9.0000000e+00   3.8000000e+01   3.0000000e+00  -5.3649671e+01  -3.7778803e+01   5.0285517e+02   1.1923357e+01   2.6387240e+01   1.6235857e+01
   2.0010000e+03   1.0000000e+00   5.0000000e+00   9.0000000e+00   3.9000000e+01   3.6000000e+01  -5.3645353e+01  -3.7781032e+01   5.0181324e+02   1.3299682e+01   2.7601449e+01   1.3053402e+01
   2.0010000e+03   1.0000000e+00   5.0000000e+00   9.0000000e+00   4.1000000e+01   7.0000000e+00  -5.3641070e+01  -3.7783348e+01   4.9981683e+02   2.6113662e+01   6.2113398e+01   8.4254228e-02
   2.0010000e+03   1.0000000e+00   5.0000000e+00   9.0000000e+00   4.2000000e+01   3.7000000e+01  -5.3636836e+01  -3.7785607e+01   4.9342316e+02   1.1639293e+01   2.7648720e+01   1.9570265e+01
   2.0010000e+03   1.0000000e+00   5.0000000e+00   9.0000000e+00   4.4000000e+01   8.0000000e+00  -5.3632529e+01  -3.7787884e+01   5.0156668e+02   4.9456133e+00   1.1905710e+01   7.4710899e+00
   2.0010000e+03   1.0000000e+00   5.0000000e+00   9.0000000e+00   4.5000000e+01   4.2000000e+01  -5.3628190e+01  -3.7790175e+01   5.0522710e+02   4.0052815e+01   2.0658410e+01   2.3822974e-01
   2.0010000e+03   1.0000000e+00   5.0000000e+00   9.0000000e+00   4.7000000e+01   1.9000000e+01  -5.3623926e+01  -3.7792396e+01   4.9588292e+02   2.6955857e+00   2.6000767e+00   1.0936479e+00
   2.0010000e+03   1.0000000e+00   5.0000000e+00   9.0000000e+00   4.8000000e+01   5.5000099e+01  -5.3619619e+01  -3.7794660e+01   5.0138199e+02   7.8538113e+00   1.1140311e+01   8.2486522e-01
   2.0010000e+03   1.0000000e+00   5.0000000e+00   9.0000000e+00   5.0000000e+01   2.9000000e+01  -5.3615332e+01  -3.7796869e+01   4.9803666e+02   8.5461473e+00   1.8468695e+01   0.0000000e+00
   2.0010000e+03   1.0000000e+00   5.0000000e+00   9.0000000e+00   5.2000000e+01   2.0000000e+00  -5.3611051e+01  -3.7799000e+01   4.9606192e+02   5.8291353e+00   1.0745803e+01   0.0000000e+00
   2.0010000e+03   1.0000000e+00   5.0000000e+00   9.0000000e+00   5.3000000e+01   3.5000000e+01  -5.3606720e+01  -3.7801216e+01   5.0294398e+02   9.2737623e+00   1.8218779e+01   1.4216424e-01
   2.0010000e+03   1.0000000e+00   5.0000000e+00   9.0000000e+00   5.5000000e+01   5.0000992e+00  -5.3602442e+01  -3.7803439e+01   4.9746813e+02   5.7032508e+00   1.0214109e+01   1.4177942e+00
   2.0010000e+03   1.0000000e+00   5.0000000e+00   9.0000000e+00   5.6000000e+01   3.5000000e+01  -5.3598094e+01  -3.7805617e+01   5.0406501e+02   3.4685812e+00   6.9408600e+00   0.0000000e+00
   2.0010000e+03   1.0000000e+00   5.0000000e+00   9.0000000e+00   5.8000000e+01   5.0000000e+00  -5.3593789e+01  -3.7807774e+01   4.9902822e+02   2.8433313e+00   7.3222899e+00   4.6861781e-01
   2.0010000e+03   1.0000000e+00   5.0000000e+00   9.0000000e+00   5.9000000e+01   3.6000000e+01  -5.3589527e+01  -3.7809962e+01   4.9506018e+02   3.4022428e+00   8.2913377e+00   1.0438572e+00
   2.0010000e+03   1.0000000e+00   5.0000000e+00   1.0000000e+01   1.0000000e+00   8.0000000e+00  -5.3585201e+01  -3.7812143e+01   5.0183828e+02   8.1831733e+00   1.0161324e+01   3.5362537e+00
   2.0010000e+03   1.0000000e+00   5.0000000e+00   1.0000000e+01   2.0000000e+00   3.8999901e+01  -5.3580912e+01  -3.7814306e+01   4.9741305e+02   2.2812766e+00   5.7498060e+00   2.1312577e-01
   2.0010000e+03   1.0000000e+00   5.0000000e+00   1.0000000e+01   4.0000000e+00   9.0000992e+00  -5.3576601e+01  -3.7816489e+01   5.0026545e+02   1.2165932e+00   2.8711444e+00   0.0000000e+00
   2.0010000e+03   1.0000000e+00   5.0000000e+00   1.0000000e+01   5.0000000e+00   3.6000000e+01  -5.3572302e+01  -3.7818706e+01   4.9957943e+02   9.6707365e+00   1.5254072e+01   2.1115663e+00
   2.0010000e+03   1.0000000e+00   5.0000000e+00   1.0000000e+01   7.0000000e+00   4.0000000e+00  -5.3568041e+01  -3.7820930e+01   4.9574138e+02   2.2918657e+00   5.5563781e+00   1.5448335e-01
   2.0010000e+03   1.0000000e+00   5.0000000e+00   1.0000000e+01   8.0000000e+00   3.2000000e+01  -5.3563686e+01  -3.7823197e+01   5.0648314e+02   3.7991909e+00   7.4012821e+00   5.6200009e-01
   2.0010000e+03   1.0000000e+00   5.0000000e+00   1.0000000e+01   9.0000000e+00   5.9000000e+01  -5.3559396e+01  -3.7825400e+01   4.9844534e+02   4.0257565e+00   2.5918898e+00   1.7466761e-01
   2.0010000e+03   1.0000000e+00   5.0000000e+00   1.0000000e+01   1.1000000e+01   2.9000000e+01  -5.3555149e+01  -3.7827610e+01   4.9389627e+02   5.3942457e+00   1.3222273e+01   4.5620992e+00
   2.0010000e+03   1.0000000e+00   5.0000000e+00   1.0000000e+01   1.3000000e+01   2.0000000e+00  -5.3550830e+01  -3.7829828e+01   5.0174663e+02   3.7973609e+00   9.3282358e+00   7.2711476e-01
   2.0010000e+03   1.0000000e+00   5.0000000e+00   1.0000000e+01   1.4000000e+01   3.5000000e+01  -5.3546472e+01  -3.7831918e+01   5.0363503e+02   6.4008577e-01   1.5599026e+00   2.6851645e-02
   2.0010000e+03   1.0000000e+00   5.0000000e+00   1.0000000e+01   1.6000000e+01   9.0000000e+00  -5.3542138e+01  -3.7834010e+01   5.0096218e+02   2.0993513e+00   1.4154363e+00   3.5658125e-01
   2.0010000e+03   1.0000000e+00   5.0000000e+00   1.0000000e+01   1.7000000e+01   4.1000000e+01  -5.3537840e+01  -3.7836057e+01   4.9633342e+02   3.5624415e+00   8.6817455e+00   1.0634559e-02
   2.0010000e+03   1.0000000e+00   5.0000000e+00   1.0000000e+01   1.9000000e+01   1.1000000e+01  -5.3533535e+01  -3.7838154e+01   4.9807220e+02   3.3362115e-01   4.2713125e-01   3.8588384e-01
   2.0010000e+03   1.0000000e+00   5.0000000e+00   1.0000000e+01   2.0000000e+01   4.1000000e+01  -5.3529249e+01  -3.7840308e+01   4.9699649e+02   3.1967675e+00   5.8632098e+00   0.0000000e+00
   2.0010000e+03   1.0000000e+00   5.0000000e+00   1.0000000e+01   2.2000000e+01   1.2000099e+01  -5.3524834e+01  -3.7842291e+01   5.0780445e+02   4.7185359e+00   1.1579355e+01   8.0182657e-02
   2.0010000e+03   1.0000000e+00   5.0000000e+00   1.0000000e+01   2.3000000e+01   4.5999901e+01  -5.3520557e+01  -3.7844325e+01   4.9390216e+02   4.3983348e+01   1.0718835e+02   4.2929410e-01
   2.0010000e+03   1.0000000e+00   5.0000000e+00   1.0000000e+01   2.5000000e+01   1.9000000e+01  -5.3516123e+01  -3.7846096e+01   5.0637348e+02   3.3894383e+00   7.0741920e+00   0.0000000e+00
   2.0010000e+03   1.0000000e+00   5.0000000e+00   1.0000000e+01   2.6000000e+01   5.1000000e+01  -5.3511796e+01  -3.7847720e+01   4.9263477e+02   2.2073227e+00   5.3792923e+00   6.2127741e-01
   2.0010000e+03   1.0000000e+00   5.0000000e+00   1.0000000e+01   2.8000000e+01   2.2000000e+01  -5.3507367e+01  -3.7849184e+01   5.0160047e+02   9.4861091e+00   2.3117849e+01   0.0000000e+00
   2.0010000e+03   1.0000000e+00   5.0000000e+00   1.0000000e+01   2.9000000e+01   5.3000099e+01  -5.3502916e+01  -3.7850767e+01   5.0557777e+02   1.7932889e+01   4.3702831e+01   4.9358930e+00
   2.0010000e+03   1.0000000e+00   5.0000000e+00   1.0000000e+01   3.1000000e+01   2.3000000e+01  -5.3498538e+01  -3.7852392e+01   4.9818889e+02   4.7037415e+01   1.1463118e+02   1.7514351e+00
   2.0010000e+03   1.0000000e+00   5.0000000e+00   1.0000000e+01   3.2000000e+01   5.5000000e+01  -5.3494161e+01  -3.7853947e+01   4.9709990e+02   7.9516489e+01   1.3482307e+02   4.5441343e+01
   2.0010000e+03   1.0000000e+00   5.0000000e+00   1.0000000e+01   3.4000000e+01   2.8000000e+01  -5.3489757e+01  -3.7855312e+01   4.9761952e+02   1.2759452e+02   3.1095055e+02   4.0202469e+00
   2.0010000e+03   1.0000000e+00   5.0000000e+00   1.0000000e+01   3.6000000e+01   3.0000992e+00  -5.3485327e+01  -3.7856766e+01   5.0153396e+02   1.0007576e+02   2.4388674e+02   0.0000000e+00
   2.0010000e+03   1.0000000e+00   5.0000000e+00   1.0000000e+01   3.7000000e+01   3.7000099e+01  -5.3480938e+01  -3.7858223e+01   4.9712998e+02   1.2244827e-01   2.7018157e-01   1.9734773e-01
   2.0010000e+03   1.0000000e+00   5.0000000e+00   1.0000000e+01   3.9000000e+01   1.1000000e+01  -5.3476525e+01  -3.7859711e+01   5.0015000e+02   1.4605265e-01   3.8049717e-01   1.8515609e-01
   2.0010000e+03   1.0000000e+00   5.0000000e+00   1.0000000e+01   4.0000000e+01   4.5000000e+01  -5.3472106e+01  -3.7861331e+01   5.0261306e+02   1.2574520e-01   3.0644372e-01   2.6722724e-01
   2.0010000e+03   1.0000000e+00   5.0000000e+00   1.0000000e+01   4.2000000e+01   2.0000000e+01  -5.3467735e+01  -3.7862905e+01   4.9678221e+02   9.3966230e-02   3.1180895e-01   2.4867371e-01
   2.0010000e+03   1.0000000e+00   5.0000000e+00   1.0000000e+01   4.3000000e+01   5.6000099e+01  -5.3463324e+01  -3.7864323e+01   4.9900501e+02   5.2524539e-01   1.3150229e+00   3.4988715e-02
   2.0010000e+03   1.0000000e+00   5.0000000e+00   1.0000000e+01   4.5000000e+01   3.2000000e+01  -5.3458909e+01  -3.7865749e+01   4.9952611e+02   2.9210779e-01   7.1187288e-01   0.0000000e+00
   2.0010000e+03   1.0000000e+00   5.0000000e+00   1.0000000e+01   4.7000000e+01   9.0000000e+00  -5.3454434e+01  -3.7867190e+01   5.0636091e+02   1.9672789e+00   6.8488891e-01   3.0447551e-01
   2.0010000e+03   1.0000000e+00   5.0000000e+00   1.0000000e+01   4.8000000e+01   4.3000099e+01  -5.3450061e+01  -3.7868675e+01   4.9580940e+02   3.5716243e-01   8.7041242e-01   0.0000000e+00
   2.0010000e+03   1.0000000e+00   5.0000000e+00   1.0000000e+01   5.0000000e+01   1.5000099e+01  -5.3445664e+01  -3.7870095e+01   4.9755695e+02   1.6648397e-01   4.0572496e-01   3.5270674e-01
   2.0010000e+03   1.0000000e+00   5.0000000e+00   1.0000000e+01   5.1000000e+01   4.8000099e+01  -5.3441212e+01  -3.7871534e+01   5.0373810e+02   1.2215162e+00   2.9795683e+00   0.0000000e+00
   2.0010000e+03   1.0000000e+00   5.0000000e+00   1.0000000e+01   5.3000000e+01   2.0000000e+01  -5.3436821e+01  -3.7873052e+01   4.9820811e+02   1.1694347e-02   2.8499372e-02   2.2266171e-02
   2.0010000e+03   1.0000000e+00   5.0000000e+00   1.0000000e+01   5.4000000e+01   5.3000099e+01  -5.3432437e+01  -3.7874600e+01   4.9774680e+02   1.2815298e+00   3.1231152e+00   1.1986772e-01
   2.0010000e+03   1.0000000e+00   5.0000000e+00   1.0000000e+01   5.6000000e+01   2.5000099e+01  -5.3428005e+01  -3.7876013e+01   5.0138060e+02   4.8044157e-01   1.1708463e+00   1.6922792e-01
   2.0010000e+03   1.0000000e+00   5.0000000e+00   1.0000000e+01   5.7000000e+01   5.8000099e+01  -5.3423623e+01  -3.7877411e+01   4.9560755e+02   2.3387081e+00   5.6994811e+00   0.0000000e+00
   2.0010000e+03   1.0000000e+00   5.0000000e+00   1.0000000e+01   5.9000000e+01   3.0000099e+01  -5.3419211e+01  -3.7878767e+01   4.9836913e+02   2.1487180e-02   7.1671692e-02   5.0863064e-02
   2.0010000e+03   1.0000000e+00   5.0000000e+00   1.1000000e+01   1.0000000e+00   5.0000000e+00  -5.3414833e+01  -3.7880253e+01   4.9635020e+02   3.8827242e-01   9.9571456e-01   7.5857373e-02
   2.0010000e+03   1.0000000e+00   5.0000000e+00   1.1000000e+01   2.0000000e+00   4.0000000e+01  -5.3410388e+01  -3.7881755e+01   5.0383763e+02   1.3934222e-01   4.2460180e-01   1.5935289e-01
   2.0010000e+03   1.0000000e+00   5.0000000e+00   1.1000000e+01   4.0000000e+00   1.3000000e+01  -5.3405997e+01  -3.7883221e+01   4.9751257e+02   1.4426047e+00   3.5660666e+00   5.0408239e-02
   2.0010000e+03   1.0000000e+00   5.0000000e+00   1.1000000e+01   5.0000000e+00   4.4000000e+01  -5.3401576e+01  -3.7884742e+01   5.0149750e+02   3.0998688e-01   8.5256582e-01   6.5849209e-02
   2.0010000e+03   1.0000000e+00   5.0000000e+00   1.1000000e+01   7.0000000e+00   1.6000000e+01  -5.3397186e+01  -3.7886255e+01   4.9796542e+02   1.0099334e+03   2.4612291e+03   1.2409309e+03
   2.0010000e+03   1.0000000e+00   5.0000000e+00   1.1000000e+01   8.0000000e+00   4.9000000e+01  -5.3392787e+01  -3.7887777e+01   4.9911729e+02   4.1773736e+00   4.9928690e-01   0.0000000e+00
   2.0010000e+03   1.0000000e+00   5.0000000e+00   1.1000000e+01   1.0000000e+01   2.3000000e+01  -5.3388343e+01  -3.7889181e+01   5.0250149e+02   4.2867364e+00   1.0446867e+01   5.0549866e-02
   2.0010000e+03   1.0000000e+00   5.0000000e+00   1.1000000e+01   1.1000000e+01   5.4000000e+01  -5.3383906e+01  -3.7890542e+01   5.0122984e+02   7.2562287e-01   1.7683583e+00   0.0000000e+00
   2.0010000e+03   1.0000000e+00   5.0000000e+00   1.1000000e+01   1.3000000e+01   2.3000099e+01  -5.3379551e+01  -3.7891987e+01   4.9335647e+02   1.8065862e+00   4.4178559e+00   1.1548902e-01
   2.0010000e+03   1.0000000e+00   5.0000000e+00   1.1000000e+01   1.4000000e+01   5.2000000e+01  -5.3375171e+01  -3.7893421e+01   4.9584994e+02   3.9702782e+02   5.9618851e+02   1.4914122e+00
   2.0010000e+03   1.0000000e+00   5.0000000e+00   1.1000000e+01   1.6000000e+01   2.3000000e+01  -5.3370725e+01  -3.7894871e+01   5.0332509e+02   3.2480433e+00   6.3309949e+00   1.5344745e-01
   2.0010000e+03   1.0000000e+00   5.0000000e+00   1.1000000e+01   1.7000000e+01   5.5000000e+01  -5.3366307e+01  -3.7896433e+01   5.0178616e+02   1.4336277e-01   3.4937810e-01   2.5673714e-02
   2.0010000e+03   1.0000000e+00   5.0000000e+00   1.1000000e+01   1.9000000e+01   2.5000000e+01  -5.3361903e+01  -3.7897998e+01   5.0021640e+02   9.6898695e+00   1.1921029e+01   0.0000000e+00
   2.0010000e+03   1.0000000e+00   5.0000000e+00   1.1000000e+01   2.0000000e+01   5.5000000e+01  -5.3357509e+01  -3.7899530e+01   4.9875556e+02   2.4594941e-01   5.9938392e-01   0.0000000e+00
   2.0010000e+03   1.0000000e+00   5.0000000e+00   1.1000000e+01   2.2000000e+01   2.6000099e+01  -5.3353102e+01  -3.7901009e+01   4.9941757e+02   2.2256530e+01   1.1133947e+01   0.0000000e+00
   2.0010000e+03   1.0000000e+00   5.0000000e+00   1.1000000e+01   2.3000000e+01   5.8000000e+01  -5.3348663e+01  -3.7902471e+01   5.0272602e+02   2.2346221e+01   5.0676058e+01   7.2881995e-02
   2.0010000e+03   1.0000000e+00   5.0000000e+00   1.1000000e+01   2.5000000e+01   3.0000000e+01  -5.3344297e+01  -3.7903936e+01   4.9476331e+02   2.5694621e-01   6.2618336e-01   1.1343988e-01
   2.0010000e+03   1.0000000e+00   5.0000000e+00   1.1000000e+01   2.7000000e+01   1.0000000e+00  -5.3339860e+01  -3.7905422e+01   5.0279921e+02   4.0773613e+00   6.8512778e+00   0.0000000e+00
   2.0010000e+03   1.0000000e+00   5.0000000e+00   1.1000000e+01   2.8000000e+01   3.2000000e+01  -5.3335418e+01  -3.7906874e+01   5.0294190e+02   2.1923323e+00   1.5370234e+00   0.0000000e+00
   2.0010000e+03   1.0000000e+00   5.0000000e+00   1.1000000e+01   3.0000000e+01   1.9999008e+00  -5.3331011e+01  -3.7908217e+01   4.9772445e+02   3.8653558e+00   9.4199541e+00   1.9126571e+00
   2.0010000e+03   1.0000000e+00   5.0000000e+00   1.1000000e+01   3.1000000e+01   3.3999901e+01  -5.3326615e+01  -3.7909555e+01   4.9650189e+02   1.2437067e+01   3.0309396e+01   0.0000000e+00
   2.0010000e+03   1.0000000e+00   5.0000000e+00   1.1000000e+01   3.3000000e+01   5.0000000e+00  -5.3322218e+01  -3.7911044e+01   4.9847613e+02   5.1210184e+00   5.4070447e+00   2.7691897e-01
   2.0010000e+03   1.0000000e+00   5.0000000e+00   1.1000000e+01   3.4000000e+01   3.5000000e+01  -5.3317802e+01  -3.7912534e+01   5.0051742e+02   1.5252911e+01   3.7171667e+01   0.0000000e+00
   2.0010000e+03   1.0000000e+00   5.0000000e+00   1.1000000e+01   3.6000000e+01   5.0000000e+00  -5.3313343e+01  -3.7913978e+01   5.0473475e+02   1.6560391e+01   4.0358024e+01   0.0000000e+00
   2.0010000e+03   1.0000000e+00   5.0000000e+00   1.1000000e+01   3.7000000e+01   3.4000099e+01  -5.3308993e+01  -3.7915415e+01   4.9268909e+02   1.1941988e+01   2.9102877e+01   1.5863180e-01
   2.0010000e+03   1.0000000e+00   5.0000000e+00   1.1000000e+01   3.9000000e+01   4.0000000e+00  -5.3304554e+01  -3.7916821e+01   5.0198527e+02   4.5610905e+00   9.8002457e+00   2.0898906e-01
   2.0010000e+03   1.0000000e+00   5.0000000e+00   1.1000000e+01   4.0000000e+01   3.5000000e+01  -5.3300143e+01  -3.7918276e+01   4.9960519e+02   1.0779289e-01   2.6269356e-01   0.0000000e+00
   2.0010000e+03   1.0000000e+00   5.0000000e+00   1.1000000e+01   4.2000000e+01   6.0000000e+00  -5.3295793e+01  -3.7919914e+01   4.9547116e+02   2.8601089e-02   6.9701460e-02   6.9701460e-02
   2.0010000e+03   1.0000000e+00   5.0000000e+00   1.1000000e+01   4.3000000e+01   3.9000000e+01  -5.3291385e+01  -3.7921425e+01   4.9999201e+02   1.2778709e+00   8.0100352e-01   3.8885072e-02
   2.0010000e+03   1.0000000e+00   5.0000000e+00   1.1000000e+01   4.5000000e+01   1.1000000e+01  -5.3286980e+01  -3.7923004e+01   5.0057748e+02   4.2548512e-01   1.0369162e+00   1.9285290e-01
   2.0010000e+03   1.0000000e+00   5.0000000e+00   1.1000000e+01   4.6000000e+01   4.3000000e+01  -5.3282578e+01  -3.7924513e+01   4.9929333e+02   5.7439186e-01   1.6756036e+00   0.0000000e+00
   2.0010000e+03   1.0000000e+00   5.0000000e+00   1.1000000e+01   4.8000000e+01   1.2999901e+01  -5.3278200e+01  -3.7926021e+01   4.9670304e+02   3.0987099e+00   7.5516218e+00   3.3903003e-01
   2.0010000e+03   1.0000000e+00   5.0000000e+00   1.1000000e+01   4.9000000e+01   4.3000000e+01  -5.3273796e+01  -3.7927547e+01   4.9982641e+02   3.4151695e+00   8.4036571e+00   4.7156486e-01
   2.0010000e+03   1.0000000e+00   5.0000000e+00   1.1000000e+01   5.1000000e+01   1.4000000e+01  -5.3269384e+01  -3.7928945e+01   4.9899092e+02   6.5789865e+00   9.8978809e-01   2.0753596e-02
   2.0010000e+03   1.0000000e+00   5.0000000e+00   1.1000000e+01   5.2000000e+01   4.7000000e+01  -5.3264949e+01  -3.7930367e+01   5.0173507e+02   4.4105034e+00   1.6161301e+00   0.0000000e+00
   2.0010000e+03   1.0000000e+00   5.0000000e+00   1.1000000e+01   5.4000000e+01   1.8000000e+01  -5.3260542e+01  -3.7931789e+01   4.9876831e+02   0.0000000e+00   0.0000000e+00   0.0000000e+00
   2.0010000e+03   1.0000000e+00   5.0000000e+00   1.1000000e+01   5.5000000e+01   4.9000000e+01  -5.3256138e+01  -3.7933192e+01   4.9816889e+02   8.7319547e-01   2.1700408e+00   1.7353338e-02
   2.0010000e+03   1.0000000e+00   5.0000000e+00   1.1000000e+01   5.7000000e+01   2.2000000e+01  -5.3251659e+01  -3.7934543e+01   5.0568491e+02   1.7806531e+00   3.7505283e+00   0.0000000e+00
   2.0010000e+03   1.0000000e+00   5.0000000e+00   1.1000000e+01   5.8000000e+01   5.3000000e+01  -5.3247308e+01  -3.7935985e+01   4.9296087e+02   8.9561044e+00   9.4427095e+00   0.0000000e+00
   2.0010000e+03   1.0000000e+00   5.0000000e+00   1.2000000e+01   0.0000000e+00   2.4000000e+01  -5.3242916e+01  -3.7937517e+01   4.9855329e+02   1.2914381e+01   3.1472620e+01   2.2658909e+01
   2.0010000e+03   1.0000000e+00   5.0000000e+00   1.2000000e+01   1.0000000e+00   5.7000000e+01  -5.3238530e+01  -3.7939026e+01   4.9756150e+02   1.7835216e-01   4.3464800e-01   2.6289588e-01
   2.0010000e+03   1.0000000e+00   5.0000000e+00   1.2000000e+01   3.0000000e+00   2.9000000e+01  -5.3234100e+01  -3.7940581e+01   5.0305196e+02   1.5082684e+00   3.7381497e+00   1.5355954e-01
   2.0010000e+03   1.0000000e+00   5.0000000e+00   1.2000000e+01   5.0000000e+00   9.9990082e-01  -5.3229698e+01  -3.7942115e+01   4.9963060e+02   8.1771600e+00   1.9072615e+01   1.4709933e-01
   2.0010000e+03   1.0000000e+00   5.0000000e+00   1.2000000e+01   6.0000000e+00   3.1000000e+01  -5.3225301e+01  -3.7943570e+01   4.9810714e+02   2.4683949e+00   6.1044619e+00   1.2769523e-01
   2.0010000e+03   1.0000000e+00   5.0000000e+00   1.2000000e+01   8.0000000e+00   1.0000000e+00  -5.3220869e+01  -3.7944967e+01   5.0115750e+02   4.8235257e+00   1.2102785e+01   5.7345370e+00
   2.0010000e+03   1.0000000e+00   5.0000000e+00   1.2000000e+01   9.0000000e+00   3.1000000e+01  -5.3216431e+01  -3.7946427e+01   5.0262447e+02   5.3393243e+00   1.3012046e+01   2.4457665e-01
   2.0010000e+03   1.0000000e+00   5.0000000e+00   1.2000000e+01   1.1000000e+01   1.0000992e+00  -5.3212007e+01  -3.7947838e+01   5.0051162e+02   3.9642828e+00   9.6897480e+00   0.0000000e+00
   2.0010000e+03   1.0000000e+00   5.0000000e+00   1.2000000e+01   1.2000000e+01   3.0000000e+01  -5.3207601e+01  -3.7949275e+01   4.9885733e+02   1.0778323e+03   2.6267001e+03   1.8939211e+03
   2.0010000e+03   1.0000000e+00   5.0000000e+00   1.2000000e+01   1.3000000e+01   5.8000000e+01  -5.3203207e+01  -3.7950701e+01   4.9733812e+02   2.1051190e+00   5.1456529e+00   1.1322663e-01
   2.0010000e+03   1.0000000e+00   5.0000000e+00   1.2000000e+01   1.5000000e+01   2.8000099e+01  -5.3198765e+01  -3.7952128e+01   5.0271649e+02   1.1813018e-01   2.8788574e-01   2.8788574e-01
   2.0010000e+03   1.0000000e+00   5.0000000e+00   1.2000000e+01   1.6000000e+01   5.7000000e+01  -5.3194421e+01  -3.7953631e+01   4.9297563e+02   1.5624730e-02   3.8077799e-02   3.8077799e-02
   2.0010000e+03   1.0000000e+00   5.0000000e+00   1.2000000e+01   1.8000000e+01   2.6000000e+01  -5.3190060e+01  -3.7955187e+01   4.9551932e+02   3.8275663e+00   9.3278602e+00   2.7091520e-01
   2.0010000e+03   1.0000000e+00   5.0000000e+00   1.2000000e+01   1.9000000e+01   5.7000099e+01  -5.3185619e+01  -3.7956669e+01   5.0321757e+02   1.4149846e+00   2.9412934e+00   0.0000000e+00
   2.0010000e+03   1.0000000e+00   5.0000000e+00   1.2000000e+01   2.1000000e+01   2.9999901e+01  -5.3181203e+01  -3.7958152e+01   5.0063007e+02   2.8054875e+00   6.8670987e+00   6.1470107e-02
   2.0010000e+03   1.0000000e+00   5.0000000e+00   1.2000000e+01   2.3000000e+01   2.0000992e+00  -5.3176792e+01  -3.7959601e+01   4.9946536e+02   1.4023955e+00   1.5456007e+00   0.0000000e+00
   2.0010000e+03   1.0000000e+00   5.0000000e+00   1.2000000e+01   2.4000000e+01   3.6000000e+01  -5.3172401e+01  -3.7961116e+01   4.9829612e+02   1.0000558e+00   2.4999189e+00   3.0505982e-01
   2.0010000e+03   1.0000000e+00   5.0000000e+00   1.2000000e+01   2.6000000e+01   9.0000000e+00  -5.3167980e+01  -3.7962535e+01   5.0023968e+02   8.0506041e-01   1.9619493e+00   1.6990639e+00
   2.0010000e+03   1.0000000e+00   5.0000000e+00   1.2000000e+01   2.7000000e+01   1.1000099e+01  -5.3164970e+01  -3.7963514e+01   3.4079582e+02   3.0340048e-02   7.3939341e-02   7.3939341e-02
