   2.0010000e+03   1.0000000e+00   2.0000000e+00   8.0000000e+00   1.0000000e+00   4.3000000e+01  -5.3347516e+01  -3.9602047e+01   5.0114490e+02   9.7256670e-01   2.5592161e+00   9.1379961e-01
   2.0010000e+03   1.0000000e+00   2.0000000e+00   8.0000000e+00   3.0000000e+00   9.0000000e+00  -5.3351918e+01  -3.9600546e+01   4.9913681e+02   6.8777954e-01   1.6761333e+00   1.0576197e+00
   2.0010000e+03   1.0000000e+00   2.0000000e+00   8.0000000e+00   4.0000000e+00   3.8000000e+01  -5.3356329e+01  -3.9599209e+01   4.9817910e+02   2.3205676e+00   5.6552725e+00   2.9214450e+00
   2.0010000e+03   1.0000000e+00   2.0000000e+00   8.0000000e+00   6.0000000e+00   8.0000992e+00  -5.3360739e+01  -3.9597923e+01   4.9738984e+02   1.7696204e+00   4.8041723e+00   1.1072623e+00
   2.0010000e+03   1.0000000e+00   2.0000000e+00   8.0000000e+00   7.0000000e+00   3.9000000e+01  -5.3365127e+01  -3.9596588e+01   4.9555557e+02   8.6029450e-01   1.6216434e+00   2.6138654e-01
   2.0010000e+03   1.0000000e+00   2.0000000e+00   8.0000000e+00   9.0000000e+00   1.1000000e+01  -5.3369538e+01  -3.9595404e+01   4.9640825e+02   2.6015481e-01   8.2776655e-01   3.1239650e-02
   2.0010000e+03   1.0000000e+00   2.0000000e+00   8.0000000e+00   1.0000000e+01   4.1000099e+01  -5.3373901e+01  -3.9594144e+01   4.9188789e+02   1.3653048e+00   3.4693439e+00   9.6795084e-02
   2.0010000e+03   1.0000000e+00   2.0000000e+00   8.0000000e+00   1.2000000e+01   1.1000000e+01  -5.3378346e+01  -3.9592855e+01   5.0128419e+02   1.4669198e+00   1.3448750e+00   5.5736323e-01
   2.0010000e+03   1.0000000e+00   2.0000000e+00   8.0000000e+00   1.3000000e+01   4.1999901e+01  -5.3382801e+01  -3.9591442e+01   5.0388047e+02   8.2075555e-01   2.0001987e+00   4.7742902e-01
   2.0010000e+03   1.0000000e+00   2.0000000e+00   8.0000000e+00   1.5000000e+01   1.3999901e+01  -5.3387151e+01  -3.9590140e+01   4.9102152e+02   1.1937999e+00   3.0570264e+00   8.9696260e-01
   2.0010000e+03   1.0000000e+00   2.0000000e+00   8.0000000e+00   1.6000000e+01   4.7000000e+01  -5.3391588e+01  -3.9588908e+01   4.9973620e+02   2.7101164e-01   7.4666372e-01   3.0626810e-01
   2.0010000e+03   1.0000000e+00   2.0000000e+00   8.0000000e+00   1.8000000e+01   1.8000000e+01  -5.3395997e+01  -3.9587640e+01   4.9704005e+02   1.2506077e-01   4.1676376e-01   2.9365764e-01
   2.0010000e+03   1.0000000e+00   2.0000000e+00   8.0000000e+00   1.9000000e+01   4.8000000e+01  -5.3400410e+01  -3.9586377e+01   4.9745481e+02   1.2636708e+00   1.6946476e+00   1.0192724e-01
   2.0010000e+03   1.0000000e+00   2.0000000e+00   8.0000000e+00   2.1000000e+01   2.0000000e+01  -5.3404871e+01  -3.9584996e+01   5.0414102e+02   1.6286387e+00   3.4517000e+00   2.9454463e-01
   2.0010000e+03   1.0000000e+00   2.0000000e+00   8.0000000e+00   2.2000000e+01   5.1000000e+01  -5.3409316e+01  -3.9583660e+01   5.0173242e+02   4.4807448e-01   1.1249891e+00   6.6021589e-02
   2.0010000e+03   1.0000000e+00   2.0000000e+00   8.0000000e+00   2.4000000e+01   2.5000000e+01  -5.3413767e+01  -3.9582286e+01   5.0293801e+02   3.8742843e-01   5.7267511e-01   1.1555457e-01
   2.0010000e+03   1.0000000e+00   2.0000000e+00   8.0000000e+00   2.6000000e+01   1.0000992e+00  -5.3418098e+01  -3.9581012e+01   4.8858603e+02   1.6927754e+00   2.6915320e+00   0.0000000e+00
   2.0010000e+03   1.0000000e+00   2.0000000e+00   8.0000000e+00   2.7000000e+01   3.3000099e+01  -5.3422555e+01  -3.9579826e+01   5.0140301e+02   9.7642237e-01   2.3795620e+00   3.1675051e-02
   2.0010000e+03   1.0000000e+00   2.0000000e+00   8.0000000e+00   2.9000000e+01   1.9999008e+00  -5.3426947e+01  -3.9578467e+01   4.9625815e+02   8.9299367e-01   2.1762445e+00   9.6463030e-01
   2.0010000e+03   1.0000000e+00   2.0000000e+00   8.0000000e+00   3.0000000e+01   3.0000000e+01  -5.3431343e+01  -3.9577090e+01   4.9695355e+02   1.8824067e+00   4.6620627e+00   3.8581708e-01
   2.0010000e+03   1.0000000e+00   2.0000000e+00   8.0000000e+00   3.1000000e+01   5.6999901e+01  -5.3435777e+01  -3.9575843e+01   4.9958560e+02   9.8795521e+00   2.4097097e+01   1.5945392e+01
   2.0010000e+03   1.0000000e+00   2.0000000e+00   8.0000000e+00   3.3000000e+01   2.7000000e+01  -5.3440225e+01  -3.9574568e+01   5.0136163e+02   2.8515436e+00   5.0924408e+00   5.5726571e-01
   2.0010000e+03   1.0000000e+00   2.0000000e+00   8.0000000e+00   3.5000000e+01   0.0000000e+00  -5.3444655e+01  -3.9573286e+01   4.9963143e+02   6.4753209e-01   1.6175172e+00   4.4234198e-01
   2.0010000e+03   1.0000000e+00   2.0000000e+00   8.0000000e+00   3.6000000e+01   3.4000000e+01  -5.3449054e+01  -3.9571971e+01   4.9649749e+02   2.4092082e-01   6.9775996e-01   6.7326580e-02
   2.0010000e+03   1.0000000e+00   2.0000000e+00   8.0000000e+00   3.8000000e+01   8.0000000e+00  -5.3453450e+01  -3.9570664e+01   4.9602781e+02   4.0030433e-02   1.4006047e-01   0.0000000e+00
   2.0010000e+03   1.0000000e+00   2.0000000e+00   8.0000000e+00   3.9000000e+01   4.0000000e+01  -5.3457878e+01  -3.9569299e+01   5.0027548e+02   2.4069882e-01   6.8610569e-01   8.3846342e-02
   2.0010000e+03   1.0000000e+00   2.0000000e+00   8.0000000e+00   4.1000000e+01   1.3000000e+01  -5.3462256e+01  -3.9567979e+01   4.9419671e+02   4.9327432e+01   9.3237119e+01   9.0824627e+01
   2.0010000e+03   1.0000000e+00   2.0000000e+00   8.0000000e+00   4.2000000e+01   4.4000000e+01  -5.3466662e+01  -3.9566694e+01   4.9700474e+02   9.1133136e-01   2.2209338e+00   2.1187622e-01
   2.0010000e+03   1.0000000e+00   2.0000000e+00   8.0000000e+00   4.4000000e+01   1.5000000e+01  -5.3471117e+01  -3.9565325e+01   5.0323108e+02   6.0372271e-01   1.5513495e+00   8.9943986e-02
   2.0010000e+03   1.0000000e+00   2.0000000e+00   8.0000000e+00   4.5000000e+01   4.6000000e+01  -5.3475608e+01  -3.9563985e+01   5.0685600e+02   1.7194614e+00   4.2494494e+00   7.0594276e-01
   2.0010000e+03   1.0000000e+00   2.0000000e+00   8.0000000e+00   4.7000000e+01   1.7999901e+01  -5.3479976e+01  -3.9562658e+01   4.9318900e+02   5.8893383e-01   1.4352442e+00   4.5915430e-02
   2.0010000e+03   1.0000000e+00   2.0000000e+00   8.0000000e+00   4.8000000e+01   4.9000099e+01  -5.3484398e+01  -3.9561402e+01   4.9838429e+02   5.2573255e-01   1.3440928e+00   9.6268232e-02
   2.0010000e+03   1.0000000e+00   2.0000000e+00   8.0000000e+00   5.0000000e+01   1.9000000e+01  -5.3488770e+01  -3.9560209e+01   4.9212552e+02   9.4207406e-01   2.3654240e+00   3.1268177e-01
   2.0010000e+03   1.0000000e+00   2.0000000e+00   8.0000000e+00   5.1000000e+01   5.2000000e+01  -5.3493254e+01  -3.9558911e+01   5.0564480e+02   2.3484003e+00   4.4381635e+00   5.0990366e-01
   2.0010000e+03   1.0000000e+00   2.0000000e+00   8.0000000e+00   5.3000000e+01   2.5000000e+01  -5.3497605e+01  -3.9557526e+01   4.9202766e+02   3.0448457e-01   7.6227100e-01   3.7654295e-01
   2.0010000e+03   1.0000000e+00   2.0000000e+00   8.0000000e+00   5.4000000e+01   5.9000099e+01  -5.3502024e+01  -3.9556171e+01   4.9917269e+02   5.9617775e-01   1.5182602e+00   3.1850790e-01
   2.0010000e+03   1.0000000e+00   2.0000000e+00   8.0000000e+00   5.6000000e+01   3.1999901e+01  -5.3506451e+01  -3.9554797e+01   5.0025173e+02   4.0421479e-01   1.0175381e+00   0.0000000e+00
   2.0010000e+03   1.0000000e+00   2.0000000e+00   8.0000000e+00   5.8000000e+01   4.0000000e+00  -5.3510884e+01  -3.9553436e+01   5.0077881e+02   1.0059915e+00   2.5868188e+00   3.6308880e-01
   2.0010000e+03   1.0000000e+00   2.0000000e+00   8.0000000e+00   5.9000000e+01   3.9000000e+01  -5.3515296e+01  -3.9552087e+01   4.9820833e+02   1.4020822e+00   3.4169039e+00   4.1563843e-01
   2.0010000e+03   1.0000000e+00   2.0000000e+00   9.0000000e+00   1.0000000e+00   1.6000099e+01  -5.3519681e+01  -3.9550820e+01   4.9449690e+02   4.6125474e-01   1.1480622e+00   5.4412718e-01
   2.0010000e+03   1.0000000e+00   2.0000000e+00   9.0000000e+00   2.0000000e+00   5.2000000e+01  -5.3524144e+01  -3.9549601e+01   5.0242426e+02   4.9260768e+03   1.2004954e+04   7.8411710e+03
   2.0010000e+03   1.0000000e+00   2.0000000e+00   9.0000000e+00   4.0000000e+00   2.6000000e+01  -5.3528527e+01  -3.9548351e+01   4.9390384e+02   5.1480449e-01   1.2545895e+00   0.0000000e+00
   2.0010000e+03   1.0000000e+00   2.0000000e+00   9.0000000e+00   5.0000000e+00   5.8000000e+01  -5.3532944e+01  -3.9547116e+01   4.9761433e+02   1.0303718e+00   9.2359857e-01   2.7940310e-01
   2.0010000e+03   1.0000000e+00   2.0000000e+00   9.0000000e+00   7.0000000e+00   3.1000000e+01  -5.3537385e+01  -3.9545839e+01   5.0065592e+02   3.1490904e+00   7.6744002e+00   2.0308888e-02
   2.0010000e+03   1.0000000e+00   2.0000000e+00   9.0000000e+00   9.0000000e+00   2.0000000e+00  -5.3541838e+01  -3.9544621e+01   5.0127515e+02   1.5627721e+00   3.8085087e+00   9.1548820e-02
   2.0010000e+03   1.0000000e+00   2.0000000e+00   9.0000000e+00   1.0000000e+01   3.1000000e+01  -5.3546185e+01  -3.9543248e+01   4.9147995e+02   1.6201445e-01   0.0000000e+00   0.0000000e+00
   2.0010000e+03   1.0000000e+00   2.0000000e+00   9.0000000e+00   1.2000000e+01   0.0000000e+00  -5.3550588e+01  -3.9541870e+01   4.9765640e+02   1.5019189e+02   1.5579661e+02   1.5013241e+02
   2.0010000e+03   1.0000000e+00   2.0000000e+00   9.0000000e+00   1.3000000e+01   2.9999901e+01  -5.3555000e+01  -3.9540494e+01   4.9862387e+02   2.6534429e-01   9.1577389e-01   0.0000000e+00
   2.0010000e+03   1.0000000e+00   2.0000000e+00   9.0000000e+00   1.5000000e+01   0.0000000e+00  -5.3559384e+01  -3.9539093e+01   4.9583766e+02   4.3052715e-01   1.0634276e+00   1.4223789e-02
   2.0010000e+03   1.0000000e+00   2.0000000e+00   9.0000000e+00   1.6000000e+01   3.2000000e+01  -5.3563832e+01  -3.9537730e+01   5.0229713e+02   5.5656784e+00   1.2429246e+01   4.8395924e-02
   2.0010000e+03   1.0000000e+00   2.0000000e+00   9.0000000e+00   1.8000000e+01   7.0000000e+00  -5.3568269e+01  -3.9536468e+01   5.0003999e+02   2.2974967e-01   5.5990482e-01   3.5475911e-02
   2.0010000e+03   1.0000000e+00   2.0000000e+00   9.0000000e+00   1.9000000e+01   3.9999901e+01  -5.3572691e+01  -3.9535257e+01   4.9786542e+02   5.1630834e-01   1.4361086e+00   1.7785421e-01
   2.0010000e+03   1.0000000e+00   2.0000000e+00   9.0000000e+00   2.1000000e+01   1.0000000e+01  -5.3577082e+01  -3.9534175e+01   4.9309855e+02   1.5857475e+00   2.2671835e+00   5.4490694e-01
   2.0010000e+03   1.0000000e+00   2.0000000e+00   9.0000000e+00   2.2000000e+01   4.0000000e+01  -5.3581507e+01  -3.9532881e+01   4.9904710e+02   4.1635081e-01   1.1149098e+00   3.2464115e-02
   2.0010000e+03   1.0000000e+00   2.0000000e+00   9.0000000e+00   2.4000000e+01   1.0000000e+01  -5.3585975e+01  -3.9531649e+01   5.0318382e+02   3.3464081e-01   8.1552675e-01   4.2949440e-01
   2.0010000e+03   1.0000000e+00   2.0000000e+00   9.0000000e+00   2.5000000e+01   4.0000000e+01  -5.3590458e+01  -3.9530373e+01   5.0518930e+02   1.1994043e+00   3.0073583e+00   5.0496452e-02
   2.0010000e+03   1.0000000e+00   2.0000000e+00   9.0000000e+00   2.7000000e+01   1.0000000e+01  -5.3594818e+01  -3.9529106e+01   4.9156844e+02   1.7838520e+00   6.5727167e-01   4.9624840e-02
   2.0010000e+03   1.0000000e+00   2.0000000e+00   9.0000000e+00   2.8000000e+01   4.1000000e+01  -5.3599238e+01  -3.9527859e+01   4.9802350e+02   4.8381489e-01   1.1869986e+00   4.7788142e-02
   2.0010000e+03   1.0000000e+00   2.0000000e+00   9.0000000e+00   3.0000000e+01   1.5000000e+01  -5.3603656e+01  -3.9526595e+01   4.9791720e+02   1.0213082e+00   1.8894202e+00   3.1385242e-01
   2.0010000e+03   1.0000000e+00   2.0000000e+00   9.0000000e+00   3.1000000e+01   4.9000000e+01  -5.3608099e+01  -3.9525286e+01   5.0123707e+02   1.2716222e+00   3.1119760e+00   2.2927569e-01
   2.0010000e+03   1.0000000e+00   2.0000000e+00   9.0000000e+00   3.3000000e+01   2.0000000e+01  -5.3612519e+01  -3.9523973e+01   4.9868012e+02   7.4709776e-01   1.8624936e+00   2.5272424e-01
   2.0010000e+03   1.0000000e+00   2.0000000e+00   9.0000000e+00   3.4000000e+01   5.1000000e+01  -5.3616958e+01  -3.9522678e+01   5.0061586e+02   5.3587673e-01   1.3087755e+00   1.8284676e-01
   2.0010000e+03   1.0000000e+00   2.0000000e+00   9.0000000e+00   3.6000000e+01   2.6000099e+01  -5.3621307e+01  -3.9521408e+01   4.9043749e+02   3.8012156e+00   9.2973724e+00   2.4043467e-01
   2.0010000e+03   1.0000000e+00   2.0000000e+00   9.0000000e+00   3.8000000e+01   3.0000000e+00  -5.3625698e+01  -3.9520118e+01   4.9533816e+02   1.6347144e+02   3.9845058e+02   3.2956115e+02
   2.0010000e+03   1.0000000e+00   2.0000000e+00   9.0000000e+00   3.9000000e+01   3.8000000e+01  -5.3630159e+01  -3.9518776e+01   5.0354646e+02   1.9973863e+02   4.8679565e+02   4.5208370e+02
   2.0010000e+03   1.0000000e+00   2.0000000e+00   9.0000000e+00   4.1000000e+01   1.2000000e+01  -5.3634601e+01  -3.9517512e+01   5.0052515e+02   2.3356243e+00   5.6919660e+00   4.3001639e-01
   2.0010000e+03   1.0000000e+00   2.0000000e+00   9.0000000e+00   4.2000000e+01   4.4000000e+01  -5.3638939e+01  -3.9516239e+01   4.8924803e+02   1.9710395e+00   3.8673789e+00   0.0000000e+00
   2.0010000e+03   1.0000000e+00   2.0000000e+00   9.0000000e+00   4.4000000e+01   1.5000000e+01  -5.3643404e+01  -3.9515054e+01   5.0223931e+02   6.4621555e-01   1.7131760e+00   3.0817197e-01
   2.0010000e+03   1.0000000e+00   2.0000000e+00   9.0000000e+00   4.5000000e+01   4.5000000e+01  -5.3647837e+01  -3.9513755e+01   5.0000826e+02   7.7558877e-01   1.8489893e+00   0.0000000e+00
   2.0010000e+03   1.0000000e+00   2.0000000e+00   9.0000000e+00   4.7000000e+01   1.8000099e+01  -5.3652305e+01  -3.9512411e+01   5.0431457e+02   2.7281917e+00   3.5768116e+00   0.0000000e+00
   2.0010000e+03   1.0000000e+00   2.0000000e+00   9.0000000e+00   4.8000000e+01   5.2000000e+01  -5.3656700e+01  -3.9510965e+01   4.9757524e+02   1.0384230e+00   2.4778988e+00   1.0130408e-01
   2.0010000e+03   1.0000000e+00   2.0000000e+00   9.0000000e+00   5.0000000e+01   2.3999901e+01  -5.3661057e+01  -3.9509548e+01   4.9303980e+02   2.6112488e+00   5.4229271e+00   1.2220173e-01
   2.0010000e+03   1.0000000e+00   2.0000000e+00   9.0000000e+00   5.1000000e+01   5.9000000e+01  -5.3665433e+01  -3.9508124e+01   4.9529200e+02   1.0608602e+01   2.5882672e+01   1.7502531e-01
   2.0010000e+03   1.0000000e+00   2.0000000e+00   9.0000000e+00   5.3000000e+01   3.3999901e+01  -5.3669901e+01  -3.9506714e+01   5.0502567e+02   3.0027921e+02   7.3001670e+02   3.0815786e+01
   2.0010000e+03   1.0000000e+00   2.0000000e+00   9.0000000e+00   5.5000000e+01   7.0000000e+00  -5.3674353e+01  -3.9505436e+01   5.0177786e+02   2.0263225e+00   4.8093850e+00   5.8029262e-01
   2.0010000e+03   1.0000000e+00   2.0000000e+00   9.0000000e+00   5.6000000e+01   3.7999901e+01  -5.3678755e+01  -3.9504266e+01   4.9522703e+02   2.6013641e+01   6.1597409e+01   3.3913641e+01
   2.0010000e+03   1.0000000e+00   2.0000000e+00   9.0000000e+00   5.8000000e+01   1.0000000e+01  -5.3683219e+01  -3.9503014e+01   5.0277166e+02   3.2433297e+00   7.4814635e-01   0.0000000e+00
   2.0010000e+03   1.0000000e+00   2.0000000e+00   9.0000000e+00   5.9000000e+01   4.2000000e+01  -5.3687664e+01  -3.9501821e+01   5.0022934e+02   1.4940820e+00   1.8066020e+00   3.8021351e-01
   2.0010000e+03   1.0000000e+00   2.0000000e+00   1.0000000e+01   1.0000000e+00   1.7000000e+01  -5.3691983e+01  -3.9500382e+01   4.8915506e+02   3.7363675e+00   9.1386213e+00   8.3331630e-02
   2.0010000e+03   1.0000000e+00   2.0000000e+00   1.0000000e+01   2.0000000e+00   5.2999901e+01  -5.3696330e+01  -3.9499031e+01   4.9117887e+02   9.1764860e-01   8.2493441e-01   0.0000000e+00
   2.0010000e+03   1.0000000e+00   2.0000000e+00   1.0000000e+01   4.0000000e+00   2.8000000e+01  -5.3700755e+01  -3.9497620e+01   5.0030718e+02   1.5159784e+00   3.2201438e+00   3.9482819e-01
   2.0010000e+03   1.0000000e+00   2.0000000e+00   1.0000000e+01   6.0000000e+00   2.9999008e+00  -5.3705162e+01  -3.9496222e+01   4.9831537e+02   1.6481053e+00   3.5197344e+00   0.0000000e+00
   2.0010000e+03   1.0000000e+00   2.0000000e+00   1.0000000e+01   7.0000000e+00   3.6000000e+01  -5.3709571e+01  -3.9494998e+01   4.9651031e+02   1.9417237e+00   4.7320219e+00   0.0000000e+00
   2.0010000e+03   1.0000000e+00   2.0000000e+00   1.0000000e+01   9.0000000e+00   6.9999008e+00  -5.3714006e+01  -3.9493805e+01   4.9900513e+02   4.1466692e+00   8.3917734e+00   3.4546313e+00
   2.0010000e+03   1.0000000e+00   2.0000000e+00   1.0000000e+01   1.0000000e+01   3.9000000e+01  -5.3718488e+01  -3.9492532e+01   5.0506742e+02   2.8342143e+00   2.6699088e+00   0.0000000e+00
   2.0010000e+03   1.0000000e+00   2.0000000e+00   1.0000000e+01   1.2000000e+01   1.0000000e+01  -5.3722858e+01  -3.9491154e+01   4.9388514e+02   2.5500843e+00   4.6297624e+00   1.5963857e-01
   2.0010000e+03   1.0000000e+00   2.0000000e+00   1.0000000e+01   1.3000000e+01   4.4000099e+01  -5.3727247e+01  -3.9489802e+01   4.9574430e+02   3.6593044e+00   7.7253919e+00   1.0056721e-01
   2.0010000e+03   1.0000000e+00   2.0000000e+00   1.0000000e+01   1.5000000e+01   1.6000099e+01  -5.3731697e+01  -3.9488431e+01   5.0262076e+02   2.7427814e+01   5.4404403e+01   3.1343604e-01
   2.0010000e+03   1.0000000e+00   2.0000000e+00   1.0000000e+01   1.6000000e+01   4.6000000e+01  -5.3736111e+01  -3.9487069e+01   4.9858345e+02   2.2790850e+01   6.7876897e+00   0.0000000e+00
   2.0010000e+03   1.0000000e+00   2.0000000e+00   1.0000000e+01   1.8000000e+01   1.6000000e+01  -5.3740489e+01  -3.9485606e+01   4.9599402e+02   1.8112418e+02   1.7519303e+02   0.0000000e+00
   2.0010000e+03   1.0000000e+00   2.0000000e+00   1.0000000e+01   1.9000000e+01   4.5999901e+01  -5.3744882e+01  -3.9484262e+01   4.9603075e+02   3.4806145e+00   7.6265833e+00   5.5818021e-01
   2.0010000e+03   1.0000000e+00   2.0000000e+00   1.0000000e+01   2.1000000e+01   1.5000099e+01  -5.3749309e+01  -3.9483081e+01   4.9799890e+02   3.7137044e+01   8.9260303e+01   6.5319367e+01
   2.0010000e+03   1.0000000e+00   2.0000000e+00   1.0000000e+01   2.2000000e+01   4.4000000e+01  -5.3753719e+01  -3.9481926e+01   4.9586542e+02   8.3830135e+01   2.0829577e+02   1.3819431e+02
   2.0010000e+03   1.0000000e+00   2.0000000e+00   1.0000000e+01   2.4000000e+01   1.6000000e+01  -5.3758210e+01  -3.9480578e+01   5.0690145e+02   1.1875243e+00   2.8940220e+00   0.0000000e+00
   2.0010000e+03   1.0000000e+00   2.0000000e+00   1.0000000e+01   2.5000000e+01   5.0000099e+01  -5.3762603e+01  -3.9479281e+01   4.9546780e+02   4.0128637e+00   6.6882810e+00   1.6778191e+00
   2.0010000e+03   1.0000000e+00   2.0000000e+00   1.0000000e+01   2.7000000e+01   2.1000000e+01  -5.3766990e+01  -3.9477958e+01   4.9519776e+02   2.7113987e+00   6.6574545e+00   4.8469691e-01
   2.0010000e+03   1.0000000e+00   2.0000000e+00   1.0000000e+01   2.8000000e+01   5.2999901e+01  -5.3771451e+01  -3.9476651e+01   5.0305302e+02   2.4283547e+00   5.6924948e+00   3.6300584e-02
   2.0010000e+03   1.0000000e+00   2.0000000e+00   1.0000000e+01   3.0000000e+01   2.5000000e+01  -5.3775880e+01  -3.9475374e+01   4.9921513e+02   1.2449663e+00   3.0957581e+00   1.1778649e+00
   2.0010000e+03   1.0000000e+00   2.0000000e+00   1.0000000e+01   3.1000000e+01   5.8000000e+01  -5.3780305e+01  -3.9474063e+01   4.9920354e+02   2.2205883e+00   3.2334259e+00   2.3539599e-01
   2.0010000e+03   1.0000000e+00   2.0000000e+00   1.0000000e+01   3.3000000e+01   3.0000000e+01  -5.3784720e+01  -3.9472713e+01   4.9859673e+02   5.8702568e-01   1.4305940e+00   2.7988585e-01
   2.0010000e+03   1.0000000e+00   2.0000000e+00   1.0000000e+01   3.5000000e+01   3.0000000e+00  -5.3789102e+01  -3.9471500e+01   4.9336596e+02   8.8060078e-01   1.8705753e+00   9.0889649e-02
   2.0010000e+03   1.0000000e+00   2.0000000e+00   1.0000000e+01   3.6000000e+01   3.4000000e+01  -5.3793489e+01  -3.9470236e+01   4.9446438e+02   1.0748867e+00   2.6324076e+00   0.0000000e+00
   2.0010000e+03   1.0000000e+00   2.0000000e+00   1.0000000e+01   3.8000000e+01   4.0000992e+00  -5.3797915e+01  -3.9469015e+01   4.9832445e+02   9.3240908e-01   1.7703031e+00   1.3963195e-02
   2.0010000e+03   1.0000000e+00   2.0000000e+00   1.0000000e+01   3.9000000e+01   3.4000000e+01  -5.3802334e+01  -3.9467790e+01   4.9756013e+02   2.3077382e+00   4.4394062e+00   2.7787321e+00
   2.0010000e+03   1.0000000e+00   2.0000000e+00   1.0000000e+01   4.1000000e+01   4.0000000e+00  -5.3806754e+01  -3.9466485e+01   4.9863764e+02   2.8153416e+00   7.4505868e+00   1.3707943e-01
   2.0010000e+03   1.0000000e+00   2.0000000e+00   1.0000000e+01   4.2000000e+01   3.3999901e+01  -5.3811194e+01  -3.9465144e+01   5.0113605e+02   3.5635426e+00   7.3875010e+00   7.7479081e-01
   2.0010000e+03   1.0000000e+00   2.0000000e+00   1.0000000e+01   4.4000000e+01   4.0000000e+00  -5.3815655e+01  -3.9463801e+01   5.0347116e+02   3.6179159e+00   8.8826930e+00   0.0000000e+00
   2.0010000e+03   1.0000000e+00   2.0000000e+00   1.0000000e+01   4.5000000e+01   3.3000000e+01  -5.3820072e+01  -3.9462323e+01   5.0026306e+02   3.2225513e+00   7.8534258e+00   0.0000000e+00
   2.0010000e+03   1.0000000e+00   2.0000000e+00   1.0000000e+01   4.7000000e+01   2.0000000e+00  -5.3824503e+01  -3.9460847e+01   5.0177363e+02   3.0783211e+00   7.5019338e+00   0.0000000e+00
   2.0010000e+03   1.0000000e+00   2.0000000e+00   1.0000000e+01   4.8000000e+01   3.1000000e+01  -5.3828864e+01  -3.9459522e+01   4.9239988e+02   2.4091808e+00   5.8712247e+00   1.2179121e+00
   2.0010000e+03   1.0000000e+00   2.0000000e+00   1.0000000e+01   5.0000000e+01   0.0000000e+00  -5.3833267e+01  -3.9458273e+01   4.9602895e+02   2.8685320e+00   5.7115214e+00   2.1381853e-01
   2.0010000e+03   1.0000000e+00   2.0000000e+00   1.0000000e+01   5.1000000e+01   2.9999901e+01  -5.3837736e+01  -3.9456918e+01   5.0446067e+02   3.5692083e+00   7.6072965e+00   0.0000000e+00
   2.0010000e+03   1.0000000e+00   2.0000000e+00   1.0000000e+01   5.3000000e+01   0.0000000e+00  -5.3842177e+01  -3.9455564e+01   5.0143205e+02   3.1677811e+00   6.5059874e+00   1.8007795e+00
   2.0010000e+03   1.0000000e+00   2.0000000e+00   1.0000000e+01   5.4000000e+01   3.0000099e+01  -5.3846593e+01  -3.9454262e+01   4.9804757e+02   4.1400385e+00   5.2356883e+00   0.0000000e+00
   2.0010000e+03   1.0000000e+00   2.0000000e+00   1.0000000e+01   5.6000000e+01   2.0000992e+00  -5.3850973e+01  -3.9452936e+01   4.9438316e+02   4.1488076e+02   1.1524769e+03   1.3516347e+01
   2.0010000e+03   1.0000000e+00   2.0000000e+00   1.0000000e+01   5.7000000e+01   3.6000000e+01  -5.3855421e+01  -3.9451577e+01   5.0225098e+02   5.0852118e+00   3.4682404e+00   1.2412381e+00
   2.0010000e+03   1.0000000e+00   2.0000000e+00   1.0000000e+01   5.9000000e+01   7.0000000e+00  -5.3859823e+01  -3.9450356e+01   4.9569750e+02   5.4142458e+00   8.9672410e+00   0.0000000e+00
   2.0010000e+03   1.0000000e+00   2.0000000e+00   1.1000000e+01   0.0000000e+00   3.9000000e+01  -5.3864220e+01  -3.9448959e+01   4.9713093e+02   2.9237656e+00   7.2203392e+00   0.0000000e+00
   2.0010000e+03   1.0000000e+00   2.0000000e+00   1.1000000e+01   2.0000000e+00   1.1000000e+01  -5.3868636e+01  -3.9447496e+01   4.9989831e+02   2.1145761e+00   4.6394627e+00   3.8137930e-01
   2.0010000e+03   1.0000000e+00   2.0000000e+00   1.1000000e+01   3.0000000e+00   4.4000099e+01  -5.3873000e+01  -3.9446038e+01   4.9432422e+02   1.8025974e+00   4.5071674e+00   3.1241268e-02
   2.0010000e+03   1.0000000e+00   2.0000000e+00   1.1000000e+01   5.0000000e+00   1.6000000e+01  -5.3877378e+01  -3.9444718e+01   4.9409242e+02   1.5678400e+00   3.1690857e+00   1.0593932e-01
   2.0010000e+03   1.0000000e+00   2.0000000e+00   1.1000000e+01   6.0000000e+00   4.7000000e+01  -5.3881833e+01  -3.9443506e+01   5.0135979e+02   2.1575423e+00   5.2579763e+00   2.3476041e+00
   2.0010000e+03   1.0000000e+00   2.0000000e+00   1.1000000e+01   8.0000000e+00   1.8999901e+01  -5.3886291e+01  -3.9442214e+01   5.0254309e+02   3.7277607e+00   7.4880997e-01   0.0000000e+00
   2.0010000e+03   1.0000000e+00   2.0000000e+00   1.1000000e+01   9.0000000e+00   5.0999901e+01  -5.3890705e+01  -3.9441010e+01   4.9679318e+02   4.1895167e+00   5.0554871e+00   0.0000000e+00
   2.0010000e+03   1.0000000e+00   2.0000000e+00   1.1000000e+01   1.1000000e+01   2.4000000e+01  -5.3895107e+01  -3.9439760e+01   4.9591750e+02   5.3697221e+00   1.7602723e+01   5.3230749e+00
   2.0010000e+03   1.0000000e+00   2.0000000e+00   1.1000000e+01   1.2000000e+01   5.6000000e+01  -5.3899568e+01  -3.9438586e+01   5.0162616e+02   1.9331512e+01   3.7677197e+01   0.0000000e+00
   2.0010000e+03   1.0000000e+00   2.0000000e+00   1.1000000e+01   1.4000000e+01   2.8000000e+01  -5.3904029e+01  -3.9437313e+01   5.0268969e+02   3.1713449e-01   5.5617470e+01   0.0000000e+00
   2.0010000e+03   1.0000000e+00   2.0000000e+00   1.1000000e+01   1.5000000e+01   5.9000000e+01  -5.3908412e+01  -3.9435993e+01   4.9462263e+02   5.9975181e-01   1.4616079e+00   0.0000000e+00
   2.0010000e+03   1.0000000e+00   2.0000000e+00   1.1000000e+01   1.7000000e+01   3.2000099e+01  -5.3912859e+01  -3.9434848e+01   4.9982091e+02   6.9205672e+00   1.6887874e+01   1.6051126e+01
   2.0010000e+03   1.0000000e+00   2.0000000e+00   1.1000000e+01   1.9000000e+01   4.0000992e+00  -5.3917295e+01  -3.9433501e+01   5.0072208e+02   4.8770153e+00   1.1885390e+01   8.0992642e-01
   2.0010000e+03   1.0000000e+00   2.0000000e+00   1.1000000e+01   2.0000000e+01   3.5000000e+01  -5.3921720e+01  -3.9432263e+01   4.9829713e+02   6.6767938e+00   1.6453958e+01   7.1063170e+00
   2.0010000e+03   1.0000000e+00   2.0000000e+00   1.1000000e+01   2.2000000e+01   8.0000000e+00  -5.3926162e+01  -3.9431033e+01   5.0020742e+02   1.3530124e+01   3.1958196e+01   0.0000000e+00
   2.0010000e+03   1.0000000e+00   2.0000000e+00   1.1000000e+01   2.3000000e+01   4.2000099e+01  -5.3930507e+01  -3.9429507e+01   4.9298376e+02   2.2594356e+01   5.7489930e+01   0.0000000e+00
   2.0010000e+03   1.0000000e+00   2.0000000e+00   1.1000000e+01   2.5000000e+01   1.4000099e+01  -5.3934867e+01  -3.9428079e+01   4.9336737e+02   2.8515947e+01   2.4846669e+01   0.0000000e+00
   2.0010000e+03   1.0000000e+00   2.0000000e+00   1.1000000e+01   2.6000000e+01   4.7000000e+01  -5.3939273e+01  -3.9426678e+01   4.9810021e+02   9.3598483e+00   1.3305011e+01   1.5760784e+00
   2.0010000e+03   1.0000000e+00   2.0000000e+00   1.1000000e+01   2.8000000e+01   1.9000000e+01  -5.3943712e+01  -3.9425437e+01   4.9995324e+02   5.6580870e+01   1.3848057e+02   1.7854259e+01
   2.0010000e+03   1.0000000e+00   2.0000000e+00   1.1000000e+01   2.9000000e+01   5.2000099e+01  -5.3948163e+01  -3.9424091e+01   5.0235463e+02   5.6114778e+00   1.0918105e+01   6.7380188e+00
   2.0010000e+03   1.0000000e+00   2.0000000e+00   1.1000000e+01   3.1000000e+01   2.4000099e+01  -5.3952605e+01  -3.9422831e+01   5.0046661e+02   3.6401149e+00   9.1477469e+00   8.2206165e+00
   2.0010000e+03   1.0000000e+00   2.0000000e+00   1.1000000e+01   3.2000000e+01   5.7000000e+01  -5.3957049e+01  -3.9421487e+01   5.0154937e+02   5.5344497e+00   1.3526394e+01   1.0886574e-01
   2.0010000e+03   1.0000000e+00   2.0000000e+00   1.1000000e+01   3.4000000e+01   2.8000000e+01  -5.3961423e+01  -3.9420205e+01   4.9321564e+02   5.1751126e+00   1.4230129e+01   8.7805218e-01
   2.0010000e+03   1.0000000e+00   2.0000000e+00   1.1000000e+01   3.7000000e+01   3.1000000e+01  -5.3970262e+01  -3.9417352e+01   9.9971794e+02   1.6556775e+00   4.0349211e+00   9.1337311e-01
   2.0010000e+03   1.0000000e+00   2.0000000e+00   1.1000000e+01   3.9000000e+01   1.0000000e+00  -5.3974672e+01  -3.9416045e+01   4.9737752e+02   6.6404749e+00   1.6562508e+01   1.5669390e+00
   2.0010000e+03   1.0000000e+00   2.0000000e+00   1.1000000e+01   4.0000000e+01   3.1000000e+01  -5.3979074e+01  -3.9414636e+01   4.9773860e+02   3.9572354e+00   7.1290833e+00   8.8312768e-01
   2.0010000e+03   1.0000000e+00   2.0000000e+00   1.1000000e+01   4.2000000e+01   5.0000000e+00  -5.3983481e+01  -3.9413250e+01   4.9804058e+02   4.3533404e+00   1.2285500e+01   7.4577592e-01
   2.0010000e+03   1.0000000e+00   2.0000000e+00   1.1000000e+01   4.3000000e+01   4.2000099e+01  -5.3987877e+01  -3.9411815e+01   4.9747551e+02   5.0507200e+00   1.3708278e+01   7.8486380e+00
   2.0010000e+03   1.0000000e+00   2.0000000e+00   1.1000000e+01   4.5000000e+01   1.6999901e+01  -5.3992376e+01  -3.9410373e+01   5.0866916e+02   7.3008216e+00   1.9307417e+01   1.3730189e+01
   2.0010000e+03   1.0000000e+00   2.0000000e+00   1.1000000e+01   4.6000000e+01   5.0000000e+01  -5.3996671e+01  -3.9408573e+01   4.9150673e+02   5.0055886e+00   1.1949917e+01   8.2706545e+00
   2.0010000e+03   1.0000000e+00   2.0000000e+00   1.1000000e+01   4.8000000e+01   2.2000099e+01  -5.4001026e+01  -3.9406812e+01   4.9739706e+02   6.6313619e+00   1.6926521e+01   1.8416000e+00
   2.0010000e+03   1.0000000e+00   2.0000000e+00   1.1000000e+01   4.9000000e+01   5.4999901e+01  -5.4005423e+01  -3.9404977e+01   5.0311789e+02   3.1084902e+00   6.5342768e+00   2.9259180e+00
   2.0010000e+03   1.0000000e+00   2.0000000e+00   1.1000000e+01   5.1000000e+01   2.6999901e+01  -5.4009829e+01  -3.9403290e+01   5.0188351e+02   4.2911737e+00   1.0457681e+01   7.6608436e+00
   2.0010000e+03   1.0000000e+00   2.0000000e+00   1.1000000e+01   5.2000000e+01   5.9000000e+01  -5.4014204e+01  -3.9401922e+01   4.9425662e+02   5.7308852e+00   1.6725554e+01   1.1879113e+01
   2.0010000e+03   1.0000000e+00   2.0000000e+00   1.1000000e+01   5.4000000e+01   3.1000000e+01  -5.4018651e+01  -3.9400781e+01   4.9973147e+02   4.9240259e+00   1.2285474e+01   1.1043514e+01
   2.0010000e+03   1.0000000e+00   2.0000000e+00   1.1000000e+01   5.6000000e+01   4.0000992e+00  -5.4023093e+01  -3.9399857e+01   4.9727834e+02   2.4687644e+00   6.0164311e+00   5.0955898e+00
   2.0010000e+03   1.0000000e+00   2.0000000e+00   1.1000000e+01   5.7000000e+01   3.5000000e+01  -5.4027557e+01  -3.9398917e+01   4.9975527e+02   8.2824209e+00   2.0482799e+01   1.6906975e+01
   2.0010000e+03   1.0000000e+00   2.0000000e+00   1.1000000e+01   5.9000000e+01   8.0000992e+00  -5.4031977e+01  -3.9397976e+01   4.9504941e+02   5.4711543e+00   1.4098231e+01   1.8695212e+00
   2.0010000e+03   1.0000000e+00   2.0000000e+00   1.2000000e+01   0.0000000e+00   4.0000099e+01  -5.4036400e+01  -3.9397034e+01   4.9529128e+02   1.5387715e+00   2.4586752e+00   1.1861808e+00
   2.0010000e+03   1.0000000e+00   2.0000000e+00   1.2000000e+01   2.0000000e+00   1.4999901e+01  -5.4040899e+01  -3.9395744e+01   5.0692093e+02   3.5637835e+00   8.2687280e+00   7.1299865e+00
   2.0010000e+03   1.0000000e+00   2.0000000e+00   1.2000000e+01   3.0000000e+00   5.0000000e+01  -5.4045392e+01  -3.9394473e+01   5.0611873e+02   3.9733614e+00   8.0405323e+00   2.0967388e+00
   2.0010000e+03   1.0000000e+00   2.0000000e+00   1.2000000e+01   5.0000000e+00   2.3000000e+01  -5.4049792e+01  -3.9393320e+01   4.9473611e+02   6.8894222e+00   1.6789668e+01   5.4233799e+00
   2.0010000e+03   1.0000000e+00   2.0000000e+00   1.2000000e+01   6.0000000e+00   4.4000000e+01  -5.4053690e+01  -3.9392617e+01   4.3558011e+02   4.8031024e+00   1.0020057e+01   9.2509702e+00
