   2.0010000e+03   1.0000000e+00   3.0000000e+00   8.0000000e+00   0.0000000e+00   2.4000099e+01  -5.3991394e+01  -3.8819814e+01   5.0180614e+02   1.3356852e+01   3.2640848e+01   3.9184136e+00
   2.0010000e+03   1.0000000e+00   3.0000000e+00   8.0000000e+00   1.0000000e+00   5.7000000e+01  -5.3986989e+01  -3.8821188e+01   4.9772867e+02   2.2804406e+01   5.7133676e+01   3.3922487e+00
   2.0010000e+03   1.0000000e+00   3.0000000e+00   8.0000000e+00   3.0000000e+00   2.7000000e+01  -5.3982586e+01  -3.8822509e+01   4.9680788e+02   3.0274486e+01   7.3904640e+01   3.3940785e+00
   2.0010000e+03   1.0000000e+00   3.0000000e+00   8.0000000e+00   4.0000000e+00   5.8000000e+01  -5.3978144e+01  -3.8823909e+01   5.0194979e+02   2.8555415e+01   6.9731280e+01   4.2144805e+00
   2.0010000e+03   1.0000000e+00   3.0000000e+00   8.0000000e+00   6.0000000e+00   2.9000000e+01  -5.3973746e+01  -3.8825307e+01   4.9722187e+02   4.8983234e+01   1.1997122e+02   2.8156896e+01
   2.0010000e+03   1.0000000e+00   3.0000000e+00   8.0000000e+00   8.0000000e+00   0.0000000e+00  -5.3969340e+01  -3.8826710e+01   4.9803329e+02   1.3609653e+02   3.3385293e+02   2.3168351e+00
   2.0010000e+03   1.0000000e+00   3.0000000e+00   8.0000000e+00   9.0000000e+00   3.3000000e+01  -5.3964871e+01  -3.8828099e+01   5.0481359e+02   3.3436610e+01   8.3754380e+01   3.4298790e+00
   2.0010000e+03   1.0000000e+00   3.0000000e+00   8.0000000e+00   1.1000000e+01   6.0000000e+00  -5.3960440e+01  -3.8829397e+01   4.9964441e+02   2.7306248e+02   6.6848413e+02   2.9498129e+02
   2.0010000e+03   1.0000000e+00   3.0000000e+00   8.0000000e+00   1.2000000e+01   3.7000000e+01  -5.3955993e+01  -3.8830773e+01   5.0226971e+02   6.2834336e+02   1.5312861e+03   4.4074240e-01
   2.0010000e+03   1.0000000e+00   3.0000000e+00   8.0000000e+00   1.4000000e+01   7.0000000e+00  -5.3951580e+01  -3.8832154e+01   4.9866599e+02   3.5752478e+02   8.7202918e+02   7.1420184e+01
   2.0010000e+03   1.0000000e+00   3.0000000e+00   8.0000000e+00   1.5000000e+01   3.6000000e+01  -5.3947176e+01  -3.8833510e+01   4.9737502e+02   5.0274238e+02   1.2281010e+03   2.2595636e-01
   2.0010000e+03   1.0000000e+00   3.0000000e+00   8.0000000e+00   1.7000000e+01   4.0000000e+00  -5.3942804e+01  -3.8834931e+01   4.9457218e+02   1.0261241e+03   2.5025203e+03   1.1934039e+03
   2.0010000e+03   1.0000000e+00   3.0000000e+00   8.0000000e+00   1.8000000e+01   3.6000000e+01  -5.3938395e+01  -3.8836299e+01   4.9800222e+02   9.4905057e+02   2.3137300e+03   7.5744800e+01
   2.0010000e+03   1.0000000e+00   3.0000000e+00   8.0000000e+00   2.0000000e+01   7.0000000e+00  -5.3933950e+01  -3.8837697e+01   5.0234302e+02   9.9630883e+02   2.3570020e+03   1.3220935e+02
   2.0010000e+03   1.0000000e+00   3.0000000e+00   8.0000000e+00   2.1000000e+01   3.8000000e+01  -5.3929545e+01  -3.8839115e+01   4.9817468e+02   1.6953516e+02   3.8603108e+02   4.3916160e+01
   2.0010000e+03   1.0000000e+00   3.0000000e+00   8.0000000e+00   2.3000000e+01   1.0000000e+01  -5.3925139e+01  -3.8840428e+01   4.9712921e+02   7.9814104e+01   1.9450866e+02   9.6330800e+01
   2.0010000e+03   1.0000000e+00   3.0000000e+00   8.0000000e+00   2.4000000e+01   4.1000000e+01  -5.3920751e+01  -3.8841821e+01   4.9605387e+02   6.8919989e+01   1.6772448e+02   5.6479777e+01
   2.0010000e+03   1.0000000e+00   3.0000000e+00   8.0000000e+00   2.6000000e+01   1.3000000e+01  -5.3916316e+01  -3.8843155e+01   5.0042430e+02   4.3384854e+01   1.0760535e+02   1.2815605e+00
   2.0010000e+03   1.0000000e+00   3.0000000e+00   8.0000000e+00   2.7000000e+01   4.6000000e+01  -5.3911893e+01  -3.8844555e+01   5.0003284e+02   6.2548996e+01   1.5262143e+02   3.6990604e+01
   2.0010000e+03   1.0000000e+00   3.0000000e+00   8.0000000e+00   2.9000000e+01   1.9000000e+01  -5.3907448e+01  -3.8845970e+01   5.0245591e+02   7.5981522e+01   1.8512921e+02   1.7306578e+02
   2.0010000e+03   1.0000000e+00   3.0000000e+00   8.0000000e+00   3.0000000e+01   5.0000000e+01  -5.3903065e+01  -3.8847333e+01   4.9520611e+02   5.7025292e+01   1.3946603e+02   1.3112531e+02
   2.0010000e+03   1.0000000e+00   3.0000000e+00   8.0000000e+00   3.2000000e+01   2.2000000e+01  -5.3898648e+01  -3.8848718e+01   4.9915958e+02   1.4593971e+01   3.5686700e+01   5.2758403e+00
   2.0010000e+03   1.0000000e+00   3.0000000e+00   8.0000000e+00   3.3000000e+01   5.6000000e+01  -5.3894198e+01  -3.8850114e+01   5.0278087e+02   9.2051691e+00   2.3083941e+01   3.5746552e+00
   2.0010000e+03   1.0000000e+00   3.0000000e+00   8.0000000e+00   3.5000000e+01   2.9000000e+01  -5.3889768e+01  -3.8851474e+01   5.0029342e+02   6.5516521e+01   1.5966515e+02   5.5183044e+01
   2.0010000e+03   1.0000000e+00   3.0000000e+00   8.0000000e+00   3.7000000e+01   1.0000000e+00  -5.3885364e+01  -3.8852964e+01   4.9902890e+02   1.5276858e+01   3.7653412e+01   1.9965377e+01
   2.0010000e+03   1.0000000e+00   3.0000000e+00   8.0000000e+00   3.8000000e+01   3.4000000e+01  -5.3880970e+01  -3.8854470e+01   4.9812472e+02   4.9696811e+00   1.2220927e+01   7.0741487e-01
   2.0010000e+03   1.0000000e+00   3.0000000e+00   8.0000000e+00   4.0000000e+01   8.0000000e+00  -5.3876565e+01  -3.8855937e+01   4.9881876e+02   4.6032582e+00   1.1143904e+01   2.7048182e-01
   2.0010000e+03   1.0000000e+00   3.0000000e+00   8.0000000e+00   4.1000000e+01   4.1000000e+01  -5.3872156e+01  -3.8857361e+01   4.9865698e+02   5.6427880e+00   1.4115506e+01   2.7734020e-01
   2.0010000e+03   1.0000000e+00   3.0000000e+00   8.0000000e+00   4.3000000e+01   1.4000000e+01  -5.3867761e+01  -3.8858790e+01   4.9732994e+02   3.1891795e+00   8.1371583e+00   1.0555208e-01
   2.0010000e+03   1.0000000e+00   3.0000000e+00   8.0000000e+00   4.4000000e+01   4.6000000e+01  -5.3863364e+01  -3.8860188e+01   4.9713929e+02   6.2398981e+00   1.4626322e+01   3.1475155e-02
   2.0010000e+03   1.0000000e+00   3.0000000e+00   8.0000000e+00   4.6000000e+01   2.0000000e+01  -5.3858950e+01  -3.8861582e+01   4.9890137e+02   9.9863475e+00   2.4441719e+01   0.0000000e+00
   2.0010000e+03   1.0000000e+00   3.0000000e+00   8.0000000e+00   4.7000000e+01   5.3999901e+01  -5.3854519e+01  -3.8862998e+01   5.0099900e+02   9.6843211e+00   2.3035594e+01   0.0000000e+00
   2.0010000e+03   1.0000000e+00   3.0000000e+00   8.0000000e+00   4.9000000e+01   2.7000000e+01  -5.3850124e+01  -3.8864385e+01   4.9675636e+02   7.1702265e+00   1.8043839e+01   6.3175699e-02
   2.0010000e+03   1.0000000e+00   3.0000000e+00   8.0000000e+00   5.1000000e+01   0.0000000e+00  -5.3845715e+01  -3.8865690e+01   4.9739479e+02   2.0642421e+00   4.5416564e+00   0.0000000e+00
   2.0010000e+03   1.0000000e+00   3.0000000e+00   8.0000000e+00   5.2000000e+01   3.5000000e+01  -5.3841286e+01  -3.8866975e+01   4.9924006e+02   2.3726622e+00   7.5221363e+00   1.8453981e-02
   2.0010000e+03   1.0000000e+00   3.0000000e+00   8.0000000e+00   5.4000000e+01   9.0000000e+00  -5.3836839e+01  -3.8868269e+01   5.0139410e+02   4.1673156e+00   8.0937233e+00   3.6471751e-02
   2.0010000e+03   1.0000000e+00   3.0000000e+00   8.0000000e+00   5.5000000e+01   4.2000000e+01  -5.3832414e+01  -3.8869508e+01   4.9833604e+02   6.3609279e-01   1.0212046e+00   1.1385869e-01
   2.0010000e+03   1.0000000e+00   3.0000000e+00   8.0000000e+00   5.7000000e+01   1.4000000e+01  -5.3827957e+01  -3.8870772e+01   5.0222754e+02   1.5940747e+02   3.4864227e+02   7.0950659e+01
   2.0010000e+03   1.0000000e+00   3.0000000e+00   8.0000000e+00   5.8000000e+01   4.6000000e+01  -5.3823563e+01  -3.8872120e+01   4.9621170e+02   1.3437159e-01   1.2577012e+00   1.6036977e-01
   2.0010000e+03   1.0000000e+00   3.0000000e+00   9.0000000e+00   0.0000000e+00   1.7000000e+01  -5.3819144e+01  -3.8873328e+01   4.9732149e+02   9.2154212e-01   6.1559979e-01   3.8228328e-02
   2.0010000e+03   1.0000000e+00   3.0000000e+00   9.0000000e+00   1.0000000e+00   4.9000000e+01  -5.3814678e+01  -3.8874649e+01   5.0379431e+02   5.1786116e-01   7.1173368e-01   3.2263895e-01
   2.0010000e+03   1.0000000e+00   3.0000000e+00   9.0000000e+00   3.0000000e+00   2.0999901e+01  -5.3810303e+01  -3.8876041e+01   4.9461711e+02   8.8640578e-01   1.3656476e+00   4.3192552e-02
   2.0010000e+03   1.0000000e+00   3.0000000e+00   9.0000000e+00   4.0000000e+00   5.2000000e+01  -5.3805896e+01  -3.8877421e+01   4.9807730e+02   6.6358970e-01   1.7080827e+00   1.3923337e-01
   2.0010000e+03   1.0000000e+00   3.0000000e+00   9.0000000e+00   6.0000000e+00   2.3000099e+01  -5.3801480e+01  -3.8878800e+01   4.9896285e+02   2.0965514e+00   6.3465710e-01   4.0173958e-01
   2.0010000e+03   1.0000000e+00   3.0000000e+00   9.0000000e+00   7.0000000e+00   5.4000099e+01  -5.3797079e+01  -3.8880177e+01   4.9736195e+02   2.0395300e+00   3.1457593e+00   3.1910313e-01
   2.0010000e+03   1.0000000e+00   3.0000000e+00   9.0000000e+00   9.0000000e+00   2.7000000e+01  -5.3792640e+01  -3.8881575e+01   5.0169166e+02   8.7385516e-01   1.7096742e+00   2.9220293e-01
   2.0010000e+03   1.0000000e+00   3.0000000e+00   9.0000000e+00   1.1000000e+01   0.0000000e+00  -5.3788205e+01  -3.8883002e+01   5.0161490e+02   1.2883642e+00   3.1160941e+00   9.3129781e-02
   2.0010000e+03   1.0000000e+00   3.0000000e+00   9.0000000e+00   1.2000000e+01   3.2000000e+01  -5.3783827e+01  -3.8884412e+01   4.9519272e+02   1.8637912e+00   1.1041833e+00   2.8817021e-02
   2.0010000e+03   1.0000000e+00   3.0000000e+00   9.0000000e+00   1.4000000e+01   5.9999008e+00  -5.3779423e+01  -3.8885811e+01   4.9791314e+02   6.7540064e+00   3.9634821e+00   2.5986021e-01
   2.0010000e+03   1.0000000e+00   3.0000000e+00   9.0000000e+00   1.5000000e+01   4.1000000e+01  -5.3775012e+01  -3.8887167e+01   4.9817315e+02   1.6100474e+00   2.5565062e+00   5.4871104e-02
   2.0010000e+03   1.0000000e+00   3.0000000e+00   9.0000000e+00   1.7000000e+01   1.6000000e+01  -5.3770568e+01  -3.8888582e+01   5.0250119e+02   6.5551474e+00   1.0606242e+00   0.0000000e+00
   2.0010000e+03   1.0000000e+00   3.0000000e+00   9.0000000e+00   1.8000000e+01   5.0000000e+01  -5.3766177e+01  -3.8889969e+01   4.9640247e+02   4.7686244e+00   2.1681661e+00   0.0000000e+00
   2.0010000e+03   1.0000000e+00   3.0000000e+00   9.0000000e+00   2.0000000e+01   2.2000000e+01  -5.3761768e+01  -3.8891305e+01   4.9775560e+02   2.5051743e+00   1.6546465e+00   1.3117157e-01
   2.0010000e+03   1.0000000e+00   3.0000000e+00   9.0000000e+00   2.1000000e+01   5.5000000e+01  -5.3757383e+01  -3.8892704e+01   4.9581127e+02   2.2559389e+02   4.7220395e+02   2.3934517e+02
   2.0010000e+03   1.0000000e+00   3.0000000e+00   9.0000000e+00   2.3000000e+01   2.9000099e+01  -5.3752914e+01  -3.8894071e+01   5.0461936e+02   2.0857980e-01   2.4986500e-01   4.5928784e-02
   2.0010000e+03   1.0000000e+00   3.0000000e+00   9.0000000e+00   2.5000000e+01   2.0000992e+00  -5.3748478e+01  -3.8895458e+01   5.0125845e+02   5.0707639e-01   1.2552187e+00   1.6057128e-01
   2.0010000e+03   1.0000000e+00   3.0000000e+00   9.0000000e+00   2.6000000e+01   3.6000000e+01  -5.3744045e+01  -3.8896819e+01   5.0067472e+02   6.7725281e-01   6.1975876e-01   5.8470854e-02
   2.0010000e+03   1.0000000e+00   3.0000000e+00   9.0000000e+00   2.8000000e+01   1.0000000e+01  -5.3739662e+01  -3.8898133e+01   4.9460750e+02   1.4743090e+00   2.1451962e+00   7.3219067e-02
   2.0010000e+03   1.0000000e+00   3.0000000e+00   9.0000000e+00   2.9000000e+01   4.4000000e+01  -5.3735289e+01  -3.8899436e+01   4.9344043e+02   6.6510118e-01   1.6381122e+00   1.3323608e-01
   2.0010000e+03   1.0000000e+00   3.0000000e+00   9.0000000e+00   3.1000000e+01   1.9000000e+01  -5.3730848e+01  -3.8900736e+01   5.0081727e+02   1.0029786e+00   2.4442802e+00   4.0997903e-01
   2.0010000e+03   1.0000000e+00   3.0000000e+00   9.0000000e+00   3.2000000e+01   5.3999901e+01  -5.3726405e+01  -3.8902060e+01   5.0131474e+02   3.2077169e+00   3.2294822e+00   2.8571925e-01
   2.0010000e+03   1.0000000e+00   3.0000000e+00   9.0000000e+00   3.4000000e+01   2.9000000e+01  -5.3721982e+01  -3.8903445e+01   4.9984371e+02   3.3130702e-01   8.0740222e-01   0.0000000e+00
   2.0010000e+03   1.0000000e+00   3.0000000e+00   9.0000000e+00   3.6000000e+01   3.0000000e+00  -5.3717606e+01  -3.8904888e+01   4.9543238e+02   6.2652677e-03   3.8046237e-02   2.2777647e-02
   2.0010000e+03   1.0000000e+00   3.0000000e+00   9.0000000e+00   3.7000000e+01   3.6000000e+01  -5.3713176e+01  -3.8906281e+01   5.0070394e+02   4.5891843e+02   1.1177625e+03   1.1174581e+03
   2.0010000e+03   1.0000000e+00   3.0000000e+00   9.0000000e+00   3.9000000e+01   1.0000000e+01  -5.3708747e+01  -3.8907627e+01   5.0006185e+02   4.8512383e+02   1.1818628e+03   5.4847284e+02
   2.0010000e+03   1.0000000e+00   3.0000000e+00   9.0000000e+00   4.2000000e+01   1.8000099e+01  -5.3699868e+01  -3.8910375e+01   1.0030715e+03   5.3416484e-01   8.6426096e-01   2.5390946e-01
   2.0010000e+03   1.0000000e+00   3.0000000e+00   9.0000000e+00   4.3000000e+01   5.2000000e+01  -5.3695462e+01  -3.8911668e+01   4.9690874e+02   1.9315875e+00   4.4005232e+00   0.0000000e+00
   2.0010000e+03   1.0000000e+00   3.0000000e+00   9.0000000e+00   4.5000000e+01   2.7000000e+01  -5.3691052e+01  -3.8912937e+01   4.9709535e+02   5.0589052e-01   1.2328659e+00   0.0000000e+00
   2.0010000e+03   1.0000000e+00   3.0000000e+00   9.0000000e+00   4.7000000e+01   2.0000000e+00  -5.3686669e+01  -3.8914311e+01   4.9542109e+02   5.6709680e-01   8.5147853e-01   0.0000000e+00
   2.0010000e+03   1.0000000e+00   3.0000000e+00   9.0000000e+00   4.8000000e+01   3.6000000e+01  -5.3682229e+01  -3.8915805e+01   5.0308345e+02   6.4332057e+01   1.4596907e+00   3.3548977e-02
   2.0010000e+03   1.0000000e+00   3.0000000e+00   9.0000000e+00   5.0000000e+01   8.0000000e+00  -5.3677837e+01  -3.8917302e+01   4.9782442e+02   1.3166157e+03   3.2087165e+03   1.7546726e+03
   2.0010000e+03   1.0000000e+00   3.0000000e+00   9.0000000e+00   5.1000000e+01   4.1000099e+01  -5.3673437e+01  -3.8918692e+01   4.9749141e+02   1.3112825e+00   1.2992444e-02   1.2992444e-02
   2.0010000e+03   1.0000000e+00   3.0000000e+00   9.0000000e+00   5.3000000e+01   1.3000000e+01  -5.3669002e+01  -3.8920146e+01   5.0201860e+02   1.6673598e+02   4.2355778e+02   3.8739642e+02
   2.0010000e+03   1.0000000e+00   3.0000000e+00   9.0000000e+00   5.4000000e+01   4.4000000e+01  -5.3664602e+01  -3.8921580e+01   4.9796757e+02   2.6366210e+01   5.5884205e+01   0.0000000e+00
   2.0010000e+03   1.0000000e+00   3.0000000e+00   9.0000000e+00   5.6000000e+01   1.4000000e+01  -5.3660252e+01  -3.8923051e+01   4.9291664e+02   7.0706142e+02   1.7220723e+03   0.0000000e+00
   2.0010000e+03   1.0000000e+00   3.0000000e+00   9.0000000e+00   5.7000000e+01   4.4000000e+01  -5.3655850e+01  -3.8924481e+01   4.9813096e+02   1.9016888e-01   5.4765976e-01   7.3970498e-02
   2.0010000e+03   1.0000000e+00   3.0000000e+00   9.0000000e+00   5.9000000e+01   1.5000099e+01  -5.3651403e+01  -3.8925856e+01   5.0238716e+02   1.0587759e-01   4.5408406e-02   3.4392668e-02
   2.0010000e+03   1.0000000e+00   3.0000000e+00   1.0000000e+01   0.0000000e+00   4.6000000e+01  -5.3646953e+01  -3.8927227e+01   5.0270801e+02   3.1235702e+01   7.6043938e+01   7.5689444e-02
   2.0010000e+03   1.0000000e+00   3.0000000e+00   1.0000000e+01   2.0000000e+00   1.8000099e+01  -5.3642530e+01  -3.8928576e+01   4.9945072e+02   5.5893500e-01   1.3621364e+00   3.5715868e-02
   2.0010000e+03   1.0000000e+00   3.0000000e+00   1.0000000e+01   3.0000000e+00   5.1000000e+01  -5.3638139e+01  -3.8929912e+01   4.9580566e+02   4.5945551e-01   1.2618537e+00   1.9304673e-01
   2.0010000e+03   1.0000000e+00   3.0000000e+00   1.0000000e+01   5.0000000e+00   2.3000099e+01  -5.3633718e+01  -3.8931198e+01   4.9848695e+02   1.4154394e-01   2.5674118e-01   0.0000000e+00
   2.0010000e+03   1.0000000e+00   3.0000000e+00   1.0000000e+01   6.0000000e+00   5.6000000e+01  -5.3629315e+01  -3.8932486e+01   4.9656631e+02   2.7877095e-01   5.7105490e-01   2.2251644e-01
   2.0010000e+03   1.0000000e+00   3.0000000e+00   1.0000000e+01   8.0000000e+00   3.0000099e+01  -5.3624894e+01  -3.8933832e+01   4.9922113e+02   6.3758368e-01   1.6072177e+00   1.5486412e-01
   2.0010000e+03   1.0000000e+00   3.0000000e+00   1.0000000e+01   1.0000000e+01   5.0000000e+00  -5.3620407e+01  -3.8935200e+01   5.0668489e+02   5.8893317e-02   1.6672315e-01   1.4180815e-01
   2.0010000e+03   1.0000000e+00   3.0000000e+00   1.0000000e+01   1.1000000e+01   4.0000000e+01  -5.3616011e+01  -3.8936586e+01   4.9693088e+02   7.4039061e+01   1.7904801e+02   2.7792856e-02
   2.0010000e+03   1.0000000e+00   3.0000000e+00   1.0000000e+01   1.3000000e+01   1.4000000e+01  -5.3611603e+01  -3.8937882e+01   4.9717793e+02   1.9295289e+03   4.7023028e+03   3.3174891e+02
   2.0010000e+03   1.0000000e+00   3.0000000e+00   1.0000000e+01   1.4000000e+01   4.7000099e+01  -5.3607236e+01  -3.8939207e+01   4.9312170e+02   6.1343999e-01   5.7398860e-01   0.0000000e+00
   2.0010000e+03   1.0000000e+00   3.0000000e+00   1.0000000e+01   1.6000000e+01   2.1000099e+01  -5.3602820e+01  -3.8940549e+01   4.9858005e+02   2.3458482e-01   5.7168818e-01   1.2361274e-01
   2.0010000e+03   1.0000000e+00   3.0000000e+00   1.0000000e+01   1.7000000e+01   5.5000000e+01  -5.3598368e+01  -3.8941978e+01   5.0358626e+02   1.6882095e+01   4.1142024e+01   3.6634729e+01
   2.0010000e+03   1.0000000e+00   3.0000000e+00   1.0000000e+01   1.9000000e+01   2.9000000e+01  -5.3593936e+01  -3.8943352e+01   5.0075892e+02   5.9346913e+00   1.4108852e+01   0.0000000e+00
   2.0010000e+03   1.0000000e+00   3.0000000e+00   1.0000000e+01   2.1000000e+01   1.0000000e+00  -5.3589590e+01  -3.8944791e+01   4.9220314e+02   8.8582115e-01   5.2716716e-01   0.0000000e+00
   2.0010000e+03   1.0000000e+00   3.0000000e+00   1.0000000e+01   2.2000000e+01   3.4000000e+01  -5.3585184e+01  -3.8946250e+01   4.9890217e+02   1.6109471e+00   2.4167913e+00   0.0000000e+00
   2.0010000e+03   1.0000000e+00   3.0000000e+00   1.0000000e+01   2.4000000e+01   5.0000000e+00  -5.3580778e+01  -3.8947725e+01   4.9916775e+02   2.8316509e+00   7.0161363e+00   0.0000000e+00
   2.0010000e+03   1.0000000e+00   3.0000000e+00   1.0000000e+01   2.5000000e+01   3.6000099e+01  -5.3576349e+01  -3.8949012e+01   4.9941682e+02   1.5126802e+00   3.7349275e+00   5.0173138e-02
   2.0010000e+03   1.0000000e+00   3.0000000e+00   1.0000000e+01   2.7000000e+01   9.0000992e+00  -5.3571904e+01  -3.8950369e+01   5.0197709e+02   9.9709508e+00   1.4871148e+01   3.2865526e-02
   2.0010000e+03   1.0000000e+00   3.0000000e+00   1.0000000e+01   2.8000000e+01   4.1999901e+01  -5.3567524e+01  -3.8951680e+01   4.9432815e+02   1.7719272e+00   4.3546753e+00   0.0000000e+00
   2.0010000e+03   1.0000000e+00   3.0000000e+00   1.0000000e+01   3.0000000e+01   1.3999901e+01  -5.3563095e+01  -3.8952998e+01   4.9983594e+02   1.0461552e+00   2.5495025e+00   0.0000000e+00
   2.0010000e+03   1.0000000e+00   3.0000000e+00   1.0000000e+01   3.1000000e+01   4.7000000e+01  -5.3558660e+01  -3.8954307e+01   5.0036313e+02   5.4464836e+00   1.3273196e+01   0.0000000e+00
   2.0010000e+03   1.0000000e+00   3.0000000e+00   1.0000000e+01   3.3000000e+01   1.8999901e+01  -5.3554230e+01  -3.8955708e+01   5.0085546e+02   6.2532286e+00   1.5239251e+01   0.0000000e+00
   2.0010000e+03   1.0000000e+00   3.0000000e+00   1.0000000e+01   3.4000000e+01   5.2000000e+01  -5.3549794e+01  -3.8957023e+01   5.0047163e+02   3.7259356e-02   9.0801840e-02   9.4092844e-03
   2.0010000e+03   1.0000000e+00   3.0000000e+00   1.0000000e+01   3.6000000e+01   2.5000000e+01  -5.3545338e+01  -3.8958330e+01   5.0267307e+02   1.8855246e-01   4.7411374e-01   0.0000000e+00
   2.0010000e+03   1.0000000e+00   3.0000000e+00   1.0000000e+01   3.7000000e+01   5.9000000e+01  -5.3540990e+01  -3.8959664e+01   4.9110458e+02   4.0315909e-01   8.4673443e-01   0.0000000e+00
   2.0010000e+03   1.0000000e+00   3.0000000e+00   1.0000000e+01   3.9000000e+01   3.3000000e+01  -5.3536520e+01  -3.8960971e+01   5.0412574e+02   9.1698344e-01   2.2347081e+00   0.0000000e+00
   2.0010000e+03   1.0000000e+00   3.0000000e+00   1.0000000e+01   4.1000000e+01   7.0000000e+00  -5.3532104e+01  -3.8962346e+01   4.9905775e+02   2.3469107e+00   3.3707364e+00   0.0000000e+00
   2.0010000e+03   1.0000000e+00   3.0000000e+00   1.0000000e+01   4.2000000e+01   3.9000000e+01  -5.3527710e+01  -3.8963729e+01   4.9666889e+02   3.8922442e+00   9.7454414e+00   0.0000000e+00
   2.0010000e+03   1.0000000e+00   3.0000000e+00   1.0000000e+01   4.4000000e+01   1.3000000e+01  -5.3523281e+01  -3.8965003e+01   4.9928982e+02   5.7459633e+00   1.2989794e+01   0.0000000e+00
   2.0010000e+03   1.0000000e+00   3.0000000e+00   1.0000000e+01   4.5000000e+01   4.7000099e+01  -5.3518843e+01  -3.8966380e+01   5.0156193e+02   8.9858150e+00   2.2366030e+01   0.0000000e+00
   2.0010000e+03   1.0000000e+00   3.0000000e+00   1.0000000e+01   4.7000000e+01   2.0000099e+01  -5.3514432e+01  -3.8967798e+01   4.9893968e+02   1.5196338e+00   2.3219328e+00   0.0000000e+00
   2.0010000e+03   1.0000000e+00   3.0000000e+00   1.0000000e+01   4.8000000e+01   5.2000099e+01  -5.3510035e+01  -3.8969207e+01   4.9739447e+02   1.1522578e+00   1.6859796e+00   3.0404860e-02
   2.0010000e+03   1.0000000e+00   3.0000000e+00   1.0000000e+01   5.0000000e+01   2.6000000e+01  -5.3505635e+01  -3.8970565e+01   4.9713854e+02   2.4025072e+00   5.8611081e+00   1.1803426e-01
   2.0010000e+03   1.0000000e+00   3.0000000e+00   1.0000000e+01   5.2000000e+01   1.0000000e+00  -5.3501199e+01  -3.8971946e+01   5.0131571e+02   6.3188395e-01   3.6746620e+00   0.0000000e+00
   2.0010000e+03   1.0000000e+00   3.0000000e+00   1.0000000e+01   5.3000000e+01   3.5000000e+01  -5.3496827e+01  -3.8973328e+01   4.9428707e+02   6.8736080e+01   1.6784451e+02   1.6706830e+02
   2.0010000e+03   1.0000000e+00   3.0000000e+00   1.0000000e+01   5.5000000e+01   1.0000000e+01  -5.3492420e+01  -3.8974685e+01   4.9787715e+02   1.3340708e+03   3.2498506e+03   1.1691380e+03
   2.0010000e+03   1.0000000e+00   3.0000000e+00   1.0000000e+01   5.6000000e+01   4.7000000e+01  -5.3487943e+01  -3.8976061e+01   5.0577597e+02   4.7151880e+00   5.6605381e+00   4.6986534e-02
   2.0010000e+03   1.0000000e+00   3.0000000e+00   1.0000000e+01   5.8000000e+01   2.4000000e+01  -5.3483535e+01  -3.8977459e+01   4.9837384e+02   6.1413953e-01   1.3090737e+00   0.0000000e+00
   2.0010000e+03   1.0000000e+00   3.0000000e+00   1.0000000e+01   5.9000000e+01   5.8999901e+01  -5.3479124e+01  -3.8978820e+01   4.9840667e+02   2.0532594e+00   3.4484062e+00   4.3072574e-01
   2.0010000e+03   1.0000000e+00   3.0000000e+00   1.1000000e+01   1.0000000e+00   3.4000000e+01  -5.3474716e+01  -3.8980211e+01   4.9834866e+02   1.9720633e+01   4.5074667e+01   1.9793512e+00
   2.0010000e+03   1.0000000e+00   3.0000000e+00   1.1000000e+01   3.0000000e+00   1.0000000e+01  -5.3470315e+01  -3.8981546e+01   4.9694499e+02   1.1474141e+01   4.9744764e+01   0.0000000e+00
   2.0010000e+03   1.0000000e+00   3.0000000e+00   1.1000000e+01   4.0000000e+00   4.6000000e+01  -5.3465904e+01  -3.8982912e+01   4.9840000e+02   1.4683038e+01   3.1698539e+01   8.6948375e-02
   2.0010000e+03   1.0000000e+00   3.0000000e+00   1.1000000e+01   6.0000000e+00   2.2000000e+01  -5.3461481e+01  -3.8984236e+01   4.9921308e+02   7.6405067e-01   9.2196824e-01   4.7690541e-01
   2.0010000e+03   1.0000000e+00   3.0000000e+00   1.1000000e+01   7.0000000e+00   5.9000099e+01  -5.3457065e+01  -3.8985744e+01   5.0074007e+02   4.3193927e+00   8.0026751e+00   1.7221948e-01
   2.0010000e+03   1.0000000e+00   3.0000000e+00   1.1000000e+01   9.0000000e+00   3.4000000e+01  -5.3452682e+01  -3.8987079e+01   4.9503132e+02   3.8243343e+00   9.3199838e+00   2.5790127e+00
   2.0010000e+03   1.0000000e+00   3.0000000e+00   1.1000000e+01   1.1000000e+01   8.0000000e+00  -5.3448256e+01  -3.8988357e+01   4.9899978e+02   1.4580623e+00   3.6370022e+00   8.3673557e-02
   2.0010000e+03   1.0000000e+00   3.0000000e+00   1.1000000e+01   1.2000000e+01   4.0000000e+01  -5.3443849e+01  -3.8989607e+01   4.9664059e+02   1.7917611e+00   4.3665598e+00   0.0000000e+00
   2.0010000e+03   1.0000000e+00   3.0000000e+00   1.1000000e+01   1.4000000e+01   1.3000000e+01  -5.3439372e+01  -3.8990819e+01   5.0398538e+02   2.9447369e+00   5.4205931e+00   0.0000000e+00
   2.0010000e+03   1.0000000e+00   3.0000000e+00   1.1000000e+01   1.5000000e+01   4.5000000e+01  -5.3434910e+01  -3.8992209e+01   5.0429247e+02   1.4950310e+02   4.1570452e+02   0.0000000e+00
   2.0010000e+03   1.0000000e+00   3.0000000e+00   1.1000000e+01   1.7000000e+01   1.7000000e+01  -5.3430572e+01  -3.8993652e+01   4.9137895e+02   1.9249755e+03   4.6912060e+03   0.0000000e+00
   2.0010000e+03   1.0000000e+00   3.0000000e+00   1.1000000e+01   1.8000000e+01   4.8000000e+01  -5.3426197e+01  -3.8995001e+01   4.9425362e+02   9.1472427e-01   2.3504901e+00   0.0000000e+00
   2.0010000e+03   1.0000000e+00   3.0000000e+00   1.1000000e+01   2.0000000e+01   2.0000000e+01  -5.3421737e+01  -3.8996414e+01   5.0434410e+02   5.7729694e-01   1.4068849e+00   0.0000000e+00
   2.0010000e+03   1.0000000e+00   3.0000000e+00   1.1000000e+01   2.1000000e+01   5.2000000e+01  -5.3417339e+01  -3.8997657e+01   4.9557285e+02   9.2205064e+00   1.3266033e+01   0.0000000e+00
   2.0010000e+03   1.0000000e+00   3.0000000e+00   1.1000000e+01   2.3000000e+01   2.3000000e+01  -5.3412928e+01  -3.8998864e+01   4.9669418e+02   6.8583156e+02   1.6713860e+03   1.6652745e+03
   2.0010000e+03   1.0000000e+00   3.0000000e+00   1.1000000e+01   2.4000000e+01   5.5000000e+01  -5.3408423e+01  -3.9000050e+01   5.0664648e+02   3.9343563e+00   5.5874781e+00   0.0000000e+00
   2.0010000e+03   1.0000000e+00   3.0000000e+00   1.1000000e+01   2.6000000e+01   2.7000000e+01  -5.3404019e+01  -3.9001546e+01   4.9932014e+02   1.3906161e-01   3.3889610e-01   6.7027545e-02
   2.0010000e+03   1.0000000e+00   3.0000000e+00   1.1000000e+01   2.7000000e+01   5.8000000e+01  -5.3399596e+01  -3.9002839e+01   4.9891378e+02   4.5150531e+00   1.1003280e+01   0.0000000e+00
   2.0010000e+03   1.0000000e+00   3.0000000e+00   1.1000000e+01   2.9000000e+01   2.9000000e+01  -5.3395190e+01  -3.9004119e+01   4.9692071e+02   2.7519064e+00   2.4122369e+00   1.4335876e-02
   2.0010000e+03   1.0000000e+00   3.0000000e+00   1.1000000e+01   3.1000000e+01   1.0000000e+00  -5.3390780e+01  -3.9005477e+01   4.9821869e+02   4.1824925e+00   1.7769195e+00   0.0000000e+00
   2.0010000e+03   1.0000000e+00   3.0000000e+00   1.1000000e+01   3.2000000e+01   3.3000000e+01  -5.3386347e+01  -3.9006895e+01   5.0148839e+02   1.3602302e+00   1.3040557e-01   0.0000000e+00
   2.0010000e+03   1.0000000e+00   3.0000000e+00   1.1000000e+01   3.4000000e+01   6.0000000e+00  -5.3381949e+01  -3.9008307e+01   4.9752809e+02   2.4683121e+00   6.0153288e+00   1.1241855e-01
   2.0010000e+03   1.0000000e+00   3.0000000e+00   1.1000000e+01   3.5000000e+01   3.8000000e+01  -5.3377520e+01  -3.9009721e+01   5.0101868e+02   2.7391535e+00   6.7546591e+00   5.9358248e-02
   2.0010000e+03   1.0000000e+00   3.0000000e+00   1.1000000e+01   3.7000000e+01   1.1000000e+01  -5.3373110e+01  -3.9011102e+01   4.9847644e+02   1.7904647e+00   4.3673044e+00   1.0709419e-01
   2.0010000e+03   1.0000000e+00   3.0000000e+00   1.1000000e+01   3.8000000e+01   4.2000000e+01  -5.3368727e+01  -3.9012483e+01   4.9562666e+02   4.9924037e-01   5.4504088e-01   1.3448483e-02
   2.0010000e+03   1.0000000e+00   3.0000000e+00   1.1000000e+01   4.0000000e+01   1.3000000e+01  -5.3364316e+01  -3.9013863e+01   4.9859225e+02   1.6565098e+00   4.0369496e+00   7.0267158e-02
   2.0010000e+03   1.0000000e+00   3.0000000e+00   1.1000000e+01   4.1000000e+01   4.5000000e+01  -5.3359866e+01  -3.9015236e+01   5.0277369e+02   1.2805317e+00   3.1206829e+00   4.2647410e-01
   2.0010000e+03   1.0000000e+00   3.0000000e+00   1.1000000e+01   4.3000000e+01   1.5000000e+01  -5.3355487e+01  -3.9016601e+01   4.9499383e+02   2.2668271e+00   5.5243056e+00   0.0000000e+00
   2.0010000e+03   1.0000000e+00   3.0000000e+00   1.1000000e+01   4.4000000e+01   4.6000000e+01  -5.3351071e+01  -3.9017972e+01   4.9901534e+02   6.9566472e-01   3.4216140e+00   0.0000000e+00
   2.0010000e+03   1.0000000e+00   3.0000000e+00   1.1000000e+01   4.6000000e+01   1.8000000e+01  -5.3346695e+01  -3.9019473e+01   4.9635519e+02   1.1156037e+00   2.8098608e+00   1.3476808e-02
   2.0010000e+03   1.0000000e+00   3.0000000e+00   1.1000000e+01   4.7000000e+01   5.1000000e+01  -5.3342280e+01  -3.9020812e+01   4.9861616e+02   1.6779328e+00   4.0891577e+00   0.0000000e+00
   2.0010000e+03   1.0000000e+00   3.0000000e+00   1.1000000e+01   4.9000000e+01   2.4000000e+01  -5.3337818e+01  -3.9022168e+01   5.0394822e+02   5.6356027e-02   1.1999842e-01   3.8121097e-02
   2.0010000e+03   1.0000000e+00   3.0000000e+00   1.1000000e+01   5.0000000e+01   5.5000000e+01  -5.3333390e+01  -3.9023491e+01   4.9975563e+02   7.5974093e+00   8.7458596e-01   0.0000000e+00
   2.0010000e+03   1.0000000e+00   3.0000000e+00   1.1000000e+01   5.2000000e+01   2.5000000e+01  -5.3329020e+01  -3.9024895e+01   4.9442869e+02   9.6868995e-01   2.2989039e+00   0.0000000e+00
   2.0010000e+03   1.0000000e+00   3.0000000e+00   1.1000000e+01   5.3000000e+01   5.6000000e+01  -5.3324600e+01  -3.9026318e+01   5.0021935e+02   9.1141355e-02   7.8543428e-02   5.0050125e-02
   2.0010000e+03   1.0000000e+00   3.0000000e+00   1.1000000e+01   5.5000000e+01   2.9000000e+01  -5.3320122e+01  -3.9027686e+01   5.0575459e+02   1.0374883e+00   6.6971541e-01   0.0000000e+00
   2.0010000e+03   1.0000000e+00   3.0000000e+00   1.1000000e+01   5.7000000e+01   1.0000000e+00  -5.3315740e+01  -3.9029084e+01   4.9572537e+02   8.3268202e-01   1.0429362e-01   0.0000000e+00
   2.0010000e+03   1.0000000e+00   3.0000000e+00   1.1000000e+01   5.8000000e+01   3.4000000e+01  -5.3311385e+01  -3.9030370e+01   4.9143209e+02   5.7097571e-02   1.3914799e-01   8.7974968e-02
   2.0010000e+03   1.0000000e+00   3.0000000e+00   1.2000000e+01   0.0000000e+00   6.0000000e+00  -5.3306996e+01  -3.9031759e+01   4.9626538e+02   4.9896256e+00   3.3895760e-02   0.0000000e+00
   2.0010000e+03   1.0000000e+00   3.0000000e+00   1.2000000e+01   1.0000000e+00   3.9000000e+01  -5.3302548e+01  -3.9033170e+01   5.0304996e+02   4.3762728e-02   1.2529810e-01   2.0826433e-02
   2.0010000e+03   1.0000000e+00   3.0000000e+00   1.2000000e+01   3.0000000e+00   1.0000000e+01  -5.3298128e+01  -3.9034540e+01   4.9953076e+02   3.5128034e+00   4.3202572e+00   0.0000000e+00
   2.0010000e+03   1.0000000e+00   3.0000000e+00   1.2000000e+01   4.0000000e+00   4.1000099e+01  -5.3293733e+01  -3.9035920e+01   4.9697472e+02   4.2300993e-01   1.0112935e+00   5.2843007e-03
   2.0010000e+03   1.0000000e+00   3.0000000e+00   1.2000000e+01   6.0000000e+00   6.0000000e+00  -5.3289639e+01  -3.9037171e+01   4.6236866e+02   8.2403388e-03   2.0081880e-02   6.0883367e-03
