   2.0010000e+03   1.0000000e+00   3.0000000e+00   1.3000000e+01   1.0000000e+01   4.4000000e+01  -5.3256268e+01  -3.8750512e+01   4.9866840e+02   3.3599470e+01   8.3384851e+01   1.5713003e+00
   2.0010000e+03   1.0000000e+00   3.0000000e+00   1.3000000e+01   1.2000000e+01   1.8000000e+01  -5.3260593e+01  -3.8748734e+01   4.9494419e+02   9.6816775e-01   2.3594453e+00   0.0000000e+00
   2.0010000e+03   1.0000000e+00   3.0000000e+00   1.3000000e+01   1.3000000e+01   5.2000000e+01  -5.3265044e+01  -3.8747361e+01   5.0297018e+02   6.6573976e+01   1.6232405e+02   0.0000000e+00
   2.0010000e+03   1.0000000e+00   3.0000000e+00   1.3000000e+01   1.5000000e+01   2.4000099e+01  -5.3269426e+01  -3.8746055e+01   4.9450597e+02   5.2723931e+02   1.2849391e+03   9.7887207e+02
   2.0010000e+03   1.0000000e+00   3.0000000e+00   1.3000000e+01   1.6000000e+01   5.5000000e+01  -5.3273828e+01  -3.8744788e+01   4.9641493e+02   4.7933042e-02   1.3777502e-01   7.9927324e-02
   2.0010000e+03   1.0000000e+00   3.0000000e+00   1.3000000e+01   1.8000000e+01   2.5000000e+01  -5.3278251e+01  -3.8743486e+01   4.9896358e+02   2.7908760e-01   1.5775817e-01   1.5285262e-01
   2.0010000e+03   1.0000000e+00   3.0000000e+00   1.3000000e+01   1.9000000e+01   5.4999901e+01  -5.3282723e+01  -3.8742182e+01   5.0444970e+02   3.1061494e+02   7.5697519e+02   3.3172432e+02
   2.0010000e+03   1.0000000e+00   3.0000000e+00   1.3000000e+01   2.1000000e+01   2.2000000e+01  -5.3287134e+01  -3.8740785e+01   4.9889091e+02   3.7625025e+00   9.1692984e+00   5.0169901e-02
   2.0010000e+03   1.0000000e+00   3.0000000e+00   1.3000000e+01   2.2000000e+01   4.8000000e+01  -5.3291497e+01  -3.8739380e+01   4.9369908e+02   7.8436974e-01   1.4919407e+00   1.7990942e-01
   2.0010000e+03   1.0000000e+00   3.0000000e+00   1.3000000e+01   2.4000000e+01   1.7000000e+01  -5.3295911e+01  -3.8737876e+01   5.0060695e+02   2.3370770e+00   5.3390743e+00   0.0000000e+00
   2.0010000e+03   1.0000000e+00   3.0000000e+00   1.3000000e+01   2.5000000e+01   4.7000000e+01  -5.3300286e+01  -3.8736514e+01   4.9449596e+02   1.7526897e+02   4.6792279e+02   4.5544993e+02
   2.0010000e+03   1.0000000e+00   3.0000000e+00   1.3000000e+01   2.7000000e+01   1.9000000e+01  -5.3304726e+01  -3.8735142e+01   5.0165073e+02   6.4040210e+02   1.5606735e+03   2.4766496e+02
   2.0010000e+03   1.0000000e+00   3.0000000e+00   1.3000000e+01   2.8000000e+01   4.9000000e+01  -5.3309163e+01  -3.8733911e+01   4.9975809e+02   1.0518503e+03   2.5640212e+03   2.3407630e+03
   2.0010000e+03   1.0000000e+00   3.0000000e+00   1.3000000e+01   3.0000000e+01   1.9000000e+01  -5.3313552e+01  -3.8732596e+01   4.9550160e+02   2.0881169e+00   4.4363847e+00   0.0000000e+00
   2.0010000e+03   1.0000000e+00   3.0000000e+00   1.3000000e+01   3.1000000e+01   4.9000000e+01  -5.3317968e+01  -3.8731206e+01   4.9928441e+02   1.8835238e-01   4.4089617e-01   5.7577391e-03
   2.0010000e+03   1.0000000e+00   3.0000000e+00   1.3000000e+01   3.3000000e+01   1.8999901e+01  -5.3322382e+01  -3.8729829e+01   4.9890437e+02   1.4368953e+01   3.5017442e+01   1.5410742e+01
   2.0010000e+03   1.0000000e+00   3.0000000e+00   1.3000000e+01   3.4000000e+01   5.0000000e+01  -5.3326868e+01  -3.8728396e+01   5.0751681e+02   1.5212901e+00   3.7108562e+00   2.3396354e-02
   2.0010000e+03   1.0000000e+00   3.0000000e+00   1.3000000e+01   3.6000000e+01   2.0000000e+01  -5.3331222e+01  -3.8727007e+01   4.9251816e+02   1.0381069e+00   2.5373092e+00   0.0000000e+00
   2.0010000e+03   1.0000000e+00   3.0000000e+00   1.3000000e+01   3.7000000e+01   5.1000000e+01  -5.3335635e+01  -3.8725618e+01   4.9889903e+02   6.8456577e+00   7.6908592e+00   0.0000000e+00
   2.0010000e+03   1.0000000e+00   3.0000000e+00   1.3000000e+01   3.9000000e+01   2.3000000e+01  -5.3340089e+01  -3.8724196e+01   5.0384731e+02   3.1561089e+00   6.3733611e+00   5.5446149e-01
   2.0010000e+03   1.0000000e+00   3.0000000e+00   1.3000000e+01   4.0000000e+01   5.3000000e+01  -5.3344476e+01  -3.8722779e+01   4.9646633e+02   4.8247486e+00   1.1758015e+01   0.0000000e+00
   2.0010000e+03   1.0000000e+00   3.0000000e+00   1.3000000e+01   4.2000000e+01   2.3000000e+01  -5.3348862e+01  -3.8721411e+01   4.9581560e+02   7.1507411e+00   1.3978567e+01   1.6440735e-01
   2.0010000e+03   1.0000000e+00   3.0000000e+00   1.3000000e+01   4.3000000e+01   5.4000000e+01  -5.3353244e+01  -3.8720003e+01   4.9576734e+02   4.0517366e+00   5.1260367e+00   5.8514071e-01
   2.0010000e+03   1.0000000e+00   3.0000000e+00   1.3000000e+01   4.5000000e+01   2.6000000e+01  -5.3357688e+01  -3.8718640e+01   5.0205819e+02   3.9260253e+00   9.5678069e+00   0.0000000e+00
   2.0010000e+03   1.0000000e+00   3.0000000e+00   1.3000000e+01   4.6000000e+01   5.8000000e+01  -5.3362136e+01  -3.8717293e+01   5.0224155e+02   7.2405638e+00   1.4000135e+01   5.7549066e-03
   2.0010000e+03   1.0000000e+00   3.0000000e+00   1.3000000e+01   4.8000000e+01   2.8000000e+01  -5.3366527e+01  -3.8715824e+01   4.9752235e+02   6.5605676e+00   1.0118705e+01   3.3113575e-02
   2.0010000e+03   1.0000000e+00   3.0000000e+00   1.3000000e+01   4.9000000e+01   5.7999901e+01  -5.3370933e+01  -3.8714465e+01   4.9789651e+02   9.7841604e-01   2.3844206e+00   0.0000000e+00
   2.0010000e+03   1.0000000e+00   3.0000000e+00   1.3000000e+01   5.1000000e+01   2.9000099e+01  -5.3375382e+01  -3.8712959e+01   5.0436507e+02   2.7918490e-02   7.1057436e-02   0.0000000e+00
   2.0010000e+03   1.0000000e+00   3.0000000e+00   1.3000000e+01   5.3000000e+01   2.0000992e+00  -5.3379732e+01  -3.8711607e+01   4.9155978e+02   7.6657019e-01   1.8681478e+00   6.4726311e-02
   2.0010000e+03   1.0000000e+00   3.0000000e+00   1.3000000e+01   5.4000000e+01   3.4000000e+01  -5.3384093e+01  -3.8710292e+01   4.9232495e+02   4.7430487e+00   1.2436413e+00   0.0000000e+00
   2.0010000e+03   1.0000000e+00   3.0000000e+00   1.3000000e+01   5.6000000e+01   7.0000992e+00  -5.3388486e+01  -3.8708957e+01   4.9619015e+02   7.7052606e+00   5.8130610e+00   0.0000000e+00
   2.0010000e+03   1.0000000e+00   3.0000000e+00   1.3000000e+01   5.7000000e+01   3.8000000e+01  -5.3392933e+01  -3.8707628e+01   5.0186244e+02   9.5459165e-01   1.4077670e+00   1.3617500e+00
   2.0010000e+03   1.0000000e+00   3.0000000e+00   1.3000000e+01   5.9000000e+01   8.0000000e+00  -5.3397375e+01  -3.8706218e+01   5.0236209e+02   2.5652596e+00   7.1521810e-01   4.3578789e-01
   2.0010000e+03   1.0000000e+00   3.0000000e+00   1.4000000e+01   0.0000000e+00   3.8000000e+01  -5.3401797e+01  -3.8704816e+01   5.0013101e+02   5.8769858e+00   1.4261579e+01   0.0000000e+00
   2.0010000e+03   1.0000000e+00   3.0000000e+00   1.4000000e+01   2.0000000e+00   8.0000992e+00  -5.3406173e+01  -3.8703434e+01   4.9478334e+02   1.8570899e-01   4.4879369e-01   0.0000000e+00
   2.0010000e+03   1.0000000e+00   3.0000000e+00   1.4000000e+01   3.0000000e+00   3.9000000e+01  -5.3410596e+01  -3.8702033e+01   5.0014666e+02   1.5808680e+00   4.0094582e+00   1.8017325e-01
   2.0010000e+03   1.0000000e+00   3.0000000e+00   1.4000000e+01   5.0000000e+00   1.2000099e+01  -5.3414957e+01  -3.8700645e+01   4.9324851e+02   4.3879984e+00   4.3321773e+00   0.0000000e+00
   2.0010000e+03   1.0000000e+00   3.0000000e+00   1.4000000e+01   6.0000000e+00   4.5000099e+01  -5.3419395e+01  -3.8699223e+01   5.0210953e+02   1.9000400e-01   3.9862257e-01   3.8498391e-01
   2.0010000e+03   1.0000000e+00   3.0000000e+00   1.4000000e+01   8.0000000e+00   1.6000000e+01  -5.3423876e+01  -3.8697834e+01   5.0628629e+02   9.7195766e-01   2.3686814e+00   0.0000000e+00
   2.0010000e+03   1.0000000e+00   3.0000000e+00   1.4000000e+01   9.0000000e+00   4.5000000e+01  -5.3428228e+01  -3.8696402e+01   4.9283543e+02   3.6517602e+00   2.2144655e+00   4.6299279e-01
   2.0010000e+03   1.0000000e+00   3.0000000e+00   1.4000000e+01   1.1000000e+01   1.5000000e+01  -5.3432709e+01  -3.8694949e+01   5.0712988e+02   1.4255364e-01   3.5170443e-01   1.5910038e-01
   2.0010000e+03   1.0000000e+00   3.0000000e+00   1.4000000e+01   1.2000000e+01   4.5999901e+01  -5.3437111e+01  -3.8693484e+01   4.9865756e+02   2.5460427e+00   6.2047600e+00   0.0000000e+00
   2.0010000e+03   1.0000000e+00   3.0000000e+00   1.4000000e+01   1.4000000e+01   1.6000000e+01  -5.3441517e+01  -3.8692052e+01   4.9870057e+02   6.1183168e+00   2.9635875e+00   1.2204594e-02
   2.0010000e+03   1.0000000e+00   3.0000000e+00   1.4000000e+01   1.5000000e+01   4.7000000e+01  -5.3445908e+01  -3.8690699e+01   4.9606000e+02   6.2592859e+00   1.5255411e+01   0.0000000e+00
   2.0010000e+03   1.0000000e+00   3.0000000e+00   1.4000000e+01   1.7000000e+01   1.9000000e+01  -5.3450354e+01  -3.8689389e+01   5.0157521e+02   4.3966960e-02   1.0714841e-01   1.0130287e-01
   2.0010000e+03   1.0000000e+00   3.0000000e+00   1.4000000e+01   1.8000000e+01   4.9000000e+01  -5.3454751e+01  -3.8688124e+01   4.9575352e+02   0.0000000e+00   0.0000000e+00   0.0000000e+00
   2.0010000e+03   1.0000000e+00   3.0000000e+00   1.4000000e+01   2.0000000e+01   1.7000000e+01  -5.3459159e+01  -3.8686836e+01   4.9713792e+02   2.1195776e-02   5.1654555e-02   0.0000000e+00
   2.0010000e+03   1.0000000e+00   3.0000000e+00   1.4000000e+01   2.1000000e+01   4.5000000e+01  -5.3463552e+01  -3.8685520e+01   4.9589117e+02   2.0378910e+00   4.9663836e+00   0.0000000e+00
   2.0010000e+03   1.0000000e+00   3.0000000e+00   1.4000000e+01   2.3000000e+01   1.2000000e+01  -5.3467961e+01  -3.8684121e+01   4.9852928e+02   6.3406027e-01   1.3118083e+00   2.2689433e-02
   2.0010000e+03   1.0000000e+00   3.0000000e+00   1.4000000e+01   2.4000000e+01   4.1000000e+01  -5.3472382e+01  -3.8682687e+01   5.0039544e+02   4.4288238e+00   1.0793137e+01   0.0000000e+00
   2.0010000e+03   1.0000000e+00   3.0000000e+00   1.4000000e+01   2.6000000e+01   1.0999901e+01  -5.3476836e+01  -3.8681298e+01   5.0333224e+02   1.0534551e+00   2.5672925e+00   0.0000000e+00
   2.0010000e+03   1.0000000e+00   3.0000000e+00   1.4000000e+01   2.7000000e+01   4.1000000e+01  -5.3481238e+01  -3.8679913e+01   4.9763221e+02   9.7643233e-02   3.7115020e-01   9.8284999e-03
   2.0010000e+03   1.0000000e+00   3.0000000e+00   1.4000000e+01   2.9000000e+01   1.1000000e+01  -5.3485607e+01  -3.8678527e+01   4.9409074e+02   2.8805065e+00   2.7986707e+00   0.0000000e+00
   2.0010000e+03   1.0000000e+00   3.0000000e+00   1.4000000e+01   3.0000000e+01   4.1000000e+01  -5.3490018e+01  -3.8677108e+01   4.9906902e+02   1.3266205e+00   1.5778985e+00   0.0000000e+00
   2.0010000e+03   1.0000000e+00   3.0000000e+00   1.4000000e+01   3.2000000e+01   1.0000000e+01  -5.3494430e+01  -3.8675702e+01   4.9899050e+02   1.3750412e+00   3.3510046e+00   1.8066854e-01
   2.0010000e+03   1.0000000e+00   3.0000000e+00   1.4000000e+01   3.3000000e+01   3.9000000e+01  -5.3498821e+01  -3.8674310e+01   4.9652993e+02   1.5747165e+00   1.0890418e+00   0.0000000e+00
   2.0010000e+03   1.0000000e+00   3.0000000e+00   1.4000000e+01   3.5000000e+01   8.0000000e+00  -5.3503284e+01  -3.8672894e+01   5.0472194e+02   2.6826740e+00   6.0533694e+00   0.0000000e+00
   2.0010000e+03   1.0000000e+00   3.0000000e+00   1.4000000e+01   3.6000000e+01   3.4000000e+01  -5.3507683e+01  -3.8671494e+01   4.9740690e+02   3.8853958e+00   7.2554100e+00   0.0000000e+00
   2.0010000e+03   1.0000000e+00   3.0000000e+00   1.4000000e+01   3.8000000e+01   0.0000000e+00  -5.3512106e+01  -3.8670124e+01   4.9979097e+02   3.3454045e+00   8.1280080e+00   2.5638954e-01
   2.0010000e+03   1.0000000e+00   3.0000000e+00   1.4000000e+01   3.9000000e+01   2.8000000e+01  -5.3516483e+01  -3.8668765e+01   4.9455773e+02   2.1173478e+00   3.3461848e+00   1.9597840e-01
   2.0010000e+03   1.0000000e+00   3.0000000e+00   1.4000000e+01   4.0000000e+01   5.5000000e+01  -5.3520849e+01  -3.8667435e+01   4.9308173e+02   2.5957662e+00   2.8408492e+00   9.8787977e-02
   2.0010000e+03   1.0000000e+00   3.0000000e+00   1.4000000e+01   4.2000000e+01   2.3000000e+01  -5.3525286e+01  -3.8666010e+01   5.0199360e+02   4.1749484e+00   8.2480505e+00   2.8660422e-02
   2.0010000e+03   1.0000000e+00   3.0000000e+00   1.4000000e+01   4.3000000e+01   5.0000000e+01  -5.3529739e+01  -3.8664579e+01   5.0369690e+02   2.3403162e+00   2.3332504e+00   7.8755463e-02
   2.0010000e+03   1.0000000e+00   3.0000000e+00   1.4000000e+01   4.5000000e+01   1.8000000e+01  -5.3534158e+01  -3.8663135e+01   5.0022930e+02   5.3534390e-01   1.3397533e+00   2.8102412e-02
   2.0010000e+03   1.0000000e+00   3.0000000e+00   1.4000000e+01   4.6000000e+01   4.6000000e+01  -5.3538520e+01  -3.8661831e+01   4.9226423e+02   4.1791692e-01   1.0403222e+00   8.3196073e-02
   2.0010000e+03   1.0000000e+00   3.0000000e+00   1.4000000e+01   4.8000000e+01   1.2999901e+01  -5.3542929e+01  -3.8660462e+01   4.9821108e+02   9.3186795e-01   2.2709819e+00   8.9309902e-03
   2.0010000e+03   1.0000000e+00   3.0000000e+00   1.4000000e+01   4.9000000e+01   4.1000000e+01  -5.3547408e+01  -3.8659057e+01   5.0626006e+02   9.0056868e-01   2.1947050e+00   1.2753702e-01
   2.0010000e+03   1.0000000e+00   3.0000000e+00   1.4000000e+01   5.1000000e+01   9.0000000e+00  -5.3551789e+01  -3.8657663e+01   4.9543444e+02   6.3036052e-01   1.5412066e+00   5.0046888e-03
   2.0010000e+03   1.0000000e+00   3.0000000e+00   1.4000000e+01   5.2000000e+01   4.0999901e+01  -5.3556206e+01  -3.8656177e+01   5.0058828e+02   7.3383266e-01   1.1187717e+00   2.0782893e-01
   2.0010000e+03   1.0000000e+00   3.0000000e+00   1.4000000e+01   5.4000000e+01   1.2000099e+01  -5.3560634e+01  -3.8654642e+01   5.0234752e+02   9.8610761e-03   2.0522991e+00   2.1842505e-02
   2.0010000e+03   1.0000000e+00   3.0000000e+00   1.4000000e+01   5.5000000e+01   4.2000000e+01  -5.3564999e+01  -3.8653232e+01   4.9388589e+02   7.1695331e-03   2.5844232e-01   1.8540575e-01
   2.0010000e+03   1.0000000e+00   3.0000000e+00   1.4000000e+01   5.7000000e+01   1.2000000e+01  -5.3569419e+01  -3.8651870e+01   4.9930147e+02   2.6579003e+00   6.4773594e+00   1.4637744e-01
   2.0010000e+03   1.0000000e+00   3.0000000e+00   1.4000000e+01   5.8000000e+01   4.1000099e+01  -5.3573863e+01  -3.8650432e+01   5.0287138e+02   1.4233845e+00   1.7157569e-01   0.0000000e+00
   2.0010000e+03   1.0000000e+00   3.0000000e+00   1.5000000e+01   0.0000000e+00   8.0000000e+00  -5.3578266e+01  -3.8648979e+01   4.9857264e+02   1.1847322e-01   2.8872174e-01   0.0000000e+00
   2.0010000e+03   1.0000000e+00   3.0000000e+00   1.5000000e+01   1.0000000e+00   3.5000000e+01  -5.3582660e+01  -3.8647510e+01   4.9782793e+02   2.8529658e-01   6.9527380e-01   0.0000000e+00
   2.0010000e+03   1.0000000e+00   3.0000000e+00   1.5000000e+01   3.0000000e+00   1.0000000e+00  -5.3587045e+01  -3.8646058e+01   4.9650811e+02   3.7700447e-01   1.6257704e+00   0.0000000e+00
   2.0010000e+03   1.0000000e+00   3.0000000e+00   1.5000000e+01   4.0000000e+00   2.8000000e+01  -5.3591477e+01  -3.8644503e+01   5.0309992e+02   8.7870961e+00   5.0216363e+00   0.0000000e+00
   2.0010000e+03   1.0000000e+00   3.0000000e+00   1.5000000e+01   5.0000000e+00   5.6000099e+01  -5.3595890e+01  -3.8642971e+01   5.0060559e+02   7.2977758e-01   2.0487407e+00   0.0000000e+00
   2.0010000e+03   1.0000000e+00   3.0000000e+00   1.5000000e+01   7.0000000e+00   2.5000000e+01  -5.3600272e+01  -3.8641361e+01   4.9845519e+02   2.0960350e+01   5.1080817e+01   4.2607392e+01
   2.0010000e+03   1.0000000e+00   3.0000000e+00   1.5000000e+01   8.0000000e+00   5.4000000e+01  -5.3604644e+01  -3.8639750e+01   4.9718715e+02   2.8978305e+00   4.4951882e-01   0.0000000e+00
   2.0010000e+03   1.0000000e+00   3.0000000e+00   1.5000000e+01   1.0000000e+01   2.1000000e+01  -5.3609019e+01  -3.8638225e+01   4.9647824e+02   9.5916528e-01   2.5057556e+00   2.3494724e-01
   2.0010000e+03   1.0000000e+00   3.0000000e+00   1.5000000e+01   1.1000000e+01   4.9000000e+01  -5.3613465e+01  -3.8636705e+01   5.0409736e+02   7.4966361e-03   1.8269461e-02   0.0000000e+00
   2.0010000e+03   1.0000000e+00   3.0000000e+00   1.5000000e+01   1.3000000e+01   1.6000000e+01  -5.3617876e+01  -3.8635238e+01   4.9965977e+02   1.5913274e+00   3.5602230e+00   5.8774340e-02
   2.0010000e+03   1.0000000e+00   3.0000000e+00   1.5000000e+01   1.4000000e+01   4.5000000e+01  -5.3622247e+01  -3.8633724e+01   4.9583106e+02   8.3336009e+00   4.7507017e+00   0.0000000e+00
   2.0010000e+03   1.0000000e+00   3.0000000e+00   1.5000000e+01   1.6000000e+01   1.4000000e+01  -5.3626644e+01  -3.8632239e+01   4.9825882e+02   3.5927861e+00   6.6754711e+00   4.0179421e-01
   2.0010000e+03   1.0000000e+00   3.0000000e+00   1.5000000e+01   1.7000000e+01   4.3000000e+01  -5.3631022e+01  -3.8630714e+01   4.9679368e+02   7.7047845e+00   1.0325747e+01   0.0000000e+00
   2.0010000e+03   1.0000000e+00   3.0000000e+00   1.5000000e+01   1.9000000e+01   1.3000000e+01  -5.3635452e+01  -3.8629265e+01   5.0143058e+02   3.2253931e+00   7.0543662e+00   1.1554082e-01
   2.0010000e+03   1.0000000e+00   3.0000000e+00   1.5000000e+01   2.0000000e+01   4.3999901e+01  -5.3639885e+01  -3.8628290e+01   4.9679113e+02   2.8066330e+00   8.2518691e-01   0.0000000e+00
   2.0010000e+03   1.0000000e+00   3.0000000e+00   1.5000000e+01   2.2000000e+01   1.5000000e+01  -5.3644359e+01  -3.8627448e+01   5.0019080e+02   5.6893137e+00   5.2323156e-01   0.0000000e+00
   2.0010000e+03   1.0000000e+00   3.0000000e+00   1.5000000e+01   2.3000000e+01   4.5000000e+01  -5.3648846e+01  -3.8626567e+01   5.0192717e+02   1.7406776e+00   1.7725768e+00   0.0000000e+00
   2.0010000e+03   1.0000000e+00   3.0000000e+00   1.5000000e+01   2.5000000e+01   1.4000000e+01  -5.3653213e+01  -3.8625287e+01   4.9258059e+02   1.3144088e+00   3.3427331e+00   0.0000000e+00
   2.0010000e+03   1.0000000e+00   3.0000000e+00   1.5000000e+01   2.6000000e+01   4.2000000e+01  -5.3657633e+01  -3.8624033e+01   4.9807182e+02   2.9716482e+00   5.3699437e+00   0.0000000e+00
   2.0010000e+03   1.0000000e+00   3.0000000e+00   1.5000000e+01   2.8000000e+01   9.0000000e+00  -5.3662129e+01  -3.8622744e+01   5.0674085e+02   6.4052855e+02   1.5613474e+03   4.7942779e+02
   2.0010000e+03   1.0000000e+00   3.0000000e+00   1.5000000e+01   2.9000000e+01   3.5000000e+01  -5.3666470e+01  -3.8620890e+01   4.9751543e+02   5.6429069e+00   1.2803779e+01   1.4833189e-01
   2.0010000e+03   1.0000000e+00   3.0000000e+00   1.5000000e+01   3.1000000e+01   0.0000000e+00  -5.3670766e+01  -3.8619028e+01   4.9284921e+02   1.8445984e+00   3.2440791e+00   1.9690060e-01
   2.0010000e+03   1.0000000e+00   3.0000000e+00   1.5000000e+01   3.2000000e+01   2.6999901e+01  -5.3675145e+01  -3.8617113e+01   5.0273094e+02   2.4669500e+00   3.5693167e-01   1.3403041e-01
   2.0010000e+03   1.0000000e+00   3.0000000e+00   1.5000000e+01   3.3000000e+01   5.3000000e+01  -5.3679515e+01  -3.8615202e+01   5.0158289e+02   4.2681888e+00   4.6606974e+00   0.0000000e+00
   2.0010000e+03   1.0000000e+00   3.0000000e+00   1.5000000e+01   3.5000000e+01   1.8000000e+01  -5.3683851e+01  -3.8613322e+01   4.9749460e+02   5.8461365e+00   4.8944517e+00   0.0000000e+00
   2.0010000e+03   1.0000000e+00   3.0000000e+00   1.5000000e+01   3.6000000e+01   4.4000099e+01  -5.3688149e+01  -3.8611176e+01   4.9797928e+02   5.6414519e+00   6.1371130e+00   0.0000000e+00
   2.0010000e+03   1.0000000e+00   3.0000000e+00   1.5000000e+01   3.8000000e+01   1.1000000e+01  -5.3692438e+01  -3.8608845e+01   5.0070869e+02   1.2216448e+00   2.8160066e+00   0.0000000e+00
   2.0010000e+03   1.0000000e+00   3.0000000e+00   1.5000000e+01   3.9000000e+01   3.6000000e+01  -5.3696738e+01  -3.8606550e+01   5.0106231e+02   5.3675916e+00   3.1573209e+00   0.0000000e+00
   2.0010000e+03   1.0000000e+00   3.0000000e+00   1.5000000e+01   4.1000000e+01   1.0000000e+00  -5.3701016e+01  -3.8604192e+01   5.0002637e+02   6.7996361e-01   1.6570857e+00   3.6311712e-01
   2.0010000e+03   1.0000000e+00   3.0000000e+00   1.5000000e+01   4.2000000e+01   2.7000099e+01  -5.3705273e+01  -3.8601859e+01   4.9736621e+02   4.8661801e-01   1.1858984e+00   0.0000000e+00
   2.0010000e+03   1.0000000e+00   3.0000000e+00   1.5000000e+01   4.3000000e+01   5.2000000e+01  -5.3709521e+01  -3.8599517e+01   4.9648811e+02   8.0830514e+00   1.8131385e+01   0.0000000e+00
   2.0010000e+03   1.0000000e+00   3.0000000e+00   1.5000000e+01   4.5000000e+01   1.6000000e+01  -5.3713764e+01  -3.8597157e+01   4.9644174e+02   1.4313783e+00   3.3078302e+00   0.0000000e+00
   2.0010000e+03   1.0000000e+00   3.0000000e+00   1.5000000e+01   4.6000000e+01   4.1000000e+01  -5.3718103e+01  -3.8594805e+01   5.0629967e+02   7.6552362e-01   2.1267063e+00   1.7698017e-01
   2.0010000e+03   1.0000000e+00   3.0000000e+00   1.5000000e+01   4.8000000e+01   6.0000000e+00  -5.3722392e+01  -3.8592428e+01   5.0154007e+02   1.1556104e+00   2.3007471e+00   0.0000000e+00
   2.0010000e+03   1.0000000e+00   3.0000000e+00   1.5000000e+01   4.9000000e+01   3.1000000e+01  -5.3726707e+01  -3.8590575e+01   4.9477898e+02   6.1946467e-01   1.5096485e+00   0.0000000e+00
   2.0010000e+03   1.0000000e+00   3.0000000e+00   1.5000000e+01   5.0000000e+01   5.7000000e+01  -5.3731100e+01  -3.8589163e+01   4.9689737e+02   1.7734379e-01   5.5165202e-01   7.3541167e-02
   2.0010000e+03   1.0000000e+00   3.0000000e+00   1.5000000e+01   5.2000000e+01   2.3000000e+01  -5.3735552e+01  -3.8588108e+01   4.9950518e+02   3.7769304e-01   9.8927054e-01   0.0000000e+00
   2.0010000e+03   1.0000000e+00   3.0000000e+00   1.5000000e+01   5.3000000e+01   5.0000000e+01  -5.3739942e+01  -3.8587167e+01   4.9178035e+02   5.5552800e+00   1.0318961e+01   1.2809677e+00
   2.0010000e+03   1.0000000e+00   3.0000000e+00   1.5000000e+01   5.5000000e+01   1.8000000e+01  -5.3744492e+01  -3.8586281e+01   5.0885413e+02   3.0604198e+00   5.5085567e+00   0.0000000e+00
   2.0010000e+03   1.0000000e+00   3.0000000e+00   1.5000000e+01   5.6000000e+01   4.6000099e+01  -5.3748959e+01  -3.8585731e+01   4.9773710e+02   3.6089098e+00   8.9149236e+00   4.0287219e-01
   2.0010000e+03   1.0000000e+00   3.0000000e+00   1.5000000e+01   5.8000000e+01   1.2000000e+01  -5.3753394e+01  -3.8585135e+01   4.9435916e+02   1.7757032e+00   4.4063141e+00   0.0000000e+00
   2.0010000e+03   1.0000000e+00   3.0000000e+00   1.5000000e+01   5.9000000e+01   4.0000000e+01  -5.3757850e+01  -3.8584593e+01   4.9641810e+02   7.1746421e+00   1.4620830e+01   1.9875441e+00
   2.0010000e+03   1.0000000e+00   3.0000000e+00   1.6000000e+01   1.0000000e+00   7.0000000e+00  -5.3762330e+01  -3.8583999e+01   4.9938350e+02   4.9500438e+00   1.1214305e+01   4.7953238e-02
   2.0010000e+03   1.0000000e+00   3.0000000e+00   1.6000000e+01   2.0000000e+00   3.5000000e+01  -5.3766771e+01  -3.8583428e+01   4.9483385e+02   6.0300315e+00   5.7731602e+00   0.0000000e+00
   2.0010000e+03   1.0000000e+00   3.0000000e+00   1.6000000e+01   4.0000000e+00   1.9999008e+00  -5.3771315e+01  -3.8582819e+01   5.0657139e+02   5.0851797e-01   2.8764255e-01   0.0000000e+00
   2.0010000e+03   1.0000000e+00   3.0000000e+00   1.6000000e+01   5.0000000e+00   2.9000000e+01  -5.3775798e+01  -3.8582274e+01   4.9944393e+02   9.6935447e+00   2.3112576e+01   0.0000000e+00
   2.0010000e+03   1.0000000e+00   3.0000000e+00   1.6000000e+01   6.0000000e+00   5.4000000e+01  -5.3780252e+01  -3.8581718e+01   4.9620759e+02   4.1940975e+01   6.4961000e+01   4.8094906e-01
   2.0010000e+03   1.0000000e+00   3.0000000e+00   1.6000000e+01   8.0000000e+00   1.9000000e+01  -5.3784703e+01  -3.8581184e+01   4.9589928e+02   1.3349526e+01   2.6264239e+01   4.7076770e-02
   2.0010000e+03   1.0000000e+00   3.0000000e+00   1.6000000e+01   9.0000000e+00   4.5000000e+01  -5.3789181e+01  -3.8580572e+01   4.9919277e+02   9.7254324e+00   2.0573943e+01   0.0000000e+00
   2.0010000e+03   1.0000000e+00   3.0000000e+00   1.6000000e+01   1.1000000e+01   1.1000000e+01  -5.3793662e+01  -3.8580007e+01   4.9927473e+02   6.9439372e+00   3.5508259e+00   0.0000000e+00
   2.0010000e+03   1.0000000e+00   3.0000000e+00   1.6000000e+01   1.2000000e+01   3.8000000e+01  -5.3798178e+01  -3.8579448e+01   5.0314447e+02   3.1947499e+01   7.4237843e+01   0.0000000e+00
   2.0010000e+03   1.0000000e+00   3.0000000e+00   1.6000000e+01   1.4000000e+01   5.0000000e+00  -5.3802640e+01  -3.8578463e+01   5.0007570e+02   5.7967913e+00   1.4500691e+01   0.0000000e+00
   2.0010000e+03   1.0000000e+00   3.0000000e+00   1.6000000e+01   1.5000000e+01   3.3000099e+01  -5.3807045e+01  -3.8577164e+01   4.9683374e+02   3.2862925e+01   8.0125528e+01   3.7883973e-02
   2.0010000e+03   1.0000000e+00   3.0000000e+00   1.6000000e+01   1.7000000e+01   0.0000000e+00  -5.3811520e+01  -3.8575926e+01   5.0389574e+02   6.8760781e+00   1.4821093e+01   3.9122492e+00
   2.0010000e+03   1.0000000e+00   3.0000000e+00   1.6000000e+01   1.8000000e+01   2.8000000e+01  -5.3815936e+01  -3.8574686e+01   4.9734215e+02   3.4182301e+00   7.6059070e+00   3.2213294e+00
   2.0010000e+03   1.0000000e+00   3.0000000e+00   1.6000000e+01   1.9000000e+01   5.5000000e+01  -5.3820344e+01  -3.8573401e+01   4.9697568e+02   3.4830001e+01   8.0615062e+01   8.9402510e+00
   2.0010000e+03   1.0000000e+00   3.0000000e+00   1.6000000e+01   2.1000000e+01   2.3000000e+01  -5.3824766e+01  -3.8571949e+01   5.0054750e+02   4.2924607e+01   1.0362515e+02   6.5483808e+01
   2.0010000e+03   1.0000000e+00   3.0000000e+00   1.6000000e+01   2.2000000e+01   5.0000000e+01  -5.3829158e+01  -3.8570306e+01   4.9982184e+02   2.9873015e+02   6.9872222e+02   2.9500616e+01
   2.0010000e+03   1.0000000e+00   3.0000000e+00   1.6000000e+01   2.4000000e+01   1.8000000e+01  -5.3833537e+01  -3.8568676e+01   4.9814694e+02   8.6671968e+01   1.7067432e+02   1.1575556e+02
   2.0010000e+03   1.0000000e+00   3.0000000e+00   1.6000000e+01   2.5000000e+01   4.7000000e+01  -5.3837930e+01  -3.8567077e+01   4.9937622e+02   8.3747058e+01   1.9718899e+02   5.6206769e+01
   2.0010000e+03   1.0000000e+00   3.0000000e+00   1.6000000e+01   2.7000000e+01   1.6000099e+01  -5.3842341e+01  -3.8565464e+01   5.0141802e+02   2.1371085e+00   5.2081787e+00   0.0000000e+00
   2.0010000e+03   1.0000000e+00   3.0000000e+00   1.6000000e+01   2.8000000e+01   4.3000000e+01  -5.3846701e+01  -3.8563829e+01   4.9617237e+02   4.9252132e+00   1.2002849e+01   0.0000000e+00
   2.0010000e+03   1.0000000e+00   3.0000000e+00   1.6000000e+01   3.0000000e+01   1.1000000e+01  -5.3851040e+01  -3.8562210e+01   4.9369096e+02   2.0672561e+00   5.0379468e+00   1.9062976e-02
   2.0010000e+03   1.0000000e+00   3.0000000e+00   1.6000000e+01   3.1000000e+01   3.8000000e+01  -5.3855417e+01  -3.8560568e+01   4.9811238e+02   9.9081915e+00   2.4146473e+01   5.4513140e+00
   2.0010000e+03   1.0000000e+00   3.0000000e+00   1.6000000e+01   3.3000000e+01   6.0000000e+00  -5.3859838e+01  -3.8558934e+01   5.0280767e+02   4.9965930e+01   1.2192418e+02   7.0740562e+01
   2.0010000e+03   1.0000000e+00   3.0000000e+00   1.6000000e+01   3.4000000e+01   3.3000000e+01  -5.3864245e+01  -3.8557487e+01   4.9885514e+02   1.5312110e+01   3.6932125e+01   2.2458379e-02
   2.0010000e+03   1.0000000e+00   3.0000000e+00   1.6000000e+01   3.6000000e+01   1.0000000e+00  -5.3868713e+01  -3.8556168e+01   5.0393280e+02   3.4412796e+00   8.3864713e+00   0.0000000e+00
   2.0010000e+03   1.0000000e+00   3.0000000e+00   1.6000000e+01   3.7000000e+01   2.7000000e+01  -5.3873127e+01  -3.8554900e+01   4.9741921e+02   4.7924934e+00   1.1499832e+01   5.7310242e+00
   2.0010000e+03   1.0000000e+00   3.0000000e+00   1.6000000e+01   3.8000000e+01   5.3000000e+01  -5.3877493e+01  -3.8553632e+01   4.9225921e+02   8.5846898e+00   2.0960772e+01   7.7791187e-02
   2.0010000e+03   1.0000000e+00   3.0000000e+00   1.6000000e+01   4.0000000e+01   2.1000000e+01  -5.3881977e+01  -3.8552349e+01   5.0525289e+02   3.4272135e+00   8.1321443e+00   2.3815165e-02
   2.0010000e+03   1.0000000e+00   3.0000000e+00   1.6000000e+01   4.1000000e+01   4.7000000e+01  -5.3886445e+01  -3.8551009e+01   5.0423970e+02   1.8720187e-01   2.6583403e-01   3.7361572e-02
   2.0010000e+03   1.0000000e+00   3.0000000e+00   1.6000000e+01   4.3000000e+01   1.2000000e+01  -5.3890822e+01  -3.8549566e+01   4.9538175e+02   2.9841440e-01   7.2724222e-01   2.9623889e-02
   2.0010000e+03   1.0000000e+00   3.0000000e+00   1.6000000e+01   4.4000000e+01   3.7000000e+01  -5.3895210e+01  -3.8548192e+01   4.9590459e+02   1.4938927e-01   3.7549126e-01   0.0000000e+00
   2.0010000e+03   1.0000000e+00   3.0000000e+00   1.6000000e+01   4.6000000e+01   3.0000000e+00  -5.3899653e+01  -3.8546838e+01   5.0160312e+02   1.6284482e-01   6.2855946e-01   2.8207337e-01
   2.0010000e+03   1.0000000e+00   3.0000000e+00   1.6000000e+01   4.7000000e+01   3.1000000e+01  -5.3904120e+01  -3.8545467e+01   5.0444273e+02   2.7113053e-01   7.4446527e-01   6.5629485e-02
   2.0010000e+03   1.0000000e+00   3.0000000e+00   1.6000000e+01   4.8000000e+01   5.9000000e+01  -5.3908560e+01  -3.8544143e+01   5.0083373e+02   2.5046675e-01   6.1039278e-01   3.4453042e-01
   2.0010000e+03   1.0000000e+00   3.0000000e+00   1.6000000e+01   5.0000000e+01   2.5000000e+01  -5.3912943e+01  -3.8542833e+01   4.9460129e+02   1.1326614e-01   2.0585344e-01   5.2371997e-02
   2.0010000e+03   1.0000000e+00   3.0000000e+00   1.6000000e+01   5.1000000e+01   5.1000000e+01  -5.3917357e+01  -3.8541465e+01   4.9854430e+02   2.1482896e-01   4.3264094e-01   3.3863388e-02
   2.0010000e+03   1.0000000e+00   3.0000000e+00   1.6000000e+01   5.3000000e+01   1.6000000e+01  -5.3921754e+01  -3.8540121e+01   4.9643784e+02   7.6323208e-01   1.6667544e+00   3.5587554e-01
   2.0010000e+03   1.0000000e+00   3.0000000e+00   1.6000000e+01   5.4000000e+01   4.0000000e+01  -5.3926118e+01  -3.8538767e+01   4.9301100e+02   3.6563940e+00   8.9353798e+00   1.9403872e+00
   2.0010000e+03   1.0000000e+00   3.0000000e+00   1.6000000e+01   5.6000000e+01   5.0000992e+00  -5.3930592e+01  -3.8537375e+01   5.0537753e+02   3.7564007e+00   9.1544280e+00   4.3464084e+00
   2.0010000e+03   1.0000000e+00   3.0000000e+00   1.6000000e+01   5.7000000e+01   3.1000000e+01  -5.3935042e+01  -3.8535997e+01   5.0264427e+02   2.8636335e+00   7.1239358e+00   2.2083003e+00
   2.0010000e+03   1.0000000e+00   3.0000000e+00   1.6000000e+01   5.8000000e+01   5.8000000e+01  -5.3939436e+01  -3.8534711e+01   4.9550966e+02   3.3774220e+00   8.2871929e+00   4.2229376e+00
   2.0010000e+03   1.0000000e+00   3.0000000e+00   1.7000000e+01   0.0000000e+00   2.4000099e+01  -5.3943818e+01  -3.8533363e+01   4.9475539e+02   3.7244361e+00   9.3957655e+00   3.1487379e+00
   2.0010000e+03   1.0000000e+00   3.0000000e+00   1.7000000e+01   1.0000000e+00   5.1000000e+01  -5.3948286e+01  -3.8532003e+01   5.0446119e+02   4.0761423e+00   9.8869254e+00   1.4849868e+00
   2.0010000e+03   1.0000000e+00   3.0000000e+00   1.7000000e+01   3.0000000e+00   1.9000000e+01  -5.3952744e+01  -3.8530592e+01   5.0390550e+02   6.3259768e+00   1.5416540e+01   3.9079182e-01
   2.0010000e+03   1.0000000e+00   3.0000000e+00   1.7000000e+01   4.0000000e+00   4.8000000e+01  -5.3957151e+01  -3.8529160e+01   4.9853287e+02   1.6255621e+01   3.7817106e+01   2.3960668e+00
   2.0010000e+03   1.0000000e+00   3.0000000e+00   1.7000000e+01   6.0000000e+00   9.0000000e+00  -5.3961209e+01  -3.8527893e+01   4.5843228e+02   9.3020260e+00   2.2669234e+01   1.0486956e+00
