   2.0010000e+03   1.0000000e+00   5.0000000e+00   1.3000000e+01   1.0000000e+00   4.0000000e+01  -5.3149969e+01  -3.7831314e+01   5.0095089e+02   9.2328424e-01   2.2500633e+00   7.2930998e-01
   2.0010000e+03   1.0000000e+00   5.0000000e+00   1.3000000e+01   3.0000000e+00   1.2000000e+01  -5.3154297e+01  -3.7829828e+01   4.9102564e+02   4.4552225e-01   1.0857472e+00   6.3841264e-01
   2.0010000e+03   1.0000000e+00   5.0000000e+00   1.3000000e+01   4.0000000e+00   4.2000000e+01  -5.3158685e+01  -3.7828217e+01   4.9927661e+02   1.5877002e+00   3.8977883e+00   1.1491503e+00
   2.0010000e+03   1.0000000e+00   5.0000000e+00   1.3000000e+01   6.0000000e+00   1.1000099e+01  -5.3163102e+01  -3.7826780e+01   5.0006505e+02   8.1913474e+00   1.9277567e+01   1.0838142e+00
   2.0010000e+03   1.0000000e+00   5.0000000e+00   1.3000000e+01   7.0000000e+00   4.0000000e+01  -5.3167531e+01  -3.7825328e+01   5.0154871e+02   2.7937502e-01   6.8084284e-01   6.8084284e-01
   2.0010000e+03   1.0000000e+00   5.0000000e+00   1.3000000e+01   9.0000000e+00   1.0000000e+01  -5.3172027e+01  -3.7823865e+01   5.0901939e+02   4.1592341e-01   1.0136142e+00   9.7531706e-01
   2.0010000e+03   1.0000000e+00   5.0000000e+00   1.3000000e+01   1.0000000e+01   3.9000099e+01  -5.3176376e+01  -3.7822432e+01   4.9260577e+02   4.6435907e-01   1.1316529e+00   1.1316529e+00
   2.0010000e+03   1.0000000e+00   5.0000000e+00   1.3000000e+01   1.2000000e+01   6.0000000e+00  -5.3180755e+01  -3.7820943e+01   4.9653020e+02   2.0804523e+00   5.0701063e+00   1.0710406e+00
   2.0010000e+03   1.0000000e+00   5.0000000e+00   1.3000000e+01   1.3000000e+01   3.5000099e+01  -5.3185179e+01  -3.7819550e+01   5.0036213e+02   4.8321415e-01   1.8013845e-01   5.7470968e-02
   2.0010000e+03   1.0000000e+00   5.0000000e+00   1.3000000e+01   1.5000000e+01   5.0000000e+00  -5.3189623e+01  -3.7818133e+01   5.0268439e+02   2.0087279e-02   4.8953124e-02   4.8953124e-02
   2.0010000e+03   1.0000000e+00   5.0000000e+00   1.3000000e+01   1.6000000e+01   3.5000000e+01  -5.3194036e+01  -3.7816730e+01   4.9925506e+02   2.6505031e+00   1.4504922e+00   0.0000000e+00
   2.0010000e+03   1.0000000e+00   5.0000000e+00   1.3000000e+01   1.8000000e+01   4.0000000e+00  -5.3198405e+01  -3.7815295e+01   4.9474325e+02   6.1238878e-01   1.4924044e+00   1.2484971e+00
   2.0010000e+03   1.0000000e+00   5.0000000e+00   1.3000000e+01   1.9000000e+01   3.3000000e+01  -5.3202792e+01  -3.7813900e+01   4.9624351e+02   1.9094911e-01   5.1499413e-01   5.1499413e-01
   2.0010000e+03   1.0000000e+00   5.0000000e+00   1.3000000e+01   2.1000000e+01   3.0000000e+00  -5.3207241e+01  -3.7812452e+01   5.0366433e+02   5.8072006e-01   1.4152271e+00   1.4152271e+00
   2.0010000e+03   1.0000000e+00   5.0000000e+00   1.3000000e+01   2.2000000e+01   3.3000000e+01  -5.3211675e+01  -3.7810838e+01   5.0433931e+02   6.3035836e-01   1.5361967e+00   1.5361967e+00
   2.0010000e+03   1.0000000e+00   5.0000000e+00   1.3000000e+01   2.4000000e+01   1.0000000e+00  -5.3216057e+01  -3.7809319e+01   4.9723757e+02   2.0511965e-01   4.9988093e-01   4.3130884e-01
   2.0010000e+03   1.0000000e+00   5.0000000e+00   1.3000000e+01   2.5000000e+01   3.0000000e+01  -5.3220406e+01  -3.7807859e+01   4.9296302e+02   1.3971781e-01   3.4049527e-01   3.4049527e-01
   2.0010000e+03   1.0000000e+00   5.0000000e+00   1.3000000e+01   2.6000000e+01   5.9000099e+01  -5.3224844e+01  -3.7806398e+01   5.0261764e+02   4.3766575e+00   6.8251646e+00   9.0084115e-01
   2.0010000e+03   1.0000000e+00   5.0000000e+00   1.3000000e+01   2.8000000e+01   2.8000000e+01  -5.3229264e+01  -3.7804967e+01   5.0031756e+02   1.6215973e-01   3.9518671e-01   3.8071406e-01
   2.0010000e+03   1.0000000e+00   5.0000000e+00   1.3000000e+01   2.9000000e+01   5.8000000e+01  -5.3233654e+01  -3.7803395e+01   4.9888039e+02   1.1680385e+00   1.2594011e+00   0.0000000e+00
   2.0010000e+03   1.0000000e+00   5.0000000e+00   1.3000000e+01   3.1000000e+01   2.7000099e+01  -5.3238070e+01  -3.7801956e+01   4.9998590e+02   6.0069559e-01   1.4639079e+00   6.0944833e-01
   2.0010000e+03   1.0000000e+00   5.0000000e+00   1.3000000e+01   3.2000000e+01   5.5000000e+01  -5.3242399e+01  -3.7800515e+01   4.9043407e+02   1.9425119e-01   4.7339428e-01   4.7339428e-01
   2.0010000e+03   1.0000000e+00   5.0000000e+00   1.3000000e+01   3.4000000e+01   2.5000000e+01  -5.3246820e+01  -3.7799016e+01   5.0130199e+02   2.5424371e-02   6.1959731e-02   6.1959731e-02
   2.0010000e+03   1.0000000e+00   5.0000000e+00   1.3000000e+01   3.5000000e+01   5.6000099e+01  -5.3251298e+01  -3.7797530e+01   5.0729839e+02   1.7290699e+00   4.2137801e+00   5.4542853e-01
   2.0010000e+03   1.0000000e+00   5.0000000e+00   1.3000000e+01   3.7000000e+01   2.6000099e+01  -5.3255739e+01  -3.7796069e+01   5.0297790e+02   1.3786508e+00   3.3598012e+00   7.7520113e-01
   2.0010000e+03   1.0000000e+00   5.0000000e+00   1.3000000e+01   3.8000000e+01   5.6000000e+01  -5.3260083e+01  -3.7794629e+01   4.9204002e+02   2.5086643e+00   6.1234047e+00   1.2006045e+00
   2.0010000e+03   1.0000000e+00   5.0000000e+00   1.3000000e+01   4.0000000e+01   2.7000000e+01  -5.3264515e+01  -3.7793207e+01   5.0148847e+02   3.5881616e+00   8.7549573e+00   5.9834519e-01
   2.0010000e+03   1.0000000e+00   5.0000000e+00   1.3000000e+01   4.1000000e+01   5.8000000e+01  -5.3268958e+01  -3.7791733e+01   5.0338677e+02   1.4216315e+00   3.2767314e+00   3.4509612e-01
   2.0010000e+03   1.0000000e+00   5.0000000e+00   1.3000000e+01   4.3000000e+01   2.8000099e+01  -5.3273382e+01  -3.7790218e+01   5.0178682e+02   1.4507865e-01   3.7847474e-01   3.1067553e-01
   2.0010000e+03   1.0000000e+00   5.0000000e+00   1.3000000e+01   4.4000000e+01   5.8000000e+01  -5.3277792e+01  -3.7788741e+01   4.9974114e+02   3.6920215e-01   9.0886654e-01   8.1443137e-01
   2.0010000e+03   1.0000000e+00   5.0000000e+00   1.3000000e+01   4.6000000e+01   2.7000000e+01  -5.3282170e+01  -3.7787249e+01   4.9651676e+02   4.1137785e-01   1.0025365e+00   9.8775392e-01
   2.0010000e+03   1.0000000e+00   5.0000000e+00   1.3000000e+01   4.7000000e+01   5.6000099e+01  -5.3286570e+01  -3.7785847e+01   4.9774509e+02   1.4636541e+00   3.6375210e+00   4.4700272e-02
   2.0010000e+03   1.0000000e+00   5.0000000e+00   1.3000000e+01   4.9000000e+01   2.6000000e+01  -5.3290998e+01  -3.7784344e+01   5.0206977e+02   1.6417373e+01   2.1395170e+00   7.1832256e-01
   2.0010000e+03   1.0000000e+00   5.0000000e+00   1.3000000e+01   5.0000000e+01   5.5000000e+01  -5.3295381e+01  -3.7782806e+01   4.9757615e+02   5.0912353e-01   1.2562526e+00   3.6701186e-02
   2.0010000e+03   1.0000000e+00   5.0000000e+00   1.3000000e+01   5.2000000e+01   2.3000099e+01  -5.3299731e+01  -3.7781349e+01   4.9299575e+02   2.8038605e-01   6.8330674e-01   3.6620297e-01
   2.0010000e+03   1.0000000e+00   5.0000000e+00   1.3000000e+01   5.3000000e+01   5.5000000e+01  -5.3304200e+01  -3.7779871e+01   5.0618435e+02   8.2663111e-01   2.0252379e+00   1.4004453e+00
   2.0010000e+03   1.0000000e+00   5.0000000e+00   1.3000000e+01   5.5000000e+01   2.5000000e+01  -5.3308620e+01  -3.7778439e+01   5.0031245e+02   8.3722261e-01   5.4239974e-01   0.0000000e+00
   2.0010000e+03   1.0000000e+00   5.0000000e+00   1.3000000e+01   5.6000000e+01   5.5000000e+01  -5.3312951e+01  -3.7777032e+01   4.9021695e+02   2.9253684e-01   7.1291849e-01   5.0463716e-01
   2.0010000e+03   1.0000000e+00   5.0000000e+00   1.3000000e+01   5.8000000e+01   2.6000099e+01  -5.3317400e+01  -3.7775591e+01   5.0349220e+02   2.4394252e+00   8.4388287e-01   7.4914017e-01
   2.0010000e+03   1.0000000e+00   5.0000000e+00   1.3000000e+01   5.9000000e+01   5.6000099e+01  -5.3321777e+01  -3.7774023e+01   4.9742005e+02   0.0000000e+00   0.0000000e+00   0.0000000e+00
   2.0010000e+03   1.0000000e+00   5.0000000e+00   1.4000000e+01   1.0000000e+00   2.6000000e+01  -5.3326225e+01  -3.7772499e+01   5.0451407e+02   0.0000000e+00   0.0000000e+00   0.0000000e+00
   2.0010000e+03   1.0000000e+00   5.0000000e+00   1.4000000e+01   2.0000000e+00   5.6000000e+01  -5.3330661e+01  -3.7770996e+01   5.0290671e+02   6.2388371e-01   1.5204178e+00   0.0000000e+00
   2.0010000e+03   1.0000000e+00   5.0000000e+00   1.4000000e+01   4.0000000e+00   2.6000099e+01  -5.3335079e+01  -3.7769547e+01   5.0024937e+02   8.6855758e-01   1.8582663e+00   0.0000000e+00
   2.0010000e+03   1.0000000e+00   5.0000000e+00   1.4000000e+01   5.0000000e+00   5.6000000e+01  -5.3339493e+01  -3.7768018e+01   5.0085797e+02   4.1610291e+00   7.4220692e-01   7.4220692e-01
   2.0010000e+03   1.0000000e+00   5.0000000e+00   1.4000000e+01   7.0000000e+00   2.6000000e+01  -5.3343885e+01  -3.7766522e+01   4.9799945e+02   2.8818767e+00   7.0231946e+00   6.1312253e-01
   2.0010000e+03   1.0000000e+00   5.0000000e+00   1.4000000e+01   8.0000000e+00   5.6000000e+01  -5.3348235e+01  -3.7765026e+01   4.9353822e+02   3.5069675e-01   8.5465542e-01   0.0000000e+00
   2.0010000e+03   1.0000000e+00   5.0000000e+00   1.4000000e+01   1.0000000e+01   2.6000099e+01  -5.3352658e+01  -3.7763567e+01   5.0091519e+02   1.1846741e-01   2.9946151e-01   1.0753930e-02
   2.0010000e+03   1.0000000e+00   5.0000000e+00   1.4000000e+01   1.1000000e+01   5.5000000e+01  -5.3357061e+01  -3.7762084e+01   4.9899268e+02   8.0146046e-02   2.3087890e-01   3.5561292e-02
   2.0010000e+03   1.0000000e+00   5.0000000e+00   1.4000000e+01   1.3000000e+01   2.4000000e+01  -5.3361477e+01  -3.7760630e+01   5.0016704e+02   2.8888807e-01   7.3220200e-01   1.7000444e-01
   2.0010000e+03   1.0000000e+00   5.0000000e+00   1.4000000e+01   1.4000000e+01   5.3000099e+01  -5.3365882e+01  -3.7759147e+01   4.9918625e+02   5.8558327e-01   1.4270788e+00   0.0000000e+00
   2.0010000e+03   1.0000000e+00   5.0000000e+00   1.4000000e+01   1.6000000e+01   2.2000000e+01  -5.3370275e+01  -3.7757601e+01   4.9884157e+02   2.1378771e-01   5.2100518e-01   5.2100518e-01
   2.0010000e+03   1.0000000e+00   5.0000000e+00   1.4000000e+01   1.7000000e+01   5.2000000e+01  -5.3374727e+01  -3.7756080e+01   5.0484533e+02   1.0907190e+00   1.2732996e+00   0.0000000e+00
   2.0010000e+03   1.0000000e+00   5.0000000e+00   1.4000000e+01   1.9000000e+01   2.2000000e+01  -5.3379093e+01  -3.7754603e+01   4.9495503e+02   1.2835634e+00   3.1280713e+00   1.5292464e-02
   2.0010000e+03   1.0000000e+00   5.0000000e+00   1.4000000e+01   2.0000000e+01   5.2000000e+01  -5.3383482e+01  -3.7753130e+01   4.9738742e+02   1.1713990e-01   2.8547242e-01   2.7428511e-01
   2.0010000e+03   1.0000000e+00   5.0000000e+00   1.4000000e+01   2.2000000e+01   2.2000000e+01  -5.3387902e+01  -3.7751725e+01   4.9985055e+02   6.4341641e-01   1.5737654e+00   9.9407007e-01
   2.0010000e+03   1.0000000e+00   5.0000000e+00   1.4000000e+01   2.3000000e+01   5.1999901e+01  -5.3392315e+01  -3.7750361e+01   4.9861652e+02   2.1955437e+00   1.6355431e+00   9.9842975e-01
   2.0010000e+03   1.0000000e+00   5.0000000e+00   1.4000000e+01   2.5000000e+01   2.2000000e+01  -5.3396715e+01  -3.7748841e+01   4.9928903e+02   3.2498131e-01   7.9198634e-01   5.1810062e-01
   2.0010000e+03   1.0000000e+00   5.0000000e+00   1.4000000e+01   2.6000000e+01   5.2000000e+01  -5.3401127e+01  -3.7747318e+01   5.0053703e+02   5.7407406e-03   1.3990307e-02   1.3990307e-02
   2.0010000e+03   1.0000000e+00   5.0000000e+00   1.4000000e+01   2.8000000e+01   2.2000000e+01  -5.3405546e+01  -3.7745889e+01   5.0004779e+02   6.5629962e-01   1.5994161e+00   1.2996426e+00
   2.0010000e+03   1.0000000e+00   5.0000000e+00   1.4000000e+01   2.9000000e+01   5.1000000e+01  -5.3409943e+01  -3.7744291e+01   4.9987140e+02   1.0104241e+00   2.4624251e+00   0.0000000e+00
   2.0010000e+03   1.0000000e+00   5.0000000e+00   1.4000000e+01   3.1000000e+01   1.9000000e+01  -5.3414333e+01  -3.7742778e+01   4.9803523e+02   2.3839598e-01   5.8097607e-01   9.5563335e-02
   2.0010000e+03   1.0000000e+00   5.0000000e+00   1.4000000e+01   3.2000000e+01   4.7999901e+01  -5.3418727e+01  -3.7741201e+01   4.9934648e+02   9.1119322e-01   2.2304645e+00   0.0000000e+00
   2.0010000e+03   1.0000000e+00   5.0000000e+00   1.4000000e+01   3.4000000e+01   1.6000000e+01  -5.3423072e+01  -3.7739614e+01   4.9409610e+02   6.6627958e-01   1.7169239e+00   1.6533872e+00
   2.0010000e+03   1.0000000e+00   5.0000000e+00   1.4000000e+01   3.7000000e+01   1.5000000e+01  -5.3431901e+01  -3.7736426e+01   1.0034854e+03   1.4538533e-01   3.8439514e-01   6.4218072e-02
   2.0010000e+03   1.0000000e+00   5.0000000e+00   1.4000000e+01   3.8000000e+01   4.3000000e+01  -5.3436287e+01  -3.7734869e+01   4.9821972e+02   3.2906063e-01   8.3428583e-01   3.2358097e-02
   2.0010000e+03   1.0000000e+00   5.0000000e+00   1.4000000e+01   4.0000000e+01   1.1999901e+01  -5.3440670e+01  -3.7733366e+01   4.9705306e+02   7.0050717e-01   1.7071508e+00   2.8256178e-02
   2.0010000e+03   1.0000000e+00   5.0000000e+00   1.4000000e+01   4.1000000e+01   4.2000000e+01  -5.3445065e+01  -3.7731902e+01   4.9786966e+02   1.4145755e+00   8.7598483e-01   7.6655825e-01
   2.0010000e+03   1.0000000e+00   5.0000000e+00   1.4000000e+01   4.3000000e+01   1.3000000e+01  -5.3449476e+01  -3.7730398e+01   5.0014909e+02   6.0893992e-01   1.4839995e+00   8.0076963e-01
   2.0010000e+03   1.0000000e+00   5.0000000e+00   1.4000000e+01   4.4000000e+01   4.5000000e+01  -5.3453888e+01  -3.7728969e+01   4.9935299e+02   6.2584982e-01   1.5252093e+00   1.0172147e+00
   2.0010000e+03   1.0000000e+00   5.0000000e+00   1.4000000e+01   4.6000000e+01   1.6000000e+01  -5.3458322e+01  -3.7727605e+01   5.0085567e+02   1.7735319e+00   1.0916271e+00   5.6218785e-01
   2.0010000e+03   1.0000000e+00   5.0000000e+00   1.4000000e+01   4.7000000e+01   4.7000000e+01  -5.3462748e+01  -3.7726187e+01   5.0073368e+02   5.4468045e-01   1.4113987e+00   1.2761074e+00
   2.0010000e+03   1.0000000e+00   5.0000000e+00   1.4000000e+01   4.9000000e+01   1.9000000e+01  -5.3467091e+01  -3.7724803e+01   4.9118274e+02   1.3369442e+01   3.2581614e+01   0.0000000e+00
   2.0010000e+03   1.0000000e+00   5.0000000e+00   1.4000000e+01   5.0000000e+01   4.9999901e+01  -5.3471484e+01  -3.7723262e+01   4.9869850e+02   7.6842261e+01   1.8647236e+02   0.0000000e+00
   2.0010000e+03   1.0000000e+00   5.0000000e+00   1.4000000e+01   5.2000000e+01   2.1000000e+01  -5.3475945e+01  -3.7721751e+01   5.0569038e+02   8.3308501e-01   2.0302458e+00   9.5544681e-01
   2.0010000e+03   1.0000000e+00   5.0000000e+00   1.4000000e+01   5.3000000e+01   5.4000099e+01  -5.3480393e+01  -3.7720275e+01   5.0378090e+02   1.2049304e+00   1.7104119e+00   3.1706856e-01
   2.0010000e+03   1.0000000e+00   5.0000000e+00   1.4000000e+01   5.5000000e+01   2.5000099e+01  -5.3484768e+01  -3.7718753e+01   4.9645240e+02   1.6264193e+02   3.9692440e+02   2.8675413e+01
   2.0010000e+03   1.0000000e+00   5.0000000e+00   1.4000000e+01   5.6000000e+01   5.6000000e+01  -5.3489143e+01  -3.7717249e+01   4.9624307e+02   1.2675743e+00   2.5687338e+00   6.5714057e-02
   2.0010000e+03   1.0000000e+00   5.0000000e+00   1.4000000e+01   5.8000000e+01   2.9000000e+01  -5.3493563e+01  -3.7715678e+01   5.0194817e+02   9.9056550e-01   1.5716451e+00   3.7568509e-01
   2.0010000e+03   1.0000000e+00   5.0000000e+00   1.5000000e+01   0.0000000e+00   0.0000000e+00  -5.3497945e+01  -3.7714082e+01   4.9827860e+02   1.7885079e+00   2.7430753e+00   4.1936929e-02
   2.0010000e+03   1.0000000e+00   5.0000000e+00   1.5000000e+01   1.0000000e+00   3.3000000e+01  -5.3502328e+01  -3.7712423e+01   4.9923319e+02   4.3187292e-01   1.0625544e+00   5.7488368e-02
   2.0010000e+03   1.0000000e+00   5.0000000e+00   1.5000000e+01   3.0000000e+00   5.0000000e+00  -5.3506710e+01  -3.7710874e+01   4.9752737e+02   9.7958049e-01   2.5797419e+00   4.4875484e-01
   2.0010000e+03   1.0000000e+00   5.0000000e+00   1.5000000e+01   4.0000000e+00   3.6000000e+01  -5.3511130e+01  -3.7709317e+01   5.0187409e+02   5.6965120e-01   1.4713745e+00   2.7573577e-01
   2.0010000e+03   1.0000000e+00   5.0000000e+00   1.5000000e+01   6.0000000e+00   8.0000000e+00  -5.3515559e+01  -3.7707740e+01   5.0298958e+02   1.3489294e+00   2.3934491e+00   7.2514210e-01
   2.0010000e+03   1.0000000e+00   5.0000000e+00   1.5000000e+01   7.0000000e+00   3.7999901e+01  -5.3519884e+01  -3.7706198e+01   4.9127095e+02   4.2937283e-01   6.6576605e-01   1.2936158e-01
   2.0010000e+03   1.0000000e+00   5.0000000e+00   1.5000000e+01   9.0000000e+00   9.0000992e+00  -5.3524286e+01  -3.7704636e+01   4.9998937e+02   6.3024816e+01   1.5359281e+02   0.0000000e+00
   2.0010000e+03   1.0000000e+00   5.0000000e+00   1.5000000e+01   1.0000000e+01   4.2000099e+01  -5.3528759e+01  -3.7703245e+01   5.0544765e+02   1.2991294e+00   3.2641573e+00   1.3733792e+00
   2.0010000e+03   1.0000000e+00   5.0000000e+00   1.5000000e+01   1.2000000e+01   1.3000000e+01  -5.3533151e+01  -3.7701887e+01   4.9615741e+02   7.5191132e+01   1.7736630e+02   3.3373238e-01
   2.0010000e+03   1.0000000e+00   5.0000000e+00   1.5000000e+01   1.3000000e+01   4.3000000e+01  -5.3537534e+01  -3.7700535e+01   4.9515893e+02   2.6902311e+01   6.5561503e+01   7.3025362e-01
   2.0010000e+03   1.0000000e+00   5.0000000e+00   1.5000000e+01   1.5000000e+01   1.4000000e+01  -5.3541983e+01  -3.7699194e+01   5.0225349e+02   1.5983931e+00   1.1445009e+00   1.1445009e+00
   2.0010000e+03   1.0000000e+00   5.0000000e+00   1.5000000e+01   1.6000000e+01   4.6000000e+01  -5.3546468e+01  -3.7697812e+01   5.0665436e+02   7.4090428e+00   1.8055994e+01   6.8888522e-02
   2.0010000e+03   1.0000000e+00   5.0000000e+00   1.5000000e+01   1.8000000e+01   1.5999901e+01  -5.3550878e+01  -3.7696409e+01   4.9875220e+02   3.0434504e+02   7.4175556e+02   6.3190267e+02
   2.0010000e+03   1.0000000e+00   5.0000000e+00   1.5000000e+01   1.9000000e+01   4.6000099e+01  -5.3555264e+01  -3.7694853e+01   4.9811573e+02   3.9787347e-02   9.6962609e-02   4.5292272e-02
   2.0010000e+03   1.0000000e+00   5.0000000e+00   1.5000000e+01   2.1000000e+01   1.6000000e+01  -5.3559634e+01  -3.7693361e+01   4.9543798e+02   2.1793211e+00   5.3597085e+00   4.3497819e-01
   2.0010000e+03   1.0000000e+00   5.0000000e+00   1.5000000e+01   2.2000000e+01   4.7000000e+01  -5.3564049e+01  -3.7691808e+01   5.0114672e+02   1.5163180e+00   3.6952991e+00   5.5563781e-01
   2.0010000e+03   1.0000000e+00   5.0000000e+00   1.5000000e+01   2.4000000e+01   1.9000000e+01  -5.3568455e+01  -3.7690246e+01   5.0041543e+02   3.5657589e+00   7.4496792e+00   6.1407872e-01
   2.0010000e+03   1.0000000e+00   5.0000000e+00   1.5000000e+01   2.5000000e+01   5.1000000e+01  -5.3572825e+01  -3.7688699e+01   4.9617997e+02   1.0777416e+00   2.0936404e+00   7.8324675e-01
   2.0010000e+03   1.0000000e+00   5.0000000e+00   1.5000000e+01   2.7000000e+01   2.1000099e+01  -5.3577188e+01  -3.7687134e+01   4.9568875e+02   1.7583221e+00   4.3513665e+00   3.7073098e-01
   2.0010000e+03   1.0000000e+00   5.0000000e+00   1.5000000e+01   2.8000000e+01   5.1000000e+01  -5.3581573e+01  -3.7685551e+01   4.9835816e+02   2.0680385e+00   3.5953036e+00   6.1188876e-02
   2.0010000e+03   1.0000000e+00   5.0000000e+00   1.5000000e+01   3.0000000e+01   2.2000000e+01  -5.3585988e+01  -3.7683922e+01   5.0221595e+02   3.1591704e+00   6.4243982e+00   8.7847827e-01
   2.0010000e+03   1.0000000e+00   5.0000000e+00   1.5000000e+01   3.1000000e+01   5.5000000e+01  -5.3590417e+01  -3.7682292e+01   5.0370037e+02   1.0068142e+00   2.4546983e+00   9.6750613e-01
   2.0010000e+03   1.0000000e+00   5.0000000e+00   1.5000000e+01   3.3000000e+01   2.7000000e+01  -5.3594771e+01  -3.7680689e+01   4.9522137e+02   3.9275602e+00   5.2451716e+00   5.4120117e-01
   2.0010000e+03   1.0000000e+00   5.0000000e+00   1.5000000e+01   3.5000000e+01   1.0000000e+00  -5.3599176e+01  -3.7679080e+01   5.0085254e+02   1.5204958e+00   3.6049638e+00   8.9860224e-02
   2.0010000e+03   1.0000000e+00   5.0000000e+00   1.5000000e+01   3.6000000e+01   3.5000099e+01  -5.3603584e+01  -3.7677573e+01   4.9985095e+02   7.3242728e-01   2.4101417e+00   7.5861419e-02
   2.0010000e+03   1.0000000e+00   5.0000000e+00   1.5000000e+01   3.8000000e+01   9.0000000e+00  -5.3608010e+01  -3.7676229e+01   4.9975153e+02   1.5339304e+00   4.4996769e+00   7.4178852e-01
   2.0010000e+03   1.0000000e+00   5.0000000e+00   1.5000000e+01   3.9000000e+01   4.2000000e+01  -5.3612470e+01  -3.7674888e+01   5.0339664e+02   7.3961972e-01   1.8692444e+00   6.6775449e-02
   2.0010000e+03   1.0000000e+00   5.0000000e+00   1.5000000e+01   4.1000000e+01   1.3999901e+01  -5.3616845e+01  -3.7673583e+01   4.9364352e+02   2.7052328e+00   5.9745342e+00   1.3293624e-01
   2.0010000e+03   1.0000000e+00   5.0000000e+00   1.5000000e+01   4.2000000e+01   4.5000099e+01  -5.3621246e+01  -3.7672233e+01   4.9709312e+02   2.7443476e+00   4.5317963e+00   0.0000000e+00
   2.0010000e+03   1.0000000e+00   5.0000000e+00   1.5000000e+01   4.4000000e+01   1.7000099e+01  -5.3625678e+01  -3.7670826e+01   5.0109994e+02   1.2790109e+00   2.9821524e+00   8.7524311e-01
   2.0010000e+03   1.0000000e+00   5.0000000e+00   1.5000000e+01   4.5000000e+01   5.1000099e+01  -5.3630073e+01  -3.7670102e+01   4.9069976e+02   8.7394249e-01   2.1298164e+00   0.0000000e+00
   2.0010000e+03   1.0000000e+00   5.0000000e+00   1.5000000e+01   4.7000000e+01   2.6000000e+01  -5.3634570e+01  -3.7669663e+01   5.0061184e+02   2.8755234e+00   2.9319873e+00   8.5969491e-01
   2.0010000e+03   1.0000000e+00   5.0000000e+00   1.5000000e+01   4.9000000e+01   3.0000000e+00  -5.3639101e+01  -3.7669688e+01   5.0344292e+02   2.3976839e+00   5.5969736e+00   0.0000000e+00
   2.0010000e+03   1.0000000e+00   5.0000000e+00   1.5000000e+01   5.0000000e+01   4.3000000e+01  -5.3643517e+01  -3.7670840e+01   4.9655484e+02   1.4717162e+00   3.5866037e+00   0.0000000e+00
   2.0010000e+03   1.0000000e+00   5.0000000e+00   1.5000000e+01   5.2000000e+01   2.1000000e+01  -5.3647890e+01  -3.7672727e+01   5.0155454e+02   2.0565390e+00   4.7583855e+00   0.0000000e+00
   2.0010000e+03   1.0000000e+00   5.0000000e+00   1.5000000e+01   5.3000000e+01   5.5000000e+01  -5.3652202e+01  -3.7674620e+01   4.9510521e+02   1.3688815e+00   2.6527068e+00   0.0000000e+00
   2.0010000e+03   1.0000000e+00   5.0000000e+00   1.5000000e+01   5.5000000e+01   2.8000000e+01  -5.3656512e+01  -3.7676660e+01   4.9742090e+02   3.0806735e+00   5.1680101e+00   0.0000000e+00
   2.0010000e+03   1.0000000e+00   5.0000000e+00   1.5000000e+01   5.7000000e+01   2.0000000e+00  -5.3660928e+01  -3.7678423e+01   5.0430834e+02   2.8170613e+00   6.4445727e+00   1.5697679e-01
   2.0010000e+03   1.0000000e+00   5.0000000e+00   1.5000000e+01   5.8000000e+01   3.5000000e+01  -5.3665280e+01  -3.7680234e+01   4.9800516e+02   4.6344886e+00   1.1341260e+01   0.0000000e+00
   2.0010000e+03   1.0000000e+00   5.0000000e+00   1.6000000e+01   0.0000000e+00   8.0000000e+00  -5.3669697e+01  -3.7681627e+01   4.9936645e+02   2.4635379e+00   6.0036940e+00   0.0000000e+00
   2.0010000e+03   1.0000000e+00   5.0000000e+00   1.6000000e+01   1.0000000e+00   3.9000000e+01  -5.3674172e+01  -3.7681681e+01   4.9723448e+02   5.8695511e-01   1.4304220e+00   3.3611738e-01
   2.0010000e+03   1.0000000e+00   5.0000000e+00   1.6000000e+01   3.0000000e+00   8.0000000e+00  -5.3678448e+01  -3.7679308e+01   5.0019532e+02   2.8588739e+00   6.9671362e+00   5.7254049e+00
   2.0010000e+03   1.0000000e+00   5.0000000e+00   1.6000000e+01   4.0000000e+00   3.4000000e+01  -5.3682319e+01  -3.7675660e+01   4.9258614e+02   7.8165495e-02   3.1493930e-01   1.2444834e-01
   2.0010000e+03   1.0000000e+00   5.0000000e+00   1.6000000e+01   5.0000000e+00   5.9000000e+01  -5.3686064e+01  -3.7671450e+01   4.9991590e+02   5.2855261e-01   1.4755278e+00   1.2880939e+00
   2.0010000e+03   1.0000000e+00   5.0000000e+00   1.6000000e+01   7.0000000e+00   2.4000000e+01  -5.3689599e+01  -3.7666679e+01   5.0288561e+02   4.3644290e-01   1.0636206e+00   0.0000000e+00
   2.0010000e+03   1.0000000e+00   5.0000000e+00   1.6000000e+01   8.0000000e+00   4.8000000e+01  -5.3693079e+01  -3.7661801e+01   5.0258193e+02   1.0715115e+00   2.6112963e+00   0.0000000e+00
   2.0010000e+03   1.0000000e+00   5.0000000e+00   1.6000000e+01   1.0000000e+01   1.1000000e+01  -5.3696433e+01  -3.7656780e+01   4.9805190e+02   1.8261662e-01   4.4504058e-01   4.4504058e-01
   2.0010000e+03   1.0000000e+00   5.0000000e+00   1.6000000e+01   1.1000000e+01   3.4000000e+01  -5.3699648e+01  -3.7651637e+01   4.9202534e+02   7.9499195e-01   1.9374122e+00   1.0109322e+00
   2.0010000e+03   1.0000000e+00   5.0000000e+00   1.6000000e+01   1.3000000e+01   2.0000000e+00  -5.3702944e+01  -3.7646323e+01   5.0625426e+02   8.0351954e-01   1.9581942e+00   1.0413981e+00
   2.0010000e+03   1.0000000e+00   5.0000000e+00   1.6000000e+01   1.4000000e+01   3.1000000e+01  -5.3706362e+01  -3.7641481e+01   4.9571346e+02   6.6877204e-01   1.1591811e+00   3.1811863e-01
   2.0010000e+03   1.0000000e+00   5.0000000e+00   1.6000000e+01   1.6000000e+01   0.0000000e+00  -5.3709981e+01  -3.7636933e+01   5.0118610e+02   1.0900352e+00   2.9084627e+00   1.1031948e+00
   2.0010000e+03   1.0000000e+00   5.0000000e+00   1.6000000e+01   1.7000000e+01   2.8000000e+01  -5.3713703e+01  -3.7632594e+01   5.0243634e+02   9.7425319e-01   2.3742757e+00   6.1723538e-01
   2.0010000e+03   1.0000000e+00   5.0000000e+00   1.6000000e+01   1.9000000e+01   0.0000000e+00  -5.3717814e+01  -3.7629597e+01   4.9756504e+02   1.7289416e+00   4.2823311e+00   1.9658015e+00
   2.0010000e+03   1.0000000e+00   5.0000000e+00   1.6000000e+01   2.0000000e+01   3.5000000e+01  -5.3722166e+01  -3.7627724e+01   4.9901096e+02   5.8132751e+00   1.4167075e+01   1.1851665e+01
   2.0010000e+03   1.0000000e+00   5.0000000e+00   1.6000000e+01   2.2000000e+01   1.1000000e+01  -5.3726572e+01  -3.7626870e+01   4.9282857e+02   2.7086019e+00   6.6009203e+00   4.1756428e+00
   2.0010000e+03   1.0000000e+00   5.0000000e+00   1.6000000e+01   2.3000000e+01   4.7000000e+01  -5.3731071e+01  -3.7626855e+01   4.9982992e+02   2.1268072e+00   4.7937959e+00   4.3324063e-02
   2.0010000e+03   1.0000000e+00   5.0000000e+00   1.6000000e+01   2.5000000e+01   2.3000000e+01  -5.3735510e+01  -3.7627538e+01   4.9534665e+02   1.2728302e+00   4.9307681e+00   5.9441524e-01
   2.0010000e+03   1.0000000e+00   5.0000000e+00   1.6000000e+01   2.7000000e+01   1.0000000e+00  -5.3740019e+01  -3.7628161e+01   5.0266960e+02   3.0104639e+00   2.9846721e+00   1.3566316e-01
   2.0010000e+03   1.0000000e+00   5.0000000e+00   1.6000000e+01   2.8000000e+01   3.6000000e+01  -5.3744495e+01  -3.7628902e+01   4.9982062e+02   6.5999704e-01   1.6084268e+00   0.0000000e+00
   2.0010000e+03   1.0000000e+00   5.0000000e+00   1.6000000e+01   3.0000000e+01   1.0000000e+01  -5.3748968e+01  -3.7628364e+01   4.9823255e+02   1.6849608e+00   4.6053164e+00   8.7711016e-01
   2.0010000e+03   1.0000000e+00   5.0000000e+00   1.6000000e+01   3.1000000e+01   4.2000000e+01  -5.3753391e+01  -3.7627061e+01   4.9886156e+02   1.1052000e+00   5.7696349e+00   6.5298888e-02
   2.0010000e+03   1.0000000e+00   5.0000000e+00   1.6000000e+01   3.3000000e+01   1.4000000e+01  -5.3757774e+01  -3.7625637e+01   4.9604897e+02   1.0606399e+00   2.5848020e+00   1.3251872e+00
   2.0010000e+03   1.0000000e+00   5.0000000e+00   1.6000000e+01   3.4000000e+01   4.6000000e+01  -5.3762193e+01  -3.7624136e+01   5.0076680e+02   3.5137022e-01   1.8668262e+00   1.2631235e+00
   2.0010000e+03   1.0000000e+00   5.0000000e+00   1.6000000e+01   3.6000000e+01   1.9000000e+01  -5.3766650e+01  -3.7622782e+01   5.0318799e+02   7.8879277e-01   1.8863764e+00   1.5115981e+00
   2.0010000e+03   1.0000000e+00   5.0000000e+00   1.6000000e+01   3.7000000e+01   5.1000000e+01  -5.3771094e+01  -3.7621496e+01   5.0100976e+02   1.7311287e-01   2.0610836e-01   1.6052191e-01
   2.0010000e+03   1.0000000e+00   5.0000000e+00   1.6000000e+01   3.9000000e+01   2.3000000e+01  -5.3775500e+01  -3.7620170e+01   4.9733365e+02   1.2481420e-01   2.4945549e-01   1.2990785e-01
   2.0010000e+03   1.0000000e+00   5.0000000e+00   1.6000000e+01   4.0000000e+01   5.4000000e+01  -5.3779925e+01  -3.7618803e+01   4.9975547e+02   5.8088577e-01   1.4156309e+00   9.4767959e-01
   2.0010000e+03   1.0000000e+00   5.0000000e+00   1.6000000e+01   4.2000000e+01   2.4999901e+01  -5.3784313e+01  -3.7617237e+01   4.9829651e+02   5.0840556e-01   1.2849652e+00   0.0000000e+00
   2.0010000e+03   1.0000000e+00   5.0000000e+00   1.6000000e+01   4.3000000e+01   5.6000099e+01  -5.3788709e+01  -3.7615692e+01   4.9899049e+02   6.7662135e-01   1.6649072e+00   2.1943262e-02
   2.0010000e+03   1.0000000e+00   5.0000000e+00   1.6000000e+01   4.5000000e+01   2.8000099e+01  -5.3793106e+01  -3.7614238e+01   4.9775817e+02   4.2465109e-02   7.8905750e-01   7.4192893e-01
   2.0010000e+03   1.0000000e+00   5.0000000e+00   1.6000000e+01   4.6000000e+01   5.9000000e+01  -5.3797490e+01  -3.7612700e+01   4.9753551e+02   3.3998787e-02   9.3933615e-01   5.8790122e-02
   2.0010000e+03   1.0000000e+00   5.0000000e+00   1.6000000e+01   4.8000000e+01   3.2000099e+01  -5.3801944e+01  -3.7611202e+01   5.0453516e+02   7.8491436e-03   7.8313507e-01   7.8313507e-01
   2.0010000e+03   1.0000000e+00   5.0000000e+00   1.6000000e+01   5.0000000e+01   3.0000000e+00  -5.3806342e+01  -3.7609690e+01   4.9867811e+02   4.3364326e-01   1.0684096e+00   4.0462755e-01
   2.0010000e+03   1.0000000e+00   5.0000000e+00   1.6000000e+01   5.1000000e+01   3.3000000e+01  -5.3810728e+01  -3.7608195e+01   4.9715174e+02   6.6933276e-01   2.4076009e+00   1.5958273e-01
   2.0010000e+03   1.0000000e+00   5.0000000e+00   1.6000000e+01   5.3000000e+01   4.0000000e+00  -5.3815135e+01  -3.7606630e+01   5.0034701e+02   6.8260285e-01   1.6635176e+00   1.4993874e+00
   2.0010000e+03   1.0000000e+00   5.0000000e+00   1.6000000e+01   5.4000000e+01   3.5000000e+01  -5.3819513e+01  -3.7605046e+01   4.9747338e+02   3.3896622e+00   8.2606787e+00   9.6215628e-02
   2.0010000e+03   1.0000000e+00   5.0000000e+00   1.6000000e+01   5.6000000e+01   7.0000000e+00  -5.3823908e+01  -3.7603492e+01   4.9897606e+02   1.2884902e-01   3.1400780e-01   3.1400780e-01
   2.0010000e+03   1.0000000e+00   5.0000000e+00   1.6000000e+01   5.7000000e+01   3.8000000e+01  -5.3828321e+01  -3.7601917e+01   5.0109094e+02   4.7340272e-03   4.6450901e-01   4.5297209e-01
   2.0010000e+03   1.0000000e+00   5.0000000e+00   1.6000000e+01   5.9000000e+01   8.0000000e+00  -5.3832670e+01  -3.7600430e+01   4.9305042e+02   8.5028514e-03   2.0721629e-02   0.0000000e+00
   2.0010000e+03   1.0000000e+00   5.0000000e+00   1.7000000e+01   0.0000000e+00   3.8000000e+01  -5.3837098e+01  -3.7599030e+01   5.0044474e+02   4.5661586e-03   1.1127825e-02   0.0000000e+00
   2.0010000e+03   1.0000000e+00   5.0000000e+00   1.7000000e+01   2.0000000e+00   9.0000000e+00  -5.3841505e+01  -3.7597653e+01   4.9801223e+02   0.0000000e+00   0.0000000e+00   0.0000000e+00
   2.0010000e+03   1.0000000e+00   5.0000000e+00   1.7000000e+01   3.0000000e+00   4.1000000e+01  -5.3845901e+01  -3.7596289e+01   4.9658543e+02   6.6566290e-03   1.6222346e-02   0.0000000e+00
   2.0010000e+03   1.0000000e+00   5.0000000e+00   1.7000000e+01   5.0000000e+00   1.2000000e+01  -5.3850337e+01  -3.7594951e+01   5.0070632e+02   2.3987974e+00   5.8459200e+00   5.5804198e+00
   2.0010000e+03   1.0000000e+00   5.0000000e+00   1.7000000e+01   6.0000000e+00   5.0000000e+00  -5.3852907e+01  -3.7594164e+01   2.9018820e+02   3.4325176e-01   8.3996386e-01   0.0000000e+00
