   2.0010000e+03   1.0000000e+00   2.0000000e+00   1.3000000e+01   1.3000000e+01   2.0000000e+00  -5.4020899e+01  -3.9089172e+01   5.0828873e+02   2.7325374e+00   5.5800378e+00   1.0566647e+00
   2.0010000e+03   1.0000000e+00   2.0000000e+00   1.3000000e+01   1.4000000e+01   3.0999901e+01  -5.4016575e+01  -3.9091078e+01   4.9636184e+02   3.1684596e+00   8.1231825e+00   1.1249260e+00
   2.0010000e+03   1.0000000e+00   2.0000000e+00   1.3000000e+01   1.5000000e+01   5.8000000e+01  -5.4012089e+01  -3.9092360e+01   5.0542220e+02   6.9831274e+00   1.0074891e+01   1.0885809e+00
   2.0010000e+03   1.0000000e+00   2.0000000e+00   1.3000000e+01   1.7000000e+01   2.3000000e+01  -5.4007680e+01  -3.9093773e+01   4.9861610e+02   8.3354378e+00   3.6077538e+00   7.2790949e-01
   2.0010000e+03   1.0000000e+00   2.0000000e+00   1.3000000e+01   1.8000000e+01   4.7000099e+01  -5.4003237e+01  -3.9094965e+01   4.9976887e+02   7.2343249e+00   1.7407173e+01   4.7076900e+00
   2.0010000e+03   1.0000000e+00   2.0000000e+00   1.3000000e+01   2.0000000e+01   1.1000000e+01  -5.3998842e+01  -3.9096301e+01   4.9613949e+02   1.5343108e+01   3.2937259e+01   1.5173955e+00
   2.0010000e+03   1.0000000e+00   2.0000000e+00   1.3000000e+01   2.1000000e+01   3.7000000e+01  -5.3994419e+01  -3.9097638e+01   4.9915602e+02   1.1615011e+01   2.8306029e+01   1.5017142e-01
   2.0010000e+03   1.0000000e+00   2.0000000e+00   1.3000000e+01   2.3000000e+01   5.0000000e+00  -5.3990000e+01  -3.9098894e+01   4.9782487e+02   6.8582118e+00   1.7028450e+01   4.3458815e+00
   2.0010000e+03   1.0000000e+00   2.0000000e+00   1.3000000e+01   2.4000000e+01   3.3000000e+01  -5.3985611e+01  -3.9100235e+01   4.9556626e+02   5.9951686e+00   1.4887025e+01   5.2678599e-01
   2.0010000e+03   1.0000000e+00   2.0000000e+00   1.3000000e+01   2.6000000e+01   5.0000000e+00  -5.3981149e+01  -3.9101563e+01   5.0333285e+02   4.3404112e+00   1.0789256e+01   4.6954445e-01
   2.0010000e+03   1.0000000e+00   2.0000000e+00   1.3000000e+01   2.7000000e+01   3.6999901e+01  -5.3976725e+01  -3.9102779e+01   4.9796345e+02   3.0130993e+00   7.6690956e+00   2.0982741e+00
   2.0010000e+03   1.0000000e+00   2.0000000e+00   1.3000000e+01   2.9000000e+01   1.0000000e+01  -5.3972283e+01  -3.9104110e+01   5.0124307e+02   2.1389788e+00   4.7976413e+00   2.0221913e+00
   2.0010000e+03   1.0000000e+00   2.0000000e+00   1.3000000e+01   3.0000000e+01   4.1000099e+01  -5.3967922e+01  -3.9105605e+01   4.9430143e+02   2.1892014e+00   5.3351302e+00   3.1877711e+00
   2.0010000e+03   1.0000000e+00   2.0000000e+00   1.3000000e+01   3.2000000e+01   1.2000000e+01  -5.3963520e+01  -3.9106892e+01   4.9629626e+02   1.0030383e+00   1.2790448e+00   8.2165231e-01
   2.0010000e+03   1.0000000e+00   2.0000000e+00   1.3000000e+01   3.3000000e+01   4.5000000e+01  -5.3959053e+01  -3.9108254e+01   5.0427987e+02   1.0165896e+00   2.5450951e+00   4.4882566e-01
   2.0010000e+03   1.0000000e+00   2.0000000e+00   1.3000000e+01   3.5000000e+01   1.6000000e+01  -5.3954665e+01  -3.9109653e+01   4.9615349e+02   4.2045084e+00   1.0281232e+01   2.5800518e+00
   2.0010000e+03   1.0000000e+00   2.0000000e+00   1.3000000e+01   3.6000000e+01   4.7000000e+01  -5.3950256e+01  -3.9110966e+01   4.9740721e+02   2.0391881e+00   5.0778917e+00   1.2641044e+00
   2.0010000e+03   1.0000000e+00   2.0000000e+00   1.3000000e+01   3.8000000e+01   2.1000000e+01  -5.3945815e+01  -3.9112284e+01   5.0098116e+02   4.4320996e+00   1.0559346e+01   2.8222285e+00
   2.0010000e+03   1.0000000e+00   2.0000000e+00   1.3000000e+01   3.9000000e+01   5.5000000e+01  -5.3941389e+01  -3.9113685e+01   5.0025138e+02   6.2410372e+00   1.2984035e+01   2.1504692e+00
   2.0010000e+03   1.0000000e+00   2.0000000e+00   1.3000000e+01   4.1000000e+01   2.6000000e+01  -5.3936971e+01  -3.9115049e+01   4.9898695e+02   4.9285904e+02   1.2011079e+03   4.2909201e+02
   2.0010000e+03   1.0000000e+00   2.0000000e+00   1.3000000e+01   4.2000000e+01   5.8000000e+01  -5.3932595e+01  -3.9116515e+01   4.9563876e+02   4.3023598e+00   1.0989533e+01   1.2819858e+00
   2.0010000e+03   1.0000000e+00   2.0000000e+00   1.3000000e+01   4.4000000e+01   2.9000000e+01  -5.3928129e+01  -3.9117922e+01   5.0464883e+02   6.5611539e+00   6.4311461e+00   8.4672108e-01
   2.0010000e+03   1.0000000e+00   2.0000000e+00   1.3000000e+01   4.7000000e+01   2.8000000e+01  -5.3919363e+01  -3.9120917e+01   9.9363702e+02   2.7926247e+00   6.8056856e+00   1.7836075e+00
   2.0010000e+03   1.0000000e+00   2.0000000e+00   1.3000000e+01   4.8000000e+01   5.9000000e+01  -5.3914905e+01  -3.9122272e+01   5.0320855e+02   9.3500997e-01   2.4175694e+00   9.1041311e-01
   2.0010000e+03   1.0000000e+00   2.0000000e+00   1.3000000e+01   5.0000000e+01   2.8000000e+01  -5.3910531e+01  -3.9123689e+01   4.9484478e+02   1.1116413e+00   3.4160125e+00   8.6029824e-01
   2.0010000e+03   1.0000000e+00   2.0000000e+00   1.3000000e+01   5.1000000e+01   5.5000000e+01  -5.3906163e+01  -3.9124952e+01   4.9232745e+02   1.4984811e+00   3.6518301e+00   9.1920247e-01
   2.0010000e+03   1.0000000e+00   2.0000000e+00   1.3000000e+01   5.3000000e+01   2.3000000e+01  -5.3901750e+01  -3.9126192e+01   4.9702695e+02   2.9927165e+00   4.8557338e+00   1.3702642e+00
   2.0010000e+03   1.0000000e+00   2.0000000e+00   1.3000000e+01   5.4000000e+01   5.2000099e+01  -5.3897276e+01  -3.9127377e+01   5.0322440e+02   2.9274061e+00   7.3910659e+00   2.8329824e-02
   2.0010000e+03   1.0000000e+00   2.0000000e+00   1.3000000e+01   5.6000000e+01   2.2000000e+01  -5.3892803e+01  -3.9128774e+01   5.0534509e+02   3.4235300e+00   8.4617557e+00   1.1414672e+00
   2.0010000e+03   1.0000000e+00   2.0000000e+00   1.3000000e+01   5.7000000e+01   5.1000000e+01  -5.3888391e+01  -3.9130104e+01   4.9796974e+02   5.8246150e+00   1.3423521e+01   2.0195797e+00
   2.0010000e+03   1.0000000e+00   2.0000000e+00   1.4000000e+01   2.0000000e+00   1.4000000e+01  -5.3875230e+01  -3.9134189e+01   1.4866937e+03   5.8027939e+00   1.4250233e+01   8.3632728e-01
   2.0010000e+03   1.0000000e+00   2.0000000e+00   1.4000000e+01   3.0000000e+00   4.4000000e+01  -5.3870824e+01  -3.9135622e+01   4.9852106e+02   6.6676402e+00   1.5828476e+01   2.9374416e+00
   2.0010000e+03   1.0000000e+00   2.0000000e+00   1.4000000e+01   5.0000000e+00   1.4000000e+01  -5.3866366e+01  -3.9136940e+01   5.0286303e+02   5.4269255e+00   1.3319866e+01   5.5903928e-01
   2.0010000e+03   1.0000000e+00   2.0000000e+00   1.4000000e+01   6.0000000e+00   4.5000099e+01  -5.3861945e+01  -3.9138368e+01   5.0007931e+02   2.5351984e+01   6.1815464e+01   1.2577316e-01
   2.0010000e+03   1.0000000e+00   2.0000000e+00   1.4000000e+01   8.0000000e+00   1.3000000e+01  -5.3857515e+01  -3.9139878e+01   5.0209890e+02   1.7765412e+00   4.3946950e+00   7.1693867e-01
   2.0010000e+03   1.0000000e+00   2.0000000e+00   1.4000000e+01   9.0000000e+00   4.1000099e+01  -5.3853082e+01  -3.9141263e+01   5.0094014e+02   1.3866069e+00   3.3791903e+00   6.5101500e-01
   2.0010000e+03   1.0000000e+00   2.0000000e+00   1.4000000e+01   1.1000000e+01   8.0000000e+00  -5.3848695e+01  -3.9142690e+01   4.9635458e+02   1.1479806e+00   2.7976530e+00   9.1379920e-01
   2.0010000e+03   1.0000000e+00   2.0000000e+00   1.4000000e+01   1.2000000e+01   3.6000099e+01  -5.3844341e+01  -3.9144129e+01   4.9288126e+02   7.0377123e-01   1.9190902e+00   1.0447134e+00
   2.0010000e+03   1.0000000e+00   2.0000000e+00   1.4000000e+01   1.4000000e+01   5.0000000e+00  -5.3839910e+01  -3.9145554e+01   5.0116870e+02   1.0805896e+00   2.5550988e+00   6.1270210e-01
   2.0010000e+03   1.0000000e+00   2.0000000e+00   1.4000000e+01   1.5000000e+01   3.3000000e+01  -5.3835473e+01  -3.9146970e+01   5.0174307e+02   5.7858574e+00   1.8873929e+00   5.1587222e-01
   2.0010000e+03   1.0000000e+00   2.0000000e+00   1.4000000e+01   1.7000000e+01   1.0000000e+00  -5.3831086e+01  -3.9148285e+01   4.9502237e+02   2.3373243e+00   5.9236072e+00   1.8130505e-01
   2.0010000e+03   1.0000000e+00   2.0000000e+00   1.4000000e+01   1.8000000e+01   2.9000000e+01  -5.3826688e+01  -3.9149576e+01   4.9603132e+02   4.9111737e+00   1.2120132e+01   1.0906082e+00
   2.0010000e+03   1.0000000e+00   2.0000000e+00   1.4000000e+01   1.9000000e+01   5.7000000e+01  -5.3822252e+01  -3.9151031e+01   5.0206013e+02   1.4264983e+00   3.4764067e+00   1.7539431e+00
   2.0010000e+03   1.0000000e+00   2.0000000e+00   1.4000000e+01   2.1000000e+01   2.6000000e+01  -5.3817777e+01  -3.9152316e+01   5.0440856e+02   1.7209397e+00   4.2140370e+00   1.2591239e+00
   2.0010000e+03   1.0000000e+00   2.0000000e+00   1.4000000e+01   2.2000000e+01   5.4000099e+01  -5.3813376e+01  -3.9153680e+01   4.9706241e+02   2.7983648e+00   6.8944060e+00   7.5295762e-01
   2.0010000e+03   1.0000000e+00   2.0000000e+00   1.4000000e+01   2.4000000e+01   2.1000000e+01  -5.3809003e+01  -3.9154941e+01   4.9292578e+02   4.2609059e+00   1.0383918e+01   3.9440246e+00
   2.0010000e+03   1.0000000e+00   2.0000000e+00   1.4000000e+01   2.5000000e+01   5.0000000e+01  -5.3804577e+01  -3.9156258e+01   4.9938477e+02   2.7816525e+00   6.8631437e+00   5.9636929e-01
   2.0010000e+03   1.0000000e+00   2.0000000e+00   1.4000000e+01   2.7000000e+01   1.9000000e+01  -5.3800092e+01  -3.9157548e+01   5.0553196e+02   9.1165876e+00   1.5300731e+01   6.8951445e-01
   2.0010000e+03   1.0000000e+00   2.0000000e+00   1.4000000e+01   2.8000000e+01   4.6000000e+01  -5.3795660e+01  -3.9158849e+01   4.9983642e+02   2.2539294e+00   3.5153585e+00   0.0000000e+00
   2.0010000e+03   1.0000000e+00   2.0000000e+00   1.4000000e+01   3.0000000e+01   1.4000000e+01  -5.3791230e+01  -3.9160140e+01   4.9948523e+02   1.4697883e+00   1.8487178e+00   0.0000000e+00
   2.0010000e+03   1.0000000e+00   2.0000000e+00   1.4000000e+01   3.1000000e+01   4.1000099e+01  -5.3786812e+01  -3.9161419e+01   4.9803012e+02   7.6282245e-01   1.6165999e+00   0.0000000e+00
   2.0010000e+03   1.0000000e+00   2.0000000e+00   1.4000000e+01   3.3000000e+01   8.0000000e+00  -5.3782434e+01  -3.9162654e+01   4.9316539e+02   3.7602890e+00   8.0697329e+00   8.0162830e-02
   2.0010000e+03   1.0000000e+00   2.0000000e+00   1.4000000e+01   3.4000000e+01   3.4000000e+01  -5.3778049e+01  -3.9163998e+01   4.9524752e+02   4.4372114e+02   1.0813578e+03   3.9742337e+01
   2.0010000e+03   1.0000000e+00   2.0000000e+00   1.4000000e+01   3.6000000e+01   1.0000000e+00  -5.3773600e+01  -3.9165471e+01   5.0374758e+02   1.6162613e+01   3.9388630e+01   0.0000000e+00
   2.0010000e+03   1.0000000e+00   2.0000000e+00   1.4000000e+01   3.7000000e+01   2.8000000e+01  -5.3769223e+01  -3.9166850e+01   4.9467628e+02   1.1807235e+01   2.2332582e+01   0.0000000e+00
   2.0010000e+03   1.0000000e+00   2.0000000e+00   1.4000000e+01   3.8000000e+01   5.4000000e+01  -5.3764829e+01  -3.9168374e+01   4.9844382e+02   4.8954365e+01   1.1446074e+02   1.9988008e+01
   2.0010000e+03   1.0000000e+00   2.0000000e+00   1.4000000e+01   4.0000000e+01   2.0000099e+01  -5.3760421e+01  -3.9169714e+01   4.9771802e+02   5.3970858e+01   1.3146375e+02   3.1859732e-01
   2.0010000e+03   1.0000000e+00   2.0000000e+00   1.4000000e+01   4.1000000e+01   4.7000000e+01  -5.3756009e+01  -3.9171061e+01   4.9811004e+02   4.7470117e+00   5.5478966e-01   2.7368785e-01
   2.0010000e+03   1.0000000e+00   2.0000000e+00   1.4000000e+01   4.3000000e+01   1.4000000e+01  -5.3751583e+01  -3.9172454e+01   5.0029825e+02   6.6890537e-01   1.6301366e+00   7.7240460e-02
   2.0010000e+03   1.0000000e+00   2.0000000e+00   1.4000000e+01   4.4000000e+01   4.2000000e+01  -5.3747115e+01  -3.9173837e+01   5.0475778e+02   3.1676812e+00   7.7575906e+00   1.9303297e-01
   2.0010000e+03   1.0000000e+00   2.0000000e+00   1.4000000e+01   4.6000000e+01   8.0000000e+00  -5.3742694e+01  -3.9175235e+01   4.9975670e+02   3.5969343e+00   4.9046424e+00   3.4700241e-01
   2.0010000e+03   1.0000000e+00   2.0000000e+00   1.4000000e+01   4.7000000e+01   3.4000000e+01  -5.3738345e+01  -3.9176536e+01   4.9080328e+02   7.0074146e-01   1.7077218e+00   0.0000000e+00
   2.0010000e+03   1.0000000e+00   2.0000000e+00   1.4000000e+01   4.9000000e+01   2.0000000e+00  -5.3733964e+01  -3.9177722e+01   4.9298350e+02   4.2073326e+00   1.0319101e+01   1.6215103e-01
   2.0010000e+03   1.0000000e+00   2.0000000e+00   1.4000000e+01   5.0000000e+01   2.9000000e+01  -5.3729451e+01  -3.9178934e+01   5.0779501e+02   1.1765627e+00   1.9932335e+00   0.0000000e+00
   2.0010000e+03   1.0000000e+00   2.0000000e+00   1.4000000e+01   5.1000000e+01   5.6000000e+01  -5.3725077e+01  -3.9180394e+01   4.9540775e+02   4.6960598e+00   6.1243232e+00   3.5109300e-02
   2.0010000e+03   1.0000000e+00   2.0000000e+00   1.4000000e+01   5.3000000e+01   2.1000000e+01  -5.3720653e+01  -3.9181714e+01   4.9917798e+02   9.9511909e+01   2.4269943e+02   7.8327205e+01
   2.0010000e+03   1.0000000e+00   2.0000000e+00   1.4000000e+01   5.4000000e+01   4.6000000e+01  -5.3716237e+01  -3.9183155e+01   4.9981201e+02   3.2037098e+00   1.2373765e+00   2.5480697e-02
   2.0010000e+03   1.0000000e+00   2.0000000e+00   1.4000000e+01   5.6000000e+01   1.2000000e+01  -5.3711808e+01  -3.9184321e+01   4.9809552e+02   3.6747468e+00   2.3398591e+00   0.0000000e+00
   2.0010000e+03   1.0000000e+00   2.0000000e+00   1.4000000e+01   5.7000000e+01   4.0000000e+01  -5.3707363e+01  -3.9185705e+01   5.0222138e+02   8.0197602e-01   1.9593494e+00   3.7985297e-01
   2.0010000e+03   1.0000000e+00   2.0000000e+00   1.4000000e+01   5.9000000e+01   7.0000000e+00  -5.3702996e+01  -3.9187433e+01   4.9843633e+02   2.6295408e+02   3.3341614e+02   0.0000000e+00
   2.0010000e+03   1.0000000e+00   2.0000000e+00   1.5000000e+01   0.0000000e+00   3.5000000e+01  -5.3698608e+01  -3.9188999e+01   4.9825910e+02   6.8243066e-01   5.6014235e-02   1.1469753e-02
   2.0010000e+03   1.0000000e+00   2.0000000e+00   1.5000000e+01   2.0000000e+00   2.0000000e+00  -5.3694219e+01  -3.9190391e+01   4.9624428e+02   2.3037555e+02   5.5829968e+02   3.2478211e+02
   2.0010000e+03   1.0000000e+00   2.0000000e+00   1.5000000e+01   3.0000000e+00   3.1000000e+01  -5.3689759e+01  -3.9191617e+01   5.0216824e+02   1.9413652e+00   2.7048672e+00   0.0000000e+00
   2.0010000e+03   1.0000000e+00   2.0000000e+00   1.5000000e+01   5.0000000e+00   9.9182129e-05  -5.3685310e+01  -3.9192782e+01   5.0029244e+02   9.8051365e-01   2.3895325e+00   1.0751867e-01
   2.0010000e+03   1.0000000e+00   2.0000000e+00   1.5000000e+01   6.0000000e+00   2.6000000e+01  -5.3680948e+01  -3.9193910e+01   4.9030114e+02   5.8292975e+00   1.4229258e+01   0.0000000e+00
   2.0010000e+03   1.0000000e+00   2.0000000e+00   1.5000000e+01   7.0000000e+00   5.2000000e+01  -5.3676496e+01  -3.9195110e+01   5.0100481e+02   3.0908693e+02   7.5332979e+02   8.7081262e+01
   2.0010000e+03   1.0000000e+00   2.0000000e+00   1.5000000e+01   9.0000000e+00   1.9000099e+01  -5.3672033e+01  -3.9196299e+01   5.0209120e+02   1.1739353e+00   2.8609052e+00   0.0000000e+00
   2.0010000e+03   1.0000000e+00   2.0000000e+00   1.5000000e+01   1.0000000e+01   4.5000000e+01  -5.3667583e+01  -3.9197503e+01   5.0077518e+02   1.3070670e-02   9.8759651e-02   0.0000000e+00
   2.0010000e+03   1.0000000e+00   2.0000000e+00   1.5000000e+01   1.2000000e+01   1.2000000e+01  -5.3663193e+01  -3.9198610e+01   4.9326024e+02   3.3521879e+00   1.7732287e+00   0.0000000e+00
   2.0010000e+03   1.0000000e+00   2.0000000e+00   1.5000000e+01   1.3000000e+01   4.1000000e+01  -5.3658755e+01  -3.9199778e+01   4.9907616e+02   1.0681042e-01   2.6029926e-01   2.1255360e-02
   2.0010000e+03   1.0000000e+00   2.0000000e+00   1.5000000e+01   1.5000000e+01   1.0000099e+01  -5.3654287e+01  -3.9200839e+01   5.0142323e+02   2.2357274e-01   1.1978639e-01   0.0000000e+00
   2.0010000e+03   1.0000000e+00   2.0000000e+00   1.5000000e+01   1.6000000e+01   3.8000000e+01  -5.3649871e+01  -3.9201993e+01   4.9649634e+02   1.0531423e+00   3.9968518e-01   1.2015219e-01
   2.0010000e+03   1.0000000e+00   2.0000000e+00   1.5000000e+01   1.8000000e+01   6.0000992e+00  -5.3645487e+01  -3.9203416e+01   4.9611276e+02   2.9094284e-01   7.0903387e-01   2.7368664e-01
   2.0010000e+03   1.0000000e+00   2.0000000e+00   1.5000000e+01   1.9000000e+01   3.5000000e+01  -5.3641073e+01  -3.9204978e+01   5.0109285e+02   6.6516809e-02   1.6210287e-01   0.0000000e+00
   2.0010000e+03   1.0000000e+00   2.0000000e+00   1.5000000e+01   2.1000000e+01   3.0000000e+00  -5.3636723e+01  -3.9206482e+01   4.9346709e+02   2.4664240e+00   6.0107276e+00   7.9495160e-02
   2.0010000e+03   1.0000000e+00   2.0000000e+00   1.5000000e+01   2.2000000e+01   3.0000000e+01  -5.3632347e+01  -3.9207949e+01   4.9581535e+02   3.0981867e-01   1.0603381e+00   0.0000000e+00
   2.0010000e+03   1.0000000e+00   2.0000000e+00   1.5000000e+01   2.3000000e+01   5.7999901e+01  -5.3627911e+01  -3.9209501e+01   5.0342103e+02   5.5638244e-01   1.3559158e+00   0.0000000e+00
   2.0010000e+03   1.0000000e+00   2.0000000e+00   1.5000000e+01   2.5000000e+01   2.5000000e+01  -5.3623473e+01  -3.9210925e+01   5.0192696e+02   1.7370194e+00   4.2655224e+00   2.6397791e-01
   2.0010000e+03   1.0000000e+00   2.0000000e+00   1.5000000e+01   2.6000000e+01   5.3000099e+01  -5.3619053e+01  -3.9212253e+01   4.9892206e+02   7.8568785e+00   1.3143153e+01   2.4607992e-01
   2.0010000e+03   1.0000000e+00   2.0000000e+00   1.5000000e+01   2.8000000e+01   2.0000000e+01  -5.3614643e+01  -3.9213567e+01   4.9759612e+02   9.2159929e+00   1.8841257e+00   0.0000000e+00
   2.0010000e+03   1.0000000e+00   2.0000000e+00   1.5000000e+01   2.9000000e+01   4.9000099e+01  -5.3610215e+01  -3.9214828e+01   4.9903832e+02   5.1155601e+00   1.0484885e+01   7.2597122e-02
   2.0010000e+03   1.0000000e+00   2.0000000e+00   1.5000000e+01   3.1000000e+01   1.9000000e+01  -5.3605813e+01  -3.9216171e+01   4.9715754e+02   2.3691809e+00   2.1289067e-01   0.0000000e+00
   2.0010000e+03   1.0000000e+00   2.0000000e+00   1.5000000e+01   3.2000000e+01   5.0000000e+01  -5.3601450e+01  -3.9217443e+01   4.9199488e+02   3.7497361e-01   1.4582914e-01   0.0000000e+00
   2.0010000e+03   1.0000000e+00   2.0000000e+00   1.5000000e+01   3.4000000e+01   2.3000000e+01  -5.3597080e+01  -3.9218836e+01   4.9418681e+02   2.6369322e+00   4.0281210e+00   4.7996940e-02
   2.0010000e+03   1.0000000e+00   2.0000000e+00   1.5000000e+01   3.5000000e+01   5.4000000e+01  -5.3592640e+01  -3.9220205e+01   5.0160793e+02   7.0443540e-02   1.7167240e-01   0.0000000e+00
   2.0010000e+03   1.0000000e+00   2.0000000e+00   1.5000000e+01   3.7000000e+01   2.4000000e+01  -5.3588247e+01  -3.9221655e+01   4.9737195e+02   2.2294933e+00   5.4333225e+00   0.0000000e+00
   2.0010000e+03   1.0000000e+00   2.0000000e+00   1.5000000e+01   3.8000000e+01   5.4000099e+01  -5.3583785e+01  -3.9223092e+01   5.0477775e+02   5.4656453e-01   1.3319893e+00   0.0000000e+00
   2.0010000e+03   1.0000000e+00   2.0000000e+00   1.5000000e+01   4.0000000e+01   2.3000000e+01  -5.3579437e+01  -3.9224516e+01   4.9221738e+02   3.2147332e+00   2.6524567e-01   0.0000000e+00
   2.0010000e+03   1.0000000e+00   2.0000000e+00   1.5000000e+01   4.1000000e+01   5.2000000e+01  -5.3575044e+01  -3.9225953e+01   4.9725538e+02   3.3380120e+00   5.1176824e+00   0.0000000e+00
   2.0010000e+03   1.0000000e+00   2.0000000e+00   1.5000000e+01   4.3000000e+01   2.2000000e+01  -5.3570647e+01  -3.9227432e+01   4.9825340e+02   2.6197978e-01   6.8858295e-01   5.1575082e-01
   2.0010000e+03   1.0000000e+00   2.0000000e+00   1.5000000e+01   4.4000000e+01   5.2000000e+01  -5.3566242e+01  -3.9228820e+01   4.9802073e+02   1.7774769e+03   4.3311804e+03   4.1998867e+03
   2.0010000e+03   1.0000000e+00   2.0000000e+00   1.5000000e+01   4.6000000e+01   2.2000000e+01  -5.3561800e+01  -3.9230252e+01   5.0256738e+02   5.3143647e+00   1.3584966e+01   7.7279064e-01
   2.0010000e+03   1.0000000e+00   2.0000000e+00   1.5000000e+01   4.7000000e+01   5.2000000e+01  -5.3557426e+01  -3.9231604e+01   4.9408754e+02   6.4309097e-01   9.9206504e-01   5.7223324e-02
   2.0010000e+03   1.0000000e+00   2.0000000e+00   1.5000000e+01   4.9000000e+01   2.2000000e+01  -5.3553043e+01  -3.9232994e+01   4.9567524e+02   3.2738761e+02   7.9785055e+02   0.0000000e+00
   2.0010000e+03   1.0000000e+00   2.0000000e+00   1.5000000e+01   5.0000000e+01   5.2000000e+01  -5.3548543e+01  -3.9234183e+01   5.0609730e+02   3.1639228e-01   8.4277576e-01   0.0000000e+00
   2.0010000e+03   1.0000000e+00   2.0000000e+00   1.5000000e+01   5.2000000e+01   2.0000000e+01  -5.3544095e+01  -3.9235302e+01   4.9982764e+02   2.3353693e-01   5.6913444e-01   8.4643094e-02
   2.0010000e+03   1.0000000e+00   2.0000000e+00   1.5000000e+01   5.3000000e+01   4.7000000e+01  -5.3539690e+01  -3.9236507e+01   4.9592183e+02   7.5420269e+02   1.8380079e+03   1.6404375e+03
   2.0010000e+03   1.0000000e+00   2.0000000e+00   1.5000000e+01   5.5000000e+01   1.7000000e+01  -5.3535217e+01  -3.9237744e+01   5.0370325e+02   3.1875622e+02   7.7681565e+02   3.8906328e+02
   2.0010000e+03   1.0000000e+00   2.0000000e+00   1.5000000e+01   5.6000000e+01   4.7000099e+01  -5.3530851e+01  -3.9238953e+01   4.9165559e+02   7.7322267e-01   1.8843600e+00   0.0000000e+00
   2.0010000e+03   1.0000000e+00   2.0000000e+00   1.5000000e+01   5.8000000e+01   1.7000000e+01  -5.3526412e+01  -3.9240219e+01   5.0028418e+02   1.6916380e+01   4.1225577e+01   0.0000000e+00
   2.0010000e+03   1.0000000e+00   2.0000000e+00   1.5000000e+01   5.9000000e+01   4.7000000e+01  -5.3521951e+01  -3.9241443e+01   5.0225923e+02   9.9359461e-01   2.4214111e+00   7.2107498e-02
   2.0010000e+03   1.0000000e+00   2.0000000e+00   1.6000000e+01   1.0000000e+00   1.7000000e+01  -5.3517545e+01  -3.9242622e+01   4.9573689e+02   5.0922531e-01   1.4545067e+00   2.9017322e-02
   2.0010000e+03   1.0000000e+00   2.0000000e+00   1.6000000e+01   2.0000000e+00   4.7000099e+01  -5.3513184e+01  -3.9243872e+01   4.9154789e+02   5.4136343e-01   1.6295385e-01   1.6295385e-01
   2.0010000e+03   1.0000000e+00   2.0000000e+00   1.6000000e+01   4.0000000e+00   1.9000000e+01  -5.3508796e+01  -3.9245234e+01   4.9594050e+02   2.3426313e+00   7.8214408e-01   5.3528481e-02
   2.0010000e+03   1.0000000e+00   2.0000000e+00   1.6000000e+01   5.0000000e+00   5.1000000e+01  -5.3504318e+01  -3.9246547e+01   5.0506185e+02   9.9354995e-01   2.4213023e+00   0.0000000e+00
   2.0010000e+03   1.0000000e+00   2.0000000e+00   1.6000000e+01   7.0000000e+00   2.3000099e+01  -5.3499870e+01  -3.9247868e+01   5.0189998e+02   1.3354018e+01   1.8557642e+01   5.4254015e-02
   2.0010000e+03   1.0000000e+00   2.0000000e+00   1.6000000e+01   8.0000000e+00   5.3000000e+01  -5.3495441e+01  -3.9249164e+01   4.9957628e+02   3.0038932e+00   7.3205515e+00   2.0920392e-01
   2.0010000e+03   1.0000000e+00   2.0000000e+00   1.6000000e+01   1.0000000e+01   2.3000000e+01  -5.3491080e+01  -3.9250439e+01   4.9182401e+02   3.1673152e+00   7.7370887e+00   1.8274317e-02
   2.0010000e+03   1.0000000e+00   2.0000000e+00   1.6000000e+01   1.1000000e+01   5.3000099e+01  -5.3486655e+01  -3.9251667e+01   4.9833566e+02   2.9756111e-01   7.2516274e-01   0.0000000e+00
   2.0010000e+03   1.0000000e+00   2.0000000e+00   1.6000000e+01   1.3000000e+01   2.3000000e+01  -5.3482278e+01  -3.9252920e+01   4.9341655e+02   4.9896158e-02   1.2159800e-01   0.0000000e+00
   2.0010000e+03   1.0000000e+00   2.0000000e+00   1.6000000e+01   1.4000000e+01   5.4000000e+01  -5.3477847e+01  -3.9254140e+01   4.9899334e+02   2.0134194e+00   4.9067457e+00   0.0000000e+00
   2.0010000e+03   1.0000000e+00   2.0000000e+00   1.6000000e+01   1.6000000e+01   2.7000000e+01  -5.3473430e+01  -3.9255409e+01   4.9792819e+02   9.6889568e-01   2.0559005e+00   0.0000000e+00
   2.0010000e+03   1.0000000e+00   2.0000000e+00   1.6000000e+01   1.8000000e+01   0.0000000e+00  -5.3468930e+01  -3.9256742e+01   5.0769388e+02   1.3704769e-01   5.2967113e-01   2.5618682e-02
   2.0010000e+03   1.0000000e+00   2.0000000e+00   1.6000000e+01   1.9000000e+01   3.4000000e+01  -5.3464605e+01  -3.9258369e+01   4.9253835e+02   4.5906033e-01   1.2504977e+00   7.5498895e-01
   2.0010000e+03   1.0000000e+00   2.0000000e+00   1.6000000e+01   2.1000000e+01   8.0000992e+00  -5.3460234e+01  -3.9259972e+01   4.9713243e+02   6.4624560e-01   1.5749142e+00   0.0000000e+00
   2.0010000e+03   1.0000000e+00   2.0000000e+00   1.6000000e+01   2.2000000e+01   4.3000000e+01  -5.3455854e+01  -3.9261292e+01   4.9447083e+02   2.7651494e-01   6.7387277e-01   0.0000000e+00
   2.0010000e+03   1.0000000e+00   2.0000000e+00   1.6000000e+01   2.4000000e+01   1.9000000e+01  -5.3451428e+01  -3.9262606e+01   4.9943503e+02   5.3143361e-01   1.3701805e+00   0.0000000e+00
   2.0010000e+03   1.0000000e+00   2.0000000e+00   1.6000000e+01   2.5000000e+01   5.6000000e+01  -5.3446956e+01  -3.9264016e+01   5.0558691e+02   2.2684814e+00   5.5283372e+00   1.5592713e-01
   2.0010000e+03   1.0000000e+00   2.0000000e+00   1.6000000e+01   2.7000000e+01   2.9000000e+01  -5.3442579e+01  -3.9265421e+01   4.9518121e+02   1.3857299e+01   8.5206365e-02   0.0000000e+00
   2.0010000e+03   1.0000000e+00   2.0000000e+00   1.6000000e+01   2.9000000e+01   2.0000000e+00  -5.3438187e+01  -3.9266714e+01   4.9547295e+02   7.2070450e+00   1.5277776e-01   1.5277776e-01
   2.0010000e+03   1.0000000e+00   2.0000000e+00   1.6000000e+01   3.0000000e+01   3.6000000e+01  -5.3433786e+01  -3.9268088e+01   4.9747709e+02   1.0240067e-01   3.2289712e-01   3.2289712e-01
   2.0010000e+03   1.0000000e+00   2.0000000e+00   1.6000000e+01   3.2000000e+01   1.1000000e+01  -5.3429334e+01  -3.9269526e+01   5.0378030e+02   9.7813343e-01   2.4383056e+00   0.0000000e+00
   2.0010000e+03   1.0000000e+00   2.0000000e+00   1.6000000e+01   3.3000000e+01   4.4000099e+01  -5.3424936e+01  -3.9270923e+01   4.9734297e+02   3.6345709e+00   5.5159217e+00   0.0000000e+00
   2.0010000e+03   1.0000000e+00   2.0000000e+00   1.6000000e+01   3.5000000e+01   1.6000000e+01  -5.3420535e+01  -3.9272138e+01   4.9571073e+02   7.3602823e-02   1.9437680e-01   1.5005164e-02
   2.0010000e+03   1.0000000e+00   2.0000000e+00   1.6000000e+01   3.6000000e+01   4.8000000e+01  -5.3416126e+01  -3.9273358e+01   4.9646064e+02   1.1996823e+00   2.9437569e+00   0.0000000e+00
   2.0010000e+03   1.0000000e+00   2.0000000e+00   1.6000000e+01   3.8000000e+01   2.2000000e+01  -5.3411703e+01  -3.9274629e+01   4.9872070e+02   1.7405913e+00   4.2418578e+00   1.5841977e-02
   2.0010000e+03   1.0000000e+00   2.0000000e+00   1.6000000e+01   3.9000000e+01   5.5000000e+01  -5.3407314e+01  -3.9275860e+01   4.9448022e+02   7.9686308e-01   2.0559810e+00   1.0086625e-01
   2.0010000e+03   1.0000000e+00   2.0000000e+00   1.6000000e+01   4.1000000e+01   3.0000000e+01  -5.3402866e+01  -3.9277192e+01   5.0200548e+02   6.0367251e+00   7.0473747e+00   3.7641184e-02
   2.0010000e+03   1.0000000e+00   2.0000000e+00   1.6000000e+01   4.3000000e+01   6.0000000e+00  -5.3398438e+01  -3.9278433e+01   4.9883530e+02   8.2112981e-02   2.0011107e-01   0.0000000e+00
   2.0010000e+03   1.0000000e+00   2.0000000e+00   1.6000000e+01   4.4000000e+01   4.2000099e+01  -5.3394030e+01  -3.9279649e+01   4.9644955e+02   6.4746136e-02   1.5778771e-01   0.0000000e+00
   2.0010000e+03   1.0000000e+00   2.0000000e+00   1.6000000e+01   4.6000000e+01   1.7000000e+01  -5.3389614e+01  -3.9280904e+01   4.9772019e+02   8.5867308e+00   5.6267452e+00   0.0000000e+00
   2.0010000e+03   1.0000000e+00   2.0000000e+00   1.6000000e+01   4.7000000e+01   5.1000000e+01  -5.3385227e+01  -3.9282159e+01   4.9445662e+02   5.2320845e+00   7.8940715e+00   0.0000000e+00
   2.0010000e+03   1.0000000e+00   2.0000000e+00   1.6000000e+01   4.9000000e+01   2.5000000e+01  -5.3380765e+01  -3.9283558e+01   5.0450388e+02   4.0097819e+00   6.3894309e+00   2.8297129e-01
   2.0010000e+03   1.0000000e+00   2.0000000e+00   1.6000000e+01   5.0000000e+01   5.9000000e+01  -5.3376398e+01  -3.9284997e+01   4.9455105e+02   3.1401639e-01   8.5721199e-01   0.0000000e+00
   2.0010000e+03   1.0000000e+00   2.0000000e+00   1.6000000e+01   5.2000000e+01   3.2000000e+01  -5.3372015e+01  -3.9286538e+01   4.9754444e+02   3.8657864e+00   4.7337129e+00   6.5121530e-01
   2.0010000e+03   1.0000000e+00   2.0000000e+00   1.6000000e+01   5.4000000e+01   5.0000000e+00  -5.3367663e+01  -3.9288061e+01   4.9409278e+02   8.4279664e-02   2.2300405e-01   1.7612717e-02
   2.0010000e+03   1.0000000e+00   2.0000000e+00   1.6000000e+01   5.5000000e+01   3.8000000e+01  -5.3363209e+01  -3.9289280e+01   5.0141959e+02   1.4976446e+00   3.6497915e+00   1.3390051e-01
   2.0010000e+03   1.0000000e+00   2.0000000e+00   1.6000000e+01   5.7000000e+01   1.1000099e+01  -5.3358749e+01  -3.9290500e+01   5.0222627e+02   1.0030368e+00   2.4444219e+00   0.0000000e+00
   2.0010000e+03   1.0000000e+00   2.0000000e+00   1.6000000e+01   5.8000000e+01   4.6000000e+01  -5.3354335e+01  -3.9291690e+01   4.9675918e+02   4.0014845e+00   7.9802660e+00   0.0000000e+00
   2.0010000e+03   1.0000000e+00   2.0000000e+00   1.7000000e+01   0.0000000e+00   2.0000000e+01  -5.3349913e+01  -3.9292832e+01   4.9720496e+02   3.5393623e-01   8.6255011e-01   0.0000000e+00
   2.0010000e+03   1.0000000e+00   2.0000000e+00   1.7000000e+01   1.0000000e+00   5.3000000e+01  -5.3345492e+01  -3.9294030e+01   4.9757551e+02   2.1856391e+00   1.8105732e+00   0.0000000e+00
   2.0010000e+03   1.0000000e+00   2.0000000e+00   1.7000000e+01   3.0000000e+00   2.5000000e+01  -5.3341063e+01  -3.9295171e+01   4.9801441e+02   3.3653220e-01   8.2013610e-01   0.0000000e+00
   2.0010000e+03   1.0000000e+00   2.0000000e+00   1.7000000e+01   4.0000000e+00   5.8000000e+01  -5.3336620e+01  -3.9296306e+01   4.9937269e+02   0.0000000e+00   0.0000000e+00   0.0000000e+00
