   2.0030000e+03   2.0000000e+00   1.3000000e+01   1.4000000e+01   7.0000000e+00   4.7000000e+01  -5.3323518e+01  -3.9298297e+01   4.9889724e+02   2.8003017e+00   8.4868036e+00   4.4941885e+00
   2.0030000e+03   2.0000000e+00   1.3000000e+01   1.4000000e+01   9.0000000e+00   2.8000000e+01  -5.3327903e+01  -3.9296641e+01   4.9944169e+02   2.5136858e+00   8.5251646e+00   3.6209557e+00
   2.0030000e+03   2.0000000e+00   1.3000000e+01   1.4000000e+01   1.1000000e+01   8.0000000e+00  -5.3332313e+01  -3.9295563e+01   4.9530807e+02   2.2840226e+00   1.8548946e+01   1.3409752e+01
   2.0030000e+03   2.0000000e+00   1.3000000e+01   1.4000000e+01   1.2000000e+01   5.0000000e+01  -5.3336785e+01  -3.9294561e+01   5.0135496e+02   4.2927559e+00   1.6009288e+01   8.8053443e+00
   2.0030000e+03   2.0000000e+00   1.3000000e+01   1.4000000e+01   1.4000000e+01   3.1000000e+01  -5.3341236e+01  -3.9293409e+01   5.0043416e+02   4.5762531e+00   1.3128432e+01   5.9572203e+00
   2.0030000e+03   2.0000000e+00   1.3000000e+01   1.4000000e+01   1.6000000e+01   1.1000000e+01  -5.3345656e+01  -3.9292290e+01   4.9675622e+02   5.3309482e+00   1.3044082e+01   9.3631049e+00
   2.0030000e+03   2.0000000e+00   1.3000000e+01   1.4000000e+01   1.7000000e+01   5.0999901e+01  -5.3350137e+01  -3.9291197e+01   5.0309630e+02   2.4925505e+00   9.3071695e+00   2.5752378e+00
   2.0030000e+03   2.0000000e+00   1.3000000e+01   1.4000000e+01   1.9000000e+01   3.2000099e+01  -5.3354562e+01  -3.9290158e+01   4.9651260e+02   2.0385850e+00   7.2007033e+00   4.1940680e+00
   2.0030000e+03   2.0000000e+00   1.3000000e+01   1.4000000e+01   2.1000000e+01   1.4000099e+01  -5.3359011e+01  -3.9289211e+01   4.9841614e+02   1.6807015e+00   4.9981877e+00   2.5647347e+00
   2.0030000e+03   2.0000000e+00   1.3000000e+01   1.4000000e+01   2.2000000e+01   5.4000099e+01  -5.3363486e+01  -3.9288320e+01   5.0071801e+02   1.3958322e+00   5.9411858e+00   4.3359173e+00
   2.0030000e+03   2.0000000e+00   1.3000000e+01   1.4000000e+01   2.4000000e+01   3.4000000e+01  -5.3367893e+01  -3.9287305e+01   4.9430698e+02   2.3086240e+00   7.3168368e+00   4.0902844e+00
   2.0030000e+03   2.0000000e+00   1.3000000e+01   1.4000000e+01   2.6000000e+01   1.5000000e+01  -5.3372343e+01  -3.9285995e+01   5.0205160e+02   3.5295447e+00   9.5638639e+00   7.7502901e+00
   2.0030000e+03   2.0000000e+00   1.3000000e+01   1.4000000e+01   2.7000000e+01   5.6000000e+01  -5.3376774e+01  -3.9284756e+01   4.9921106e+02   1.8154047e+00   5.2343173e+00   2.4922327e+00
   2.0030000e+03   2.0000000e+00   1.3000000e+01   1.4000000e+01   2.9000000e+01   3.5000000e+01  -5.3381202e+01  -3.9283493e+01   4.9907582e+02   1.9907183e+00   5.0388409e+00   4.4114234e+00
   2.0030000e+03   2.0000000e+00   1.3000000e+01   1.4000000e+01   3.1000000e+01   1.4000000e+01  -5.3385627e+01  -3.9282269e+01   4.9840275e+02   2.2244422e+00   7.1526480e+00   5.6342714e+00
   2.0030000e+03   2.0000000e+00   1.3000000e+01   1.4000000e+01   3.2000000e+01   5.4000000e+01  -5.3390083e+01  -3.9281149e+01   5.0063241e+02   3.8657886e+00   1.1689247e+01   9.6399240e+00
   2.0030000e+03   2.0000000e+00   1.3000000e+01   1.4000000e+01   3.4000000e+01   3.5000000e+01  -5.3394513e+01  -3.9279985e+01   4.9833906e+02   3.0478620e+00   1.0603337e+01   9.8652879e+00
   2.0030000e+03   2.0000000e+00   1.3000000e+01   1.4000000e+01   3.6000000e+01   1.4000000e+01  -5.3398937e+01  -3.9278788e+01   4.9793528e+02   6.9604201e+00   1.7499374e+01   1.4623193e+01
   2.0030000e+03   2.0000000e+00   1.3000000e+01   1.4000000e+01   3.7000000e+01   5.2999901e+01  -5.3403373e+01  -3.9277561e+01   4.9954004e+02   8.8770502e+00   3.6895615e+01   1.3641195e+01
   2.0030000e+03   2.0000000e+00   1.3000000e+01   1.4000000e+01   3.9000000e+01   3.2000000e+01  -5.3407797e+01  -3.9276428e+01   4.9726506e+02   3.0926648e+00   1.7345285e+01   9.6170102e+00
   2.0030000e+03   2.0000000e+00   1.3000000e+01   1.4000000e+01   4.1000000e+01   1.1000000e+01  -5.3412271e+01  -3.9275239e+01   5.0336912e+02   1.6721444e+00   5.1255131e+00   4.2911523e+00
   2.0030000e+03   2.0000000e+00   1.3000000e+01   1.4000000e+01   4.2000000e+01   5.0000000e+01  -5.3416731e+01  -3.9274065e+01   5.0170490e+02   2.9547886e+00   7.7122980e+00   3.8358506e+00
   2.0030000e+03   2.0000000e+00   1.3000000e+01   1.4000000e+01   4.4000000e+01   2.9000000e+01  -5.3421180e+01  -3.9272981e+01   4.9948528e+02   2.3552155e+00   1.6322432e+01   8.1396870e+00
   2.0030000e+03   2.0000000e+00   1.3000000e+01   1.4000000e+01   4.6000000e+01   8.0000000e+00  -5.3425555e+01  -3.9271889e+01   4.9158590e+02   3.8180145e+00   2.0392031e+01   1.1881669e+01
   2.0030000e+03   2.0000000e+00   1.3000000e+01   1.4000000e+01   4.7000000e+01   4.7000000e+01  -5.3430003e+01  -3.9270850e+01   4.9897343e+02   2.8262338e+00   9.4155386e+00   5.9306847e+00
   2.0030000e+03   2.0000000e+00   1.3000000e+01   1.4000000e+01   4.9000000e+01   2.6000099e+01  -5.3434466e+01  -3.9269817e+01   5.0062854e+02   3.2047172e+00   8.8489607e+00   4.9296293e+00
   2.0030000e+03   2.0000000e+00   1.3000000e+01   1.4000000e+01   5.1000000e+01   7.0000000e+00  -5.3438926e+01  -3.9268907e+01   4.9922805e+02   6.0040810e+00   1.4874768e+01   1.3391829e+01
   2.0030000e+03   2.0000000e+00   1.3000000e+01   1.4000000e+01   5.2000000e+01   4.7000000e+01  -5.3443372e+01  -3.9268025e+01   4.9752943e+02   5.5871685e+00   2.8883806e+01   2.0102417e+01
   2.0030000e+03   2.0000000e+00   1.3000000e+01   1.4000000e+01   5.4000000e+01   2.5000000e+01  -5.3447847e+01  -3.9267113e+01   5.0085362e+02   5.4295421e+00   2.0200717e+01   1.0823325e+01
   2.0030000e+03   2.0000000e+00   1.3000000e+01   1.4000000e+01   5.6000000e+01   4.0000992e+00  -5.3452313e+01  -3.9266214e+01   4.9982716e+02   8.5153095e+00   2.7055406e+01   1.8444282e+01
   2.0030000e+03   2.0000000e+00   1.3000000e+01   1.4000000e+01   5.7000000e+01   4.2000000e+01  -5.3456759e+01  -3.9265294e+01   4.9780247e+02   7.3485510e+00   3.4651611e+01   1.2556734e+01
   2.0030000e+03   2.0000000e+00   1.3000000e+01   1.4000000e+01   5.9000000e+01   2.0000000e+01  -5.3461214e+01  -3.9264269e+01   4.9967063e+02   1.6240769e+01   3.9501858e+01   1.7745204e+01
   2.0030000e+03   2.0000000e+00   1.3000000e+01   1.5000000e+01   0.0000000e+00   5.9000099e+01  -5.3465583e+01  -3.9262823e+01   4.9485215e+02   1.2000061e+01   3.8197284e+01   2.7208751e+01
   2.0030000e+03   2.0000000e+00   1.3000000e+01   1.5000000e+01   2.0000000e+00   3.7000000e+01  -5.3470031e+01  -3.9261403e+01   5.0310442e+02   4.6858665e+00   1.3891564e+01   1.1770617e+01
   2.0030000e+03   2.0000000e+00   1.3000000e+01   1.5000000e+01   4.0000000e+00   1.6000000e+01  -5.3474516e+01  -3.9260672e+01   5.0065328e+02   5.2632919e+00   1.3371763e+01   1.1217074e+01
   2.0030000e+03   2.0000000e+00   1.3000000e+01   1.5000000e+01   5.0000000e+00   5.4000000e+01  -5.3478973e+01  -3.9259996e+01   4.9723964e+02   3.6728097e+00   1.0413027e+01   8.7763188e+00
   2.0030000e+03   2.0000000e+00   1.3000000e+01   1.5000000e+01   7.0000000e+00   3.2000000e+01  -5.3483451e+01  -3.9259453e+01   4.9888863e+02   5.2416874e+00   1.3034681e+01   1.0225900e+01
   2.0030000e+03   2.0000000e+00   1.3000000e+01   1.5000000e+01   9.0000000e+00   1.1000000e+01  -5.3487903e+01  -3.9258869e+01   4.9621481e+02   4.4254848e+00   1.0989266e+01   1.0171110e+01
   2.0030000e+03   2.0000000e+00   1.3000000e+01   1.5000000e+01   1.0000000e+01   4.9000000e+01  -5.3492431e+01  -3.9258232e+01   5.0495860e+02   1.5957766e+00   5.5216888e+00   4.4664717e+00
   2.0030000e+03   2.0000000e+00   1.3000000e+01   1.5000000e+01   1.2000000e+01   2.6000000e+01  -5.3496866e+01  -3.9257654e+01   4.9427980e+02   2.9934115e+00   8.5760101e+00   6.7828826e+00
   2.0030000e+03   2.0000000e+00   1.3000000e+01   1.5000000e+01   1.4000000e+01   4.0000000e+00  -5.3501328e+01  -3.9257071e+01   4.9732596e+02   3.4595984e+00   8.3149016e+00   7.6399228e+00
   2.0030000e+03   2.0000000e+00   1.3000000e+01   1.5000000e+01   1.5000000e+01   4.1000000e+01  -5.3505806e+01  -3.9256423e+01   4.9943237e+02   3.8085590e+00   9.0884017e+00   7.5446087e+00
   2.0030000e+03   2.0000000e+00   1.3000000e+01   1.5000000e+01   1.7000000e+01   1.7000000e+01  -5.3510280e+01  -3.9255809e+01   4.9886422e+02   4.7214814e+00   1.2514569e+01   8.5058875e+00
   2.0030000e+03   2.0000000e+00   1.3000000e+01   1.5000000e+01   1.8000000e+01   5.5000000e+01  -5.3514798e+01  -3.9255225e+01   5.0345500e+02   4.9755409e+00   1.5088152e+01   8.0552905e+00
   2.0030000e+03   2.0000000e+00   1.3000000e+01   1.5000000e+01   2.0000000e+01   3.2000000e+01  -5.3519246e+01  -3.9254586e+01   4.9607322e+02   3.4076501e+00   9.0501259e+00   5.2934917e+00
   2.0030000e+03   2.0000000e+00   1.3000000e+01   1.5000000e+01   2.2000000e+01   1.1000000e+01  -5.3523711e+01  -3.9254032e+01   4.9754271e+02   5.4133162e+00   2.3695577e+01   5.0912404e+00
   2.0030000e+03   2.0000000e+00   1.3000000e+01   1.5000000e+01   2.3000000e+01   5.0000000e+01  -5.3528195e+01  -3.9253478e+01   4.9950534e+02   4.5885451e+00   1.2312226e+01   6.1984278e+00
   2.0030000e+03   2.0000000e+00   1.3000000e+01   1.5000000e+01   2.5000000e+01   2.9000099e+01  -5.3532692e+01  -3.9253011e+01   5.0071655e+02   3.7005210e+00   1.0335585e+01   4.8412013e+00
   2.0030000e+03   2.0000000e+00   1.3000000e+01   1.5000000e+01   2.7000000e+01   8.0000000e+00  -5.3537167e+01  -3.9252432e+01   4.9869950e+02   9.4975966e+01   2.2879618e+02   2.2571728e+02
   2.0030000e+03   2.0000000e+00   1.3000000e+01   1.5000000e+01   2.8000000e+01   4.7000000e+01  -5.3541630e+01  -3.9251719e+01   4.9813788e+02   2.8708872e+00   8.6017743e+00   4.0490235e+00
   2.0030000e+03   2.0000000e+00   1.3000000e+01   1.5000000e+01   3.0000000e+01   2.7000000e+01  -5.3546028e+01  -3.9250184e+01   4.9917812e+02   4.9465412e+00   1.2749579e+01   4.6613274e+00
   2.0030000e+03   2.0000000e+00   1.3000000e+01   1.5000000e+01   3.2000000e+01   6.0000000e+00  -5.3550416e+01  -3.9248523e+01   4.9975970e+02   3.0071337e+00   9.5031992e+00   3.0910977e+00
   2.0030000e+03   2.0000000e+00   1.3000000e+01   1.5000000e+01   3.3000000e+01   4.5000000e+01  -5.3554767e+01  -3.9246842e+01   4.9602429e+02   3.0560086e+00   1.0406036e+01   4.5534583e+00
   2.0030000e+03   2.0000000e+00   1.3000000e+01   1.5000000e+01   3.5000000e+01   2.4000000e+01  -5.3559109e+01  -3.9245066e+01   4.9650969e+02   3.7114049e+00   8.8565618e+00   2.1642449e+00
   2.0030000e+03   2.0000000e+00   1.3000000e+01   1.5000000e+01   3.7000000e+01   3.9999008e+00  -5.3563529e+01  -3.9243349e+01   5.0408121e+02   3.1304677e+00   7.4702658e+00   1.2275916e+00
   2.0030000e+03   2.0000000e+00   1.3000000e+01   1.5000000e+01   3.8000000e+01   4.4000000e+01  -5.3567894e+01  -3.9241738e+01   4.9656476e+02   3.3553485e+00   1.1495017e+01   4.6931197e+00
   2.0030000e+03   2.0000000e+00   1.3000000e+01   1.5000000e+01   4.0000000e+01   2.3000000e+01  -5.3572243e+01  -3.9239953e+01   4.9734504e+02   5.1575230e+00   2.7687789e+01   5.6670624e+00
   2.0030000e+03   2.0000000e+00   1.3000000e+01   1.5000000e+01   4.2000000e+01   3.0000000e+00  -5.3576604e+01  -3.9238206e+01   4.9818719e+02   3.7346753e+00   8.9587649e+00   3.0883412e+00
   2.0030000e+03   2.0000000e+00   1.3000000e+01   1.5000000e+01   4.3000000e+01   4.3000000e+01  -5.3580984e+01  -3.9236418e+01   5.0076668e+02   4.2148029e+00   1.0075440e+01   4.1365227e+00
   2.0030000e+03   2.0000000e+00   1.3000000e+01   1.5000000e+01   4.5000000e+01   2.2999901e+01  -5.3585356e+01  -3.9234668e+01   4.9937690e+02   4.7878081e+00   1.1876003e+01   6.2412498e+00
   2.0030000e+03   2.0000000e+00   1.3000000e+01   1.5000000e+01   4.7000000e+01   2.0000000e+00  -5.3589706e+01  -3.9232848e+01   4.9806213e+02   4.5841502e+00   1.1396036e+01   3.3357482e+00
   2.0030000e+03   2.0000000e+00   1.3000000e+01   1.5000000e+01   4.8000000e+01   4.1000000e+01  -5.3594079e+01  -3.9231070e+01   4.9989461e+02   5.6522797e+00   1.5665716e+01   7.7656736e+00
   2.0030000e+03   2.0000000e+00   1.3000000e+01   1.5000000e+01   5.0000000e+01   2.0000000e+01  -5.3598400e+01  -3.9229225e+01   4.9531773e+02   4.4168702e+00   1.1502701e+01   5.3427802e+00
   2.0030000e+03   2.0000000e+00   1.3000000e+01   1.5000000e+01   5.1000000e+01   5.9000000e+01  -5.3602752e+01  -3.9227427e+01   4.9793491e+02   3.6699989e+00   1.2734867e+01   7.6596815e+00
   2.0030000e+03   2.0000000e+00   1.3000000e+01   1.5000000e+01   5.3000000e+01   3.8000000e+01  -5.3607150e+01  -3.9225594e+01   5.0332574e+02   4.5461960e+00   1.1314598e+01   7.8458924e+00
   2.0030000e+03   2.0000000e+00   1.3000000e+01   1.5000000e+01   5.5000000e+01   1.8000000e+01  -5.3611494e+01  -3.9223714e+01   4.9841579e+02   4.6225019e+00   1.1974227e+01   8.7128701e+00
   2.0030000e+03   2.0000000e+00   1.3000000e+01   1.5000000e+01   5.6000000e+01   5.7000000e+01  -5.3615842e+01  -3.9221933e+01   4.9715281e+02   3.4448507e+00   1.0735640e+01   5.1777699e+00
   2.0030000e+03   2.0000000e+00   1.3000000e+01   1.5000000e+01   5.8000000e+01   3.6000099e+01  -5.3620179e+01  -3.9220112e+01   4.9673243e+02   4.1264259e+00   1.1712405e+01   6.8216620e+00
   2.0030000e+03   2.0000000e+00   1.3000000e+01   1.6000000e+01   0.0000000e+00   1.6000000e+01  -5.3624561e+01  -3.9218352e+01   5.0051535e+02   4.2433707e+00   1.1370435e+01   8.8662653e+00
   2.0030000e+03   2.0000000e+00   1.3000000e+01   1.6000000e+01   1.0000000e+00   5.6000000e+01  -5.3628910e+01  -3.9216533e+01   4.9796497e+02   1.4521604e+01   3.4653047e+01   3.1041481e+01
   2.0030000e+03   2.0000000e+00   1.3000000e+01   1.6000000e+01   3.0000000e+00   3.4000099e+01  -5.3633270e+01  -3.9214727e+01   4.9883641e+02   3.9020827e+00   1.0512285e+01   7.4375543e+00
   2.0030000e+03   2.0000000e+00   1.3000000e+01   1.6000000e+01   5.0000000e+00   1.1000000e+01  -5.3637642e+01  -3.9212882e+01   5.0074620e+02   3.8732462e+00   9.2427655e+00   6.6162115e+00
   2.0030000e+03   2.0000000e+00   1.3000000e+01   1.6000000e+01   6.0000000e+00   5.0000000e+01  -5.3642009e+01  -3.9211053e+01   5.0002831e+02   4.2540701e+00   1.0520455e+01   8.7499525e+00
   2.0030000e+03   2.0000000e+00   1.3000000e+01   1.6000000e+01   8.0000000e+00   2.7000000e+01  -5.3646375e+01  -3.9209232e+01   4.9974426e+02   3.1917811e+00   7.6165785e+00   4.6629501e+00
   2.0030000e+03   2.0000000e+00   1.3000000e+01   1.6000000e+01   1.0000000e+01   2.9999008e+00  -5.3650696e+01  -3.9207413e+01   4.9491681e+02   4.4939293e+00   1.0723907e+01   3.3138163e+00
   2.0030000e+03   2.0000000e+00   1.3000000e+01   1.6000000e+01   1.1000000e+01   4.0000000e+01  -5.3655085e+01  -3.9205624e+01   5.0170885e+02   2.4355253e+00   6.2460825e+00   4.1834270e+00
   2.0030000e+03   2.0000000e+00   1.3000000e+01   1.6000000e+01   1.3000000e+01   1.6999901e+01  -5.3659467e+01  -3.9203864e+01   5.0055120e+02   2.4748604e+00   5.9057837e+00   2.2562966e+00
   2.0030000e+03   2.0000000e+00   1.3000000e+01   1.6000000e+01   1.4000000e+01   5.3000000e+01  -5.3663813e+01  -3.9202013e+01   4.9805599e+02   2.9786559e+00   7.1264773e+00   2.7922486e+00
   2.0030000e+03   2.0000000e+00   1.3000000e+01   1.6000000e+01   1.6000000e+01   2.9000000e+01  -5.3668189e+01  -3.9200101e+01   5.0232690e+02   2.9208506e+00   6.9700545e+00   2.8702863e+00
   2.0030000e+03   2.0000000e+00   1.3000000e+01   1.6000000e+01   1.8000000e+01   5.0000000e+00  -5.3672502e+01  -3.9198273e+01   4.9411948e+02   3.2292473e+00   7.7059846e+00   4.2427564e+00
   2.0030000e+03   2.0000000e+00   1.3000000e+01   1.6000000e+01   1.9000000e+01   4.1000000e+01  -5.3676849e+01  -3.9196357e+01   4.9923543e+02   4.9845674e+00   1.2648975e+01   7.9328614e+00
   2.0030000e+03   2.0000000e+00   1.3000000e+01   1.6000000e+01   2.1000000e+01   1.6000000e+01  -5.3681221e+01  -3.9194437e+01   5.0194666e+02   7.6848092e+00   1.8338336e+01   8.9138938e+00
   2.0030000e+03   2.0000000e+00   1.3000000e+01   1.6000000e+01   2.2000000e+01   4.9999901e+01  -5.3685556e+01  -3.9192471e+01   4.9881783e+02   6.5196477e+00   2.4337900e+01   8.2408500e+00
   2.0030000e+03   2.0000000e+00   1.3000000e+01   1.6000000e+01   2.4000000e+01   2.4000000e+01  -5.3689876e+01  -3.9190519e+01   4.9685147e+02   6.1659497e+00   2.5308742e+01   8.6963775e+00
   2.0030000e+03   2.0000000e+00   1.3000000e+01   1.6000000e+01   2.5000000e+01   5.9000000e+01  -5.3694217e+01  -3.9188439e+01   5.0141754e+02   8.5200545e+00   2.8594016e+01   1.5311210e+01
   2.0030000e+03   2.0000000e+00   1.3000000e+01   1.6000000e+01   2.7000000e+01   3.4000000e+01  -5.3698565e+01  -3.9186724e+01   4.9623460e+02   7.7354512e+00   1.8579640e+01   1.1303072e+01
   2.0030000e+03   2.0000000e+00   1.3000000e+01   1.6000000e+01   2.9000000e+01   1.0000000e+01  -5.3702981e+01  -3.9185459e+01   4.9766845e+02   7.2049939e+00   1.7245061e+01   1.3823183e+01
   2.0030000e+03   2.0000000e+00   1.3000000e+01   1.6000000e+01   3.0000000e+01   4.7000000e+01  -5.3707433e+01  -3.9184171e+01   5.0184689e+02   5.2413568e+00   1.3008559e+01   9.7350331e+00
   2.0030000e+03   2.0000000e+00   1.3000000e+01   1.6000000e+01   3.2000000e+01   2.2000000e+01  -5.3711871e+01  -3.9182970e+01   4.9946253e+02   5.1021182e+00   2.3142166e+01   1.2159319e+01
   2.0030000e+03   2.0000000e+00   1.3000000e+01   1.6000000e+01   3.3000000e+01   5.5999901e+01  -5.3716255e+01  -3.9181603e+01   4.9545041e+02   8.6571777e+00   2.1187684e+01   9.5774888e+00
   2.0030000e+03   2.0000000e+00   1.3000000e+01   1.6000000e+01   3.5000000e+01   3.1000000e+01  -5.3720677e+01  -3.9180295e+01   4.9875946e+02   5.7641509e+00   1.9535244e+01   1.4713122e+01
   2.0030000e+03   2.0000000e+00   1.3000000e+01   1.6000000e+01   3.7000000e+01   5.0000000e+00  -5.3725099e+01  -3.9178914e+01   4.9978831e+02   4.4521989e+00   1.4904020e+01   4.9287073e+00
   2.0030000e+03   2.0000000e+00   1.3000000e+01   1.6000000e+01   3.8000000e+01   4.1000000e+01  -5.3729536e+01  -3.9177601e+01   5.0044749e+02   5.7786900e+00   1.3789745e+01   7.5450514e+00
   2.0030000e+03   2.0000000e+00   1.3000000e+01   1.6000000e+01   4.0000000e+01   1.8000000e+01  -5.3733969e+01  -3.9176179e+01   5.0144459e+02   6.0792806e+00   1.5274516e+01   6.9960726e+00
   2.0030000e+03   2.0000000e+00   1.3000000e+01   1.6000000e+01   4.1000000e+01   5.4000000e+01  -5.3738389e+01  -3.9174781e+01   4.9962265e+02   5.6825224e+00   1.4657336e+01   5.1506688e+00
   2.0030000e+03   2.0000000e+00   1.3000000e+01   1.6000000e+01   4.3000000e+01   2.9000099e+01  -5.3742767e+01  -3.9173317e+01   4.9587256e+02   4.2723792e+00   1.0195220e+01   4.3110465e+00
   2.0030000e+03   2.0000000e+00   1.3000000e+01   1.6000000e+01   4.5000000e+01   5.0000000e+00  -5.3747177e+01  -3.9171895e+01   4.9890970e+02   6.7078187e+00   1.6465027e+01   3.4061712e+00
   2.0030000e+03   2.0000000e+00   1.3000000e+01   1.6000000e+01   4.6000000e+01   4.1000099e+01  -5.3751567e+01  -3.9170249e+01   4.9964135e+02   7.4502411e+00   2.1005970e+01   1.0974669e+01
   2.0030000e+03   2.0000000e+00   1.3000000e+01   1.6000000e+01   4.8000000e+01   1.7000000e+01  -5.3755947e+01  -3.9168712e+01   4.9707819e+02   6.6939393e+00   1.7540653e+01   7.2212628e+00
   2.0030000e+03   2.0000000e+00   1.3000000e+01   1.6000000e+01   4.9000000e+01   5.2000000e+01  -5.3760339e+01  -3.9167135e+01   4.9894574e+02   8.9050719e+00   2.5598824e+01   1.6763064e+01
   2.0030000e+03   2.0000000e+00   1.3000000e+01   1.6000000e+01   5.1000000e+01   2.6000000e+01  -5.3764705e+01  -3.9165472e+01   4.9730873e+02   7.3812473e+00   1.8774734e+01   1.5694668e+01
   2.0030000e+03   2.0000000e+00   1.3000000e+01   1.6000000e+01   5.2000000e+01   5.9000000e+01  -5.3769119e+01  -3.9163805e+01   5.0256902e+02   6.0400559e+00   1.4712606e+01   1.1900428e+01
   2.0030000e+03   2.0000000e+00   1.3000000e+01   1.6000000e+01   5.4000000e+01   3.3000000e+01  -5.3773512e+01  -3.9162124e+01   5.0040333e+02   7.3788723e+00   1.7787636e+01   1.6905843e+01
   2.0030000e+03   2.0000000e+00   1.3000000e+01   1.6000000e+01   5.6000000e+01   7.0000992e+00  -5.3777884e+01  -3.9160662e+01   4.9527999e+02   7.9192571e+00   1.8987900e+01   1.7230347e+01
   2.0030000e+03   2.0000000e+00   1.3000000e+01   1.6000000e+01   5.7000000e+01   4.1000000e+01  -5.3782314e+01  -3.9159215e+01   5.0130886e+02   1.0212948e+01   2.4428963e+01   2.3124794e+01
   2.0030000e+03   2.0000000e+00   1.3000000e+01   1.6000000e+01   5.9000000e+01   1.6000000e+01  -5.3786712e+01  -3.9157644e+01   4.9950837e+02   2.0510653e+01   4.8944772e+01   4.7037262e+01
   2.0030000e+03   2.0000000e+00   1.3000000e+01   1.7000000e+01   0.0000000e+00   5.0000000e+01  -5.3791086e+01  -3.9156079e+01   4.9670047e+02   3.1616609e+00   7.8334097e+00   3.1598592e+00
   2.0030000e+03   2.0000000e+00   1.3000000e+01   1.7000000e+01   2.0000000e+00   2.5000000e+01  -5.3795501e+01  -3.9154533e+01   5.0106416e+02   4.7417316e+00   1.3458175e+01   3.1227795e+00
   2.0030000e+03   2.0000000e+00   1.3000000e+01   1.7000000e+01   3.0000000e+00   5.8999901e+01  -5.3799925e+01  -3.9153040e+01   5.0125637e+02   4.1164486e+00   1.1997702e+01   5.3625508e+00
   2.0030000e+03   2.0000000e+00   1.3000000e+01   1.7000000e+01   5.0000000e+00   3.4000000e+01  -5.3804310e+01  -3.9151561e+01   4.9684674e+02   4.7337100e+00   1.6569778e+01   1.0653790e+01
   2.0030000e+03   2.0000000e+00   1.3000000e+01   1.7000000e+01   7.0000000e+00   5.0000000e+00  -5.3808423e+01  -3.9149596e+01   4.7489716e+02   1.0432356e+01   2.5053414e+01   1.8290193e+01
   2.0030000e+03   2.0000000e+00   1.3000000e+01   1.7000000e+01   8.0000000e+00   2.7000099e+01  -5.3812139e+01  -3.9147607e+01   4.3303131e+02   0.0000000e+00   0.0000000e+00   0.0000000e+00
   2.0030000e+03   2.0000000e+00   1.3000000e+01   1.7000000e+01   1.0000000e+01   2.2000000e+01  -5.3817262e+01  -3.9144573e+01   6.0302473e+02   7.4204177e+00   1.8350057e+01   8.5680239e+00
   2.0030000e+03   2.0000000e+00   1.3000000e+01   1.7000000e+01   1.1000000e+01   4.1000099e+01  -5.3820748e+01  -3.9142570e+01   4.0910537e+02   1.0393350e+01   2.5758786e+01   2.3917196e+01
   2.0030000e+03   2.0000000e+00   1.3000000e+01   1.7000000e+01   1.3000000e+01   2.1000000e+01  -5.3825288e+01  -3.9140095e+01   5.2989587e+02   0.0000000e+00   0.0000000e+00   0.0000000e+00
   2.0030000e+03   2.0000000e+00   1.3000000e+01   1.7000000e+01   1.5000000e+01   1.0000000e+01  -5.3830257e+01  -3.9137424e+01   5.7922938e+02   2.5893454e+01   6.1789802e+01   5.9687349e+01
   2.0030000e+03   2.0000000e+00   1.3000000e+01   1.7000000e+01   1.6000000e+01   3.8000000e+01  -5.3834269e+01  -3.9135395e+01   4.6528080e+02   9.5928414e+00   2.2944444e+01   2.2676898e+01
   2.0030000e+03   2.0000000e+00   1.3000000e+01   1.7000000e+01   1.8000000e+01   1.2000000e+01  -5.3838576e+01  -3.9133222e+01   4.9932756e+02   7.9858082e+00   1.9155249e+01   1.8455980e+01
   2.0030000e+03   2.0000000e+00   1.3000000e+01   1.7000000e+01   1.9000000e+01   4.5000000e+01  -5.3842861e+01  -3.9131011e+01   4.9778354e+02   4.8279581e+00   1.1631675e+01   1.0943545e+01
   2.0030000e+03   2.0000000e+00   1.3000000e+01   1.7000000e+01   2.1000000e+01   1.9000000e+01  -5.3847168e+01  -3.9128910e+01   4.9800071e+02   2.9382349e+00   7.6123428e+00   6.5900845e+00
   2.0030000e+03   2.0000000e+00   1.3000000e+01   1.7000000e+01   2.2000000e+01   5.3000000e+01  -5.3851519e+01  -3.9126911e+01   5.0096845e+02   2.3313358e+00   5.8030878e+00   1.7032986e+00
   2.0030000e+03   2.0000000e+00   1.3000000e+01   1.7000000e+01   2.4000000e+01   2.6000099e+01  -5.3855821e+01  -3.9124923e+01   4.9547794e+02   5.5755066e+00   1.5224418e+01   7.5787748e+00
   2.0030000e+03   2.0000000e+00   1.3000000e+01   1.7000000e+01   2.6000000e+01   1.0000992e+00  -5.3860192e+01  -3.9122921e+01   5.0313349e+02   1.0758726e+01   2.5673653e+01   8.0360890e+00
   2.0030000e+03   2.0000000e+00   1.3000000e+01   1.7000000e+01   2.7000000e+01   3.6000000e+01  -5.3864566e+01  -3.9121058e+01   5.0110360e+02   1.9633415e+01   5.8461547e+01   3.6534994e+01
   2.0030000e+03   2.0000000e+00   1.3000000e+01   1.7000000e+01   2.9000000e+01   1.3000099e+01  -5.3869011e+01  -3.9120175e+01   4.9723624e+02   1.0489188e+01   2.5969612e+01   4.9871663e+00
   2.0030000e+03   2.0000000e+00   1.3000000e+01   1.7000000e+01   3.0000000e+01   4.9999901e+01  -5.3873473e+01  -3.9119392e+01   4.9846487e+02   2.8030819e+00   7.8428871e+00   2.4686075e+00
   2.0030000e+03   2.0000000e+00   1.3000000e+01   1.7000000e+01   3.2000000e+01   2.7000099e+01  -5.3877939e+01  -3.9118695e+01   4.9835884e+02   4.9895825e+00   1.1966361e+01   5.0044463e+00
   2.0030000e+03   2.0000000e+00   1.3000000e+01   1.7000000e+01   3.4000000e+01   4.0000000e+00  -5.3882414e+01  -3.9118618e+01   4.9732755e+02   5.2830239e+00   1.2938110e+01   2.3788986e+00
   2.0030000e+03   2.0000000e+00   1.3000000e+01   1.7000000e+01   3.5000000e+01   4.1000099e+01  -5.3886901e+01  -3.9118573e+01   4.9859218e+02   2.5140963e+00   4.6250222e+01   3.6676045e+00
   2.0030000e+03   2.0000000e+00   1.3000000e+01   1.7000000e+01   3.7000000e+01   1.7000000e+01  -5.3891397e+01  -3.9118508e+01   4.9968663e+02   6.4086511e+00   3.5995164e+01   2.0263181e+01
   2.0030000e+03   2.0000000e+00   1.3000000e+01   1.7000000e+01   3.8000000e+01   5.5000000e+01  -5.3895896e+01  -3.9118467e+01   4.9988189e+02   6.8108056e+00   2.7688771e+01   4.2547669e+00
   2.0030000e+03   2.0000000e+00   1.3000000e+01   1.7000000e+01   4.0000000e+01   3.2000000e+01  -5.3900394e+01  -3.9118429e+01   4.9987610e+02   4.2391408e+00   1.1707511e+01   5.3725933e+00
   2.0030000e+03   2.0000000e+00   1.3000000e+01   1.7000000e+01   4.2000000e+01   1.0000000e+01  -5.3904899e+01  -3.9118572e+01   5.0063707e+02   3.1964288e+00   2.4714249e+01   3.4710268e+00
   2.0030000e+03   2.0000000e+00   1.3000000e+01   1.7000000e+01   4.3000000e+01   4.9000000e+01  -5.3909411e+01  -3.9119074e+01   5.0249318e+02   4.3198735e+02   1.0324400e+03   8.7493259e+02
   2.0030000e+03   2.0000000e+00   1.3000000e+01   1.7000000e+01   4.5000000e+01   2.9000000e+01  -5.3913867e+01  -3.9119860e+01   4.9777285e+02   1.4720655e+03   3.5160260e+03   3.4700477e+03
   2.0030000e+03   2.0000000e+00   1.3000000e+01   1.7000000e+01   4.7000000e+01   7.0000000e+00  -5.3918279e+01  -3.9120934e+01   4.9532267e+02   2.3077531e+01   5.7920544e+01   5.7258962e+01
   2.0030000e+03   2.0000000e+00   1.3000000e+01   1.7000000e+01   4.8000000e+01   4.4000000e+01  -5.3922724e+01  -3.9122114e+01   4.9982146e+02   8.6110764e+00   2.0993689e+01   1.9724512e+01
   2.0030000e+03   2.0000000e+00   1.3000000e+01   1.7000000e+01   5.0000000e+01   2.1000099e+01  -5.3927210e+01  -3.9122570e+01   4.9939622e+02   1.4157437e+02   3.3873361e+02   3.3717845e+02
   2.0030000e+03   2.0000000e+00   1.3000000e+01   1.7000000e+01   5.1000000e+01   5.7000000e+01  -5.3931674e+01  -3.9122077e+01   4.9716709e+02   5.5264823e+00   1.3659891e+01   2.1862407e+00
   2.0030000e+03   2.0000000e+00   1.3000000e+01   1.7000000e+01   5.3000000e+01   3.2000000e+01  -5.3936175e+01  -3.9121518e+01   5.0146341e+02   3.7588754e+00   1.3757146e+01   8.1706491e+00
   2.0030000e+03   2.0000000e+00   1.3000000e+01   1.7000000e+01   5.5000000e+01   7.0000000e+00  -5.3940623e+01  -3.9120841e+01   4.9619941e+02   7.7619617e+00   2.4749025e+01   2.0467385e+01
   2.0030000e+03   2.0000000e+00   1.3000000e+01   1.7000000e+01   5.6000000e+01   4.1000099e+01  -5.3945066e+01  -3.9119914e+01   4.9741940e+02   8.4836905e+00   2.0244714e+01   1.5630925e+01
   2.0030000e+03   2.0000000e+00   1.3000000e+01   1.7000000e+01   5.8000000e+01   1.7000000e+01  -5.3949549e+01  -3.9119006e+01   5.0171225e+02   5.8752442e+00   1.4020153e+01   9.9732019e+00
   2.0030000e+03   2.0000000e+00   1.3000000e+01   1.7000000e+01   5.9000000e+01   5.3000099e+01  -5.3953944e+01  -3.9117527e+01   4.9784227e+02   2.7647898e+00   2.6801036e+01   1.3573505e+01
   2.0030000e+03   2.0000000e+00   1.3000000e+01   1.8000000e+01   1.0000000e+00   2.9000000e+01  -5.3958383e+01  -3.9116171e+01   5.0113620e+02   8.5307372e+00   2.0552335e+01   1.1960517e+01
   2.0030000e+03   2.0000000e+00   1.3000000e+01   1.8000000e+01   3.0000000e+00   4.0000000e+00  -5.3962808e+01  -3.9114721e+01   5.0079199e+02   5.8370387e+00   1.3983546e+01   1.0642843e+01
   2.0030000e+03   2.0000000e+00   1.3000000e+01   1.8000000e+01   4.0000000e+00   3.9000000e+01  -5.3967204e+01  -3.9113261e+01   4.9771115e+02   9.7484583e+00   2.7714567e+01   2.2099516e+01
   2.0030000e+03   2.0000000e+00   1.3000000e+01   1.8000000e+01   6.0000000e+00   1.4999901e+01  -5.3971555e+01  -3.9111569e+01   4.9596685e+02   7.7864623e+00   1.8580911e+01   7.8310542e+00
   2.0030000e+03   2.0000000e+00   1.3000000e+01   1.8000000e+01   7.0000000e+00   5.2000000e+01  -5.3975950e+01  -3.9109830e+01   5.0147115e+02   7.9352719e+00   1.8936017e+01   1.1550721e+01
   2.0030000e+03   2.0000000e+00   1.3000000e+01   1.8000000e+01   9.0000000e+00   2.6000099e+01  -5.3980219e+01  -3.9108180e+01   4.8644683e+02   8.3895841e+00   2.0070533e+01   1.6391464e+01
