   2.0030000e+03   2.0000000e+00   1.4000000e+01   8.0000000e+00   6.0000000e+00   3.0000000e+00  -5.3288558e+01  -3.9037651e+01   4.9898998e+02   5.4812986e+00   1.7359419e+01   6.0380892e+00
   2.0030000e+03   2.0000000e+00   1.4000000e+01   8.0000000e+00   7.0000000e+00   3.9000000e+01  -5.3293047e+01  -3.9036525e+01   5.0443045e+02   6.2953506e+00   1.7474556e+01   2.8939458e+00
   2.0030000e+03   2.0000000e+00   1.4000000e+01   8.0000000e+00   9.0000000e+00   1.5000000e+01  -5.3297526e+01  -3.9035417e+01   5.0311090e+02   7.1956978e+00   1.7994254e+01   2.8276416e-01
   2.0030000e+03   2.0000000e+00   1.4000000e+01   8.0000000e+00   1.0000000e+01   5.4000000e+01  -5.3301967e+01  -3.9034144e+01   5.0067851e+02   1.6365196e+01   4.1587383e+01   2.9239218e+00
   2.0030000e+03   2.0000000e+00   1.4000000e+01   8.0000000e+00   1.2000000e+01   2.6000000e+01  -5.3306026e+01  -3.9032869e+01   4.5888390e+02   5.8463175e+00   2.4039287e+01   2.1014691e+00
   2.0030000e+03   2.0000000e+00   1.4000000e+01   8.0000000e+00   1.4000000e+01   3.8000000e+01  -5.3312031e+01  -3.9031134e+01   6.7715457e+02   2.4070857e+00   6.7337726e+00   2.8550273e+00
   2.0030000e+03   2.0000000e+00   1.4000000e+01   8.0000000e+00   1.5000000e+01   4.8000000e+01  -5.3315212e+01  -3.9030215e+01   3.5868256e+02   2.4942779e+00   1.6422088e+01   2.5351048e+00
   2.0030000e+03   2.0000000e+00   1.4000000e+01   8.0000000e+00   1.7000000e+01   2.5000000e+01  -5.3319624e+01  -3.9028870e+01   4.9836944e+02   5.7952079e+00   1.5129227e+01   2.7275528e+00
   2.0030000e+03   2.0000000e+00   1.4000000e+01   8.0000000e+00   1.9000000e+01   3.0000000e+00  -5.3324050e+01  -3.9027495e+01   5.0019101e+02   6.1362867e+00   1.6261345e+01   3.7142700e+00
   2.0030000e+03   2.0000000e+00   1.4000000e+01   8.0000000e+00   2.0000000e+01   4.0000000e+01  -5.3328458e+01  -3.9026137e+01   4.9803759e+02   5.1645358e+00   1.3229685e+01   7.2596428e-01
   2.0030000e+03   2.0000000e+00   1.4000000e+01   8.0000000e+00   2.2000000e+01   1.6000000e+01  -5.3332852e+01  -3.9024755e+01   4.9675424e+02   2.8133110e+00   1.1497247e+01   1.8337506e+00
   2.0030000e+03   2.0000000e+00   1.4000000e+01   8.0000000e+00   2.3000000e+01   5.4000000e+01  -5.3337299e+01  -3.9023441e+01   5.0182839e+02   9.2228238e+00   2.3336940e+01   4.2797339e+00
   2.0030000e+03   2.0000000e+00   1.4000000e+01   8.0000000e+00   2.5000000e+01   3.4000000e+01  -5.3341710e+01  -3.9022029e+01   4.9903472e+02   4.0718305e+00   2.6712861e+01   3.4878680e+00
   2.0030000e+03   2.0000000e+00   1.4000000e+01   8.0000000e+00   2.7000000e+01   1.4000099e+01  -5.3346071e+01  -3.9020719e+01   4.9236438e+02   1.0407860e+01   2.5744675e+01   5.4547182e+00
   2.0030000e+03   2.0000000e+00   1.4000000e+01   8.0000000e+00   2.8000000e+01   5.1000000e+01  -5.3350474e+01  -3.9019246e+01   4.9888258e+02   4.5180277e+00   3.0080531e+01   5.6251620e+00
   2.0030000e+03   2.0000000e+00   1.4000000e+01   8.0000000e+00   3.0000000e+01   2.9000099e+01  -5.3354885e+01  -3.9017771e+01   4.9985797e+02   8.0619611e+00   2.0198498e+01   5.3003934e+00
   2.0030000e+03   2.0000000e+00   1.4000000e+01   8.0000000e+00   3.2000000e+01   5.0000000e+00  -5.3359316e+01  -3.9016356e+01   5.0122721e+02   6.5594365e+00   1.7083296e+01   5.5742481e+00
   2.0030000e+03   2.0000000e+00   1.4000000e+01   8.0000000e+00   3.3000000e+01   4.0000000e+01  -5.3363713e+01  -3.9015014e+01   4.9660355e+02   8.1556115e+00   2.0723806e+01   7.9195978e+00
   2.0030000e+03   2.0000000e+00   1.4000000e+01   8.0000000e+00   3.5000000e+01   1.8000000e+01  -5.3368167e+01  -3.9013669e+01   5.0291758e+02   4.3935990e+00   1.4223129e+01   3.1292031e+00
   2.0030000e+03   2.0000000e+00   1.4000000e+01   8.0000000e+00   3.6000000e+01   5.7000099e+01  -5.3372568e+01  -3.9012372e+01   4.9650571e+02   4.4352173e+00   1.5205754e+01   2.3638605e+00
   2.0030000e+03   2.0000000e+00   1.4000000e+01   8.0000000e+00   3.8000000e+01   3.6000000e+01  -5.3376948e+01  -3.9010963e+01   4.9559487e+02   7.0786116e+00   1.6891760e+01   3.4625931e+00
   2.0030000e+03   2.0000000e+00   1.4000000e+01   8.0000000e+00   4.0000000e+01   1.6000000e+01  -5.3381367e+01  -3.9009498e+01   5.0060577e+02   5.6154685e+00   1.7119915e+01   8.7382802e+00
   2.0030000e+03   2.0000000e+00   1.4000000e+01   8.0000000e+00   4.1000000e+01   5.6000000e+01  -5.3385768e+01  -3.9008171e+01   4.9681838e+02   7.6527573e+00   1.8642689e+01   9.5120768e+00
   2.0030000e+03   2.0000000e+00   1.4000000e+01   8.0000000e+00   4.3000000e+01   3.3000099e+01  -5.3390252e+01  -3.9006855e+01   5.0583567e+02   4.5450204e+00   1.1770105e+01   3.5496853e+00
   2.0030000e+03   2.0000000e+00   1.4000000e+01   8.0000000e+00   4.5000000e+01   1.2000000e+01  -5.3394677e+01  -3.9005478e+01   5.0016859e+02   5.5420043e+00   1.3946385e+01   4.3623189e+00
   2.0030000e+03   2.0000000e+00   1.4000000e+01   8.0000000e+00   4.6000000e+01   5.1000000e+01  -5.3399035e+01  -3.9004121e+01   4.9243906e+02   4.9158376e+00   1.1730712e+01   3.7366310e+00
   2.0030000e+03   2.0000000e+00   1.4000000e+01   8.0000000e+00   4.8000000e+01   3.0000000e+01  -5.3403443e+01  -3.9002767e+01   4.9804405e+02   5.3615384e+00   1.3890682e+01   6.0833291e+00
   2.0030000e+03   2.0000000e+00   1.4000000e+01   8.0000000e+00   5.0000000e+01   9.0000000e+00  -5.3407894e+01  -3.9001440e+01   5.0232924e+02   5.0364967e+00   1.2690564e+01   5.7525844e+00
   2.0030000e+03   2.0000000e+00   1.4000000e+01   8.0000000e+00   5.1000000e+01   4.7000000e+01  -5.3412268e+01  -3.9000073e+01   4.9440728e+02   6.4360192e+00   1.7765986e+01   7.5017867e+00
   2.0030000e+03   2.0000000e+00   1.4000000e+01   8.0000000e+00   5.3000000e+01   2.5000000e+01  -5.3416701e+01  -3.8998690e+01   5.0101501e+02   7.1892859e+00   1.7155863e+01   4.6808858e+00
   2.0030000e+03   2.0000000e+00   1.4000000e+01   8.0000000e+00   5.5000000e+01   3.0000000e+00  -5.3421093e+01  -3.8997228e+01   4.9760207e+02   1.0583345e+01   2.5255139e+01   7.7081581e+00
   2.0030000e+03   2.0000000e+00   1.4000000e+01   8.0000000e+00   5.6000000e+01   4.2000000e+01  -5.3425516e+01  -3.8995806e+01   5.0032976e+02   7.1798744e+00   1.7133405e+01   5.1001165e+00
   2.0030000e+03   2.0000000e+00   1.4000000e+01   8.0000000e+00   5.8000000e+01   2.1000000e+01  -5.3429938e+01  -3.8994472e+01   4.9934144e+02   2.7870715e+00   9.0409267e+00   1.1891071e+00
   2.0030000e+03   2.0000000e+00   1.4000000e+01   9.0000000e+00   0.0000000e+00   0.0000000e+00  -5.3434365e+01  -3.8993122e+01   4.9993318e+02   4.8013270e+00   1.1457454e+01   2.8372596e+00
   2.0030000e+03   2.0000000e+00   1.4000000e+01   9.0000000e+00   1.0000000e+00   3.8000000e+01  -5.3438767e+01  -3.8991718e+01   4.9786408e+02   4.6472747e+00   1.5759432e+01   5.8347192e+00
   2.0030000e+03   2.0000000e+00   1.4000000e+01   9.0000000e+00   3.0000000e+00   1.5000000e+01  -5.3443161e+01  -3.8990412e+01   4.9586993e+02   5.8965809e+00   1.4550058e+01   0.0000000e+00
   2.0030000e+03   2.0000000e+00   1.4000000e+01   9.0000000e+00   4.0000000e+00   5.1000099e+01  -5.3447568e+01  -3.8989055e+01   4.9787010e+02   5.0465627e+00   1.2130304e+01   1.1456202e+00
   2.0030000e+03   2.0000000e+00   1.4000000e+01   9.0000000e+00   6.0000000e+00   3.0000000e+01  -5.3452039e+01  -3.8987708e+01   5.0474552e+02   6.2077142e+00   1.4813529e+01   3.1858709e+00
   2.0030000e+03   2.0000000e+00   1.4000000e+01   9.0000000e+00   8.0000000e+00   9.0000000e+00  -5.3456411e+01  -3.8986359e+01   4.9393169e+02   4.0623256e+00   9.7771505e+00   0.0000000e+00
   2.0030000e+03   2.0000000e+00   1.4000000e+01   9.0000000e+00   9.0000000e+00   4.8000000e+01  -5.3460818e+01  -3.8984919e+01   4.9892656e+02   4.5733879e+00   1.1190849e+01   1.1639864e+00
   2.0030000e+03   2.0000000e+00   1.4000000e+01   9.0000000e+00   1.1000000e+01   2.4000000e+01  -5.3465233e+01  -3.8983502e+01   4.9943440e+02   6.9789372e+00   1.8795982e+01   0.0000000e+00
   2.0030000e+03   2.0000000e+00   1.4000000e+01   9.0000000e+00   1.3000000e+01   9.9182129e-05  -5.3469675e+01  -3.8982157e+01   5.0160098e+02   6.0445066e+00   1.4424065e+01   0.0000000e+00
   2.0030000e+03   2.0000000e+00   1.4000000e+01   9.0000000e+00   1.4000000e+01   4.0000000e+01  -5.3474115e+01  -3.8980803e+01   5.0143685e+02   7.4868531e+00   1.8004102e+01   1.5011364e+00
   2.0030000e+03   2.0000000e+00   1.4000000e+01   9.0000000e+00   1.6000000e+01   2.1000000e+01  -5.3478506e+01  -3.8979370e+01   4.9702059e+02   7.5207630e+00   1.9810333e+01   4.5735389e+00
   2.0030000e+03   2.0000000e+00   1.4000000e+01   9.0000000e+00   1.8000000e+01   1.0000000e+00  -5.3482869e+01  -3.8978028e+01   4.9293917e+02   8.3906591e+00   2.0546280e+01   9.1750341e+00
   2.0030000e+03   2.0000000e+00   1.4000000e+01   9.0000000e+00   1.9000000e+01   3.9000099e+01  -5.3487300e+01  -3.8976632e+01   5.0085560e+02   3.3446956e+00   8.5285053e+00   2.9196762e+00
   2.0030000e+03   2.0000000e+00   1.4000000e+01   9.0000000e+00   2.1000000e+01   1.8000000e+01  -5.3491731e+01  -3.8975158e+01   5.0200166e+02   2.7793917e+00   6.6556955e+00   5.3085024e+00
   2.0030000e+03   2.0000000e+00   1.4000000e+01   9.0000000e+00   2.2000000e+01   5.7000000e+01  -5.3496137e+01  -3.8973807e+01   4.9760929e+02   2.4189780e+00   7.3180688e+00   5.3818358e+00
   2.0030000e+03   2.0000000e+00   1.4000000e+01   9.0000000e+00   2.4000000e+01   3.6000000e+01  -5.3500540e+01  -3.8972477e+01   4.9707019e+02   4.0949391e+00   9.7717932e+00   7.0779618e+00
   2.0030000e+03   2.0000000e+00   1.4000000e+01   9.0000000e+00   2.6000000e+01   1.4000099e+01  -5.3504980e+01  -3.8971006e+01   5.0285451e+02   3.8217186e+00   1.0954598e+01   5.4925577e+00
   2.0030000e+03   2.0000000e+00   1.4000000e+01   9.0000000e+00   2.7000000e+01   5.1000000e+01  -5.3509368e+01  -3.8969596e+01   4.9643075e+02   3.1094510e+00   1.0521196e+01   4.8070237e+00
   2.0030000e+03   2.0000000e+00   1.4000000e+01   9.0000000e+00   2.9000000e+01   2.9000000e+01  -5.3513762e+01  -3.8968230e+01   4.9654668e+02   4.0068182e+00   9.5825528e+00   4.2116198e+00
   2.0030000e+03   2.0000000e+00   1.4000000e+01   9.0000000e+00   3.1000000e+01   7.0000000e+00  -5.3518186e+01  -3.8966725e+01   5.0156226e+02   4.3304898e+00   1.0654534e+01   3.5634242e+00
   2.0030000e+03   2.0000000e+00   1.4000000e+01   9.0000000e+00   3.2000000e+01   4.4999901e+01  -5.3522613e+01  -3.8965244e+01   5.0160196e+02   3.1462842e+00   1.5176690e+01   1.2354388e+01
   2.0030000e+03   2.0000000e+00   1.4000000e+01   9.0000000e+00   3.4000000e+01   2.2000000e+01  -5.3527024e+01  -3.8964009e+01   4.9688155e+02   3.0833358e+00   1.1767616e+01   8.3636249e+00
   2.0030000e+03   2.0000000e+00   1.4000000e+01   9.0000000e+00   3.5000000e+01   5.9000099e+01  -5.3531491e+01  -3.8962758e+01   5.0316223e+02   3.7867535e+00   1.0281067e+01   5.7056495e+00
   2.0030000e+03   2.0000000e+00   1.4000000e+01   9.0000000e+00   3.7000000e+01   3.6000000e+01  -5.3535899e+01  -3.8961466e+01   4.9718820e+02   5.0846090e+00   1.3324200e+01   7.2536155e+00
   2.0030000e+03   2.0000000e+00   1.4000000e+01   9.0000000e+00   3.9000000e+01   1.5000000e+01  -5.3540284e+01  -3.8960153e+01   4.9492084e+02   2.0545127e+00   1.2872656e+01   1.1290975e+01
   2.0030000e+03   2.0000000e+00   1.4000000e+01   9.0000000e+00   4.0000000e+01   5.4000000e+01  -5.3544678e+01  -3.8958814e+01   4.9623550e+02   4.5635555e+00   2.6141079e+01   2.0100466e+01
   2.0030000e+03   2.0000000e+00   1.4000000e+01   9.0000000e+00   4.2000000e+01   3.2000000e+01  -5.3549084e+01  -3.8957134e+01   5.0197904e+02   7.0502665e+00   2.6202864e+01   1.7038162e+01
   2.0030000e+03   2.0000000e+00   1.4000000e+01   9.0000000e+00   4.4000000e+01   8.0000992e+00  -5.3553467e+01  -3.8955293e+01   5.0199952e+02   5.5876215e+00   1.7262043e+01   1.1828962e+01
   2.0030000e+03   2.0000000e+00   1.4000000e+01   9.0000000e+00   4.5000000e+01   4.3000000e+01  -5.3557833e+01  -3.8953389e+01   5.0112250e+02   4.7355638e+00   1.1381788e+01   9.3172490e+00
   2.0030000e+03   2.0000000e+00   1.4000000e+01   9.0000000e+00   4.7000000e+01   2.0000000e+01  -5.3562200e+01  -3.8951576e+01   4.9981412e+02   1.7255499e+00   1.1470045e+01   8.7309442e+00
   2.0030000e+03   2.0000000e+00   1.4000000e+01   9.0000000e+00   4.8000000e+01   5.9000000e+01  -5.3566481e+01  -3.8949643e+01   4.9251530e+02   5.5477045e+00   1.7769759e+01   1.3921884e+01
   2.0030000e+03   2.0000000e+00   1.4000000e+01   9.0000000e+00   5.0000000e+01   3.9000000e+01  -5.3570792e+01  -3.8947565e+01   4.9830885e+02   2.4514838e+00   6.0080448e+00   7.3116258e-01
   2.0030000e+03   2.0000000e+00   1.4000000e+01   9.0000000e+00   5.2000000e+01   2.1000000e+01  -5.3575311e+01  -3.8945371e+01   5.2257309e+02   1.3530684e+00   1.0009724e+01   1.2583101e+00
   2.0030000e+03   2.0000000e+00   1.4000000e+01   9.0000000e+00   5.3000000e+01   5.5000000e+01  -5.3579472e+01  -3.8943455e+01   4.7937566e+02   7.6687631e-01   4.6926511e+00   8.2254300e-01
   2.0030000e+03   2.0000000e+00   1.4000000e+01   9.0000000e+00   5.5000000e+01   3.2000099e+01  -5.3583810e+01  -3.8941492e+01   4.9916610e+02   1.2540974e+00   6.3600068e+00   4.3973101e-01
   2.0030000e+03   2.0000000e+00   1.4000000e+01   9.0000000e+00   5.7000000e+01   1.1000000e+01  -5.3588155e+01  -3.8939588e+01   4.9881674e+02   1.6019912e+00   4.5158135e+00   9.5202006e-01
   2.0030000e+03   2.0000000e+00   1.4000000e+01   9.0000000e+00   5.8000000e+01   5.0000000e+01  -5.3592465e+01  -3.8937630e+01   4.9604147e+02   2.6784214e+00   1.0343152e+01   2.3893242e+00
   2.0030000e+03   2.0000000e+00   1.4000000e+01   1.0000000e+01   0.0000000e+00   2.8000099e+01  -5.3596813e+01  -3.8935667e+01   5.0017606e+02   2.5571794e+00   8.9400089e+00   3.3761538e-01
   2.0030000e+03   2.0000000e+00   1.4000000e+01   1.0000000e+01   2.0000000e+00   6.0000000e+00  -5.3601243e+01  -3.8934189e+01   5.0187550e+02   1.7172801e+00   1.5845939e+01   7.5005451e-01
   2.0030000e+03   2.0000000e+00   1.4000000e+01   1.0000000e+01   3.0000000e+00   4.3000099e+01  -5.3605635e+01  -3.8932828e+01   4.9621533e+02   1.4544379e+00   1.0551360e+01   0.0000000e+00
   2.0030000e+03   2.0000000e+00   1.4000000e+01   1.0000000e+01   5.0000000e+00   2.1000000e+01  -5.3610052e+01  -3.8931680e+01   4.9656346e+02   1.6780648e+01   4.2498411e+01   3.7393883e+01
   2.0030000e+03   2.0000000e+00   1.4000000e+01   1.0000000e+01   7.0000000e+00   0.0000000e+00  -5.3614498e+01  -3.8930598e+01   4.9921884e+02   2.1878135e+01   5.3177200e+01   4.0141525e+01
   2.0030000e+03   2.0000000e+00   1.4000000e+01   1.0000000e+01   8.0000000e+00   3.8000000e+01  -5.3618947e+01  -3.8929472e+01   4.9992791e+02   1.4470014e+00   5.7417288e+00   0.0000000e+00
   2.0030000e+03   2.0000000e+00   1.4000000e+01   1.0000000e+01   1.0000000e+01   1.7000000e+01  -5.3623371e+01  -3.8928360e+01   4.9699405e+02   1.2371022e+00   6.9888602e+00   1.1175168e+00
   2.0030000e+03   2.0000000e+00   1.4000000e+01   1.0000000e+01   1.1000000e+01   5.7000000e+01  -5.3627800e+01  -3.8927245e+01   4.9754421e+02   1.1586863e+00   4.5993694e+00   4.8392969e-01
   2.0030000e+03   2.0000000e+00   1.4000000e+01   1.0000000e+01   1.3000000e+01   3.7000000e+01  -5.3632267e+01  -3.8926142e+01   5.0175011e+02   1.8606361e+00   7.6343974e+00   5.1147155e-01
   2.0030000e+03   2.0000000e+00   1.4000000e+01   1.0000000e+01   1.5000000e+01   1.6999901e+01  -5.3636700e+01  -3.8925065e+01   4.9766442e+02   3.5323518e+00   8.8695775e+00   2.6802352e+00
   2.0030000e+03   2.0000000e+00   1.4000000e+01   1.0000000e+01   1.6000000e+01   5.7000000e+01  -5.3641110e+01  -3.8923799e+01   4.9709093e+02   6.3990309e+00   2.0689553e+01   1.2805416e+01
   2.0030000e+03   2.0000000e+00   1.4000000e+01   1.0000000e+01   1.8000000e+01   3.8000099e+01  -5.3645551e+01  -3.8922621e+01   4.9953868e+02   2.7826801e+00   8.5847403e+00   2.9649793e+00
   2.0030000e+03   2.0000000e+00   1.4000000e+01   1.0000000e+01   2.0000000e+01   1.8000000e+01  -5.3649999e+01  -3.8921363e+01   5.0113485e+02   3.1828900e+00   7.5953617e+00   2.3247854e+00
   2.0030000e+03   2.0000000e+00   1.4000000e+01   1.0000000e+01   2.1000000e+01   5.7000000e+01  -5.3654419e+01  -3.8920083e+01   4.9831668e+02   2.8379746e+00   7.8303344e+00   9.2325612e-01
   2.0030000e+03   2.0000000e+00   1.4000000e+01   1.0000000e+01   2.3000000e+01   3.6000099e+01  -5.3658848e+01  -3.8918707e+01   5.0040452e+02   1.0900544e+00   3.1274210e+00   6.7283390e-01
   2.0030000e+03   2.0000000e+00   1.4000000e+01   1.0000000e+01   2.5000000e+01   1.4000000e+01  -5.3663253e+01  -3.8917291e+01   4.9836773e+02   1.6044567e+00   4.1262544e+00   0.0000000e+00
   2.0030000e+03   2.0000000e+00   1.4000000e+01   1.0000000e+01   2.6000000e+01   5.2000000e+01  -5.3667654e+01  -3.8915805e+01   4.9866280e+02   1.7734253e+00   4.5430024e+00   4.8208366e-01
   2.0030000e+03   2.0000000e+00   1.4000000e+01   1.0000000e+01   2.8000000e+01   3.0000000e+01  -5.3672086e+01  -3.8914396e+01   5.0118835e+02   2.0647220e+00   5.0137126e+00   1.0767328e+00
   2.0030000e+03   2.0000000e+00   1.4000000e+01   1.0000000e+01   3.0000000e+01   7.0000000e+00  -5.3676469e+01  -3.8913020e+01   4.9538183e+02   1.8073891e+00   4.4717444e+00   9.6297424e-01
   2.0030000e+03   2.0000000e+00   1.4000000e+01   1.0000000e+01   3.1000000e+01   4.4000000e+01  -5.3680904e+01  -3.8911694e+01   5.0044064e+02   2.1183369e+00   5.7104217e+00   8.0698824e-01
   2.0030000e+03   2.0000000e+00   1.4000000e+01   1.0000000e+01   3.3000000e+01   2.2000000e+01  -5.3685343e+01  -3.8910381e+01   5.0076802e+02   1.2240937e+00   3.5880343e+00   0.0000000e+00
   2.0030000e+03   2.0000000e+00   1.4000000e+01   1.0000000e+01   3.4000000e+01   5.9000000e+01  -5.3689762e+01  -3.8909015e+01   4.9927644e+02   1.1793950e+00   3.7829873e+00   0.0000000e+00
   2.0030000e+03   2.0000000e+00   1.4000000e+01   1.0000000e+01   3.6000000e+01   3.7000000e+01  -5.3694192e+01  -3.8907745e+01   4.9921259e+02   2.1525570e+00   5.2537017e+00   9.0878473e-01
   2.0030000e+03   2.0000000e+00   1.4000000e+01   1.0000000e+01   3.8000000e+01   1.4999901e+01  -5.3698607e+01  -3.8906405e+01   4.9852043e+02   4.4298208e+00   1.0947134e+01   5.8892584e-01
   2.0030000e+03   2.0000000e+00   1.4000000e+01   1.0000000e+01   3.9000000e+01   5.3000000e+01  -5.3703049e+01  -3.8905149e+01   5.0049550e+02   3.7993695e+00   9.3786756e+00   4.6570503e-02
   2.0030000e+03   2.0000000e+00   1.4000000e+01   1.0000000e+01   4.1000000e+01   3.2000000e+01  -5.3707469e+01  -3.8903878e+01   4.9820409e+02   5.3728910e+00   1.2821382e+01   0.0000000e+00
   2.0030000e+03   2.0000000e+00   1.4000000e+01   1.0000000e+01   4.3000000e+01   1.1000000e+01  -5.3711885e+01  -3.8902609e+01   4.9776153e+02   2.7660091e+00   6.6005546e+00   2.4542084e+00
   2.0030000e+03   2.0000000e+00   1.4000000e+01   1.0000000e+01   4.4000000e+01   5.0000099e+01  -5.3716299e+01  -3.8901350e+01   4.9734754e+02   1.4415183e+00   1.0940143e+01   0.0000000e+00
   2.0030000e+03   2.0000000e+00   1.4000000e+01   1.0000000e+01   4.6000000e+01   3.0000000e+01  -5.3720749e+01  -3.8900180e+01   5.0041668e+02   1.4028089e+00   3.6103397e+00   0.0000000e+00
   2.0030000e+03   2.0000000e+00   1.4000000e+01   1.0000000e+01   4.8000000e+01   9.0000000e+00  -5.3725180e+01  -3.8899107e+01   4.9750284e+02   2.8203568e+00   7.9483729e+00   1.1222692e+00
   2.0030000e+03   2.0000000e+00   1.4000000e+01   1.0000000e+01   4.9000000e+01   4.8000099e+01  -5.3729638e+01  -3.8897930e+01   5.0135635e+02   1.3498519e+03   3.2212929e+03   3.2150555e+03
   2.0030000e+03   2.0000000e+00   1.4000000e+01   1.0000000e+01   5.1000000e+01   2.8000000e+01  -5.3734064e+01  -3.8896733e+01   4.9801931e+02   5.2966130e+00   1.4549167e+01   1.0208251e+01
   2.0030000e+03   2.0000000e+00   1.4000000e+01   1.0000000e+01   5.3000000e+01   8.0000000e+00  -5.3738496e+01  -3.8895568e+01   4.9837967e+02   2.5104499e+00   8.3658295e+00   0.0000000e+00
   2.0030000e+03   2.0000000e+00   1.4000000e+01   1.0000000e+01   5.4000000e+01   4.7000000e+01  -5.3742934e+01  -3.8894429e+01   4.9880766e+02   1.9567390e+00   7.8348500e+00   1.6894440e-01
   2.0030000e+03   2.0000000e+00   1.4000000e+01   1.0000000e+01   5.6000000e+01   2.5000099e+01  -5.3747368e+01  -3.8893183e+01   4.9952523e+02   5.1012842e+00   2.1284764e+01   4.3494229e+00
   2.0030000e+03   2.0000000e+00   1.4000000e+01   1.0000000e+01   5.8000000e+01   3.0000000e+00  -5.3751812e+01  -3.8891989e+01   4.9999863e+02   1.2177538e+01   3.1908996e+01   1.2260879e+01
   2.0030000e+03   2.0000000e+00   1.4000000e+01   1.0000000e+01   5.9000000e+01   4.0000099e+01  -5.3756258e+01  -3.8890833e+01   4.9979478e+02   5.2123094e+00   1.5015471e+01   0.0000000e+00
   2.0030000e+03   2.0000000e+00   1.4000000e+01   1.1000000e+01   1.0000000e+00   1.9000000e+01  -5.3760698e+01  -3.8889607e+01   4.9999065e+02   3.3071677e+00   7.8919268e+00   0.0000000e+00
   2.0030000e+03   2.0000000e+00   1.4000000e+01   1.1000000e+01   2.0000000e+00   5.8000000e+01  -5.3765133e+01  -3.8888454e+01   4.9855438e+02   3.5973110e+00   9.4832445e+00   2.3748051e-02
   2.0030000e+03   2.0000000e+00   1.4000000e+01   1.1000000e+01   4.0000000e+00   3.7000000e+01  -5.3769571e+01  -3.8887296e+01   4.9901618e+02   5.7831990e+00   1.4265725e+01   0.0000000e+00
   2.0030000e+03   2.0000000e+00   1.4000000e+01   1.1000000e+01   6.0000000e+00   1.6000000e+01  -5.3774022e+01  -3.8886126e+01   5.0049861e+02   2.4106159e+00   1.8502917e+01   1.3325290e+00
   2.0030000e+03   2.0000000e+00   1.4000000e+01   1.1000000e+01   7.0000000e+00   5.4000000e+01  -5.3778452e+01  -3.8884987e+01   4.9794787e+02   2.9249954e+00   1.5776194e+01   9.5265395e-01
   2.0030000e+03   2.0000000e+00   1.4000000e+01   1.1000000e+01   9.0000000e+00   3.1999901e+01  -5.3782884e+01  -3.8883897e+01   4.9759577e+02   3.5266059e+00   1.4057300e+01   1.7211910e+00
   2.0030000e+03   2.0000000e+00   1.4000000e+01   1.1000000e+01   1.1000000e+01   1.0000000e+01  -5.3787325e+01  -3.8882685e+01   4.9981875e+02   5.8948973e+00   1.9069881e+01   9.9973446e+00
   2.0030000e+03   2.0000000e+00   1.4000000e+01   1.1000000e+01   1.2000000e+01   4.8000000e+01  -5.3791774e+01  -3.8881462e+01   5.0087258e+02   3.0600588e+00   1.3005431e+01   1.3019099e+00
   2.0030000e+03   2.0000000e+00   1.4000000e+01   1.1000000e+01   1.4000000e+01   2.5000000e+01  -5.3796226e+01  -3.8880540e+01   4.9841617e+02   2.6830496e+00   1.1191432e+01   1.5117162e+00
   2.0030000e+03   2.0000000e+00   1.4000000e+01   1.1000000e+01   1.6000000e+01   4.0000000e+00  -5.3800698e+01  -3.8879849e+01   4.9901880e+02   5.6476318e+00   1.9129088e+01   9.4257922e+00
   2.0030000e+03   2.0000000e+00   1.4000000e+01   1.1000000e+01   1.7000000e+01   4.3000000e+01  -5.3805155e+01  -3.8879157e+01   4.9736477e+02   1.0124215e+02   2.4568944e+02   2.3417608e+02
   2.0030000e+03   2.0000000e+00   1.4000000e+01   1.1000000e+01   1.9000000e+01   2.3000099e+01  -5.3809652e+01  -3.8878506e+01   5.0147410e+02   2.0766593e+00   1.1345910e+01   1.0946037e+00
   2.0030000e+03   2.0000000e+00   1.4000000e+01   1.1000000e+01   2.1000000e+01   2.0000000e+00  -5.3814111e+01  -3.8877898e+01   4.9710576e+02   4.6395167e+00   1.4566184e+01   3.5363084e+00
   2.0030000e+03   2.0000000e+00   1.4000000e+01   1.1000000e+01   2.2000000e+01   4.1000000e+01  -5.3818607e+01  -3.8877312e+01   5.0103312e+02   3.4638129e+00   1.0854994e+01   2.3100839e+00
   2.0030000e+03   2.0000000e+00   1.4000000e+01   1.1000000e+01   2.4000000e+01   2.0000000e+01  -5.3823097e+01  -3.8876736e+01   5.0044783e+02   4.8547539e+00   1.1584947e+01   6.1663744e+00
   2.0030000e+03   2.0000000e+00   1.4000000e+01   1.1000000e+01   2.5000000e+01   5.9000000e+01  -5.3827567e+01  -3.8876180e+01   4.9795598e+02   5.2535271e+00   1.7233524e+01   1.2711390e+01
   2.0030000e+03   2.0000000e+00   1.4000000e+01   1.1000000e+01   2.7000000e+01   3.8000000e+01  -5.3832029e+01  -3.8875576e+01   4.9737869e+02   4.4513890e+00   1.3027725e+01   2.7267568e+00
   2.0030000e+03   2.0000000e+00   1.4000000e+01   1.1000000e+01   2.9000000e+01   1.7000000e+01  -5.3836446e+01  -3.8874787e+01   4.9359852e+02   2.0411160e+01   4.8738822e+01   4.3444798e+01
   2.0030000e+03   2.0000000e+00   1.4000000e+01   1.1000000e+01   3.0000000e+01   5.6000099e+01  -5.3840882e+01  -3.8873469e+01   5.0039764e+02   2.3269430e+01   5.7505130e+01   4.8996575e+01
   2.0030000e+03   2.0000000e+00   1.4000000e+01   1.1000000e+01   3.2000000e+01   3.5000000e+01  -5.3845279e+01  -3.8871848e+01   5.0010162e+02   1.9047446e+02   4.5502521e+02   4.4782355e+02
   2.0030000e+03   2.0000000e+00   1.4000000e+01   1.1000000e+01   3.4000000e+01   1.3000000e+01  -5.3849652e+01  -3.8870226e+01   4.9741162e+02   6.2881298e+00   2.0312478e+01   5.7327077e+00
   2.0030000e+03   2.0000000e+00   1.4000000e+01   1.1000000e+01   3.5000000e+01   5.0000000e+01  -5.3854024e+01  -3.8868634e+01   4.9691518e+02   9.1673754e+00   2.4665059e+01   3.6355856e+00
   2.0030000e+03   2.0000000e+00   1.4000000e+01   1.1000000e+01   3.7000000e+01   2.6000000e+01  -5.3858413e+01  -3.8867047e+01   4.9860619e+02   4.3949884e+00   3.6592539e+01   8.2940428e+00
   2.0030000e+03   2.0000000e+00   1.4000000e+01   1.1000000e+01   3.9000000e+01   2.0000000e+00  -5.3862807e+01  -3.8865305e+01   5.0143570e+02   4.2836208e+00   1.6427340e+01   3.5060549e+00
   2.0030000e+03   2.0000000e+00   1.4000000e+01   1.1000000e+01   4.0000000e+01   3.8000000e+01  -5.3867153e+01  -3.8863370e+01   4.9934375e+02   4.0569384e+01   1.0040108e+02   8.6259670e+01
   2.0030000e+03   2.0000000e+00   1.4000000e+01   1.1000000e+01   4.2000000e+01   1.2000000e+01  -5.3871480e+01  -3.8861450e+01   4.9698018e+02   1.1671788e+01   3.4451885e+01   1.6380031e+01
   2.0030000e+03   2.0000000e+00   1.4000000e+01   1.1000000e+01   4.3000000e+01   4.7000000e+01  -5.3875831e+01  -3.8859640e+01   4.9780945e+02   3.7386807e+01   9.7677293e+01   8.7337480e+01
   2.0030000e+03   2.0000000e+00   1.4000000e+01   1.1000000e+01   4.5000000e+01   2.3000000e+01  -5.3880187e+01  -3.8857758e+01   4.9947234e+02   7.0425367e+00   2.1065341e+01   1.3437957e+01
   2.0030000e+03   2.0000000e+00   1.4000000e+01   1.1000000e+01   4.6000000e+01   5.8000000e+01  -5.3884528e+01  -3.8855909e+01   4.9731699e+02   5.4984441e+00   1.7685946e+01   9.1113545e+00
   2.0030000e+03   2.0000000e+00   1.4000000e+01   1.1000000e+01   4.8000000e+01   3.3000000e+01  -5.3888883e+01  -3.8854027e+01   4.9940044e+02   2.2646483e+00   1.2602220e+01   4.2148497e+00
   2.0030000e+03   2.0000000e+00   1.4000000e+01   1.1000000e+01   5.0000000e+01   8.0000000e+00  -5.3893247e+01  -3.8852074e+01   5.0147985e+02   5.0517526e+00   1.2860929e+01   4.2226782e+00
   2.0030000e+03   2.0000000e+00   1.4000000e+01   1.1000000e+01   5.1000000e+01   4.2000000e+01  -5.3897587e+01  -3.8850204e+01   4.9760007e+02   5.0908447e+00   1.5590280e+01   9.1705206e+00
   2.0030000e+03   2.0000000e+00   1.4000000e+01   1.1000000e+01   5.3000000e+01   1.5000000e+01  -5.3901920e+01  -3.8848288e+01   4.9752269e+02   2.4444007e+01   6.2488742e+01   5.6508052e+01
   2.0030000e+03   2.0000000e+00   1.4000000e+01   1.1000000e+01   5.4000000e+01   5.0000099e+01  -5.3906313e+01  -3.8846352e+01   5.0442269e+02   2.1734440e+01   5.4776673e+01   4.8818344e+01
   2.0030000e+03   2.0000000e+00   1.4000000e+01   1.1000000e+01   5.6000000e+01   2.7000000e+01  -5.3910719e+01  -3.8845073e+01   4.9667327e+02   7.7623381e+00   2.1145958e+01   1.6318862e+01
   2.0030000e+03   2.0000000e+00   1.4000000e+01   1.1000000e+01   5.8000000e+01   5.0000000e+00  -5.3915142e+01  -3.8843909e+01   4.9736454e+02   3.5663484e+00   1.5488982e+01   7.5539211e+00
   2.0030000e+03   2.0000000e+00   1.4000000e+01   1.1000000e+01   5.9000000e+01   4.4000000e+01  -5.3919582e+01  -3.8842645e+01   5.0021378e+02   5.6788347e+00   2.5579167e+01   8.8471747e+00
   2.0030000e+03   2.0000000e+00   1.4000000e+01   1.2000000e+01   1.0000000e+00   2.3000000e+01  -5.3924000e+01  -3.8841442e+01   4.9725734e+02   9.2828483e+00   3.1806907e+01   1.9091226e+01
   2.0030000e+03   2.0000000e+00   1.4000000e+01   1.2000000e+01   3.0000000e+00   2.0000000e+00  -5.3928439e+01  -3.8840149e+01   5.0044179e+02   7.2894728e+00   1.9524677e+01   1.4204887e+01
   2.0030000e+03   2.0000000e+00   1.4000000e+01   1.2000000e+01   4.0000000e+00   4.2000099e+01  -5.3932842e+01  -3.8838824e+01   4.9686205e+02   2.6709622e+01   6.6044658e+01   6.2879186e+01
   2.0030000e+03   2.0000000e+00   1.4000000e+01   1.2000000e+01   6.0000000e+00   2.1000000e+01  -5.3937299e+01  -3.8837449e+01   5.0338676e+02   2.6551951e+01   6.7250747e+01   6.4308879e+01
   2.0030000e+03   2.0000000e+00   1.4000000e+01   1.2000000e+01   8.0000000e+00   1.0000000e+00  -5.3941700e+01  -3.8836059e+01   4.9736927e+02   2.4502764e+01   6.2251025e+01   6.0681901e+01
   2.0030000e+03   2.0000000e+00   1.4000000e+01   1.2000000e+01   9.0000000e+00   4.2000000e+01  -5.3946106e+01  -3.8834677e+01   4.9792981e+02   3.8833782e+00   9.5885586e+00   8.1077847e+00
   2.0030000e+03   2.0000000e+00   1.4000000e+01   1.2000000e+01   1.1000000e+01   2.2000000e+01  -5.3950545e+01  -3.8833250e+01   5.0196441e+02   4.5491866e+00   1.5603665e+01   5.6628203e+00
   2.0030000e+03   2.0000000e+00   1.4000000e+01   1.2000000e+01   1.3000000e+01   1.0000992e+00  -5.3954976e+01  -3.8831918e+01   5.0000686e+02   6.7765096e+00   1.6170851e+01   2.9134585e+00
   2.0030000e+03   2.0000000e+00   1.4000000e+01   1.2000000e+01   1.4000000e+01   3.9000000e+01  -5.3959379e+01  -3.8830548e+01   4.9737004e+02   8.6060801e+00   2.0646290e+01   4.7629053e+00
   2.0030000e+03   2.0000000e+00   1.4000000e+01   1.2000000e+01   1.6000000e+01   1.6000000e+01  -5.3963811e+01  -3.8829235e+01   4.9995735e+02   1.3724255e+01   3.4086763e+01   3.5524478e+00
   2.0030000e+03   2.0000000e+00   1.4000000e+01   1.2000000e+01   1.7000000e+01   5.5000099e+01  -5.3968176e+01  -3.8827815e+01   4.9383521e+02   4.8543317e+00   1.2977099e+01   1.0803304e+01
   2.0030000e+03   2.0000000e+00   1.4000000e+01   1.2000000e+01   1.9000000e+01   3.3000000e+01  -5.3972608e+01  -3.8826382e+01   5.0130443e+02   6.8482247e+00   2.6607089e+01   2.3056221e+01
   2.0030000e+03   2.0000000e+00   1.4000000e+01   1.2000000e+01   2.1000000e+01   1.2000000e+01  -5.3977067e+01  -3.8825039e+01   5.0324448e+02   4.1039697e+00   1.2244773e+01   9.4774819e+00
   2.0030000e+03   2.0000000e+00   1.4000000e+01   1.2000000e+01   2.2000000e+01   5.0000000e+01  -5.3981464e+01  -3.8823679e+01   4.9659159e+02   5.2376511e+00   1.3658069e+01   6.5069848e+00
   2.0030000e+03   2.0000000e+00   1.4000000e+01   1.2000000e+01   2.4000000e+01   2.8000000e+01  -5.3985911e+01  -3.8822275e+01   5.0262169e+02   8.9640607e+00   2.2716799e+01   1.8320641e+01
   2.0030000e+03   2.0000000e+00   1.4000000e+01   1.2000000e+01   2.6000000e+01   6.0000000e+00  -5.3990324e+01  -3.8820889e+01   4.9861015e+02   8.8540875e+00   2.3806352e+01   2.0801398e+01
