   2.0030000e+03   2.0000000e+00   1.5000000e+01   8.0000000e+00   8.0000000e+00   5.9000000e+01  -5.3926870e+01  -3.8220284e+01   4.9954288e+02   1.0110217e+01   2.4126110e+01   2.3650885e+01
   2.0030000e+03   2.0000000e+00   1.5000000e+01   8.0000000e+00   1.0000000e+01   4.4000000e+01  -5.3921960e+01  -3.8221587e+01   5.5214336e+02   7.5237361e+00   1.7953965e+01   1.7722853e+01
   2.0030000e+03   2.0000000e+00   1.5000000e+01   8.0000000e+00   1.2000000e+01   1.9000000e+01  -5.3917706e+01  -3.8222910e+01   4.8057076e+02   3.5121822e+00   8.3811549e+00   8.0955062e+00
   2.0030000e+03   2.0000000e+00   1.5000000e+01   8.0000000e+00   1.3000000e+01   5.7000000e+01  -5.3913311e+01  -3.8224338e+01   4.9732771e+02   2.0136150e+00   4.8051093e+00   4.2150333e+00
   2.0030000e+03   2.0000000e+00   1.5000000e+01   8.0000000e+00   1.5000000e+01   3.5000000e+01  -5.3908896e+01  -3.8225891e+01   5.0097863e+02   2.0241835e+00   4.8303290e+00   3.8945238e+00
   2.0030000e+03   2.0000000e+00   1.5000000e+01   8.0000000e+00   1.7000000e+01   1.1000000e+01  -5.3904475e+01  -3.8227423e+01   5.0134996e+02   2.3742445e+00   5.6656830e+00   4.5161732e+00
   2.0030000e+03   2.0000000e+00   1.5000000e+01   8.0000000e+00   1.8000000e+01   4.8000000e+01  -5.3900060e+01  -3.8228837e+01   4.9931943e+02   4.4615586e+00   1.3920876e+01   1.2453956e+01
   2.0030000e+03   2.0000000e+00   1.5000000e+01   8.0000000e+00   2.0000000e+01   2.6000000e+01  -5.3895655e+01  -3.8230288e+01   4.9856129e+02   2.7796585e+00   7.8448178e+00   6.6452842e+00
   2.0030000e+03   2.0000000e+00   1.5000000e+01   8.0000000e+00   2.2000000e+01   4.0000000e+00  -5.3891216e+01  -3.8231778e+01   5.0279953e+02   2.7062980e+00   9.4220790e+00   9.4220790e+00
   2.0030000e+03   2.0000000e+00   1.5000000e+01   8.0000000e+00   2.3000000e+01   4.3000000e+01  -5.3886806e+01  -3.8233227e+01   4.9918610e+02   5.5202024e+00   3.3996884e+01   3.3023297e+01
   2.0030000e+03   2.0000000e+00   1.5000000e+01   8.0000000e+00   2.5000000e+01   2.2000000e+01  -5.3882356e+01  -3.8234569e+01   5.0218382e+02   3.3165763e+00   1.6553399e+01   1.5990420e+01
   2.0030000e+03   2.0000000e+00   1.5000000e+01   8.0000000e+00   2.7000000e+01   1.0000000e+00  -5.3877962e+01  -3.8236008e+01   4.9730967e+02   7.0003270e+00   2.0098344e+01   1.9585106e+01
   2.0030000e+03   2.0000000e+00   1.5000000e+01   8.0000000e+00   2.8000000e+01   4.1000000e+01  -5.3873556e+01  -3.8237448e+01   4.9863275e+02   3.6677041e+00   1.7369155e+01   1.5588976e+01
   2.0030000e+03   2.0000000e+00   1.5000000e+01   8.0000000e+00   3.0000000e+01   2.0000000e+01  -5.3869131e+01  -3.8238878e+01   5.0053675e+02   5.4702881e+00   1.7163178e+01   1.5253129e+01
   2.0030000e+03   2.0000000e+00   1.5000000e+01   8.0000000e+00   3.1000000e+01   5.9000000e+01  -5.3864736e+01  -3.8240382e+01   4.9823609e+02   5.1527848e+00   1.2296141e+01   1.0795965e+01
   2.0030000e+03   2.0000000e+00   1.5000000e+01   8.0000000e+00   3.3000000e+01   3.7000000e+01  -5.3860340e+01  -3.8241867e+01   4.9806960e+02   3.9048786e+00   9.7047363e+00   7.7754347e+00
   2.0030000e+03   2.0000000e+00   1.5000000e+01   8.0000000e+00   3.5000000e+01   1.6000000e+01  -5.3855910e+01  -3.8243416e+01   5.0262305e+02   3.1291870e+00   7.4672096e+00   4.9116697e+00
   2.0030000e+03   2.0000000e+00   1.5000000e+01   8.0000000e+00   3.6000000e+01   5.5000000e+01  -5.3851518e+01  -3.8244947e+01   4.9824557e+02   4.2723081e+00   1.0195051e+01   5.7524696e+00
   2.0030000e+03   2.0000000e+00   1.5000000e+01   8.0000000e+00   3.8000000e+01   3.4000000e+01  -5.3847094e+01  -3.8246422e+01   5.0095228e+02   4.2417929e+00   1.0262353e+01   7.5300499e+00
   2.0030000e+03   2.0000000e+00   1.5000000e+01   8.0000000e+00   4.0000000e+01   1.1000000e+01  -5.3842694e+01  -3.8247885e+01   4.9832040e+02   7.9833712e+00   1.9767863e+01   1.4897142e+01
   2.0030000e+03   2.0000000e+00   1.5000000e+01   8.0000000e+00   4.1000000e+01   4.9000000e+01  -5.3838299e+01  -3.8249339e+01   4.9753943e+02   9.8414207e+00   2.3914259e+01   2.0081518e+01
   2.0030000e+03   2.0000000e+00   1.5000000e+01   8.0000000e+00   4.3000000e+01   2.6000000e+01  -5.3833881e+01  -3.8250781e+01   4.9995572e+02   1.5582212e+01   3.7531748e+01   3.0700401e+01
   2.0030000e+03   2.0000000e+00   1.5000000e+01   8.0000000e+00   4.5000000e+01   3.0000000e+00  -5.3829474e+01  -3.8252194e+01   4.9845454e+02   2.1684420e+01   5.1745743e+01   4.1748400e+01
   2.0030000e+03   2.0000000e+00   1.5000000e+01   8.0000000e+00   4.6000000e+01   4.1000000e+01  -5.3825033e+01  -3.8253540e+01   5.0124983e+02   2.8709220e+01   7.3181262e+01   6.2377422e+01
   2.0030000e+03   2.0000000e+00   1.5000000e+01   8.0000000e+00   4.8000000e+01   1.7000000e+01  -5.3820581e+01  -3.8254906e+01   5.0282442e+02   3.6669322e+02   8.7958667e+02   8.6496566e+02
   2.0030000e+03   2.0000000e+00   1.5000000e+01   8.0000000e+00   4.9000000e+01   5.4000099e+01  -5.3816164e+01  -3.8256259e+01   4.9869756e+02   1.4825710e+02   3.7257579e+02   3.4413266e+02
   2.0030000e+03   2.0000000e+00   1.5000000e+01   8.0000000e+00   5.1000000e+01   3.1000000e+01  -5.3811790e+01  -3.8257563e+01   4.9349757e+02   6.1943447e+02   1.4903132e+03   1.4710272e+03
   2.0030000e+03   2.0000000e+00   1.5000000e+01   8.0000000e+00   5.3000000e+01   9.0000000e+00  -5.3807335e+01  -3.8258910e+01   5.0293677e+02   3.6261191e+03   8.6655401e+03   8.6493471e+03
   2.0030000e+03   2.0000000e+00   1.5000000e+01   8.0000000e+00   5.4000000e+01   4.7000000e+01  -5.3802854e+01  -3.8260201e+01   5.0504143e+02   5.4792159e+03   1.3084799e+04   1.3067202e+04
   2.0030000e+03   2.0000000e+00   1.5000000e+01   8.0000000e+00   5.6000000e+01   2.4000000e+01  -5.3798415e+01  -3.8261669e+01   5.0259238e+02   7.7601797e+01   1.8875804e+02   1.6906245e+02
   2.0030000e+03   2.0000000e+00   1.5000000e+01   8.0000000e+00   5.8000000e+01   1.0000000e+00  -5.3794079e+01  -3.8263166e+01   4.9180199e+02   5.8653355e+01   1.6637389e+02   1.1569064e+02
   2.0030000e+03   2.0000000e+00   1.5000000e+01   8.0000000e+00   5.9000000e+01   4.0000000e+01  -5.3789664e+01  -3.8264683e+01   5.0054872e+02   8.7973650e+01   2.4204166e+02   1.8961514e+02
   2.0030000e+03   2.0000000e+00   1.5000000e+01   9.0000000e+00   1.0000000e+00   1.9000000e+01  -5.3785257e+01  -3.8266178e+01   4.9941025e+02   7.9800793e+02   1.9042941e+03   1.8735592e+03
   2.0030000e+03   2.0000000e+00   1.5000000e+01   9.0000000e+00   2.0000000e+00   5.7000000e+01  -5.3780877e+01  -3.8267684e+01   4.9671831e+02   6.2037389e+02   1.4811014e+03   1.4578421e+03
   2.0030000e+03   2.0000000e+00   1.5000000e+01   9.0000000e+00   4.0000000e+00   3.5000000e+01  -5.3776452e+01  -3.8269267e+01   5.0252744e+02   2.7977723e+02   6.6896375e+02   6.4491748e+02
   2.0030000e+03   2.0000000e+00   1.5000000e+01   9.0000000e+00   6.0000000e+00   1.2000099e+01  -5.3772024e+01  -3.8270766e+01   5.0183251e+02   3.0348992e+02   7.2820927e+02   7.1429457e+02
   2.0030000e+03   2.0000000e+00   1.5000000e+01   9.0000000e+00   7.0000000e+00   4.9000000e+01  -5.3767644e+01  -3.8272232e+01   4.9605580e+02   5.3616926e+02   1.2814259e+03   1.2657876e+03
   2.0030000e+03   2.0000000e+00   1.5000000e+01   9.0000000e+00   9.0000000e+00   2.6000000e+01  -5.3763221e+01  -3.8273703e+01   5.0089243e+02   1.2617634e+02   3.0192137e+02   2.7881805e+02
   2.0030000e+03   2.0000000e+00   1.5000000e+01   9.0000000e+00   1.1000000e+01   2.0000000e+00  -5.3758799e+01  -3.8275190e+01   5.0099986e+02   4.2113914e+00   1.1513850e+01   3.8359138e+00
   2.0030000e+03   2.0000000e+00   1.5000000e+01   9.0000000e+00   1.2000000e+01   3.8000000e+01  -5.3754425e+01  -3.8276659e+01   4.9553305e+02   3.1858582e+01   7.8140448e+01   4.0182817e+01
   2.0030000e+03   2.0000000e+00   1.5000000e+01   9.0000000e+00   1.4000000e+01   1.4000099e+01  -5.3750003e+01  -3.8278073e+01   5.0013207e+02   2.3325538e+00   9.9735831e+00   7.7294373e-01
   2.0030000e+03   2.0000000e+00   1.5000000e+01   9.0000000e+00   1.5000000e+01   4.9999901e+01  -5.3745537e+01  -3.8279418e+01   5.0400621e+02   2.6180829e+00   9.6437635e+00   1.3991443e+00
   2.0030000e+03   2.0000000e+00   1.5000000e+01   9.0000000e+00   1.7000000e+01   2.6000000e+01  -5.3741074e+01  -3.8280746e+01   5.0361159e+02   3.6193776e+00   9.1778693e+00   1.6329856e+00
   2.0030000e+03   2.0000000e+00   1.5000000e+01   9.0000000e+00   1.9000000e+01   4.0000000e+00  -5.3736690e+01  -3.8282061e+01   4.9469969e+02   2.6194839e+00   7.5910834e+00   1.3318621e-01
   2.0030000e+03   2.0000000e+00   1.5000000e+01   9.0000000e+00   2.0000000e+01   4.3000099e+01  -5.3732290e+01  -3.8283433e+01   4.9716546e+02   2.5874320e+00   1.2783359e+01   8.0391019e-01
   2.0030000e+03   2.0000000e+00   1.5000000e+01   9.0000000e+00   2.2000000e+01   2.1000000e+01  -5.3727857e+01  -3.8284838e+01   5.0120825e+02   3.0605698e+01   7.8803395e+01   5.9201728e+01
   2.0030000e+03   2.0000000e+00   1.5000000e+01   9.0000000e+00   2.3000000e+01   5.7999901e+01  -5.3723419e+01  -3.8286173e+01   5.0085074e+02   1.2760024e+02   3.0551256e+02   2.8068029e+02
   2.0030000e+03   2.0000000e+00   1.5000000e+01   9.0000000e+00   2.5000000e+01   3.3000000e+01  -5.3719046e+01  -3.8287610e+01   4.9507191e+02   9.9043925e+01   2.4631453e+02   2.2998854e+02
   2.0030000e+03   2.0000000e+00   1.5000000e+01   9.0000000e+00   2.7000000e+01   8.0000000e+00  -5.3714630e+01  -3.8289102e+01   5.0041487e+02   1.4790074e+00   6.7226880e+00   8.7488807e-01
   2.0030000e+03   2.0000000e+00   1.5000000e+01   9.0000000e+00   2.8000000e+01   4.4999901e+01  -5.3710242e+01  -3.8290623e+01   4.9777092e+02   2.2183288e+00   1.1540786e+01   1.3286267e+00
   2.0030000e+03   2.0000000e+00   1.5000000e+01   9.0000000e+00   3.0000000e+01   2.2000000e+01  -5.3705848e+01  -3.8292121e+01   4.9813791e+02   1.6173202e+00   4.9409559e+00   5.0220561e-01
   2.0030000e+03   2.0000000e+00   1.5000000e+01   9.0000000e+00   3.1000000e+01   5.3000000e+01  -5.3701740e+01  -3.8293548e+01   4.6598453e+02   1.5074421e+00   4.3811278e+00   1.3921012e+00
   2.0030000e+03   2.0000000e+00   1.5000000e+01   9.0000000e+00   3.4000000e+01   2.0000000e+00  -5.3695875e+01  -3.8295551e+01   6.6488323e+02   7.9220953e-01   2.1900075e+00   8.2843282e-01
   2.0030000e+03   2.0000000e+00   1.5000000e+01   9.0000000e+00   3.5000000e+01   1.4000000e+01  -5.3692582e+01  -3.8296610e+01   3.7254896e+02   1.2704741e+00   3.3067931e+00   9.6619139e-01
   2.0030000e+03   2.0000000e+00   1.5000000e+01   9.0000000e+00   3.6000000e+01   5.1000000e+01  -5.3688137e+01  -3.8298080e+01   5.0325473e+02   1.5116575e+00   3.9087532e+00   9.4015457e-01
   2.0030000e+03   2.0000000e+00   1.5000000e+01   9.0000000e+00   3.8000000e+01   2.9000000e+01  -5.3683740e+01  -3.8299505e+01   4.9751403e+02   2.1421048e+00   5.1352106e+00   2.5710748e+00
   2.0030000e+03   2.0000000e+00   1.5000000e+01   9.0000000e+00   4.0000000e+01   5.0000000e+00  -5.3679342e+01  -3.8301035e+01   4.9903898e+02   3.1324096e+00   1.4580209e+01   5.3707036e+00
   2.0030000e+03   2.0000000e+00   1.5000000e+01   9.0000000e+00   4.1000000e+01   4.3000000e+01  -5.3674845e+01  -3.8302537e+01   5.0937228e+02   1.4705783e+01   4.2722556e+01   6.8000271e+00
   2.0030000e+03   2.0000000e+00   1.5000000e+01   9.0000000e+00   4.3000000e+01   1.8000000e+01  -5.3670557e+01  -3.8304096e+01   4.8741779e+02   5.2244262e+00   1.2467099e+01   1.2001708e+01
   2.0030000e+03   2.0000000e+00   1.5000000e+01   9.0000000e+00   4.4000000e+01   5.5000099e+01  -5.3666125e+01  -3.8305404e+01   4.9992324e+02   5.1011324e+00   3.3063942e+01   1.0791381e+01
   2.0030000e+03   2.0000000e+00   1.5000000e+01   9.0000000e+00   4.6000000e+01   3.2000000e+01  -5.3661704e+01  -3.8306777e+01   4.9953845e+02   1.1477634e+01   7.4301118e+01   7.3222486e+00
   2.0030000e+03   2.0000000e+00   1.5000000e+01   9.0000000e+00   4.8000000e+01   9.0000992e+00  -5.3657300e+01  -3.8308202e+01   4.9827519e+02   2.3986511e+00   6.6507492e+00   5.9481061e+00
   2.0030000e+03   2.0000000e+00   1.5000000e+01   9.0000000e+00   4.9000000e+01   4.6000000e+01  -5.3652878e+01  -3.8309592e+01   4.9984917e+02   2.9408769e+00   7.1528308e+00   6.4163102e+00
   2.0030000e+03   2.0000000e+00   1.5000000e+01   9.0000000e+00   5.1000000e+01   2.3000099e+01  -5.3648447e+01  -3.8310981e+01   5.0075549e+02   3.5712027e+00   8.9262008e+00   7.4419728e+00
   2.0030000e+03   2.0000000e+00   1.5000000e+01   9.0000000e+00   5.3000000e+01   0.0000000e+00  -5.3644004e+01  -3.8312391e+01   5.0238882e+02   7.6416773e+00   3.3709821e+01   8.4385946e+00
   2.0030000e+03   2.0000000e+00   1.5000000e+01   9.0000000e+00   5.4000000e+01   3.9000000e+01  -5.3639613e+01  -3.8313730e+01   4.9583121e+02   5.1156487e+00   1.3131426e+01   1.3131426e+01
   2.0030000e+03   2.0000000e+00   1.5000000e+01   9.0000000e+00   5.6000000e+01   1.7000000e+01  -5.3635191e+01  -3.8315081e+01   4.9933842e+02   2.9364028e+00   1.4862337e+01   7.0071667e+00
   2.0030000e+03   2.0000000e+00   1.5000000e+01   9.0000000e+00   5.7000000e+01   5.5000000e+01  -5.3630765e+01  -3.8316491e+01   5.0050263e+02   3.9986995e+01   1.0944586e+02   8.9060763e+01
   2.0030000e+03   2.0000000e+00   1.5000000e+01   9.0000000e+00   5.9000000e+01   3.3999901e+01  -5.3626338e+01  -3.8317887e+01   5.0051087e+02   1.3602773e+02   3.2633693e+02   3.2506252e+02
   2.0030000e+03   2.0000000e+00   1.5000000e+01   1.0000000e+01   1.0000000e+00   1.3000099e+01  -5.3621937e+01  -3.8319319e+01   4.9800960e+02   3.9372017e+02   9.4194201e+02   9.4182494e+02
   2.0030000e+03   2.0000000e+00   1.5000000e+01   1.0000000e+01   2.0000000e+00   5.1000000e+01  -5.3617508e+01  -3.8320774e+01   5.0143798e+02   3.1633314e+02   7.5870097e+02   7.5850634e+02
   2.0030000e+03   2.0000000e+00   1.5000000e+01   1.0000000e+01   4.0000000e+00   2.8000000e+01  -5.3613100e+01  -3.8322176e+01   4.9841337e+02   5.1117874e+02   1.2203994e+03   1.2183419e+03
   2.0030000e+03   2.0000000e+00   1.5000000e+01   1.0000000e+01   6.0000000e+00   5.0000000e+00  -5.3608698e+01  -3.8323625e+01   4.9840004e+02   1.3604847e+01   3.4614996e+01   3.3140625e+01
   2.0030000e+03   2.0000000e+00   1.5000000e+01   1.0000000e+01   7.0000000e+00   4.5000000e+01  -5.3604293e+01  -3.8325278e+01   5.0155996e+02   8.2141368e+02   1.9622682e+03   1.9604624e+03
   2.0030000e+03   2.0000000e+00   1.5000000e+01   1.0000000e+01   9.0000000e+00   2.5000099e+01  -5.3599974e+01  -3.8327182e+01   4.9600871e+02   2.3934555e+03   5.7243026e+03   5.7234791e+03
   2.0030000e+03   2.0000000e+00   1.5000000e+01   1.0000000e+01   1.1000000e+01   3.0000000e+00  -5.3595635e+01  -3.8329180e+01   4.9987290e+02   2.6526745e+02   6.4133497e+02   6.4133497e+02
   2.0030000e+03   2.0000000e+00   1.5000000e+01   1.0000000e+01   1.2000000e+01   4.1000000e+01  -5.3591294e+01  -3.8331197e+01   5.0033133e+02   2.2922197e+00   5.4699462e+00   4.7960302e+00
   2.0030000e+03   2.0000000e+00   1.5000000e+01   1.0000000e+01   1.4000000e+01   2.0000000e+01  -5.3586944e+01  -3.8333201e+01   5.0109266e+02   1.5969736e+00   3.8523361e+00   3.2739599e+00
   2.0030000e+03   2.0000000e+00   1.5000000e+01   1.0000000e+01   1.5000000e+01   5.7000000e+01  -5.3582577e+01  -3.8334953e+01   4.9886893e+02   2.0974429e+00   5.0051485e+00   3.7508150e+00
   2.0030000e+03   2.0000000e+00   1.5000000e+01   1.0000000e+01   1.7000000e+01   3.4000000e+01  -5.3578214e+01  -3.8336761e+01   4.9931749e+02   2.9664050e+00   9.6697642e+00   6.3678901e+00
   2.0030000e+03   2.0000000e+00   1.5000000e+01   1.0000000e+01   1.9000000e+01   1.0000000e+01  -5.3573845e+01  -3.8338566e+01   4.9980855e+02   2.3077363e+00   5.7985524e+00   2.3988687e+00
   2.0030000e+03   2.0000000e+00   1.5000000e+01   1.0000000e+01   2.0000000e+01   4.6000000e+01  -5.3569479e+01  -3.8340352e+01   4.9925043e+02   1.8511092e+02   4.4173201e+02   4.3944581e+02
   2.0030000e+03   2.0000000e+00   1.5000000e+01   1.0000000e+01   2.2000000e+01   2.4000000e+01  -5.3565064e+01  -3.8342183e+01   5.0525220e+02   8.6150872e+01   2.0578489e+02   2.0146923e+02
   2.0030000e+03   2.0000000e+00   1.5000000e+01   1.0000000e+01   2.4000000e+01   3.0000992e+00  -5.3560923e+01  -3.8344807e+01   4.9167538e+02   3.5040796e+00   9.7650410e+00   1.4185640e+00
   2.0030000e+03   2.0000000e+00   1.5000000e+01   1.0000000e+01   2.5000000e+01   4.2000000e+01  -5.3556675e+01  -3.8347523e+01   5.0497673e+02   6.5469181e+00   1.6664409e+01   9.7862630e+00
   2.0030000e+03   2.0000000e+00   1.5000000e+01   1.0000000e+01   2.7000000e+01   2.3000000e+01  -5.3552752e+01  -3.8351102e+01   4.9582873e+02   4.3258867e+00   1.1943346e+01   8.2651581e+00
   2.0030000e+03   2.0000000e+00   1.5000000e+01   1.0000000e+01   2.9000000e+01   4.0000000e+00  -5.3548861e+01  -3.8354846e+01   4.9804326e+02   4.4589091e+01   1.1235584e+02   1.0251277e+02
   2.0030000e+03   2.0000000e+00   1.5000000e+01   1.0000000e+01   3.0000000e+01   4.6000000e+01  -5.3544970e+01  -3.8358652e+01   5.0003829e+02   5.2462310e+01   1.2992283e+02   1.2330850e+02
   2.0030000e+03   2.0000000e+00   1.5000000e+01   1.0000000e+01   3.2000000e+01   2.8000000e+01  -5.3541072e+01  -3.8362511e+01   5.0259091e+02   3.3124237e+00   1.7101082e+01   2.7434673e+00
   2.0030000e+03   2.0000000e+00   1.5000000e+01   1.0000000e+01   3.4000000e+01   9.0000000e+00  -5.3537420e+01  -3.8366858e+01   4.9698125e+02   2.9906184e+00   1.7142584e+01   4.8895094e+00
   2.0030000e+03   2.0000000e+00   1.5000000e+01   1.0000000e+01   3.5000000e+01   5.1000000e+01  -5.3534043e+01  -3.8371792e+01   4.9701877e+02   4.7899725e+00   2.4694577e+01   0.0000000e+00
   2.0030000e+03   2.0000000e+00   1.5000000e+01   1.0000000e+01   3.7000000e+01   3.3000000e+01  -5.3530620e+01  -3.8376720e+01   5.0058639e+02   7.0468286e+02   1.6827637e+03   1.6753043e+03
   2.0030000e+03   2.0000000e+00   1.5000000e+01   1.0000000e+01   3.9000000e+01   1.5000000e+01  -5.3527261e+01  -3.8381725e+01   4.9863802e+02   5.5867856e+00   1.3331801e+01   5.3615104e+00
   2.0030000e+03   2.0000000e+00   1.5000000e+01   1.0000000e+01   4.0000000e+01   5.7000000e+01  -5.3523872e+01  -3.8386699e+01   4.9979971e+02   1.0920344e+02   2.6142593e+02   2.1527051e+02
   2.0030000e+03   2.0000000e+00   1.5000000e+01   1.0000000e+01   4.2000000e+01   3.7000000e+01  -5.3520508e+01  -3.8391702e+01   4.9893758e+02   1.6893847e+02   4.0413665e+02   3.9856165e+02
   2.0030000e+03   2.0000000e+00   1.5000000e+01   1.0000000e+01   4.4000000e+01   1.6000000e+01  -5.3517129e+01  -3.8396671e+01   4.9872082e+02   3.2021776e+00   7.6413877e+00   3.7711723e+00
   2.0030000e+03   2.0000000e+00   1.5000000e+01   1.0000000e+01   4.5000000e+01   5.6000099e+01  -5.3513729e+01  -3.8401668e+01   5.0177899e+02   3.5905417e+00   8.5681447e+00   4.3283416e+00
   2.0030000e+03   2.0000000e+00   1.5000000e+01   1.0000000e+01   4.7000000e+01   3.7000000e+01  -5.3510397e+01  -3.8406674e+01   4.9651359e+02   3.0094123e+00   8.6182328e+00   1.9595638e+00
   2.0030000e+03   2.0000000e+00   1.5000000e+01   1.0000000e+01   4.9000000e+01   1.8000000e+01  -5.3507011e+01  -3.8411727e+01   5.0303035e+02   2.6565616e+00   7.8967165e+00   9.0506167e-01
   2.0030000e+03   2.0000000e+00   1.5000000e+01   1.0000000e+01   5.1000000e+01   0.0000000e+00  -5.3503657e+01  -3.8416693e+01   4.9662767e+02   3.5109273e+00   8.8200458e+00   1.4905601e+00
   2.0030000e+03   2.0000000e+00   1.5000000e+01   1.0000000e+01   5.2000000e+01   4.2000000e+01  -5.3500300e+01  -3.8421693e+01   4.9828863e+02   7.0962086e+00   1.8357166e+01   7.9835206e+00
   2.0030000e+03   2.0000000e+00   1.5000000e+01   1.0000000e+01   5.4000000e+01   2.4000000e+01  -5.3496949e+01  -3.8426747e+01   5.0029054e+02   2.4909005e+00   1.7156407e+01   3.4074052e+00
   2.0030000e+03   2.0000000e+00   1.5000000e+01   1.0000000e+01   5.6000000e+01   5.0000992e+00  -5.3493611e+01  -3.8431765e+01   4.9762021e+02   2.7714960e+00   1.7046032e+01   7.1362042e+00
   2.0030000e+03   2.0000000e+00   1.5000000e+01   1.0000000e+01   5.7000000e+01   4.7000000e+01  -5.3490272e+01  -3.8436795e+01   4.9824414e+02   2.5454604e+00   8.6075934e+00   3.0263697e+00
   2.0030000e+03   2.0000000e+00   1.5000000e+01   1.0000000e+01   5.9000000e+01   2.9000000e+01  -5.3486923e+01  -3.8441879e+01   5.0144592e+02   2.7241471e+00   7.5517476e+00   3.0551039e+00
   2.0030000e+03   2.0000000e+00   1.5000000e+01   1.1000000e+01   1.0000000e+00   1.0000099e+01  -5.3483599e+01  -3.8446983e+01   5.0032491e+02   3.8595312e+00   9.8063758e+00   4.3042971e+00
   2.0030000e+03   2.0000000e+00   1.5000000e+01   1.1000000e+01   2.0000000e+00   5.2000000e+01  -5.3480282e+01  -3.8452052e+01   4.9818135e+02   4.4425002e+00   1.0601182e+01   4.3312591e+00
   2.0030000e+03   2.0000000e+00   1.5000000e+01   1.1000000e+01   4.0000000e+00   3.7000000e+01  -5.3476966e+01  -3.8457150e+01   4.9949463e+02   1.1312064e+00   6.0876209e+00   3.8754495e+00
   2.0030000e+03   2.0000000e+00   1.5000000e+01   1.1000000e+01   6.0000000e+00   2.4000000e+01  -5.3473195e+01  -3.8461195e+01   4.9713199e+02   2.3664581e+00   6.5017976e+00   3.8062863e+00
   2.0030000e+03   2.0000000e+00   1.5000000e+01   1.1000000e+01   8.0000000e+00   1.0000000e+01  -5.3469426e+01  -3.8465299e+01   4.9905525e+02   4.4791309e+00   1.1223162e+01   1.4596231e+00
   2.0030000e+03   2.0000000e+00   1.5000000e+01   1.1000000e+01   9.0000000e+00   5.6000000e+01  -5.3465646e+01  -3.8469337e+01   4.9777609e+02   8.3897354e+00   2.0020508e+01   6.8111558e+00
   2.0030000e+03   2.0000000e+00   1.5000000e+01   1.1000000e+01   1.1000000e+01   4.3000000e+01  -5.3461504e+01  -3.8472141e+01   4.9625770e+02   8.0515488e+00   1.9459732e+01   1.2451309e+01
   2.0030000e+03   2.0000000e+00   1.5000000e+01   1.1000000e+01   1.3000000e+01   3.0000000e+01  -5.3457126e+01  -3.8473794e+01   4.9859749e+02   5.0924567e+00   1.3143815e+01   8.5367741e+00
   2.0030000e+03   2.0000000e+00   1.5000000e+01   1.1000000e+01   1.5000000e+01   1.7000000e+01  -5.3452695e+01  -3.8474956e+01   4.9832449e+02   6.4583250e+00   1.6238670e+01   1.3846532e+01
   2.0030000e+03   2.0000000e+00   1.5000000e+01   1.1000000e+01   1.7000000e+01   1.0000000e+00  -5.3448226e+01  -3.8474545e+01   4.9735003e+02   9.6747321e+00   2.3960851e+01   1.4611362e+01
   2.0030000e+03   2.0000000e+00   1.5000000e+01   1.1000000e+01   1.8000000e+01   4.2000000e+01  -5.3443794e+01  -3.8473362e+01   4.9870471e+02   1.1600892e+01   2.8546290e+01   2.2646577e+01
   2.0030000e+03   2.0000000e+00   1.5000000e+01   1.1000000e+01   2.0000000e+01   2.4000000e+01  -5.3439549e+01  -3.8470894e+01   4.9917706e+02   6.9899948e+00   1.9702392e+01   1.5909007e+01
   2.0030000e+03   2.0000000e+00   1.5000000e+01   1.1000000e+01   2.2000000e+01   6.0000000e+00  -5.3435598e+01  -3.8467427e+01   4.9540693e+02   1.0075407e+01   2.8548554e+01   2.2973975e+01
   2.0030000e+03   2.0000000e+00   1.5000000e+01   1.1000000e+01   2.3000000e+01   4.8000000e+01  -5.3431607e+01  -3.8463884e+01   5.0168126e+02   1.0828293e+01   2.5839662e+01   9.6823570e+00
   2.0030000e+03   2.0000000e+00   1.5000000e+01   1.1000000e+01   2.5000000e+01   3.1000000e+01  -5.3427906e+01  -3.8459701e+01   4.9571458e+02   7.0588856e+00   2.2679638e+01   1.1606616e+01
   2.0030000e+03   2.0000000e+00   1.5000000e+01   1.1000000e+01   2.7000000e+01   1.3000000e+01  -5.3424325e+01  -3.8455070e+01   5.0240933e+02   6.2037270e+00   2.2125465e+01   1.2900261e+01
   2.0030000e+03   2.0000000e+00   1.5000000e+01   1.1000000e+01   2.8000000e+01   5.5000000e+01  -5.3421258e+01  -3.8449703e+01   4.9243976e+02   9.2736157e+00   2.7666282e+01   1.7401278e+01
   2.0030000e+03   2.0000000e+00   1.5000000e+01   1.1000000e+01   3.0000000e+01   3.5000000e+01  -5.3418274e+01  -3.8444100e+01   4.9756970e+02   7.9460435e+00   3.1638910e+01   1.2010325e+01
   2.0030000e+03   2.0000000e+00   1.5000000e+01   1.1000000e+01   3.2000000e+01   1.5000000e+01  -5.3415312e+01  -3.8438430e+01   4.9929507e+02   7.3209230e+00   4.9479290e+01   4.2180114e+01
   2.0030000e+03   2.0000000e+00   1.5000000e+01   1.1000000e+01   3.3000000e+01   5.4000000e+01  -5.3412351e+01  -3.8432690e+01   5.0280776e+02   1.0788297e+01   2.6870374e+01   1.2821920e+01
   2.0030000e+03   2.0000000e+00   1.5000000e+01   1.1000000e+01   3.5000000e+01   3.3000000e+01  -5.3409830e+01  -3.8426513e+01   4.9585942e+02   7.9433564e+00   3.3166904e+01   1.6748685e+01
   2.0030000e+03   2.0000000e+00   1.5000000e+01   1.1000000e+01   3.7000000e+01   1.2000000e+01  -5.3407645e+01  -3.8419996e+01   4.9526870e+02   7.1814432e+00   2.1574729e+01   1.6108070e+01
   2.0030000e+03   2.0000000e+00   1.5000000e+01   1.1000000e+01   3.8000000e+01   5.2000000e+01  -5.3406307e+01  -3.8412814e+01   4.9842800e+02   3.3081707e+00   1.2669462e+01   4.1132515e+00
   2.0030000e+03   2.0000000e+00   1.5000000e+01   1.1000000e+01   4.0000000e+01   3.2000000e+01  -5.3405578e+01  -3.8405328e+01   5.0247818e+02   3.1773755e+00   3.1265743e+01   2.7552565e+01
