   2.0040000e+03   1.0000000e+00   9.0000000e+00   1.6000000e+01   1.7000000e+01   3.8000000e+01  -5.3253898e+01  -3.8751380e+01   4.9965508e+02   3.0020041e+00   8.8625917e+00   0.0000000e+00
   2.0040000e+03   1.0000000e+00   9.0000000e+00   1.6000000e+01   1.9000000e+01   1.1000000e+01  -5.3258332e+01  -3.8749862e+01   5.0288378e+02   1.7147767e+00   6.4423322e+00   1.2354264e+00
   2.0040000e+03   1.0000000e+00   9.0000000e+00   1.6000000e+01   2.0000000e+01   4.3000000e+01  -5.3262743e+01  -3.8748442e+01   4.9922102e+02   3.3086808e+00   1.0138768e+01   2.1495065e+00
   2.0040000e+03   1.0000000e+00   9.0000000e+00   1.6000000e+01   2.2000000e+01   1.4000000e+01  -5.3267120e+01  -3.8747037e+01   4.9519899e+02   9.2275196e-01   7.5685281e+00   4.3923493e+00
   2.0040000e+03   1.0000000e+00   9.0000000e+00   1.6000000e+01   2.3000000e+01   4.5000099e+01  -5.3271533e+01  -3.8745616e+01   4.9936465e+02   1.9891556e+00   1.1080056e+01   4.6396222e+00
   2.0040000e+03   1.0000000e+00   9.0000000e+00   1.6000000e+01   2.5000000e+01   1.6000000e+01  -5.3275936e+01  -3.8744106e+01   4.9947350e+02   1.0924726e+00   5.0123699e+00   4.2598468e+00
   2.0040000e+03   1.0000000e+00   9.0000000e+00   1.6000000e+01   2.6000000e+01   4.7000000e+01  -5.3280303e+01  -3.8742640e+01   4.9498369e+02   1.7205105e+00   7.1212864e+00   2.1623606e+00
   2.0040000e+03   1.0000000e+00   9.0000000e+00   1.6000000e+01   2.8000000e+01   2.0000000e+01  -5.3284750e+01  -3.8741153e+01   5.0385310e+02   6.6595020e-01   2.9863646e+00   7.5147067e-01
   2.0040000e+03   1.0000000e+00   9.0000000e+00   1.6000000e+01   2.9000000e+01   5.3000099e+01  -5.3289195e+01  -3.8739647e+01   5.0403462e+02   8.0867257e-01   2.9104369e+00   1.1906331e+00
   2.0040000e+03   1.0000000e+00   9.0000000e+00   1.6000000e+01   3.1000000e+01   2.5000000e+01  -5.3293579e+01  -3.8738144e+01   4.9724678e+02   9.2098821e-01   3.2008253e+00   1.4750719e+00
   2.0040000e+03   1.0000000e+00   9.0000000e+00   1.6000000e+01   3.2000000e+01   5.7000000e+01  -5.3297976e+01  -3.8736688e+01   4.9802740e+02   1.2772755e+00   3.4266269e+00   0.0000000e+00
   2.0040000e+03   1.0000000e+00   9.0000000e+00   1.6000000e+01   3.4000000e+01   2.9000000e+01  -5.3302393e+01  -3.8735230e+01   5.0024660e+02   6.6643682e-01   1.9208315e+00   0.0000000e+00
   2.0040000e+03   1.0000000e+00   9.0000000e+00   1.6000000e+01   3.6000000e+01   1.0000000e+00  -5.3306817e+01  -3.8733758e+01   5.0124360e+02   8.0184895e-01   3.1562183e+00   9.9865328e-01
   2.0040000e+03   1.0000000e+00   9.0000000e+00   1.6000000e+01   3.7000000e+01   3.3000000e+01  -5.3311226e+01  -3.8732312e+01   4.9922162e+02   9.5004547e-01   3.0799880e+00   0.0000000e+00
   2.0040000e+03   1.0000000e+00   9.0000000e+00   1.6000000e+01   3.9000000e+01   5.0000000e+00  -5.3315654e+01  -3.8730913e+01   5.0075259e+02   1.2272562e+00   3.5372481e+00   0.0000000e+00
   2.0040000e+03   1.0000000e+00   9.0000000e+00   1.6000000e+01   4.0000000e+01   3.6000000e+01  -5.3320043e+01  -3.8729500e+01   4.9667722e+02   8.5603392e-01   2.5400030e+00   0.0000000e+00
   2.0040000e+03   1.0000000e+00   9.0000000e+00   1.6000000e+01   4.2000000e+01   7.0000000e+00  -5.3324440e+01  -3.8728096e+01   4.9744165e+02   8.5459512e-01   2.4466036e+00   0.0000000e+00
   2.0040000e+03   1.0000000e+00   9.0000000e+00   1.6000000e+01   4.3000000e+01   3.7000000e+01  -5.3328798e+01  -3.8726739e+01   4.9252698e+02   8.0562564e-01   2.9016812e+00   0.0000000e+00
   2.0040000e+03   1.0000000e+00   9.0000000e+00   1.6000000e+01   4.5000000e+01   9.0000000e+00  -5.3333256e+01  -3.8725347e+01   5.0388245e+02   1.6466983e+00   4.3184581e+00   0.0000000e+00
   2.0040000e+03   1.0000000e+00   9.0000000e+00   1.6000000e+01   4.6000000e+01   4.0000000e+01  -5.3337641e+01  -3.8723948e+01   4.9606107e+02   2.5633517e+00   7.1380898e+00   0.0000000e+00
   2.0040000e+03   1.0000000e+00   9.0000000e+00   1.6000000e+01   4.8000000e+01   1.2000000e+01  -5.3342072e+01  -3.8722548e+01   5.0107308e+02   1.8247125e+00   4.6502558e+00   0.0000000e+00
   2.0040000e+03   1.0000000e+00   9.0000000e+00   1.6000000e+01   4.9000000e+01   4.4000000e+01  -5.3346482e+01  -3.8721215e+01   4.9792609e+02   2.9522353e+00   7.4685593e+00   0.0000000e+00
   2.0040000e+03   1.0000000e+00   9.0000000e+00   1.6000000e+01   5.1000000e+01   1.7000000e+01  -5.3350946e+01  -3.8719762e+01   5.0532927e+02   2.3353851e+00   6.9937918e+00   1.7017692e+00
   2.0040000e+03   1.0000000e+00   9.0000000e+00   1.6000000e+01   5.2000000e+01   4.8000000e+01  -5.3355291e+01  -3.8718350e+01   4.9175752e+02   2.4954006e+00   7.8231151e+00   1.3184356e+00
   2.0040000e+03   1.0000000e+00   9.0000000e+00   1.6000000e+01   5.4000000e+01   2.4000000e+01  -5.3359804e+01  -3.8716999e+01   5.0947049e+02   1.0572658e+00   2.9245617e+00   0.0000000e+00
   2.0040000e+03   1.0000000e+00   9.0000000e+00   1.6000000e+01   5.6000000e+01   4.0000000e+00  -5.3364366e+01  -3.8715580e+01   5.1562049e+02   1.3651013e+00   3.4171352e+00   0.0000000e+00
   2.0040000e+03   1.0000000e+00   9.0000000e+00   1.6000000e+01   5.7000000e+01   3.5000000e+01  -5.3368644e+01  -3.8714264e+01   4.8333129e+02   8.4548488e-01   2.0900776e+00   0.0000000e+00
   2.0040000e+03   1.0000000e+00   9.0000000e+00   1.6000000e+01   5.9000000e+01   1.1000099e+01  -5.3373066e+01  -3.8712950e+01   4.9895830e+02   8.9000701e-01   2.1440991e+00   8.3540753e-01
   2.0040000e+03   1.0000000e+00   9.0000000e+00   1.7000000e+01   0.0000000e+00   4.8000000e+01  -5.3377483e+01  -3.8711644e+01   4.9836183e+02   1.1188987e+00   3.2249356e+00   6.5801290e-01
   2.0040000e+03   1.0000000e+00   9.0000000e+00   1.7000000e+01   2.0000000e+00   2.5000000e+01  -5.3381910e+01  -3.8710288e+01   5.0008254e+02   1.4181846e+00   3.6451150e+00   8.2880657e-01
   2.0040000e+03   1.0000000e+00   9.0000000e+00   1.7000000e+01   4.0000000e+00   3.0000000e+00  -5.3386363e+01  -3.8708965e+01   5.0262943e+02   2.0178699e+00   5.0128749e+00   9.2757946e-01
   2.0040000e+03   1.0000000e+00   9.0000000e+00   1.7000000e+01   5.0000000e+00   3.9000000e+01  -5.3390763e+01  -3.8707691e+01   4.9606248e+02   1.6895221e+00   4.8696099e+00   0.0000000e+00
   2.0040000e+03   1.0000000e+00   9.0000000e+00   1.7000000e+01   7.0000000e+00   1.6000000e+01  -5.3395219e+01  -3.8706415e+01   5.0231476e+02   1.5618641e+00   4.5907761e+00   2.5485464e+00
   2.0040000e+03   1.0000000e+00   9.0000000e+00   1.7000000e+01   8.0000000e+00   5.4000099e+01  -5.3399684e+01  -3.8705162e+01   5.0315024e+02   2.2478679e+00   5.1221227e+00   3.7283388e+00
   2.0040000e+03   1.0000000e+00   9.0000000e+00   1.7000000e+01   1.0000000e+01   3.0000000e+01  -5.3404103e+01  -3.8703883e+01   4.9819510e+02   2.3227307e+00   6.6946694e+00   3.1345149e+00
   2.0040000e+03   1.0000000e+00   9.0000000e+00   1.7000000e+01   1.2000000e+01   7.0000000e+00  -5.3408582e+01  -3.8702601e+01   5.0492836e+02   1.1254192e+00   3.2437293e+00   0.0000000e+00
   2.0040000e+03   1.0000000e+00   9.0000000e+00   1.7000000e+01   1.3000000e+01   4.1999901e+01  -5.3412947e+01  -3.8701341e+01   4.9220392e+02   7.0081374e-01   2.0199141e+00   0.0000000e+00
   2.0040000e+03   1.0000000e+00   9.0000000e+00   1.7000000e+01   1.5000000e+01   2.1000000e+01  -5.3417411e+01  -3.8700038e+01   5.0343626e+02   1.1210215e+00   2.7057621e+00   0.0000000e+00
   2.0040000e+03   1.0000000e+00   9.0000000e+00   1.7000000e+01   1.6000000e+01   5.6000000e+01  -5.3421797e+01  -3.8698770e+01   4.9464686e+02   4.7526229e-01   1.4503493e+00   1.7574638e-01
   2.0040000e+03   1.0000000e+00   9.0000000e+00   1.7000000e+01   1.8000000e+01   3.4000000e+01  -5.3426238e+01  -3.8697487e+01   5.0071383e+02   2.7253870e-01   7.8552219e-01   1.6103790e-01
   2.0040000e+03   1.0000000e+00   9.0000000e+00   1.7000000e+01   2.0000000e+01   1.1000000e+01  -5.3430652e+01  -3.8696244e+01   4.9725653e+02   3.4887924e-01   1.3310906e+00   0.0000000e+00
   2.0040000e+03   1.0000000e+00   9.0000000e+00   1.7000000e+01   2.1000000e+01   4.8000000e+01  -5.3435081e+01  -3.8694914e+01   4.9999454e+02   7.7371693e-01   3.6632757e+00   0.0000000e+00
   2.0040000e+03   1.0000000e+00   9.0000000e+00   1.7000000e+01   2.3000000e+01   2.6000000e+01  -5.3439530e+01  -3.8693579e+01   5.0220374e+02   1.0894294e+00   3.1399981e+00   2.0477647e-01
   2.0040000e+03   1.0000000e+00   9.0000000e+00   1.7000000e+01   2.5000000e+01   3.0000000e+00  -5.3443960e+01  -3.8692245e+01   5.0012739e+02   1.0680689e+00   3.0784320e+00   0.0000000e+00
   2.0040000e+03   1.0000000e+00   9.0000000e+00   1.7000000e+01   2.6000000e+01   3.9000000e+01  -5.3448376e+01  -3.8690795e+01   4.9997003e+02   5.9551751e-01   1.7164249e+00   1.8316110e-01
   2.0040000e+03   1.0000000e+00   9.0000000e+00   1.7000000e+01   2.8000000e+01   1.5000000e+01  -5.3452765e+01  -3.8689349e+01   4.9708298e+02   7.6018040e-01   2.4530892e+00   2.6206617e-01
   2.0040000e+03   1.0000000e+00   9.0000000e+00   1.7000000e+01   2.9000000e+01   5.2000099e+01  -5.3457148e+01  -3.8687886e+01   4.9653018e+02   1.2545737e+00   4.1412259e+00   2.4520566e+00
   2.0040000e+03   1.0000000e+00   9.0000000e+00   1.7000000e+01   3.1000000e+01   3.0000000e+01  -5.3461598e+01  -3.8686430e+01   5.0374556e+02   9.2877495e-01   3.0330734e+00   2.0815766e-01
   2.0040000e+03   1.0000000e+00   9.0000000e+00   1.7000000e+01   3.3000000e+01   8.0000000e+00  -5.3466031e+01  -3.8684982e+01   5.0187446e+02   1.6765707e-01   3.2261414e+00   2.5286875e+00
   2.0040000e+03   1.0000000e+00   9.0000000e+00   1.7000000e+01   3.4000000e+01   4.6000099e+01  -5.3470443e+01  -3.8683566e+01   4.9907463e+02   2.6937403e-01   8.2326083e-01   0.0000000e+00
   2.0040000e+03   1.0000000e+00   9.0000000e+00   1.7000000e+01   3.6000000e+01   2.4000000e+01  -5.3474824e+01  -3.8682127e+01   4.9606455e+02   3.0097249e-01   9.0998020e-01   0.0000000e+00
   2.0040000e+03   1.0000000e+00   9.0000000e+00   1.7000000e+01   3.8000000e+01   3.0000000e+00  -5.3479235e+01  -3.8680657e+01   4.9967367e+02   5.2173008e-01   3.8148483e+00   2.0268939e+00
   2.0040000e+03   1.0000000e+00   9.0000000e+00   1.7000000e+01   3.9000000e+01   4.2000000e+01  -5.3483662e+01  -3.8679279e+01   5.0034697e+02   5.9644960e-01   1.9021332e+00   1.1557570e+00
   2.0040000e+03   1.0000000e+00   9.0000000e+00   1.7000000e+01   4.1000000e+01   2.1000000e+01  -5.3488043e+01  -3.8677903e+01   4.9524552e+02   7.7245825e-01   3.8078101e+00   1.7618066e+00
   2.0040000e+03   1.0000000e+00   9.0000000e+00   1.7000000e+01   4.3000000e+01   1.0000000e+00  -5.3492455e+01  -3.8676575e+01   4.9805926e+02   3.9535145e-01   2.9316451e+00   9.3634449e-01
   2.0040000e+03   1.0000000e+00   9.0000000e+00   1.7000000e+01   4.4000000e+01   4.1000000e+01  -5.3496902e+01  -3.8675219e+01   5.0217106e+02   1.5069020e-01   8.2483621e+00   7.4766457e+00
   2.0040000e+03   1.0000000e+00   9.0000000e+00   1.7000000e+01   4.6000000e+01   2.0000000e+01  -5.3501345e+01  -3.8673781e+01   5.0277477e+02   9.4878972e-02   3.9634067e-01   0.0000000e+00
   2.0040000e+03   1.0000000e+00   9.0000000e+00   1.7000000e+01   4.7000000e+01   5.8000000e+01  -5.3505750e+01  -3.8672359e+01   4.9847640e+02   1.1997060e-01   4.7330993e-01   0.0000000e+00
   2.0040000e+03   1.0000000e+00   9.0000000e+00   1.7000000e+01   4.9000000e+01   3.6000099e+01  -5.3510179e+01  -3.8670912e+01   5.0133944e+02   2.2354929e-01   1.4214265e+00   7.7710356e-01
   2.0040000e+03   1.0000000e+00   9.0000000e+00   1.7000000e+01   5.1000000e+01   1.4000000e+01  -5.3514597e+01  -3.8669453e+01   5.0024516e+02   7.5039574e-02   3.8364283e-01   0.0000000e+00
   2.0040000e+03   1.0000000e+00   9.0000000e+00   1.7000000e+01   5.2000000e+01   5.1000000e+01  -5.3518980e+01  -3.8668033e+01   4.9605614e+02   3.9388744e+00   1.2105054e+01   1.0363389e+01
   2.0040000e+03   1.0000000e+00   9.0000000e+00   1.7000000e+01   5.4000000e+01   2.8000000e+01  -5.3523380e+01  -3.8666548e+01   4.9867087e+02   5.1232297e-01   4.0672104e+00   8.6503252e-01
   2.0040000e+03   1.0000000e+00   9.0000000e+00   1.7000000e+01   5.6000000e+01   6.0000000e+00  -5.3527833e+01  -3.8665050e+01   5.0458236e+02   2.8366368e+00   8.1758706e+00   7.0709248e+00
   2.0040000e+03   1.0000000e+00   9.0000000e+00   1.7000000e+01   5.7000000e+01   4.3000000e+01  -5.3532211e+01  -3.8663560e+01   4.9632883e+02   1.3192239e+00   4.8856894e+00   1.9582496e+00
   2.0040000e+03   1.0000000e+00   9.0000000e+00   1.7000000e+01   5.9000000e+01   2.0000000e+01  -5.3536611e+01  -3.8662057e+01   4.9898900e+02   1.5186042e+00   4.4596301e+00   7.3989723e-01
   2.0040000e+03   1.0000000e+00   9.0000000e+00   1.8000000e+01   0.0000000e+00   5.7000000e+01  -5.3541050e+01  -3.8660497e+01   5.0381549e+02   1.7798403e+00   6.1710449e+00   1.8998162e+00
   2.0040000e+03   1.0000000e+00   9.0000000e+00   1.8000000e+01   2.0000000e+00   3.2999901e+01  -5.3545409e+01  -3.8658916e+01   4.9547830e+02   1.8027508e+00   6.2197677e+00   1.9340348e+00
   2.0040000e+03   1.0000000e+00   9.0000000e+00   1.8000000e+01   4.0000000e+00   1.0000000e+01  -5.3549799e+01  -3.8657366e+01   4.9851840e+02   1.4675284e+00   4.2297704e+00   3.3824647e+00
   2.0040000e+03   1.0000000e+00   9.0000000e+00   1.8000000e+01   5.0000000e+00   4.6999901e+01  -5.3554226e+01  -3.8655857e+01   5.0192466e+02   1.2163069e+00   3.9610327e+00   1.3370011e+00
   2.0040000e+03   1.0000000e+00   9.0000000e+00   1.8000000e+01   7.0000000e+00   2.3000000e+01  -5.3558645e+01  -3.8654376e+01   5.0063409e+02   2.9445807e+00   9.0013139e+00   7.1687917e+00
   2.0040000e+03   1.0000000e+00   9.0000000e+00   1.8000000e+01   8.0000000e+00   5.8000000e+01  -5.3563015e+01  -3.8652900e+01   4.9521519e+02   3.0450907e+00   8.7766851e+00   5.5368171e+00
   2.0040000e+03   1.0000000e+00   9.0000000e+00   1.8000000e+01   1.0000000e+01   3.3000099e+01  -5.3567401e+01  -3.8651455e+01   4.9665954e+02   3.3032647e+00   1.1136730e+01   6.4964327e+00
   2.0040000e+03   1.0000000e+00   9.0000000e+00   1.8000000e+01   1.2000000e+01   9.0000000e+00  -5.3571835e+01  -3.8650007e+01   5.0193117e+02   4.6166570e+00   1.3306318e+01   5.7550378e+00
   2.0040000e+03   1.0000000e+00   9.0000000e+00   1.8000000e+01   1.3000000e+01   4.5000000e+01  -5.3576275e+01  -3.8648524e+01   5.0292605e+02   4.5363952e+00   1.1831423e+01   8.0708060e+00
   2.0040000e+03   1.0000000e+00   9.0000000e+00   1.8000000e+01   1.5000000e+01   1.9999901e+01  -5.3580704e+01  -3.8647099e+01   5.0106493e+02   6.1890783e+00   1.6119779e+01   1.0501188e+01
   2.0040000e+03   1.0000000e+00   9.0000000e+00   1.8000000e+01   1.6000000e+01   5.4000000e+01  -5.3585149e+01  -3.8646269e+01   4.9697491e+02   4.0087883e+00   1.2643506e+01   7.9268238e+00
   2.0040000e+03   1.0000000e+00   9.0000000e+00   1.8000000e+01   1.8000000e+01   2.8000000e+01  -5.3589596e+01  -3.8645434e+01   4.9714263e+02   9.2640109e+00   2.5070015e+01   2.3581213e+01
   2.0040000e+03   1.0000000e+00   9.0000000e+00   1.8000000e+01   2.0000000e+01   3.0000000e+00  -5.3594089e+01  -3.8644937e+01   5.0040660e+02   5.2569594e+00   1.5151824e+01   1.3633220e+01
   2.0040000e+03   1.0000000e+00   9.0000000e+00   1.8000000e+01   2.1000000e+01   3.8999901e+01  -5.3598555e+01  -3.8644476e+01   4.9720497e+02   7.0950954e+00   2.0518181e+01   1.7604477e+01
   2.0040000e+03   1.0000000e+00   9.0000000e+00   1.8000000e+01   2.3000000e+01   1.5000000e+01  -5.3603041e+01  -3.8644022e+01   4.9931275e+02   4.7054609e+00   1.3129170e+01   7.8505130e+00
   2.0040000e+03   1.0000000e+00   9.0000000e+00   1.8000000e+01   2.4000000e+01   5.2000000e+01  -5.3607555e+01  -3.8643661e+01   5.0221070e+02   2.4022190e+00   5.0305094e+00   3.4517303e+00
   2.0040000e+03   1.0000000e+00   9.0000000e+00   1.8000000e+01   2.6000000e+01   2.9000000e+01  -5.3612037e+01  -3.8643288e+01   4.9867773e+02   3.6716930e+00   1.0100807e+01   7.3530235e+00
   2.0040000e+03   1.0000000e+00   9.0000000e+00   1.8000000e+01   2.8000000e+01   5.0000000e+00  -5.3616523e+01  -3.8642404e+01   5.0186928e+02   2.7392489e+00   1.0085875e+01   7.8626931e+00
   2.0040000e+03   1.0000000e+00   9.0000000e+00   1.8000000e+01   2.9000000e+01   4.0000099e+01  -5.3620910e+01  -3.8640921e+01   4.9710840e+02   1.8388181e+00   6.9219282e+00   5.1468491e+00
   2.0040000e+03   1.0000000e+00   9.0000000e+00   1.8000000e+01   3.1000000e+01   1.5000000e+01  -5.3625317e+01  -3.8639391e+01   5.0002231e+02   1.9306338e+00   5.7547677e+00   0.0000000e+00
   2.0040000e+03   1.0000000e+00   9.0000000e+00   1.8000000e+01   3.2000000e+01   5.1000000e+01  -5.3629736e+01  -3.8637837e+01   5.0155023e+02   2.8449439e+00   1.1629875e+01   1.2177481e-01
   2.0040000e+03   1.0000000e+00   9.0000000e+00   1.8000000e+01   3.4000000e+01   2.7000000e+01  -5.3634127e+01  -3.8636070e+01   5.0162889e+02   1.0888670e+00   5.4742202e+00   0.0000000e+00
   2.0040000e+03   1.0000000e+00   9.0000000e+00   1.8000000e+01   3.6000000e+01   2.0000000e+00  -5.3638440e+01  -3.8634248e+01   4.9413503e+02   8.7730346e-01   8.8230881e+00   6.7727169e+00
   2.0040000e+03   1.0000000e+00   9.0000000e+00   1.8000000e+01   3.7000000e+01   3.7000000e+01  -5.3642794e+01  -3.8632444e+01   4.9813768e+02   3.8071503e+00   1.2902180e+01   1.0263969e+01
   2.0040000e+03   1.0000000e+00   9.0000000e+00   1.8000000e+01   3.9000000e+01   1.3000099e+01  -5.3647156e+01  -3.8630715e+01   4.9798634e+02   3.9844292e+00   1.0574905e+01   7.8885396e+00
   2.0040000e+03   1.0000000e+00   9.0000000e+00   1.8000000e+01   4.0000000e+01   5.0000000e+01  -5.3651476e+01  -3.8628690e+01   4.9817691e+02   2.9737584e+00   9.2129572e+00   3.9472321e+00
   2.0040000e+03   1.0000000e+00   9.0000000e+00   1.8000000e+01   4.2000000e+01   2.7999901e+01  -5.3655626e+01  -3.8625804e+01   4.9878277e+02   5.5863044e+00   1.5779091e+01   8.5891323e+00
   2.0040000e+03   1.0000000e+00   9.0000000e+00   1.8000000e+01   4.4000000e+01   6.0000000e+00  -5.3659882e+01  -3.8623259e+01   5.0175152e+02   7.0681545e+00   1.9470430e+01   1.4496884e+01
   2.0040000e+03   1.0000000e+00   9.0000000e+00   1.8000000e+01   4.5000000e+01   4.4000000e+01  -5.3664286e+01  -3.8621733e+01   4.9952433e+02   2.0505966e+01   5.8503007e+01   5.3636586e+01
   2.0040000e+03   1.0000000e+00   9.0000000e+00   1.8000000e+01   4.7000000e+01   2.2000000e+01  -5.3668719e+01  -3.8620236e+01   5.0236540e+02   7.2106680e+00   1.9176679e+01   1.5208573e+01
   2.0040000e+03   1.0000000e+00   9.0000000e+00   1.8000000e+01   4.8000000e+01   5.9000000e+01  -5.3673117e+01  -3.8618887e+01   4.9673188e+02   9.4245356e+00   2.7163782e+01   2.1548688e+01
   2.0040000e+03   1.0000000e+00   9.0000000e+00   1.8000000e+01   5.0000000e+01   3.6000000e+01  -5.3677532e+01  -3.8617486e+01   4.9921871e+02   1.1444745e+01   3.1017686e+01   2.3335805e+01
   2.0040000e+03   1.0000000e+00   9.0000000e+00   1.8000000e+01   5.2000000e+01   1.4000000e+01  -5.3681969e+01  -3.8616052e+01   5.0196723e+02   9.3195581e+00   2.7099571e+01   9.2869072e+00
   2.0040000e+03   1.0000000e+00   9.0000000e+00   1.8000000e+01   5.3000000e+01   5.1999901e+01  -5.3686394e+01  -3.8614587e+01   5.0106017e+02   8.3671840e+00   2.4116240e+01   1.4156049e+01
   2.0040000e+03   1.0000000e+00   9.0000000e+00   1.8000000e+01   5.5000000e+01   3.0000000e+01  -5.3690823e+01  -3.8613374e+01   4.9860815e+02   4.0893326e+01   1.1810711e+02   1.1246311e+02
   2.0040000e+03   1.0000000e+00   9.0000000e+00   1.8000000e+01   5.7000000e+01   8.0000000e+00  -5.3695252e+01  -3.8612170e+01   4.9853440e+02   1.8236761e+01   5.0671256e+01   4.4318142e+01
   2.0040000e+03   1.0000000e+00   9.0000000e+00   1.8000000e+01   5.8000000e+01   4.6000000e+01  -5.3699673e+01  -3.8611004e+01   4.9713213e+02   3.6073865e+01   1.0885993e+02   1.0256203e+02
   2.0040000e+03   1.0000000e+00   9.0000000e+00   1.9000000e+01   0.0000000e+00   2.5000000e+01  -5.3704117e+01  -3.8609810e+01   5.0010677e+02   1.6301979e+02   5.0296168e+02   4.9956441e+02
   2.0040000e+03   1.0000000e+00   9.0000000e+00   1.9000000e+01   2.0000000e+00   4.0000000e+00  -5.3708561e+01  -3.8608575e+01   5.0039822e+02   5.2921062e+01   1.2600136e+02   1.1882045e+02
   2.0040000e+03   1.0000000e+00   9.0000000e+00   1.9000000e+01   3.0000000e+00   4.2000000e+01  -5.3712996e+01  -3.8607407e+01   4.9877384e+02   2.6000825e+01   3.6086578e+01   2.6916561e+01
   2.0040000e+03   1.0000000e+00   9.0000000e+00   1.9000000e+01   5.0000000e+00   1.9000000e+01  -5.3717418e+01  -3.8606133e+01   4.9850172e+02   2.3088437e+01   4.6169598e+01   3.5861384e+01
   2.0040000e+03   1.0000000e+00   9.0000000e+00   1.9000000e+01   6.0000000e+00   5.6000000e+01  -5.3721870e+01  -3.8604856e+01   5.0177298e+02   3.1255382e+01   2.4646575e+01   1.9372702e+01
   2.0040000e+03   1.0000000e+00   9.0000000e+00   1.9000000e+01   8.0000000e+00   3.2000000e+01  -5.3726301e+01  -3.8603624e+01   4.9900287e+02   1.7705396e+01   2.8756485e+01   1.7722316e+01
   2.0040000e+03   1.0000000e+00   9.0000000e+00   1.9000000e+01   1.0000000e+01   7.0000000e+00  -5.3730713e+01  -3.8602339e+01   4.9744523e+02   3.2849077e+01   6.1124672e+01   5.6420694e+01
   2.0040000e+03   1.0000000e+00   9.0000000e+00   1.9000000e+01   1.1000000e+01   4.2000000e+01  -5.3735141e+01  -3.8601018e+01   4.9961080e+02   3.4299037e+01   4.8214435e+01   4.2984355e+01
   2.0040000e+03   1.0000000e+00   9.0000000e+00   1.9000000e+01   1.3000000e+01   1.6999901e+01  -5.3739579e+01  -3.8599721e+01   5.0053799e+02   2.3461850e+01   3.9157332e+01   2.7582068e+01
   2.0040000e+03   1.0000000e+00   9.0000000e+00   1.9000000e+01   1.4000000e+01   5.2000000e+01  -5.3744050e+01  -3.8598398e+01   5.0428317e+02   3.6591448e+01   8.4287424e+01   3.8287198e+01
   2.0040000e+03   1.0000000e+00   9.0000000e+00   1.9000000e+01   1.6000000e+01   2.5000000e+01  -5.3748456e+01  -3.8597100e+01   4.9702751e+02   3.0439089e+01   5.0296645e+01   2.6511734e+01
   2.0040000e+03   1.0000000e+00   9.0000000e+00   1.9000000e+01   1.7000000e+01   5.8000000e+01  -5.3752862e+01  -3.8595857e+01   4.9637298e+02   2.5963254e+01   5.9759331e+01   2.9712432e+01
   2.0040000e+03   1.0000000e+00   9.0000000e+00   1.9000000e+01   1.9000000e+01   3.2000000e+01  -5.3757320e+01  -3.8594665e+01   5.0154440e+02   3.0071315e+01   4.9083852e+01   2.3089568e+01
   2.0040000e+03   1.0000000e+00   9.0000000e+00   1.9000000e+01   2.1000000e+01   5.0000000e+00  -5.3761766e+01  -3.8593573e+01   4.9922082e+02   1.8179171e+01   3.2660434e+01   2.2109920e+01
   2.0040000e+03   1.0000000e+00   9.0000000e+00   1.9000000e+01   2.2000000e+01   3.8000099e+01  -5.3766232e+01  -3.8592444e+01   5.0169118e+02   2.2357368e+01   2.8262265e+01   2.0590546e+01
   2.0040000e+03   1.0000000e+00   9.0000000e+00   1.9000000e+01   2.4000000e+01   1.2000000e+01  -5.3770754e+01  -3.8592277e+01   5.0261442e+02   1.3410170e+01   4.7833748e+01   4.5177288e+01
   2.0040000e+03   1.0000000e+00   9.0000000e+00   1.9000000e+01   2.5000000e+01   4.5000099e+01  -5.3775167e+01  -3.8593462e+01   4.9653341e+02   2.1349242e+01   2.1540372e+01   1.3670560e+01
   2.0040000e+03   1.0000000e+00   9.0000000e+00   1.9000000e+01   2.7000000e+01   1.8000099e+01  -5.3779569e+01  -3.8594320e+01   4.9239759e+02   1.2251759e+01   2.1140626e+01   1.4919127e+01
   2.0040000e+03   1.0000000e+00   9.0000000e+00   1.9000000e+01   2.8000000e+01   5.2000000e+01  -5.3784020e+01  -3.8595771e+01   5.0362294e+02   1.4303619e+01   3.1687730e+01   2.4940774e+01
   2.0040000e+03   1.0000000e+00   9.0000000e+00   1.9000000e+01   3.0000000e+01   2.5000000e+01  -5.3788461e+01  -3.8597234e+01   5.0283156e+02   1.4188284e+01   3.5815729e+01   2.5217237e+01
   2.0040000e+03   1.0000000e+00   9.0000000e+00   1.9000000e+01   3.1000000e+01   5.7000000e+01  -5.3792869e+01  -3.8598613e+01   4.9808522e+02   5.3894317e+01   1.3947054e+02   1.3187354e+02
   2.0040000e+03   1.0000000e+00   9.0000000e+00   1.9000000e+01   3.3000000e+01   2.9000000e+01  -5.3797316e+01  -3.8599973e+01   5.0207596e+02   4.3872159e+01   1.1966849e+02   1.0670474e+02
   2.0040000e+03   1.0000000e+00   9.0000000e+00   1.9000000e+01   3.5000000e+01   9.9182129e-05  -5.3801731e+01  -3.8601342e+01   4.9881006e+02   3.0805937e+01   8.2677810e+01   7.2554087e+01
   2.0040000e+03   1.0000000e+00   9.0000000e+00   1.9000000e+01   3.6000000e+01   3.0000000e+01  -5.3806118e+01  -3.8602638e+01   4.9481822e+02   1.6289209e+01   3.6601201e+01   2.9032341e+01
   2.0040000e+03   1.0000000e+00   9.0000000e+00   1.9000000e+01   3.8000000e+01   1.0000000e+00  -5.3810562e+01  -3.8603909e+01   5.0086059e+02   9.5365759e+00   1.8154366e+01   1.2447907e+01
   2.0040000e+03   1.0000000e+00   9.0000000e+00   1.9000000e+01   3.9000000e+01   3.3000000e+01  -5.3815037e+01  -3.8605122e+01   5.0360247e+02   2.0638506e+01   4.6986371e+01   3.8918956e+01
   2.0040000e+03   1.0000000e+00   9.0000000e+00   1.9000000e+01   4.1000000e+01   5.0000000e+00  -5.3819487e+01  -3.8606387e+01   5.0137457e+02   2.3800474e+01   6.5759212e+01   6.0532283e+01
   2.0040000e+03   1.0000000e+00   9.0000000e+00   1.9000000e+01   4.2000000e+01   3.7000000e+01  -5.3823895e+01  -3.8607704e+01   4.9732035e+02   1.7725188e+01   3.8842075e+01   3.4662850e+01
   2.0040000e+03   1.0000000e+00   9.0000000e+00   1.9000000e+01   4.4000000e+01   9.0000000e+00  -5.3828321e+01  -3.8609055e+01   4.9977991e+02   1.3885646e+01   4.0420123e+01   3.7137748e+00
   2.0040000e+03   1.0000000e+00   9.0000000e+00   1.9000000e+01   4.5000000e+01   4.1000000e+01  -5.3832758e+01  -3.8610357e+01   5.0038446e+02   8.2014181e+00   2.3212623e+01   1.8251882e+01
   2.0040000e+03   1.0000000e+00   9.0000000e+00   1.9000000e+01   4.7000000e+01   1.3000000e+01  -5.3837179e+01  -3.8611628e+01   4.9825448e+02   5.1387607e+00   1.0324143e+01   7.1449252e+00
   2.0040000e+03   1.0000000e+00   9.0000000e+00   1.9000000e+01   4.8000000e+01   4.5000000e+01  -5.3841594e+01  -3.8612860e+01   4.9725855e+02   5.6967745e+00   8.9143780e+00   7.6063934e+00
   2.0040000e+03   1.0000000e+00   9.0000000e+00   1.9000000e+01   5.0000000e+01   1.8000000e+01  -5.3846024e+01  -3.8614113e+01   4.9898105e+02   7.7255026e+00   1.8884678e+01   3.6736490e+00
   2.0040000e+03   1.0000000e+00   9.0000000e+00   1.9000000e+01   5.1000000e+01   5.2000000e+01  -5.3850503e+01  -3.8615246e+01   5.0322799e+02   4.3972985e+00   2.9677011e+00   5.8436318e-01
   2.0040000e+03   1.0000000e+00   9.0000000e+00   1.9000000e+01   5.3000000e+01   2.5000000e+01  -5.3854939e+01  -3.8616439e+01   4.9909062e+02   1.4706287e+01   2.5024182e+01   2.3007610e+01
   2.0040000e+03   1.0000000e+00   9.0000000e+00   1.9000000e+01   5.4000000e+01   5.8000000e+01  -5.3859395e+01  -3.8617548e+01   5.0051509e+02   1.2048018e+01   1.6975757e+01   1.5935534e+01
   2.0040000e+03   1.0000000e+00   9.0000000e+00   1.9000000e+01   5.6000000e+01   3.1000000e+01  -5.3863866e+01  -3.8618640e+01   5.0188145e+02   7.8795170e+00   1.4946665e+01   1.2194409e+01
   2.0040000e+03   1.0000000e+00   9.0000000e+00   1.9000000e+01   5.8000000e+01   3.0000000e+00  -5.3868290e+01  -3.8619813e+01   4.9758793e+02   1.3756233e+01   3.7205158e+01   3.5364981e+01
   2.0040000e+03   1.0000000e+00   9.0000000e+00   1.9000000e+01   5.9000000e+01   3.4000000e+01  -5.3872678e+01  -3.8621319e+01   4.9754496e+02   2.2181956e+01   2.9726358e+01   2.5811894e+01
   2.0040000e+03   1.0000000e+00   9.0000000e+00   2.0000000e+01   1.0000000e+00   5.0000000e+00  -5.3877063e+01  -3.8623101e+01   5.0099494e+02   1.3846345e+01   2.4068351e+01   1.9243156e+01
   2.0040000e+03   1.0000000e+00   9.0000000e+00   2.0000000e+01   2.0000000e+00   3.6000000e+01  -5.3881444e+01  -3.8624953e+01   5.0174863e+02   4.6131190e+01   4.0753707e+01   2.4831502e+01
   2.0040000e+03   1.0000000e+00   9.0000000e+00   2.0000000e+01   4.0000000e+00   6.0000000e+00  -5.3885804e+01  -3.8626747e+01   4.9847050e+02   8.2753617e+01   5.3341535e+01   2.0504295e+01
   2.0040000e+03   1.0000000e+00   9.0000000e+00   2.0000000e+01   5.0000000e+00   3.6000000e+01  -5.3890263e+01  -3.8627996e+01   5.0222183e+02   4.6281056e+01   6.6137081e+01   5.6882580e+01
   2.0040000e+03   1.0000000e+00   9.0000000e+00   2.0000000e+01   7.0000000e+00   5.0000000e+00  -5.3894692e+01  -3.8629079e+01   4.9719555e+02   4.8595678e+01   1.0404275e+02   9.2877837e+01
   2.0040000e+03   1.0000000e+00   9.0000000e+00   2.0000000e+01   8.0000000e+00   3.5000000e+01  -5.3899176e+01  -3.8629500e+01   4.9902115e+02   4.2019749e+01   1.0173001e+02   8.6305551e+01
   2.0040000e+03   1.0000000e+00   9.0000000e+00   2.0000000e+01   1.0000000e+01   6.0000000e+00  -5.3903687e+01  -3.8630030e+01   5.0246117e+02   2.4678356e+01   5.4636659e+01   4.8334764e+01
   2.0040000e+03   1.0000000e+00   9.0000000e+00   2.0000000e+01   1.1000000e+01   3.5000000e+01  -5.3908151e+01  -3.8630472e+01   4.9694014e+02   1.4528370e+01   3.0554879e+01   2.2809374e+01
   2.0040000e+03   1.0000000e+00   9.0000000e+00   2.0000000e+01   1.3000000e+01   4.0000000e+00  -5.3912625e+01  -3.8630680e+01   4.9732509e+02   1.2908810e+01   3.3375828e+01   2.2799356e+01
   2.0040000e+03   1.0000000e+00   9.0000000e+00   2.0000000e+01   1.4000000e+01   3.4000000e+01  -5.3917134e+01  -3.8630233e+01   5.0192613e+02   1.0798683e+01   2.2372662e+01   1.9856090e+01
   2.0040000e+03   1.0000000e+00   9.0000000e+00   2.0000000e+01   1.6000000e+01   4.0000000e+00  -5.3921661e+01  -3.8629764e+01   5.0392651e+02   1.7303848e+01   3.5064727e+01   2.8823423e+01
   2.0040000e+03   1.0000000e+00   9.0000000e+00   2.0000000e+01   1.7000000e+01   3.3000000e+01  -5.3926125e+01  -3.8629323e+01   4.9685600e+02   9.5768233e+00   2.4928551e+01   1.3659193e+01
   2.0040000e+03   1.0000000e+00   9.0000000e+00   2.0000000e+01   1.9000000e+01   1.0000000e+00  -5.3930591e+01  -3.8628824e+01   4.9733498e+02   8.8433606e+00   2.5488696e+01   1.6892157e+01
   2.0040000e+03   1.0000000e+00   9.0000000e+00   2.0000000e+01   2.0000000e+01   3.2000000e+01  -5.3935114e+01  -3.8628303e+01   5.0377875e+02   1.4995443e+01   4.4369372e+01   3.1475448e+01
   2.0040000e+03   1.0000000e+00   9.0000000e+00   2.0000000e+01   2.2000000e+01   2.0000000e+00  -5.3939604e+01  -3.8627812e+01   4.9996048e+02   7.6290753e+00   2.1988833e+01   1.5487530e+01
   2.0040000e+03   1.0000000e+00   9.0000000e+00   2.0000000e+01   2.3000000e+01   3.1000099e+01  -5.3944091e+01  -3.8627152e+01   5.0046007e+02   5.4832868e+00   1.6175760e+01   1.0216737e+01
   2.0040000e+03   1.0000000e+00   9.0000000e+00   2.0000000e+01   2.5000000e+01   0.0000000e+00  -5.3948537e+01  -3.8626359e+01   4.9671012e+02   5.4835061e+00   1.1910533e+01   7.2922754e+00
   2.0040000e+03   1.0000000e+00   9.0000000e+00   2.0000000e+01   2.6000000e+01   2.9000000e+01  -5.3952984e+01  -3.8625612e+01   4.9665203e+02   8.5278681e+00   2.2068033e+01   1.9440237e+01
   2.0040000e+03   1.0000000e+00   9.0000000e+00   2.0000000e+01   2.7000000e+01   5.9000099e+01  -5.3957470e+01  -3.8624880e+01   5.0074364e+02   9.0357115e+00   2.7027866e+01   2.2285513e+01
   2.0040000e+03   1.0000000e+00   9.0000000e+00   2.0000000e+01   2.9000000e+01   2.9000000e+01  -5.3961944e+01  -3.8624100e+01   4.9971229e+02   2.0242829e+00   8.0856618e+00   1.1669543e+00
   2.0040000e+03   1.0000000e+00   9.0000000e+00   2.0000000e+01   3.0000000e+01   5.9000000e+01  -5.3966407e+01  -3.8623242e+01   4.9916020e+02   2.8216626e+00   9.1620285e+00   0.0000000e+00
   2.0040000e+03   1.0000000e+00   9.0000000e+00   2.0000000e+01   3.2000000e+01   3.7000000e+01  -5.3971054e+01  -3.8622451e+01   5.1897122e+02   3.1326826e+00   7.2862331e+00   0.0000000e+00
