   2.0040000e+03   1.0000000e+00   1.6000000e+01   1.7000000e+01   1.8000000e+01   4.7000000e+01  -5.3901149e+01  -3.7818885e+01   4.9934324e+02   5.2911157e+00   1.5900526e+01   0.0000000e+00
   2.0040000e+03   1.0000000e+00   1.6000000e+01   1.7000000e+01   2.0000000e+01   4.0000000e+00  -5.3900902e+01  -3.7811302e+01   4.9725764e+02   6.1441847e+00   1.7709021e+01   0.0000000e+00
   2.0040000e+03   1.0000000e+00   1.6000000e+01   1.7000000e+01   2.1000000e+01   2.1000000e+01  -5.3900661e+01  -3.7803704e+01   4.9814720e+02   1.7080413e+00   7.9121595e+00   0.0000000e+00
   2.0040000e+03   1.0000000e+00   1.6000000e+01   1.7000000e+01   2.2000000e+01   4.0000000e+01  -5.3900383e+01  -3.7796044e+01   5.0248143e+02   4.9724897e+00   1.4331913e+01   0.0000000e+00
   2.0040000e+03   1.0000000e+00   1.6000000e+01   1.7000000e+01   2.4000000e+01   0.0000000e+00  -5.3900110e+01  -3.7788416e+01   5.0028909e+02   9.6106502e+00   2.7832717e+01   0.0000000e+00
   2.0040000e+03   1.0000000e+00   1.6000000e+01   1.7000000e+01   2.5000000e+01   2.1000000e+01  -5.3899832e+01  -3.7780789e+01   5.0032043e+02   1.1798551e+01   2.8762063e+01   0.0000000e+00
   2.0040000e+03   1.0000000e+00   1.6000000e+01   1.7000000e+01   2.6000000e+01   4.3000000e+01  -5.3899547e+01  -3.7773103e+01   5.0422023e+02   1.0183463e+00   4.1878133e+00   0.0000000e+00
   2.0040000e+03   1.0000000e+00   1.6000000e+01   1.7000000e+01   2.8000000e+01   6.0000000e+00  -5.3899149e+01  -3.7765539e+01   4.9716491e+02   2.7033702e+00   8.8295102e+00   0.0000000e+00
   2.0040000e+03   1.0000000e+00   1.6000000e+01   1.7000000e+01   2.9000000e+01   3.0000000e+01  -5.3898598e+01  -3.7757970e+01   4.9939243e+02   5.3834166e+00   1.5516304e+01   3.3012228e+00
   2.0040000e+03   1.0000000e+00   1.6000000e+01   1.7000000e+01   3.0000000e+01   5.2000000e+01  -5.3898306e+01  -3.7750359e+01   4.9932441e+02   3.2750600e+00   9.2262867e+00   2.5221515e+00
   2.0040000e+03   1.0000000e+00   1.6000000e+01   1.7000000e+01   3.2000000e+01   1.3000000e+01  -5.3898084e+01  -3.7742736e+01   4.9975202e+02   6.4063024e+00   1.8464507e+01   8.0647313e+00
   2.0040000e+03   1.0000000e+00   1.6000000e+01   1.7000000e+01   3.3000000e+01   3.4000000e+01  -5.3897527e+01  -3.7735207e+01   4.9682039e+02   4.6782332e+00   1.4143453e+01   9.3022704e+00
   2.0040000e+03   1.0000000e+00   1.6000000e+01   1.7000000e+01   3.4000000e+01   5.6000000e+01  -5.3896859e+01  -3.7727589e+01   5.0428935e+02   1.1365076e+01   3.2354558e+01   3.0449845e+01
   2.0040000e+03   1.0000000e+00   1.6000000e+01   1.7000000e+01   3.6000000e+01   2.1000000e+01  -5.3895352e+01  -3.7720418e+01   4.9852520e+02   3.5640304e+00   1.0113850e+01   7.3482821e+00
   2.0040000e+03   1.0000000e+00   1.6000000e+01   1.7000000e+01   3.7000000e+01   5.1000000e+01  -5.3892745e+01  -3.7714233e+01   4.9791569e+02   1.7034547e+00   2.6385302e+00   0.0000000e+00
   2.0040000e+03   1.0000000e+00   1.6000000e+01   1.7000000e+01   3.9000000e+01   2.9000000e+01  -5.3888518e+01  -3.7712866e+01   4.7817589e+02   2.3232886e+00   5.5834097e+00   2.9698841e+00
   2.0040000e+03   1.0000000e+00   1.6000000e+01   1.7000000e+01   4.1000000e+01   8.0000000e+00  -5.3884100e+01  -3.7714449e+01   5.0167894e+02   2.5133575e+00   6.5233067e+00   3.6370790e+00
   2.0040000e+03   1.0000000e+00   1.6000000e+01   1.7000000e+01   4.2000000e+01   4.2000000e+01  -5.3879681e+01  -3.7716154e+01   5.0362791e+02   2.0079233e+00   5.4261935e+00   3.4863993e+00
   2.0040000e+03   1.0000000e+00   1.6000000e+01   1.7000000e+01   4.4000000e+01   1.5000000e+01  -5.3875282e+01  -3.7717661e+01   4.9869805e+02   1.6317153e+00   4.7029966e+00   2.1149264e+00
   2.0040000e+03   1.0000000e+00   1.6000000e+01   1.7000000e+01   4.5000000e+01   4.9000000e+01  -5.3870896e+01  -3.7719347e+01   4.9966505e+02   1.0168040e+00   3.0339766e+00   1.9527622e+00
   2.0040000e+03   1.0000000e+00   1.6000000e+01   1.7000000e+01   4.7000000e+01   2.3000000e+01  -5.3866533e+01  -3.7721024e+01   4.9717614e+02   1.4571918e+00   4.1999779e+00   7.0262689e-01
   2.0040000e+03   1.0000000e+00   1.6000000e+01   1.7000000e+01   4.8000000e+01   5.8000000e+01  -5.3862145e+01  -3.7722688e+01   4.9962670e+02   2.5932546e+00   7.5362872e+00   1.8965748e+00
   2.0040000e+03   1.0000000e+00   1.6000000e+01   1.7000000e+01   5.0000000e+01   3.4000000e+01  -5.3857762e+01  -3.7724372e+01   4.9934564e+02   2.8633649e+00   5.8381779e+00   0.0000000e+00
   2.0040000e+03   1.0000000e+00   1.6000000e+01   1.7000000e+01   5.2000000e+01   1.1000000e+01  -5.3853358e+01  -3.7726045e+01   5.0149415e+02   1.1480500e+00   3.6231763e+00   2.0113580e+00
   2.0040000e+03   1.0000000e+00   1.6000000e+01   1.7000000e+01   5.3000000e+01   4.6000000e+01  -5.3848979e+01  -3.7727687e+01   4.9843312e+02   1.9611787e+00   5.6525896e+00   4.5857886e-01
   2.0040000e+03   1.0000000e+00   1.6000000e+01   1.7000000e+01   5.5000000e+01   2.3000000e+01  -5.3844578e+01  -3.7729397e+01   5.0165926e+02   2.4949120e+00   4.1677139e+00   3.7254711e-01
   2.0040000e+03   1.0000000e+00   1.6000000e+01   1.7000000e+01   5.7000000e+01   0.0000000e+00  -5.3840150e+01  -3.7731101e+01   5.0462626e+02   1.8884075e+00   6.0247847e+00   0.0000000e+00
   2.0040000e+03   1.0000000e+00   1.6000000e+01   1.7000000e+01   5.8000000e+01   3.6000000e+01  -5.3835761e+01  -3.7732693e+01   4.9874156e+02   1.0578729e+00   3.0490447e+00   5.1131026e-01
   2.0040000e+03   1.0000000e+00   1.6000000e+01   1.8000000e+01   0.0000000e+00   1.2000000e+01  -5.3831401e+01  -3.7734311e+01   4.9598057e+02   1.6181851e+00   4.6639994e+00   6.8989093e-01
   2.0040000e+03   1.0000000e+00   1.6000000e+01   1.8000000e+01   1.0000000e+00   4.9000000e+01  -5.3827043e+01  -3.7736177e+01   4.9939947e+02   4.4112412e+00   8.5167515e+00   0.0000000e+00
   2.0040000e+03   1.0000000e+00   1.6000000e+01   1.8000000e+01   3.0000000e+00   2.6000000e+01  -5.3822684e+01  -3.7737997e+01   4.9889763e+02   4.0115270e+00   7.8898994e+00   0.0000000e+00
   2.0040000e+03   1.0000000e+00   1.6000000e+01   1.8000000e+01   5.0000000e+00   3.0000000e+00  -5.3818306e+01  -3.7739833e+01   5.0111615e+02   3.9222699e+00   1.1304927e+01   4.2452216e-01
   2.0040000e+03   1.0000000e+00   1.6000000e+01   1.8000000e+01   6.0000000e+00   4.0000000e+01  -5.3813938e+01  -3.7741692e+01   5.0046663e+02   2.1809022e+00   4.3805358e+00   0.0000000e+00
   2.0040000e+03   1.0000000e+00   1.6000000e+01   1.8000000e+01   8.0000000e+00   1.7000000e+01  -5.3809592e+01  -3.7743558e+01   4.9826241e+02   2.0996472e+00   6.0516893e+00   7.0684350e-01
   2.0040000e+03   1.0000000e+00   1.6000000e+01   1.8000000e+01   9.0000000e+00   5.5000000e+01  -5.3805202e+01  -3.7745405e+01   5.0263082e+02   2.9571262e+00   8.5742544e+00   8.9428052e-01
   2.0040000e+03   1.0000000e+00   1.6000000e+01   1.8000000e+01   1.1000000e+01   3.3000000e+01  -5.3800814e+01  -3.7747273e+01   5.0277497e+02   2.6355006e+00   7.5961477e+00   1.1487230e+00
   2.0040000e+03   1.0000000e+00   1.6000000e+01   1.8000000e+01   1.3000000e+01   1.1000000e+01  -5.3796570e+01  -3.7749586e+01   4.9546622e+02   3.3652684e+00   8.1588988e+00   1.3121184e+00
   2.0040000e+03   1.0000000e+00   1.6000000e+01   1.8000000e+01   1.4000000e+01   4.9000000e+01  -5.3792296e+01  -3.7751971e+01   4.9996199e+02   6.3053406e+00   1.8043935e+01   2.4038623e+00
   2.0040000e+03   1.0000000e+00   1.6000000e+01   1.8000000e+01   1.6000000e+01   2.7000000e+01  -5.3787984e+01  -3.7754329e+01   5.0354355e+02   3.9693891e+00   9.4420370e+00   1.0632099e+00
   2.0040000e+03   1.0000000e+00   1.6000000e+01   1.8000000e+01   1.8000000e+01   5.0000000e+00  -5.3783709e+01  -3.7756620e+01   4.9830449e+02   4.8890456e+00   8.4619224e+00   1.2680344e+00
   2.0040000e+03   1.0000000e+00   1.6000000e+01   1.8000000e+01   1.9000000e+01   4.3000000e+01  -5.3779460e+01  -3.7758951e+01   4.9633935e+02   3.1459305e+00   9.0673296e+00   2.6164371e+00
   2.0040000e+03   1.0000000e+00   1.6000000e+01   1.8000000e+01   2.1000000e+01   2.2000000e+01  -5.3775212e+01  -3.7761329e+01   4.9722239e+02   5.9364030e+00   8.8758633e+00   1.8527557e+00
   2.0040000e+03   1.0000000e+00   1.6000000e+01   1.8000000e+01   2.3000000e+01   2.0000000e+00  -5.3770919e+01  -3.7763743e+01   5.0265568e+02   4.9778686e+00   7.2185965e+00   2.9427860e+00
   2.0040000e+03   1.0000000e+00   1.6000000e+01   1.8000000e+01   2.4000000e+01   4.1000000e+01  -5.3766651e+01  -3.7766158e+01   5.0005778e+02   4.3391861e+00   5.1763249e+00   3.1666099e+00
   2.0040000e+03   1.0000000e+00   1.6000000e+01   1.8000000e+01   2.6000000e+01   2.0000000e+01  -5.3762406e+01  -3.7768515e+01   4.9650895e+02   3.2096502e+00   8.1041426e+00   4.6617017e+00
   2.0040000e+03   1.0000000e+00   1.6000000e+01   1.8000000e+01   2.8000000e+01   1.0000000e+00  -5.3758120e+01  -3.7770998e+01   5.0344794e+02   2.9109801e+00   8.3901459e+00   5.5995509e+00
   2.0040000e+03   1.0000000e+00   1.6000000e+01   1.8000000e+01   2.9000000e+01   4.2000000e+01  -5.3753838e+01  -3.7773513e+01   5.0361777e+02   2.7482514e+00   8.6176913e+00   2.7644364e+00
   2.0040000e+03   1.0000000e+00   1.6000000e+01   1.8000000e+01   3.1000000e+01   2.2000000e+01  -5.3749622e+01  -3.7775905e+01   4.9417165e+02   2.8627165e+00   8.2832834e+00   5.2527228e+00
   2.0040000e+03   1.0000000e+00   1.6000000e+01   1.8000000e+01   3.3000000e+01   2.0000000e+00  -5.3745381e+01  -3.7778268e+01   4.9616245e+02   2.0301401e+00   5.8513530e+00   4.6194160e+00
   2.0040000e+03   1.0000000e+00   1.6000000e+01   1.8000000e+01   3.4000000e+01   4.2000000e+01  -5.3741002e+01  -3.7780092e+01   5.0114183e+02   2.7369746e+00   5.6492672e+00   3.4111828e+00
   2.0040000e+03   1.0000000e+00   1.6000000e+01   1.8000000e+01   3.6000000e+01   2.1000000e+01  -5.3736519e+01  -3.7781042e+01   5.0205269e+02   4.6600828e+00   9.6111528e+00   6.7273720e+00
   2.0040000e+03   1.0000000e+00   1.6000000e+01   1.8000000e+01   3.8000000e+01   0.0000000e+00  -5.3732040e+01  -3.7781757e+01   4.9997102e+02   3.0914445e+00   8.9468364e+00   5.3935770e+00
   2.0040000e+03   1.0000000e+00   1.6000000e+01   1.8000000e+01   3.9000000e+01   3.9000000e+01  -5.3727555e+01  -3.7782465e+01   5.0051569e+02   2.6664300e+00   7.8652125e+00   5.7015586e+00
   2.0040000e+03   1.0000000e+00   1.6000000e+01   1.8000000e+01   4.1000000e+01   1.8000000e+01  -5.3723137e+01  -3.7783390e+01   4.9470918e+02   3.3046368e+00   7.8038488e+00   6.9506825e+00
   2.0040000e+03   1.0000000e+00   1.6000000e+01   1.8000000e+01   4.2000000e+01   5.9000000e+01  -5.3718763e+01  -3.7785137e+01   4.9939551e+02   7.9147212e+00   1.9125203e+01   1.4627447e+01
   2.0040000e+03   1.0000000e+00   1.6000000e+01   1.8000000e+01   4.4000000e+01   4.1000000e+01  -5.3714382e+01  -3.7786994e+01   5.0187058e+02   1.4348320e+01   2.0062186e+01   1.7314886e+01
   2.0040000e+03   1.0000000e+00   1.6000000e+01   1.8000000e+01   4.6000000e+01   2.3000000e+01  -5.3709987e+01  -3.7788819e+01   5.0291803e+02   6.9350546e+00   1.8297850e+01   1.3712730e+01
   2.0040000e+03   1.0000000e+00   1.6000000e+01   1.8000000e+01   4.8000000e+01   5.0000000e+00  -5.3705645e+01  -3.7790614e+01   4.9674435e+02   6.3540769e+00   1.9681051e+01   1.6025032e+01
   2.0040000e+03   1.0000000e+00   1.6000000e+01   1.8000000e+01   4.9000000e+01   4.7000000e+01  -5.3701288e+01  -3.7792462e+01   4.9917387e+02   8.2331184e+00   2.3845149e+01   1.8392574e+01
   2.0040000e+03   1.0000000e+00   1.6000000e+01   1.8000000e+01   5.1000000e+01   2.9000000e+01  -5.3696949e+01  -3.7794257e+01   4.9641758e+02   5.2703075e+00   1.5329569e+01   1.3227241e+01
   2.0040000e+03   1.0000000e+00   1.6000000e+01   1.8000000e+01   5.3000000e+01   1.1000000e+01  -5.3692517e+01  -3.7795582e+01   5.0011390e+02   4.3012319e+00   1.2753710e+01   1.0008189e+01
   2.0040000e+03   1.0000000e+00   1.6000000e+01   1.8000000e+01   5.4000000e+01   5.3000000e+01  -5.3688051e+01  -3.7796698e+01   5.0168617e+02   3.1331066e+00   9.0303680e+00   7.5795994e+00
   2.0040000e+03   1.0000000e+00   1.6000000e+01   1.8000000e+01   5.6000000e+01   3.4000000e+01  -5.3683606e+01  -3.7797769e+01   4.9892796e+02   9.1664657e+00   1.0599648e+01   9.3711811e+00
   2.0040000e+03   1.0000000e+00   1.6000000e+01   1.8000000e+01   5.8000000e+01   1.4000000e+01  -5.3679163e+01  -3.7798854e+01   4.9882858e+02   4.4320834e+00   1.0244283e+01   8.7158029e+00
   2.0040000e+03   1.0000000e+00   1.6000000e+01   1.8000000e+01   5.9000000e+01   5.5000000e+01  -5.3674721e+01  -3.7799950e+01   4.9885123e+02   3.9410227e+00   8.6049120e+00   5.7602306e+00
   2.0040000e+03   1.0000000e+00   1.6000000e+01   1.9000000e+01   1.0000000e+00   3.7000000e+01  -5.3670215e+01  -3.7800969e+01   5.0510453e+02   2.3837910e+00   5.6382021e+00   5.4197950e+00
   2.0040000e+03   1.0000000e+00   1.6000000e+01   1.9000000e+01   3.0000000e+00   1.8000000e+01  -5.3665758e+01  -3.7801995e+01   4.9986967e+02   4.0829750e+00   1.0363764e+01   7.5009532e+00
   2.0040000e+03   1.0000000e+00   1.6000000e+01   1.9000000e+01   4.0000000e+00   5.9000000e+01  -5.3661316e+01  -3.7802937e+01   4.9754742e+02   2.8460187e+00   7.9921645e+00   5.8121416e+00
   2.0040000e+03   1.0000000e+00   1.6000000e+01   1.9000000e+01   6.0000000e+00   4.0000000e+01  -5.3656877e+01  -3.7803869e+01   4.9705661e+02   2.8695992e+00   8.8429324e+00   7.5097704e+00
   2.0040000e+03   1.0000000e+00   1.6000000e+01   1.9000000e+01   8.0000000e+00   2.1000000e+01  -5.3652408e+01  -3.7804782e+01   5.0020612e+02   3.0193735e+00   8.0856378e+00   5.2355269e+00
   2.0040000e+03   1.0000000e+00   1.6000000e+01   1.9000000e+01   1.0000000e+01   3.0000000e+00  -5.3647934e+01  -3.7805679e+01   5.0060304e+02   1.2736566e+00   4.3675000e+00   1.4668236e+00
   2.0040000e+03   1.0000000e+00   1.6000000e+01   1.9000000e+01   1.1000000e+01   4.4000000e+01  -5.3643443e+01  -3.7806629e+01   5.0301240e+02   5.2740340e+00   1.4471175e+01   1.6884195e+00
   2.0040000e+03   1.0000000e+00   1.6000000e+01   1.9000000e+01   1.3000000e+01   2.4000000e+01  -5.3639056e+01  -3.7807972e+01   4.9538264e+02   4.1306225e+00   4.3801955e+00   1.3920114e+00
   2.0040000e+03   1.0000000e+00   1.6000000e+01   1.9000000e+01   1.5000000e+01   4.0000000e+00  -5.3634635e+01  -3.7809307e+01   4.9908940e+02   3.0395417e+01   4.3513925e+01   3.7289161e+01
   2.0040000e+03   1.0000000e+00   1.6000000e+01   1.9000000e+01   1.6000000e+01   4.5000000e+01  -5.3630171e+01  -3.7810701e+01   5.0444063e+02   3.1954697e+01   8.8635297e+01   7.7883160e+01
   2.0040000e+03   1.0000000e+00   1.6000000e+01   1.9000000e+01   1.8000000e+01   2.4000000e+01  -5.3625749e+01  -3.7812050e+01   4.9938160e+02   6.9925667e+00   1.5995100e+01   4.4631972e+00
   2.0040000e+03   1.0000000e+00   1.6000000e+01   1.9000000e+01   2.0000000e+01   3.0000000e+00  -5.3621334e+01  -3.7813468e+01   4.9938587e+02   7.5673399e+00   1.6610397e+01   7.8901088e+00
   2.0040000e+03   1.0000000e+00   1.6000000e+01   1.9000000e+01   2.1000000e+01   4.2000000e+01  -5.3616925e+01  -3.7814779e+01   4.9750885e+02   3.1799530e+00   7.3245479e+00   3.1400654e+00
   2.0040000e+03   1.0000000e+00   1.6000000e+01   1.9000000e+01   2.3000000e+01   2.1000000e+01  -5.3612453e+01  -3.7815581e+01   4.9980739e+02   5.0372593e+00   1.4950014e+01   8.5447085e+00
   2.0040000e+03   1.0000000e+00   1.6000000e+01   1.9000000e+01   2.4000000e+01   5.9999901e+01  -5.3607981e+01  -3.7816360e+01   4.9947973e+02   5.3246007e+00   1.5715514e+01   5.7244075e+00
   2.0040000e+03   1.0000000e+00   1.6000000e+01   1.9000000e+01   2.6000000e+01   4.1000099e+01  -5.3603491e+01  -3.7817363e+01   5.0328690e+02   2.9235533e+00   8.5248976e+00   4.0909245e+00
   2.0040000e+03   1.0000000e+00   1.6000000e+01   1.9000000e+01   2.8000000e+01   2.3000099e+01  -5.3599092e+01  -3.7818828e+01   4.9827101e+02   6.3549056e+00   8.2901244e+00   2.5696972e+00
   2.0040000e+03   1.0000000e+00   1.6000000e+01   1.9000000e+01   3.0000000e+01   4.0000992e+00  -5.3594722e+01  -3.7820431e+01   4.9699511e+02   1.0411721e+01   1.2825135e+01   2.4572550e+00
   2.0040000e+03   1.0000000e+00   1.6000000e+01   1.9000000e+01   3.1000000e+01   4.5000099e+01  -5.3590327e+01  -3.7822104e+01   5.0074644e+02   1.4911491e+01   2.9872108e+01   7.7956001e+00
   2.0040000e+03   1.0000000e+00   1.6000000e+01   1.9000000e+01   3.3000000e+01   2.7000099e+01  -5.3585936e+01  -3.7823902e+01   5.0212530e+02   1.2995969e+01   2.1310351e+01   1.0645339e+01
   2.0040000e+03   1.0000000e+00   1.6000000e+01   1.9000000e+01   3.5000000e+01   8.0000000e+00  -5.3581611e+01  -3.7825781e+01   4.9624142e+02   8.0537258e+00   1.6988561e+01   1.2875098e+01
   2.0040000e+03   1.0000000e+00   1.6000000e+01   1.9000000e+01   3.6000000e+01   4.8000000e+01  -5.3577296e+01  -3.7827665e+01   4.9535926e+02   1.1317002e+01   3.0996546e+01   1.7738669e+01
   2.0040000e+03   1.0000000e+00   1.6000000e+01   1.9000000e+01   3.8000000e+01   2.9000000e+01  -5.3572893e+01  -3.7829587e+01   5.0541445e+02   2.5041557e+01   6.0369066e+01   4.9448006e+01
   2.0040000e+03   1.0000000e+00   1.6000000e+01   1.9000000e+01   4.0000000e+01   1.1000000e+01  -5.3568568e+01  -3.7831720e+01   5.0075573e+02   2.6057921e+01   7.2580245e+01   6.6419379e+01
   2.0040000e+03   1.0000000e+00   1.6000000e+01   1.9000000e+01   4.1000000e+01   5.3000000e+01  -5.3564234e+01  -3.7833803e+01   5.0091889e+02   1.8767318e+01   3.4483977e+01   2.5867260e+01
   2.0040000e+03   1.0000000e+00   1.6000000e+01   1.9000000e+01   4.3000000e+01   3.5000000e+01  -5.3559939e+01  -3.7835847e+01   4.9594211e+02   1.6650007e+01   4.6327201e+01   2.3612041e+01
   2.0040000e+03   1.0000000e+00   1.6000000e+01   1.9000000e+01   4.5000000e+01   1.9000099e+01  -5.3555603e+01  -3.7837964e+01   5.0169118e+02   1.3777186e+01   2.4539961e+01   1.4351027e+01
   2.0040000e+03   1.0000000e+00   1.6000000e+01   1.9000000e+01   4.7000000e+01   3.0000000e+00  -5.3551289e+01  -3.7839983e+01   4.9748843e+02   1.2718482e+01   2.1609757e+01   1.6425639e+01
   2.0040000e+03   1.0000000e+00   1.6000000e+01   1.9000000e+01   4.8000000e+01   4.7000000e+01  -5.3546925e+01  -3.7841966e+01   5.0232127e+02   1.5557112e+01   2.3391035e+01   2.1178496e+01
   2.0040000e+03   1.0000000e+00   1.6000000e+01   1.9000000e+01   5.0000000e+01   3.3000000e+01  -5.3542590e+01  -3.7843902e+01   4.9837819e+02   6.1740251e+00   1.2126863e+01   7.6415792e+00
   2.0040000e+03   1.0000000e+00   1.6000000e+01   1.9000000e+01   5.2000000e+01   1.9000000e+01  -5.3538283e+01  -3.7845811e+01   4.9497188e+02   2.1300358e+01   5.4875386e+01   4.9425908e+01
   2.0040000e+03   1.0000000e+00   1.6000000e+01   1.9000000e+01   5.4000000e+01   4.0000000e+00  -5.3533905e+01  -3.7847616e+01   5.0079789e+02   8.2745397e+02   2.3855287e+03   2.3728017e+03
   2.0040000e+03   1.0000000e+00   1.6000000e+01   1.9000000e+01   5.5000000e+01   4.8000099e+01  -5.3529468e+01  -3.7849081e+01   5.0251126e+02   1.0254374e+01   2.9791945e+01   2.1396533e+01
   2.0040000e+03   1.0000000e+00   1.6000000e+01   1.9000000e+01   5.7000000e+01   3.2000000e+01  -5.3525064e+01  -3.7850631e+01   4.9990849e+02   8.1009890e+00   2.0645463e+01   1.2110467e+01
   2.0040000e+03   1.0000000e+00   1.6000000e+01   1.9000000e+01   5.9000000e+01   1.6000000e+01  -5.3520684e+01  -3.7852265e+01   4.9853155e+02   4.5646615e+00   1.4431518e+01   2.2106414e+00
   2.0040000e+03   1.0000000e+00   1.6000000e+01   2.0000000e+01   1.0000000e+00   1.0000992e+00  -5.3516279e+01  -3.7853894e+01   5.0119882e+02   4.6696320e+00   1.6037817e+01   9.4850903e+00
   2.0040000e+03   1.0000000e+00   1.6000000e+01   2.0000000e+01   2.0000000e+00   4.7000000e+01  -5.3511899e+01  -3.7855424e+01   4.9712930e+02   6.2212932e+00   1.7931266e+01   1.0484955e+01
   2.0040000e+03   1.0000000e+00   1.6000000e+01   2.0000000e+01   4.0000000e+00   3.2000000e+01  -5.3507501e+01  -3.7857043e+01   5.0028402e+02   2.0779597e+01   6.1153808e+01   5.1170089e+01
   2.0040000e+03   1.0000000e+00   1.6000000e+01   2.0000000e+01   6.0000000e+00   1.7000099e+01  -5.3503112e+01  -3.7858604e+01   4.9847741e+02   3.1232087e+00   9.0018401e+00   1.6886289e+00
   2.0040000e+03   1.0000000e+00   1.6000000e+01   2.0000000e+01   8.0000000e+00   3.0000000e+00  -5.3498704e+01  -3.7860167e+01   5.0054778e+02   2.2487323e+00   8.2629953e+00   3.6313422e+00
   2.0040000e+03   1.0000000e+00   1.6000000e+01   2.0000000e+01   9.0000000e+00   4.9000000e+01  -5.3494334e+01  -3.7861599e+01   4.9474472e+02   1.1022349e+01   3.8431678e+01   2.5930211e+01
   2.0040000e+03   1.0000000e+00   1.6000000e+01   2.0000000e+01   1.1000000e+01   3.1999901e+01  -5.3489917e+01  -3.7863209e+01   5.0220500e+02   6.8728128e+00   2.1468410e+01   1.3754988e+01
   2.0040000e+03   1.0000000e+00   1.6000000e+01   2.0000000e+01   1.3000000e+01   1.1000000e+01  -5.3485470e+01  -3.7864845e+01   5.0585702e+02   3.9640755e+00   1.0320334e+01   3.8666172e+00
   2.0040000e+03   1.0000000e+00   1.6000000e+01   2.0000000e+01   1.4000000e+01   5.0000000e+01  -5.3481100e+01  -3.7866461e+01   4.9720426e+02   3.0555916e+00   9.3003671e+00   3.6477299e+00
   2.0040000e+03   1.0000000e+00   1.6000000e+01   2.0000000e+01   1.6000000e+01   3.3000000e+01  -5.3476779e+01  -3.7868314e+01   4.9557545e+02   1.9305481e+00   5.5643048e+00   0.0000000e+00
   2.0040000e+03   1.0000000e+00   1.6000000e+01   2.0000000e+01   1.8000000e+01   1.8000099e+01  -5.3472434e+01  -3.7870507e+01   5.0408314e+02   2.3377757e+00   6.8865527e+00   1.6267287e+00
   2.0040000e+03   1.0000000e+00   1.6000000e+01   2.0000000e+01   2.0000000e+01   3.0000000e+00  -5.3468123e+01  -3.7872631e+01   4.9927028e+02   1.2520848e+00   7.6160814e+00   4.0072714e+00
   2.0040000e+03   1.0000000e+00   1.6000000e+01   2.0000000e+01   2.1000000e+01   4.8000000e+01  -5.3463841e+01  -3.7874764e+01   4.9624131e+02   2.5201075e+00   9.2719408e+00   4.8260050e+00
   2.0040000e+03   1.0000000e+00   1.6000000e+01   2.0000000e+01   2.3000000e+01   3.1000099e+01  -5.3459568e+01  -3.7876909e+01   4.9560691e+02   2.3614787e+00   1.0174202e+01   3.6034111e+00
   2.0040000e+03   1.0000000e+00   1.6000000e+01   2.0000000e+01   2.5000000e+01   1.4000099e+01  -5.3455217e+01  -3.7879085e+01   5.0445597e+02   2.3543681e+00   7.4522228e+00   0.0000000e+00
   2.0040000e+03   1.0000000e+00   1.6000000e+01   2.0000000e+01   2.6000000e+01   5.7000000e+01  -5.3450833e+01  -3.7880632e+01   4.9776020e+02   2.9972759e+00   9.0277836e+00   0.0000000e+00
   2.0040000e+03   1.0000000e+00   1.6000000e+01   2.0000000e+01   2.8000000e+01   3.9000000e+01  -5.3446399e+01  -3.7881408e+01   4.9539232e+02   1.3909555e+00   4.3577188e+00   0.0000000e+00
   2.0040000e+03   1.0000000e+00   1.6000000e+01   2.0000000e+01   3.0000000e+01   2.1000000e+01  -5.3441924e+01  -3.7882146e+01   4.9970157e+02   1.3968411e+00   5.6949524e+00   1.3418639e+00
   2.0040000e+03   1.0000000e+00   1.6000000e+01   2.0000000e+01   3.2000000e+01   1.9999008e+00  -5.3437461e+01  -3.7882889e+01   4.9828582e+02   1.9290492e+00   6.6327018e+00   2.3099692e+00
   2.0040000e+03   1.0000000e+00   1.6000000e+01   2.0000000e+01   3.3000000e+01   4.3999901e+01  -5.3432977e+01  -3.7883587e+01   5.0045875e+02   1.5780493e+00   6.4857154e+00   2.1408149e+00
   2.0040000e+03   1.0000000e+00   1.6000000e+01   2.0000000e+01   3.5000000e+01   2.8000000e+01  -5.3428488e+01  -3.7884263e+01   5.0076171e+02   1.4732738e+00   4.7715858e+00   0.0000000e+00
   2.0040000e+03   1.0000000e+00   1.6000000e+01   2.0000000e+01   3.7000000e+01   1.3000000e+01  -5.3424024e+01  -3.7884923e+01   4.9801861e+02   1.9218512e+00   6.3655403e+00   0.0000000e+00
   2.0040000e+03   1.0000000e+00   1.6000000e+01   2.0000000e+01   3.8000000e+01   5.7000099e+01  -5.3419504e+01  -3.7885468e+01   5.0352133e+02   2.6393535e+00   1.0991911e+01   3.1520281e-01
   2.0040000e+03   1.0000000e+00   1.6000000e+01   2.0000000e+01   4.0000000e+01   3.7000000e+01  -5.3415091e+01  -3.7886121e+01   4.9226164e+02   1.4908399e+00   7.1830963e+00   2.6778046e+00
   2.0040000e+03   1.0000000e+00   1.6000000e+01   2.0000000e+01   4.2000000e+01   1.5000000e+01  -5.3410625e+01  -3.7886799e+01   4.9831668e+02   3.5967372e+00   1.0366663e+01   1.8177996e+00
   2.0040000e+03   1.0000000e+00   1.6000000e+01   2.0000000e+01   4.3000000e+01   5.3000099e+01  -5.3406080e+01  -3.7887431e+01   5.0676117e+02   1.9270188e+00   6.7988242e+00   0.0000000e+00
   2.0040000e+03   1.0000000e+00   1.6000000e+01   2.0000000e+01   4.5000000e+01   3.1000000e+01  -5.3401615e+01  -3.7888136e+01   4.9839790e+02   1.1369371e+00   4.8804562e+00   0.0000000e+00
   2.0040000e+03   1.0000000e+00   1.6000000e+01   2.0000000e+01   4.7000000e+01   9.0000000e+00  -5.3397142e+01  -3.7889180e+01   5.0174143e+02   5.9476129e-01   4.3463454e+00   0.0000000e+00
   2.0040000e+03   1.0000000e+00   1.6000000e+01   2.0000000e+01   4.8000000e+01   4.7000000e+01  -5.3392690e+01  -3.7890275e+01   5.0006650e+02   1.4613562e+00   6.2397720e+00   1.0166804e+00
   2.0040000e+03   1.0000000e+00   1.6000000e+01   2.0000000e+01   5.0000000e+01   2.4000000e+01  -5.3388309e+01  -3.7891522e+01   4.9371038e+02   2.4594604e+00   7.5379124e+00   0.0000000e+00
   2.0040000e+03   1.0000000e+00   1.6000000e+01   2.0000000e+01   5.2000000e+01   0.0000000e+00  -5.3383876e+01  -3.7892818e+01   5.0009345e+02   2.8605935e+00   8.3595589e+00   4.8745805e+00
   2.0040000e+03   1.0000000e+00   1.6000000e+01   2.0000000e+01   5.3000000e+01   3.5000000e+01  -5.3379435e+01  -3.7894095e+01   5.0072261e+02   1.6151707e+00   5.3764903e+00   1.8104856e+00
   2.0040000e+03   1.0000000e+00   1.6000000e+01   2.0000000e+01   5.5000000e+01   1.1000000e+01  -5.3375009e+01  -3.7895372e+01   4.9898445e+02   2.3576695e+00   6.9628673e+00   0.0000000e+00
   2.0040000e+03   1.0000000e+00   1.6000000e+01   2.0000000e+01   5.6000000e+01   4.8000000e+01  -5.3370588e+01  -3.7896648e+01   4.9847776e+02   3.6260366e+02   1.0069730e+03   1.0040980e+03
   2.0040000e+03   1.0000000e+00   1.6000000e+01   2.0000000e+01   5.8000000e+01   2.5000000e+01  -5.3366156e+01  -3.7897932e+01   4.9977258e+02   5.5312850e-01   1.1225117e+00   0.0000000e+00
   2.0040000e+03   1.0000000e+00   1.6000000e+01   2.1000000e+01   0.0000000e+00   2.0000000e+00  -5.3361763e+01  -3.7899304e+01   4.9657296e+02   1.7832540e+00   5.5495111e+00   0.0000000e+00
   2.0040000e+03   1.0000000e+00   1.6000000e+01   2.1000000e+01   1.0000000e+00   3.9000000e+01  -5.3357318e+01  -3.7900707e+01   5.0263095e+02   2.0021170e+00   4.2147589e+00   0.0000000e+00
   2.0040000e+03   1.0000000e+00   1.6000000e+01   2.1000000e+01   3.0000000e+00   1.6000000e+01  -5.3352877e+01  -3.7902057e+01   5.0150278e+02   2.2545857e+00   8.0819337e+00   0.0000000e+00
   2.0040000e+03   1.0000000e+00   1.6000000e+01   2.1000000e+01   4.0000000e+00   5.3000000e+01  -5.3348465e+01  -3.7903385e+01   4.9819036e+02   3.9325658e+00   8.1597648e+00   0.0000000e+00
   2.0040000e+03   1.0000000e+00   1.6000000e+01   2.1000000e+01   6.0000000e+00   3.2000099e+01  -5.3344068e+01  -3.7904718e+01   4.9655497e+02   3.0017352e+00   8.0961857e+00   0.0000000e+00
   2.0040000e+03   1.0000000e+00   1.6000000e+01   2.1000000e+01   8.0000000e+00   1.2000000e+01  -5.3339638e+01  -3.7905833e+01   4.9769397e+02   3.1871034e+00   8.7738603e+00   1.0730165e+00
   2.0040000e+03   1.0000000e+00   1.6000000e+01   2.1000000e+01   9.0000000e+00   5.0000000e+01  -5.3335139e+01  -3.7906591e+01   5.0245991e+02   2.9341224e+00   9.6738894e+00   0.0000000e+00
   2.0040000e+03   1.0000000e+00   1.6000000e+01   2.1000000e+01   1.1000000e+01   2.7000000e+01  -5.3330646e+01  -3.7907328e+01   5.0174048e+02   1.3930751e+00   4.0151780e+00   0.0000000e+00
   2.0040000e+03   1.0000000e+00   1.6000000e+01   2.1000000e+01   1.3000000e+01   7.0000000e+00  -5.3326222e+01  -3.7908591e+01   4.9865877e+02   2.5904904e+00   8.0842004e+00   6.1778308e-01
   2.0040000e+03   1.0000000e+00   1.6000000e+01   2.1000000e+01   1.4000000e+01   4.9000000e+01  -5.3321778e+01  -3.7909997e+01   5.0253423e+02   2.0712491e+00   5.9698388e+00   1.2053444e+00
   2.0040000e+03   1.0000000e+00   1.6000000e+01   2.1000000e+01   1.6000000e+01   2.9000000e+01  -5.3317430e+01  -3.7911519e+01   4.9355534e+02   2.2523329e+00   6.6175768e+00   1.6731608e+00
   2.0040000e+03   1.0000000e+00   1.6000000e+01   2.1000000e+01   1.8000000e+01   7.0000000e+00  -5.3313031e+01  -3.7913036e+01   4.9915322e+02   2.0905437e+00   6.6212141e+00   7.9387681e-01
   2.0040000e+03   1.0000000e+00   1.6000000e+01   2.1000000e+01   1.9000000e+01   4.5000000e+01  -5.3308646e+01  -3.7914537e+01   4.9731927e+02   2.7659616e+00   6.0351250e+00   1.0185324e+00
   2.0040000e+03   1.0000000e+00   1.6000000e+01   2.1000000e+01   2.1000000e+01   2.5000000e+01  -5.3304204e+01  -3.7916074e+01   5.0403970e+02   1.5274578e+00   4.2125665e+00   1.2173226e+00
   2.0040000e+03   1.0000000e+00   1.6000000e+01   2.1000000e+01   2.3000000e+01   6.0000000e+00  -5.3299842e+01  -3.7917659e+01   4.9603044e+02   1.5541858e+00   5.1626081e+00   0.0000000e+00
   2.0040000e+03   1.0000000e+00   1.6000000e+01   2.1000000e+01   2.4000000e+01   4.6000000e+01  -5.3295469e+01  -3.7919207e+01   4.9666276e+02   1.5119689e+00   5.2046367e+00   0.0000000e+00
   2.0040000e+03   1.0000000e+00   1.6000000e+01   2.1000000e+01   2.6000000e+01   2.5000099e+01  -5.3291034e+01  -3.7920765e+01   5.0356845e+02   3.3332243e-01   4.2600873e+00   4.9132572e-01
   2.0040000e+03   1.0000000e+00   1.6000000e+01   2.1000000e+01   2.8000000e+01   5.0000000e+00  -5.3286607e+01  -3.7922305e+01   5.0243862e+02   5.7040204e-01   1.6440361e+00   0.0000000e+00
   2.0040000e+03   1.0000000e+00   1.6000000e+01   2.1000000e+01   2.9000000e+01   4.7000099e+01  -5.3282209e+01  -3.7923825e+01   4.9899440e+02   1.2171884e+00   8.7972218e-01   0.0000000e+00
   2.0040000e+03   1.0000000e+00   1.6000000e+01   2.1000000e+01   3.1000000e+01   2.8000000e+01  -5.3277838e+01  -3.7925329e+01   4.9588741e+02   2.7737269e+00   7.9945493e+00   0.0000000e+00
   2.0040000e+03   1.0000000e+00   1.6000000e+01   2.1000000e+01   3.3000000e+01   8.0000000e+00  -5.3273423e+01  -3.7926876e+01   5.0125020e+02   1.7671875e+00   5.5927791e+00   0.0000000e+00
   2.0040000e+03   1.0000000e+00   1.6000000e+01   2.1000000e+01   3.4000000e+01   4.8000000e+01  -5.3268998e+01  -3.7928437e+01   5.0254672e+02   2.2019016e+00   6.3464110e+00   3.9211676e+00
   2.0040000e+03   1.0000000e+00   1.6000000e+01   2.1000000e+01   3.6000000e+01   2.8000000e+01  -5.3264610e+01  -3.7930099e+01   4.9998756e+02   4.6064344e-01   3.5386864e+00   0.0000000e+00
   2.0040000e+03   1.0000000e+00   1.6000000e+01   2.1000000e+01   3.8000000e+01   9.0000000e+00  -5.3260267e+01  -3.7931676e+01   4.9376762e+02   1.5190115e+00   8.3950666e+00   0.0000000e+00
   2.0040000e+03   1.0000000e+00   1.6000000e+01   2.1000000e+01   3.9000000e+01   5.2000000e+01  -5.3255874e+01  -3.7933232e+01   4.9907451e+02   1.5201676e+00   4.8089371e+00   6.4424103e-01
   2.0040000e+03   1.0000000e+00   1.6000000e+01   2.1000000e+01   4.1000000e+01   3.6000000e+01  -5.3251465e+01  -3.7934848e+01   5.0150878e+02   2.2086790e+00   5.6655722e+00   1.0909575e+00
   2.0040000e+03   1.0000000e+00   1.6000000e+01   2.1000000e+01   4.3000000e+01   1.9000000e+01  -5.3247061e+01  -3.7936403e+01   5.0018533e+02   3.4856196e-01   2.2427976e+00   2.2579127e-01
   2.0040000e+03   1.0000000e+00   1.6000000e+01   2.1000000e+01   4.5000000e+01   0.0000000e+00  -5.3242641e+01  -3.7937907e+01   5.0118879e+02   7.7776600e-01   2.8004661e+00   0.0000000e+00
   2.0040000e+03   1.0000000e+00   1.6000000e+01   2.1000000e+01   4.6000000e+01   4.1000000e+01  -5.3238269e+01  -3.7939403e+01   4.9596428e+02   1.1756074e+00   5.2471987e+00   0.0000000e+00
   2.0040000e+03   1.0000000e+00   1.6000000e+01   2.1000000e+01   4.8000000e+01   2.3000000e+01  -5.3233886e+01  -3.7940948e+01   4.9772862e+02   1.6426174e+00   6.2895444e+00   6.5637455e-01
   2.0040000e+03   1.0000000e+00   1.6000000e+01   2.1000000e+01   5.0000000e+01   4.0000000e+00  -5.3229443e+01  -3.7942249e+01   5.0125065e+02   2.2136326e-01   3.3689649e+00   0.0000000e+00
   2.0040000e+03   1.0000000e+00   1.6000000e+01   2.1000000e+01   5.1000000e+01   4.5000000e+01  -5.3225001e+01  -3.7943270e+01   4.9820055e+02   1.4147158e+00   5.1599606e+00   4.5157878e-01
   2.0040000e+03   1.0000000e+00   1.6000000e+01   2.1000000e+01   5.3000000e+01   2.7000000e+01  -5.3220530e+01  -3.7943982e+01   4.9915525e+02   1.6688036e+00   8.5894133e+00   0.0000000e+00
   2.0040000e+03   1.0000000e+00   1.6000000e+01   2.1000000e+01   5.5000000e+01   1.0000000e+01  -5.3216078e+01  -3.7944693e+01   4.9694264e+02   2.0220784e+00   6.5154806e+00   4.7701447e-01
   2.0040000e+03   1.0000000e+00   1.6000000e+01   2.1000000e+01   5.6000000e+01   5.3000000e+01  -5.3211593e+01  -3.7945294e+01   4.9990980e+02   8.7983290e-01   6.3896817e+00   0.0000000e+00
   2.0040000e+03   1.0000000e+00   1.6000000e+01   2.1000000e+01   5.8000000e+01   3.4000000e+01  -5.3207082e+01  -3.7945940e+01   5.0317973e+02   1.4825770e+00   6.8543607e+00   0.0000000e+00
   2.0040000e+03   1.0000000e+00   1.6000000e+01   2.2000000e+01   0.0000000e+00   1.5000000e+01  -5.3202587e+01  -3.7946456e+01   5.0064928e+02   1.1924412e+00   3.4369027e+00   0.0000000e+00
   2.0040000e+03   1.0000000e+00   1.6000000e+01   2.2000000e+01   1.0000000e+00   5.5000000e+01  -5.3198126e+01  -3.7946459e+01   4.9565412e+02   5.4544432e-01   4.7333643e+00   0.0000000e+00
   2.0040000e+03   1.0000000e+00   1.6000000e+01   2.2000000e+01   3.0000000e+00   4.5000000e+01  -5.3193705e+01  -3.7944760e+01   5.0415985e+02   3.0279846e-01   1.7639316e+00   0.0000000e+00
   2.0040000e+03   1.0000000e+00   1.6000000e+01   2.2000000e+01   5.0000000e+00   4.3999901e+01  -5.3189558e+01  -3.7944783e+01   4.6074493e+02   1.9745307e-01   2.3264229e+00   0.0000000e+00
   2.0040000e+03   1.0000000e+00   1.6000000e+01   2.2000000e+01   7.0000000e+00   3.4999901e+01  -5.3184951e+01  -3.7944622e+01   5.1209443e+02   2.1275286e-01   6.5365180e-01   0.0000000e+00
   2.0040000e+03   1.0000000e+00   1.6000000e+01   2.2000000e+01   9.0000000e+00   1.8000000e+01  -5.3180412e+01  -3.7944475e+01   5.0449040e+02   6.8554465e-01   2.9060334e+00   9.0881533e-01
   2.0040000e+03   1.0000000e+00   1.6000000e+01   2.2000000e+01   1.1000000e+01   0.0000000e+00  -5.3175948e+01  -3.7944757e+01   4.9633072e+02   4.5018846e-01   1.6610489e+00   0.0000000e+00
   2.0040000e+03   1.0000000e+00   1.6000000e+01   2.2000000e+01   1.2000000e+01   4.2000000e+01  -5.3171444e+01  -3.7945253e+01   5.0163171e+02   5.1647116e-01   5.6479894e-01   0.0000000e+00
   2.0040000e+03   1.0000000e+00   1.6000000e+01   2.2000000e+01   1.4000000e+01   2.5000000e+01  -5.3166931e+01  -3.7945814e+01   5.0287772e+02   9.9969458e-01   2.1146049e+00   0.0000000e+00
