   2.0040000e+03   1.0000000e+00   8.0000000e+00   9.0000000e+00   1.0000000e+01   2.3999901e+01  -5.3315067e+01  -3.9307227e+01   4.9763437e+02   3.9451053e+00   1.0051056e+01   7.6748889e+00
   2.0040000e+03   1.0000000e+00   8.0000000e+00   9.0000000e+00   1.2000000e+01   1.0000000e+00  -5.3319423e+01  -3.9309159e+01   5.0082511e+02   3.2175939e+00   8.0726472e+00   7.8239797e+00
   2.0040000e+03   1.0000000e+00   8.0000000e+00   9.0000000e+00   1.3000000e+01   3.6000099e+01  -5.3323839e+01  -3.9308338e+01   4.9366021e+02   1.8155711e+00   7.2250568e+00   4.6851248e+00
   2.0040000e+03   1.0000000e+00   8.0000000e+00   9.0000000e+00   1.5000000e+01   9.0000000e+00  -5.3328178e+01  -3.9306140e+01   5.0378158e+02   2.7797592e+00   8.0119359e+00   5.7460172e+00
   2.0040000e+03   1.0000000e+00   8.0000000e+00   9.0000000e+00   1.6000000e+01   4.3000099e+01  -5.3332496e+01  -3.9304093e+01   4.9862530e+02   1.6564320e+00   7.2279169e+00   4.3756306e+00
   2.0040000e+03   1.0000000e+00   8.0000000e+00   9.0000000e+00   1.8000000e+01   1.9000000e+01  -5.3336804e+01  -3.9301962e+01   4.9912702e+02   1.4815059e+01   4.2859611e+01   5.0670775e+00
   2.0040000e+03   1.0000000e+00   8.0000000e+00   9.0000000e+00   1.9000000e+01   5.6000000e+01  -5.3341063e+01  -3.9299814e+01   4.9428017e+02   6.8662226e+01   2.0075220e+02   1.9785725e+02
   2.0040000e+03   1.0000000e+00   8.0000000e+00   9.0000000e+00   2.1000000e+01   3.5000000e+01  -5.3345376e+01  -3.9297701e+01   4.9931367e+02   2.7510537e-01   4.8183502e+00   4.5424049e+00
   2.0040000e+03   1.0000000e+00   8.0000000e+00   9.0000000e+00   2.3000000e+01   1.5000000e+01  -5.3349779e+01  -3.9296121e+01   5.0035261e+02   1.0088731e+01   2.7847404e+01   2.7485697e+01
   2.0040000e+03   1.0000000e+00   8.0000000e+00   9.0000000e+00   2.4000000e+01   5.5000000e+01  -5.3354205e+01  -3.9294613e+01   5.0194893e+02   2.3812176e-01   6.8632430e-01   4.5985763e-01
   2.0040000e+03   1.0000000e+00   8.0000000e+00   9.0000000e+00   2.6000000e+01   3.4999901e+01  -5.3358627e+01  -3.9293344e+01   4.9854579e+02   3.1625489e+00   3.2874200e+02   3.2812908e+02
   2.0040000e+03   1.0000000e+00   8.0000000e+00   9.0000000e+00   2.8000000e+01   1.4000000e+01  -5.3363027e+01  -3.9291962e+01   4.9743775e+02   5.3307470e-01   1.5364497e+00   0.0000000e+00
   2.0040000e+03   1.0000000e+00   8.0000000e+00   9.0000000e+00   2.9000000e+01   5.4000000e+01  -5.3367433e+01  -3.9290484e+01   4.9926718e+02   3.5138272e-01   7.5709313e-01   0.0000000e+00
   2.0040000e+03   1.0000000e+00   8.0000000e+00   9.0000000e+00   3.1000000e+01   3.4000000e+01  -5.3371813e+01  -3.9289017e+01   4.9628529e+02   3.9378969e-01   1.1349968e+00   0.0000000e+00
   2.0040000e+03   1.0000000e+00   8.0000000e+00   9.0000000e+00   3.3000000e+01   1.2000099e+01  -5.3376198e+01  -3.9287506e+01   4.9751491e+02   7.4602302e-01   2.7742512e+01   2.6266052e+01
   2.0040000e+03   1.0000000e+00   8.0000000e+00   9.0000000e+00   3.4000000e+01   4.8000000e+01  -5.3380602e+01  -3.9286088e+01   4.9834073e+02   5.5592580e+00   1.6955347e+01   1.2406653e+01
   2.0040000e+03   1.0000000e+00   8.0000000e+00   9.0000000e+00   3.6000000e+01   2.3000000e+01  -5.3385068e+01  -3.9284652e+01   5.0530995e+02   7.4466735e-01   5.1344802e+00   3.6998829e+00
   2.0040000e+03   1.0000000e+00   8.0000000e+00   9.0000000e+00   3.7000000e+01   5.9000099e+01  -5.3389464e+01  -3.9283173e+01   4.9811758e+02   5.2695619e-01   1.8172512e+01   1.7254576e+01
   2.0040000e+03   1.0000000e+00   8.0000000e+00   9.0000000e+00   3.9000000e+01   3.6000000e+01  -5.3393875e+01  -3.9281739e+01   4.9929340e+02   6.1307224e-01   3.5198879e+00   2.1539062e+00
   2.0040000e+03   1.0000000e+00   8.0000000e+00   9.0000000e+00   4.1000000e+01   1.3999901e+01  -5.3398308e+01  -3.9280306e+01   5.0173386e+02   1.6474462e+00   6.9976681e+00   4.0774279e+00
   2.0040000e+03   1.0000000e+00   8.0000000e+00   9.0000000e+00   4.2000000e+01   5.3000099e+01  -5.3402746e+01  -3.9278912e+01   5.0167828e+02   1.1866158e+00   4.8374796e+00   3.5830580e+00
   2.0040000e+03   1.0000000e+00   8.0000000e+00   9.0000000e+00   4.4000000e+01   3.3000000e+01  -5.3407113e+01  -3.9277596e+01   4.9305165e+02   1.7807652e+00   7.7878159e+00   5.6615236e+00
   2.0040000e+03   1.0000000e+00   8.0000000e+00   9.0000000e+00   4.6000000e+01   1.3000000e+01  -5.3411555e+01  -3.9276270e+01   5.0135639e+02   1.1237317e+00   5.1188803e+00   3.0600844e+00
   2.0040000e+03   1.0000000e+00   8.0000000e+00   9.0000000e+00   4.7000000e+01   5.3000000e+01  -5.3415963e+01  -3.9274918e+01   4.9796156e+02   9.3298960e-01   6.6567373e+00   5.4166237e+00
   2.0040000e+03   1.0000000e+00   8.0000000e+00   9.0000000e+00   4.9000000e+01   3.5000000e+01  -5.3420384e+01  -3.9273507e+01   5.0000240e+02   5.4202475e-01   4.9799774e-01   0.0000000e+00
   2.0040000e+03   1.0000000e+00   8.0000000e+00   9.0000000e+00   5.1000000e+01   1.9000000e+01  -5.3424818e+01  -3.9272082e+01   5.0170230e+02   1.1678961e+00   4.9727420e+00   3.6386303e+00
   2.0040000e+03   1.0000000e+00   8.0000000e+00   9.0000000e+00   5.3000000e+01   2.0000000e+00  -5.3429238e+01  -3.9270728e+01   4.9925500e+02   8.8944364e-01   2.5866516e+00   1.1384890e+00
   2.0040000e+03   1.0000000e+00   8.0000000e+00   9.0000000e+00   5.4000000e+01   4.3000000e+01  -5.3433653e+01  -3.9269400e+01   4.9844865e+02   1.3508428e+00   3.9303638e+00   2.3645395e+00
   2.0040000e+03   1.0000000e+00   8.0000000e+00   9.0000000e+00   5.6000000e+01   2.3000000e+01  -5.3438067e+01  -3.9268033e+01   4.9869244e+02   8.5599211e-01   2.4034679e+00   1.8775838e+00
   2.0040000e+03   1.0000000e+00   8.0000000e+00   9.0000000e+00   5.8000000e+01   4.0000000e+00  -5.3442482e+01  -3.9266603e+01   4.9961108e+02   1.1305331e+00   3.8847450e+00   3.3448616e+00
   2.0040000e+03   1.0000000e+00   8.0000000e+00   9.0000000e+00   5.9000000e+01   4.5000000e+01  -5.3446861e+01  -3.9265180e+01   4.9569324e+02   6.6848585e-01   3.0601588e+00   2.6357100e+00
   2.0040000e+03   1.0000000e+00   8.0000000e+00   1.0000000e+01   1.0000000e+00   2.6000000e+01  -5.3451285e+01  -3.9263773e+01   5.0028641e+02   8.7271486e-01   2.8836895e+00   2.4570588e+00
   2.0040000e+03   1.0000000e+00   8.0000000e+00   1.0000000e+01   3.0000000e+00   9.0000000e+00  -5.3455680e+01  -3.9262254e+01   4.9863086e+02   8.3701589e-01   1.8977411e+00   1.5042940e+00
   2.0040000e+03   1.0000000e+00   8.0000000e+00   1.0000000e+01   4.0000000e+00   5.3000000e+01  -5.3460106e+01  -3.9260815e+01   5.0099630e+02   1.2431785e+00   3.9341479e+00   2.3763134e+00
   2.0040000e+03   1.0000000e+00   8.0000000e+00   1.0000000e+01   6.0000000e+00   3.6000000e+01  -5.3464476e+01  -3.9259377e+01   4.9477195e+02   4.6061290e-01   2.4349986e+00   1.8694066e+00
   2.0040000e+03   1.0000000e+00   8.0000000e+00   1.0000000e+01   8.0000000e+00   1.9000000e+01  -5.3468908e+01  -3.9257929e+01   5.0167502e+02   8.3927019e-01   2.1336416e+00   6.2574612e-01
   2.0040000e+03   1.0000000e+00   8.0000000e+00   1.0000000e+01   1.0000000e+01   2.0000992e+00  -5.3473297e+01  -3.9256473e+01   4.9720625e+02   8.3863480e-01   1.6030146e+00   1.2131592e+00
   2.0040000e+03   1.0000000e+00   8.0000000e+00   1.0000000e+01   1.1000000e+01   4.5000000e+01  -5.3477713e+01  -3.9254977e+01   5.0058745e+02   8.5687326e-01   1.9225555e+00   1.2045344e+00
   2.0040000e+03   1.0000000e+00   8.0000000e+00   1.0000000e+01   1.3000000e+01   2.9000000e+01  -5.3482073e+01  -3.9253519e+01   4.9398229e+02   1.4598393e+00   4.3171205e+00   3.2303806e+00
   2.0040000e+03   1.0000000e+00   8.0000000e+00   1.0000000e+01   1.5000000e+01   1.3000000e+01  -5.3486507e+01  -3.9252009e+01   5.0270755e+02   8.0200752e+00   2.6973326e+01   2.3771323e+01
   2.0040000e+03   1.0000000e+00   8.0000000e+00   1.0000000e+01   1.6000000e+01   5.5000000e+01  -5.3490902e+01  -3.9250502e+01   4.9836635e+02   1.9096564e+00   5.5259120e+00   2.9623724e+00
   2.0040000e+03   1.0000000e+00   8.0000000e+00   1.0000000e+01   1.8000000e+01   3.7000000e+01  -5.3495333e+01  -3.9249060e+01   5.0150457e+02   3.1566165e+00   9.2173696e+00   5.0682546e+00
   2.0040000e+03   1.0000000e+00   8.0000000e+00   1.0000000e+01   2.0000000e+01   1.9000000e+01  -5.3499714e+01  -3.9247625e+01   4.9606904e+02   3.2892275e+00   9.4992754e+00   1.2744937e+00
   2.0040000e+03   1.0000000e+00   8.0000000e+00   1.0000000e+01   2.1000000e+01   5.9000000e+01  -5.3504129e+01  -3.9246209e+01   4.9937446e+02   3.0663536e+00   8.5206970e+00   2.1237136e+00
   2.0040000e+03   1.0000000e+00   8.0000000e+00   1.0000000e+01   2.3000000e+01   3.9000000e+01  -5.3508479e+01  -3.9244317e+01   4.9929415e+02   2.0517297e+00   5.7803502e+00   4.0856776e+00
   2.0040000e+03   1.0000000e+00   8.0000000e+00   1.0000000e+01   2.5000000e+01   1.9000000e+01  -5.3512817e+01  -3.9242351e+01   4.9921181e+02   2.3737142e+00   5.0193807e+00   2.4634136e+00
   2.0040000e+03   1.0000000e+00   8.0000000e+00   1.0000000e+01   2.7000000e+01   3.0000000e+00  -5.3517242e+01  -3.9241914e+01   4.9260559e+02   1.7855073e+00   5.0471843e+00   1.5139057e+00
   2.0040000e+03   1.0000000e+00   8.0000000e+00   1.0000000e+01   2.8000000e+01   4.9000000e+01  -5.3521749e+01  -3.9241922e+01   5.0075478e+02   1.7199663e+00   4.2786373e+00   1.3394311e+00
   2.0040000e+03   1.0000000e+00   8.0000000e+00   1.0000000e+01   3.0000000e+01   3.4000000e+01  -5.3526260e+01  -3.9241824e+01   5.0134433e+02   2.1207288e+00   6.1449785e+00   1.5091615e+00
   2.0040000e+03   1.0000000e+00   8.0000000e+00   1.0000000e+01   3.2000000e+01   2.1000099e+01  -5.3530737e+01  -3.9241781e+01   4.9751777e+02   2.7897532e+00   7.8233627e+00   2.4857453e+00
   2.0040000e+03   1.0000000e+00   8.0000000e+00   1.0000000e+01   3.4000000e+01   8.0000000e+00  -5.3535231e+01  -3.9241683e+01   4.9936422e+02   2.6143547e+00   6.5243567e+00   1.9612613e+00
   2.0040000e+03   1.0000000e+00   8.0000000e+00   1.0000000e+01   3.5000000e+01   5.5000000e+01  -5.3539730e+01  -3.9241388e+01   5.0033739e+02   4.5419672e+00   1.2750564e+01   9.3058422e+00
   2.0040000e+03   1.0000000e+00   8.0000000e+00   1.0000000e+01   3.7000000e+01   4.4000000e+01  -5.3544181e+01  -3.9240986e+01   4.9533785e+02   3.2491770e+00   8.5970831e+00   2.5295511e+00
   2.0040000e+03   1.0000000e+00   8.0000000e+00   1.0000000e+01   3.9000000e+01   3.3000000e+01  -5.3548636e+01  -3.9240637e+01   4.9554203e+02   2.3970173e+00   6.7132471e+00   3.3592359e+00
   2.0040000e+03   1.0000000e+00   8.0000000e+00   1.0000000e+01   4.1000000e+01   1.9999901e+01  -5.3553128e+01  -3.9240284e+01   4.9971606e+02   4.6258234e+00   1.3027565e+01   5.2566443e+00
   2.0040000e+03   1.0000000e+00   8.0000000e+00   1.0000000e+01   4.3000000e+01   5.0000000e+00  -5.3557624e+01  -3.9239975e+01   4.9995997e+02   4.5267603e+00   1.2823148e+01   6.0409272e+00
   2.0040000e+03   1.0000000e+00   8.0000000e+00   1.0000000e+01   4.4000000e+01   4.8000000e+01  -5.3562086e+01  -3.9239821e+01   4.9599500e+02   4.1265285e+00   1.1893649e+01   6.3663447e+00
   2.0040000e+03   1.0000000e+00   8.0000000e+00   1.0000000e+01   4.6000000e+01   3.2000000e+01  -5.3566593e+01  -3.9239499e+01   5.0123995e+02   4.8670440e+00   1.3986490e+01   5.8763024e+00
   2.0040000e+03   1.0000000e+00   8.0000000e+00   1.0000000e+01   4.8000000e+01   1.7000000e+01  -5.3571035e+01  -3.9238991e+01   4.9471869e+02   3.3916623e+00   7.5403128e+00   1.5757928e+00
   2.0040000e+03   1.0000000e+00   8.0000000e+00   1.0000000e+01   5.0000000e+01   2.0000000e+00  -5.3575479e+01  -3.9238540e+01   4.9473215e+02   5.5539414e+00   1.7064178e+01   8.3733731e+00
   2.0040000e+03   1.0000000e+00   8.0000000e+00   1.0000000e+01   5.1000000e+01   4.2000000e+01  -5.3579964e+01  -3.9238128e+01   4.9905819e+02   3.7236509e+00   1.4299873e+01   1.1105634e+01
   2.0040000e+03   1.0000000e+00   8.0000000e+00   1.0000000e+01   5.3000000e+01   1.9000000e+01  -5.3584424e+01  -3.9237520e+01   4.9728079e+02   3.2784493e+00   9.1402455e+00   6.7556952e+00
   2.0040000e+03   1.0000000e+00   8.0000000e+00   1.0000000e+01   5.4000000e+01   5.6000000e+01  -5.3588877e+01  -3.9236784e+01   4.9720521e+02   1.9047337e+01   4.9635826e+01   7.4771841e+00
   2.0040000e+03   1.0000000e+00   8.0000000e+00   1.0000000e+01   5.6000000e+01   3.2000000e+01  -5.3593321e+01  -3.9235894e+01   4.9729337e+02   7.2513939e+00   2.0200553e+01   1.3727848e+01
   2.0040000e+03   1.0000000e+00   8.0000000e+00   1.0000000e+01   5.8000000e+01   1.0000000e+01  -5.3597815e+01  -3.9235034e+01   5.0256109e+02   5.3356231e+00   1.6581789e+01   1.1408054e+01
   2.0040000e+03   1.0000000e+00   8.0000000e+00   1.0000000e+01   5.9000000e+01   5.1000000e+01  -5.3602169e+01  -3.9233248e+01   4.9796323e+02   6.0269641e+00   1.7049750e+01   1.0014855e+01
   2.0040000e+03   1.0000000e+00   8.0000000e+00   1.1000000e+01   1.0000000e+00   3.3000000e+01  -5.3606459e+01  -3.9231347e+01   4.9290548e+02   5.6689794e+00   1.5934287e+01   7.4550562e+00
   2.0040000e+03   1.0000000e+00   8.0000000e+00   1.1000000e+01   3.0000000e+00   1.5000000e+01  -5.3610761e+01  -3.9229292e+01   4.9683803e+02   4.9066231e+00   1.4041556e+01   7.1456109e+00
   2.0040000e+03   1.0000000e+00   8.0000000e+00   1.1000000e+01   4.0000000e+00   5.4999901e+01  -5.3615049e+01  -3.9227019e+01   4.9947300e+02   5.6275972e+00   1.6940728e+01   1.0136928e+01
   2.0040000e+03   1.0000000e+00   8.0000000e+00   1.1000000e+01   6.0000000e+00   3.5000099e+01  -5.3619315e+01  -3.9224736e+01   4.9738545e+02   5.8321514e+00   2.0637053e+01   1.4581116e+01
   2.0040000e+03   1.0000000e+00   8.0000000e+00   1.1000000e+01   8.0000000e+00   1.6000000e+01  -5.3623578e+01  -3.9222394e+01   4.9822761e+02   4.1692988e+00   1.2658779e+01   7.6296645e+00
   2.0040000e+03   1.0000000e+00   8.0000000e+00   1.1000000e+01   9.0000000e+00   5.6000000e+01  -5.3627764e+01  -3.9220095e+01   4.8919167e+02   4.7501708e+00   1.6753119e+01   1.0941717e+01
   2.0040000e+03   1.0000000e+00   8.0000000e+00   1.1000000e+01   1.1000000e+01   3.5000000e+01  -5.3632054e+01  -3.9217863e+01   4.9889533e+02   5.3793084e+00   1.9125692e+01   1.4492524e+01
   2.0040000e+03   1.0000000e+00   8.0000000e+00   1.1000000e+01   1.3000000e+01   1.3000099e+01  -5.3636392e+01  -3.9215490e+01   5.0672415e+02   7.5519877e+00   2.1846117e+01   1.8071234e+01
   2.0040000e+03   1.0000000e+00   8.0000000e+00   1.1000000e+01   1.5000000e+01   8.0000000e+00  -5.3641311e+01  -3.9212908e+01   5.7242974e+02   7.8382288e+00   2.2591664e+01   1.6983435e+01
   2.0040000e+03   1.0000000e+00   8.0000000e+00   1.1000000e+01   1.6000000e+01   4.8000000e+01  -5.3645074e+01  -3.9210870e+01   4.3915609e+02   8.2141042e+00   2.3775201e+01   1.9182905e+01
   2.0040000e+03   1.0000000e+00   8.0000000e+00   1.1000000e+01   1.8000000e+01   1.1000000e+01  -5.3649191e+01  -3.9208630e+01   4.8073420e+02   6.2309453e+00   1.7317027e+01   1.5788763e+01
   2.0040000e+03   1.0000000e+00   8.0000000e+00   1.1000000e+01   1.9000000e+01   5.0000000e+01  -5.3653489e+01  -3.9206423e+01   4.9922797e+02   6.0537695e+00   1.8423809e+01   1.3152493e+01
   2.0040000e+03   1.0000000e+00   8.0000000e+00   1.1000000e+01   2.2000000e+01   6.0000000e+00  -5.3657410e+01  -3.9204264e+01   4.5828211e+02   5.9579162e+00   1.7348740e+01   1.2954037e+01
   2.0040000e+03   1.0000000e+00   8.0000000e+00   1.1000000e+01   2.4000000e+01   4.0000000e+00  -5.3662039e+01  -3.9201757e+01   5.4025716e+02   3.0609503e+00   1.7263097e+01   1.0480746e+01
   2.0040000e+03   1.0000000e+00   8.0000000e+00   1.1000000e+01   2.5000000e+01   9.0000000e+00  -5.3666332e+01  -3.9199432e+01   5.0097419e+02   4.1310645e+00   1.3840518e+01   8.2667191e+00
   2.0040000e+03   1.0000000e+00   8.0000000e+00   1.1000000e+01   2.6000000e+01   3.2000000e+01  -5.3670575e+01  -3.9197152e+01   4.9475754e+02   4.5930277e+00   1.7260735e+01   1.2946274e+01
   2.0040000e+03   1.0000000e+00   8.0000000e+00   1.1000000e+01   2.8000000e+01   1.2000000e+01  -5.3674762e+01  -3.9195027e+01   4.8585072e+02   5.6811653e+00   1.6826225e+01   1.1288036e+01
   2.0040000e+03   1.0000000e+00   8.0000000e+00   1.1000000e+01   2.9000000e+01   5.2000099e+01  -5.3679070e+01  -3.9192520e+01   5.0631924e+02   5.0798536e+00   2.5284227e+01   1.4278911e+01
   2.0040000e+03   1.0000000e+00   8.0000000e+00   1.1000000e+01   3.1000000e+01   3.2000000e+01  -5.3683291e+01  -3.9190253e+01   4.9224028e+02   2.9153760e+02   8.5007566e+02   8.4451535e+02
   2.0040000e+03   1.0000000e+00   8.0000000e+00   1.1000000e+01   3.3000000e+01   1.1000000e+01  -5.3687565e+01  -3.9188019e+01   4.9710729e+02   6.6068958e+00   2.7816343e+01   2.4863805e+01
   2.0040000e+03   1.0000000e+00   8.0000000e+00   1.1000000e+01   3.4000000e+01   5.0000000e+01  -5.3691780e+01  -3.9185689e+01   4.9283049e+02   6.0070236e+00   1.6506458e+01   1.2991428e+01
   2.0040000e+03   1.0000000e+00   8.0000000e+00   1.1000000e+01   3.6000000e+01   3.1000000e+01  -5.3696123e+01  -3.9183496e+01   5.0375325e+02   5.9206658e+00   1.7210999e+01   1.3817478e+01
   2.0040000e+03   1.0000000e+00   8.0000000e+00   1.1000000e+01   3.8000000e+01   1.2000000e+01  -5.3700446e+01  -3.9181654e+01   4.9547738e+02   2.8805519e+01   8.3051981e+01   7.9998210e+01
   2.0040000e+03   1.0000000e+00   8.0000000e+00   1.1000000e+01   3.9000000e+01   5.2000000e+01  -5.3704754e+01  -3.9179734e+01   4.9501007e+02   1.3960329e+01   3.8899362e+01   3.1302818e+01
   2.0040000e+03   1.0000000e+00   8.0000000e+00   1.1000000e+01   4.1000000e+01   3.2000000e+01  -5.3709100e+01  -3.9177758e+01   5.0010191e+02   5.5161293e+00   1.5429229e+01   9.4869856e+00
   2.0040000e+03   1.0000000e+00   8.0000000e+00   1.1000000e+01   4.3000000e+01   1.2000000e+01  -5.3713418e+01  -3.9175774e+01   4.9729640e+02   3.8518021e+00   1.1101822e+01   7.3664518e+00
   2.0040000e+03   1.0000000e+00   8.0000000e+00   1.1000000e+01   4.4000000e+01   5.3000000e+01  -5.3717752e+01  -3.9173697e+01   5.0052734e+02   6.1533372e+00   1.7735400e+01   1.5194470e+01
   2.0040000e+03   1.0000000e+00   8.0000000e+00   1.1000000e+01   4.6000000e+01   3.4000000e+01  -5.3721962e+01  -3.9171677e+01   4.8634443e+02   6.0162907e+00   7.2101845e+00   0.0000000e+00
   2.0040000e+03   1.0000000e+00   8.0000000e+00   1.1000000e+01   4.8000000e+01   1.4000000e+01  -5.3726262e+01  -3.9169548e+01   4.9788932e+02   2.2878243e+02   6.5670154e+02   6.5142320e+02
   2.0040000e+03   1.0000000e+00   8.0000000e+00   1.1000000e+01   4.9000000e+01   5.3000000e+01  -5.3730474e+01  -3.9166733e+01   5.0328562e+02   3.7645149e+00   1.1069487e+01   7.8939348e+00
   2.0040000e+03   1.0000000e+00   8.0000000e+00   1.1000000e+01   5.1000000e+01   3.0000000e+01  -5.3734563e+01  -3.9163516e+01   5.0119671e+02   2.4024313e+00   8.7955010e+00   7.5662610e+00
   2.0040000e+03   1.0000000e+00   8.0000000e+00   1.1000000e+01   5.3000000e+01   6.0000000e+00  -5.3738583e+01  -3.9160250e+01   4.9555994e+02   4.0108272e+00   1.1560170e+01   9.4412896e+00
   2.0040000e+03   1.0000000e+00   8.0000000e+00   1.1000000e+01   5.4000000e+01   4.3000000e+01  -5.3742559e+01  -3.9156828e+01   4.9575775e+02   4.9606328e+00   1.4297739e+01   1.2911299e+01
   2.0040000e+03   1.0000000e+00   8.0000000e+00   1.1000000e+01   5.6000000e+01   2.0000000e+01  -5.3746595e+01  -3.9153337e+01   5.0374693e+02   1.8567440e+00   7.5391714e+00   6.3746489e+00
   2.0040000e+03   1.0000000e+00   8.0000000e+00   1.1000000e+01   5.7000000e+01   5.5000099e+01  -5.3750437e+01  -3.9149493e+01   4.9602087e+02   3.4827824e+00   9.8400833e+00   9.4967075e+00
   2.0040000e+03   1.0000000e+00   8.0000000e+00   1.1000000e+01   5.9000000e+01   3.1000000e+01  -5.3754183e+01  -3.9145385e+01   4.9618003e+02   1.0635275e+01   3.0132684e+01   2.3626574e+01
   2.0040000e+03   1.0000000e+00   8.0000000e+00   1.2000000e+01   1.0000000e+00   9.9999008e+00  -5.3758309e+01  -3.9142445e+01   4.9742777e+02   6.0186612e+00   1.7347232e+01   1.5299491e+01
   2.0040000e+03   1.0000000e+00   8.0000000e+00   1.2000000e+01   2.0000000e+00   5.0999901e+01  -5.3762499e+01  -3.9140043e+01   4.9167989e+02   4.3020466e+00   1.2568809e+01   9.1701327e+00
   2.0040000e+03   1.0000000e+00   8.0000000e+00   1.2000000e+01   4.0000000e+00   3.2000099e+01  -5.3766732e+01  -3.9137449e+01   5.0022716e+02   2.3967400e+00   6.6900918e+00   3.2537426e+00
   2.0040000e+03   1.0000000e+00   8.0000000e+00   1.2000000e+01   6.0000000e+00   1.7000000e+01  -5.3771158e+01  -3.9136344e+01   4.9714462e+02   2.2675979e+00   5.4726666e+00   3.3960102e+00
   2.0040000e+03   1.0000000e+00   8.0000000e+00   1.2000000e+01   8.0000000e+00   7.0000000e+00  -5.3775376e+01  -3.9136646e+01   4.6913374e+02   2.4721501e+00   7.4096854e+00   4.6563917e+00
   2.0040000e+03   1.0000000e+00   8.0000000e+00   1.2000000e+01   9.0000000e+00   5.4000099e+01  -5.3779767e+01  -3.9138259e+01   4.9932155e+02   4.8593850e+01   1.3738819e+02   1.1254804e+02
   2.0040000e+03   1.0000000e+00   8.0000000e+00   1.2000000e+01   1.1000000e+01   4.2000000e+01  -5.3784303e+01  -3.9140725e+01   5.2941956e+02   5.5968868e+00   1.2101273e+01   9.3111639e+00
   2.0040000e+03   1.0000000e+00   8.0000000e+00   1.2000000e+01   1.3000000e+01   3.0000000e+01  -5.3788492e+01  -3.9143350e+01   4.9637036e+02   4.7927901e+00   1.2719681e+01   4.2870394e+00
   2.0040000e+03   1.0000000e+00   8.0000000e+00   1.2000000e+01   1.6000000e+01   2.0000000e+00  -5.3793499e+01  -3.9146641e+01   5.9682979e+02   3.7333149e+00   9.5667671e+00   6.0786776e+00
   2.0040000e+03   1.0000000e+00   8.0000000e+00   1.2000000e+01   1.8000000e+01   1.4000000e+01  -5.3796658e+01  -3.9148751e+01   3.7734020e+02   2.2082791e+00   6.4611448e+00   3.4249052e+00
   2.0040000e+03   1.0000000e+00   8.0000000e+00   1.2000000e+01   1.9000000e+01   3.3000000e+01  -5.3800459e+01  -3.9151293e+01   4.5413824e+02   3.4929076e+00   6.6043928e+00   2.8322340e+00
   2.0040000e+03   1.0000000e+00   8.0000000e+00   1.2000000e+01   2.1000000e+01   1.1999901e+01  -5.3805120e+01  -3.9154715e+01   5.6450807e+02   1.7145703e+00   4.5837638e+00   2.0455253e+00
   2.0040000e+03   1.0000000e+00   8.0000000e+00   1.2000000e+01   2.2000000e+01   5.9000000e+01  -5.3808985e+01  -3.9157682e+01   4.7147785e+02   3.1474122e+00   7.5279166e+00   5.8553455e+00
   2.0040000e+03   1.0000000e+00   8.0000000e+00   1.2000000e+01   2.4000000e+01   4.7000000e+01  -5.3813050e+01  -3.9161002e+01   5.0150714e+02   4.8835710e+00   1.3661918e+01   1.1636269e+01
   2.0040000e+03   1.0000000e+00   8.0000000e+00   1.2000000e+01   2.6000000e+01   3.1000000e+01  -5.3816984e+01  -3.9164481e+01   4.9311582e+02   6.2829455e+00   1.8108963e+01   1.3881468e+01
   2.0040000e+03   1.0000000e+00   8.0000000e+00   1.2000000e+01   2.8000000e+01   1.4000000e+01  -5.3820990e+01  -3.9168021e+01   5.0210831e+02   4.3139938e+00   1.0444376e+01   8.8445030e+00
   2.0040000e+03   1.0000000e+00   8.0000000e+00   1.2000000e+01   2.9000000e+01   5.8999901e+01  -5.3825056e+01  -3.9171050e+01   4.9357925e+02   5.1797091e+00   9.9756159e+00   7.2330913e+00
   2.0040000e+03   1.0000000e+00   8.0000000e+00   1.2000000e+01   3.1000000e+01   4.5000000e+01  -5.3829098e+01  -3.9173994e+01   4.8891756e+02   3.9596796e+00   1.1133528e+01   9.4253607e+00
   2.0040000e+03   1.0000000e+00   8.0000000e+00   1.2000000e+01   3.3000000e+01   3.0000000e+01  -5.3833269e+01  -3.9177153e+01   5.0765113e+02   4.3125394e+00   1.4115170e+01   1.2069295e+01
   2.0040000e+03   1.0000000e+00   8.0000000e+00   1.2000000e+01   3.5000000e+01   1.8000000e+01  -5.3837362e+01  -3.9180174e+01   4.9610969e+02   5.5622563e+00   1.6063373e+01   1.1642821e+01
   2.0040000e+03   1.0000000e+00   8.0000000e+00   1.2000000e+01   3.7000000e+01   8.0000000e+00  -5.3841490e+01  -3.9182772e+01   4.8931965e+02   6.9844356e+00   1.9931703e+01   1.1997798e+01
   2.0040000e+03   1.0000000e+00   8.0000000e+00   1.2000000e+01   3.8000000e+01   5.4000099e+01  -5.3845931e+01  -3.9183424e+01   4.9530292e+02   9.4147222e+00   2.1865387e+01   1.9057755e+01
   2.0040000e+03   1.0000000e+00   8.0000000e+00   1.2000000e+01   4.0000000e+01   3.5000000e+01  -5.3850431e+01  -3.9182695e+01   5.0227181e+02   6.8979786e+00   1.8868593e+01   1.3672499e+01
   2.0040000e+03   1.0000000e+00   8.0000000e+00   1.2000000e+01   4.2000000e+01   1.3000000e+01  -5.3854879e+01  -3.9181922e+01   4.9690316e+02   4.5199134e+00   1.3157379e+01   7.9404389e+00
   2.0040000e+03   1.0000000e+00   8.0000000e+00   1.2000000e+01   4.3000000e+01   5.0999901e+01  -5.3859351e+01  -3.9181119e+01   4.9965530e+02   4.8381576e+00   1.3944736e+01   1.3147652e+01
   2.0040000e+03   1.0000000e+00   8.0000000e+00   1.2000000e+01   4.5000000e+01   3.1000099e+01  -5.3863801e+01  -3.9180254e+01   4.9780059e+02   1.3377807e+01   3.8558064e+01   3.2270722e+01
   2.0040000e+03   1.0000000e+00   8.0000000e+00   1.2000000e+01   4.7000000e+01   1.3000099e+01  -5.3868182e+01  -3.9179530e+01   4.8907162e+02   7.2566831e+00   2.0915509e+01   2.0257112e+01
   2.0040000e+03   1.0000000e+00   8.0000000e+00   1.2000000e+01   4.8000000e+01   5.4000000e+01  -5.3872595e+01  -3.9178719e+01   4.9331647e+02   4.4548309e+00   1.1438660e+01   5.2408923e+00
   2.0040000e+03   1.0000000e+00   8.0000000e+00   1.2000000e+01   5.0000000e+01   3.6000000e+01  -5.3877084e+01  -3.9178022e+01   5.0088047e+02   2.9673845e+00   7.1199305e+00   3.9669192e+00
   2.0040000e+03   1.0000000e+00   8.0000000e+00   1.2000000e+01   5.2000000e+01   2.2000000e+01  -5.3881552e+01  -3.9177722e+01   4.9682912e+02   1.0074580e+00   1.2120738e+00   5.8500516e-01
   2.0040000e+03   1.0000000e+00   8.0000000e+00   1.2000000e+01   5.4000000e+01   7.0000000e+00  -5.3886029e+01  -3.9177294e+01   4.9824089e+02   1.4133353e+00   2.8003216e+00   2.6143267e+00
   2.0040000e+03   1.0000000e+00   8.0000000e+00   1.2000000e+01   5.5000000e+01   4.9000000e+01  -5.3890493e+01  -3.9176712e+01   4.9749956e+02   1.6278550e+00   2.0172374e+00   1.8432843e+00
   2.0040000e+03   1.0000000e+00   8.0000000e+00   1.2000000e+01   5.7000000e+01   3.1000000e+01  -5.3894937e+01  -3.9176342e+01   4.9449847e+02   4.0229495e+00   1.1595110e+01   1.1595110e+01
   2.0040000e+03   1.0000000e+00   8.0000000e+00   1.2000000e+01   5.9000000e+01   1.2000000e+01  -5.3899385e+01  -3.9175661e+01   4.9618513e+02   5.3904696e+00   1.1800086e+01   1.0336221e+01
   2.0040000e+03   1.0000000e+00   8.0000000e+00   1.3000000e+01   0.0000000e+00   5.3000000e+01  -5.3903717e+01  -3.9174444e+01   4.8795232e+02   3.3329612e+00   8.5420032e+00   4.7902215e+00
   2.0040000e+03   1.0000000e+00   8.0000000e+00   1.3000000e+01   2.0000000e+00   3.4000000e+01  -5.3908205e+01  -3.9173024e+01   5.0727494e+02   4.0916253e+00   3.9077055e+00   3.0697197e+00
   2.0040000e+03   1.0000000e+00   8.0000000e+00   1.3000000e+01   4.0000000e+00   1.3000000e+01  -5.3912556e+01  -3.9171597e+01   4.9251163e+02   1.8751744e+00   4.3096658e+00   2.9262570e+00
   2.0040000e+03   1.0000000e+00   8.0000000e+00   1.3000000e+01   5.0000000e+00   5.3000099e+01  -5.3916971e+01  -3.9170232e+01   4.9857550e+02   2.4867263e+00   5.5426518e-01   5.0520725e-01
   2.0040000e+03   1.0000000e+00   8.0000000e+00   1.3000000e+01   7.0000000e+00   3.7000000e+01  -5.3921381e+01  -3.9169236e+01   4.9435301e+02   4.1381639e-01   2.8160218e-01   2.1163676e-01
   2.0040000e+03   1.0000000e+00   8.0000000e+00   1.3000000e+01   9.0000000e+00   2.3000000e+01  -5.3925721e+01  -3.9167368e+01   4.9759763e+02   3.3001134e+00   4.1668569e+00   3.9384887e+00
   2.0040000e+03   1.0000000e+00   8.0000000e+00   1.3000000e+01   1.1000000e+01   8.0000000e+00  -5.3929881e+01  -3.9164707e+01   4.9389820e+02   8.7074415e+00   1.6223959e+01   1.6182338e+01
   2.0040000e+03   1.0000000e+00   8.0000000e+00   1.3000000e+01   1.2000000e+01   5.5000000e+01  -5.3934112e+01  -3.9162353e+01   4.9477635e+02   1.3942581e+01   3.7397380e+01   3.5537594e+01
   2.0040000e+03   1.0000000e+00   8.0000000e+00   1.3000000e+01   1.5000000e+01   1.4000000e+01  -5.3938471e+01  -3.9160113e+01   5.0601908e+02   3.4914762e+00   7.3517094e+00   7.2832365e+00
   2.0040000e+03   1.0000000e+00   8.0000000e+00   1.3000000e+01   1.7000000e+01   1.0000000e+01  -5.3942737e+01  -3.9158062e+01   4.9267958e+02   2.0023236e-01   5.7711790e-01   1.3378266e-01
   2.0040000e+03   1.0000000e+00   8.0000000e+00   1.3000000e+01   1.8000000e+01   2.3000000e+01  -5.3947529e+01  -3.9155767e+01   5.5320676e+02   1.5242418e+00   5.9499437e-01   1.5826103e-01
   2.0040000e+03   1.0000000e+00   8.0000000e+00   1.3000000e+01   1.9000000e+01   5.4999901e+01  -5.3951419e+01  -3.9154002e+01   4.4745321e+02   9.6428792e-01   9.7411137e-01   0.0000000e+00
   2.0040000e+03   1.0000000e+00   8.0000000e+00   1.3000000e+01   2.1000000e+01   3.7000000e+01  -5.3955801e+01  -3.9151882e+01   5.0621212e+02   4.2699672e+00   3.8302773e+00   0.0000000e+00
   2.0040000e+03   1.0000000e+00   8.0000000e+00   1.3000000e+01   2.3000000e+01   3.3000000e+01  -5.3960181e+01  -3.9150016e+01   5.0180650e+02   1.6882285e+00   5.0183538e+00   0.0000000e+00
   2.0040000e+03   1.0000000e+00   8.0000000e+00   1.3000000e+01   2.6000000e+01   1.2000000e+01  -5.3964436e+01  -3.9147995e+01   4.9093495e+02   9.4195418e-02   2.3785090e-01   0.0000000e+00
   2.0040000e+03   1.0000000e+00   8.0000000e+00   1.3000000e+01   2.9000000e+01   2.4000000e+01  -5.3968562e+01  -3.9146381e+01   4.7037995e+02   4.5776863e-01   1.0936402e+00   0.0000000e+00
   2.0040000e+03   1.0000000e+00   8.0000000e+00   1.3000000e+01   3.2000000e+01   9.0000000e+00  -5.3972351e+01  -3.9145012e+01   4.3051173e+02   1.9131059e+00   4.1958997e+00   0.0000000e+00
   2.0040000e+03   1.0000000e+00   8.0000000e+00   1.3000000e+01   3.4000000e+01   1.1000000e+01  -5.3977362e+01  -3.9144279e+01   5.5887420e+02   1.0894523e+00   3.1400640e+00   8.8015000e-01
   2.0040000e+03   1.0000000e+00   8.0000000e+00   1.3000000e+01   3.5000000e+01   5.9000000e+01  -5.3981811e+01  -3.9144966e+01   4.9632484e+02   1.0003865e+01   2.5461036e+01   2.4193345e+01
   2.0040000e+03   1.0000000e+00   8.0000000e+00   1.3000000e+01   3.7000000e+01   4.2000000e+01  -5.3986318e+01  -3.9145780e+01   5.0371353e+02   2.2000936e+00   5.0444776e+00   2.2603997e+00
   2.0040000e+03   1.0000000e+00   8.0000000e+00   1.3000000e+01   3.9000000e+01   2.2000000e+01  -5.3990776e+01  -3.9146731e+01   4.9919568e+02   3.7699223e+00   5.6884014e+00   4.8953138e+00
   2.0040000e+03   1.0000000e+00   8.0000000e+00   1.3000000e+01   4.1000000e+01   2.0000000e+00  -5.3995217e+01  -3.9147665e+01   4.9731856e+02   2.6441397e+00   7.9024857e+00   1.7645877e+00
   2.0040000e+03   1.0000000e+00   8.0000000e+00   1.3000000e+01   4.2000000e+01   4.1000000e+01  -5.3999686e+01  -3.9148521e+01   4.9964324e+02   3.4840405e+00   1.0041844e+01   6.5984922e+00
   2.0040000e+03   1.0000000e+00   8.0000000e+00   1.3000000e+01   4.4000000e+01   2.1000000e+01  -5.4004133e+01  -3.9149253e+01   4.9648258e+02   3.3901356e+00   9.4779076e+00   7.4809724e+00
   2.0040000e+03   1.0000000e+00   8.0000000e+00   1.3000000e+01   4.6000000e+01   1.0000000e+00  -5.4008594e+01  -3.9150234e+01   4.9986436e+02   2.9108726e+00   1.0952601e+01   9.9474325e+00
   2.0040000e+03   1.0000000e+00   8.0000000e+00   1.3000000e+01   4.7000000e+01   4.0999901e+01  -5.4013044e+01  -3.9151284e+01   4.9925387e+02   5.5657176e+00   1.4904740e+01   1.3521208e+01
   2.0040000e+03   1.0000000e+00   8.0000000e+00   1.3000000e+01   4.9000000e+01   2.0000099e+01  -5.4017493e+01  -3.9152375e+01   4.9943528e+02   1.3271266e+00   4.1112262e+00   2.9336788e+00
   2.0040000e+03   1.0000000e+00   8.0000000e+00   1.3000000e+01   5.0000000e+01   5.8000000e+01  -5.4021971e+01  -3.9152690e+01   4.9800787e+02   1.4055918e+01   2.8540056e+01   2.6636194e+01
