   2.0040000e+03   1.0000000e+00   1.6000000e+01   1.2000000e+01   4.0000000e+01   4.0000000e+00  -5.3186607e+01  -3.8146265e+01   4.9945241e+02   1.2639952e+00   3.6340931e+00   2.4063498e+00
   2.0040000e+03   1.0000000e+00   1.6000000e+01   1.2000000e+01   4.1000000e+01   4.1000099e+01  -5.3190675e+01  -3.8143169e+01   4.9677142e+02   8.4960580e-01   2.1926233e+00   6.3381270e-01
   2.0040000e+03   1.0000000e+00   1.6000000e+01   1.2000000e+01   4.3000000e+01   1.7000000e+01  -5.3194805e+01  -3.8140200e+01   4.9969285e+02   9.3819088e-01   2.9318240e+00   2.6210613e+00
   2.0040000e+03   1.0000000e+00   1.6000000e+01   1.2000000e+01   4.4000000e+01   5.3000099e+01  -5.3199233e+01  -3.8138673e+01   5.0248907e+02   0.0000000e+00   4.9094952e+00   1.4747923e-01
   2.0040000e+03   1.0000000e+00   1.6000000e+01   1.2000000e+01   4.6000000e+01   2.7999901e+01  -5.3203624e+01  -3.8136987e+01   5.0067203e+02   4.0516697e-01   1.1677888e+00   0.0000000e+00
   2.0040000e+03   1.0000000e+00   1.6000000e+01   1.2000000e+01   4.8000000e+01   2.0000000e+00  -5.3207995e+01  -3.8135262e+01   4.9903632e+02   7.2679794e-01   1.5917175e+00   0.0000000e+00
   2.0040000e+03   1.0000000e+00   1.6000000e+01   1.2000000e+01   4.9000000e+01   3.6000000e+01  -5.3212342e+01  -3.8133345e+01   4.9959986e+02   3.6045884e-01   1.0389292e+00   0.0000000e+00
   2.0040000e+03   1.0000000e+00   1.6000000e+01   1.2000000e+01   5.1000000e+01   1.0000000e+01  -5.3216698e+01  -3.8131430e+01   5.0053214e+02   1.2706999e+00   3.6624634e+00   0.0000000e+00
   2.0040000e+03   1.0000000e+00   1.6000000e+01   1.2000000e+01   5.2000000e+01   4.3000000e+01  -5.3221005e+01  -3.8129582e+01   4.9410504e+02   1.2224867e+00   3.6998683e+00   1.2916679e+00
   2.0040000e+03   1.0000000e+00   1.6000000e+01   1.2000000e+01   5.4000000e+01   1.6000000e+01  -5.3225338e+01  -3.8127665e+01   4.9816958e+02   6.9642812e-01   1.3993711e+00   0.0000000e+00
   2.0040000e+03   1.0000000e+00   1.6000000e+01   1.2000000e+01   5.5000000e+01   5.0000000e+01  -5.3229740e+01  -3.8125776e+01   5.0497568e+02   3.5053212e-01   1.0103180e+00   0.0000000e+00
   2.0040000e+03   1.0000000e+00   1.6000000e+01   1.2000000e+01   5.7000000e+01   2.4000099e+01  -5.3234085e+01  -3.8123863e+01   4.9935212e+02   3.8273313e-01   1.6156480e+00   0.0000000e+00
   2.0040000e+03   1.0000000e+00   1.6000000e+01   1.2000000e+01   5.8000000e+01   5.8000000e+01  -5.3238422e+01  -3.8122082e+01   4.9622913e+02   8.3202330e-01   4.9845588e+00   2.5814142e+00
   2.0040000e+03   1.0000000e+00   1.6000000e+01   1.3000000e+01   0.0000000e+00   3.2000000e+01  -5.3242783e+01  -3.8120233e+01   4.9997196e+02   1.7701002e+00   5.1018553e+00   2.2452347e+00
   2.0040000e+03   1.0000000e+00   1.6000000e+01   1.3000000e+01   2.0000000e+00   6.0000000e+00  -5.3247198e+01  -3.8118508e+01   5.0386401e+02   1.1694748e+00   3.3707082e+00   4.3410755e-01
   2.0040000e+03   1.0000000e+00   1.6000000e+01   1.3000000e+01   3.0000000e+00   3.9000000e+01  -5.3251552e+01  -3.8116985e+01   4.9426999e+02   3.0900858e-01   2.4591504e+00   0.0000000e+00
   2.0040000e+03   1.0000000e+00   1.6000000e+01   1.3000000e+01   5.0000000e+00   1.2000000e+01  -5.3255944e+01  -3.8115546e+01   4.9733345e+02   6.2217204e-01   1.8241036e+00   0.0000000e+00
   2.0040000e+03   1.0000000e+00   1.6000000e+01   1.3000000e+01   6.0000000e+00   4.6000000e+01  -5.3260372e+01  -3.8114252e+01   4.9949064e+02   5.6922027e-01   1.0488587e+00   0.0000000e+00
   2.0040000e+03   1.0000000e+00   1.6000000e+01   1.3000000e+01   8.0000000e+00   2.0000000e+01  -5.3264797e+01  -3.8112927e+01   4.9952215e+02   3.2603668e-01   9.3971627e-01   0.0000000e+00
   2.0040000e+03   1.0000000e+00   1.6000000e+01   1.3000000e+01   9.0000000e+00   5.4000000e+01  -5.3269238e+01  -3.8111609e+01   5.0116452e+02   5.7421809e-02   1.6550349e-01   0.0000000e+00
   2.0040000e+03   1.0000000e+00   1.6000000e+01   1.3000000e+01   1.1000000e+01   2.9000000e+01  -5.3273708e+01  -3.8110313e+01   5.0410350e+02   6.4841457e-02   7.5709878e-01   5.7021008e-01
   2.0040000e+03   1.0000000e+00   1.6000000e+01   1.3000000e+01   1.3000000e+01   5.0000000e+00  -5.3278133e+01  -3.8109077e+01   4.9854413e+02   3.7237662e-01   1.2920397e+00   2.4990724e-01
   2.0040000e+03   1.0000000e+00   1.6000000e+01   1.3000000e+01   1.4000000e+01   4.1000000e+01  -5.3282526e+01  -3.8107827e+01   4.9520099e+02   3.2706659e-01   6.8235243e-01   0.0000000e+00
   2.0040000e+03   1.0000000e+00   1.6000000e+01   1.3000000e+01   1.6000000e+01   1.7000000e+01  -5.3286964e+01  -3.8106555e+01   5.0026372e+02   1.0311363e+00   3.0199760e+00   0.0000000e+00
   2.0040000e+03   1.0000000e+00   1.6000000e+01   1.3000000e+01   1.7000000e+01   5.3000099e+01  -5.3291393e+01  -3.8105294e+01   4.9929134e+02   3.2893240e-01   3.5092167e+00   0.0000000e+00
   2.0040000e+03   1.0000000e+00   1.6000000e+01   1.3000000e+01   1.9000000e+01   2.9000000e+01  -5.3295825e+01  -3.8103930e+01   5.0068951e+02   5.9907082e-01   4.1167418e-01   0.0000000e+00
   2.0040000e+03   1.0000000e+00   1.6000000e+01   1.3000000e+01   2.1000000e+01   6.0000992e+00  -5.3300262e+01  -3.8102608e+01   5.0078430e+02   4.5101392e-01   1.5587979e+00   0.0000000e+00
   2.0040000e+03   1.0000000e+00   1.6000000e+01   1.3000000e+01   2.2000000e+01   4.3000000e+01  -5.3304697e+01  -3.8101263e+01   5.0087056e+02   1.6191286e+00   2.6823954e+00   0.0000000e+00
   2.0040000e+03   1.0000000e+00   1.6000000e+01   1.3000000e+01   2.4000000e+01   1.9000000e+01  -5.3309098e+01  -3.8099858e+01   4.9786034e+02   1.5305331e+00   5.5516343e+00   1.1402691e+00
   2.0040000e+03   1.0000000e+00   1.6000000e+01   1.3000000e+01   2.5000000e+01   5.6000000e+01  -5.3313515e+01  -3.8098483e+01   4.9930462e+02   6.7454035e-01   2.8836669e+00   0.0000000e+00
   2.0040000e+03   1.0000000e+00   1.6000000e+01   1.3000000e+01   2.7000000e+01   3.3000000e+01  -5.3317920e+01  -3.8097037e+01   4.9876998e+02   1.9872759e-01   6.0567874e-01   0.0000000e+00
   2.0040000e+03   1.0000000e+00   1.6000000e+01   1.3000000e+01   2.9000000e+01   1.0000000e+01  -5.3322355e+01  -3.8095600e+01   5.0200036e+02   8.5268391e-02   6.8321373e-01   0.0000000e+00
   2.0040000e+03   1.0000000e+00   1.6000000e+01   1.3000000e+01   3.0000000e+01   4.7000000e+01  -5.3326790e+01  -3.8094169e+01   5.0178755e+02   5.0177083e-01   1.4462244e+00   4.3863432e-01
   2.0040000e+03   1.0000000e+00   1.6000000e+01   1.3000000e+01   3.2000000e+01   2.3000099e+01  -5.3331169e+01  -3.8092778e+01   4.9532262e+02   1.9003651e+00   6.3840790e+00   3.5573009e-01
   2.0040000e+03   1.0000000e+00   1.6000000e+01   1.3000000e+01   3.4000000e+01   0.0000000e+00  -5.3335576e+01  -3.8091406e+01   4.9807936e+02   1.0184953e+00   3.7046902e+00   0.0000000e+00
   2.0040000e+03   1.0000000e+00   1.6000000e+01   1.3000000e+01   3.5000000e+01   3.7000099e+01  -5.3339970e+01  -3.8089944e+01   4.9777560e+02   7.5293515e-01   2.3880088e+00   3.7118550e-01
   2.0040000e+03   1.0000000e+00   1.6000000e+01   1.3000000e+01   3.7000000e+01   1.3000000e+01  -5.3344381e+01  -3.8088520e+01   4.9920455e+02   4.2946694e-01   1.5830932e+00   2.0612160e-01
   2.0040000e+03   1.0000000e+00   1.6000000e+01   1.3000000e+01   3.8000000e+01   4.9000000e+01  -5.3348777e+01  -3.8087050e+01   4.9808482e+02   2.9285933e-01   8.4409114e-01   3.4618188e-01
   2.0040000e+03   1.0000000e+00   1.6000000e+01   1.3000000e+01   4.0000000e+01   2.6000000e+01  -5.3353202e+01  -3.8085580e+01   5.0134404e+02   4.9553229e-01   1.7321778e+00   0.0000000e+00
   2.0040000e+03   1.0000000e+00   1.6000000e+01   1.3000000e+01   4.2000000e+01   3.0000000e+00  -5.3357625e+01  -3.8084091e+01   5.0126893e+02   9.7163735e-01   2.8004929e+00   4.0310541e-01
   2.0040000e+03   1.0000000e+00   1.6000000e+01   1.3000000e+01   4.3000000e+01   3.9000000e+01  -5.3362018e+01  -3.8082639e+01   4.9756960e+02   1.1223047e+00   1.4289645e+00   1.1029837e+00
   2.0040000e+03   1.0000000e+00   1.6000000e+01   1.3000000e+01   4.5000000e+01   1.5000000e+01  -5.3366414e+01  -3.8081173e+01   4.9808228e+02   3.7375549e-01   1.0772534e+00   0.0000000e+00
   2.0040000e+03   1.0000000e+00   1.6000000e+01   1.3000000e+01   4.6000000e+01   5.2000099e+01  -5.3370865e+01  -3.8079650e+01   5.0478989e+02   6.4051728e-01   2.7930890e+00   1.8268819e+00
   2.0040000e+03   1.0000000e+00   1.6000000e+01   1.3000000e+01   4.8000000e+01   2.9000000e+01  -5.3375258e+01  -3.8078118e+01   4.9857643e+02   1.9362589e+00   6.2814703e+00   4.2158630e+00
   2.0040000e+03   1.0000000e+00   1.6000000e+01   1.3000000e+01   5.0000000e+01   6.0000992e+00  -5.3379631e+01  -3.8076587e+01   4.9646747e+02   6.6296794e-01   2.1265446e+00   4.0335063e-01
   2.0040000e+03   1.0000000e+00   1.6000000e+01   1.3000000e+01   5.1000000e+01   4.3000000e+01  -5.3384051e+01  -3.8075013e+01   5.0203504e+02   1.6285134e+00   2.4465353e+00   0.0000000e+00
   2.0040000e+03   1.0000000e+00   1.6000000e+01   1.3000000e+01   5.3000000e+01   1.9000000e+01  -5.3388422e+01  -3.8073433e+01   4.9692771e+02   7.4392795e-01   2.1441796e+00   0.0000000e+00
   2.0040000e+03   1.0000000e+00   1.6000000e+01   1.3000000e+01   5.4000000e+01   5.6000000e+01  -5.3392822e+01  -3.8071911e+01   4.9915332e+02   5.4460922e-01   3.7080187e+00   0.0000000e+00
   2.0040000e+03   1.0000000e+00   1.6000000e+01   1.3000000e+01   5.6000000e+01   3.4000099e+01  -5.3397230e+01  -3.8070348e+01   5.0069449e+02   2.7404880e+00   7.8987468e+00   0.0000000e+00
   2.0040000e+03   1.0000000e+00   1.6000000e+01   1.3000000e+01   5.8000000e+01   1.2000000e+01  -5.3401633e+01  -3.8068741e+01   5.0072507e+02   1.8043850e+00   1.1579273e+01   0.0000000e+00
   2.0040000e+03   1.0000000e+00   1.6000000e+01   1.3000000e+01   5.9000000e+01   5.0000000e+01  -5.3406018e+01  -3.8067153e+01   4.9845362e+02   1.2675227e+00   2.4812213e+00   0.0000000e+00
   2.0040000e+03   1.0000000e+00   1.6000000e+01   1.4000000e+01   1.0000000e+00   2.8000000e+01  -5.3410447e+01  -3.8065563e+01   5.0335137e+02   1.4525908e+00   4.4465039e+00   0.0000000e+00
   2.0040000e+03   1.0000000e+00   1.6000000e+01   1.4000000e+01   3.0000000e+00   6.0000000e+00  -5.3414859e+01  -3.8064044e+01   5.0038587e+02   1.6499650e+00   5.5597145e+00   2.9698793e-01
   2.0040000e+03   1.0000000e+00   1.6000000e+01   1.4000000e+01   4.0000000e+00   4.3000000e+01  -5.3419213e+01  -3.8062533e+01   4.9415703e+02   1.0055339e+00   5.4259558e+00   1.1056085e+00
   2.0040000e+03   1.0000000e+00   1.6000000e+01   1.4000000e+01   6.0000000e+00   2.0000000e+01  -5.3423632e+01  -3.8061093e+01   5.0014941e+02   1.3241047e+00   3.8163887e+00   0.0000000e+00
   2.0040000e+03   1.0000000e+00   1.6000000e+01   1.4000000e+01   7.0000000e+00   5.7000000e+01  -5.3428085e+01  -3.8059627e+01   5.0424483e+02   1.0528624e+00   3.7085981e-01   9.0711485e-02
   2.0040000e+03   1.0000000e+00   1.6000000e+01   1.4000000e+01   9.0000000e+00   3.3000000e+01  -5.3432468e+01  -3.8058159e+01   4.9663780e+02   1.2772678e+00   2.3424238e+00   0.0000000e+00
   2.0040000e+03   1.0000000e+00   1.6000000e+01   1.4000000e+01   1.1000000e+01   1.0000000e+01  -5.3436863e+01  -3.8056712e+01   4.9772460e+02   7.3387581e-01   3.0005614e+00   1.1431250e+00
   2.0040000e+03   1.0000000e+00   1.6000000e+01   1.4000000e+01   1.2000000e+01   4.7000000e+01  -5.3441305e+01  -3.8055218e+01   5.0336269e+02   6.2639224e-01   2.4132675e+00   7.7405370e-01
   2.0040000e+03   1.0000000e+00   1.6000000e+01   1.4000000e+01   1.4000000e+01   2.2000000e+01  -5.3445677e+01  -3.8053699e+01   4.9614017e+02   1.2631901e+00   3.6408184e+00   1.5420877e+00
   2.0040000e+03   1.0000000e+00   1.6000000e+01   1.4000000e+01   1.5000000e+01   5.7000000e+01  -5.3450057e+01  -3.8052226e+01   4.9638222e+02   1.5932560e+00   3.5183889e+00   7.9259097e-01
   2.0040000e+03   1.0000000e+00   1.6000000e+01   1.4000000e+01   1.7000000e+01   3.4000000e+01  -5.3454466e+01  -3.8050697e+01   5.0020333e+02   1.3290111e+00   3.6307167e+00   7.6237954e-01
   2.0040000e+03   1.0000000e+00   1.6000000e+01   1.4000000e+01   1.9000000e+01   1.2000000e+01  -5.3458891e+01  -3.8049158e+01   5.0220917e+02   2.0357542e+00   5.8675341e+00   0.0000000e+00
   2.0040000e+03   1.0000000e+00   1.6000000e+01   1.4000000e+01   2.0000000e+01   4.9000000e+01  -5.3463296e+01  -3.8047637e+01   4.9968228e+02   2.0233451e+00   6.2726732e+00   1.8716700e+00
   2.0040000e+03   1.0000000e+00   1.6000000e+01   1.4000000e+01   2.2000000e+01   2.5000000e+01  -5.3467670e+01  -3.8046153e+01   4.9588458e+02   1.6473469e+00   5.1365530e+00   3.5679565e-01
   2.0040000e+03   1.0000000e+00   1.6000000e+01   1.4000000e+01   2.4000000e+01   2.0000000e+00  -5.3472067e+01  -3.8044645e+01   4.9869217e+02   2.7618879e+00   7.9604263e+00   1.7508633e+00
   2.0040000e+03   1.0000000e+00   1.6000000e+01   1.4000000e+01   2.5000000e+01   4.0000000e+01  -5.3476497e+01  -3.8043170e+01   5.0173692e+02   3.6036091e+00   1.0386470e+01   7.4356957e+00
   2.0040000e+03   1.0000000e+00   1.6000000e+01   1.4000000e+01   2.7000000e+01   1.7000000e+01  -5.3480907e+01  -3.8041647e+01   5.0031707e+02   1.4776437e+00   5.3918747e+00   3.3088244e+00
   2.0040000e+03   1.0000000e+00   1.6000000e+01   1.4000000e+01   2.8000000e+01   5.3000000e+01  -5.3485321e+01  -3.8040217e+01   4.9948034e+02   3.6577361e-01   1.3646710e+00   2.4179642e-01
   2.0040000e+03   1.0000000e+00   1.6000000e+01   1.4000000e+01   3.0000000e+01   2.9000099e+01  -5.3489730e+01  -3.8038852e+01   4.9817510e+02   1.1751371e+00   4.2125449e+00   1.3099826e+00
   2.0040000e+03   1.0000000e+00   1.6000000e+01   1.4000000e+01   3.2000000e+01   6.0000000e+00  -5.3494169e+01  -3.8037481e+01   5.0155295e+02   1.7450045e-01   3.6520652e+00   2.7433124e+00
   2.0040000e+03   1.0000000e+00   1.6000000e+01   1.4000000e+01   3.3000000e+01   4.3000099e+01  -5.3498571e+01  -3.8036056e+01   4.9809888e+02   8.8020407e-02   6.4500344e+00   6.1963384e+00
   2.0040000e+03   1.0000000e+00   1.6000000e+01   1.4000000e+01   3.5000000e+01   1.9000000e+01  -5.3502958e+01  -3.8034681e+01   4.9589627e+02   1.2863039e+00   5.7054617e+00   5.2359938e+00
   2.0040000e+03   1.0000000e+00   1.6000000e+01   1.4000000e+01   3.6000000e+01   5.7000099e+01  -5.3507463e+01  -3.8033367e+01   5.0813821e+02   1.5822187e+00   7.7998882e+00   7.3619199e+00
   2.0040000e+03   1.0000000e+00   1.6000000e+01   1.4000000e+01   3.8000000e+01   3.3000000e+01  -5.3511882e+01  -3.8032093e+01   4.9817033e+02   1.5987997e-01   8.9295821e+00   8.6437257e+00
   2.0040000e+03   1.0000000e+00   1.6000000e+01   1.4000000e+01   4.0000000e+01   9.0000000e+00  -5.3516276e+01  -3.8030730e+01   4.9653862e+02   6.3838889e-01   1.4430202e+00   0.0000000e+00
   2.0040000e+03   1.0000000e+00   1.6000000e+01   1.4000000e+01   4.1000000e+01   4.5000000e+01  -5.3520689e+01  -3.8029412e+01   4.9801724e+02   4.8014580e-01   2.1227652e+00   2.1734488e-01
   2.0040000e+03   1.0000000e+00   1.6000000e+01   1.4000000e+01   4.3000000e+01   2.1000000e+01  -5.3525130e+01  -3.8028106e+01   5.0092217e+02   4.3084940e-01   1.2418118e+00   1.6816505e-01
   2.0040000e+03   1.0000000e+00   1.6000000e+01   1.4000000e+01   4.4000000e+01   5.7000000e+01  -5.3529578e+01  -3.8026740e+01   5.0245274e+02   1.5986553e+00   4.8273506e+00   0.0000000e+00
   2.0040000e+03   1.0000000e+00   1.6000000e+01   1.4000000e+01   4.6000000e+01   3.3000000e+01  -5.3534007e+01  -3.8025349e+01   5.0068117e+02   1.9266001e+00   5.5810173e+00   0.0000000e+00
   2.0040000e+03   1.0000000e+00   1.6000000e+01   1.4000000e+01   4.8000000e+01   9.0000000e+00  -5.3538430e+01  -3.8024069e+01   4.9870391e+02   3.5594511e+00   1.0108195e+01   4.1428755e+00
   2.0040000e+03   1.0000000e+00   1.6000000e+01   1.4000000e+01   4.9000000e+01   4.4000099e+01  -5.3542816e+01  -3.8022740e+01   4.9514486e+02   2.4981541e+00   9.2580353e+00   5.7129329e+00
   2.0040000e+03   1.0000000e+00   1.6000000e+01   1.4000000e+01   5.1000000e+01   1.9000000e+01  -5.3547214e+01  -3.8021432e+01   4.9636857e+02   1.5273262e+00   1.0774100e+01   1.0265834e+01
   2.0040000e+03   1.0000000e+00   1.6000000e+01   1.4000000e+01   5.2000000e+01   5.5000000e+01  -5.3551674e+01  -3.8020668e+01   4.9808422e+02   4.1026880e-01   3.8675914e+00   2.5963109e+00
   2.0040000e+03   1.0000000e+00   1.6000000e+01   1.4000000e+01   5.4000000e+01   3.1000099e+01  -5.3556146e+01  -3.8020144e+01   4.9820702e+02   1.2281888e+00   2.8396412e+00   0.0000000e+00
   2.0040000e+03   1.0000000e+00   1.6000000e+01   1.4000000e+01   5.6000000e+01   7.0000000e+00  -5.3560640e+01  -3.8019535e+01   5.0093094e+02   4.3416362e+00   4.0789274e+00   0.0000000e+00
   2.0040000e+03   1.0000000e+00   1.6000000e+01   1.4000000e+01   5.7000000e+01   4.3000000e+01  -5.3565146e+01  -3.8019055e+01   5.0167044e+02   3.1739797e+00   9.5726728e+00   0.0000000e+00
   2.0040000e+03   1.0000000e+00   1.6000000e+01   1.4000000e+01   5.9000000e+01   1.9000000e+01  -5.3569670e+01  -3.8018629e+01   5.0359605e+02   3.9553248e+01   1.1420103e+02   1.0132223e+02
   2.0040000e+03   1.0000000e+00   1.6000000e+01   1.5000000e+01   0.0000000e+00   5.4000000e+01  -5.3574138e+01  -3.8018190e+01   4.9731425e+02   5.0088750e+00   1.4436785e+01   2.6762199e+00
   2.0040000e+03   1.0000000e+00   1.6000000e+01   1.5000000e+01   2.0000000e+00   2.9000000e+01  -5.3578589e+01  -3.8017884e+01   4.9494887e+02   5.1884342e+00   6.6943032e+00   0.0000000e+00
   2.0040000e+03   1.0000000e+00   1.6000000e+01   1.5000000e+01   4.0000000e+00   4.9999008e+00  -5.3583085e+01  -3.8018353e+01   5.0053623e+02   5.9851641e+00   1.6522033e+01   2.4532667e+00
   2.0040000e+03   1.0000000e+00   1.6000000e+01   1.5000000e+01   5.0000000e+00   4.1000000e+01  -5.3587614e+01  -3.8018847e+01   5.0432896e+02   7.4625322e+00   2.1508816e+01   6.4165265e+00
   2.0040000e+03   1.0000000e+00   1.6000000e+01   1.5000000e+01   7.0000000e+00   1.6000000e+01  -5.3592095e+01  -3.8019260e+01   4.9873350e+02   9.2677903e+01   2.9590032e+02   2.8578983e+02
   2.0040000e+03   1.0000000e+00   1.6000000e+01   1.5000000e+01   8.0000000e+00   5.1000099e+01  -5.3596566e+01  -3.8019740e+01   4.9775244e+02   1.1498678e+01   3.4479729e+01   1.6878025e+01
   2.0040000e+03   1.0000000e+00   1.6000000e+01   1.5000000e+01   1.0000000e+01   2.6000000e+01  -5.3601056e+01  -3.8020229e+01   4.9998966e+02   8.6065658e+00   2.5113912e+01   7.7680836e+00
   2.0040000e+03   1.0000000e+00   1.6000000e+01   1.5000000e+01   1.2000000e+01   1.0000000e+00  -5.3605562e+01  -3.8020748e+01   5.0184140e+02   7.8423623e+00   1.9012095e+01   4.5424651e+00
   2.0040000e+03   1.0000000e+00   1.6000000e+01   1.5000000e+01   1.3000000e+01   3.6000099e+01  -5.3610048e+01  -3.8020930e+01   4.9870362e+02   8.7253496e+00   4.2442134e+01   2.9447520e+01
   2.0040000e+03   1.0000000e+00   1.6000000e+01   1.5000000e+01   1.5000000e+01   1.1000000e+01  -5.3614520e+01  -3.8020726e+01   4.9711061e+02   1.0333116e+01   3.9642507e+01   1.9598116e+01
   2.0040000e+03   1.0000000e+00   1.6000000e+01   1.5000000e+01   1.6000000e+01   4.6000000e+01  -5.3619014e+01  -3.8020521e+01   4.9951152e+02   4.0650024e+00   1.0907196e+01   0.0000000e+00
   2.0040000e+03   1.0000000e+00   1.6000000e+01   1.5000000e+01   1.8000000e+01   2.1000000e+01  -5.3623481e+01  -3.8019716e+01   4.9921966e+02   7.9635065e+00   3.1881825e+01   1.4519297e+01
   2.0040000e+03   1.0000000e+00   1.6000000e+01   1.5000000e+01   1.9000000e+01   5.6000000e+01  -5.3627956e+01  -3.8018596e+01   5.0273132e+02   1.4163124e+01   4.6067664e+01   2.1697133e+01
   2.0040000e+03   1.0000000e+00   1.6000000e+01   1.5000000e+01   2.1000000e+01   2.9000000e+01  -5.3632383e+01  -3.8017436e+01   4.9783061e+02   1.6759254e+01   4.8304207e+01   3.3790112e+01
   2.0040000e+03   1.0000000e+00   1.6000000e+01   1.5000000e+01   2.3000000e+01   2.0000000e+00  -5.3636825e+01  -3.8016316e+01   4.9909346e+02   1.3020476e+01   3.9815002e+01   2.2608279e+01
   2.0040000e+03   1.0000000e+00   1.6000000e+01   1.5000000e+01   2.4000000e+01   3.6000000e+01  -5.3641278e+01  -3.8015065e+01   5.0165003e+02   8.1934721e+00   2.5911573e+01   8.5512662e+00
   2.0040000e+03   1.0000000e+00   1.6000000e+01   1.5000000e+01   2.6000000e+01   9.0000000e+00  -5.3645680e+01  -3.8013528e+01   4.9944934e+02   9.7973733e+00   3.0864315e+01   8.0733127e+00
   2.0040000e+03   1.0000000e+00   1.6000000e+01   1.5000000e+01   2.7000000e+01   4.1000000e+01  -5.3650058e+01  -3.8012028e+01   4.9644301e+02   6.7759405e+00   1.9529893e+01   9.1885448e+00
   2.0040000e+03   1.0000000e+00   1.6000000e+01   1.5000000e+01   2.9000000e+01   1.3000000e+01  -5.3654458e+01  -3.8010585e+01   4.9810903e+02   9.4067849e+00   2.5807391e+01   2.1413087e+01
   2.0040000e+03   1.0000000e+00   1.6000000e+01   1.5000000e+01   3.0000000e+01   4.6000000e+01  -5.3658863e+01  -3.8009596e+01   4.9372344e+02   9.2044050e+00   1.9217860e+01   1.0354760e+01
   2.0040000e+03   1.0000000e+00   1.6000000e+01   1.5000000e+01   3.2000000e+01   1.9000000e+01  -5.3663353e+01  -3.8009043e+01   5.0032040e+02   8.8649749e+00   1.9644752e+01   1.0292428e+01
   2.0040000e+03   1.0000000e+00   1.6000000e+01   1.5000000e+01   3.3000000e+01   5.2000000e+01  -5.3667828e+01  -3.8008412e+01   4.9896040e+02   8.0278029e+00   1.3960523e+01   5.6657308e+00
   2.0040000e+03   1.0000000e+00   1.6000000e+01   1.5000000e+01   3.5000000e+01   2.6000000e+01  -5.3672142e+01  -3.8006364e+01   4.9802428e+02   6.0077028e+00   1.5558385e+01   9.9222510e+00
   2.0040000e+03   1.0000000e+00   1.6000000e+01   1.5000000e+01   3.7000000e+01   0.0000000e+00  -5.3676533e+01  -3.8004438e+01   5.0402251e+02   4.5409700e+00   1.2473036e+01   7.7149037e+00
   2.0040000e+03   1.0000000e+00   1.6000000e+01   1.5000000e+01   3.8000000e+01   3.3000000e+01  -5.3680867e+01  -3.8002394e+01   5.0012465e+02   7.4538416e+00   1.2636886e+01   7.2342929e+00
   2.0040000e+03   1.0000000e+00   1.6000000e+01   1.5000000e+01   4.0000000e+01   6.0000000e+00  -5.3685201e+01  -3.8000386e+01   4.9931175e+02   5.6103995e+00   1.6621207e+01   5.5798666e+00
   2.0040000e+03   1.0000000e+00   1.6000000e+01   1.5000000e+01   4.1000000e+01   3.9000099e+01  -5.3689543e+01  -3.7998371e+01   5.0045079e+02   2.9678535e+00   8.9871876e+00   1.3704629e+00
   2.0040000e+03   1.0000000e+00   1.6000000e+01   1.5000000e+01   4.3000000e+01   1.1000000e+01  -5.3693871e+01  -3.7996469e+01   4.9691785e+02   2.7754693e+00   6.9034389e+00   6.9111370e-01
   2.0040000e+03   1.0000000e+00   1.6000000e+01   1.5000000e+01   4.4000000e+01   4.3000000e+01  -5.3698265e+01  -3.7995085e+01   4.9667040e+02   5.6639463e+00   1.6324858e+01   5.4560581e+00
   2.0040000e+03   1.0000000e+00   1.6000000e+01   1.5000000e+01   4.6000000e+01   1.6000000e+01  -5.3702729e+01  -3.7994096e+01   5.0023876e+02   7.2092132e+00   1.9332070e+01   1.2553829e+01
   2.0040000e+03   1.0000000e+00   1.6000000e+01   1.5000000e+01   4.7000000e+01   4.9000000e+01  -5.3707190e+01  -3.7993061e+01   5.0042402e+02   6.1715683e+00   1.9520094e+01   9.9454021e+00
   2.0040000e+03   1.0000000e+00   1.6000000e+01   1.5000000e+01   4.9000000e+01   2.2000000e+01  -5.3711667e+01  -3.7992032e+01   5.0208548e+02   3.8934555e+00   1.1221877e+01   5.5446949e+00
   2.0040000e+03   1.0000000e+00   1.6000000e+01   1.5000000e+01   5.0000000e+01   5.5000000e+01  -5.3716130e+01  -3.7990953e+01   5.0089500e+02   4.0904969e+00   1.1410989e+01   3.6815678e+00
   2.0040000e+03   1.0000000e+00   1.6000000e+01   1.5000000e+01   5.2000000e+01   2.8000000e+01  -5.3720460e+01  -3.7988997e+01   4.9813661e+02   6.4822141e+00   1.8938128e+01   1.4468551e+01
   2.0040000e+03   1.0000000e+00   1.6000000e+01   1.5000000e+01   5.4000000e+01   1.0000000e+00  -5.3724645e+01  -3.7986319e+01   4.9717109e+02   7.6211966e+00   2.0567459e+01   1.9189869e+01
   2.0040000e+03   1.0000000e+00   1.6000000e+01   1.5000000e+01   5.5000000e+01   3.4000000e+01  -5.3728778e+01  -3.7983408e+01   4.9761913e+02   6.6099420e+00   1.1729747e+01   8.8063083e+00
   2.0040000e+03   1.0000000e+00   1.6000000e+01   1.5000000e+01   5.7000000e+01   8.0000000e+00  -5.3732861e+01  -3.7980108e+01   5.0284495e+02   2.5780002e+00   7.4304178e+00   4.6305560e+00
   2.0040000e+03   1.0000000e+00   1.6000000e+01   1.5000000e+01   5.8000000e+01   4.1000000e+01  -5.3736935e+01  -3.7976885e+01   4.9979734e+02   1.4974885e+00   3.2154716e+00   1.2247961e+00
   2.0040000e+03   1.0000000e+00   1.6000000e+01   1.6000000e+01   0.0000000e+00   1.4000000e+01  -5.3740983e+01  -3.7973642e+01   4.9776963e+02   3.3570845e+00   9.3159336e+00   2.6150967e+00
   2.0040000e+03   1.0000000e+00   1.6000000e+01   1.6000000e+01   1.0000000e+00   4.7000000e+01  -5.3745044e+01  -3.7970331e+01   5.0098385e+02   1.1592268e+01   3.3583820e+01   1.7454267e+01
   2.0040000e+03   1.0000000e+00   1.6000000e+01   1.6000000e+01   3.0000000e+00   2.0000000e+01  -5.3749132e+01  -3.7967050e+01   5.0287861e+02   2.9962419e+01   8.6649536e+01   7.3408128e+01
   2.0040000e+03   1.0000000e+00   1.6000000e+01   1.6000000e+01   4.0000000e+00   5.3000000e+01  -5.3753190e+01  -3.7963773e+01   4.9961534e+02   8.0412491e+01   2.3179991e+02   2.1977495e+02
   2.0040000e+03   1.0000000e+00   1.6000000e+01   1.6000000e+01   6.0000000e+00   2.6000000e+01  -5.3757245e+01  -3.7960482e+01   4.9987669e+02   1.6854800e+02   4.8463970e+02   4.7913935e+02
   2.0040000e+03   1.0000000e+00   1.6000000e+01   1.6000000e+01   7.0000000e+00   5.9000000e+01  -5.3761287e+01  -3.7957199e+01   4.9817537e+02   3.5601856e+01   1.0211397e+02   7.4383077e+01
   2.0040000e+03   1.0000000e+00   1.6000000e+01   1.6000000e+01   9.0000000e+00   3.2000000e+01  -5.3765365e+01  -3.7953969e+01   5.0035381e+02   5.0162891e+01   1.3143627e+02   9.4942614e+01
   2.0040000e+03   1.0000000e+00   1.6000000e+01   1.6000000e+01   1.1000000e+01   6.0000000e+00  -5.3769485e+01  -3.7950775e+01   5.0360825e+02   1.2632814e+02   3.4183395e+02   3.2682134e+02
   2.0040000e+03   1.0000000e+00   1.6000000e+01   1.6000000e+01   1.2000000e+01   3.9000099e+01  -5.3773574e+01  -3.7947780e+01   4.9517018e+02   1.1536647e+02   3.3071945e+02   3.2682562e+02
   2.0040000e+03   1.0000000e+00   1.6000000e+01   1.6000000e+01   1.4000000e+01   1.3000000e+01  -5.3777901e+01  -3.7945781e+01   4.9836701e+02   9.1409536e+01   2.5162312e+02   2.0885020e+02
   2.0040000e+03   1.0000000e+00   1.6000000e+01   1.6000000e+01   1.5000000e+01   4.8000000e+01  -5.3782321e+01  -3.7944063e+01   5.0391037e+02   1.4402783e+02   3.3611919e+02   1.7601035e+02
   2.0040000e+03   1.0000000e+00   1.6000000e+01   1.6000000e+01   1.7000000e+01   2.2000000e+01  -5.3786664e+01  -3.7942058e+01   5.0020112e+02   4.7520884e+01   1.2545026e+02   4.2088539e+01
   2.0040000e+03   1.0000000e+00   1.6000000e+01   1.6000000e+01   1.8000000e+01   5.6000000e+01  -5.3790630e+01  -3.7938527e+01   4.9791518e+02   3.1896122e+01   8.2605039e+01   3.3144048e+01
   2.0040000e+03   1.0000000e+00   1.6000000e+01   1.6000000e+01   2.0000000e+01   3.0000099e+01  -5.3794238e+01  -3.7934051e+01   4.9707204e+02   6.2319139e+01   1.7961877e+02   1.3537491e+01
   2.0040000e+03   1.0000000e+00   1.6000000e+01   1.6000000e+01   2.2000000e+01   3.0000992e+00  -5.3797890e+01  -3.7929673e+01   4.9726367e+02   4.5017936e+01   1.3012702e+02   6.7024857e+01
   2.0040000e+03   1.0000000e+00   1.6000000e+01   1.6000000e+01   2.3000000e+01   3.6000099e+01  -5.3801541e+01  -3.7925291e+01   4.9731040e+02   1.7767131e+02   5.1188717e+02   2.9136038e+02
   2.0040000e+03   1.0000000e+00   1.6000000e+01   1.6000000e+01   2.5000000e+01   1.0000000e+01  -5.3805233e+01  -3.7920882e+01   5.0204770e+02   3.4112126e+02   9.8516975e+02   3.8470403e+02
   2.0040000e+03   1.0000000e+00   1.6000000e+01   1.6000000e+01   2.6000000e+01   4.4000000e+01  -5.3809177e+01  -3.7917295e+01   4.9741022e+02   1.1000641e+02   3.1794170e+02   3.7050375e+00
   2.0040000e+03   1.0000000e+00   1.6000000e+01   1.6000000e+01   2.8000000e+01   1.8000000e+01  -5.3813314e+01  -3.7914347e+01   4.9875644e+02   1.1455570e+02   3.2829615e+02   2.5486537e+02
   2.0040000e+03   1.0000000e+00   1.6000000e+01   1.6000000e+01   2.9000000e+01   5.2000000e+01  -5.3817741e+01  -3.7913079e+01   4.9890142e+02   8.9418168e+01   2.5912977e+02   1.5431021e+02
   2.0040000e+03   1.0000000e+00   1.6000000e+01   1.6000000e+01   3.1000000e+01   2.7000099e+01  -5.3822248e+01  -3.7913253e+01   5.0091210e+02   1.9325852e+02   5.5910806e+02   1.7049183e+02
   2.0040000e+03   1.0000000e+00   1.6000000e+01   1.6000000e+01   3.3000000e+01   2.0000000e+00  -5.3826742e+01  -3.7913836e+01   5.0083397e+02   3.7967527e+01   1.1020693e+02   2.8768584e+01
   2.0040000e+03   1.0000000e+00   1.6000000e+01   1.6000000e+01   3.4000000e+01   3.7000000e+01  -5.3831254e+01  -3.7913937e+01   5.0146685e+02   1.2268517e+01   3.6074354e+01   3.1984302e+01
   2.0040000e+03   1.0000000e+00   1.6000000e+01   1.6000000e+01   3.6000000e+01   1.2000099e+01  -5.3835754e+01  -3.7913524e+01   5.0074931e+02   1.0901744e+01   3.2695952e+01   2.4402464e+01
   2.0040000e+03   1.0000000e+00   1.6000000e+01   1.6000000e+01   3.7000000e+01   4.4000000e+01  -5.3840235e+01  -3.7913113e+01   4.9864482e+02   1.1954926e+01   3.4564940e+01   2.4927503e+01
   2.0040000e+03   1.0000000e+00   1.6000000e+01   1.6000000e+01   3.9000000e+01   1.7000099e+01  -5.3844723e+01  -3.7912677e+01   4.9958005e+02   8.8318916e+00   2.5961678e+01   2.4997748e+01
   2.0040000e+03   1.0000000e+00   1.6000000e+01   1.6000000e+01   4.0000000e+01   5.1000000e+01  -5.3849236e+01  -3.7912877e+01   5.0166498e+02   6.5402504e+00   1.8850577e+01   1.2618658e+01
   2.0040000e+03   1.0000000e+00   1.6000000e+01   1.6000000e+01   4.2000000e+01   2.4999901e+01  -5.3853719e+01  -3.7913207e+01   4.9861060e+02   2.4318216e+01   7.2260706e+01   5.9383535e+01
   2.0040000e+03   1.0000000e+00   1.6000000e+01   1.6000000e+01   4.4000000e+01   0.0000000e+00  -5.3858169e+01  -3.7913186e+01   4.9441030e+02   1.3960332e+01   3.5226221e+01   2.4898084e+01
   2.0040000e+03   1.0000000e+00   1.6000000e+01   1.6000000e+01   4.5000000e+01   3.7000000e+01  -5.3862629e+01  -3.7912130e+01   5.0042234e+02   1.2294038e+01   3.8905405e+01   2.1116034e+01
   2.0040000e+03   1.0000000e+00   1.6000000e+01   1.6000000e+01   4.7000000e+01   1.4000000e+01  -5.3867110e+01  -3.7911448e+01   4.9999589e+02   3.3026742e+00   1.0042819e+01   0.0000000e+00
   2.0040000e+03   1.0000000e+00   1.6000000e+01   1.6000000e+01   4.8000000e+01   5.0000000e+01  -5.3871549e+01  -3.7910776e+01   4.9517168e+02   3.1805050e+00   9.1669816e+00   0.0000000e+00
   2.0040000e+03   1.0000000e+00   1.6000000e+01   1.6000000e+01   5.0000000e+01   2.6000000e+01  -5.3876041e+01  -3.7910115e+01   5.0098133e+02   9.9745002e+00   2.9311627e+01   1.3728425e+01
   2.0040000e+03   1.0000000e+00   1.6000000e+01   1.6000000e+01   5.2000000e+01   3.0000000e+00  -5.3880535e+01  -3.7909169e+01   5.0322187e+02   1.6420463e+01   4.8042192e+01   3.3866366e+01
   2.0040000e+03   1.0000000e+00   1.6000000e+01   1.6000000e+01   5.3000000e+01   3.9000000e+01  -5.3885004e+01  -3.7908074e+01   5.0173665e+02   8.0060268e-01   2.8097446e+00   0.0000000e+00
